0 0 0
0.02 -1.92109 -0.00319719
0.04 -1.50477 -0.0294792
0.06 -1.08601 -0.0906694
0.08 -1.5071 -0.0539567
0.1 -4.35787 0.240549
0.12 -6.99188 0.478547
0.14 -6.18623 0.224682
0.16 -2.21518 -0.124976
0.18 0.237298 0.159598
0.2 1.69151 1.01961
0.22 2.05009 1.61535
0.24 3.48121 1.19903
0.26 9.73292 -0.248597
0.28 12.9898 -1.97303
0.3 8.12011 -2.47201
0.32 1.37913 -1.08027
0.34 -2.1296 0.573802
0.36 -3.22749 0.925744
0.38 -3.30986 0.384538
0.4 -4.5912 -0.409718
0.42 -0.411101 -1.22579
0.44 2.03859 -0.974095
0.46 0.646851 0.681343
0.48 6.41588 1.27828
0.5 13.0728 -1.00435
0.52 15.8545 -3.55382
0.54 5.74715 -3.184
0.56 -3.5203 -0.728805
0.58 -0.430253 1.92332
0.6 2.31136 3.92669
0.62 -5.51033 3.74777
0.64 -7.5381 0.649694
0.66 -4.11205 -3.19427
0.68 -14.7996 -3.97148
0.7 -15.6044 -0.776561
0.72 -5.94583 2.54333
0.74 3.90306 3.34548
0.76 6.95064 3.15609
0.78 -13.6774 2.54558
0.8 -23.6945 -0.151549
0.82 7.8454 -3.46704
0.84 24.8162 -3.39013
0.86 1.69541 0.741308
0.88 -16.9271 5.08089
0.9 -16.3829 4.20587
0.92 -2.00178 -1.60394
0.94 5.01863 -5.14722
0.96 -0.306633 -2.82696
0.98 -3.02432 1.54502
1 -9.76491 4.66305
1.02 -11.0362 5.60145
1.04 5.47854 0.492997
1.06 25.908 -9.05513
1.08 17.8244 -10.5442
1.1 -10.305 -0.636689
1.12 -14.7035 8.13118
1.14 16.5231 8.51349
1.16 40.8593 3.81258
1.18 25.8663 -3.36437
1.2 -3.63311 -9.76014
1.22 -11.1441 -9.31369
1.24 -17.0966 -2.17568
1.26 -6.95293 3.91833
1.28 14.7527 5.30092
1.3 -7.57084 4.00125
1.32 -35.627 1.91487
1.34 -30.3735 0.351867
1.36 4.17503 -1.3845
1.38 35.538 -2.3809
1.4 26.503 -0.532368
1.42 -12.4484 0.622386
1.44 -19.5462 -1.44039
1.46 -7.77143 -2.25016
1.48 -6.0436 1.6548
1.5 5.60732 6.51863
1.52 4.08791 8.00955
1.54 -5.57719 6.80503
1.56 -7.47791 2.01523
1.58 21.9627 -6.87065
1.6 42.6366 -13.1079
1.62 42.8773 -10.8824
1.64 8.26194 -2.60722
1.66 -42.4938 5.09282
1.68 -49.6559 6.9624
1.7 -23.0003 2.04603
1.72 0.30426 -4.51757
1.74 -23.3001 -3.81026
1.76 -44.8533 4.51827
1.78 -24.29 8.2895
1.8 45.5208 2.39213
1.82 80.3082 -4.46654
1.84 47.0612 -6.51152
1.86 8.67254 -5.42863
1.88 12.9607 -1.5602
1.9 10.8026 5.72899
1.92 1.39183 10.7912
1.94 14.289 7.58908
1.96 6.81169 -1.00725
1.98 -21.1532 -6.28621
2 -37.7195 -5.39535
2.02 5.88532 -5.02098
2.04 67.8177 -7.01772
2.06 41.2471 -4.76353
2.08 -44.1032 1.04579
2.1 -70.4806 -0.096314
2.12 -11.7668 -7.62645
2.14 6.17914 -6.59431
2.16 -49.7652 5.81622
2.18 -82.6881 14.5317
2.2 -43.7876 11.2306
2.22 15.3211 3.76949
2.24 9.01403 1.09956
2.26 -5.07698 1.50438
2.28 27.2616 -0.128801
2.3 52.6424 -0.232253
2.32 1.91842 5.62202
2.34 -63.0468 10.9974
2.36 -60.2118 5.37663
2.38 -3.49901 -6.22923
2.4 -1.89028 -6.0378
2.42 -50.4877 7.37749
2.44 -31.693 16.2795
2.46 52.7408 8.66802
2.48 97.6422 -8.47122
2.5 85.8986 -23.3078
2.52 58.8489 -31.3666
2.54 45.2462 -26.7349
2.56 7.23663 -5.30163
2.58 -39.6149 18.3473
2.6 -21.7664 21.4415
2.62 15.6319 4.87745
2.64 -2.94562 -8.62359
2.66 -41.521 -8.09997
2.68 -0.295646 -3.62821
2.7 76.2445 -1.86177
2.72 110.739 0.104677
2.74 80.4523 -0.738747
2.76 16.7206 -5.26065
2.78 -33.2976 -3.18456
2.8 -46.1105 8.87019
2.82 -32.737 17.33
2.84 1.26868 14.0762
2.86 -17.5674 7.55582
2.88 -66.1628 0.918603
2.9 -48.2853 -8.73321
2.92 20.2117 -14.9555
2.94 46.1033 -11.3706
2.96 1.16045 -3.28695
2.98 -60.7291 1.19319
3 -109.876 2.82383
3.02 -101.785 5.10152
3.04 -77.2535 7.71648
3.06 -59.2159 10.6337
3.08 -44.3696 12.7402
3.1 -32.1583 10.2883
3.12 -3.40007 2.7509
3.14 61.6338 -3.86348
3.16 98.6955 -5.07987
3.18 76.0626 -2.56208
3.2 31.208 2.03406
3.22 -14.3454 5.99089
3.24 -32.2532 5.50357
3.26 -11.9123 2.65806
3.28 18.3398 2.4949
3.3 33.4568 3.58546
3.32 64.7783 0.464355
3.34 124.874 -7.6184
3.36 201.703 -19.0368
3.38 255.961 -30.1704
3.4 259.217 -33.5397
3.42 218.871 -27.3966
3.44 163.285 -18.7402
3.46 118.955 -13.0796
3.48 83.6509 -10.9998
3.5 54.0227 -11.9389
3.52 19.1631 -12.491
3.54 -12.7075 -8.7565
3.56 -3.87057 -3.61767
3.58 46.2373 -2.96895
3.6 80.973 -6.05621
3.62 60.932 -7.25297
3.64 6.89217 -4.7808
3.66 -50.2321 0.196157
3.68 -101.964 8.73222
3.7 -189.711 20.4743
3.72 -336.539 29.6554
3.74 -486.16 30.7264
3.76 -602.618 26.1166
3.78 -689.141 25.7944
3.8 -752.162 37.6008
3.82 -797.422 58.844
3.84 -777.828 77.8193
3.86 -682.574 84.366
3.88 -555.283 78.6488
3.9 -393.649 68.966
3.92 -268.04 61.3833
3.94 14.3147 55.118
3.96 407.43 48.837
3.98 581.378 44.1715
4 642.078 37.7762
4.02 716.817 4.81211
4.04 865.575 -69.9916
4.06 931.973 -136.861
4.08 692.641 -143.015
4.1 303.224 -113.996
4.12 136.275 -97.7238
4.14 119.71 -101.489
4.16 -29.5359 -109.194
4.18 -192.073 -112.309
4.2 -203.972 -103.64
4.22 -75.9483 -72.3968
4.24 112.927 -27.8545
4.26 272.969 10.4857
4.28 409.16 24.6991
4.3 489.429 16.4983
4.32 429.792 24.569
4.34 326.847 66.8849
4.36 344.719 114.741
4.38 391.939 142.746
4.4 309.233 146.727
4.42 162.753 115.965
4.44 114.22 44.9921
4.46 172.605 -31.9094
4.48 171.767 -73.6391
4.5 53.1404 -80.9314
4.52 -146.038 -80.9355
4.54 -326.28 -87.4599
4.56 -432.296 -98.0683
4.58 -505.139 -101.808
4.6 -556.175 -83.8558
4.62 -572.291 -45.466
4.64 -526.114 -10.7737
4.66 -372.825 -0.188107
4.68 -175.419 -2.94996
4.7 -70.0687 6.67047
4.72 -125.231 40.647
4.74 -234.784 91.3724
4.76 -318.648 138.431
4.78 -400.041 164.94
4.8 -465.289 173.455
4.82 -541.839 177.461
4.84 -561.432 175.88
4.86 -412.732 156.555
4.88 -143.289 111.844
4.9 124.651 42.8635
4.92 302.581 -33.1356
4.94 363.632 -93.1397
4.96 370.709 -125.327
4.98 368.997 -131.935
5 312.507 -125.015
5.02 196.215 -118.704
5.04 86.0502 -122.263
5.06 25.4138 -129.514
5.08 35.481 -126.653
5.1 144.74 -112.355
5.12 313.294 -94.189
5.14 443.199 -76.4913
5.16 478.913 -54.4016
5.18 439.033 -20.1383
5.2 388.522 24.6254
5.22 346.873 72.5462
5.24 291.183 115.509
5.26 184.307 141.009
5.28 92.4159 140.229
5.3 61.8119 118.73
5.32 67.3112 87.8818
5.34 114.14 52.7632
5.36 148.927 14.8538
5.38 96.0436 -20.7133
5.4 -47.2467 -47.3188
5.42 -232.174 -64.0394
5.44 -346.703 -73.9774
5.46 -380.976 -77.4166
5.48 -443.425 -71.6436
5.5 -521.088 -57.5606
5.52 -510.463 -46.3428
5.54 -355.019 -46.7709
5.56 -176.359 -47.4427
5.58 -74.6279 -34.1053
5.6 -50.3352 -8.78208
5.62 -63.0799 22.1628
5.64 -92.0497 60.7141
5.66 -158.823 106.418
5.68 -217.269 142.993
5.7 -250.907 157.705
5.72 -254.722 153.399
5.74 -218.915 132.022
5.76 -124.148 96.2791
5.78 4.28286 56.3974
5.8 103.652 20.1599
5.82 148.215 -14.1078
5.84 146.309 -47.261
5.86 94.8058 -71.4896
5.88 12.0569 -83.6491
5.9 -32.2497 -88.8634
5.92 -33.2649 -91.0692
5.94 -9.54672 -91.7762
5.96 44.6965 -93.0955
5.98 167.315 -96.9495
6 330.997 -98.6558
6.02 460.553 -89.1896
6.04 522.995 -66.8144
6.06 537.423 -39.471
6.08 510.945 -11.5695
6.1 415.639 20.329
6.12 283.613 53.6108
6.14 184.464 77.9381
6.16 125.365 88.6975
6.18 62.1905 87.9088
6.2 5.12844 74.4316
6.22 -2.73772 47.5291
6.24 11.635 15.9382
6.26 -3.50888 -7.12366
6.28 -58.2224 -16.908
6.3 -139.281 -19.0267
6.32 -217.768 -20.0354
6.34 -282.3 -22.975
6.36 -316.508 -29.2682
6.38 -314.145 -36.7349
6.4 -288.312 -38.4634
6.42 -251.745 -32.181
6.44 -188.624 -24.2152
6.46 -117.987 -19.1649
6.48 -95.9887 -12.9004
6.5 -130.296 0.0122221
6.52 -194.138 20.4924
6.54 -258.411 48.3051
6.56 -314.769 79.5322
6.58 -341.371 103.436
6.6 -310.746 109.836
6.62 -223.658 98.986
6.64 -106.423 79.5983
6.66 35.8613 58.1527
6.68 192.353 35.2256
6.7 321.976 10.0439
6.72 349.053 -16.5322
6.74 273.629 -43.3818
6.76 161.368 -67.6213
6.78 40.2823 -81.9038
6.8 -81.4487 -78.3487
6.82 -177.878 -59.3749
6.84 -194.922 -41.2282
6.86 -111.244 -37.9808
6.88 37.3834 -48.876
6.9 199.573 -64.8525
6.92 350.21 -76.2036
6.94 447.038 -73.5211
6.96 447.019 -51.3218
6.98 345.4 -15.381
7 191.811 21.8724
7.02 27.7333 54.5514
7.04 -121.279 82.3545
7.06 -211.051 102.584
7.08 -205.606 109.297
7.1 -106.773 96.7551
7.12 47.4995 64.3938
7.14 211.281 18.9015
7.16 334.738 -26.0897
7.18 361.185 -54.43
7.2 280.329 -59.1164
7.22 140.133 -48.438
7.24 -21.7383 -36.8719
7.26 -196.982 -31.2113
7.28 -351.724 -29.9096
7.3 -408.361 -32.0206
7.32 -342.181 -35.646
7.34 -205.895 -35.2481
7.36 -51.7189 -31.5375
7.38 98.0424 -32.0509
7.4 211.543 -35.1719
7.42 218.806 -26.5388
7.44 115.909 1.62705
7.46 -17.8639 40.3549
7.48 -132.243 77.227
7.5 -231.512 105.533
7.52 -305.149 119.558
7.54 -294.312 113.421
7.56 -175.817 88.144
7.58 3.26836 52.2183
7.6 175.255 13.6009
7.62 296.024 -22.4866
7.64 331.046 -49.9855
7.66 270.231 -63.337
7.68 151.446 -63.8321
7.7 -8.34226 -58.4641
7.72 -202.462 -51.6933
7.74 -381.388 -45.9199
7.76 -486.988 -44.6236
7.78 -478.956 -45.5069
7.8 -388.276 -39.0329
7.82 -265.574 -22.9215
7.84 -88.0374 -6.14421
7.86 104.582 6.61209
7.88 241.088 20.2609
7.9 303.382 38.4131
7.92 315.481 56.799
7.94 308.372 70.6568
7.96 272.481 79.4912
7.98 212.722 80.9875
8 156.529 72.1518
8.02 133.928 53.2441
8.04 139.781 25.982
8.06 180.269 -8.12048
8.08 227.255 -46.2679
8.1 229.2 -79.6437
8.12 186.513 -100.008
8.14 129.012 -108.472
8.16 71.3412 -108.02
8.18 -11.9898 -98.3409
8.2 -126.856 -81.313
8.22 -223.707 -62.646
8.24 -265.824 -43.6135
8.26 -273.098 -19.2679
8.28 -257.236 10.2442
8.3 -205.416 37.7215
8.32 -140.084 59.581
8.34 -114.849 78.5997
8.36 -133.095 95.8506
8.38 -147.975 108.506
8.4 -152.927 115.179
8.42 -187.272 118.665
8.44 -253.687 119.288
8.46 -299.449 109.357
8.48 -264.967 83.9777
8.5 -173.708 48.9715
8.52 -87.6077 12.736
8.54 -7.82457 -22.065
8.56 80.4631 -56.2693
8.58 160.44 -87.9912
8.6 211.075 -112.385
8.62 219.766 -125.49
8.64 177.7 -125.674
8.66 108.169 -113.346
8.68 34.2888 -92.4881
8.7 -14.1273 -69.8469
8.72 -10.2428 -49.3409
8.74 20.9753 -28.346
8.76 51.9922 -3.11558
8.78 95.7247 23.9853
8.8 165.49 46.9064
8.82 240.407 61.9423
8.84 287.143 70.2031
8.86 282.56 75.8673
8.88 238.201 81.4667
8.9 189.553 85.0085
8.92 160.842 81.0957
8.94 145.819 64.3927
8.96 133.887 34.2933
8.98 118.513 -3.02088
9 104.55 -39.2957
9.02 108.108 -69.0632
9.04 116.807 -90.3689
9.06 96.7459 -104.248
9.08 35.1826 -112.153
9.1 -47.9189 -113.074
9.12 -134.75 -103.42
9.14 -206.163 -80.6768
9.16 -249.196 -47.9341
9.18 -263.809 -13.374
9.2 -252.206 15.9124
9.22 -223.903 39.2459
9.24 -190.299 60.0348
9.26 -147.847 80.1996
9.28 -101.781 99.1942
9.3 -83.5834 114.921
9.32 -109.017 124.22
9.34 -166.736 124.778
9.36 -223.622 116.24
9.38 -248.729 99.7683
9.4 -241.405 77.5425
9.42 -216.982 51.4385
9.44 -178.55 21.1943
9.46 -121.071 -14.2227
9.48 -40.4708 -52.789
9.5 46.9046 -88.7722
9.52 111.726 -115.148
9.54 121.984 -126.334
9.56 73.7642 -121.698
9.58 18.3857 -106.852
9.6 -4.9367 -88.5495
9.62 -6.28926 -67.892
9.64 0.53217 -41.2231
9.66 22.1432 -9.40543
9.68 78.3079 19.7613
9.7 183.469 40.1489
9.72 304.651 50.6745
9.74 400.58 53.6508
9.76 436.228 55.6626
9.78 404.692 62.9823
9.8 340.771 72.2665
9.82 286.851 72.6517
9.84 235.309 59.3281
9.86 153.304 36.757
9.88 63.4607 9.40212
9.9 16.4313 -20.092
9.92 26.7358 -47.9786
9.94 57.0414 -72.1941
9.96 69.993 -93.4271
9.98 46.7781 -110.818
10 -14.3179 -118.509
10.02 -89.4169 -110.164
10.04 -155.087 -86.1793
10.06 -206.901 -52.1743
10.08 -260.687 -14.4884
10.1 -310.879 20.0897
10.12 -315.833 46.0707
10.14 -257.681 64.3802
10.16 -178.484 80.8868
10.18 -124.49 97.2192
10.2 -97.5453 108.484
10.22 -98.4608 110.999
10.24 -134.601 107.045
10.26 -192.439 100.837
10.28 -249.831 93.7417
10.3 -287.308 83.7328
10.32 -300.651 67.4011
10.34 -276.444 41.2465
10.36 -196.397 3.5847
10.38 -77.238 -40.4976
10.4 34.3471 -80.1961
10.42 107.239 -107.643
10.44 150.273 -122.055
10.46 157.987 -124.399
10.48 122.091 -113.773
10.5 58.7693 -91.8355
10.52 4.72696 -64.1189
10.54 -12.5859 -35.3775
10.56 9.85656 -8.01884
10.58 73.3874 14.4434
10.6 177.791 28.3955
10.62 299.573 35.4114
10.64 396.01 40.4818
10.66 446.049 46.1267
10.68 451.124 51.4999
10.7 409.671 55.7156
10.72 322.724 57.81
10.74 217.68 54.595
10.76 129.27 43.0982
10.78 71.5722 23.3597
10.8 44.5698 -2.58704
10.82 42.887 -33.0772
10.84 56.5662 -65.6851
10.86 66.4581 -94.5683
10.88 46.4778 -112.631
10.9 -10.6133 -115.296
10.92 -96.2475 -101.599
10.94 -195.082 -74.4181
10.96 -286.755 -40.3244
10.98 -349.906 -6.57396
11 -364.928 22.4502
11.02 -326.688 45.489
11.04 -239.87 63.0689
11.06 -127.441 76.8011
11.08 -30.489 87.4916
11.1 30.246 93.5828
11.12 38.8957 93.7789
11.14 -5.47181 89.5924
11.16 -96.3181 84.4148
11.18 -212.799 80.1346
11.2 -315.102 74.5411
11.22 -371.615 62.6941
11.24 -358.094 40.111
11.26 -276.882 6.56509
11.28 -146.86 -32.7274
11.3 -7.44959 -69.9232
11.32 116.207 -98.4865
11.34 208.978 -116.058
11.36 247.554 -121.892
11.38 217.197 -114.055
11.4 130.467 -92.1337
11.42 28.478 -60.0088
11.44 -44.0459 -24.4823
11.46 -63.8721 7.66415
11.48 -24.6598 30.1694
11.5 70.3666 40.1365
11.52 195.883 41.2964
11.54 314.206 40.1628
11.56 401.538 40.0428
11.58 444.61 40.3084
11.6 420.881 40.2355
11.62 323.669 40.2376
11.64 179.538 40.1084
11.66 38.7491 37.7148
11.68 -58.4631 29.7345
11.7 -101.413 13.6217
11.72 -93.9761 -11.7175
11.74 -46.0392 -43.9293
11.76 22.3767 -75.5751
11.78 81.7366 -97.4048
11.8 107.415 -104.383
11.82 85.7611 -97.3381
11.84 9.31054 -79.3886
11.86 -109.282 -53.6106
11.88 -235.37 -22.6463
11.9 -333.818 11.0223
11.92 -379.061 43.6366
11.94 -361.1 69.4732
11.96 -287.762 83.327
11.98 -183.662 85.0284
12 -80.1175 80.0213
12.02 1.67064 74.5455
12.04 48.3307 71.6109
12.06 46.5352 70.6978
12.08 -9.23015 69.0361
12.1 -96.4944 62.7495
12.12 -175.306 49.3414
12.14 -217.096 30.0358
12.16 -212.277 7.38535
12.18 -158.742 -18.2569
12.2 -62.7862 -47.3544
12.22 52.8257 -77.187
12.24 155.499 -101.435
12.26 223.82 -113.949
12.28 252.181 -111.915
12.3 238.644 -96.4591
12.32 183.549 -71.8713
12.34 98.7367 -43.8751
12.36 26.3323 -17.4073
12.38 -3.25321 5.22567
12.4 7.59977 24.6606
12.42 47.6123 41.8981
12.44 104.942 54.5556
12.46 173.522 58.5029
12.48 238.291 54.3619
12.5 265.823 47.8792
12.52 240.364 43.8046
12.54 177.231 42.6232
12.56 93.4826 41.1895
12.58 5.98816 34.8147
12.6 -64.7642 20.2683
12.62 -107.623 -1.33591
12.64 -121.183 -24.7764
12.66 -106.75 -45.0034
12.68 -70.569 -60.2573
12.7 -25.3142 -71.313
12.72 5.18919 -78.0798
12.74 -0.0115871 -77.7185
12.76 -35.1453 -67.374
12.78 -80.1774 -46.6181
12.8 -126.771 -17.783
12.82 -169.181 13.2575
12.84 -195.967 38.4804
12.86 -189.162 53.1078
12.88 -151.612 59.3726
12.9 -103.978 63.3853
12.92 -56.5822 68.4905
12.94 -14.253 72.4224
12.96 16.4509 70.8112
12.98 23.7631 62.4876
13 1.03967 50.1718
13.02 -39.1438 37.0482
13.04 -73.3142 24.2313
13.06 -87.0605 10.1095
13.08 -78.7522 -8.18916
13.1 -55.6083 -31.2116
13.12 -27.4275 -54.9829
13.14 3.74918 -73.4762
13.16 41.5495 -82.9546
13.18 78.8164 -82.8718
13.2 96.3445 -74.9139
13.22 86.4877 -62.0001
13.24 62.7081 -46.4663
13.26 46.1556 -28.932
13.28 43.8531 -8.88454
13.3 49.3719 12.7871
13.32 64.9625 32.1815
13.34 92.7018 44.9983
13.36 123.757 50.5928
13.38 145.48 51.9958
13.4 154.52 51.6743
13.42 151.346 49.449
13.44 129.492 44.6558
13.46 87.2747 37.031
13.48 37.3401 25.9414
13.5 -3.57401 11.7043
13.52 -29.4043 -3.57637
13.54 -43.3528 -18.4636
13.56 -44.5734 -33.7437
13.58 -40.3946 -49.4628
13.6 -38.6034 -62.65
13.62 -40.0308 -69.6052
13.64 -46.3345 -68.0115
13.66 -62.5678 -56.9319
13.68 -94.4282 -37.9564
13.7 -128.584 -16.3613
13.72 -143.835 2.67291
13.74 -138.357 18.6681
13.76 -124.513 33.8646
13.78 -98.8263 48.3713
13.8 -55.9145 59.477
13.82 -6.88595 65.0979
13.84 29.3702 65.2603
13.86 44.797 60.6169
13.88 44.67 52.4801
13.9 33.7902 43.1132
13.92 14.4556 33.7012
13.94 -6.15688 22.5651
13.96 -17.3986 7.25217
13.98 -19.5018 -12.1758
14 -13.6903 -33.3915
14.02 2.25583 -53.3249
14.04 24.7509 -68.5154
14.06 42.0021 -76.2045
14.08 46.1116 -75.9364
14.1 37.3687 -69.1751
14.12 19.4254 -57.5827
14.14 -0.700768 -42.1917
14.16 -12.944 -23.8682
14.18 -13.0375 -3.81086
14.2 -2.94398 16.4522
14.22 18.1887 34.5739
14.24 52.2176 47.4692
14.26 92.3143 53.5737
14.28 119.592 54.604
14.3 122.962 53.322
14.32 106.945 50.6141
14.34 78.592 46.2581
14.36 38.1043 40.2304
14.38 -7.90761 31.5017
14.4 -44.4056 18.2322
14.42 -62.4526 0.865023
14.44 -63.5687 -17.5834
14.46 -51.2502 -34.6719
14.48 -24.0533 -49.4985
14.5 7.5687 -60.9793
14.52 25.0469 -67.3396
14.54 21.5631 -67.3188
14.56 5.43869 -60.6387
14.58 -18.6881 -47.4338
14.6 -51.426 -28.4826
14.62 -83.0366 -6.59679
14.64 -99.5325 13.6962
14.66 -91.2845 29.4419
14.68 -68.2101 41.0228
14.7 -38.2425 49.5791
14.72 -0.940214 54.763
14.74 34.2261 56.1774
14.76 51.6239 54.5265
14.78 46.5972 50.269
14.8 26.5522 43.2251
14.82 -2.24935 34.1155
14.84 -34.7881 24.2107
14.86 -63.249 12.861
14.88 -76.2259 -1.79653
14.9 -69.7352 -19.5856
14.92 -52.9314 -37.704
14.94 -34.1232 -52.8741
14.96 -12.5947 -62.7032
14.98 4.80079 -65.5932
15 11.395 -61.388
15.02 5.24553 -51.3783
15.04 -7.36044 -37.2404
15.06 -16.6497 -20.5235
15.08 -14.5968 -2.69717
15.1 2.21801 14.4325
15.12 31.2262 28.8059
15.14 68.6877 38.6282
15.16 107.937 43.2618
15.18 141.486 43.7087
15.2 159.669 41.9102
15.22 153.456 39.4151
15.24 123.666 36.0332
15.26 79.2822 30.2622
15.28 32.1599 21.1295
15.3 -8.79609 9.23536
15.32 -38.5288 -3.75626
15.34 -53.6602 -16.5717
15.36 -52.6767 -29.0906
15.38 -35.4963 -41.6896
15.4 -12.3488 -53.4131
15.42 3.08864 -61.0507
15.44 2.41706 -61.0236
15.46 -12.41 -52.0425
15.48 -35.2776 -36.0089
15.5 -59.6554 -16.837
15.52 -80.4429 1.36776
15.54 -92.7009 16.2562
15.56 -91.8346 28.2113
15.58 -77.4145 38.5562
15.6 -51.8867 47.1581
15.62 -19.9104 52.3287
15.64 8.7586 52.7384
15.66 23.3777 48.8627
15.68 20.0912 42.8479
15.7 1.41596 36.8194
15.72 -22.7793 30.6423
15.74 -40.3549 22.0216
15.76 -46.1418 9.14644
15.78 -45.035 -7.02842
15.8 -39.5666 -23.3686
15.82 -23.7537 -37.1723
15.84 5.65086 -47.6296
15.86 38.192 -54.8353
15.88 56.34 -58.3242
15.9 53.5829 -57.2176
15.92 39.4612 -50.6705
15.94 23.4586 -38.0489
15.96 7.70969 -20.4446
15.98 -3.10633 -1.80254
16 -2.23278 13.3113
16.02 7.7997 23.3798
16.04 22.7081 30.3602
16.06 44.3491 36.4091
16.08 72.5512 41.4296
16.1 99.7837 44.0095
16.12 109.897 43.0994
16.14 96.3544 38.2635
16.16 69.9628 29.9299
16.18 42.6252 19.7467
16.2 16.2003 9.34213
16.22 -8.59686 -1.22604
16.24 -29.8906 -12.8767
16.26 -43.1169 -25.4882
16.28 -42.358 -37.2436
16.3 -30.7992 -45.7504
16.32 -16.6169 -49.3811
16.34 -5.60023 -48.3091
16.36 -2.24152 -44.1032
16.38 -7.18731 -37.6387
16.4 -20.0675 -28.0768
16.42 -38.9135 -14.5641
16.44 -57.8818 1.83853
16.46 -72.184 18.5519
16.48 -79.448 32.894
16.5 -77.838 43.013
16.52 -66.6458 48.6197
16.54 -48.3515 50.8829
16.56 -27.7019 50.5987
16.58 -10.4511 47.126
16.6 0.601016 39.912
16.62 1.26552 29.7252
16.64 -9.99213 18.2684
16.66 -27.4216 7.24467
16.68 -42.6758 -2.7012
16.7 -50.7594 -12.2607
16.72 -49.5194 -22.3089
16.74 -38.9636 -32.504
16.76 -20.0575 -41.324
16.78 8.05775 -47.0104
16.8 41.0724 -48.3442
16.82 70.325 -45.3013
16.84 89.7845 -38.936
16.86 96.9027 -30.2593
16.88 92.0266 -19.5834
16.9 78.597 -6.96172
16.92 64.6002 6.8311
16.94 53.9613 19.7911
16.96 46.5956 29.7892
16.98 42.0577 35.8023
17 41.3361 37.5954
17.02 48.5855 35.5382
17.04 57.8522 31.0993
17.06 58.3417 25.7525
17.08 47.1739 19.367
17.1 30.3585 11.1952
17.12 11.7468 1.80985
17.14 -12.0988 -7.1307
17.16 -36.8871 -14.5973
17.18 -53.9446 -20.7514
17.2 -60.2727 -26.1459
17.22 -58.385 -30.6821
17.24 -52.6958 -33.4328
17.26 -43.3492 -33.7229
17.28 -33.1847 -31.0629
17.3 -26.8469 -24.838
17.32 -28.1018 -15.4551
17.34 -35.2877 -4.41307
17.36 -45.3794 7.06336
17.38 -57.2138 18.4148
17.4 -66.2831 28.5791
17.42 -67.0782 36.14
17.44 -60.7732 40.465
17.46 -51.3414 41.3723
17.48 -39.0271 38.9002
17.5 -24.3358 33.615
17.52 -9.28099 26.6048
17.54 1.08666 18.9546
17.56 4.58862 11.0377
17.58 3.63813 2.55246
17.6 3.60954 -6.75584
17.62 6.50859 -16.3167
17.64 11.8257 -24.935
17.66 20.0352 -31.5875
17.68 28.7946 -35.8383
17.7 38.2996 -37.8973
17.72 48.804 -38.1144
17.74 56.9231 -36.2057
17.76 58.1178 -31.2208
17.78 53.4475 -22.6117
17.8 47.6882 -11.2929
17.82 43.4598 0.720256
17.84 42.3304 11.4757
17.86 42.6123 19.6023
17.88 44.9704 24.5898
17.9 48.7516 27.0976
17.92 51.451 28.2181
17.94 52.36 28.0928
17.96 50.3335 26.0253
17.98 42.3639 21.779
18 25.4324 15.8032
18.02 2.56722 8.63502
18.04 -19.0201 0.816954
18.06 -35.76 -6.93308
18.08 -48.2864 -14.0108
18.1 -56.7044 -19.9741
18.12 -61.5519 -24.4345
18.14 -63.296 -27.0995
18.16 -59.9574 -27.7007
18.18 -51.5452 -26.153
18.2 -42.0619 -22.2354
18.22 -38.258 -15.4913
18.24 -41.0207 -6.29583
18.26 -43.586 3.52082
18.28 -41.1963 11.9837
18.3 -36.4178 18.6602
18.32 -34.0147 24.1473
18.34 -32.1767 28.7527
18.36 -27.8621 32.3072
18.38 -20.4828 34.0096
18.4 -9.74941 32.3636
18.42 4.31485 26.5844
18.44 14.8927 18.0055
18.46 17.7398 9.30029
18.48 16.7574 2.0472
18.5 17.4591 -4.48635
18.52 19.6441 -11.6899
18.54 16.9438 -19.7707
18.56 9.00978 -27.6151
18.58 2.65593 -33.1622
18.6 2.37689 -34.201
18.62 7.34525 -30.3148
18.64 17.3443 -24.1206
18.66 31.2812 -19.0601
18.68 44.1981 -15.9082
18.7 51.359 -12.6191
18.72 55.2339 -6.87532
18.74 58.6436 1.98666
18.76 57.4621 12.3582
18.78 47.9824 21.1846
18.8 33.0551 25.929
18.82 18.0491 26.4436
18.84 4.83692 25.0556
18.86 -5.26308 23.8745
18.88 -9.87958 22.362
18.9 -9.47845 18.3668
18.92 -7.69496 10.9718
18.94 -9.00726 1.50072
18.96 -11.9002 -7.65388
18.98 -15.4048 -14.2824
19 -21.0438 -17.6205
19.02 -28.0558 -19.1197
19.04 -35.0257 -20.6758
19.06 -40.8436 -22.1637
19.08 -45.2991 -21.8255
19.1 -45.0015 -18.561
19.12 -36.4812 -12.949
19.14 -23.4649 -6.53604
19.16 -11.6246 -0.790904
19.18 -2.88917 3.88232
19.2 3.50521 8.33249
19.22 8.79696 13.602
19.24 12.8419 19.5304
19.26 15.6685 24.3437
19.28 15.0246 26.1265
19.3 9.9857 24.3832
19.32 4.34468 20.0262
19.34 3.66797 14.4037
19.36 7.25498 8.63532
19.38 7.6216 3.31888
19.4 3.19922 -2.0752
19.42 -1.1742 -8.46744
19.44 -3.76197 -15.271
19.46 -6.43154 -20.4683
19.48 -11.2964 -22.7218
19.5 -14.5629 -22.4695
19.52 -13.5141 -20.7428
19.54 -12.0488 -18.0949
19.56 -9.51342 -14.7487
19.58 -1.86317 -10.7154
19.6 9.98159 -5.78211
19.62 19.4323 0.277889
19.64 23.1703 6.91794
19.66 23.8912 12.5492
19.68 25.6462 16.0709
19.7 27.0627 18.0216
19.72 22.9726 19.524
19.74 15.5188 20.625
19.76 11.2714 20.3128
19.78 11.5756 17.6481
19.8 14.5024 12.3843
19.82 18.2388 5.27243
19.84 19.6359 -2.25225
19.86 17.2947 -8.93549
19.88 12.8834 -14.2216
19.9 7.51866 -18.2937
19.92 -1.40343 -21.3203
19.94 -15.9301 -22.7166
19.96 -33.3431 -21.8246
19.98 -47.2204 -18.9166
20 -46.3464 -14.6391
20.02 -43.3451 -9.2738
