3.99818e-05 -0.398675
7.99636e-05 -0.797349
0.000119945 -1.19602
0.000159927 -1.5947
0.000199909 -1.99337
0.000239891 -2.39205
0.000279873 -2.79072
0.000319854 -3.1894
0.000359836 -3.58807
0.000399818 -3.98675
0.0004398 -4.38542
0.000479781 -4.78409
0.000519763 -5.18277
0.000559745 -5.58144
0.000599727 -5.98012
0.000639709 -6.37879
0.00067969 -6.77747
0.000719672 -7.17614
0.000759654 -7.57482
0.000799636 -7.97349
0.000839618 -8.37217
0.000879599 -8.77084
0.000919581 -9.16951
0.000959563 -9.56819
0.000999545 -9.96686
0.00103953 -10.3655
0.00107951 -10.7642
0.00111949 -11.1629
0.00115947 -11.5616
0.00119945 -11.9602
0.00123944 -12.3589
0.00127942 -12.7576
0.0013194 -13.1563
0.00135938 -13.5549
0.00139936 -13.9536
0.00143934 -14.3523
0.00147933 -14.751
0.00151931 -15.1496
0.00155929 -15.5483
0.00159927 -15.947
0.00163925 -16.3457
0.00167924 -16.7443
0.00171922 -17.143
0.0017592 -17.5417
0.00179918 -17.9404
0.00183916 -18.339
0.00187914 -18.7377
0.00191913 -19.1364
0.00195911 -19.5351
0.00199909 -19.9337
0.00203907 -20.3324
0.00207905 -20.7311
0.00211903 -21.1298
0.00215902 -21.5284
0.002199 -21.9271
0.00223898 -22.3258
0.00227896 -22.7244
0.00231894 -23.1231
0.00235893 -23.5218
0.00239891 -23.9205
0.00243889 -24.3191
0.00247887 -24.7178
0.00251885 -25.1165
0.00255883 -25.5152
0.00259882 -25.9138
0.0026388 -26.3125
0.00267878 -26.7112
0.00271876 -27.1099
0.00275874 -27.5085
0.00279873 -27.9072
0.00283871 -28.3059
0.00287869 -28.7046
0.00291867 -29.1032
0.00295865 -29.5019
0.00299863 -29.9006
0.00303862 -30.2993
0.0030786 -30.6979
0.00311858 -31.0966
0.00315856 -31.4953
0.00319854 -31.894
0.00323853 -32.2926
0.00327851 -32.6913
0.00331849 -33.09
0.00335847 -33.4887
0.00339845 -33.8873
0.00343843 -34.286
0.00347842 -34.6847
0.0035184 -35.0834
0.00355838 -35.482
0.00359836 -35.8807
0.00363834 -36.2794
0.00367832 -36.6781
0.00371831 -37.0767
0.00375829 -37.4754
0.00379827 -37.8741
0.00383825 -38.2728
0.00387823 -38.6714
0.00391822 -39.0701
0.0039582 -39.4688
0.00399818 -39.8675
