7.32974e-07 1.1825e-07 -0.0599324
-5.20512e-05 1.13848e-07 -0.0599327
-0.000258353 4.00808e-08 -0.0599345
-0.000656236 -3.81203e-07 -0.0599389
-0.00122598 -1.50263e-06 -0.0599468
-0.00194881 -2.75073e-06 -0.0599587
-0.00281066 -1.97763e-06 -0.0599747
-0.00380827 2.83186e-06 -0.0599919
-0.00493178 1.15307e-05 -0.0600046
-0.00616278 2.27806e-05 -0.0600152
-0.00752989 3.60501e-05 -0.0600358
-0.00913626 5.19446e-05 -0.0600703
-0.0111237 7.18013e-05 -0.0601122
-0.0136022 9.69885e-05 -0.0601643
-0.0166083 0.000128218 -0.0602347
-0.0201097 0.00016599 -0.0603195
-0.0240004 0.00021125 -0.0604075
-0.0281062 0.000265181 -0.0604915
-0.0322014 0.000328713 -0.0605693
-0.0360361 0.000402372 -0.0606412
-0.0393633 0.00048655 -0.0607095
-0.0420069 0.000581537 -0.0607796
-0.0439308 0.000686918 -0.0608588
-0.0452249 0.00080083 -0.0609521
-0.0460744 0.000919285 -0.0610566
-0.0466469 0.00103632 -0.0611624
-0.0469869 0.00114562 -0.0612577
-0.0470809 0.00124232 -0.0613294
-0.0469223 0.00132384 -0.0613616
-0.0465274 0.00138919 -0.0613428
-0.0459417 0.00143725 -0.0612772
-0.0451839 0.0014666 -0.0611847
-0.0442377 0.00147803 -0.0610929
-0.0431224 0.00147585 -0.0610258
-0.0419 0.0014665 -0.0609904
-0.0406676 0.0014554 -0.0609806
-0.0395472 0.00144314 -0.060988
-0.0386185 0.00142472 -0.0609991
-0.0379143 0.0013932 -0.0609994
-0.0374328 0.00134422 -0.0609823
-0.037125 0.00127872 -0.0609488
-0.0368752 0.00120251 -0.0609045
-0.0364366 0.00112246 -0.0608586
-0.0355263 0.00104309 -0.0608198
-0.0339737 0.000965233 -0.0607955
-0.0317344 0.000885932 -0.0607861
-0.0289077 0.000799419 -0.0607791
-0.0256315 0.000699409 -0.0607579
-0.0219682 0.000582492 -0.0607141
-0.0180297 0.000449943 -0.0606426
-0.0140694 0.000306272 -0.0605326
-0.0103223 0.000156525 -0.060379
-0.00686058 3.52758e-06 -0.0601958
-0.00361546 -0.000151662 -0.0600033
-0.000459001 -0.000304543 -0.0598196
0.00273516 -0.000445721 -0.0596582
0.00610946 -0.000566411 -0.059518
0.00986217 -0.000662148 -0.0593953
0.014237 -0.000731854 -0.0593041
0.0193787 -0.000776588 -0.0592526
0.0252115 -0.000799304 -0.0592191
0.0314991 -0.000805506 -0.0591808
0.0379081 -0.00080408 -0.0591385
0.0441276 -0.000806111 -0.0590956
0.0499573 -0.000821142 -0.0590456
0.0552449 -0.000853875 -0.058984
0.0598522 -0.000904424 -0.0589101
0.0635405 -0.000971146 -0.0588211
0.0658747 -0.00105347 -0.0587159
0.066554 -0.00115265 -0.0586004
0.0656742 -0.00126913 -0.0584905
0.0635437 -0.00139707 -0.0584054
0.0605307 -0.00152006 -0.0583525
0.0569554 -0.00161607 -0.0583249
0.0531014 -0.0016708 -0.0583092
0.0494092 -0.00168348 -0.0583037
0.0464473 -0.00166058 -0.0583375
0.0444805 -0.00160784 -0.0584393
0.0431414 -0.00152643 -0.0585959
0.0416732 -0.00141607 -0.0587808
0.0392763 -0.00128387 -0.0589968
0.035551 -0.00114603 -0.0592487
0.0307667 -0.00101708 -0.0595163
0.0254522 -0.000900734 -0.0597631
0.0201313 -0.000790654 -0.0599331
0.0152238 -0.000678783 -0.0599755
0.0109138 -0.000566595 -0.0598942
0.00733554 -0.000464917 -0.0597448
0.00452899 -0.000380117 -0.0596096
0.00217418 -0.000303358 -0.0595732
-0.000393072 -0.000211419 -0.0596688
-0.00392583 -8.01625e-05 -0.059871
-0.00888681 9.69228e-05 -0.0601325
-0.0152317 0.000303288 -0.0603942
-0.0225837 0.000512238 -0.0606053
-0.0304195 0.000704373 -0.0607413
-0.0381208 0.000878556 -0.0607913
-0.0450968 0.001051 -0.0607795
-0.0507672 0.00124318 -0.0607829
-0.0548294 0.00146886 -0.060884
-0.0576461 0.00172538 -0.0611276
-0.0598986 0.00199281 -0.0615115
-0.062245 0.00224249 -0.0619865
-0.0651939 0.00244581 -0.0624614
-0.0689152 0.00258356 -0.0628222
-0.0733816 0.00265171 -0.0629805
-0.0784992 0.00265394 -0.062905
-0.0840285 0.00259674 -0.0626282
-0.0896371 0.00249501 -0.0622669
-0.0949644 0.00237372 -0.0619567
-0.0995865 0.00226397 -0.0617652
-0.103086 0.00219538 -0.0617145
-0.105067 0.00218571 -0.0618179
-0.105188 0.00223594 -0.062036
-0.103348 0.00232896 -0.0622827
-0.0996387 0.00243521 -0.0624826
-0.0941508 0.00253157 -0.0625683
-0.0869883 0.0026077 -0.0625228
-0.078407 0.00265659 -0.0623896
-0.068952 0.00267556 -0.0622138
-0.0594751 0.00266247 -0.0620298
-0.0507189 0.00260495 -0.0618796
-0.0430467 0.0024882 -0.0617973
-0.0367605 0.00230603 -0.0617756
-0.0323029 0.00206099 -0.0617336
-0.0299808 0.0017636 -0.0615736
-0.0296472 0.00142541 -0.0612753
-0.0305983 0.00105727 -0.060861
-0.0316723 0.0006835 -0.0603837
-0.0319832 0.000341809 -0.0599299
-0.0314355 6.9107e-05 -0.0595636
-0.0302355 -0.000109864 -0.0593468
-0.0285306 -0.000196866 -0.059353
-0.0263896 -0.000214067 -0.0595977
-0.0238946 -0.000178982 -0.0600361
-0.0214349 -0.000105339 -0.0605625
-0.0195851 -1.08568e-05 -0.0610039
-0.018659 8.3919e-05 -0.0612578
-0.0185893 0.000148999 -0.0613066
-0.019062 0.000159278 -0.0611676
-0.019823 0.000114401 -0.0609115
-0.0210223 3.29204e-05 -0.0606394
-0.023145 -5.51205e-05 -0.0604277
-0.0266037 -0.000119426 -0.060332
-0.0314879 -0.000147733 -0.06037
-0.0376473 -0.000141738 -0.060509
-0.0449185 -0.000101738 -0.0606827
-0.0531569 -2.46325e-05 -0.0607878
-0.0620297 9.84671e-05 -0.0607444
-0.0708494 0.000278382 -0.060578
-0.0785728 0.000514379 -0.0604747
-0.084299 0.000808178 -0.0605475
-0.0878782 0.00118051 -0.0608128
-0.0896661 0.00164131 -0.0612315
-0.0898284 0.00216348 -0.0617438
-0.0883008 0.00269934 -0.0623526
-0.0853715 0.00320063 -0.0629602
-0.0818796 0.00358242 -0.0632025
-0.0786419 0.00382288 -0.0630772
-0.0757322 0.00401312 -0.0629684
-0.0732566 0.00418819 -0.0630797
-0.0719245 0.00428973 -0.0631656
-0.0718049 0.00430799 -0.0630281
-0.0722581 0.00429974 -0.0627811
-0.0726972 0.00422538 -0.0624873
-0.0727967 0.00405809 -0.0620361
-0.072956 0.0038483 -0.0614243
-0.0740139 0.00360979 -0.0609231
-0.0762673 0.00337007 -0.0605916
-0.0798723 0.0031656 -0.0605073
-0.0851896 0.00298307 -0.0606879
-0.0921367 0.00284809 -0.0611042
-0.100372 0.00280623 -0.0616935
-0.109599 0.00279975 -0.0622504
-0.119406 0.00278526 -0.0626238
-0.129333 0.00274552 -0.0628508
-0.139024 0.00263444 -0.0628951
-0.147974 0.00249021 -0.0627795
-0.155626 0.00240015 -0.0627744
-0.16197 0.00240748 -0.0628189
-0.16707 0.00248491 -0.062808
-0.170715 0.00258991 -0.0629122
-0.172915 0.0027498 -0.0634749
-0.173824 0.00295291 -0.0641251
-0.173638 0.00314702 -0.0644447
-0.172301 0.0033337 -0.0643352
-0.169492 0.0034991 -0.063833
-0.165085 0.0036248 -0.0631192
-0.158886 0.00374306 -0.0624886
-0.150861 0.00390846 -0.0620888
-0.141374 0.00413753 -0.0618454
-0.130584 0.00445183 -0.0619212
-0.118542 0.0048405 -0.0622722
-0.105453 0.00520707 -0.0627182
-0.0910005 0.00551416 -0.0630783
-0.0747389 0.00576922 -0.0632259
-0.0569642 0.00590626 -0.0629908
-0.0381197 0.00588515 -0.0624052
-0.0187795 0.00579098 -0.061602
0.000231546 0.00560653 -0.0607411
0.0182638 0.00528465 -0.0600746
0.0350195 0.00486359 -0.0598951
0.0503788 0.00435359 -0.0601809
0.0643151 0.00375718 -0.0605713
0.0776326 0.00306025 -0.0607922
0.0914364 0.00227525 -0.0606517
0.106056 0.00135536 -0.0600284
0.120983 0.000211436 -0.0587587
0.135166 -0.00109262 -0.0572053
0.147762 -0.00242421 -0.0558096
0.157956 -0.00373938 -0.0550934
0.164921 -0.00500944 -0.0550977
0.168727 -0.00616234 -0.0554953
0.169726 -0.00717433 -0.0559488
0.167959 -0.00807923 -0.056693
0.163904 -0.00891749 -0.0574538
0.158319 -0.00969838 -0.0573786
0.151386 -0.0103812 -0.0565668
0.143258 -0.0110217 -0.0555419
0.134478 -0.0115751 -0.0547129
0.125186 -0.0119125 -0.0543308
0.115102 -0.0120363 -0.0544799
0.104743 -0.0119176 -0.0549611
0.0952417 -0.0115583 -0.0557443
0.0866727 -0.0110368 -0.0567817
0.0783115 -0.0104387 -0.0577988
0.0694171 -0.00981128 -0.0583922
0.0595734 -0.00916516 -0.0585065
0.0491267 -0.00848566 -0.058289
0.0387105 -0.00771783 -0.0579354
0.0289181 -0.00682511 -0.0576369
0.0199358 -0.0057913 -0.0575769
0.011331 -0.00459313 -0.0578242
0.00234198 -0.0032168 -0.0585276
-0.00830437 -0.00171603 -0.059573
-0.0218849 -0.000195866 -0.0606422
-0.0390987 0.00130027 -0.0615513
-0.0604412 0.00275232 -0.0623231
-0.0859403 0.00412695 -0.0629916
-0.114862 0.00545605 -0.0633673
-0.145983 0.0067907 -0.063593
-0.177603 0.00812287 -0.0639778
-0.207831 0.00942125 -0.0642956
-0.235022 0.0106673 -0.0644612
-0.25815 0.0118403 -0.0648556
-0.276995 0.0128743 -0.0655002
-0.291335 0.0137593 -0.0660411
-0.301152 0.014591 -0.0658523
-0.308008 0.015359 -0.0644006
-0.313471 0.0159122 -0.0621776
-0.318028 0.016289 -0.0605949
-0.322873 0.0166172 -0.0600732
-0.33007 0.0168299 -0.0596921
-0.340266 0.0168755 -0.0594808
-0.351948 0.0167822 -0.0602631
-0.363973 0.0165486 -0.061956
-0.375932 0.0162167 -0.0634207
-0.38621 0.0158643 -0.064221
-0.393142 0.015478 -0.0648657
-0.396945 0.0149336 -0.0656981
-0.398244 0.0142054 -0.0664236
-0.396582 0.0134609 -0.0665963
-0.392267 0.0127955 -0.0664001
-0.386562 0.0120631 -0.0658356
-0.379444 0.0112248 -0.0649718
-0.370529 0.0103418 -0.0639224
-0.360885 0.00941018 -0.0626644
-0.351066 0.00849059 -0.0615256
-0.340581 0.0077263 -0.0606749
-0.330024 0.00709857 -0.0598681
-0.32018 0.00639095 -0.0590445
-0.310262 0.00558863 -0.058636
-0.298995 0.00481523 -0.0586465
-0.285873 0.00413502 -0.0584109
-0.269929 0.00353099 -0.0579619
-0.25031 0.0029944 -0.058097
-0.22829 0.00251815 -0.0587216
-0.20575 0.0020709 -0.0590542
-0.182738 0.00171326 -0.0591571
-0.157866 0.0015095 -0.0596499
-0.130264 0.00136826 -0.060221
-0.0998677 0.00114347 -0.0602437
-0.0668439 0.000818622 -0.0601153
-0.0324252 0.000524339 -0.059861
0.00207639 0.000324183 -0.0597234
0.0371207 0.000238494 -0.0595938
0.0731405 0.000234182 -0.0592048
0.109432 0.000103247 -0.0590354
0.145367 -0.000176398 -0.0590745
0.180049 -0.000469563 -0.0588571
0.211858 -0.000783273 -0.0583836
0.240072 -0.00114915 -0.057955
0.265223 -0.00157107 -0.0573435
0.287392 -0.00213528 -0.0566521
0.306243 -0.00292051 -0.056328
0.321804 -0.00381698 -0.0562612
0.333661 -0.00470769 -0.0559753
0.340838 -0.00565015 -0.0556145
0.343201 -0.00665136 -0.0554503
0.341268 -0.00764773 -0.0553266
0.334996 -0.00867801 -0.0552455
0.324765 -0.00974789 -0.0553998
0.311909 -0.0107599 -0.0556799
0.297069 -0.0117233 -0.0559068
0.280178 -0.0126687 -0.0560587
0.261485 -0.0134663 -0.0560969
0.240921 -0.0140389 -0.055846
0.218184 -0.0144533 -0.0554724
0.193715 -0.014731 -0.0552753
0.16796 -0.0148322 -0.0553189
0.140747 -0.014769 -0.055483
0.112125 -0.0145244 -0.0556762
0.082679 -0.0140416 -0.0558864
0.0529203 -0.0133565 -0.0561161
0.0234417 -0.012533 -0.0564414
-0.00459263 -0.0115819 -0.0568198
-0.0305411 -0.010485 -0.0570538
-0.0550472 -0.00928778 -0.0569624
-0.0787654 -0.00800033 -0.0566856
-0.101592 -0.00653032 -0.0568427
-0.123794 -0.00486988 -0.0576279
-0.146198 -0.00311142 -0.0583462
-0.168811 -0.00129369 -0.059004
-0.191056 0.000623384 -0.0600322
-0.213059 0.00260914 -0.061191
-0.235099 0.00459116 -0.0620295
-0.25636 0.00658579 -0.0626387
-0.275502 0.00859369 -0.0632909
-0.291643 0.0105353 -0.0637939
-0.303817 0.0123561 -0.0640634
-0.310784 0.0140907 -0.0642944
-0.311984 0.0157579 -0.0646022
-0.307415 0.0173003 -0.0647443
-0.29649 0.0186802 -0.0646782
-0.278168 0.0198776 -0.064554
-0.251765 0.0208427 -0.0641989
-0.21648 0.0215517 -0.0632447
-0.171011 0.0220298 -0.061779
-0.114432 0.0222541 -0.0600569
-0.0465887 0.0221502 -0.0581736
0.0327312 0.0217132 -0.0562998
0.124125 0.0209934 -0.0544461
0.227845 0.0199911 -0.0524618
0.343653 0.0186715 -0.049895
0.471476 0.0170052 -0.0468731
0.611697 0.0149883 -0.0434362
0.764782 0.0126386 -0.039268
0.930588 0.00994775 -0.0338434
1.10782 0.00695275 -0.0267432
1.29576 0.00362047 -0.017799
1.49488 -0.000115425 -0.00731838
1.70479 -0.00430144 0.00519209
1.92499 -0.0090034 0.019847
2.15598 -0.0141275 0.036459
2.39749 -0.0194811 0.055596
2.64861 -0.024925 0.0772968
2.90962 -0.0304646 0.100869
3.18151 -0.0360461 0.125357
3.46496 -0.0416053 0.150723
3.76038 -0.0471366 0.176793
4.06837 -0.0527154 0.20329
4.38918 -0.0585637 0.230492
4.72208 -0.064772 0.258672
5.06639 -0.0713033 0.287612
5.42195 -0.0781256 0.317379
5.78881 -0.085286 0.34802
6.16701 -0.0928284 0.379239
6.55656 -0.100712 0.410609
6.95732 -0.108859 0.44216
7.36813 -0.117175 0.473999
7.78682 -0.125586 0.505836
8.2105 -0.134034 0.537264
8.63546 -0.142501 0.568203
9.05727 -0.150999 0.598585
9.47131 -0.159515 0.628126
9.87311 -0.168031 0.656703
10.2584 -0.176552 0.684248
10.6233 -0.185088 0.710388
10.9643 -0.193641 0.734646
11.2787 -0.20222 0.756607
11.5636 -0.21085 0.775803
11.8166 -0.219534 0.791353
12.0348 -0.228279 0.802435
12.2151 -0.237122 0.808677
12.3547 -0.246004 0.809791
12.4518 -0.254909 0.805954
12.5056 -0.263832 0.798209
12.5161 -0.272618 0.788206
12.4833 -0.28109 0.776948
12.4084 -0.289068 0.76463
12.2939 -0.296364 0.751139
12.1425 -0.302816 0.73559
11.9551 -0.308382 0.715968
11.7344 -0.313242 0.689579
11.4869 -0.317734 0.655968
11.2236 -0.322172 0.617632
10.9588 -0.326658 0.578782
10.7056 -0.331128 0.543375
10.4709 -0.335532 0.513294
10.2557 -0.339783 0.486343
10.0573 -0.343762 0.456068
9.87163 -0.34733 0.417642
9.69594 -0.350242 0.372552
9.52915 -0.352155 0.32482
9.37102 -0.352727 0.275252
9.22257 -0.351753 0.224585
9.08665 -0.348983 0.175231
8.96695 -0.344698 0.129338
8.86384 -0.339631 0.107662
8.76677 -0.33602 0.123213
8.65797 -0.335902 0.150483
8.52633 -0.336946 0.176606
8.37044 -0.336327 0.200537
8.19215 -0.333673 0.216523
7.99184 -0.33 0.222894
7.76602 -0.32659 0.21988
7.5078 -0.323823 0.207833
7.21248 -0.321582 0.183009
6.88051 -0.319486 0.14622
6.51641 -0.317298 0.100068
6.12483 -0.31475 0.046261
5.70637 -0.311292 -0.0129998
5.2586 -0.306382 -0.0692328
4.77813 -0.300143 -0.118616
4.266 -0.294427 -0.15248
3.72592 -0.28993 -0.15952
3.15817 -0.285212 -0.137386
2.56382 -0.278234 -0.0951934
1.95432 -0.267971 -0.0472084
1.34498 -0.25658 0.000409862
0.735057 -0.24541 0.044859
0.114588 -0.234622 0.0807466
-0.522796 -0.224177 0.107281
-1.18034 -0.213189 0.134366
-1.85576 -0.201062 0.160816
-2.54075 -0.186938 0.180537
-3.22651 -0.170348 0.191
-3.90933 -0.152026 0.196531
-4.58675 -0.133387 0.202022
-5.25496 -0.115134 0.206509
-5.91293 -0.0973118 0.209822
-6.5609 -0.0805675 0.215509
-7.19647 -0.0644899 0.228146
-7.8172 -0.0474093 0.243317
-8.42437 -0.0281468 0.260076
-9.02065 -0.00677347 0.283263
-9.60587 0.0153425 0.311625
-10.1782 0.0369966 0.346411
-10.7372 0.0573087 0.386059
-11.2834 0.0758345 0.42732
-11.8169 0.0930923 0.471586
-12.3396 0.109338 0.519362
-12.8521 0.126264 0.575049
-13.3489 0.145171 0.63696
-13.8292 0.16422 0.698794
-14.304 0.182734 0.759402
-14.782 0.200372 0.822091
-15.2646 0.216981 0.885215
-15.7482 0.233371 0.947095
-16.224 0.249052 1.00534
-16.6831 0.263476 1.05436
-17.1205 0.275936 1.09478
-17.5374 0.28603 1.12531
-17.9366 0.294389 1.14744
-18.3178 0.301342 1.16381
-18.6805 0.307155 1.17672
-19.0261 0.311902 1.18716
-19.3552 0.315851 1.19392
-19.6655 0.319186 1.19755
-19.9538 0.321266 1.19925
-20.2198 0.321651 1.20045
-20.465 0.32047 1.20094
-20.6904 0.318279 1.20157
-20.8969 0.315309 1.20316
-21.0875 0.311324 1.20579
-21.2662 0.306155 1.20939
-21.4352 0.299783 1.21349
-21.5948 0.292239 1.21769
-21.7447 0.283358 1.2218
-21.8842 0.273004 1.22587
-22.0128 0.261352 1.22924
-22.1293 0.248802 1.23121
-22.2338 0.235636 1.23145
-22.3276 0.221826 1.23007
-22.4137 0.207188 1.22754
-22.4938 0.191621 1.22438
-22.5679 0.175182 1.22081
-22.6348 0.157972 1.21711
-22.6933 0.14012 1.21397
-22.7412 0.121806 1.21215
-22.7762 0.103247 1.21173
-22.7966 0.0846631 1.21278
-22.8015 0.0661921 1.2154
-22.7905 0.0478313 1.21927
-22.7631 0.0294169 1.22394
-22.7187 0.0107918 1.22857
-22.6565 -0.00795632 1.2326
-22.5757 -0.0266272 1.23559
-22.4756 -0.0451107 1.2369
-22.3556 -0.0634444 1.23587
-22.2156 -0.0817246 1.23232
-22.0551 -0.09989 1.22667
-21.8733 -0.117867 1.21967
-21.6691 -0.135639 1.21171
-21.4419 -0.153143 1.2031
-21.1916 -0.170289 1.19472
-20.9185 -0.186987 1.18731
-20.6233 -0.203211 1.18047
-20.3086 -0.218871 1.17382
-19.978 -0.233786 1.16727
-19.6361 -0.247856 1.16058
-19.2861 -0.261106 1.15324
-18.9295 -0.273631 1.14439
-18.5671 -0.285484 1.13328
-18.1995 -0.296678 1.11947
-17.8265 -0.307247 1.10274
-17.447 -0.317198 1.08277
-17.06 -0.326491 1.05958
-16.665 -0.335063 1.03353
-16.2625 -0.342883 1.0052
-15.8523 -0.349976 0.97501
-15.4346 -0.356345 0.943271
-15.0096 -0.36194 0.910893
-14.5778 -0.36683 0.878423
-14.1398 -0.370858 0.847065
-13.6959 -0.373668 0.818711
-13.245 -0.375178 0.793452
-12.7852 -0.375766 0.770345
-12.3155 -0.37617 0.748923
-11.8379 -0.376512 0.729636
-11.3551 -0.376524 0.71274
-10.8687 -0.376243 0.698475
-10.3799 -0.375817 0.68714
-9.89058 -0.375072 0.679022
-9.40454 -0.373453 0.674645
-8.92504 -0.370795 0.674375
-8.45349 -0.367368 0.677378
-7.98988 -0.363269 0.681612
-7.53369 -0.35832 0.685742
-7.08482 -0.352426 0.689427
-6.64395 -0.345875 0.692759
-6.21281 -0.339134 0.696149
-5.79417 -0.332481 0.699864
-5.39055 -0.325961 0.7041
-5.00308 -0.319545 0.708646
-4.63146 -0.313224 0.712879
-4.27434 -0.306981 0.716378
-3.93004 -0.300822 0.71867
-3.59704 -0.294859 0.719269
-3.27358 -0.289254 0.718099
-2.95781 -0.284044 0.715609
-2.64813 -0.279031 0.712448
-2.34299 -0.273896 0.709253
-2.04042 -0.268426 0.706159
-1.73773 -0.262594 0.70289
-1.43251 -0.256519 0.699777
-1.12372 -0.250369 0.699108
-0.812222 -0.24425 0.701693
-0.500562 -0.238228 0.705734
-0.191811 -0.232182 0.710597
0.111934 -0.225977 0.71598
0.409953 -0.219921 0.721344
0.702009 -0.214478 0.726283
0.987859 -0.209864 0.73099
1.26805 -0.206274 0.736281
1.54401 -0.203943 0.742605
1.81723 -0.202885 0.74975
2.08892 -0.202956 0.757023
2.35968 -0.204 0.763893
2.62921 -0.205825 0.770417
2.89673 -0.208382 0.777241
3.16167 -0.211692 0.785343
3.42371 -0.215691 0.795607
3.68275 -0.22034 0.808342
3.93851 -0.225634 0.823297
4.19013 -0.231588 0.839872
4.43636 -0.238275 0.85733
4.67597 -0.245798 0.874948
4.90772 -0.254258 0.892203
5.13028 -0.263725 0.908717
5.34226 -0.274222 0.924235
5.54223 -0.285783 0.9386
5.72927 -0.298498 0.951621
5.90309 -0.31249 0.962961
6.06388 -0.327809 0.972328
6.21193 -0.344349 0.979816
6.34734 -0.36184 0.985877
6.46986 -0.37993 0.991169
6.57905 -0.398309 0.996297
6.67474 -0.4168 1.00155
6.75731 -0.435354 1.00683
6.82734 -0.453983 1.01186
6.88502 -0.472711 1.01642
6.93005 -0.491557 1.02039
6.96181 -0.510566 1.02378
6.97986 -0.529827 1.02675
6.98443 -0.549453 1.02933
6.97641 -0.569549 1.03128
6.95733 -0.590209 1.0322
6.9291 -0.611515 1.03194
6.89369 -0.633512 1.03059
6.85272 -0.656194 1.02795
6.80719 -0.679542 1.02335
6.75747 -0.703485 1.01623
6.70362 -0.727839 1.00673
6.64565 -0.752354 0.995429
6.58365 -0.776741 0.982926
6.51777 -0.800735 0.969592
6.44815 -0.824165 0.955608
6.37502 -0.846964 0.941134
6.29869 -0.86915 0.926353
6.21933 -0.890815 0.911438
6.1369 -0.912123 0.896578
6.05105 -0.933231 0.882047
5.96141 -0.95424 0.867851
5.86783 -0.975231 0.854061
5.77045 -0.996209 0.840865
5.66924 -1.01708 0.828299
5.56365 -1.03775 0.81657
5.45264 -1.05808 0.805792
5.33487 -1.078 0.796029
5.20891 -1.09747 0.787154
5.07341 -1.11647 0.778649
4.92697 -1.13499 0.770112
4.76824 -1.15303 0.761311
4.59615 -1.17065 0.751966
4.41021 -1.18791 0.741859
4.21048 -1.20489 0.730856
3.99722 -1.22162 0.718732
3.77056 -1.23807 0.705324
3.53044 -1.2542 0.690795
3.27699 -1.26992 0.675482
3.01082 -1.28514 0.659966
2.73291 -1.29969 0.645009
2.44454 -1.31328 0.631436
2.14751 -1.32544 0.619864
1.84468 -1.33561 0.61058
1.54015 -1.34333 0.603326
1.23821 -1.34845 0.597146
0.941974 -1.35106 0.590954
0.652839 -1.35156 0.584073
0.370269 -1.35052 0.575973
0.0922344 -1.34828 0.566294
-0.183249 -1.34498 0.555208
-0.456963 -1.34054 0.542806
-0.728385 -1.33467 0.529004
-0.996848 -1.32677 0.513776
-1.26231 -1.31596 0.498222
-1.52501 -1.30148 0.483716
-1.78509 -1.28331 0.470979
-2.04301 -1.26247 0.459069
-2.29943 -1.24006 0.447893
-2.55428 -1.21613 0.439017
-2.80723 -1.19024 0.433582
-3.05841 -1.16236 0.431354
-3.30864 -1.13308 0.430445
-3.55861 -1.10299 0.430361
-3.8078 -1.07192 0.431899
-4.05463 -1.03918 0.435961
-4.2974 -1.0042 0.442848
-4.53477 -0.966905 0.452291
-4.76622 -0.92799 0.463832
-4.99152 -0.888622 0.476424
-5.20958 -0.849352 0.488376
-5.4183 -0.809769 0.498403
-5.61565 -0.769143 0.506227
-5.80009 -0.726863 0.51167
-5.97036 -0.682602 0.513776
-6.12557 -0.636502 0.511501
-6.26517 -0.589235 0.504125
-6.38888 -0.541781 0.491174
-6.49673 -0.494835 0.47315
-6.58919 -0.448089 0.45223
-6.66738 -0.400668 0.431639
-6.734 -0.352428 0.414121
-6.79299 -0.304212 0.400711
-6.84812 -0.257112 0.390895
-6.90248 -0.211954 0.383627
-6.95838 -0.16916 0.378229
-7.01728 -0.128619 0.374866
-7.0798 -0.0897743 0.374104
-7.14612 -0.0520734 0.376061
-7.21635 -0.0153672 0.380277
-7.29027 0.0201918 0.386295
-7.36672 0.0546352 0.392772
-7.44394 0.0882914 0.396646
-7.5204 0.121355 0.395762
-7.59523 0.153396 0.38948
-7.66826 0.183463 0.3777
-7.73937 0.210969 0.362492
-7.80737 0.236655 0.34688
-7.87112 0.261408 0.333542
-7.93214 0.284572 0.324663
-7.99303 0.305164 0.320277
-8.0555 0.322985 0.319498
-8.12039 0.338152 0.3224
-8.18818 0.350944 0.329504
-8.25949 0.361921 0.341885
-8.33607 0.371386 0.359429
-8.4205 0.378959 0.378391
-8.51414 0.384272 0.39585
-8.61656 0.387581 0.410789
-8.72692 0.389383 0.422263
-8.845 0.389945 0.429779
-8.97097 0.389221 0.433029
-9.10435 0.38691 0.432412
-9.24338 0.38276 0.429424
-9.38567 0.376821 0.42649
-9.52946 0.369399 0.425796
-9.67404 0.360753 0.42865
-9.81932 0.350829 0.435257
-9.96459 0.339422 0.445218
-10.1084 0.326533 0.457987
-10.2493 0.312508 0.47305
-10.387 0.297836 0.489768
-10.5221 0.28287 0.507201
-10.6541 0.267758 0.524086
-10.7819 0.252544 0.539142
-10.9041 0.237224 0.55148
-11.0207 0.221875 0.560786
-11.1328 0.206695 0.56717
-11.2411 0.191786 0.571016
-11.3449 0.177052 0.572975
-11.4428 0.16231 0.574018
-11.5337 0.147433 0.575222
-11.6181 0.132406 0.577481
-11.6967 0.117354 0.581307
-11.7698 0.102524 0.586858
-11.8367 0.0881799 0.594016
-11.8968 0.0745048 0.602432
-11.9496 0.0615864 0.611457
-11.9949 0.0494766 0.620167
-12.0326 0.0382558 0.627684
-12.0618 0.028032 0.633397
-12.0815 0.0188868 0.637034
-12.0917 0.0108215 0.638632
-12.0932 0.0037385 0.638415
-12.087 -0.00254462 0.636679
-12.0734 -0.00824633 0.633826
-12.0516 -0.0135479 0.630366
-12.0205 -0.0185593 0.626929
-11.9797 -0.0233457 0.624078
-11.9297 -0.0279388 0.622033
-11.871 -0.0323189 0.620684
-11.804 -0.0364204 0.619794
-11.7285 -0.0401615 0.619042
-11.6445 -0.0434699 0.618031
-11.5521 -0.0462941 0.616315
-11.4516 -0.0486401 0.613422
-11.3427 -0.0505914 0.609008
-11.2243 -0.0522631 0.602919
-11.0957 -0.0537712 0.595271
-10.9564 -0.0552576 0.586418
-10.807 -0.0569162 0.576795
-10.648 -0.0589667 0.56682
-10.4798 -0.0616051 0.556812
-10.3023 -0.0649736 0.547023
-10.1155 -0.0691489 0.537656
-9.91952 -0.0741497 0.528834
-9.71445 -0.0799556 0.520505
-9.50016 -0.0865228 0.512383
-9.27613 -0.0937971 0.504032
-9.0416 -0.101728 0.495022
-8.79602 -0.110288 0.485023
-8.53926 -0.11949 0.473856
-8.27151 -0.129394 0.461449
-7.99299 -0.140085 0.447798
-7.7038 -0.151647 0.433079
-7.40396 -0.164144 0.417702
-7.09403 -0.177619 0.402185
-6.77557 -0.192094 0.387065
-6.45104 -0.207578 0.372709
-6.1237 -0.224087 0.359305
-5.79693 -0.241618 0.346979
-5.47395 -0.260126 0.335755
-5.15775 -0.279579 0.325789
-4.85103 -0.299869 0.317082
-4.55613 -0.320631 0.309409
-4.27495 -0.341381 0.302871
-4.00856 -0.362171 0.297708
-3.75837 -0.383438 0.292932
-3.52765 -0.405385 0.288394
-3.32096 -0.428007 0.285861
-3.14151 -0.450967 0.285998
-2.9873 -0.473349 0.291224
-2.85039 -0.494127 0.303759
-2.72147 -0.513021 0.321208
-2.59448 -0.530745 0.340047
-2.46783 -0.54823 0.358228
-2.34279 -0.565987 0.374996
-2.22126 -0.584204 0.390328
-2.10412 -0.602603 0.404119
-1.98997 -0.620724 0.415598
-1.8756 -0.638128 0.424323
-1.7573 -0.654477 0.430272
-1.63175 -0.669653 0.433344
-1.49676 -0.683504 0.43327
-1.35102 -0.695881 0.430259
-1.19387 -0.706571 0.425493
-1.02496 -0.71536 0.421467
-0.844289 -0.722348 0.420306
-0.652854 -0.728155 0.422418
-0.452139 -0.733307 0.427246
-0.243142 -0.737476 0.433358
-0.0263626 -0.740063 0.440297
0.19804 -0.741008 0.448611
0.430301 -0.740806 0.458574
0.670635 -0.739966 0.470637
0.918832 -0.738714 0.483848
1.17458 -0.737309 0.496832
1.43778 -0.736172 0.509417
1.70875 -0.73568 0.521903
1.98797 -0.735945 0.536761
2.27557 -0.736787 0.553945
2.57132 -0.737973 0.570998
2.87476 -0.739369 0.587687
3.1853 -0.740861 0.604262
3.50222 -0.742258 0.621166
3.82469 -0.743382 0.63889
4.15163 -0.744206 0.657329
4.48171 -0.744912 0.676221
4.81339 -0.745815 0.69549
5.14505 -0.747157 0.714986
5.47489 -0.749001 0.734574
5.80104 -0.751309 0.753721
6.12173 -0.75405 0.771825
6.43534 -0.757203 0.788809
6.74025 -0.76071 0.804922
7.03482 -0.764441 0.820339
7.31753 -0.768207 0.834974
7.58736 -0.77184 0.848561
7.84397 -0.775248 0.860941
8.08769 -0.778385 0.871969
8.31901 -0.781218 0.881629
8.53818 -0.783793 0.89019
8.74517 -0.786311 0.897996
8.93962 -0.78907 0.905415
9.12097 -0.792381 0.912642
9.28858 -0.796523 0.919633
9.44163 -0.801708 0.926291
9.57899 -0.808039 0.932527
9.69919 -0.815518 0.938121
9.80045 -0.824079 0.94301
9.88109 -0.833601 0.947616
9.93994 -0.843923 0.95215
9.97662 -0.854836 0.957382
9.99149 -0.866074 0.960735
9.98562 -0.877412 0.959379
9.96054 -0.888715 0.955886
9.91739 -0.899878 0.951229
9.8568 -0.910828 0.943089
9.77981 -0.921517 0.931111
9.68872 -0.931908 0.916996
9.58633 -0.941979 0.900938
9.47433 -0.951712 0.882417
9.3529 -0.961153 0.861417
9.22181 -0.970384 0.838167
9.08167 -0.979485 0.813215
8.93421 -0.988479 0.787166
8.78135 -0.997338 0.760634
8.62423 -1.00608 0.734115
8.46319 -1.01477 0.707655
8.29856 -1.02349 0.681217
8.13117 -1.03231 0.65519
7.96199 -1.04127 0.630474
7.79116 -1.05029 0.608545
7.61742 -1.05927 0.591235
7.43853 -1.06813 0.579151
7.25217 -1.07679 0.570809
7.05676 -1.08521 0.564319
6.85131 -1.09332 0.558621
6.63485 -1.10115 0.552377
6.40611 -1.10877 0.543849
6.16377 -1.11624 0.531996
5.90719 -1.12359 0.516324
5.63661 -1.13079 0.496986
5.35273 -1.1378 0.474525
5.05591 -1.14451 0.449784
4.74594 -1.15082 0.42369
4.42262 -1.15661 0.39774
4.08653 -1.16187 0.373993
3.73906 -1.16655 0.354158
3.38184 -1.17035 0.339067
3.01645 -1.17254 0.328425
2.64501 -1.1724 0.321112
2.2706 -1.16962 0.316069
1.89613 -1.16429 0.312446
1.52298 -1.15686 0.310228
1.15072 -1.14788 0.309643
0.777576 -1.13784 0.309358
0.401742 -1.12705 0.308053
0.0222486 -1.1155 0.304386
-0.360481 -1.10281 0.297749
-0.744967 -1.08824 0.288732
-1.12925 -1.07101 0.278187
-1.51156 -1.05048 0.266842
-1.89079 -1.02634 0.254686
-2.26612 -0.998893 0.242541
-2.63681 -0.968819 0.231809
-3.00174 -0.936641 0.223975
-3.35935 -0.902397 0.220839
-3.70808 -0.866036 0.223745
-4.04631 -0.827984 0.232449
-4.37196 -0.788883 0.245837
-4.68264 -0.748469 0.263123
-4.97748 -0.706007 0.282674
-5.2578 -0.661875 0.303756
-5.52565 -0.617084 0.327146
-5.78239 -0.572026 0.35252
-6.02854 -0.526566 0.37845
-6.26414 -0.480663 0.403551
-6.48906 -0.434468 0.426805
-6.70314 -0.388013 0.4474
-6.9066 -0.34127 0.464601
-7.10011 -0.294372 0.477917
-7.28455 -0.247595 0.487328
-7.46067 -0.201192 0.493289
-7.62889 -0.155297 0.496401
-7.78947 -0.110003 0.497149
-7.94286 -0.0654383 0.495665
-8.08987 -0.0218017 0.491846
-8.23155 0.0206662 0.48579
-8.36849 0.0617623 0.478231
-8.50024 0.101191 0.46925
-8.6264 0.138844 0.459349
-8.74709 0.174934 0.449477
-8.86246 0.209526 0.440198
-8.97267 0.242616 0.431728
-9.07746 0.274113 0.423759
-9.17642 0.303804 0.416398
-9.26947 0.331484 0.409726
-9.35689 0.357008 0.403835
-9.43917 0.380337 0.398949
-9.51676 0.401449 0.395281
-9.5903 0.42033 0.392875
-9.66067 0.436862 0.391441
-9.72893 0.450776 0.39063
-9.79593 0.461872 0.390574
-9.86219 0.470217 0.391238
-9.92816 0.476038 0.392249
-9.99411 0.47942 0.393575
-10.0596 0.48025 0.395498
-10.1235 0.478424 0.398034
-10.1849 0.473979 0.400846
-10.2433 0.467037 0.403731
-10.2981 0.457689 0.407144
-10.3483 0.445979 0.411557
-10.3925 0.431961 0.41687
-10.4303 0.415706 0.422766
-10.462 0.397278 0.429246
-10.4877 0.376757 0.436749
-10.5061 0.354248 0.445359
-10.5152 0.329848 0.455038
-10.5138 0.303627 0.465411
-10.5022 0.275723 0.47603
-10.4816 0.246434 0.486876
-10.4536 0.216148 0.497785
-10.4192 0.185134 0.508481
-10.3793 0.153457 0.518384
-10.3351 0.121102 0.52693
-10.2875 0.0880449 0.533896
-10.237 0.0542797 0.539224
-10.183 0.0199139 0.542733
-10.124 -0.0148451 0.544148
-10.0587 -0.049818 0.54333
-9.98676 -0.0849191 0.540363
-9.90786 -0.120085 0.535431
-9.82138 -0.155165 0.52881
-9.72633 -0.189898 0.520811
-9.62179 -0.223984 0.511594
-9.50745 -0.257168 0.501182
-9.38345 -0.289275 0.489733
-9.24997 -0.320191 0.477612
-9.10663 -0.349808 0.465237
-8.95255 -0.378012 0.452915
-8.78704 -0.404684 0.44075
-8.6102 -0.429724 0.428706
-8.42265 -0.453113 0.416812
-8.22511 -0.474899 0.405229
-8.01796 -0.495111 0.394123
-7.80137 -0.513727 0.383623
-7.57558 -0.530708 0.373722
-7.34097 -0.545981 0.364343
-7.0979 -0.559422 0.355354
-6.84654 -0.57085 0.34658
-6.58701 -0.580068 0.337668
-6.31956 -0.586982 0.328125
-6.04453 -0.591704 0.317797
-5.76233 -0.594471 0.306679
-5.47341 -0.595474 0.294843
-5.17804 -0.594838 0.282461
-4.87626 -0.592672 0.269717
-4.56831 -0.589038 0.25703
-4.25496 -0.583882 0.24491
-3.93755 -0.577076 0.23376
-3.61744 -0.56854 0.223976
-3.29576 -0.558314 0.215713
-2.97353 -0.546656 0.209043
-2.65196 -0.534114 0.203716
-2.33249 -0.521309 0.198821
-2.01683 -0.508478 0.193748
-1.70642 -0.495399 0.188852
-1.40169 -0.481815 0.185061
-1.10221 -0.467678 0.183094
-0.807298 -0.453163 0.182856
-0.516372 -0.438525 0.18401
-0.229173 -0.423866 0.186715
0.0541191 -0.409106 0.191248
0.332857 -0.394085 0.19768
0.606299 -0.378764 0.205893
0.873728 -0.363223 0.215818
1.13439 -0.347539 0.227256
1.38767 -0.331737 0.240086
1.6333 -0.315818 0.253878
1.87143 -0.299791 0.268098
2.10228 -0.283626 0.282638
2.32582 -0.267265 0.297487
2.54149 -0.25065 0.312835
2.74839 -0.233731 0.328808
2.9457 -0.216501 0.345439
3.13291 -0.19902 0.362519
3.30979 -0.181416 0.379485
3.47617 -0.163856 0.395879
3.63186 -0.146495 0.411478
3.77661 -0.129473 0.426087
3.91028 -0.11289 0.439507
4.03282 -0.096804 0.451503
4.14423 -0.0812619 0.461843
4.24453 -0.0663272 0.470402
4.3338 -0.0520594 0.477222
4.41223 -0.0384573 0.482461
4.48025 -0.0254559 0.486279
4.53858 -0.0129762 0.48888
4.58821 -0.000969357 0.49047
4.63023 0.0105836 0.491229
4.66567 0.0216826 0.491373
4.69547 0.0323034 0.491083
4.72049 0.0424152 0.490462
4.74145 0.0520006 0.489565
4.75899 0.0610422 0.488458
4.77349 0.0694939 0.487238
4.78507 0.0772795 0.485949
4.79359 0.0843161 0.484599
4.79886 0.0905308 0.483103
4.80085 0.0958557 0.481242
4.79963 0.100227 0.478805
4.79524 0.10359 0.475714
4.78758 0.105893 0.472022
4.77633 0.107116 0.46792
4.76105 0.107286 0.4637
4.7413 0.106476 0.459593
4.71667 0.104782 0.455726
4.68683 0.102271 0.452117
4.65151 0.0989931 0.448668
4.6106 0.0949754 0.445186
4.56412 0.0901979 0.441351
4.51213 0.0846105 0.436833
4.45477 0.0781649 0.431488
4.39212 0.0708252 0.425345
4.32425 0.0625575 0.418518
4.25126 0.0533334 0.411202
4.17332 0.0431446 0.403627
4.09065 0.0320159 0.396024
4.00351 0.0200148 0.388623
3.91212 0.00724124 0.381575
3.81671 -0.00618824 0.374841
3.71751 -0.0201635 0.368263
3.61471 -0.034614 0.361668
3.50839 -0.0495228 0.354879
3.39847 -0.0649158 0.347788
3.28477 -0.0808357 0.340377
3.1671 -0.0973144 0.332512
3.04532 -0.114356 0.324056
2.91941 -0.131925 0.314899
2.7895 -0.149955 0.304916
2.65577 -0.16836 0.294132
2.5185 -0.187049 0.282588
2.37793 -0.205926 0.270331
2.23427 -0.224904 0.257511
2.08772 -0.243909 0.244397
1.93841 -0.262882 0.231167
1.7863 -0.281782 0.218106
1.63109 -0.300586 0.205906
1.47239 -0.31921 0.195815
1.30985 -0.337478 0.189104
1.14272 -0.35548 0.185534
0.969748 -0.373752 0.182997
0.789886 -0.392797 0.180448
0.602925 -0.412379 0.178114
0.409307 -0.431504 0.175756
0.209149 -0.449484 0.173258
0.00167421 -0.46651 0.170909
-0.214433 -0.483167 0.169073
-0.440241 -0.499888 0.167558
-0.675954 -0.516835 0.165842
-0.92085 -0.534045 0.163757
-1.17338 -0.551359 0.161856
-1.43149 -0.568292 0.161122
-1.69338 -0.584226 0.162206
-1.95798 -0.598805 0.165164
-2.22492 -0.612102 0.169865
-2.49375 -0.62445 0.175932
-2.76276 -0.636146 0.183744
-3.02886 -0.647183 0.193458
-3.28911 -0.657193 0.203699
-3.54228 -0.66577 0.213187
-3.78852 -0.67274 0.221458
-4.02818 -0.678163 0.228549
-4.26131 -0.682148 0.234713
-4.48764 -0.684638 0.240674
-4.7068 -0.68527 0.24694
-4.91883 -0.683666 0.253698
-5.12438 -0.679899 0.261269
-5.32409 -0.674382 0.269995
-5.51811 -0.667513 0.279989
-5.70631 -0.659449 0.29092
-5.88876 -0.650065 0.30243
-6.06577 -0.639083 0.314313
-6.23752 -0.626337 0.326424
-6.40399 -0.61191 0.338442
-6.56509 -0.596031 0.3499
-6.72094 -0.5789 0.360382
-6.87178 -0.560561 0.369694
-7.01764 -0.540922 0.377805
-7.15808 -0.519877 0.384755
-7.29231 -0.497468 0.390611
-7.41943 -0.473893 0.395417
-7.53865 -0.449406 0.399196
-7.64931 -0.4242 0.402069
-7.75082 -0.398347 0.404282
-7.84265 -0.371861 0.406108
-7.92434 -0.34479 0.407709
-7.9956 -0.317267 0.409057
-8.05639 -0.289454 0.409999
-8.10671 -0.261474 0.41035
-8.14654 -0.23337 0.409946
-8.17584 -0.205134 0.408703
-8.19471 -0.176768 0.406599
-8.20346 -0.148337 0.403644
-8.20269 -0.119981 0.399885
-8.19311 -0.0918727 0.395382
-8.17544 -0.0641669 0.390288
-8.15032 -0.0369787 0.384801
-8.11849 -0.0104089 0.3791
-8.08076 0.015429 0.373309
-8.03793 0.040405 0.367477
-7.99056 0.0643884 0.361609
-7.93903 0.0872748 0.355632
-7.88356 0.109005 0.349444
-7.82422 0.129552 0.342934
-7.76087 0.148902 0.335988
-7.69317 0.167034 0.328487
-7.6207 0.183922 0.320354
-7.54322 0.199528 0.311625
-7.46076 0.213806 0.302457
-7.37354 0.226714 0.293095
-7.28185 0.238212 0.283839
-7.18588 0.248247 0.274988
-7.08579 0.256751 0.266795
-6.98189 0.263667 0.259443
-6.87454 0.268977 0.253041
-6.76406 0.272697 0.247593
-6.65065 0.274863 0.242945
-6.53449 0.275512 0.238818
-6.41583 0.274677 0.234882
-6.29506 0.272393 0.230827
-6.17244 0.268696 0.226434
-6.04797 0.263637 0.221563
-5.92137 0.257269 0.216144
-5.79227 0.249644 0.210218
-5.6604 0.240804 0.203918
-5.52569 0.230792 0.197429
-5.38807 0.21967 0.190989
-5.24743 0.207516 0.184903
-5.10358 0.194413 0.179393
-4.95649 0.180443 0.174488
-4.80632 0.165695 0.170215
-4.65343 0.150308 0.166564
-4.49819 0.134473 0.163453
-4.34072 0.11827 0.160716
-4.18086 0.101592 0.158068
-4.01886 0.0844258 0.155257
-3.85573 0.0670078 0.152136
-3.69249 0.0496074 0.148647
-3.52976 0.0323629 0.144733
-3.3678 0.0153187 0.14042
-3.20666 -0.00150611 0.135905
-3.04631 -0.0180942 0.131598
-2.8867 -0.034427 0.128008
-2.72796 -0.0504788 0.125585
-2.57042 -0.0662142 0.124586
-2.41463 -0.0816369 0.12495
-2.26119 -0.0968156 0.126563
-2.11071 -0.111821 0.129311
-1.96377 -0.126674 0.133022
-1.8208 -0.141356 0.137496
-1.68195 -0.155814 0.142499
-1.5472 -0.169974 0.14775
-1.41658 -0.183764 0.152956
-1.29026 -0.197155 0.157847
-1.16849 -0.210154 0.162191
-1.05139 -0.222768 0.165832
-0.938774 -0.234976 0.168732
-0.830283 -0.246734 0.170967
-0.725487 -0.258013 0.17266
-0.624028 -0.268818 0.173967
-0.52564 -0.279187 0.175086
-0.430077 -0.289172 0.176239
-0.337131 -0.298824 0.177632
-0.24672 -0.30818 0.179453
-0.158965 -0.317264 0.181835
-0.0741314 -0.326081 0.184748
0.00754332 -0.334623 0.188046
0.0859488 -0.342872 0.191547
0.161067 -0.350814 0.195053
0.232837 -0.358436 0.198447
0.301071 -0.365709 0.201675
0.365566 -0.372601 0.204687
0.426285 -0.379104 0.207436
0.483439 -0.385238 0.209852
0.537375 -0.391012 0.211892
0.588436 -0.396419 0.213587
0.636934 -0.401445 0.215029
0.683179 -0.406073 0.216339
0.727514 -0.410286 0.2176
0.770292 -0.414077 0.21885
0.811754 -0.417444 0.220128
0.851994 -0.420379 0.221487
0.891016 -0.42287 0.222968
0.928853 -0.424907 0.224581
0.965615 -0.42649 0.226292
1.00137 -0.42763 0.228035
1.03598 -0.42834 0.22976
1.06892 -0.428626 0.231455
1.0993 -0.428488 0.233127
1.12612 -0.427924 0.234756
1.14848 -0.426934 0.236292
1.16572 -0.425522 0.237667
1.17741 -0.423708 0.238812
1.18325 -0.421517 0.239681
1.18299 -0.418969 0.240229
1.17641 -0.416066 0.240387
1.16324 -0.412798 0.240086
1.1431 -0.409145 0.239302
1.11561 -0.405092 0.238075
1.08052 -0.40064 0.236481
1.0379 -0.395799 0.234578
0.988145 -0.390588 0.232368
0.931863 -0.385036 0.229813
0.869685 -0.379172 0.226873
0.802103 -0.373025 0.223527
0.72947 -0.366614 0.219782
0.652067 -0.359941 0.215646
0.570172 -0.352992 0.211151
0.4841 -0.345745 0.206307
0.394192 -0.338178 0.201194
0.300796 -0.330273 0.195914
0.204243 -0.322024 0.190522
0.104795 -0.313456 0.185161
0.00261289 -0.304634 0.180058
-0.102224 -0.295645 0.175252
-0.209642 -0.286523 0.170685
-0.319479 -0.27722 0.166385
-0.431536 -0.267669 0.162309
-0.545627 -0.257856 0.158392
-0.661539 -0.247812 0.154597
-0.778982 -0.237573 0.150942
-0.897617 -0.227164 0.147492
-1.01707 -0.216585 0.144327
-1.1369 -0.205833 0.141546
-1.25664 -0.19489 0.139175
-1.37581 -0.183731 0.13717
-1.49405 -0.172349 0.135502
-1.61113 -0.160766 0.134101
-1.72691 -0.14901 0.132868
-1.84125 -0.13709 0.131656
-1.95394 -0.124983 0.130327
-2.06469 -0.112664 0.12883
-2.17315 -0.100123 0.127192
-2.27896 -0.0873677 0.125447
-2.38183 -0.0744182 0.123608
-2.48156 -0.0613044 0.12169
-2.5781 -0.0480738 0.119776
-2.67153 -0.0347805 0.118023
-2.76207 -0.0214671 0.116602
-2.84995 -0.00816485 0.115651
-2.93539 0.00509752 0.115234
-3.01856 0.0182931 0.115332
-3.09959 0.0313975 0.115852
-3.17863 0.0443839 0.116646
-3.25599 0.0572067 0.117521
-3.33208 0.0697834 0.118294
-3.40737 0.0820014 0.118825
-3.48224 0.0937653 0.119079
-3.55684 0.10503 0.119161
-3.63102 0.115778 0.119287
-3.7044 0.125965 0.119681
-3.77643 0.135513 0.12046
-3.84652 0.144339 0.121641
-3.91406 0.152365 0.123209
-3.9786 0.159539 0.12517
-4.03979 0.165831 0.12758
-4.09741 0.171223 0.130411
-4.15134 0.175693 0.13357
-4.20153 0.179197 0.136924
-4.24801 0.181679 0.140314
-4.29086 0.183098 0.143621
-4.33014 0.183455 0.146766
-4.36591 0.182766 0.149702
-4.39823 0.181031 0.152395
-4.42731 0.178223 0.154829
-4.45341 0.174317 0.157021
-4.4769 0.169295 0.159028
-4.49807 0.163163 0.160918
-4.51709 0.155953 0.162737
-4.53396 0.147709 0.164501
-4.54854 0.138473 0.166188
-4.56061 0.128278 0.16775
-4.56988 0.11716 0.169125
-4.57602 0.105167 0.170257
-4.57874 0.0923647 0.171108
-4.57785 0.0788202 0.171662
-4.57334 0.0645928 0.171939
-4.56534 0.0497339 0.171986
-4.55401 0.0342948 0.171887
-4.53942 0.018338 0.171729
-4.52155 0.00194372 0.17158
-4.50031 -0.0147971 0.171484
-4.47575 -0.0317984 0.17148
-4.44805 -0.0489859 0.171604
-4.41756 -0.0662943 0.171874
-4.38465 -0.0836567 0.172296
-4.34955 -0.100993 0.172857
-4.31236 -0.118208 0.173517
-4.27305 -0.135205 0.17422
-4.23143 -0.15189 0.174892
-4.1873 -0.168181 0.175448
-4.1404 -0.184006 0.175827
-4.09059 -0.199301 0.176004
-4.03787 -0.214002 0.175999
-3.98239 -0.228047 0.175875
-3.92433 -0.24138 0.175721
-3.86384 -0.253952 0.175615
-3.80101 -0.265717 0.175572
-3.73594 -0.276635 0.175568
-3.66879 -0.286684 0.175557
-3.59975 -0.295853 0.175491
-3.529 -0.304132 0.175321
-3.45658 -0.311504 0.174978
-3.38244 -0.317948 0.174364
-3.30652 -0.323448 0.173371
-3.22878 -0.327996 0.171926
-3.14922 -0.331598 0.170011
-3.0678 -0.334273 0.167665
-2.98443 -0.336045 0.16497
-2.89904 -0.336946 0.162027
-2.81162 -0.337012 0.158944
-2.72239 -0.336282 0.155844
-2.63185 -0.334801 0.15286
-2.54069 -0.332616 0.150105
-2.44971 -0.32978 0.14767
-2.35976 -0.326343 0.145603
-2.27159 -0.322354 0.143914
-2.18585 -0.317854 0.142548
-2.10306 -0.312871 0.141373
-2.02353 -0.307418 0.140229
-1.9475 -0.301494 0.139
-1.87515 -0.295108 0.137615
-1.80668 -0.288298 0.136014
-1.74225 -0.281117 0.134243
-1.68193 -0.273602 0.132422
-1.62562 -0.265778 0.130661
-1.57315 -0.25769 0.129075
-1.52439 -0.249379 0.127755
-1.47937 -0.240868 0.126758
-1.43822 -0.232177 0.126095
-1.40111 -0.223336 0.125729
-1.36822 -0.214373 0.125586
-1.33962 -0.205317 0.125567
-1.31529 -0.196197 0.125569
-1.29511 -0.187038 0.125492
-1.27886 -0.177852 0.125221
-1.26624 -0.168646 0.124652
-1.25691 -0.159433 0.123767
-1.25049 -0.150244 0.122679
-1.24659 -0.141122 0.121555
-1.24486 -0.132114 0.120474
-1.24494 -0.123257 0.119513
-1.24645 -0.114552 0.118771
-1.24899 -0.105992 0.118302
-1.2522 -0.0976012 0.118118
-1.25577 -0.0894141 0.11821
-1.25942 -0.0814432 0.118524
-1.26285 -0.0736871 0.118942
-1.26577 -0.0661391 0.119329
-1.26795 -0.0587864 0.119545
-1.26921 -0.0516209 0.119503
-1.26951 -0.0446496 0.119176
-1.26882 -0.0378909 0.11858
-1.26711 -0.031363 0.117752
-1.26435 -0.0250786 0.116756
-1.26056 -0.019051 0.115678
-1.25591 -0.0132994 0.11462
-1.25071 -0.00784541 0.113683
-1.24533 -0.00270607 0.112942
-1.2401 0.00211166 0.112425
-1.23531 0.00661247 0.112121
-1.23122 0.0108088 0.112004
-1.22808 0.0147123 0.112014
-1.2262 0.0183291 0.112055
-1.22589 0.0216591 0.112001
-1.22742 0.0246944 0.11175
-1.23104 0.0274233 0.111271
-1.237 0.0298423 0.110575
-1.24554 0.0319527 0.109721
-1.25684 0.0337458 0.108794
-1.27089 0.0352006 0.107878
-1.28748 0.0362913 0.107035
-1.3063 0.0369996 0.106303
-1.32714 0.0373213 0.105695
-1.34987 0.0372641 0.105206
-1.3744 0.0368425 0.104838
-1.4006 0.0360727 0.104588
-1.4282 0.0349664 0.104451
-1.45691 0.0335302 0.104419
-1.48643 0.0317695 0.1045
-1.51659 0.0296912 0.104678
-1.54729 0.0273062 0.104928
-1.57858 0.0246278 0.105243
-1.61058 0.0216697 0.105658
-1.6435 0.0184433 0.106241
-1.67756 0.014958 0.107013
-1.71287 0.0112229 0.10789
-1.74945 0.00723848 0.108764
-1.78721 0.00299004 0.109561
-1.82605 -0.00153425 0.11021
-1.86605 -0.00631792 0.110682
-1.90738 -0.0113307 0.110983
-1.95011 -0.016559 0.111129
-1.99414 -0.0220025 0.111126
-2.03927 -0.0276593 0.111002
-2.08524 -0.0335228 0.110829
-2.13186 -0.0395799 0.110662
-2.17903 -0.0458056 0.11056
-2.2266 -0.0521674 0.11058
-2.27441 -0.0586341 0.110734
-2.3223 -0.0651788 0.11103
-2.37005 -0.0717724 0.111491
-2.41747 -0.0783793 0.11212
-2.46437 -0.0849616 0.112891
-2.51057 -0.0914837 0.11377
-2.55592 -0.0979187 0.114734
-2.60034 -0.10425 0.115772
-2.64387 -0.11047 0.116897
-2.68665 -0.116572 0.118144
-2.72877 -0.12255 0.119559
-2.77023 -0.128397 0.121185
-2.81087 -0.134102 0.123052
-2.85047 -0.13965 0.125187
-2.88881 -0.145028 0.127592
-2.92581 -0.150222 0.130233
-2.96148 -0.155221 0.13305
-2.99583 -0.160011 0.135976
-3.02892 -0.16458 0.138937
-3.06076 -0.168912 0.141858
-3.09132 -0.172993 0.144655
-3.12051 -0.17681 0.147232
-3.14821 -0.180345 0.149493
-3.17431 -0.183589 0.151373
-3.19875 -0.18653 0.152854
-3.22154 -0.189164 0.153949
-3.24269 -0.191487 0.154692
-3.26216 -0.193501 0.155127
-3.27981 -0.195204 0.155295
-3.29548 -0.196596 0.155236
-3.30907 -0.197673 0.154989
-3.32056 -0.198434 0.154592
-3.33004 -0.198878 0.154071
-3.33764 -0.199004 0.153441
-3.34343 -0.198807 0.152714
-3.34743 -0.198283 0.151895
-3.3496 -0.197429 0.150986
-3.34997 -0.196241 0.149982
-3.34857 -0.194723 0.148878
-3.34548 -0.19288 0.14768
-3.34074 -0.190719 0.146419
-3.33438 -0.188244 0.145147
-3.32649 -0.185465 0.143922
-3.31717 -0.182389 0.142795
-3.30656 -0.179027 0.141803
-3.2948 -0.175392 0.140976
-3.28198 -0.171497 0.140332
-3.26825 -0.167354 0.139878
-3.25383 -0.162974 0.139604
-3.23907 -0.15837 0.139483
-3.22435 -0.153554 0.139467
-3.21001 -0.14854 0.139506
-3.19633 -0.143341 0.139545
-3.18358 -0.13797 0.139526
-3.17192 -0.132441 0.139386
-3.16148 -0.126765 0.139063
-3.15229 -0.120951 0.138512
-3.14427 -0.115009 0.13772
-3.1373 -0.108947 0.136711
-3.13123 -0.102779 0.135532
-3.12587 -0.0965209 0.134239
-3.12093 -0.0901888 0.132891
-3.11602 -0.0837988 0.131538
-3.11066 -0.0773636 0.13022
-3.10438 -0.0708947 0.128964
-3.09676 -0.064404 0.127781
-3.08757 -0.0579051 0.126667
-3.07664 -0.051413 0.125615
-3.06388 -0.044943 0.12462
-3.0492 -0.0385101 0.123675
-3.03252 -0.0321291 0.122775
-3.01378 -0.0258144 0.121907
-2.99295 -0.0195801 0.12105
-2.96995 -0.0134402 0.120182
-2.94474 -0.00740782 0.119292
-2.91725 -0.00149631 0.118374
-2.88755 0.00428036 0.117433
-2.85578 0.00990834 0.11648
-2.82214 0.0153743 0.115522
-2.78685 0.0206634 0.114565
-2.7501 0.025759 0.113614
-2.71214 0.0306442 0.112668
-2.67324 0.0353015 0.111721
-2.63368 0.0397131 0.110749
-2.5937 0.043861 0.109728
-2.55344 0.0477291 0.108631
-2.51301 0.0513039 0.107422
-2.47251 0.0545747 0.106076
-2.43207 0.0575334 0.104584
-2.39186 0.0601721 0.10298
-2.35201 0.0624828 0.101322
-2.3126 0.0644562 0.0996789
-2.27365 0.0660792 0.0981343
-2.2352 0.0673363 0.0967871
-2.19736 0.0682137 0.095714
-2.16032 0.0687046 0.0949531
-2.12433 0.0688107 0.0945214
-2.08963 0.0685353 0.0944
-2.05648 0.0678796 0.0945842
-2.0251 0.0668483 0.0950352
-1.99565 0.0654496 0.0956278
-1.96818 0.0636878 0.0962201
-1.94264 0.0615599 0.0967065
-1.91889 0.0590665 0.0970283
-1.89682 0.0562202 0.0971746
-1.87638 0.0530345 0.0971818
-1.85752 0.0495102 0.0971342
-1.84009 0.045641 0.0971433
-1.82388 0.0414243 0.0973163
-1.8087 0.0368612 0.097737
-1.79447 0.0319578 0.0984795
-1.7812 0.0267282 0.0995891
-1.769 0.0211901 0.101038
-1.75799 0.0153584 0.102732
-1.74837 0.00924235 0.104558
-1.74036 0.00285341 0.106403
-1.73427 -0.00378349 0.108152
-1.73045 -0.010632 0.1097
-1.72908 -0.0176611 0.110965
-1.73017 -0.0248525 0.111899
-1.73354 -0.0321954 0.112486
-1.73893 -0.0396827 0.112757
-1.74606 -0.0473071 0.112781
-1.75466 -0.0550532 0.112659
-1.76451 -0.0628979 0.112507
-1.7754 -0.070818 0.112447
-1.7872 -0.0787972 0.112588
-1.79985 -0.0868241 0.113009
-1.81331 -0.094884 0.113743
-1.82756 -0.102953 0.114768
-1.84251 -0.110997 0.116013
-1.85804 -0.118982 0.117386
-1.87407 -0.126869 0.118775
-1.89058 -0.134625 0.120072
-1.90762 -0.142218 0.121188
-1.92527 -0.149618 0.122061
-1.9435 -0.156794 0.122679
-1.96219 -0.163723 0.123082
-1.9811 -0.170394 0.123356
-1.99994 -0.176809 0.123598
-2.01843 -0.182973 0.123905
-2.03642 -0.188888 0.124369
-2.05385 -0.194547 0.125061
-2.07079 -0.199935 0.126035
-2.0874 -0.205041 0.127301
-2.10389 -0.209851 0.128807
-2.1204 -0.214355 0.130447
-2.13704 -0.218544 0.132081
-2.1538 -0.222408 0.133571
-2.17067 -0.225929 0.134792
-2.18771 -0.229086 0.135659
-2.20501 -0.231858 0.136138
-2.22276 -0.234238 0.136242
-2.24109 -0.236228 0.136031
-2.2601 -0.23784 0.135597
-2.27979 -0.239091 0.135044
-2.3001 -0.239991 0.134464
-2.32101 -0.240545 0.133926
-2.3425 -0.240749 0.133474
-2.36464 -0.240593 0.13313
-2.38755 -0.240072 0.1329
-2.41139 -0.239181 0.132773
-2.43634 -0.237921 0.132713
-2.46248 -0.23629 0.132661
-2.48979 -0.234284 0.132551
-2.51808 -0.231897 0.13233
-2.54707 -0.229124 0.131969
-2.57649 -0.225963 0.131478
-2.60606 -0.222423 0.130888
-2.6355 -0.218513 0.130255
-2.66454 -0.214246 0.129674
-2.69291 -0.209634 0.129251
-2.72037 -0.204698 0.129072
-2.74674 -0.199461 0.1292
-2.77193 -0.193943 0.12966
-2.79594 -0.188153 0.130437
-2.81885 -0.182098 0.131488
-2.84086 -0.175794 0.132749
-2.86224 -0.169266 0.134144
-2.88337 -0.162543 0.135572
-2.90457 -0.155651 0.136905
-2.92601 -0.14861 0.138007
-2.94769 -0.141428 0.138761
-2.96934 -0.134108 0.139093
-2.99057 -0.126655 0.138983
-3.01091 -0.119086 0.138454
-3.02989 -0.111424 0.137557
-3.04709 -0.103702 0.136374
-3.06214 -0.0959513 0.135015
-3.07473 -0.0881958 0.133602
-3.08461 -0.0804503 0.132236
-3.09161 -0.0727248 0.130976
-3.09565 -0.06503 0.129839
-3.09676 -0.0573832 0.128811
-3.09514 -0.04981 0.127869
-3.09116 -0.0423416 0.126984
-3.08536 -0.0350089 0.126114
-3.07831 -0.0278371 0.125212
-3.07058 -0.0208424 0.124217
-3.06262 -0.0140347 0.123082
-3.0548 -0.00742299 0.121777
-3.0474 -0.00101934 0.120299
-3.04063 0.00516116 0.118678
-3.03458 0.0111025 0.116973
-3.02919 0.0167916 0.115269
-3.02431 0.0222196 0.113655
-3.01974 0.0273808 0.11221
-3.01535 0.0322707 0.110983
-3.01104 0.0368841 0.110001
-3.00678 0.0412126 0.109275
-3.00258 0.0452462 0.108816
-2.99846 0.0489758 0.10862
-2.99448 0.0523943 0.108665
-2.99075 0.0554974 0.108912
-2.9874 0.0582823 0.109307
-2.98457 0.0607488 0.109796
-2.98235 0.0628982 0.110327
-2.9808 0.064734 0.110862
-2.97996 0.0662619 0.111374
-2.97981 0.0674909 0.111843
-2.98032 0.068432 0.112255
-2.98136 0.0690973 0.112614
-2.98281 0.0694973 0.112933
-2.98453 0.0696398 0.113233
-2.98638 0.0695307 0.113534
-2.98825 0.0691757 0.113838
-2.99001 0.0685815 0.114138
-2.99152 0.0677548 0.114419
-2.99269 0.0667016 0.114668
-2.99346 0.0654261 0.11487
-2.99378 0.0639305 0.11501
-2.9936 0.0622177 0.115073
-2.99283 0.0602925 0.115047
-2.99125 0.0581631 0.114927
-2.98861 0.0558389 0.114724
-2.98465 0.053328 0.114457
-2.97912 0.0506376 0.114154
-2.97179 0.047775 0.113845
-2.96248 0.044748 0.113567
-2.951 0.0415653 0.113354
-2.93722 0.0382349 0.113236
-2.92102 0.0347638 0.113227
-2.90234 0.0311567 0.113327
-2.88117 0.0274163 0.11352
-2.85762 0.0235439 0.113786
-2.83191 0.0195387 0.1141
-2.80435 0.0153984 0.11444
-2.7753 0.0111192 0.114775
-2.74508 0.00669765 0.115075
-2.71392 0.00213262 0.115303
-2.68204 -0.00257476 0.115423
-2.64966 -0.00742132 0.115406
-2.61705 -0.012403 0.115237
-2.58449 -0.0175164 0.114931
-2.55226 -0.0227583 0.11452
-2.5205 -0.0281253 0.114044
-2.48931 -0.0336141 0.113538
-2.45868 -0.0392211 0.113024
-2.42867 -0.0449416 0.112521
-2.39938 -0.0507698 0.112048
-2.37098 -0.0566995 0.111632
-2.34365 -0.0627239 0.111299
-2.31759 -0.0688368 0.111069
-2.293 -0.0750328 0.110941
-2.27004 -0.0813033 0.11091
-2.24881 -0.0876368 0.110981
-2.22932 -0.0940227 0.111156
-2.21151 -0.100451 0.111406
-2.19527 -0.106906 0.111707
-2.18058 -0.113368 0.112071
-2.16743 -0.119817 0.112516
-2.15586 -0.126237 0.113065
-2.14582 -0.132612 0.113741
-2.13721 -0.138925 0.114565
-2.12983 -0.145158 0.115543
-2.12347 -0.151296 0.116658
-2.11793 -0.157323 0.117879
-2.11305 -0.163222 0.119171
-2.10869 -0.168974 0.120504
-2.10479 -0.174566 0.121853
-2.10129 -0.179985 0.123202
-2.09817 -0.185219 0.124524
-2.09534 -0.190255 0.125787
-2.09268 -0.195082 0.126975
-2.09003 -0.199687 0.128087
-2.08726 -0.204061 0.129123
-2.08429 -0.208193 0.13008
-2.08109 -0.212076 0.130961
-2.07764 -0.215695 0.131762
-2.07394 -0.219036 0.132479
-2.07002 -0.222084 0.133099
-2.06592 -0.224825 0.133607
-2.06172 -0.227247 0.133986
-2.05752 -0.229341 0.134222
-2.05341 -0.231097 0.13431
-2.04952 -0.232506 0.134251
-2.04599 -0.233559 0.134051
-2.043 -0.234248 0.133725
-2.0408 -0.23457 0.133301
-2.03959 -0.234522 0.132807
-2.03956 -0.234102 0.132275
-2.04089 -0.233305 0.131737
-2.04373 -0.232129 0.131222
-2.04821 -0.230571 0.130755
-2.05445 -0.228634 0.130339
-2.06251 -0.226318 0.129972
-2.07239 -0.223619 0.129642
-2.08397 -0.220532 0.129321
-2.09712 -0.217054 0.128979
-2.11169 -0.213182 0.128581
-2.12753 -0.20892 0.128102
-2.14443 -0.204273 0.127536
-2.16218 -0.199249 0.1269
-2.18052 -0.193863 0.126229
-2.1992 -0.188133 0.125577
-2.21797 -0.182081 0.124999
-2.23653 -0.175731 0.124538
-2.25459 -0.169109 0.124227
-2.27187 -0.162239 0.124092
-2.28815 -0.155145 0.124141
-2.30327 -0.147851 0.124349
-2.31714 -0.140383 0.124669
-2.3297 -0.132771 0.125031
-2.34093 -0.125042 0.125363
-2.35082 -0.11722 0.125603
-2.35937 -0.109327 0.12569
-2.36665 -0.101391 0.12557
-2.37274 -0.0934411 0.1252
-2.37775 -0.0855046 0.124542
-2.38181 -0.0776077 0.123575
-2.38511 -0.0697765 0.122307
-2.38785 -0.0620368 0.120761
-2.39026 -0.0544131 0.118977
-2.39252 -0.0469289 0.117005
-2.39474 -0.0396062 0.114899
-2.39698 -0.0324667 0.11272
-2.39925 -0.025532 0.110522
-2.40159 -0.0188213 0.108348
-2.40406 -0.0123505 0.106238
-2.40677 -0.0061343 0.104228
-2.40977 -0.000186308 0.102388
-2.41315 0.0054813 0.100758
-2.41698 0.0108556 0.099333
-2.42135 0.0159211 0.0981227
-2.42636 0.0206627 0.0971379
-2.43212 0.0250679 0.0963775
-2.43875 0.029124 0.0958265
-2.44638 0.0328175 0.0954845
-2.4551 0.0361343 0.0953608
-2.46497 0.0390615 0.0954634
-2.47597 0.0415906 0.0957951
-2.48801 0.0437188 0.096364
-2.50091 0.0454473 0.0971703
-2.51443 0.0467803 0.0981976
-2.52835 0.0477206 0.099442
-2.54246 0.0482702 0.100879
-2.55659 0.0484354 0.102458
-2.5706 0.0482297 0.104147
-2.58439 0.0476702 0.105916
-2.59788 0.0467702 0.107731
-2.61106 0.0455395 0.109516
-2.62394 0.0439887 0.111194
-2.63653 0.0421314 0.112712
-2.64885 0.0399843 0.11401
-2.6609 0.0375655 0.115044
-2.67267 0.0348931 0.115787
-2.68413 0.0319844 0.116241
-2.69525 0.0288542 0.116423
-2.706 0.0255169 0.116361
-2.71634 0.0219895 0.116098
-2.72626 0.0182902 0.115699
-2.73573 0.0144365 0.115232
-2.7447 0.0104453 0.114758
-2.75306 0.0063347 0.114322
-2.76062 0.00212599 0.113947
-2.76716 -0.0021542 0.113645
-2.7725 -0.00647373 0.113417
-2.77655 -0.0108019 0.113256
-2.77931 -0.0151174 0.113163
-2.7808 -0.0194064 0.113142
-2.78111 -0.0236567 0.113195
-2.78031 -0.0278566 0.113338
-2.77848 -0.0319953 0.113601
-2.77575 -0.0360636 0.114015
-2.77225 -0.0400549 0.114607
-2.76809 -0.0439639 0.115396
-2.76335 -0.0477864 0.116389
-2.75809 -0.0515181 0.117571
-2.75233 -0.0551541 0.118896
-2.74606 -0.0586887 0.120305
-2.73922 -0.0621155 0.121723
-2.73174 -0.0654284 0.123069
-2.72354 -0.0686223 0.124277
-2.71457 -0.0716945 0.125298
-2.70478 -0.0746443 0.126101
-2.69417 -0.0774759 0.126668
-2.68267 -0.0801981 0.127004
-2.67018 -0.0828199 0.127127
-2.65656 -0.0853491 0.127062
-2.64172 -0.0877931 0.126837
-2.6256 -0.0901609 0.126472
-2.60818 -0.0924619 0.125987
-2.58945 -0.0947054 0.125397
-2.56941 -0.0968994 0.124715
-2.54808 -0.0990506 0.123952
-2.52551 -0.101164 0.12312
-2.5018 -0.103243 0.122222
-2.47718 -0.105291 0.121268
-2.45192 -0.107311 0.120278
-2.42642 -0.109307 0.119276
-2.40111 -0.111281 0.118296
-2.37637 -0.113237 0.11737
-2.35255 -0.115176 0.116516
-2.32989 -0.117101 0.11574
-2.30851 -0.119012 0.115038
-2.28849 -0.120906 0.114402
-2.26983 -0.122775 0.113824
-2.25248 -0.12462 0.113293
-2.23634 -0.126444 0.112809
-2.22124 -0.12825 0.112391
-2.20697 -0.130036 0.112073
-2.19333 -0.131801 0.111902
-2.18013 -0.133546 0.111928
-2.16725 -0.135273 0.112192
-2.15462 -0.136982 0.112724
-2.14222 -0.138671 0.113527
-2.13007 -0.140336 0.114586
-2.11824 -0.141975 0.115854
-2.10684 -0.143584 0.117264
-2.09599 -0.145163 0.118725
-2.08583 -0.146707 0.120135
-2.07649 -0.148208 0.121398
-2.0681 -0.14965 0.122446
-2.06071 -0.151017 0.123246
-2.05434 -0.152301 0.123799
-2.04891 -0.153499 0.124128
-2.04433 -0.154617 0.124267
-2.04051 -0.15566 0.124265
-2.03743 -0.156629 0.124177
-2.03513 -0.157519 0.124057
-2.03374 -0.158319 0.12395
-2.03339 -0.159016 0.123886
-2.03427 -0.159595 0.12388
-2.03651 -0.160046 0.123924
-2.04026 -0.160354 0.123994
-2.04566 -0.160501 0.124047
-2.05284 -0.160465 0.124038
-2.06186 -0.160222 0.123934
-2.07274 -0.159752 0.12371
-2.08544 -0.159044 0.123371
-2.09985 -0.158086 0.122937
-2.11579 -0.156867 0.122461
-2.13307 -0.155379 0.121998
-2.15152 -0.153617 0.121566
-2.17098 -0.15158 0.121196
-2.19132 -0.149273 0.120927
-2.21241 -0.1467 0.120794
-2.23415 -0.143857 0.120819
-2.25648 -0.14074 0.121012
-2.27927 -0.13735 0.121371
-2.3024 -0.133695 0.121875
-2.32576 -0.12978 0.122484
-2.34925 -0.12561 0.123144
-2.3728 -0.121193 0.123798
-2.39636 -0.116538 0.124413
-2.41983 -0.111656 0.124954
-2.44313 -0.10656 0.125397
-2.46612 -0.101265 0.125729
-2.48866 -0.0957915 0.12596
-2.51055 -0.0901642 0.12611
-2.53156 -0.0844089 0.126186
-2.55145 -0.0785502 0.126167
-2.57005 -0.0726141 0.126015
-2.58724 -0.0666233 0.125703
-2.60297 -0.0605942 0.125217
-2.61723 -0.0545436 0.124543
-2.63008 -0.048493 0.123661
-2.64157 -0.042467 0.122554
-2.65177 -0.0364881 0.121227
-2.66074 -0.0305775 0.119704
-2.6685 -0.024756 0.118024
-2.67503 -0.0190449 0.11623
-2.68035 -0.0134669 0.114363
-2.68449 -0.00804771 0.112472
-2.68752 -0.00281403 0.110617
-2.68956 0.0022087 0.108858
-2.69078 0.00699706 0.107245
-2.69134 0.0115265 0.105819
-2.69138 0.0157701 0.104597
-2.69105 0.0197002 0.103585
-2.69049 0.023289 0.102775
-2.68983 0.0265094 0.102156
-2.68928 0.0293375 0.101718
-2.68907 0.0317541 0.101458
-2.6894 0.0337442 0.10138
-2.69046 0.0352932 0.101486
-2.69233 0.0363867 0.101775
-2.69501 0.0370149 0.102236
-2.69844 0.0371745 0.102848
-2.70251 0.0368685 0.103601
-2.70712 0.0361045 0.104487
-2.7122 0.0348912 0.105489
-2.71773 0.0332393 0.106587
-2.72371 0.0311613 0.107755
-2.73014 0.0286714 0.108964
-2.737 0.0257842 0.110182
-2.74423 0.0225168 0.111374
-2.75173 0.0188895 0.112503
-2.7594 0.0149244 0.113546
-2.76717 0.0106429 0.114485
-2.77501 0.00606621 0.115304
-2.78293 0.00121751 0.116003
-2.79091 -0.00387611 0.116597
-2.79887 -0.00918581 0.117115
-2.80667 -0.0146826 0.117581
-2.8141 -0.0203369 0.118013
-2.82091 -0.0261174 0.118422
-2.8269 -0.0319912 0.11882
-2.83192 -0.0379247 0.119223
-2.83593 -0.0438839 0.119651
-2.83896 -0.0498352 0.120122
-2.84107 -0.0557464 0.120651
-2.8423 -0.0615869 0.121241
-2.84268 -0.0673288 0.121888
-2.84225 -0.0729465 0.122583
-2.84099 -0.0784169 0.12331
-2.83893 -0.0837183 0.124048
-2.83608 -0.0888288 0.12478
-2.83243 -0.0937258 0.125492
-2.828 -0.0983877 0.126181
-2.82273 -0.102796 0.126846
-2.8165 -0.106936 0.127486
-2.80909 -0.110797 0.128102
-2.80024 -0.114367 0.128695
-2.78962 -0.117636 0.129263
-2.77699 -0.120596 0.129804
-2.76216 -0.123242 0.130311
-2.745 -0.125571 0.130776
-2.72544 -0.127586 0.13119
-2.70346 -0.129293 0.131537
-2.67908 -0.130697 0.131799
-2.65242 -0.13181 0.131954
-2.62363 -0.132644 0.131977
-2.5929 -0.133214 0.131841
-2.56044 -0.133535 0.131527
-2.52641 -0.133623 0.131022
-2.49097 -0.133494 0.130317
-2.45431 -0.133162 0.129409
-2.41667 -0.132646 0.128304
-2.37832 -0.131962 0.127019
-2.33955 -0.13113 0.12559
-2.30061 -0.130169 0.124066
-2.26176 -0.129099 0.122498
-2.22313 -0.12794 0.12093
-2.18478 -0.12671 0.119389
-2.1468 -0.125424 0.1179
-2.10937 -0.124093 0.116497
