-5.11692e-07 -1.5305e-07 -0.062216
-5.33025e-05 -1.52348e-07 -0.0622159
-0.000259646 -1.20183e-07 -0.062215
-0.000657892 1.56463e-07 -0.0622124
-0.00122999 1.27777e-06 -0.0622074
-0.00196042 3.86919e-06 -0.0622013
-0.00283633 7.42769e-06 -0.0621958
-0.00385688 9.86926e-06 -0.0621876
-0.00503738 8.71692e-06 -0.06217
-0.00641207 2.19958e-06 -0.062145
-0.00804679 -1.09245e-05 -0.0621199
-0.0100284 -3.17769e-05 -0.0620908
-0.012444 -6.08172e-05 -0.0620459
-0.0153475 -9.65486e-05 -0.0619832
-0.0187463 -0.000135768 -0.0619099
-0.0226175 -0.000175946 -0.0618305
-0.026893 -0.000216875 -0.0617462
-0.0314578 -0.000260821 -0.0616602
-0.0361573 -0.000312383 -0.0615748
-0.0407949 -0.000377963 -0.0614875
-0.0451331 -0.000464311 -0.0613925
-0.0489525 -0.000576103 -0.0612852
-0.0521209 -0.000713787 -0.0611645
-0.054592 -0.000872705 -0.0610322
-0.0564093 -0.00104299 -0.0608926
-0.0576351 -0.00121036 -0.0607572
-0.0582692 -0.00135863 -0.0606473
-0.0583031 -0.00147392 -0.0605857
-0.0577669 -0.00154885 -0.060583
-0.0567421 -0.00158436 -0.060635
-0.0553708 -0.0015882 -0.0607293
-0.0537833 -0.00157144 -0.0608508
-0.0520434 -0.00154551 -0.0609837
-0.0501712 -0.0015199 -0.0611079
-0.0481714 -0.00150014 -0.0612002
-0.0461079 -0.00148652 -0.0612476
-0.044161 -0.00147415 -0.0612566
-0.0425694 -0.0014551 -0.0612464
-0.0415572 -0.00142204 -0.0612385
-0.0412333 -0.00137081 -0.0612467
-0.0415138 -0.00130205 -0.0612697
-0.0421191 -0.00122115 -0.0612938
-0.0425864 -0.00113581 -0.0613021
-0.0424674 -0.00105321 -0.0612873
-0.0415187 -0.000977974 -0.0612567
-0.0396842 -0.000910841 -0.0612233
-0.0370687 -0.000847787 -0.0611974
-0.0338001 -0.000779144 -0.0611921
-0.0298912 -0.000691286 -0.0612295
-0.0253591 -0.000571472 -0.0613276
-0.0203514 -0.000412643 -0.0614851
-0.0150638 -0.00021585 -0.0616895
-0.00965278 1.05944e-05 -0.0619292
-0.00425044 0.000253173 -0.0621926
0.00102787 0.000493762 -0.062468
0.00612481 0.000711522 -0.0627346
0.0110786 0.000887893 -0.0629563
0.0160038 0.00101158 -0.0631093
0.021076 0.00108051 -0.0632018
0.0264326 0.00109968 -0.0632512
0.0320667 0.00107795 -0.0632627
0.0378724 0.0010276 -0.0632437
0.0436746 0.000964538 -0.0632158
0.0493229 0.000906424 -0.0632
0.0547872 0.000869825 -0.0632098
0.0600955 0.000868361 -0.0632577
0.0652642 0.000911232 -0.0633523
0.0701318 0.00100133 -0.0634907
0.074211 0.00113509 -0.06366
0.0769952 0.00130481 -0.0638485
0.078277 0.00150075 -0.0640519
0.0780896 0.00171103 -0.0642652
0.0766412 0.00191875 -0.0644668
0.0741854 0.00210045 -0.0646162
0.070903 0.00223082 -0.0646679
0.0669819 0.0022902 -0.0646074
0.0626972 0.0022679 -0.0644685
0.0582492 0.00216137 -0.0642842
0.05356 0.00197514 -0.0640355
0.0484159 0.00172401 -0.0636999
0.0425894 0.00143799 -0.0633011
0.0360653 0.00115971 -0.0628931
0.0292966 0.00093133 -0.0625436
0.0229096 0.000781241 -0.06231
0.0174352 0.000715081 -0.0622067
0.0131159 0.000712743 -0.0622108
0.00974276 0.000738502 -0.0622945
0.00694215 0.000754152 -0.0624328
0.00441975 0.000727886 -0.062597
0.00198921 0.000642067 -0.0627428
-0.000467619 0.000496094 -0.0628009
-0.00315538 0.000304546 -0.0627166
-0.00644817 9.53262e-05 -0.0625023
-0.0108862 -9.88333e-05 -0.0622384
-0.0170826 -0.000257175 -0.0620265
-0.0253333 -0.000381871 -0.0619181
-0.0352809 -0.000499351 -0.0618784
-0.0460162 -0.000650732 -0.0618181
-0.0562805 -0.000873954 -0.0616565
-0.0650307 -0.00119035 -0.0613545
-0.072025 -0.00159624 -0.0609075
-0.0775538 -0.00205861 -0.0603506
-0.0821098 -0.00251863 -0.0597666
-0.0862102 -0.00290348 -0.0592593
-0.0901449 -0.00314661 -0.0589246
-0.094063 -0.00320848 -0.0588307
-0.0980703 -0.0030884 -0.058985
-0.10216 -0.00282496 -0.0593393
-0.106213 -0.0024852 -0.0598115
-0.109961 -0.0021484 -0.0602848
-0.112988 -0.00188851 -0.0606379
-0.1149 -0.00175557 -0.0607952
-0.115463 -0.00176292 -0.0607369
-0.114704 -0.00189123 -0.0605101
-0.112922 -0.00209988 -0.0602162
-0.110412 -0.00233784 -0.0599294
-0.107235 -0.00256137 -0.0596979
-0.103196 -0.00274294 -0.0595693
-0.0979023 -0.00286728 -0.0595569
-0.0910797 -0.0029345 -0.059622
-0.0828857 -0.00295477 -0.0597091
-0.0736975 -0.0029259 -0.0597888
-0.0638741 -0.00282899 -0.059899
-0.0539317 -0.00264057 -0.0600904
-0.0446157 -0.00234026 -0.0603817
-0.0366579 -0.00191836 -0.0607924
-0.0305352 -0.00138231 -0.0613153
-0.0263181 -0.000762344 -0.0619319
-0.0235353 -0.000116335 -0.062601
-0.021627 0.0004755 -0.0632215
-0.0204526 0.000927457 -0.0636595
-0.0200557 0.00117223 -0.0638031
-0.0204491 0.00118723 -0.0636214
-0.0215627 0.00100025 -0.0631803
-0.0232042 0.000676764 -0.0625793
-0.0251859 0.000303622 -0.0619101
-0.02739 -3.46488e-05 -0.0612881
-0.0297475 -0.000270607 -0.0607987
-0.0321871 -0.000365062 -0.0605182
-0.0345403 -0.000318137 -0.0605162
-0.0365362 -0.000162028 -0.0607692
-0.0379074 4.82677e-05 -0.0611539
-0.0385673 0.000251953 -0.0615294
-0.0387143 0.000411704 -0.0617866
-0.0387718 0.000519679 -0.061927
-0.0394122 0.000586539 -0.0620283
-0.0415425 0.000633648 -0.0621388
-0.0459157 0.000669364 -0.0622855
-0.0527794 0.000672921 -0.0624667
-0.0617857 0.000608523 -0.0626157
-0.0719392 0.000433825 -0.0625876
-0.0820807 0.00011219 -0.0623758
-0.0914847 -0.000377683 -0.0620036
-0.0996781 -0.0010435 -0.0613689
-0.106141 -0.00185351 -0.0604465
-0.110481 -0.00272406 -0.0594514
-0.112727 -0.00356058 -0.0586523
-0.113206 -0.0043142 -0.0582664
-0.112103 -0.00496184 -0.0581588
-0.109503 -0.00541892 -0.0580386
-0.105763 -0.00561763 -0.0580124
-0.101212 -0.00559462 -0.0583907
-0.0959673 -0.00536851 -0.0589206
-0.0901024 -0.00493509 -0.0593395
-0.0834691 -0.00436433 -0.0599564
-0.0765049 -0.00376206 -0.0608391
-0.070711 -0.00320698 -0.0616817
-0.0674171 -0.00276939 -0.0622816
-0.0673498 -0.00250485 -0.0626388
-0.0708198 -0.00240379 -0.0626838
-0.077464 -0.00242687 -0.0624796
-0.08662 -0.00253391 -0.0620381
-0.097744 -0.00265099 -0.0613504
-0.110542 -0.00270098 -0.0606004
-0.125281 -0.00264702 -0.059936
-0.142153 -0.00249088 -0.0594294
-0.16043 -0.00230329 -0.0591863
-0.178673 -0.0022036 -0.0590667
-0.195175 -0.00226175 -0.0587574
-0.208417 -0.00248015 -0.058347
-0.217338 -0.00282993 -0.0579673
-0.221551 -0.00325431 -0.0575696
-0.221545 -0.00361632 -0.0570222
-0.218293 -0.00382325 -0.0567316
-0.212864 -0.0038888 -0.0568243
-0.206413 -0.00378104 -0.0571521
-0.19947 -0.00351828 -0.0578227
-0.191388 -0.003226 -0.058837
-0.181465 -0.00301002 -0.0598075
-0.16938 -0.00292365 -0.0605088
-0.155001 -0.00305213 -0.060971
-0.138909 -0.00340784 -0.0610516
-0.122184 -0.00388992 -0.0608857
-0.105541 -0.00444237 -0.060591
-0.0893344 -0.00498386 -0.0602537
-0.0738175 -0.0053983 -0.0600252
-0.0588041 -0.00565845 -0.0600686
-0.0439621 -0.00579519 -0.060354
-0.0291169 -0.00581016 -0.0608188
-0.0138299 -0.00575902 -0.0613017
0.0023288 -0.00570794 -0.061617
0.0195239 -0.00557705 -0.0617058
0.0381321 -0.00528253 -0.0617028
0.0583449 -0.00479079 -0.0617085
0.0797948 -0.00399333 -0.0617087
0.102 -0.00282434 -0.0620249
0.124139 -0.00135873 -0.0629899
0.144923 0.000299704 -0.0646305
0.163342 0.00204076 -0.0663628
0.179081 0.00369077 -0.06784
0.192203 0.00512188 -0.0688256
0.202726 0.00632553 -0.0693031
0.210653 0.00733274 -0.0693172
0.215908 0.00820786 -0.0691017
0.218125 0.00901048 -0.0686783
0.216569 0.00979605 -0.0681393
0.20994 0.0106114 -0.0678543
0.197565 0.0114517 -0.0679476
0.180519 0.0122447 -0.0683754
0.160782 0.0128759 -0.0688536
0.14065 0.0132526 -0.0690571
0.122505 0.0132715 -0.0686766
0.108108 0.0129016 -0.0677262
0.0977594 0.0122533 -0.0664963
0.0901522 0.0114694 -0.0653845
0.0832085 0.0106349 -0.0644484
0.0748703 0.00983083 -0.063824
0.0641103 0.00912973 -0.0637402
0.0516651 0.00851707 -0.064102
0.0392296 0.00794213 -0.0646402
0.0286579 0.00733929 -0.0652204
0.0212572 0.00655707 -0.0655611
0.0165687 0.00546962 -0.0654486
0.0124027 0.00410867 -0.0649526
0.00596915 0.00251572 -0.0642152
-0.0053298 0.00072316 -0.0632589
-0.0234144 -0.00110286 -0.0623586
-0.0486118 -0.0028189 -0.0616526
-0.0795444 -0.00441822 -0.0609506
-0.1145 -0.00588344 -0.0602736
-0.151771 -0.00716211 -0.059641
-0.189648 -0.00830899 -0.0589415
-0.226924 -0.00945882 -0.0582527
-0.262428 -0.010635 -0.0576849
-0.294592 -0.0118744 -0.0570333
-0.321998 -0.0132726 -0.0560931
-0.344307 -0.0147896 -0.0548972
-0.361905 -0.0163007 -0.0538175
-0.375293 -0.0177491 -0.0534242
-0.385153 -0.0189529 -0.0541512
-0.393269 -0.019842 -0.0552786
-0.401485 -0.020449 -0.0559012
-0.409876 -0.0206629 -0.0567805
-0.417897 -0.0204786 -0.0581558
-0.424714 -0.0198483 -0.0588443
-0.429138 -0.0188552 -0.0579546
-0.4307 -0.0176871 -0.0568233
-0.43018 -0.0164108 -0.0560491
-0.428337 -0.0150723 -0.0556235
-0.42558 -0.0138007 -0.0559207
-0.422675 -0.0126193 -0.0564246
-0.420075 -0.0115097 -0.0568479
-0.417034 -0.0106757 -0.0568587
-0.41289 -0.010138 -0.0569382
-0.408477 -0.00964967 -0.0572307
-0.404201 -0.00914153 -0.0576182
-0.399386 -0.00869442 -0.0586185
-0.393986 -0.00825267 -0.0597936
-0.388283 -0.00773698 -0.0601293
-0.381655 -0.00710627 -0.060031
-0.373752 -0.00630873 -0.06036
-0.365177 -0.00529198 -0.0607302
-0.355797 -0.00411803 -0.0607795
-0.344003 -0.00295405 -0.0613456
-0.328083 -0.00185638 -0.0627626
-0.307487 -0.000813759 -0.0639465
-0.282396 0.000115478 -0.0643589
-0.253263 0.000833762 -0.0643944
-0.221172 0.00130199 -0.0639118
-0.187078 0.00156089 -0.0626931
-0.150841 0.00165998 -0.0616683
-0.112263 0.00164565 -0.0617338
-0.0718348 0.00163852 -0.0622969
-0.0301069 0.00173105 -0.0631311
0.0127661 0.0018845 -0.0638174
0.056354 0.00210091 -0.0641956
0.0993274 0.00247171 -0.0648259
0.140788 0.00301778 -0.0657687
0.180442 0.0036178 -0.0667619
0.217622 0.00420378 -0.067669
0.251977 0.00470141 -0.0683833
0.283387 0.00497692 -0.0686276
0.31102 0.00511526 -0.0686617
0.334225 0.00525551 -0.0687671
0.353222 0.00540944 -0.0687842
0.368076 0.00565291 -0.0686855
0.37887 0.00612037 -0.0687971
0.386314 0.0068229 -0.0690077
0.390806 0.00775395 -0.0692082
0.391898 0.00897129 -0.0696095
0.388984 0.0104018 -0.0701183
0.381747 0.0118785 -0.0705194
0.37023 0.0133373 -0.0709403
0.355092 0.0146862 -0.0714093
0.337195 0.0157391 -0.0716698
0.316532 0.0164325 -0.0715488
0.292574 0.0167967 -0.0712063
0.265332 0.0168054 -0.0707075
0.235097 0.0165248 -0.0701296
0.202345 0.0160981 -0.0695778
0.168257 0.0155599 -0.0690297
0.133759 0.0149355 -0.0683486
0.0988117 0.0142893 -0.067481
0.0635413 0.0136514 -0.0666592
0.0282901 0.0130049 -0.0660682
-0.00684151 0.0123243 -0.0657596
-0.0411603 0.0115403 -0.0657928
-0.0732556 0.0104642 -0.0662016
-0.102303 0.00895689 -0.0665893
-0.128868 0.00708176 -0.0662784
-0.153724 0.00493508 -0.0651948
-0.176844 0.00254789 -0.0640487
-0.198642 1.14386e-05 -0.0629597
-0.220193 -0.00248664 -0.0616906
-0.241671 -0.00483343 -0.0604461
-0.262561 -0.00702033 -0.0595046
-0.282811 -0.00900257 -0.0588051
-0.302209 -0.0107621 -0.0581894
-0.319456 -0.0124006 -0.0578145
-0.333243 -0.0140274 -0.057807
-0.342989 -0.0156578 -0.0580055
-0.347834 -0.0173417 -0.0580658
-0.346479 -0.0191526 -0.0579994
-0.338228 -0.0210218 -0.0578441
-0.322851 -0.0228157 -0.0574849
-0.299466 -0.0244474 -0.0570694
-0.266814 -0.0258301 -0.0571536
-0.223978 -0.0268382 -0.0576282
-0.169791 -0.0274133 -0.0578154
-0.102545 -0.027575 -0.0575924
-0.0209355 -0.0272789 -0.0572072
0.075678 -0.0264503 -0.0567823
0.187986 -0.0251094 -0.0562627
0.316482 -0.0232825 -0.0559076
0.460925 -0.0209471 -0.0551506
0.620917 -0.0181132 -0.0536067
0.796248 -0.0147896 -0.0513949
0.986198 -0.0109533 -0.0489057
1.18936 -0.00660068 -0.0463145
1.40487 -0.00170648 -0.0436835
1.63226 0.00359539 -0.0408555
1.8716 0.00913942 -0.0371488
2.12359 0.0148174 -0.0316219
2.3882 0.0205857 -0.0242189
2.6654 0.026487 -0.015331
2.95592 0.0323909 -0.00476039
3.25993 0.0383023 0.00732467
3.57742 0.0443629 0.0205558
3.90924 0.0506465 0.0349933
4.25587 0.0572514 0.0507209
4.61668 0.0643528 0.0672331
4.99139 0.0720231 0.0842189
5.37985 0.0801636 0.101771
5.78125 0.0886755 0.119981
6.19462 0.0973612 0.138464
6.61947 0.105912 0.1571
7.05547 0.114033 0.175851
7.50192 0.121446 0.194685
7.9581 0.127891 0.213622
8.42319 0.133154 0.23288
8.89545 0.137105 0.252607
9.37198 0.139729 0.272692
9.84889 0.141075 0.292834
10.3218 0.141249 0.312855
10.7859 0.140409 0.33258
11.2366 0.138718 0.351903
11.67 0.136319 0.370937
12.0823 0.133352 0.389829
12.4704 0.129941 0.408535
12.8317 0.126177 0.426902
13.1641 0.122102 0.444856
13.4659 0.117719 0.462446
13.7354 0.112999 0.47961
13.9709 0.107875 0.496325
14.1713 0.102227 0.512639
14.3359 0.095895 0.528552
14.4641 0.0886916 0.544123
14.5556 0.0803897 0.559599
14.6094 0.0707642 0.575367
14.6245 0.0595912 0.591529
14.6002 0.0467593 0.608247
14.5355 0.0323471 0.626443
14.4283 0.0163384 0.646526
14.2777 -0.00120832 0.667854
14.0878 -0.0200874 0.688431
13.8656 -0.0400567 0.705073
13.6208 -0.0607521 0.714733
13.362 -0.0818843 0.715633
13.0935 -0.103239 0.707193
12.8175 -0.124659 0.6911
12.5364 -0.14611 0.670188
12.2509 -0.167593 0.645479
11.9601 -0.188947 0.615828
11.6631 -0.209888 0.580476
11.3618 -0.230144 0.542027
11.0588 -0.249329 0.504423
10.7556 -0.266848 0.468845
10.4543 -0.282313 0.433462
10.1581 -0.295437 0.415236
9.86844 -0.305404 0.420676
9.58538 -0.31289 0.429257
9.31368 -0.319018 0.43501
9.05407 -0.324345 0.443898
8.79587 -0.330049 0.45789
8.52951 -0.336115 0.472207
8.25257 -0.342219 0.480155
7.96843 -0.348504 0.479928
7.67989 -0.355108 0.47302
7.38216 -0.361925 0.458295
7.06345 -0.368408 0.434643
6.71263 -0.373952 0.402633
6.32822 -0.377918 0.363232
5.92 -0.379452 0.315573
5.49415 -0.378823 0.273501
5.04824 -0.37528 0.249483
4.57973 -0.368102 0.243695
4.08694 -0.359772 0.256353
3.56805 -0.35124 0.292766
3.02094 -0.342097 0.348722
2.44845 -0.33263 0.408968
1.84881 -0.322452 0.461154
1.22008 -0.311648 0.498408
0.568026 -0.301489 0.535565
-0.110879 -0.2921 0.582003
-0.821752 -0.282991 0.627838
-1.56118 -0.274697 0.663027
-2.32351 -0.266721 0.688463
-3.10415 -0.258647 0.708089
-3.8976 -0.250628 0.724414
-4.69779 -0.242429 0.737593
-5.49995 -0.234063 0.745883
-6.29814 -0.225374 0.751865
-7.08776 -0.216645 0.757438
-7.86726 -0.207935 0.764582
-8.63797 -0.199338 0.777618
-9.40164 -0.190747 0.794275
-10.1585 -0.181452 0.815662
-10.9089 -0.171372 0.841919
-11.6531 -0.160528 0.872185
-12.392 -0.149547 0.911496
-13.1257 -0.139671 0.954412
-13.8508 -0.132053 0.988801
-14.5592 -0.128087 1.00572
-15.2434 -0.128857 1.00828
-15.8997 -0.134991 1.01135
-16.5223 -0.1446 1.02132
-17.1101 -0.156102 1.02214
-17.6681 -0.1698 1.00163
-18.2024 -0.184881 0.960543
-18.7214 -0.201617 0.91242
-19.2253 -0.219015 0.883183
-19.7089 -0.235178 0.880225
-20.1674 -0.248972 0.894694
-20.5992 -0.259419 0.914673
-21.0057 -0.266805 0.933381
-21.3848 -0.271138 0.948169
-21.735 -0.272417 0.95507
-22.0591 -0.27098 0.954392
-22.3601 -0.267559 0.95011
-22.6376 -0.262921 0.947323
-22.8894 -0.257392 0.946106
-23.118 -0.251646 0.943753
-23.3281 -0.246518 0.938709
-23.5232 -0.242711 0.932471
-23.7058 -0.240511 0.92746
-23.8785 -0.239942 0.923744
-24.0438 -0.241074 0.919858
-24.2022 -0.243921 0.914449
-24.3529 -0.248478 0.90788
-24.4929 -0.254656 0.900701
-24.6193 -0.262386 0.892919
-24.7303 -0.271695 0.884919
-24.8249 -0.282668 0.877921
-24.9024 -0.295389 0.872613
-24.9622 -0.309885 0.868865
-25.0051 -0.326186 0.866755
-25.0325 -0.344347 0.866984
-25.0463 -0.364416 0.86972
-25.0473 -0.386374 0.873804
-25.0357 -0.410059 0.878143
-25.0122 -0.435261 0.88361
-24.9782 -0.461601 0.890932
-24.935 -0.488462 0.89898
-24.8838 -0.515211 0.905647
-24.8248 -0.541151 0.90916
-24.7573 -0.565594 0.910018
-24.6802 -0.587904 0.909167
-24.5918 -0.607556 0.906135
-24.4913 -0.624163 0.899681
-24.3774 -0.637453 0.889206
-24.2482 -0.647401 0.875245
-24.1014 -0.654251 0.859052
-23.9353 -0.658476 0.841089
-23.7501 -0.660654 0.821326
-23.546 -0.661423 0.800142
-23.3215 -0.66171 0.777988
-23.0745 -0.662305 0.754612
-22.8039 -0.663776 0.730644
-22.5107 -0.666764 0.70744
-22.1948 -0.671651 0.684521
-21.8568 -0.678705 0.661067
-21.498 -0.687983 0.637526
-21.1195 -0.699261 0.615358
-20.722 -0.712166 0.594968
-20.3054 -0.726155 0.574462
-19.869 -0.740744 0.551565
-19.413 -0.755446 0.525821
-18.9384 -0.769746 0.497714
-18.4463 -0.78316 0.467319
-17.9382 -0.795252 0.433978
-17.4156 -0.805654 0.397681
-16.8804 -0.814025 0.360107
-16.3344 -0.820097 0.322429
-15.779 -0.823688 0.286028
-15.2151 -0.82452 0.252752
-14.6448 -0.822086 0.224517
-14.0724 -0.815354 0.202447
-13.5022 -0.803274 0.181506
-12.9361 -0.785696 0.156464
-12.3733 -0.762604 0.127176
-11.8134 -0.733912 0.0954717
-11.2574 -0.70044 0.0645977
-10.7064 -0.663907 0.0352927
-10.161 -0.626447 0.00858297
-9.62041 -0.589954 -0.0121602
-9.08334 -0.556025 -0.0253347
-8.54928 -0.526176 -0.0318389
-8.01917 -0.501318 -0.0336296
-7.49528 -0.481497 -0.0316728
-6.98024 -0.466062 -0.0263899
-6.47647 -0.453817 -0.0184887
-5.98634 -0.443178 -0.00943838
-5.51291 -0.432279 -0.00105772
-5.05975 -0.419169 0.00495157
-4.62989 -0.402105 0.00715321
-4.22475 -0.379765 0.0043524
-3.8433 -0.351342 -0.00422908
-3.48289 -0.316594 -0.0190231
-3.14072 -0.275895 -0.0402448
-2.81418 -0.230274 -0.0674862
-2.50045 -0.181422 -0.0988327
-2.19564 -0.131544 -0.130489
-1.89443 -0.0830651 -0.158382
-1.59106 -0.0383615 -0.180138
-1.28088 0.000749081 -0.195448
-0.961774 0.0334877 -0.203508
-0.634691 0.060034 -0.201143
-0.302467 0.0814766 -0.191297
0.0317929 0.0996684 -0.178578
0.365282 0.116758 -0.164198
0.694343 0.134862 -0.148574
1.01498 0.155539 -0.133224
1.32542 0.179554 -0.121987
1.62658 0.207233 -0.116344
1.9206 0.238363 -0.115735
2.20981 0.271977 -0.118504
2.49677 0.306563 -0.122844
2.78421 0.340309 -0.126974
3.07465 0.371381 -0.128402
3.37015 0.398057 -0.125393
3.6721 0.418805 -0.118197
3.98023 0.432799 -0.107009
4.29233 0.439942 -0.0920031
4.60563 0.440605 -0.0734023
4.91768 0.435655 -0.0516061
5.22634 0.426392 -0.0273025
5.52914 0.414368 -0.00167879
5.8227 0.401216 0.0234972
6.10297 0.388416 0.046333
6.36659 0.37702 0.065345
6.61221 0.367545 0.0800271
6.84031 0.359948 0.0908069
7.05239 0.353685 0.0986569
7.24986 0.347816 0.104718
7.43378 0.341138 0.11019
7.60522 0.332336 0.116346
7.76548 0.320179 0.124494
7.91577 0.30373 0.135639
8.0566 0.282527 0.150116
8.18746 0.25666 0.167592
8.30702 0.226739 0.187265
8.41338 0.19377 0.20805
8.50456 0.158965 0.228786
8.57904 0.123553 0.248244
8.63584 0.0886293 0.265278
8.6742 0.0550424 0.278977
8.69341 0.0233051 0.288708
8.69318 -0.00644127 0.294209
8.67439 -0.0344474 0.29555
8.63919 -0.0613333 0.293172
8.59025 -0.0879805 0.288001
8.5298 -0.115369 0.281265
8.45927 -0.144378 0.273953
8.37961 -0.175646 0.266489
8.29178 -0.20949 0.259108
8.19676 -0.245842 0.252297
8.0953 -0.284263 0.246537
7.98775 -0.323973 0.241814
7.87404 -0.363956 0.237566
7.75389 -0.403119 0.232981
7.62718 -0.440462 0.227402
7.49421 -0.475238 0.220401
7.35578 -0.50704 0.211708
7.21284 -0.535843 0.201314
7.06636 -0.561972 0.189459
6.91744 -0.586029 0.176778
6.76738 -0.608804 0.164274
6.61748 -0.63114 0.152991
6.46851 -0.653784 0.143704
6.32018 -0.67729 0.136668
6.17099 -0.701942 0.131762
6.0188 -0.727747 0.128718
5.8615 -0.754466 0.127215
5.69723 -0.781651 0.126723
5.52432 -0.808688 0.126555
5.34113 -0.834863 0.125945
5.14622 -0.859441 0.124094
4.93877 -0.881771 0.120385
4.71886 -0.901383 0.114432
4.48716 -0.918041 0.106161
4.24439 -0.931778 0.0958103
3.99114 -0.942909 0.0839574
3.72804 -0.952009 0.0715786
3.45592 -0.959869 0.0600378
3.17573 -0.96741 0.0509404
2.8881 -0.975528 0.0455972
2.59295 -0.984901 0.0445458
2.28985 -0.995853 0.046603
1.97942 -1.00828 0.0486202
1.66298 -1.02167 0.0480804
1.34008 -1.03528 0.0447737
1.01025 -1.04828 0.0388466
0.674535 -1.05981 0.0300204
0.333826 -1.06897 0.0186199
-0.0114048 -1.07499 0.0052513
-0.36003 -1.07752 -0.00997706
-0.709888 -1.07641 -0.0267765
-1.05879 -1.07178 -0.0440936
-1.40533 -1.06382 -0.0606746
-1.74863 -1.05271 -0.075339
-2.08737 -1.0387 -0.0877987
-2.41949 -1.02224 -0.0974876
-2.74315 -1.00396 -0.103097
-3.05756 -0.984562 -0.103109
-3.36316 -0.964819 -0.0968084
-3.66112 -0.94555 -0.0857956
-3.95272 -0.927596 -0.0718563
-4.23916 -0.911763 -0.0557463
-4.52172 -0.898652 -0.0380741
-4.80168 -0.888477 -0.0199372
-5.07953 -0.880935 -0.00242863
-5.35399 -0.875244 0.0141426
-5.62187 -0.870317 0.0298902
-5.87895 -0.864977 0.0449995
-6.1215 -0.858272 0.0594381
-6.34708 -0.84954 0.0728597
-6.55401 -0.838215 0.08484
-6.74051 -0.823719 0.094916
-6.90443 -0.805452 0.102783
-7.04389 -0.782867 0.108265
-7.15844 -0.755662 0.110918
-7.25 -0.723976 0.110585
-7.32278 -0.688591 0.10827
-7.38206 -0.650913 0.105147
-7.4333 -0.612539 0.101957
-7.48166 -0.574687 0.0990877
-7.5317 -0.538052 0.096037
-7.58723 -0.503048 0.0922235
-7.65069 -0.470038 0.0871853
-7.72268 -0.439436 0.0808855
-7.80215 -0.411553 0.0742188
-7.88705 -0.386348 0.0681114
-7.97485 -0.363316 0.0635858
-8.06262 -0.341635 0.0617475
-8.14683 -0.320458 0.0628936
-8.22365 -0.299028 0.06585
-8.28986 -0.276653 0.0692434
-8.34403 -0.252749 0.0730454
-8.38742 -0.22706 0.0779214
-8.42359 -0.199932 0.0839938
-8.45736 -0.172393 0.0904289
-8.49349 -0.145771 0.0962883
-8.53614 -0.121121 0.101474
-8.5889 -0.0990029 0.105828
-8.65456 -0.0796684 0.108537
-8.73504 -0.0632793 0.109376
-8.83089 -0.0497752 0.109002
-8.94121 -0.0387558 0.108613
-9.06407 -0.0293037 0.109259
-9.19666 -0.0200021 0.111149
-9.33592 -0.00953761 0.114528
-9.47903 0.00285782 0.120013
-9.6238 0.0174303 0.12733
-9.76878 0.0341086 0.135169
-9.91345 0.0526338 0.142048
-10.0583 0.0725613 0.147274
-10.2043 0.0931011 0.151388
-10.3527 0.113088 0.155699
-10.5047 0.131249 0.161043
-10.6616 0.146552 0.167273
-10.8241 0.158449 0.173587
-10.992 0.166845 0.179378
-11.1644 0.17191 0.185017
-11.3392 0.173967 0.191196
-11.5142 0.173467 0.198136
-11.6867 0.171015 0.205601
-11.8543 0.167321 0.213487
-12.0144 0.163049 0.222231
-12.1647 0.158654 0.232357
-12.3036 0.154256 0.243637
-12.4304 0.149656 0.255262
-12.5459 0.144484 0.266437
-12.6515 0.138301 0.276669
-12.7486 0.130693 0.285967
-12.8382 0.12133 0.294621
-12.9211 0.109981 0.302761
-12.9987 0.0965867 0.310319
-13.0725 0.0812955 0.317315
-13.1435 0.0644948 0.324009
-13.2118 0.0467594 0.330775
-13.2758 0.0287295 0.337708
-13.3335 0.0110391 0.344482
-13.3831 -0.00576751 0.350536
-13.4235 -0.0213075 0.355481
-13.454 -0.0353904 0.359408
-13.4739 -0.0480595 0.362769
-13.4826 -0.0595969 0.365704
-13.4799 -0.0704875 0.367889
-13.4663 -0.0813345 0.369046
-13.4425 -0.0927424 0.369083
-13.4091 -0.105238 0.368091
-13.366 -0.119218 0.366202
-13.3131 -0.134895 0.36357
-13.2504 -0.152283 0.36044
-13.1786 -0.171242 0.357095
-13.0981 -0.191505 0.353864
-13.009 -0.212736 0.350992
-12.9101 -0.234611 0.348403
-12.8005 -0.256825 0.345863
-12.6791 -0.279138 0.343127
-12.5457 -0.301412 0.339994
-12.4 -0.323616 0.33638
-12.2417 -0.345838 0.332225
-12.0708 -0.368245 0.327446
-11.8874 -0.39102 0.32194
-11.6926 -0.414304 0.315563
-11.4875 -0.438151 0.308168
-11.2729 -0.462513 0.299663
-11.049 -0.487235 0.290026
-10.8154 -0.512067 0.279323
-10.5715 -0.536672 0.26759
-10.3169 -0.560656 0.254793
-10.0511 -0.583636 0.240872
-9.7734 -0.605297 0.225736
-9.48286 -0.625427 0.20941
-9.17884 -0.64393 0.191907
-8.86138 -0.660828 0.173174
-8.53113 -0.676263 0.1532
-8.18885 -0.690476 0.132076
-7.83537 -0.703771 0.110068
-7.47198 -0.71646 0.0874404
-7.10086 -0.728806 0.0643814
-6.72531 -0.740981 0.0412794
-6.3491 -0.753066 0.0186285
-5.97557 -0.765052 -0.00319014
-5.60744 -0.776896 -0.0235784
-5.24677 -0.788568 -0.0423202
-4.8953 -0.799903 -0.0588027
-4.55467 -0.810309 -0.0704553
-4.22638 -0.818803 -0.0741568
-3.91252 -0.82478 -0.0726138
-3.61608 -0.827555 -0.0672016
-3.33878 -0.826192 -0.0573168
-3.08208 -0.821215 -0.0446446
-2.84834 -0.813424 -0.0284398
-2.63654 -0.803347 -0.00984881
-2.44266 -0.791798 0.00672375
-2.26593 -0.778736 0.0197491
-2.10515 -0.763814 0.0292388
-1.9562 -0.747152 0.0340054
-1.81678 -0.728872 0.034016
-1.6856 -0.709144 0.0298175
-1.5614 -0.688332 0.0223339
-1.44249 -0.666517 0.011895
-1.32669 -0.643808 -0.00146156
-1.21184 -0.620243 -0.0182816
-1.0964 -0.595792 -0.0388051
-0.979228 -0.570436 -0.0622376
-0.858116 -0.543927 -0.0867419
-0.729741 -0.515798 -0.108561
-0.590301 -0.485508 -0.125889
-0.436792 -0.452931 -0.137894
-0.268112 -0.418506 -0.143086
-0.0845589 -0.382959 -0.142914
0.113723 -0.347102 -0.138926
0.326931 -0.31171 -0.13219
0.555143 -0.277484 -0.1239
0.797967 -0.24502 -0.114378
1.05466 -0.214678 -0.103505
1.32483 -0.186687 -0.0913265
1.60838 -0.161224 -0.0782357
1.90495 -0.138376 -0.0649491
2.21359 -0.118173 -0.051837
2.533 -0.100619 -0.0392956
2.86235 -0.0857351 -0.0280713
3.20185 -0.073596 -0.0179083
3.55239 -0.0642385 -0.00771471
3.91445 -0.0575689 0.00335698
4.28728 -0.0533462 0.0154468
4.66909 -0.0511818 0.0282935
5.05808 -0.0505971 0.0417387
5.45328 -0.051165 0.0561052
5.85435 -0.0525647 0.0719141
6.26044 -0.0545159 0.0896547
6.6694 -0.0567606 0.109205
7.07818 -0.0590836 0.130043
7.48384 -0.0613447 0.151713
7.88407 -0.0635346 0.173966
8.27688 -0.0657925 0.197197
8.6601 -0.0683713 0.221637
9.03123 -0.071595 0.247427
9.38771 -0.0758449 0.274652
9.72735 -0.0815325 0.303163
10.0485 -0.0890447 0.332903
10.3499 -0.0986923 0.363262
10.631 -0.110683 0.393328
10.8905 -0.125094 0.422043
11.1272 -0.14184 0.448395
11.3392 -0.160701 0.471939
11.5249 -0.18134 0.492521
11.6835 -0.203346 0.510054
11.815 -0.226285 0.524431
11.9196 -0.249727 0.535442
11.9973 -0.273283 0.54286
12.0478 -0.296607 0.546782
12.0707 -0.319425 0.54725
12.0664 -0.341583 0.545685
12.0361 -0.362982 0.54259
11.982 -0.383587 0.537297
11.9061 -0.403428 0.530446
11.8103 -0.422532 0.522284
11.6968 -0.440927 0.512476
11.5679 -0.458665 0.501292
11.4255 -0.475789 0.489668
11.2704 -0.492277 0.477747
11.1036 -0.508034 0.465248
10.9264 -0.522941 0.451898
10.7394 -0.53687 0.437692
10.543 -0.549681 0.422975
10.3378 -0.561252 0.407919
10.1244 -0.5715 0.392326
9.90343 -0.580403 0.375808
9.67591 -0.588027 0.358019
9.44262 -0.594532 0.339416
9.20435 -0.600199 0.321134
8.96175 -0.605411 0.30413
8.71524 -0.610607 0.289154
8.46501 -0.616243 0.276509
8.21116 -0.622714 0.265948
7.95364 -0.630281 0.256963
7.69218 -0.639037 0.24932
7.42635 -0.64891 0.242613
7.15588 -0.659692 0.235935
6.8808 -0.671065 0.228445
6.60118 -0.682626 0.21959
6.31685 -0.693926 0.209211
6.02718 -0.704518 0.197553
5.73104 -0.713991 0.184994
5.4271 -0.722009 0.171916
5.11404 -0.72835 0.158894
4.79069 -0.732972 0.146872
4.45575 -0.736087 0.136834
4.10774 -0.738187 0.1293
3.74551 -0.739892 0.124001
3.36941 -0.741704 0.12004
2.98142 -0.743995 0.116191
2.58324 -0.746937 0.112363
2.17524 -0.750325 0.111237
1.75838 -0.753788 0.112527
1.33437 -0.756965 0.113948
0.904393 -0.759437 0.115459
0.469542 -0.760881 0.116807
0.0311497 -0.761079 0.117816
-0.409638 -0.759856 0.118236
-0.852166 -0.757143 0.117305
-1.29592 -0.752871 0.114195
-1.74003 -0.746918 0.108708
-2.1829 -0.739169 0.101587
-2.62261 -0.729586 0.0941791
-3.05752 -0.718242 0.08791
-3.48615 -0.705275 0.0848625
-3.90677 -0.690926 0.0877273
-4.31769 -0.675679 0.0985022
-4.71785 -0.660325 0.116016
-5.10662 -0.645736 0.137672
-5.48344 -0.632487 0.16217
-5.848 -0.620824 0.188462
-6.20022 -0.610857 0.216118
-6.53928 -0.602493 0.245219
-6.86359 -0.595535 0.2754
-7.17159 -0.589753 0.305969
-7.46231 -0.584782 0.336166
-7.73529 -0.580241 0.365289
-7.99036 -0.575736 0.392808
-8.22756 -0.570883 0.418361
-8.44712 -0.565357 0.441776
-8.64965 -0.558901 0.462868
-8.83637 -0.551326 0.481502
-9.00887 -0.542474 0.497492
-9.16873 -0.532195 0.510654
-9.31703 -0.520335 0.521111
-9.45424 -0.50674 0.528804
-9.58066 -0.491293 0.532536
-9.69728 -0.473929 0.532744
-9.80566 -0.45466 0.530594
-9.9072 -0.433611 0.525902
-10.0029 -0.41104 0.518891
-10.0935 -0.387264 0.510368
-10.18 -0.362569 0.501068
-10.2635 -0.337226 0.491487
-10.3444 -0.311622 0.481896
-10.4229 -0.286248 0.472092
-10.4988 -0.261616 0.46271
-10.5721 -0.238263 0.454377
-10.6431 -0.216678 0.44668
-10.7124 -0.19724 0.440131
-10.7807 -0.180317 0.435711
-10.848 -0.16632 0.432988
-10.9138 -0.155643 0.431525
-10.978 -0.14854 0.431994
-11.0405 -0.1451 0.434638
-11.1013 -0.145299 0.438797
-11.1607 -0.149009 0.444102
-11.2182 -0.15598 0.450672
-11.2731 -0.165871 0.458499
-11.3247 -0.178308 0.467014
-11.3734 -0.192879 0.475517
-11.4197 -0.209094 0.483718
-11.4642 -0.226402 0.49185
-11.5064 -0.244301 0.500166
-11.5458 -0.262392 0.508023
-11.582 -0.280343 0.515114
-11.6147 -0.297835 0.521437
-11.6433 -0.314598 0.526439
-11.6663 -0.330505 0.529647
-11.6822 -0.345595 0.531104
-11.6897 -0.360017 0.531469
-11.6888 -0.373956 0.531493
-11.6793 -0.387593 0.531705
-11.6607 -0.401083 0.53177
-11.6316 -0.414616 0.530841
-11.5904 -0.428417 0.528292
-11.5365 -0.442686 0.523863
-11.47 -0.457545 0.517503
-11.3908 -0.473051 0.509077
-11.2985 -0.489216 0.498331
-11.1919 -0.506027 0.485226
-11.0701 -0.523461 0.470156
-10.933 -0.541478 0.453753
-10.7816 -0.560019 0.436467
-10.6171 -0.579011 0.418396
-10.4402 -0.598393 0.399646
-10.2513 -0.618117 0.380546
-10.0507 -0.638115 0.361365
-9.83914 -0.658299 0.342393
-9.61739 -0.678605 0.323698
-9.38612 -0.698941 0.304955
-9.14561 -0.719163 0.286066
-8.89596 -0.739127 0.267388
-8.63751 -0.758693 0.249497
-8.37104 -0.777707 0.233103
-8.09734 -0.796059 0.218475
-7.81671 -0.813717 0.205528
-7.52898 -0.83071 0.19383
-7.23407 -0.847085 0.183415
-6.93246 -0.862841 0.173855
-6.62529 -0.877843 0.164133
-6.31386 -0.891864 0.153672
-5.99908 -0.904663 0.1417
-5.68129 -0.915979 0.128107
-5.36056 -0.925576 0.113174
-5.0371 -0.933314 0.0968909
-4.71125 -0.939154 0.0793277
-4.383 -0.943135 0.0610005
-4.05188 -0.945368 0.0428944
-3.71726 -0.946004 0.0262611
-3.37891 -0.945153 0.0120589
-3.03741 -0.942752 0.000743605
-2.6938 -0.938612 -0.00814858
-2.3487 -0.932662 -0.0157692
-2.00259 -0.925012 -0.0220577
-1.6567 -0.915845 -0.0254608
-1.31217 -0.905367 -0.0256211
-0.969546 -0.893702 -0.0233387
-0.629785 -0.880779 -0.0195373
-0.294009 -0.866471 -0.0148956
0.0375486 -0.85064 -0.00960958
0.364973 -0.833069 -0.00383544
0.687702 -0.813505 0.00242096
1.00468 -0.791632 0.00910816
1.31498 -0.76711 0.0160779
1.61823 -0.739663 0.023106
1.9145 -0.709128 0.0301616
2.20389 -0.675478 0.0373586
2.48606 -0.638805 0.0446668
2.76037 -0.599292 0.0519458
3.02627 -0.557207 0.0591087
3.28343 -0.512885 0.0662303
3.53147 -0.466676 0.0735227
3.76967 -0.41889 0.0811734
3.99692 -0.369749 0.0891535
4.21209 -0.319389 0.0971384
4.41431 -0.267885 0.104692
4.60307 -0.215274 0.111499
4.77802 -0.161588 0.117353
4.93872 -0.106867 0.122036
5.08464 -0.0511579 0.125315
5.21545 0.00547496 0.127034
5.33127 0.0629059 0.127165
5.43278 0.120899 0.125811
5.5211 0.1791 0.123262
5.59744 0.237078 0.119921
5.66296 0.294359 0.116117
5.71881 0.350455 0.112054
5.76621 0.404905 0.107922
5.80651 0.457287 0.10391
5.84096 0.507217 0.100158
5.87043 0.554364 0.0967334
5.89535 0.598477 0.0936366
5.91576 0.639384 0.090833
5.93148 0.676984 0.0882577
5.94223 0.711239 0.0857943
5.94753 0.742157 0.0832416
5.94681 0.769787 0.0804018
5.93963 0.79421 0.0770796
5.92579 0.815523 0.0730845
5.90547 0.833829 0.0683379
5.87916 0.849217 0.062911
5.84731 0.861732 0.0570056
5.81023 0.871358 0.0508859
5.76815 0.878009 0.0448381
5.7214 0.881542 0.0391496
5.67061 0.881789 0.0340761
5.61649 0.878582 0.0297574
5.55966 0.871796 0.0262462
5.50043 0.86136 0.0235255
5.43886 0.847262 0.0215276
5.37497 0.829542 0.0202389
5.3088 0.808296 0.0197155
5.24024 0.783674 0.0200096
5.16886 0.755873 0.021083
5.09389 0.725125 0.0227487
5.01441 0.691668 0.024766
4.92967 0.655722 0.0268734
4.83914 0.617474 0.0288068
4.74237 0.577075 0.0303502
4.63891 0.534658 0.0313255
4.52838 0.49034 0.0315717
4.41071 0.444226 0.0310252
4.2862 0.396412 0.0298143
4.15534 0.346992 0.0281908
4.01857 0.296065 0.0263859
3.87617 0.24375 0.0245285
3.72833 0.190194 0.0226853
3.57534 0.135577 0.0208776
3.41758 0.0801153 0.0191302
3.25536 0.0240661 0.0174117
3.0887 -0.0322666 0.0156146
2.91736 -0.0885307 0.0136177
2.74099 -0.144339 0.0113144
2.55932 -0.199286 0.00861059
2.37212 -0.252954 0.00555073
2.17905 -0.304916 0.00213292
1.97961 -0.354745 -0.00177979
1.77345 -0.402006 -0.00609637
1.56076 -0.446288 -0.0105649
1.34213 -0.487326 -0.0149297
1.11806 -0.525112 -0.0186615
0.888665 -0.559923 -0.0211417
0.653803 -0.592201 -0.0225111
0.41327 -0.622383 -0.023345
0.166836 -0.65085 -0.0237761
-0.0854066 -0.677886 -0.0235128
-0.34287 -0.703695 -0.0223043
-0.604924 -0.728459 -0.0201991
-0.871203 -0.752363 -0.017391
-1.1415 -0.775599 -0.0139395
-1.41553 -0.798315 -0.00977323
-1.69266 -0.820527 -0.00461243
-1.97199 -0.842052 0.00265497
-2.25288 -0.862496 0.0136264
-2.53483 -0.881338 0.0264363
-2.81663 -0.898093 0.0396447
-3.09688 -0.912491 0.0528863
-3.37512 -0.924377 0.0652542
-3.65092 -0.933613 0.0768099
-3.92325 -0.940176 0.0868341
-4.19112 -0.944074 0.095204
-4.45381 -0.94541 0.102586
-4.71067 -0.9445 0.109886
-4.96139 -0.94179 0.117318
-5.20609 -0.937738 0.124602
-5.44521 -0.932708 0.131609
-5.67913 -0.926951 0.13896
-5.90789 -0.92062 0.147825
-6.13149 -0.913821 0.158848
-6.35011 -0.906611 0.171594
-6.56404 -0.898959 0.185097
-6.77348 -0.890711 0.198565
-6.97819 -0.881619 0.211861
-7.17744 -0.871391 0.22528
-7.37027 -0.859771 0.238984
-7.55596 -0.846647 0.252801
-7.73392 -0.832068 0.266325
-7.90357 -0.816172 0.279185
-8.06411 -0.799117 0.291366
-8.21464 -0.781046 0.302999
-8.35431 -0.762089 0.313943
-8.48251 -0.742388 0.323753
-8.59894 -0.722095 0.332003
-8.7035 -0.701333 0.338618
-8.79609 -0.680148 0.343884
-8.87668 -0.65849 0.34812
-8.94531 -0.636248 0.351399
-9.00215 -0.613309 0.353553
-9.04742 -0.589612 0.354434
-9.08133 -0.565164 0.354125
-9.10408 -0.540028 0.352877
-9.11602 -0.514313 0.350915
-9.11764 -0.488172 0.348196
-9.10947 -0.461812 0.344578
-9.09198 -0.435501 0.340086
-9.06549 -0.409547 0.334965
-9.0303 -0.384253 0.329508
-8.98688 -0.359861 0.323818
-8.93579 -0.336525 0.317824
-8.87762 -0.314303 0.311409
-8.81273 -0.293174 0.304587
-8.74126 -0.273051 0.297471
-8.6633 -0.253804 0.290145
-8.57894 -0.235274 0.282526
-8.48842 -0.217292 0.274462
-8.39195 -0.199707 0.26589
-8.28976 -0.182428 0.256925
-8.18218 -0.165446 0.247687
-8.0698 -0.148825 0.238109
-7.95358 -0.132673 0.228116
-7.83462 -0.11712 0.217718
-7.71375 -0.102317 0.206921
-7.59142 -0.0884222 0.195663
-7.4678 -0.0755622 0.183929
-7.34291 -0.0638059 0.171795
-7.21664 -0.0531544 0.15937
-7.08871 -0.0435483 0.146807
-6.95853 -0.0348816 0.134275
-6.82529 -0.0270248 0.121919
-6.68826 -0.0198465 0.109852
-6.547 -0.0132351 0.0980784
-6.40138 -0.00711867 0.0865256
-6.25152 -0.00148163 0.0752405
-6.09761 0.00362753 0.0641802
-5.93998 0.00810319 0.053153
-5.77907 0.0118096 0.0419595
-5.61549 0.0146133 0.0306738
-5.4498 0.0164 0.0192783
-5.28221 0.0170882 0.00763536
-5.11256 0.0166537 -0.00389877
-4.94044 0.0151763 -0.0148749
-4.76554 0.0129242 -0.0248295
-4.58791 0.0103392 -0.0337346
-4.4077 0.00781248 -0.0424617
-4.22499 0.00566521 -0.0517105
-4.03994 0.00424838 -0.061048
-3.85277 0.00371508 -0.0697483
-3.6638 0.00400384 -0.0775542
-3.47363 0.00499019 -0.084488
-3.283 0.00645499 -0.0905715
-3.09267 0.0080966 -0.0957191
-2.90332 0.00954714 -0.099953
-2.71557 0.0104115 -0.103347
-2.53012 0.0103323 -0.10584
-2.34764 0.00903808 -0.107307
-2.1688 0.00636749 -0.107735
-1.99413 0.00227893 -0.107262
-1.82411 -0.0031485 -0.106129
-1.65922 -0.00975526 -0.104566
-1.49994 -0.0173442 -0.102793
-1.34652 -0.0256964 -0.100989
-1.19899 -0.0345808 -0.0992413
-1.05715 -0.0437717 -0.0976363
-0.920844 -0.053072 -0.0963305
-0.789962 -0.0623449 -0.0954904
-0.664442 -0.0715383 -0.0951216
-0.544109 -0.080692 -0.0950898
-0.428592 -0.0899214 -0.0952271
-0.317422 -0.099383 -0.0954076
-0.210231 -0.109234 -0.0955205
-0.106882 -0.119602 -0.0954548
-0.00745887 -0.130569 -0.0951133
0.0879262 -0.142171 -0.0943812
0.179316 -0.154395 -0.0932351
0.266894 -0.167194 -0.0917982
0.350858 -0.180477 -0.0901159
0.431312 -0.194127 -0.0881599
0.508345 -0.208017 -0.0859991
0.582149 -0.22203 -0.0836328
0.653017 -0.236068 -0.0810137
0.721224 -0.250033 -0.078104
0.786897 -0.26382 -0.0749032
0.850044 -0.277329 -0.0715309
0.910697 -0.290467 -0.068089
0.969038 -0.303158 -0.0646122
1.02541 -0.315345 -0.0611046
1.08016 -0.32698 -0.0575587
1.13342 -0.337999 -0.0539941
1.18522 -0.34833 -0.0504883
1.23552 -0.357901 -0.0471295
1.28436 -0.366652 -0.0439548
1.33181 -0.374529 -0.0409547
1.37788 -0.381484 -0.0381251
1.42245 -0.387468 -0.0355066
1.46531 -0.392437 -0.0331717
1.5062 -0.396363 -0.0311619
1.54479 -0.399238 -0.0294565
1.58044 -0.401072 -0.0279979
1.61227 -0.401883 -0.0267333
1.63931 -0.401682 -0.025653
1.66072 -0.400476 -0.0247907
1.67604 -0.39827 -0.024186
1.68509 -0.395069 -0.0238535
1.68772 -0.390879 -0.0237773
1.68366 -0.38571 -0.023932
1.67253 -0.379574 -0.0243044
1.65395 -0.372493 -0.0248854
1.62765 -0.364498 -0.0256553
1.59349 -0.355635 -0.0265969
1.55134 -0.345958 -0.0277295
1.50113 -0.335529 -0.0291358
1.44291 -0.324419 -0.0309508
1.37694 -0.312711 -0.0333017
1.30361 -0.300496 -0.0362347
1.22334 -0.287868 -0.0397073
1.13642 -0.274918 -0.0436618
1.04312 -0.261728 -0.0480564
0.943728 -0.248367 -0.0528726
0.83868 -0.234891 -0.0580821
0.728461 -0.221341 -0.0636193
0.613521 -0.207738 -0.0694189
0.494198 -0.194092 -0.0754193
0.370777 -0.180418 -0.081502
0.243604 -0.166763 -0.0875431
0.113143 -0.153227 -0.0934271
-0.020063 -0.13995 -0.0990323
-0.155517 -0.127085 -0.104244
-0.292837 -0.114762 -0.108961
-0.431693 -0.103073 -0.113161
-0.571705 -0.0920655 -0.116874
-0.712417 -0.0817537 -0.120108
-0.853337 -0.0721213 -0.122837
-0.994001 -0.0631331 -0.125052
-1.134 -0.0547291 -0.126758
-1.27295 -0.0468213 -0.127975
-1.41042 -0.0393046 -0.128763
-1.54592 -0.0320741 -0.129157
-1.679 -0.0250438 -0.129162
-1.8093 -0.0181618 -0.128779
-1.9365 -0.0114173 -0.127992
-2.06023 -0.0048363 -0.126732
-2.17999 0.00152808 -0.124939
-2.29534 0.00760631 -0.122592
-2.40608 0.0133236 -0.119719
-2.51231 0.0186082 -0.116421
-2.61437 0.0233959 -0.112784
-2.71273 0.0276371 -0.108859
-2.80804 0.0313075 -0.104743
-2.90095 0.0344121 -0.100575
-2.99211 0.0369854 -0.0964708
-3.08205 0.0390866 -0.0925585
-3.171 0.0407904 -0.0889007
-3.25897 0.0421774 -0.0854445
-3.3458 0.0433264 -0.0820837
-3.43139 0.0443028 -0.0787079
-3.51581 0.04514 -0.0752324
-3.59925 0.0458218 -0.0715974
-3.68187 0.0462802 -0.0677517
-3.76372 0.0464121 -0.0636661
-3.84471 0.0461052 -0.0593213
-3.92466 0.0452597 -0.0547744
-4.00337 0.0438006 -0.0501871
-4.0806 0.041675 -0.0457118
-4.15596 0.0388456 -0.0414433
-4.229 0.0352963 -0.037382
-4.29926 0.0310413 -0.0334985
-4.36641 0.026127 -0.029812
-4.43019 0.0206268 -0.0263577
-4.49037 0.0146229 -0.0231396
-4.54669 0.00818056 -0.0201286
-4.59887 0.00133977 -0.0172702
-4.64669 -0.00587844 -0.014477
-4.69008 -0.0134657 -0.0117087
-4.72908 -0.0214207 -0.00897579
-4.76379 -0.0297496 -0.00627497
-4.79428 -0.038467 -0.00360341
-4.82065 -0.0475903 -0.000966159
-4.84305 -0.0571262 0.00160681
-4.86166 -0.0670611 0.00402822
-4.87657 -0.077357 0.00616078
-4.88769 -0.0879573 0.00789004
-4.89476 -0.0987968 0.0091687
-4.8975 -0.109811 0.00999862
-4.89576 -0.12094 0.0104108
-4.88955 -0.132139 0.0104432
-4.87898 -0.143376 0.0101309
-4.86417 -0.154646 0.00951651
-4.84525 -0.165961 0.00870073
-4.82239 -0.177353 0.00776753
-4.79586 -0.188853 0.00672926
-4.76595 -0.200488 0.00558568
-4.73295 -0.212264 0.00434629
-4.69711 -0.224165 0.00302134
-4.65873 -0.236148 0.00161291
-4.61817 -0.248146 0.000131023
-4.57574 -0.260073 -0.001405
-4.53162 -0.271832 -0.00299041
-4.48572 -0.283328 -0.00463246
-4.43775 -0.29447 -0.00634344
-4.3874 -0.30518 -0.00816419
-4.33448 -0.315394 -0.0101539
-4.27899 -0.325074 -0.0123754
-4.22105 -0.334211 -0.014868
-4.16073 -0.342824 -0.0176225
-4.09812 -0.350946 -0.0205881
-4.03329 -0.358616 -0.023707
-3.96638 -0.365862 -0.0269496
-3.89755 -0.37269 -0.0303049
-3.82684 -0.379083 -0.0337569
-3.75414 -0.385004 -0.0372527
-3.6792 -0.390404 -0.0406916
-3.60172 -0.395216 -0.0439634
-3.52145 -0.399371 -0.0469931
-3.43815 -0.402799 -0.0497651
-3.35162 -0.405441 -0.0523
-3.26171 -0.407256 -0.0546262
-3.16844 -0.408224 -0.0567868
-3.07201 -0.408348 -0.0588572
-2.97283 -0.407654 -0.0609451
-2.87135 -0.406188 -0.0631549
-2.7681 -0.404018 -0.0655464
-2.66367 -0.40122 -0.0681032
-2.55881 -0.397867 -0.0707251
-2.45436 -0.394024 -0.0732608
-2.35111 -0.389738 -0.0755457
-2.24963 -0.385039 -0.0774336
-2.15027 -0.379941 -0.0788443
-2.05325 -0.374445 -0.0797631
-1.9588 -0.368536 -0.0802032
-1.86727 -0.362186 -0.0800816
-1.77907 -0.355357 -0.0794923
-1.69465 -0.348014 -0.0787119
-1.61443 -0.340133 -0.0778823
-1.53882 -0.331691 -0.0770889
-1.4683 -0.322666 -0.0764382
-1.40334 -0.313042 -0.0761035
-1.34429 -0.302823 -0.0762534
-1.29132 -0.29203 -0.0769624
-1.24447 -0.280708 -0.0782103
-1.20374 -0.268916 -0.0799208
-1.16912 -0.256712 -0.0819916
-1.14045 -0.244155 -0.0843502
-1.11744 -0.231299 -0.086955
-1.09959 -0.218203 -0.0897564
-1.08634 -0.204924 -0.092697
-1.07714 -0.19151 -0.0957146
-1.07152 -0.177997 -0.0987438
-1.06907 -0.164407 -0.101603
-1.06942 -0.150759 -0.104226
-1.07218 -0.13708 -0.106761
-1.07701 -0.123417 -0.109299
-1.08361 -0.109825 -0.111851
-1.0917 -0.0963418 -0.114389
-1.10097 -0.0829914 -0.116915
-1.11095 -0.0697859 -0.119449
-1.12102 -0.0567303 -0.12198
-1.13049 -0.0438364 -0.124462
-1.13875 -0.0311273 -0.126822
-1.14529 -0.0186273 -0.128967
-1.14967 -0.00636141 -0.130824
-1.15158 0.00564187 -0.132359
-1.15088 0.017349 -0.133578
-1.14764 0.0287172 -0.134515
-1.14213 0.0396956 -0.135218
-1.13473 0.0502294 -0.135728
-1.12591 0.0602663 -0.136077
-1.11613 0.0697623 -0.136288
-1.10585 0.0786848 -0.136371
-1.09555 0.0870124 -0.136335
-1.08563 0.094733 -0.136165
-1.07638 0.101844 -0.135787
-1.06797 0.10835 -0.13511
-1.06055 0.114265 -0.134123
-1.05437 0.11961 -0.1329
-1.04981 0.124401 -0.131551
-1.04737 0.128636 -0.130177
-1.04758 0.132285 -0.128838
-1.0509 0.135295 -0.127552
-1.05769 0.137599 -0.126343
-1.06824 0.139133 -0.12527
-1.08275 0.139839 -0.124405
-1.10125 0.13967 -0.123795
-1.12364 0.138588 -0.123448
-1.14967 0.136565 -0.123345
-1.17906 0.133593 -0.123451
-1.2115 0.129689 -0.123724
-1.24668 0.1249 -0.124136
-1.28422 0.119291 -0.12468
-1.32368 0.112939 -0.125359
-1.36464 0.105927 -0.12618
-1.40679 0.0983358 -0.127126
-1.45003 0.0902452 -0.128149
-1.49435 0.0817282 -0.129147
-1.53971 0.072847 -0.129897
-1.58602 0.063654 -0.13027
-1.63309 0.0541972 -0.13035
-1.68075 0.0445239 -0.130207
-1.72885 0.0346689 -0.129885
-1.77721 0.0246365 -0.129402
-1.82564 0.0144005 -0.128646
-1.87392 0.00391902 -0.127455
-1.9219 -0.00685278 -0.125762
-1.96951 -0.0179428 -0.123584
-2.0168 -0.0293517 -0.120959
-2.06383 -0.041062 -0.11794
-2.11064 -0.0530427 -0.114594
-2.15726 -0.0652458 -0.110983
-2.20376 -0.0776015 -0.107152
-2.25027 -0.0900196 -0.103175
-2.29695 -0.102398 -0.0991621
-2.3439 -0.114641 -0.0952382
-2.39112 -0.126666 -0.091495
-2.43858 -0.138416 -0.0879953
-2.48626 -0.149856 -0.0847917
-2.53415 -0.160973 -0.0819233
-2.5823 -0.171772 -0.0794038
-2.63074 -0.18228 -0.0772092
-2.67947 -0.192535 -0.0752865
-2.72849 -0.202584 -0.0735774
-2.77776 -0.212472 -0.0720314
-2.82716 -0.222233 -0.0706113
-2.87649 -0.231885 -0.0692855
-2.92543 -0.241428 -0.0680311
-2.97371 -0.250836 -0.0668324
-3.02106 -0.260061 -0.0656652
-3.06725 -0.269037 -0.0644947
-3.11208 -0.277685 -0.0632813
-3.15528 -0.285921 -0.061994
-3.19649 -0.293666 -0.060623
-3.23532 -0.300849 -0.0591751
-3.27144 -0.307414 -0.0576719
-3.30466 -0.313325 -0.0561427
-3.33485 -0.318568 -0.0546096
-3.36195 -0.323147 -0.0530822
-3.38592 -0.327084 -0.051567
-3.40674 -0.33041 -0.0500847
-3.42443 -0.333159 -0.0486804
-3.43907 -0.335363 -0.0474111
-3.45078 -0.337048 -0.0463139
-3.45967 -0.338238 -0.0453891
-3.46588 -0.338951 -0.044608
-3.46957 -0.339196 -0.0439361
-3.47092 -0.338971 -0.0433471
-3.47008 -0.338269 -0.0428193
-3.46716 -0.337078 -0.042336
-3.46222 -0.335389 -0.0418882
-3.45538 -0.333193 -0.0414855
-3.44679 -0.330488 -0.0411599
-3.43671 -0.327275 -0.0409471
-3.4254 -0.323566 -0.0408833
-3.41313 -0.319381 -0.0410092
-3.40015 -0.314747 -0.0413741
-3.38672 -0.309692 -0.0420351
-3.37308 -0.304247 -0.0430395
-3.35949 -0.298442 -0.0444005
-3.34613 -0.292306 -0.0460932
-3.3331 -0.285863 -0.0480648
-3.32051 -0.279137 -0.0502466
-3.30844 -0.272142 -0.0525584
-3.29697 -0.264882 -0.054906
-3.28616 -0.257355 -0.0571903
-3.27601 -0.249551 -0.0593238
-3.26646 -0.241459 -0.0612453
-3.25737 -0.233068 -0.0629277
-3.24863 -0.224368 -0.0643732
-3.2402 -0.215356 -0.0655997
-3.23205 -0.206036 -0.0666337
-3.22414 -0.196425 -0.0675141
-3.21637 -0.186549 -0.0682978
-3.20861 -0.176446 -0.0690585
-3.20071 -0.166159 -0.0698773
-3.19245 -0.155736 -0.0708263
-3.18359 -0.145234 -0.0719492
-3.1738 -0.134709 -0.073257
-3.16275 -0.124221 -0.0747376
-3.15019 -0.113822 -0.0763642
-3.13596 -0.103558 -0.0780967
-3.11993 -0.093465 -0.0798887
-3.10199 -0.0835688 -0.0817007
-3.082 -0.0738857 -0.0835159
-3.05985 -0.0644217 -0.0853435
-3.03544 -0.0551741 -0.087204
-3.00874 -0.0461332 -0.089115
-2.97976 -0.037287 -0.0910799
-2.9485 -0.0286255 -0.0930971
-2.915 -0.0201434 -0.0951733
-2.87933 -0.0118407 -0.0973212
-2.84169 -0.00372354 -0.0995484
-2.8023 0.00419513 -0.101844
-2.76142 0.0118942 -0.104182
-2.71926 0.0193457 -0.106519
-2.67596 0.0265164 -0.108799
-2.63162 0.0333714 -0.110944
-2.58626 0.0398774 -0.112866
-2.53991 0.0460049 -0.114492
-2.49259 0.0517285 -0.115778
-2.44434 0.0570285 -0.116708
-2.3953 0.0618923 -0.117303
-2.34573 0.0663145 -0.117621
-2.29604 0.0702983 -0.11773
-2.2467 0.0738525 -0.117725
-2.19816 0.0769878 -0.117692
-2.15082 0.0797138 -0.117704
-2.10507 0.0820346 -0.11783
-2.0613 0.0839486 -0.118088
-2.01979 0.0854495 -0.118449
-1.98075 0.0865254 -0.11879
-1.94423 0.0871617 -0.119021
-1.91016 0.0873452 -0.119158
-1.87843 0.0870682 -0.11924
-1.84892 0.0863257 -0.119318
-1.82155 0.085108 -0.11942
-1.79626 0.0834017 -0.119545
-1.77298 0.081194 -0.11968
-1.75169 0.0784748 -0.119844
-1.7324 0.0752441 -0.120083
-1.71515 0.0715131 -0.120429
-1.70002 0.0672992 -0.120902
-1.68699 0.0626215 -0.121485
-1.67598 0.0575032 -0.122129
-1.66687 0.0519756 -0.12281
-1.65956 0.0460815 -0.123505
-1.65394 0.0398713 -0.124171
-1.64993 0.0333893 -0.124766
-1.64744 0.0266646 -0.125211
-1.64638 0.0197107 -0.125409
-1.64673 0.0125287 -0.125292
-1.64844 0.00511462 -0.124849
-1.6515 -0.00253362 -0.124099
-1.65582 -0.0104199 -0.123085
-1.66128 -0.0185539 -0.121861
-1.66776 -0.0269478 -0.120471
-1.67518 -0.0356096 -0.11894
-1.68361 -0.0445356 -0.117298
-1.69315 -0.0537066 -0.115595
-1.70397 -0.0630909 -0.113895
-1.71621 -0.0726494 -0.112259
-1.72993 -0.0823414 -0.11073
-1.74517 -0.0921267 -0.109331
-1.76182 -0.101966 -0.108055
-1.77969 -0.11182 -0.106876
-1.79852 -0.121651 -0.105753
-1.81807 -0.131428 -0.104644
-1.83815 -0.141128 -0.103516
-1.85867 -0.150733 -0.10236
-1.87959 -0.160234 -0.101186
-1.90087 -0.169623 -0.100034
-1.92249 -0.17889 -0.0989657
-1.94444 -0.188027 -0.0980521
-1.96675 -0.197023 -0.0973558
-1.98948 -0.205869 -0.0969012
-2.01268 -0.214556 -0.0966575
-2.0363 -0.22307 -0.0965485
-2.0602 -0.231394 -0.0964842
-2.08416 -0.239499 -0.0963895
-2.10793 -0.247348 -0.0962052
-2.1312 -0.254902 -0.0958756
-2.15371 -0.262123 -0.0953441
-2.17527 -0.268975 -0.0945666
-2.19582 -0.275428 -0.0935279
-2.21548 -0.281455 -0.0922408
-2.23452 -0.28703 -0.090741
-2.25328 -0.292135 -0.0890803
-2.27209 -0.296758 -0.0873232
-2.29119 -0.300896 -0.0855437
-2.31082 -0.304553 -0.0838196
-2.3312 -0.307734 -0.082213
-2.35254 -0.31045 -0.0807465
-2.37502 -0.312706 -0.0793916
-2.39874 -0.314507 -0.078081
-2.42372 -0.315859 -0.0767455
-2.44993 -0.316759 -0.0753454
-2.47728 -0.317204 -0.0738734
-2.50567 -0.317186 -0.0723382
-2.53493 -0.316696 -0.0707477
-2.5649 -0.315721 -0.0691315
-2.59541 -0.31425 -0.0675863
-2.62634 -0.312271 -0.0662194
-2.65766 -0.309778 -0.0650836
-2.68937 -0.306767 -0.0642325
-2.72146 -0.303242 -0.0637459
-2.7539 -0.299224 -0.063696
-2.78663 -0.294746 -0.0641233
-2.81957 -0.289851 -0.0650136
-2.85262 -0.28459 -0.0662902
-2.88564 -0.279007 -0.067821
-2.91842 -0.273138 -0.0694292
-2.95071 -0.267004 -0.070931
-2.98222 -0.260609 -0.0721728
-3.01264 -0.253945 -0.0730411
-3.04163 -0.246995 -0.07346
-3.06875 -0.239736 -0.0733918
-3.09357 -0.232144 -0.0728584
-3.11568 -0.224198 -0.0719569
-3.13484 -0.215879 -0.0708414
-3.15099 -0.207181 -0.0696953
-3.1642 -0.198113 -0.0687021
-3.1746 -0.188706 -0.068027
-3.18233 -0.179011 -0.067808
-3.18749 -0.169093 -0.0681362
-3.19016 -0.159027 -0.0690389
-3.19041 -0.148887 -0.0704634
-3.18831 -0.138746 -0.0722737
-3.18395 -0.12867 -0.0742746
-3.17746 -0.118715 -0.0762543
-3.16901 -0.108921 -0.0780227
-3.15888 -0.0993137 -0.0794481
-3.14742 -0.0898976 -0.0804604
-3.13504 -0.0806616 -0.0810589
-3.1222 -0.0715818 -0.081305
-3.10936 -0.0626279 -0.0812962
-3.09695 -0.0537696 -0.0811625
-3.08537 -0.0449853 -0.0810432
-3.07487 -0.0362671 -0.0810637
-3.06562 -0.0276273 -0.0813308
-3.05766 -0.0190999 -0.0819199
-3.05099 -0.0107377 -0.0828623
-3.04557 -0.00260872 -0.0841401
-3.04135 0.00520945 -0.0856915
-3.03823 0.0126362 -0.0874258
-3.03612 0.0195947 -0.0892434
-3.03491 0.02602 -0.0910544
-3.03448 0.0318659 -0.0927782
-3.03477 0.0371112 -0.0943393
-3.03571 0.0417614 -0.0956751
-3.03722 0.0458468 -0.0967466
-3.0392 0.0494172 -0.0975505
-3.04156 0.0525349 -0.0981259
-3.04419 0.0552663 -0.0985364
-3.04708 0.0576735 -0.0988534
-3.05019 0.0598059 -0.0991437
-3.05349 0.0616935 -0.099464
-3.05691 0.0633432 -0.0998628
-3.06032 0.0647381 -0.100368
-3.06357 0.0658405 -0.100971
-3.06647 0.0665975 -0.101628
-3.06883 0.066947 -0.102259
-3.07042 0.0668262 -0.102771
-3.071 0.0661791 -0.103072
-3.07037 0.064964 -0.1031
-3.06835 0.0631595 -0.102829
-3.06481 0.0607661 -0.102263
-3.05964 0.0578067 -0.10144
-3.05271 0.054323 -0.100429
-3.04396 0.0503705 -0.0993295
-3.03336 0.0460125 -0.0982545
-3.02094 0.0413126 -0.0973096
-3.00675 0.0363272 -0.0965815
-2.99079 0.0310996 -0.0961321
-2.97302 0.025656 -0.0959988
-2.95334 0.0200054 -0.0961914
-2.93168 0.014141 -0.096686
-2.90802 0.00804411 -0.097421
-2.88242 0.00168919 -0.0983036
-2.85494 -0.00495008 -0.0992197
-2.82565 -0.0118939 -0.100054
-2.79461 -0.0191494 -0.100715
-2.76192 -0.0267062 -0.101147
-2.72769 -0.0345355 -0.101332
-2.69213 -0.0425917 -0.101272
-2.65549 -0.0508166 -0.100982
-2.61807 -0.0591442 -0.100494
-2.5802 -0.0675056 -0.0998543
-2.54219 -0.0758337 -0.099122
-2.50435 -0.0840698 -0.0983581
-2.46691 -0.0921691 -0.0976135
-2.43003 -0.100104 -0.0969216
-2.39391 -0.107864 -0.0962977
-2.35872 -0.115457 -0.0957252
-2.3247 -0.1229 -0.095157
-2.29206 -0.130221 -0.0945441
-2.26103 -0.137447 -0.0938538
-2.23178 -0.144602 -0.093077
-2.20447 -0.151703 -0.0922207
-2.17923 -0.158751 -0.0913021
-2.15615 -0.165733 -0.090353
-2.13527 -0.172624 -0.0894228
-2.11664 -0.179387 -0.0885625
-2.10032 -0.185977 -0.0878197
-2.0864 -0.192345 -0.0872405
-2.07492 -0.198441 -0.0868625
-2.06587 -0.204221 -0.0867163
-2.05914 -0.209653 -0.0868287
-2.05452 -0.214717 -0.0872174
-2.05171 -0.219406 -0.0878772
-2.05038 -0.223728 -0.0887671
-2.0502 -0.2277 -0.0898124
-2.05085 -0.231343 -0.0909253
-2.05203 -0.234685 -0.0920247
-2.0534 -0.237748 -0.0930527
-2.0547 -0.240554 -0.0939805
-2.05571 -0.243113 -0.0947989
-2.05629 -0.245428 -0.0955075
-2.05631 -0.247491 -0.096114
-2.05567 -0.24929 -0.0966319
-2.05426 -0.250804 -0.0970773
-2.05203 -0.252012 -0.0974655
-2.04892 -0.252891 -0.0978011
-2.04493 -0.253424 -0.0980775
-2.04008 -0.253598 -0.0982857
-2.0344 -0.253408 -0.0984191
-2.02793 -0.252861 -0.0984703
-2.02082 -0.25197 -0.0984275
-2.01326 -0.250755 -0.0982746
-2.00549 -0.249246 -0.0979982
-1.99779 -0.247471 -0.0975882
-1.99046 -0.245463 -0.0970429
-1.98381 -0.24325 -0.0963714
-1.97819 -0.240856 -0.0955908
-1.97401 -0.238298 -0.0947284
-1.97164 -0.235584 -0.0938206
-1.9714 -0.232717 -0.0929083
-1.97357 -0.229696 -0.0920406
-1.97835 -0.226514 -0.0912644
-1.98587 -0.223164 -0.0906158
-1.99615 -0.219639 -0.0901199
-2.00908 -0.215933 -0.0897981
-2.02452 -0.212047 -0.089671
-2.04223 -0.20798 -0.0897507
-2.06199 -0.203738 -0.0900404
-2.08357 -0.19933 -0.0905342
-2.10674 -0.19477 -0.0912247
-2.13124 -0.190073 -0.0921056
-2.15677 -0.185261 -0.0931675
-2.183 -0.180359 -0.0943959
-2.20957 -0.175391 -0.0957669
-2.23609 -0.170383 -0.097237
-2.26213 -0.165354 -0.0987463
-2.28725 -0.16032 -0.100233
-2.31101 -0.15529 -0.101637
-2.33298 -0.150264 -0.10291
-2.35287 -0.145236 -0.104015
-2.37044 -0.140194 -0.104931
-2.38553 -0.135125 -0.105657
-2.39805 -0.130013 -0.106194
-2.40796 -0.124846 -0.106549
-2.41532 -0.119614 -0.106737
-2.42024 -0.114311 -0.106774
-2.42292 -0.108936 -0.106668
-2.4236 -0.103495 -0.106415
-2.42253 -0.0980004 -0.106
-2.42 -0.0924719 -0.105408
-2.41628 -0.0869322 -0.104634
-2.41164 -0.0814059 -0.103679
-2.40635 -0.0759184 -0.102561
-2.40067 -0.0704941 -0.101311
-2.3949 -0.065153 -0.0999568
-2.38936 -0.0599101 -0.0985409
-2.38439 -0.0547746 -0.0971087
-2.38039 -0.0497505 -0.0957184
-2.3777 -0.0448384 -0.0944542
-2.37666 -0.0400401 -0.0933918
-2.37757 -0.0353619 -0.0925926
-2.38071 -0.0308151 -0.0921075
-2.38631 -0.0264179 -0.091972
-2.39454 -0.0221952 -0.0921901
-2.40547 -0.0181773 -0.0927309
-2.41905 -0.0143985 -0.0935456
-2.4351 -0.0108934 -0.0945855
-2.45338 -0.00769341 -0.0958007
-2.47357 -0.00482169 -0.0971371
-2.49527 -0.00229026 -0.0985419
-2.51805 -9.74395e-05 -0.0999513
-2.54146 0.00177117 -0.101317
-2.56508 0.00334028 -0.102626
-2.58857 0.00464202 -0.103859
-2.61165 0.00571318 -0.104993
-2.63406 0.00659111 -0.106018
-2.65556 0.00730799 -0.106937
-2.67594 0.00788745 -0.107765
-2.69501 0.00834142 -0.108487
-2.71261 0.00866841 -0.109073
-2.72861 0.00885442 -0.10949
-2.74284 0.00887472 -0.109698
-2.75519 0.00869859 -0.109656
-2.7656 0.00829252 -0.109335
-2.77407 0.00762298 -0.108734
-2.78077 0.00666136 -0.107868
-2.78589 0.00538656 -0.106757
-2.78967 0.00378797 -0.105433
-2.79232 0.00186788 -0.103943
-2.79403 -0.000359675 -0.102354
-2.79493 -0.00287254 -0.100746
-2.7951 -0.00564656 -0.0991773
-2.7946 -0.00865912 -0.0976942
-2.79345 -0.0118902 -0.0963428
-2.79171 -0.0153258 -0.0951503
-2.78948 -0.0189591 -0.0941333
-2.78691 -0.0227912 -0.0933089
-2.78418 -0.0268316 -0.0927004
-2.78147 -0.0310969 -0.0923324
-2.77898 -0.0356056 -0.0922179
-2.77687 -0.040374 -0.0923518
-2.77527 -0.0454112 -0.0927087
-2.77421 -0.0507164 -0.0932482
-2.77361 -0.0562777 -0.0939192
-2.77324 -0.0620715 -0.0946598
-2.77276 -0.0680626 -0.0953989
-2.77181 -0.0742057 -0.0960683
-2.76999 -0.0804483 -0.096617
-2.76695 -0.0867357 -0.0970156
-2.76243 -0.0930166 -0.0972474
-2.75621 -0.0992471 -0.0973102
-2.74818 -0.105393 -0.0972197
-2.73828 -0.111433 -0.0970085
-2.72645 -0.117354 -0.0967189
-2.71266 -0.123158 -0.0963882
-2.69686 -0.12885 -0.0960438
-2.67897 -0.134443 -0.0956946
-2.65896 -0.139951 -0.0953272
-2.63678 -0.145382 -0.0949125
-2.61243 -0.150741 -0.0944209
-2.58593 -0.156022 -0.0938354
-2.5574 -0.161213 -0.0931571
-2.52701 -0.166293 -0.0924014
-2.4951 -0.171235 -0.0915893
-2.46211 -0.176006 -0.0907372
-2.42861 -0.180571 -0.089862
-2.39519 -0.184898 -0.0889807
-2.3624 -0.188958 -0.0881035
-2.33069 -0.192727 -0.0872365
-2.30042 -0.196191 -0.086391
-2.27186 -0.199342 -0.0855836
-2.24513 -0.202184 -0.0848295
-2.22032 -0.204723 -0.0841381
-2.1974 -0.206971 -0.0835281
-2.17633 -0.208944 -0.0830355
-2.15706 -0.210653 -0.0827055
-2.13956 -0.21211 -0.0825883
-2.12381 -0.213323 -0.082732
-2.10978 -0.214296 -0.0831739
-2.09741 -0.215029 -0.0839357
-2.08663 -0.215518 -0.0850186
-2.07735 -0.215758 -0.0863989
-2.06943 -0.215741 -0.0880237
-2.06268 -0.215459 -0.0898155
-2.05685 -0.214898 -0.0916806
-2.05164 -0.214044 -0.0935333
-2.04681 -0.212885 -0.0953063
-2.04215 -0.211409 -0.0969398
-2.03752 -0.209614 -0.0983884
-2.03284 -0.207505 -0.0996325
-2.02805 -0.205098 -0.100674
-2.02314 -0.20241 -0.101525
-2.01815 -0.199464 -0.102214
-2.01315 -0.196285 -0.102777
-2.00823 -0.192905 -0.103241
-2.00353 -0.189356 -0.103609
-1.99918 -0.185671 -0.103863
-1.99538 -0.181878 -0.103975
-1.99235 -0.177996 -0.103926
-1.99029 -0.174038 -0.103706
-1.98942 -0.170012 -0.103315
-1.98994 -0.165926 -0.102757
-1.99205 -0.161787 -0.102036
-1.99592 -0.1576 -0.101173
-2.00172 -0.153369 -0.100205
-2.00958 -0.149099 -0.0991827
-2.0196 -0.144798 -0.0981631
-2.03186 -0.140478 -0.0971519
-2.04643 -0.136153 -0.0962219
-2.0634 -0.131838 -0.0955279
-2.08286 -0.127546 -0.0951794
-2.10489 -0.123296 -0.0952563
-2.12944 -0.119118 -0.0957774
-2.15637 -0.115046 -0.09669
-2.18543 -0.111118 -0.0978994
-2.21633 -0.107369 -0.0993247
-2.2487 -0.103823 -0.100884
-2.28216 -0.100492 -0.102453
-2.31627 -0.097376 -0.103919
-2.3506 -0.0944613 -0.105222
-2.38478 -0.0917216 -0.106317
-2.41848 -0.0891224 -0.107188
-2.45144 -0.0866283 -0.107833
-2.4834 -0.0842086 -0.108251
-2.5141 -0.0818409 -0.108456
-2.54333 -0.079514 -0.108474
-2.57087 -0.0772275 -0.108347
-2.59651 -0.0749884 -0.108116
-2.62006 -0.0728129 -0.107819
-2.64128 -0.0707251 -0.10747
-2.65998 -0.0687504 -0.107038
-2.67603 -0.0669119 -0.106469
-2.68938 -0.065226 -0.10571
-2.70005 -0.0637002 -0.104736
-2.70811 -0.0623333 -0.10354
-2.7137 -0.0611169 -0.102125
-2.717 -0.060036 -0.100504
-2.71824 -0.0590693 -0.0987182
-2.71769 -0.0581903 -0.0968345
-2.71567 -0.0573717 -0.0949393
-2.71253 -0.0565894 -0.0931128
-2.70866 -0.055827 -0.0914244
-2.70446 -0.0550771 -0.0899301
-2.7003 -0.0543428 -0.0886742
-2.69652 -0.0536385 -0.087696
-2.69339 -0.0529897 -0.0870128
-2.69109 -0.0524316 -0.0866096
-2.68975 -0.0520069 -0.0864445
-2.68947 -0.0517606 -0.0864592
-2.69035 -0.0517338 -0.086592
-2.69247 -0.0519577 -0.0867823
-2.69589 -0.0524482 -0.0869781
-2.70058 -0.0532041 -0.0871448
-2.70646 -0.0542062 -0.0872732
-2.71345 -0.0554198 -0.0873814
-2.72143 -0.0567986 -0.087502
-2.73029 -0.0582896 -0.0876659
-2.73991 -0.0598406 -0.0878926
-2.75014 -0.0614049 -0.0881893
-2.76087 -0.0629459 -0.0885591
-2.77197 -0.06444 -0.0890046
-2.7833 -0.0658788 -0.0895162
-2.79468 -0.0672691 -0.0900656
-2.80585 -0.0686307 -0.0906068
-2.81659 -0.0699923 -0.0910849
-2.82669 -0.0713862 -0.0914532
-2.83604 -0.0728441 -0.0916742
-2.84455 -0.074393 -0.0917156
-2.85221 -0.076052 -0.0915516
-2.85899 -0.0778292 -0.0911767
-2.86485 -0.0797201 -0.0906207
-2.86976 -0.0817081 -0.0899461
-2.8737 -0.0837678 -0.0892315
-2.87667 -0.0858701 -0.0885501
-2.87872 -0.0879873 -0.0879573
-2.87992 -0.0900972 -0.0874901
-2.88038 -0.0921852 -0.0871704
-2.88023 -0.0942464 -0.0870085
-2.87958 -0.0962857 -0.0870009
-2.8785 -0.0983173 -0.0871304
-2.87703 -0.100362 -0.0873688
-2.87513 -0.102445 -0.0876832
-2.87275 -0.104592 -0.088042
-2.86985 -0.106826 -0.0884121
-2.86636 -0.109161 -0.0887605
-2.86221 -0.111604 -0.0890625
-2.8573 -0.11415 -0.0893099
-2.85148 -0.116782 -0.0895181
-2.84459 -0.119475 -0.0897242
-2.8364 -0.122198 -0.0899778
-2.8267 -0.124917 -0.0903275
-2.81523 -0.127604 -0.09081
-2.80178 -0.130233 -0.0914436
-2.78611 -0.132787 -0.0922249
-2.76802 -0.135258 -0.0931345
-2.74734 -0.137643 -0.0941425
-2.72394 -0.13995 -0.0952095
-2.69777 -0.142187 -0.0962912
-2.6688 -0.144369 -0.09734
-2.63709 -0.146505 -0.0983086
-2.6027 -0.148605 -0.0991526
-2.56573 -0.150671 -0.0998345
-2.5263 -0.152698 -0.100332
-2.48457 -0.154678 -0.100639
-2.44077 -0.156593 -0.100763
-2.39524 -0.158424 -0.100719
-2.34835 -0.160147 -0.100517
-2.30052 -0.161741 -0.100174
-2.25219 -0.163183 -0.0997168
-2.20368 -0.164458 -0.0991719
-2.15523 -0.165553 -0.0985659
-2.10712 -0.166463 -0.0979314
-2.05967 -0.167189 -0.0972832
