8.52507e-07 -3.7974e-16 -0.0355989
-5.31921e-05 -1.97284e-07 -0.0355979
-0.000267759 -2.62246e-06 -0.0355919
-0.00067925 -1.26741e-05 -0.0355754
-0.00122125 -3.41462e-05 -0.0355469
-0.00178388 -6.33568e-05 -0.035509
-0.00228797 -9.45823e-05 -0.0354644
-0.00272516 -0.000126272 -0.0354155
-0.00311822 -0.0001585 -0.0353632
-0.00351658 -0.000190634 -0.0353042
-0.00402092 -0.000220783 -0.0352325
-0.00474177 -0.000246926 -0.0351429
-0.00574964 -0.000270212 -0.0350318
-0.00703769 -0.000295426 -0.0348958
-0.00851936 -0.0003301 -0.0347323
-0.0100733 -0.000383385 -0.0345432
-0.0115687 -0.000462474 -0.0343345
-0.0128827 -0.000567975 -0.034115
-0.0139035 -0.000690999 -0.0338953
-0.0145376 -0.000814095 -0.0336856
-0.0147137 -0.000914434 -0.0334944
-0.0144135 -0.000967677 -0.0333283
-0.0137185 -0.000956061 -0.0331911
-0.012811 -0.000880315 -0.0330822
-0.0119543 -0.000765326 -0.0329984
-0.0113691 -0.000653447 -0.0329361
-0.0111224 -0.000591462 -0.032896
-0.0111917 -0.000615753 -0.0328857
-0.0115602 -0.000743185 -0.0329144
-0.0122848 -0.000972 -0.0329848
-0.0134758 -0.00128092 -0.0330896
-0.0151517 -0.00162861 -0.0332117
-0.0171546 -0.00196112 -0.0333322
-0.0191716 -0.0022221 -0.0334399
-0.0208061 -0.0023686 -0.0335327
-0.0217546 -0.00238775 -0.0336136
-0.0219492 -0.0023009 -0.0336841
-0.0215376 -0.00215596 -0.0337389
-0.0207834 -0.00200761 -0.0337702
-0.0198879 -0.00189076 -0.0337748
-0.0188647 -0.00180695 -0.0337568
-0.0175429 -0.00172778 -0.0337286
-0.0156099 -0.0016086 -0.0337072
-0.0128553 -0.00140787 -0.0337084
-0.00940681 -0.0011052 -0.0337413
-0.00570815 -0.00071571 -0.033806
-0.00236808 -0.000288327 -0.0338996
0.000150655 0.000115242 -0.0340208
0.00173853 0.000439993 -0.0341718
0.00249575 0.000650845 -0.0343601
0.00252139 0.000735112 -0.0345891
0.00187288 0.000691022 -0.0348488
0.000658236 0.000528847 -0.0351222
-0.000897771 0.000284527 -0.0353934
-0.00251611 1.64463e-05 -0.0356522
-0.00390697 -0.000212422 -0.0358949
-0.0046971 -0.000348878 -0.0361256
-0.00444056 -0.000357461 -0.0363516
-0.0027426 -0.000223585 -0.0365785
0.000551258 4.68384e-05 -0.0368124
0.00523567 0.000428539 -0.0370615
0.0108011 0.000878354 -0.0373278
0.0165337 0.00134069 -0.0376043
0.0217421 0.00175869 -0.0378792
0.025958 0.00208652 -0.0381437
0.0289379 0.00230043 -0.0383961
0.0306138 0.00239791 -0.0386404
0.0308668 0.00238181 -0.0388772
0.0293326 0.00224928 -0.0390921
0.0257554 0.00199143 -0.0392516
0.0204458 0.00161036 -0.0393249
0.0143113 0.0011496 -0.0393077
0.00856314 0.000690577 -0.0392177
0.00421742 0.000314698 -0.0390832
0.00185739 8.16937e-05 -0.0389268
0.00172341 2.51866e-05 -0.0387525
0.00378069 0.000157298 -0.0385533
0.00764998 0.000482773 -0.0383298
0.0125103 0.000991988 -0.0380896
0.0172862 0.0016332 -0.0378346
0.0209427 0.00230499 -0.0375527
0.0229332 0.00287899 -0.0372268
0.0234627 0.00323492 -0.0368604
0.0230823 0.00330169 -0.0364952
0.0222662 0.00307473 -0.0361972
0.021001 0.00259038 -0.0360167
0.0186404 0.00190957 -0.0359557
0.0144907 0.00111903 -0.0359607
0.00836546 0.00032816 -0.0359576
0.000827056 -0.000334887 -0.0358976
-0.00696801 -0.000766201 -0.0357702
-0.0138529 -0.000949739 -0.0355912
-0.0190944 -0.000974535 -0.0353752
-0.0226016 -0.00100166 -0.0351167
-0.0249082 -0.00119171 -0.0348011
-0.026637 -0.00162317 -0.0344228
-0.0278846 -0.00224451 -0.0340041
-0.0281285 -0.0028749 -0.0335891
-0.0265107 -0.00326991 -0.0332134
-0.0226184 -0.00323094 -0.0328875
-0.0171297 -0.00269352 -0.0325929
-0.0114428 -0.00176797 -0.0322912
-0.00704987 -0.000710235 -0.0319601
-0.00499026 0.00017895 -0.0316196
-0.00561639 0.000642075 -0.0313153
-0.00892433 0.000516655 -0.0310939
-0.0146953 -0.000221389 -0.0309757
-0.0224668 -0.00145151 -0.0309368
-0.0315675 -0.00293038 -0.0309261
-0.0409839 -0.00433723 -0.030893
-0.0493725 -0.00537105 -0.030838
-0.0553434 -0.0058495 -0.0308191
-0.0579479 -0.00573731 -0.0308022
-0.0569807 -0.00514117 -0.0307215
-0.0526804 -0.00427793 -0.0306541
-0.0457037 -0.00338511 -0.0306621
-0.0370581 -0.00264296 -0.0307441
-0.0274394 -0.00211544 -0.0309125
-0.0172958 -0.00174558 -0.0311897
-0.00761909 -0.00143504 -0.0315815
0.000194642 -0.00111166 -0.0320533
0.0050603 -0.00075714 -0.0325321
0.00625256 -0.000418643 -0.0329652
0.00364093 -0.000192239 -0.0333436
-0.00230649 -0.00018844 -0.0336758
-0.0110285 -0.000511606 -0.034001
-0.021496 -0.00121767 -0.0343289
-0.0319768 -0.00225494 -0.0346279
-0.0405805 -0.00344272 -0.0348792
-0.0457655 -0.00448948 -0.0351004
-0.0468826 -0.00508475 -0.0352738
-0.0443277 -0.00502833 -0.0353329
-0.0388043 -0.00427349 -0.035256
-0.0307329 -0.00291446 -0.0350455
-0.0206366 -0.00116002 -0.034718
-0.00928779 0.000712899 -0.0343325
0.002528 0.00239279 -0.0340257
0.0134606 0.00358912 -0.033853
0.021733 0.00411803 -0.0337815
0.0261836 0.00396143 -0.0337866
0.0261727 0.00326964 -0.033833
0.0214698 0.00229748 -0.0339032
0.0127471 0.0013046 -0.0339691
0.00115435 0.000467105 -0.0340034
-0.0121849 -0.000173529 -0.0340048
-0.0259387 -0.000702454 -0.0339628
-0.0389709 -0.00127078 -0.0338456
-0.0506118 -0.00199022 -0.0337216
-0.0599129 -0.0028711 -0.0337045
-0.0658036 -0.0038325 -0.0337521
-0.0678379 -0.00469798 -0.033539
-0.0655009 -0.00523041 -0.033031
-0.0581553 -0.00521945 -0.0324955
-0.0468603 -0.00458316 -0.0319484
-0.0334718 -0.00342292 -0.0313127
-0.0187003 -0.00196355 -0.0307355
-0.00403997 -0.000480755 -0.0304675
0.00761337 0.00073272 -0.0304489
0.0145135 0.00145921 -0.0305729
0.0161995 0.0016295 -0.030759
0.0123301 0.00125361 -0.0309491
0.00336113 0.000350966 -0.0312011
-0.00914964 -0.00104876 -0.0315068
-0.0232803 -0.00286475 -0.0320015
-0.0370435 -0.00489213 -0.032664
-0.0493934 -0.00684468 -0.0333611
-0.0609885 -0.00847043 -0.0340372
-0.0724637 -0.00958457 -0.0345388
-0.0832967 -0.0100687 -0.0348553
-0.0923943 -0.00983108 -0.0349608
-0.0980658 -0.00886829 -0.0347162
-0.0987141 -0.00740444 -0.0340754
-0.0936248 -0.00581506 -0.0331952
-0.0831851 -0.00443946 -0.0322005
-0.06944 -0.00344896 -0.031123
-0.0553282 -0.00282342 -0.0300148
-0.0431283 -0.00245682 -0.0289626
-0.0338513 -0.00219716 -0.0280131
-0.0274242 -0.00179458 -0.0271241
-0.0230464 -0.000975737 -0.0264
-0.0198836 0.00033015 -0.0259011
-0.0178766 0.00185738 -0.0255959
-0.0175784 0.00310499 -0.0253931
-0.0195548 0.00357517 -0.0253825
-0.0246894 0.00299708 -0.025649
-0.0336975 0.00138714 -0.0261965
-0.0458487 -0.00101975 -0.0270595
-0.059594 -0.00383985 -0.0281034
-0.0730488 -0.00659448 -0.0291157
-0.0838333 -0.00877992 -0.0300899
-0.0902604 -0.00999046 -0.0310645
-0.0919482 -0.0100885 -0.0318809
-0.0890569 -0.00929226 -0.0324798
-0.0817597 -0.00807587 -0.0329636
-0.0705308 -0.00693821 -0.033368
-0.0560729 -0.00617436 -0.0336884
-0.0388919 -0.00581484 -0.0340711
-0.0201873 -0.00572413 -0.0345805
-0.00199461 -0.00562799 -0.0353277
0.0142914 -0.00518814 -0.0362606
0.0275404 -0.00421488 -0.0370334
0.0369334 -0.00270012 -0.0375986
0.0431393 -0.000834875 -0.0380525
0.0470138 0.000990227 -0.038515
0.0491154 0.00238164 -0.0391905
0.0502661 0.00301506 -0.0400661
0.0502138 0.00270795 -0.0411042
0.0474626 0.00157782 -0.0423509
0.0414048 4.17458e-05 -0.0436168
0.0330877 -0.00124535 -0.0446778
0.0243006 -0.00162135 -0.0453248
0.017287 -0.000798061 -0.0455804
0.0140566 0.0010711 -0.0455062
0.0152984 0.00357044 -0.0452221
0.0210146 0.00615618 -0.0447188
0.0304545 0.00831233 -0.0441303
0.0407629 0.0097119 -0.0436259
0.0490596 0.0102903 -0.0431472
0.0547677 0.0102519 -0.0425976
0.0586139 0.0100068 -0.0417869
0.0618001 0.010046 -0.0407589
0.0659393 0.0107876 -0.0396767
0.0723928 0.0124086 -0.0386768
0.0808187 0.0147059 -0.0378134
0.0887109 0.0170722 -0.0370736
0.0924501 0.0186704 -0.0364269
0.0886576 0.0187937 -0.0360122
0.0763886 0.0172031 -0.0358166
0.0581597 0.0141661 -0.0357451
0.0377629 0.0102723 -0.0358217
0.0186397 0.00623395 -0.0361013
0.00346383 0.0026798 -0.0364329
-0.00737166 1.91395e-05 -0.0367786
-0.0160306 -0.00163901 -0.0370121
-0.0259456 -0.00253283 -0.0369012
-0.0396369 -0.00309519 -0.0365566
-0.0574027 -0.00376458 -0.03603
-0.0777173 -0.00486167 -0.0351932
-0.0971185 -0.00647392 -0.0340903
-0.111942 -0.00848118 -0.0330281
-0.120355 -0.0106623 -0.0319959
-0.122106 -0.0127605 -0.0308176
-0.118028 -0.014495 -0.0296418
-0.109705 -0.0155988 -0.0286464
-0.0993137 -0.0158715 -0.027638
-0.0886663 -0.0152051 -0.0263756
-0.0781948 -0.0136602 -0.0250875
-0.0683161 -0.0115435 -0.0242143
-0.0610041 -0.00942812 -0.0238722
-0.0584151 -0.00798793 -0.0237471
-0.0613763 -0.00760242 -0.0234957
-0.069751 -0.00818095 -0.0231716
-0.0826626 -0.00943243 -0.0230531
-0.0983416 -0.011182 -0.0231777
-0.114853 -0.0133429 -0.023445
-0.131131 -0.0157314 -0.0237735
-0.146331 -0.0180575 -0.024521
-0.159773 -0.0199761 -0.0258267
-0.172572 -0.0211191 -0.0271448
-0.185869 -0.0212762 -0.0277536
-0.197923 -0.020619 -0.0277647
-0.206042 -0.0195942 -0.0277813
-0.20932 -0.0185008 -0.027576
-0.207543 -0.0172283 -0.0268884
-0.199599 -0.0154865 -0.0261836
-0.185042 -0.013226 -0.0259475
-0.16582 -0.0107322 -0.0258848
-0.144143 -0.00838741 -0.0255375
-0.120728 -0.00637459 -0.0250352
-0.0970124 -0.00455775 -0.024741
-0.0761649 -0.00268031 -0.0245756
-0.0605871 -0.000757083 -0.0243616
-0.0502809 0.000840465 -0.0242818
-0.0438799 0.00180045 -0.0244299
-0.0396951 0.00215322 -0.024652
-0.0358178 0.00217825 -0.0250156
-0.0310362 0.00218027 -0.0257423
-0.0261027 0.00223929 -0.0268439
-0.0225574 0.00219272 -0.0281877
-0.0207254 0.00187497 -0.02956
-0.0202523 0.00131806 -0.0308792
-0.0207691 0.00073597 -0.0322677
-0.0212721 0.000329007 -0.0337525
-0.0206657 0.000105149 -0.0354495
-0.0183955 -7.17261e-05 -0.0371634
-0.0137443 -0.000299315 -0.0387929
-0.00558285 -0.000562786 -0.0405487
0.00658651 -0.000787477 -0.0423217
0.021653 -0.000928917 -0.0438853
0.0385538 -0.000908722 -0.0454076
0.0572116 -0.000524708 -0.0468457
0.0763099 0.000390054 -0.0479294
0.0936469 0.00180978 -0.0487693
0.107645 0.0035066 -0.0492914
0.117371 0.0051675 -0.0492673
0.123082 0.00662003 -0.0489241
0.125749 0.00788933 -0.0487513
0.126411 0.00899169 -0.0487349
0.126067 0.00982511 -0.0487027
0.124505 0.010271 -0.0487911
0.12065 0.0103035 -0.0489589
0.114572 0.0100621 -0.0488684
0.107243 0.00978711 -0.0484649
0.0992876 0.00966511 -0.0479835
0.0916692 0.00978377 -0.0473931
0.0852438 0.0101827 -0.0464926
0.0791823 0.01088 -0.0454223
0.0725728 0.0118487 -0.044294
0.0660615 0.0130098 -0.0429539
0.0604979 0.014226 -0.0413781
0.056139 0.0152896 -0.0398349
0.0532899 0.0160004 -0.0384673
0.0520982 0.0162292 -0.03719
0.0513828 0.0158702 -0.0359638
0.0489994 0.0148848 -0.0347968
0.0439811 0.0134065 -0.033662
0.0367135 0.0116397 -0.0326198
0.0273926 0.00976866 -0.0317422
0.016254 0.00803229 -0.0310074
0.00412279 0.00663222 -0.0303114
-0.00871783 0.00557434 -0.0296321
-0.0227258 0.00464135 -0.0292344
-0.037865 0.00346671 -0.0289866
-0.0535655 0.0017513 -0.0288002
-0.0697181 -0.00060308 -0.0287232
-0.0862496 -0.00353069 -0.0287169
-0.102107 -0.00686145 -0.0288952
-0.116252 -0.0103867 -0.0291788
-0.128121 -0.0138655 -0.0293672
-0.136432 -0.0169741 -0.0294327
-0.139683 -0.0193824 -0.0295253
-0.137255 -0.0208866 -0.0295594
-0.128816 -0.0214208 -0.0294576
-0.113916 -0.0210557 -0.0294036
-0.0927166 -0.0200286 -0.0295112
-0.0660955 -0.0186585 -0.0297669
-0.0349448 -0.0171796 -0.0303946
0.000154805 -0.0157233 -0.0312994
0.0389528 -0.0144838 -0.0319875
0.0816248 -0.0135777 -0.0324837
0.128397 -0.0127835 -0.0331991
0.180032 -0.0117654 -0.0343118
0.236773 -0.0102786 -0.0355012
0.296881 -0.00823647 -0.0371165
0.359583 -0.00580029 -0.0390877
0.425484 -0.00318451 -0.0410827
0.494209 -0.000466852 -0.0431598
0.565104 0.00237588 -0.0456092
0.638396 0.0053775 -0.048379
0.714643 0.00856147 -0.0509702
0.793991 0.0119372 -0.0534587
0.876759 0.0154761 -0.0557189
0.964133 0.0192662 -0.0572746
1.05697 0.0236949 -0.0579883
1.15522 0.029329 -0.0582063
1.25923 0.0364296 -0.0581726
1.3699 0.0446651 -0.0577794
1.48786 0.0533853 -0.0568882
1.61338 0.0619562 -0.0555992
1.74685 0.0699465 -0.053949
1.88867 0.0771717 -0.0518984
2.03874 0.0835605 -0.0494726
2.19625 0.0890405 -0.0468533
2.36031 0.0935681 -0.0440857
2.53033 0.0972439 -0.0410785
2.70563 0.100392 -0.0377726
2.88552 0.103472 -0.0342369
3.0696 0.106864 -0.0304394
3.25765 0.110777 -0.0262762
3.44885 0.115271 -0.0217187
3.64155 0.120264 -0.0169064
3.83344 0.125615 -0.0119029
4.02119 0.131185 -0.00680125
4.20044 0.136744 -0.00182493
4.36623 0.141937 0.00277992
4.51385 0.146403 0.00694565
4.63916 0.149872 0.0107744
4.73869 0.152177 0.0142026
4.80983 0.153284 0.017077
4.85133 0.153256 0.0193792
4.86324 0.152159 0.0211432
4.84627 0.150018 0.0224571
4.80157 0.146854 0.0233458
4.73097 0.14272 0.0237766
4.63696 0.137737 0.0236249
4.52269 0.132077 0.0226651
4.39227 0.125933 0.0208969
4.25023 0.119506 0.0183892
4.10043 0.112999 0.0152834
3.9463 0.106557 0.0117989
3.79104 0.100249 0.00819796
3.63653 0.0941578 0.00487853
3.48275 0.0883924 0.00196405
3.33055 0.0829855 -0.000415354
3.18431 0.0779284 -0.00230171
3.05157 0.0732436 -0.00420717
2.94329 0.0690264 -0.00676495
2.8706 0.0654054 -0.0101474
2.84008 0.06237 -0.0139365
2.85395 0.0596963 -0.0171676
2.91007 0.0571016 -0.0186615
3.00193 0.0543941 -0.0179209
3.12128 0.0513501 -0.015531
3.25886 0.047738 -0.0120704
3.40534 0.0437239 -0.00677312
3.55503 0.039495 -0.00104539
3.70504 0.0345766 0.00424824
3.85052 0.0284483 0.0100396
3.9848 0.0211942 0.0171793
4.10375 0.0137562 0.026774
4.20182 0.00746018 0.0359362
4.26802 0.00297688 0.0427313
4.29669 0.000352557 0.0475289
4.29039 -0.000657912 0.0513269
4.24823 -0.000599858 0.0547938
4.16484 -0.000243841 0.0563759
4.03808 -0.000345081 0.0565464
3.8674 -0.00151262 0.0568951
3.64819 -0.00428153 0.0567127
3.37656 -0.00910087 0.0542109
3.05563 -0.0162818 0.0490981
2.69213 -0.0261274 0.0418902
2.29466 -0.0388487 0.0297889
1.87338 -0.054145 0.0144143
1.43442 -0.0719176 0.000482645
0.977655 -0.0926616 -0.00957951
0.501505 -0.115668 -0.0125875
0.0102268 -0.138271 -0.00664493
-0.4832 -0.157724 0.0105954
-0.960587 -0.171039 0.0435239
-1.40122 -0.175821 0.0804767
-1.79455 -0.174119 0.104271
-2.15853 -0.169918 0.129373
-2.51721 -0.165086 0.169343
-2.86697 -0.160497 0.216099
-3.1914 -0.157537 0.258231
-3.48531 -0.156822 0.295579
-3.74779 -0.158028 0.336772
-3.97238 -0.161349 0.383827
-4.15285 -0.167146 0.432477
-4.28996 -0.175618 0.478637
-4.38834 -0.18674 0.524206
-4.45014 -0.19984 0.569562
-4.47842 -0.213455 0.613163
-4.47991 -0.226046 0.655174
-4.46284 -0.236395 0.691635
-4.43651 -0.243471 0.721781
-4.40988 -0.246708 0.747049
-4.38839 -0.246168 0.77051
-4.37356 -0.242433 0.797991
-4.36706 -0.236532 0.828178
-4.37126 -0.229635 0.858623
-4.38785 -0.222756 0.889447
-4.41912 -0.216499 0.922022
-4.468 -0.211076 0.957629
-4.53553 -0.206604 0.994698
-4.61811 -0.203268 1.02686
-4.70896 -0.201234 1.04966
-4.80218 -0.200435 1.061
-4.89385 -0.200453 1.06381
-4.98239 -0.200604 1.06701
-5.0683 -0.200237 1.07607
-5.15231 -0.198984 1.09295
-5.23369 -0.196981 1.11368
-5.31103 -0.195006 1.13133
-5.38457 -0.194177 1.14174
-5.45651 -0.195504 1.14494
-5.53 -0.199878 1.14383
-5.60792 -0.208164 1.14036
-5.69228 -0.220949 1.13634
-5.78444 -0.23829 1.13327
-5.88594 -0.259863 1.13195
-5.99837 -0.285141 1.13214
-6.12284 -0.313377 1.1335
-6.26136 -0.343595 1.13571
-6.41699 -0.374693 1.13903
-6.59126 -0.405623 1.14442
-6.78249 -0.435418 1.15179
-6.98614 -0.463093 1.15979
-7.19645 -0.487576 1.16656
-7.40753 -0.507724 1.17122
-7.61361 -0.522535 1.17463
-7.80976 -0.531364 1.17808
-7.99256 -0.533995 1.18192
-8.15991 -0.530623 1.18571
-8.31031 -0.521778 1.18906
-8.44254 -0.508189 1.19211
-8.55605 -0.490681 1.19527
-8.65044 -0.470162 1.19872
-8.72519 -0.447648 1.20199
-8.78035 -0.424252 1.2046
-8.81703 -0.401084 1.20636
-8.83686 -0.379163 1.20738
-8.8411 -0.359388 1.2075
-8.83036 -0.342447 1.20611
-8.80497 -0.328687 1.20307
-8.76487 -0.318151 1.19867
-8.70905 -0.310676 1.19264
-8.63564 -0.305903 1.18369
-8.54352 -0.303367 1.17063
-8.43341 -0.302643 1.15329
-8.30696 -0.303359 1.13238
-8.16509 -0.305133 1.1086
-8.00828 -0.307576 1.08196
-7.83697 -0.310352 1.05344
-7.65287 -0.313168 1.02408
-7.45931 -0.315725 0.993821
-7.25958 -0.317704 0.963174
-7.05713 -0.318815 0.932498
-6.85539 -0.318843 0.90173
-6.65786 -0.3176 0.870808
-6.46819 -0.31482 0.839833
-6.28899 -0.310115 0.809012
-6.1216 -0.303024 0.778424
-5.96593 -0.2932 0.748005
-5.82131 -0.28059 0.717803
-5.68716 -0.265388 0.687997
-5.56289 -0.247966 0.658626
-5.44801 -0.228993 0.629571
-5.34213 -0.209429 0.600663
-5.24452 -0.190402 0.571711
-5.15415 -0.173121 0.542747
-5.06975 -0.158742 0.513453
-4.98969 -0.148264 0.483574
-4.91226 -0.142353 0.452552
-4.83594 -0.14127 0.419047
-4.75907 -0.145176 0.382835
-4.67951 -0.154429 0.34518
-4.59511 -0.169238 0.308046
-4.50391 -0.189097 0.272948
-4.40412 -0.21287 0.240035
-4.2947 -0.239101 0.209067
-4.17584 -0.265386 0.180706
-4.04824 -0.288431 0.155356
-3.91253 -0.305241 0.132973
-3.76922 -0.313581 0.113717
-3.61844 -0.312083 0.0977478
-3.45977 -0.300107 0.0848749
-3.29276 -0.277634 0.0744596
-3.11732 -0.245416 0.0658407
-2.93398 -0.205219 0.0585056
-2.74432 -0.15975 0.0520535
-2.551 -0.112338 0.0460539
-2.35705 -0.0666342 0.0400839
-2.16476 -0.0262307 0.033791
-1.97513 0.00591996 0.0267116
-1.78739 0.028119 0.0183308
-1.59984 0.040117 0.00830654
-1.41096 0.0429829 -0.00336935
-1.21989 0.0387809 -0.0163097
-1.02652 0.0301701 -0.0298525
-0.830869 0.0201425 -0.043072
-0.632487 0.0119828 -0.0551075
-0.430411 0.00929809 -0.0650157
-0.223476 0.0155387 -0.0722429
-0.0114484 0.0327869 -0.0755356
0.203855 0.0611442 -0.0713583
0.41927 0.0986365 -0.0623037
0.630584 0.140903 -0.0517423
0.833258 0.182842 -0.0403976
1.02513 0.220342 -0.030077
1.20596 0.249885 -0.0208626
1.37498 0.269215 -0.0132046
1.53204 0.278121 -0.00736574
1.67872 0.277959 -0.00350702
1.81682 0.270974 -0.00124705
1.94783 0.259669 3.02352e-05
2.07315 0.246498 0.00092178
2.19401 0.233874 0.00193878
2.31155 0.224217 0.00350886
2.42649 0.219567 0.00585984
2.53909 0.221292 0.00901451
2.64912 0.229935 0.0128748
2.75558 0.24486 0.0172548
2.85659 0.264364 0.0219809
2.94973 0.28621 0.0268368
3.03256 0.307865 0.0314224
3.10307 0.326772 0.0352751
3.15973 0.34065 0.0379726
3.2017 0.347666 0.0392394
3.22897 0.346751 0.0390059
3.24226 0.337942 0.0373995
3.24292 0.322476 0.0347623
3.23258 0.302577 0.0315615
3.21296 0.28098 0.0281606
3.18593 0.260343 0.0248283
3.15377 0.242834 0.0218359
3.11905 0.229962 0.0193202
3.08419 0.222544 0.017282
3.05093 0.220675 0.0156977
3.0202 0.223702 0.0145088
2.99208 0.230207 0.0135292
2.96645 0.238117 0.012456
2.94364 0.245012 0.0110449
2.92407 0.248575 0.00913679
2.90763 0.24706 0.00662855
2.89365 0.239603 0.00347003
2.88163 0.226314 -0.000324262
2.87211 0.208167 -0.00462122
2.86661 0.18678 -0.00919658
2.86661 0.164159 -0.0137386
2.87282 0.142451 -0.0178635
2.88491 0.123669 -0.0212397
2.90234 0.109403 -0.0236959
2.92499 0.100538 -0.0252182
2.95302 0.0970589 -0.0259084
2.98627 0.098006 -0.0259409
3.02387 0.101656 -0.0254936
3.06461 0.105896 -0.0247518
3.10746 0.108645 -0.023917
3.1515 0.108193 -0.0231775
3.19563 0.103476 -0.0226748
3.23857 0.0942417 -0.022499
3.27903 0.0809627 -0.0226793
3.31583 0.0646635 -0.0232054
3.34783 0.0467085 -0.0239906
3.37406 0.0285609 -0.0248878
3.39368 0.0115999 -0.0257551
3.40563 -0.0029997 -0.0265009
3.4084 -0.0143686 -0.0271396
3.39976 -0.0220213 -0.027763
3.37702 -0.025909 -0.0284448
3.33735 -0.0264424 -0.0291836
3.27824 -0.0244758 -0.0301664
3.19825 -0.0211901 -0.0315942
3.09755 -0.0178623 -0.0335633
2.97773 -0.0156551 -0.0361644
2.84103 -0.0155068 -0.0394218
2.68995 -0.0180588 -0.0433562
2.5272 -0.0235811 -0.0479268
2.35591 -0.0319594 -0.0529909
2.17963 -0.0427135 -0.0583174
2.00185 -0.0550188 -0.0636233
1.82532 -0.0677846 -0.068576
1.65195 -0.0797645 -0.0728305
1.4833 -0.0896903 -0.0760405
1.32094 -0.0964497 -0.0779337
1.1665 -0.0993134 -0.0784102
1.02129 -0.098134 -0.0775536
0.885823 -0.0933976 -0.0755991
0.75984 -0.0862118 -0.0728012
0.642795 -0.0781563 -0.0690935
0.534492 -0.0707575 -0.0642773
0.435405 -0.0650478 -0.0580889
0.346451 -0.0616533 -0.050521
0.268642 -0.0609332 -0.0423219
0.202704 -0.0632053 -0.0339147
0.148622 -0.0689694 -0.0250761
0.105455 -0.0782895 -0.0156294
0.0711503 -0.0900549 -0.00534364
0.0427836 -0.102533 0.00567578
0.018068 -0.114163 0.0174099
-0.00475019 -0.123569 0.0304111
-0.0285624 -0.129935 0.0454757
-0.0566529 -0.133333 0.0633801
-0.0914043 -0.134359 0.083551
-0.13482 -0.133738 0.104668
-0.188803 -0.132193 0.125798
-0.254297 -0.130305 0.146398
-0.331239 -0.128333 0.166113
-0.419465 -0.126425 0.184823
-0.51888 -0.124837 0.202942
-0.628828 -0.123834 0.220818
-0.7475 -0.123674 0.238565
-0.87185 -0.1247 0.256157
-0.998019 -0.127263 0.273429
-1.12213 -0.131521 0.290132
-1.24106 -0.137401 0.305798
-1.35278 -0.144628 0.319875
-1.45617 -0.152822 0.332057
-1.55057 -0.161717 0.342207
-1.63579 -0.171321 0.350263
-1.71267 -0.181908 0.35629
-1.78339 -0.194009 0.360421
-1.85166 -0.208328 0.362801
-1.92228 -0.225342 0.363806
-2.00016 -0.244822 0.364124
-2.08938 -0.266019 0.364225
-2.1917 -0.288221 0.364242
-2.30607 -0.310912 0.364169
-2.42941 -0.333661 0.364063
-2.55817 -0.355999 0.364189
-2.68916 -0.377253 0.365253
-2.81907 -0.396543 0.367937
-2.94388 -0.412983 0.372282
-3.05901 -0.425892 0.377531
-3.16016 -0.434771 0.382627
-3.24452 -0.439187 0.387126
-3.3111 -0.438923 0.390729
-3.36069 -0.434165 0.393218
-3.39587 -0.425434 0.394955
-3.42051 -0.413513 0.396673
-3.43908 -0.399395 0.399171
-3.45599 -0.384173 0.403042
-3.47457 -0.368914 0.408568
-3.49612 -0.354535 0.415738
-3.52011 -0.341668 0.42445
-3.54539 -0.330604 0.434864
-3.57144 -0.321278 0.447046
-3.59827 -0.313347 0.46046
-3.6251 -0.306365 0.474193
-3.64973 -0.299963 0.487568
-3.6695 -0.293829 0.500441
-3.68309 -0.287605 0.512911
-3.69144 -0.280929 0.524924
-3.69653 -0.273531 0.536412
-3.69977 -0.265358 0.547463
-3.7019 -0.256633 0.558299
-3.704 -0.247745 0.569065
-3.70824 -0.239072 0.579823
-3.71734 -0.230878 0.590781
-3.73332 -0.223273 0.602281
-3.75688 -0.216204 0.614612
-3.78742 -0.209495 0.627814
-3.82341 -0.202864 0.641708
-3.86289 -0.195923 0.655972
-3.90379 -0.188245 0.670168
-3.94409 -0.179439 0.683895
-3.98188 -0.169228 0.696822
-4.01539 -0.157479 0.708742
-4.04334 -0.144183 0.719702
-4.06501 -0.129474 0.729841
-4.08031 -0.113654 0.739241
-4.08987 -0.0971321 0.74789
-4.09484 -0.080426 0.755765
-4.09672 -0.0641951 0.762852
-4.09741 -0.049218 0.769185
-4.09893 -0.0362773 0.774817
-4.10316 -0.026041 0.779842
-4.11157 -0.0190147 0.784433
-4.12475 -0.0155259 0.788729
-4.14247 -0.015694 0.79277
-4.16363 -0.0194062 0.796362
-4.18625 -0.0263364 0.799122
-4.20806 -0.0360128 0.800753
-4.22711 -0.0479089 0.801269
-4.24212 -0.0615129 0.800721
-4.25234 -0.0763615 0.799046
-4.25714 -0.092037 0.796191
-4.25593 -0.108162 0.792112
-4.24839 -0.124414 0.786799
-4.23479 -0.140539 0.780268
-4.21613 -0.156363 0.772581
-4.19382 -0.171813 0.763903
-4.16949 -0.186934 0.754409
-4.1448 -0.201854 0.744332
-4.12117 -0.216692 0.733898
-4.09945 -0.231489 0.723186
-4.07947 -0.246188 0.712226
-4.06 -0.260628 0.70098
-4.03908 -0.274579 0.689322
-4.01482 -0.287795 0.67707
-3.98575 -0.300054 0.664004
-3.95081 -0.31119 0.649906
-3.90923 -0.321132 0.634617
-3.86047 -0.329923 0.618062
-3.80454 -0.337711 0.600239
-3.74203 -0.344745 0.581202
-3.67387 -0.351341 0.561035
-3.60088 -0.357834 0.539887
-3.52337 -0.364515 0.517894
-3.44121 -0.371607 0.495165
-3.35417 -0.379229 0.471836
-3.2622 -0.387378 0.447976
-3.16532 -0.395887 0.423645
-3.0632 -0.404425 0.398803
-2.95537 -0.412647 0.373293
-2.84167 -0.420266 0.347024
-2.72263 -0.427081 0.319986
-2.59967 -0.432981 0.292396
-2.47479 -0.437863 0.264444
-2.35018 -0.441584 0.236106
-2.22888 -0.444082 0.207408
-2.11478 -0.445316 0.178718
-2.01175 -0.445059 0.150627
-1.92252 -0.442824 0.123678
-1.84829 -0.43812 0.0985988
-1.7889 -0.43078 0.0760679
-1.74263 -0.420966 0.0567111
-1.70596 -0.408799 0.0408899
-1.67527 -0.394214 0.027334
-1.64943 -0.377413 0.0161188
-1.62879 -0.359001 0.00748371
-1.61232 -0.340074 7.97913e-05
-1.59676 -0.322098 -0.00616239
-1.5771 -0.30598 -0.010907
-1.54866 -0.291309 -0.0142742
-1.5085 -0.276539 -0.0169001
-1.45509 -0.260084 -0.0196798
-1.38752 -0.241422 -0.0232189
-1.3052 -0.220998 -0.0274427
-1.20788 -0.199449 -0.0319414
-1.09561 -0.177137 -0.0363056
-0.968778 -0.153808 -0.0402951
-0.827834 -0.128822 -0.043712
-0.673054 -0.101857 -0.0467406
-0.504842 -0.0732886 -0.0496431
-0.324101 -0.0441559 -0.0522476
-0.131889 -0.0155934 -0.0541885
0.0712273 0.0117416 -0.0538482
0.285436 0.0374354 -0.0504016
0.510018 0.0611495 -0.0441648
0.741698 0.082371 -0.0354988
0.977268 0.100686 -0.025683
1.21494 0.117132 -0.0154835
1.45148 0.133246 -0.00571765
1.68357 0.149547 0.00330994
1.90957 0.165776 0.0121217
2.12732 0.18098 0.0207674
2.33461 0.194273 0.0289843
2.5299 0.205588 0.0365059
2.71186 0.215466 0.0432687
2.87958 0.224721 0.0492836
3.0324 0.233907 0.0544774
3.17007 0.242888 0.0588291
3.29314 0.250978 0.062284
3.40312 0.257661 0.0647128
3.50074 0.262906 0.0661432
3.58514 0.266982 0.066677
3.65567 0.270364 0.0663766
3.71271 0.273416 0.0652965
3.75717 0.27607 0.0635351
3.79047 0.277903 0.0612592
3.81426 0.278403 0.0586688
3.83019 0.277241 0.0558437
3.83937 0.274362 0.0527856
3.84203 0.26985 0.0493591
3.83823 0.263722 0.0454832
3.82871 0.255864 0.0413024
3.81489 0.246121 0.0369409
3.7984 0.234554 0.0325119
3.7807 0.221575 0.0281668
3.76269 0.207845 0.0239809
3.74511 0.194192 0.0199848
3.72879 0.181444 0.0162088
3.71429 0.170211 0.0127123
3.7014 0.160844 0.00959459
3.6893 0.15347 0.00694233
3.67692 0.14798 0.00476108
3.6634 0.144062 0.00302309
3.64861 0.141282 0.00171658
3.63314 0.139142 0.000816484
3.61772 0.137146 0.000232028
3.60296 0.134872 -0.000181883
3.58925 0.132001 -0.000522837
3.57689 0.128306 -0.00110256
3.5664 0.123702 -0.00143433
3.55921 0.118264 -0.00126267
3.55808 0.112207 -0.00107644
3.56549 0.105897 -0.000756593
3.58156 0.0997515 -0.000425043
3.60488 0.094076 -0.000486642
3.63496 0.0890808 -0.000887758
3.67228 0.0849277 -0.00116977
3.71701 0.0816778 -0.00126694
3.76846 0.0792573 -0.00121135
3.8247 0.077455 -0.000918036
3.88292 0.0759309 -0.000293341
3.94054 0.0742781 0.000794928
3.99549 0.0721146 0.00229238
4.04579 0.0691456 0.0041391
4.08963 0.0652329 0.00639284
4.12549 0.0604582 0.00871746
4.15225 0.0551139 0.01084
4.16855 0.0495991 0.0127933
4.1723 0.044331 0.014477
4.16151 0.0396944 0.0157971
4.1352 0.0359918 0.0167216
4.09334 0.0334482 0.0173558
4.03638 0.0322173 0.017753
3.96441 0.0323497 0.0179766
3.87687 0.0337853 0.0180175
3.77317 0.0363275 0.0177291
3.65373 0.0396283 0.0170138
3.52013 0.0432466 0.0157939
3.3743 0.046682 0.0139854
3.2174 0.04941 0.0116506
3.04969 0.0509657 0.00884749
2.87113 0.0510094 0.00556296
2.68226 0.0493221 0.00185539
2.48411 0.0457756 -0.0021989
2.27779 0.0403441 -0.00651838
2.06434 0.0331934 -0.0109433
1.84496 0.0248105 -0.0151438
1.62094 0.0160055 -0.0185486
1.39418 0.0078127 -0.0204784
1.16727 0.00119255 -0.0201791
0.943038 -0.00345054 -0.0150737
0.724142 -0.00623459 -0.00570302
0.512419 -0.00739906 0.00554647
0.308928 -0.00740812 0.0189846
0.115432 -0.00702048 0.0341122
-0.0649829 -0.00698028 0.0501142
-0.229236 -0.0079496 0.0666478
-0.375403 -0.0105331 0.0834987
-0.502871 -0.0152036 0.100189
-0.612226 -0.0222373 0.116323
-0.704865 -0.0317 0.132178
-0.782596 -0.0434488 0.148574
-0.847653 -0.0570827 0.166396
-0.902816 -0.0718834 0.187294
-0.950569 -0.0868537 0.21338
-0.992227 -0.101032 0.244608
-1.02921 -0.11381 0.277372
-1.06434 -0.124874 0.308438
-1.10103 -0.134003 0.337545
-1.14209 -0.14103 0.365268
-1.18922 -0.145909 0.391863
-1.24305 -0.148761 0.417138
-1.30354 -0.149959 0.440904
-1.37041 -0.15009 0.463201
-1.44347 -0.14972 0.484173
-1.52272 -0.149243 0.50403
-1.60805 -0.148935 0.522922
-1.69911 -0.149032 0.540911
-1.79542 -0.149741 0.558032
-1.89647 -0.151243 0.574237
-2.00198 -0.153739 0.589434
-2.11178 -0.157493 0.603424
-2.22576 -0.162845 0.615926
-2.34373 -0.170188 0.626781
-2.46533 -0.179938 0.635824
-2.59003 -0.192507 0.64247
-2.71723 -0.208282 0.646766
-2.84643 -0.227598 0.649025
-2.9774 -0.250697 0.649289
-3.11019 -0.277673 0.647881
-3.24516 -0.308425 0.645031
-3.38271 -0.342674 0.64101
-3.52312 -0.380003 0.636175
-3.66614 -0.419824 0.631091
-3.81083 -0.46135 0.626348
-3.95568 -0.503623 0.622685
-4.09878 -0.545474 0.620425
-4.23748 -0.585418 0.618549
-4.36829 -0.621947 0.616877
-4.4879 -0.653877 0.616742
-4.5947 -0.680321 0.618211
-4.68922 -0.700594 0.620328
-4.77199 -0.714208 0.623401
-4.84176 -0.720944 0.627939
-4.89669 -0.720895 0.63327
-4.93598 -0.714385 0.638606
-4.95988 -0.701854 0.643911
-4.96845 -0.683856 0.649659
-4.96125 -0.661132 0.655981
-4.9381 -0.634647 0.662362
-4.89986 -0.605481 0.66805
-4.8486 -0.5747 0.672776
-4.78685 -0.543319 0.676904
-4.71685 -0.512292 0.680242
-4.63988 -0.482487 0.682957
-4.55666 -0.454661 0.685229
-4.46873 -0.429417 0.686556
-4.3782 -0.407156 0.686819
-4.28709 -0.388094 0.685939
-4.19689 -0.37231 0.683911
-4.10858 -0.3597 0.680613
-4.02327 -0.349947 0.675976
-3.94226 -0.342591 0.67014
-3.86663 -0.337098 0.663318
-3.79692 -0.332881 0.655684
-3.73301 -0.329336 0.647302
-3.67453 -0.325922 0.638159
-3.62139 -0.32221 0.628215
-3.57397 -0.317907 0.617424
-3.53257 -0.312886 0.605759
-3.49698 -0.307179 0.59321
-3.4665 -0.300957 0.579762
-3.44041 -0.294502 0.565383
-3.41862 -0.288199 0.550081
-3.40154 -0.282473 0.533952
-3.38937 -0.277743 0.51709
-3.38136 -0.274405 0.499522
-3.37553 -0.272778 0.481268
-3.3694 -0.273054 0.462527
-3.36083 -0.275227 0.443521
-3.34808 -0.279035 0.424172
-3.32939 -0.284026 0.404305
-3.30264 -0.28971 0.383789
-3.26561 -0.29569 0.36247
-3.2168 -0.301719 0.340331
-3.15558 -0.307588 0.317623
-3.08173 -0.313226 0.294958
-2.99536 -0.319103 0.272242
-2.89716 -0.325788 0.248988
-2.78845 -0.333367 0.225618
-2.67118 -0.341631 0.202605
-2.54745 -0.350151 0.180076
-2.41899 -0.358346 0.158121
-2.28672 -0.365651 0.136637
-2.15086 -0.371825 0.11545
-2.01148 -0.377093 0.0947122
-1.86894 -0.381836 0.0747007
-1.72395 -0.386403 0.0556165
-1.57707 -0.390961 0.0375694
-1.42854 -0.3953 0.0205022
-1.27857 -0.398927 0.00420436
-1.12798 -0.401429 -0.0114952
-0.97857 -0.402721 -0.0265928
-0.832684 -0.40299 -0.0409635
-0.692359 -0.40256 -0.0543229
-0.558927 -0.401503 -0.0662849
-0.433199 -0.399361 -0.0763222
-0.315721 -0.395465 -0.0847012
-0.206701 -0.389354 -0.0921997
-0.105966 -0.380992 -0.0988876
-0.0129664 -0.370637 -0.104557
0.073183 -0.358561 -0.109172
0.15335 -0.344955 -0.112805
0.228251 -0.329936 -0.115522
0.298917 -0.313671 -0.117486
0.366953 -0.296449 -0.1188
0.434054 -0.278573 -0.119405
0.501595 -0.260215 -0.119294
0.570603 -0.241354 -0.11852
0.641725 -0.22182 -0.117116
0.715097 -0.201428 -0.115081
0.790349 -0.180063 -0.112376
0.866723 -0.157665 -0.108955
0.943304 -0.134194 -0.10478
1.01927 -0.109644 -0.0998777
1.09394 -0.0841163 -0.094326
1.16659 -0.0578626 -0.0881796
1.23638 -0.0312948 -0.0814463
1.30242 -0.00496162 -0.0741746
1.36399 0.0205839 -0.0665106
1.42075 0.0449717 -0.0586334
1.4729 0.0681012 -0.0506919
1.52112 0.0900262 -0.0427606
1.56655 0.110818 -0.0348892
1.61053 0.130583 -0.0271297
1.65452 0.14953 -0.0194828
1.6999 0.167991 -0.0119241
1.74789 0.186375 -0.00445954
1.79947 0.205061 0.00287946
1.85533 0.224281 0.0100977
1.91575 0.244088 0.0172134
1.98059 0.264374 0.0242416
2.04925 0.284936 0.0311933
2.12066 0.305533 0.0380753
2.19327 0.325895 0.0448804
2.26509 0.345691 0.0515494
2.33399 0.364513 0.0579858
2.39806 0.381901 0.0640852
2.45585 0.397419 0.0697463
2.50659 0.410734 0.0748766
2.54999 0.421651 0.0793874
2.58591 0.43009 0.0832066
2.61424 0.436054 0.086286
2.63483 0.439612 0.0886041
2.64762 0.440899 0.0901709
2.65278 0.440121 0.0910048
2.65063 0.437548 0.0911114
2.6415 0.433473 0.0905049
2.62563 0.428162 0.089244
2.60294 0.421819 0.0873715
2.57315 0.414551 0.0848936
2.53596 0.406363 0.0818363
2.49135 0.397192 0.078235
2.4395 0.386927 0.0741198
2.38064 0.375424 0.0695098
2.31499 0.362519 0.064411
2.24274 0.348035 0.058838
2.16428 0.331817 0.0528303
2.08025 0.313774 0.0464367
1.99148 0.293931 0.0397218
1.89898 0.272473 0.0327637
1.80382 0.249724 0.0256271
1.70718 0.226104 0.0183704
1.61045 0.202066 0.0110772
1.51511 0.178043 0.00383232
1.42258 0.154404 -0.0032892
1.33409 0.131449 -0.0102173
1.25064 0.109397 -0.0169111
1.17302 0.0883754 -0.023336
1.10181 0.0683843 -0.0294656
1.03736 0.0492829 -0.0352569
0.979637 0.0308282 -0.0406135
0.92816 0.0127187 -0.0454194
0.881971 -0.00536641 -0.0495843
0.83962 -0.0237098 -0.0529521
0.799323 -0.0424897 -0.05548
0.759337 -0.0617202 -0.057258
0.718074 -0.0813325 -0.0581983
0.673922 -0.101294 -0.0581866
0.625156 -0.121577 -0.0572982
0.570118 -0.142039 -0.0556592
0.50768 -0.162342 -0.053222
0.4374 -0.182026 -0.0499815
0.35927 -0.200688 -0.0460931
0.273419 -0.21814 -0.0416612
0.179861 -0.234415 -0.0365911
0.078485 -0.249619 -0.030642
-0.0305776 -0.263819 -0.0236231
-0.146536 -0.276977 -0.015514
-0.267835 -0.288914 -0.00639456
-0.392708 -0.299407 0.00354116
-0.519917 -0.308332 0.0141349
-0.648943 -0.315722 0.0253552
-0.779764 -0.321718 0.0370811
-0.912382 -0.326476 0.0493917
-1.04613 -0.33006 0.0624066
-1.17905 -0.332446 0.0759473
-1.30861 -0.333676 0.0899841
-1.43297 -0.333896 0.104603
-1.55089 -0.333244 0.119856
-1.66119 -0.331801 0.135723
-1.76268 -0.329692 0.152039
-1.854 -0.327108 0.16862
-1.93391 -0.32421 0.185319
-2.00172 -0.321041 0.202087
-2.05765 -0.317581 0.218844
-2.10294 -0.313816 0.235413
-2.13987 -0.309742 0.251746
-2.17124 -0.305431 0.267817
-2.19967 -0.300945 0.283621
-2.22728 -0.296265 0.29932
-2.25564 -0.291366 0.314996
-2.28586 -0.286225 0.330618
-2.3187 -0.280882 0.346097
-2.35458 -0.275441 0.361368
-2.39363 -0.270064 0.376408
-2.43555 -0.264973 0.391172
-2.47965 -0.260399 0.405585
-2.52498 -0.256501 0.419564
-2.5703 -0.253348 0.432951
-2.6142 -0.25096 0.445492
-2.65528 -0.249345 0.456915
-2.69246 -0.248506 0.467015
-2.72533 -0.248434 0.475698
-2.75406 -0.249101 0.482985
-2.77927 -0.250478 0.488971
-2.80173 -0.252545 0.493771
-2.82212 -0.255306 0.4975
-2.84102 -0.258777 0.500298
-2.85898 -0.262963 0.502346
-2.87661 -0.267834 0.50383
-2.89458 -0.273318 0.5049
-2.91342 -0.279301 0.505546
-2.9332 -0.285644 0.505667
-2.95346 -0.292183 0.505166
-2.97332 -0.298721 0.504013
-2.99187 -0.305034 0.502237
-3.00855 -0.310881 0.499845
-3.02308 -0.316021 0.496843
-3.03517 -0.320234 0.493235
-3.04441 -0.323352 0.489035
-3.05037 -0.325269 0.484278
-3.05281 -0.325954 0.479013
-3.05166 -0.325445 0.473261
-3.0469 -0.323818 0.467039
-3.03829 -0.32118 0.460387
-3.02543 -0.31768 0.453325
-3.00805 -0.313496 0.445856
-2.98628 -0.308765 0.437985
-2.96066 -0.303567 0.429708
-2.93176 -0.297944 0.421033
-2.89983 -0.291914 0.411993
-2.86471 -0.285469 0.402648
-2.82608 -0.27858 0.393068
-2.78366 -0.271215 0.383295
-2.73725 -0.263336 0.373335
-2.68657 -0.254905 0.363173
-2.63118 -0.245881 0.35277
-2.57061 -0.23622 0.342095
-2.50468 -0.225872 0.33118
-2.43363 -0.214783 0.320061
-2.35807 -0.202921 0.308749
-2.27875 -0.190263 0.297397
-2.19663 -0.176823 0.286147
-2.11286 -0.162702 0.274996
-2.0287 -0.148057 0.263858
-1.94556 -0.133081 0.252869
-1.86474 -0.11795 0.242096
-1.7866 -0.102796 0.231351
-1.71086 -0.0878104 0.220395
-1.63706 -0.0732521 0.209017
-1.56461 -0.059266 0.19717
-1.49301 -0.0459766 0.184848
-1.42183 -0.0335531 0.172176
-1.35079 -0.0221602 0.159288
-1.27996 -0.0121019 0.146255
-1.20965 -0.00384004 0.133173
-1.14034 0.00230901 0.120309
-1.07246 0.00647262 0.107918
-1.00623 0.00916309 0.0961034
-0.941762 0.0110285 0.0849668
-0.878968 0.0126942 0.0746326
-0.817641 0.0145973 0.0651734
-0.757696 0.0169014 0.0565637
-0.699085 0.0196418 0.0487289
-0.641788 0.0228526 0.0416102
-0.585772 0.0265955 0.0351804
-0.53082 0.0309059 0.0293247
-0.476585 0.0356737 0.023899
-0.422712 0.0405906 0.0187975
-0.368936 0.0452202 0.0139462
-0.315086 0.0491219 0.00927734
-0.260996 0.0519625 0.00470054
-0.206476 0.053575 0.000112042
-0.151347 0.0539371 -0.00457595
-0.0955193 0.0531156 -0.00934917
-0.0391039 0.0512445 -0.0141318
0.0176607 0.0485313 -0.0188351
0.0744717 0.0452475 -0.0233755
0.130973 0.0416925 -0.0276282
0.186764 0.0381271 -0.0314466
0.241361 0.0347233 -0.0347458
0.294243 0.0315549 -0.0374675
0.344928 0.0285959 -0.0396532
0.392998 0.0257384 -0.0414823
0.438191 0.0228354 -0.0430502
0.48046 0.0197528 -0.0443918
0.519895 0.0164073 -0.0456557
0.556552 0.0127364 -0.0469033
0.590314 0.00866708 -0.0481633
0.620911 0.0041773 -0.049486
0.648011 -0.000665331 -0.0508601
0.67138 -0.0057355 -0.0523005
0.691007 -0.0108847 -0.0538217
0.707083 -0.015993 -0.0554169
0.719916 -0.0209906 -0.0570485
0.729871 -0.0258207 -0.0586629
0.737371 -0.0304157 -0.0602335
0.742882 -0.0347078 -0.061767
0.746879 -0.0386522 -0.063278
0.749848 -0.0422497 -0.0647619
0.752259 -0.0455436 -0.0661892
0.754543 -0.0485806 -0.0675201
0.757073 -0.0513743 -0.0687278
0.760106 -0.0539014 -0.069813
0.763724 -0.0561202 -0.0707845
0.767735 -0.0579915 -0.0716448
0.771571 -0.0594859 -0.0723901
0.774436 -0.0605772 -0.073012
0.77548 -0.0612333 -0.0735117
0.773996 -0.0614159 -0.0738982
0.769628 -0.0610969 -0.0741688
0.762322 -0.0602773 -0.0743117
0.752225 -0.0589907 -0.0743149
0.739564 -0.0572939 -0.07417
0.724509 -0.0552504 -0.0738813
0.707154 -0.0529174 -0.0734622
0.687545 -0.0503447 -0.0729237
0.665777 -0.0475773 -0.0722661
0.642054 -0.0446516 -0.0714761
0.616689 -0.0415864 -0.0705299
0.590072 -0.0383791 -0.069408
0.562609 -0.0350054 -0.0681021
0.534702 -0.0314277 -0.0666069
0.506776 -0.0276118 -0.0649221
0.479246 -0.0235399 -0.0630581
0.45249 -0.0192185 -0.0610163
0.426795 -0.0146785 -0.0587984
0.402326 -0.00996659 -0.0564188
0.379154 -0.00514378 -0.0538758
0.357259 -0.000283669 -0.0511511
0.336496 0.00454297 -0.0482315
0.316599 0.00928967 -0.0450566
0.29719 0.0139573 -0.041576
0.277887 0.0185974 -0.0377821
0.258341 0.0232522 -0.0336977
0.238158 0.0279004 -0.029367
0.216915 0.0324997 -0.0248276
0.19414 0.0370275 -0.0201105
0.16931 0.0414605 -0.0152316
0.141971 0.0457447 -0.0102428
0.111788 0.0497688 -0.00518752
0.0784929 0.0533704 -4.21787e-05
0.0418431 0.0563844 0.00528413
0.00159947 0.0586819 0.0108374
-0.0424351 0.0601826 0.0165475
-0.0902981 0.0608598 0.022345
-0.141862 0.0607236 0.0282008
-0.196849 0.0597957 0.0340815
-0.254781 0.0581039 0.0399486
-0.314981 0.0557063 0.0458021
-0.376589 0.0527061 0.0516357
-0.438666 0.0492308 0.0574197
-0.500346 0.0454038 0.0631028
-0.561027 0.0413143 0.0686217
-0.620462 0.0370158 0.0739631
-0.67871 0.0325371 0.0791426
-0.736037 0.0278908 0.0841507
-0.792743 0.0230724 0.0890047
-0.849049 0.0180582 0.0938019
-0.905011 0.0128135 0.0986186
-0.960389 0.0073029 0.1035
-1.01474 0.0015124 0.108477
-1.06759 -0.00453871 0.113534
-1.11847 -0.0108069 0.118625
-1.16704 -0.0172424 0.123693
-1.21313 -0.0238063 0.128702
-1.25664 -0.0304678 0.133657
-1.29749 -0.0371896 0.138587
-1.33556 -0.0439241 0.143573
-1.3707 -0.0506131 0.14868
-1.40266 -0.0571868 0.153905
-1.4313 -0.0635819 0.159237
-1.45653 -0.0697495 0.164636
-1.47837 -0.0756406 0.170032
-1.49696 -0.0812105 0.17533
-1.51254 -0.086418 0.180421
-1.52542 -0.0912211 0.18522
-1.53597 -0.0955889 0.189652
-1.54455 -0.0995178 0.193674
-1.55153 -0.103032 0.197288
-1.55725 -0.106174 0.200531
-1.56198 -0.109 0.203435
-1.56594 -0.111567 0.206002
-1.56934 -0.11394 0.208216
-1.57249 -0.116191 0.210046
-1.57571 -0.118394 0.211461
-1.57936 -0.120616 0.212455
-1.58372 -0.122918 0.21305
-1.58892 -0.125337 0.213275
-1.59494 -0.127876 0.21317
-1.60157 -0.130507 0.212774
-1.60853 -0.133168 0.212108
-1.61551 -0.135771 0.211153
-1.62219 -0.138216 0.209853
-1.62826 -0.140399 0.208134
-1.63345 -0.142243 0.205938
-1.63748 -0.143704 0.203248
-1.64008 -0.144777 0.2001
-1.64093 -0.145484 0.196583
-1.63969 -0.145864 0.192797
-1.63602 -0.145956 0.188815
-1.62966 -0.145793 0.18469
-1.62059 -0.145399 0.180458
-1.60893 -0.144802 0.176131
-1.5948 -0.144046 0.171728
-1.57823 -0.143177 0.167274
-1.55905 -0.142243 0.162811
-1.537 -0.141273 0.158372
-1.51185 -0.140273 0.15396
-1.48357 -0.139224 0.149551
-1.45231 -0.138098 0.145112
-1.41842 -0.136876 0.140611
-1.38234 -0.135548 0.13603
-1.34461 -0.134122 0.131367
-1.30577 -0.132611 0.126639
-1.26634 -0.131032 0.121858
-1.2268 -0.129399 0.117038
-1.18751 -0.127728 0.112192
-1.14873 -0.126046 0.107327
-1.11058 -0.124392 0.102445
-1.07305 -0.122821 0.0975348
-1.03601 -0.121397 0.0925705
-0.999276 -0.120183 0.0875084
-0.962692 -0.119221 0.0823012
-0.926216 -0.118536 0.0769213
-0.889962 -0.11813 0.0713622
-0.854186 -0.117981 0.0656403
-0.819214 -0.118046 0.0597986
-0.785351 -0.118271 0.053903
-0.752906 -0.118588 0.0480167
-0.722259 -0.118927 0.042194
-0.693831 -0.119217 0.0365007
-0.668024 -0.119391 0.0310023
-0.645052 -0.11939 0.0257577
-0.624801 -0.119166 0.0208157
-0.606849 -0.118685 0.0161892
-0.590576 -0.117928 0.0118609
-0.575356 -0.116897 0.0078093
-0.560689 -0.115606 0.00414619
-0.54624 -0.114038 0.000845449
-0.531834 -0.11217 -0.00225032
-0.517405 -0.110036 -0.00513333
-0.502995 -0.107694 -0.00777745
-0.488703 -0.105166 -0.0101486
-0.474565 -0.102437 -0.0122018
-0.460521 -0.0994808 -0.013923
-0.446448 -0.0962879 -0.0153301
-0.43223 -0.0928775 -0.0164396
-0.417792 -0.0892653 -0.0172508
-0.403034 -0.0854395 -0.0177684
-0.387769 -0.0813659 -0.0180314
-0.371733 -0.0770046 -0.0180994
-0.354635 -0.0723316 -0.0180267
-0.336268 -0.0673617 -0.0178631
-0.316563 -0.062146 -0.0176347
-0.295609 -0.0567446 -0.0173207
-0.273653 -0.0511949 -0.0167486
-0.251077 -0.0454798 -0.0158693
-0.228358 -0.0395558 -0.0148271
-0.206037 -0.0334408 -0.0136618
-0.184718 -0.0272146 -0.0123743
-0.164985 -0.0209424 -0.0109621
-0.147264 -0.014648 -0.00942233
-0.131708 -0.00832931 -0.00778349
-0.118199 -0.00200005 -0.00610821
-0.106471 0.0042744 -0.004466
-0.0962065 0.0103972 -0.00290286
-0.0870878 0.0162811 -0.00144844
-0.0788496 0.0218697 -0.000138029
-0.0713331 0.0271418 0.000993704
-0.0645619 0.0320981 0.00192514
-0.0587616 0.0367376 0.00265459
-0.0543125 0.0410487 0.00320272
-0.0516562 0.0450227 0.00360636
-0.051229 0.0486704 0.00390478
-0.0533976 0.0520216 0.00413366
-0.0584118 0.0551113 0.00433021
-0.0663451 0.0579586 0.00452475
-0.0770329 0.0605558 0.00474516
-0.0900853 0.0628708 0.00504959
-0.104932 0.0648513 0.00550065
-0.120943 0.0664309 0.00609264
-0.137552 0.0675577 0.00674473
-0.154318 0.0682149 0.0073748
-0.170968 0.0684077 0.00794037
-0.187367 0.0681467 0.00843238
-0.203463 0.0674513 0.00887281
-0.219222 0.0663675 0.00929953
-0.234567 0.0649806 0.00974896
-0.249362 0.063405 0.0102447
-0.263366 0.0617519 0.0107935
-0.276255 0.0601013 0.0113979
-0.287694 0.0584954 0.0120576
-0.297385 0.0569482 0.0127657
-0.305103 0.0554602 0.013511
-0.310696 0.0540236 0.0142739
-0.314067 0.0526165 0.0150261
-0.315227 0.051197 0.0157396
-0.31438 0.0497018 0.0163969
-0.312006 0.0480543 0.0170067
-0.308884 0.0461816 0.0175927
-0.305949 0.0440235 0.0182191
-0.304151 0.0415189 0.0190837
-0.304348 0.0385808 0.0202923
-0.307198 0.0351166 0.0216991
-0.313142 0.0311044 0.023165
-0.322466 0.0266021 0.0246289
-0.33536 0.0216723 0.0260518
-0.351904 0.0163506 0.0274295
-0.372056 0.010666 0.0287716
-0.395696 0.0046767 0.0300879
-0.422654 -0.00151044 0.0313823
-0.452702 -0.00776978 0.0326473
-0.485526 -0.0140033 0.0338826
-0.520708 -0.0201585 0.0351103
-0.557748 -0.0262241 0.0363615
-0.596113 -0.0322181 0.0376564
-0.635252 -0.0381638 0.0389982
-0.674558 -0.0440766 0.040378
-0.713334 -0.0499687 0.0417908
-0.750829 -0.0558527 0.0432435
-0.786343 -0.0617358 0.0447449
-0.819291 -0.0676077 0.0463053
-0.849225 -0.0734306 0.0479346
-0.875843 -0.0791416 0.0496316
-0.898973 -0.0846627 0.051391
-0.918598 -0.0899147 0.0532185
-0.934845 -0.094828 0.0551289
-0.94794 -0.0993464 0.0571438
-0.958163 -0.103427 0.0592832
-0.965767 -0.107038 0.0615589
-0.971006 -0.110165 0.0639698
-0.974221 -0.112809 0.0664986
-0.975859 -0.115 0.069123
-0.976463 -0.116796 0.0718122
-0.976592 -0.118277 0.0745239
-0.976723 -0.119538 0.077211
-0.97719 -0.120674 0.0798279
-0.978195 -0.121773 0.0823364
-0.979917 -0.122912 0.084697
-0.982589 -0.124155 0.0868692
-0.986473 -0.125542 0.0888177
-0.991815 -0.127097 0.0905138
-0.998771 -0.128818 0.0919408
-1.00738 -0.130685 0.0930952
-1.01762 -0.132656 0.0939842
-1.02939 -0.134675 0.0946193
-1.04258 -0.13668 0.0950138
-1.05697 -0.138608 0.095181
-1.07232 -0.140403 0.0951382
-1.08828 -0.142014 0.0949116
-1.10447 -0.1434 0.0945351
-1.12041 -0.144526 0.0940512
-1.13558 -0.145367 0.0934961
-1.1494 -0.145903 0.0928959
-1.16133 -0.146126 0.0922686
-1.17094 -0.146038 0.0916221
-1.17793 -0.145646 0.0909662
-1.18217 -0.144963 0.0903097
-1.18363 -0.144003 0.0896595
-1.18236 -0.142774 0.0890237
-1.17847 -0.141276 0.0884115
-1.1722 -0.139507 0.087838
-1.16386 -0.137458 0.0873218
-1.15383 -0.135119 0.0868785
-1.14246 -0.13248 0.0865172
-1.13014 -0.129535 0.0862386
-1.11726 -0.126284 0.0860407
-1.10422 -0.122742 0.0859245
-1.09141 -0.118939 0.0858912
-1.07914 -0.114921 0.0859367
-1.06762 -0.110749 0.0860525
-1.05694 -0.106494 0.086228
-1.04714 -0.102232 0.086448
-1.03829 -0.0980376 0.086692
-1.03047 -0.0939712 0.0869378
-1.02374 -0.090076 0.0871662
-1.01808 -0.0863712 0.0873648
-1.01337 -0.0828503 0.0875307
-1.00941 -0.0794828 0.0876678
-1.00593 -0.0762186 0.087781
-1.00259 -0.0729952 0.0878705
-0.998972 -0.0697451 0.0879284
-0.99467 -0.0664028 0.0879387
-0.989322 -0.062912 0.0878818
-0.982667 -0.0592318 0.0877414
-0.97454 -0.0553419 0.0875077
-0.964833 -0.0512457 0.0871762
-0.953448 -0.0469676 0.0867446
-0.940309 -0.0425515 0.0862126
-0.925389 -0.0380585 0.0855816
-0.908759 -0.0335608 0.0848462
-0.890583 -0.0291335 0.0839929
-0.871098 -0.0248473 0.0830024
-0.850596 -0.0207613 0.0818502
-0.829432 -0.0169179 0.0805167
-0.808054 -0.0133404 0.0789953
-0.786984 -0.0100346 0.0772984
-0.766765 -0.00699099 0.0754519
-0.747856 -0.00418681 0.0734896
-0.730538 -0.00158961 0.0714533
-0.714898 0.000835608 0.0693854
-0.700824 0.00312056 0.0673104
-0.688067 0.00528955 0.0652181
-0.676295 0.00735877 0.0630802
-0.665153 0.00933405 0.0608781
-0.654364 0.0112036 0.0586041
-0.643784 0.0129417 0.0562535
-0.63344 0.0145185 0.0538509
-0.623465 0.0159096 0.0514243
-0.614016 0.0171021 0.0490182
-0.605215 0.0180922 0.0466863
-0.597125 0.0188855 0.0444623
-0.589754 0.019498 0.0423788
-0.583037 0.0199578 0.0404515
-0.576808 0.0203015 0.0387452
-0.570778 0.0205545 0.0372878
-0.564529 0.0207271 0.0360068
-0.557557 0.0208436 0.0348096
-0.549393 0.0209463 0.0336189
-0.539737 0.0210611 0.0324013
-0.528479 0.0211858 0.0311407
-0.515655 0.0213018 0.0298373
-0.501426 0.0213922 0.0285127
-0.486076 0.0214585 0.0271968
-0.469998 0.0215145 0.0259208
-0.453657 0.0215639 0.0247226
-0.43752 0.0215909 0.0236638
-0.422004 0.0215576 0.0228092
-0.407448 0.0214091 0.0221427
-0.394105 0.0211035 0.0215987
-0.382175 0.0206305 0.0211264
-0.371849 0.0199819 0.0206847
-0.363313 0.0191217 0.0202482
-0.356748 0.0179937 0.0198056
-0.352304 0.016548 0.0193623
-0.350077 0.0147713 0.018928
-0.350097 0.0126907 0.0185029
-0.352282 0.0103523 0.0180836
-0.356444 0.00780001 0.0176726
-0.362311 0.00506858 0.0172781
-0.369616 0.00218699 0.0169073
-0.378184 -0.000811252 0.0165628
-0.387927 -0.00388149 0.0162512
-0.398811 -0.00697779 0.0159843
-0.41077 -0.0100701 0.0157805
-0.423652 -0.0131523 0.0156647
-0.437196 -0.0162354 0.0156593
-0.451001 -0.0193323 0.015775
-0.464552 -0.0224475 0.0159994
-0.477262 -0.0255776 0.0162968
-0.488562 -0.0287198 0.0166232
-0.498022 -0.0318813 0.0169387
-0.505425 -0.0350789 0.0172184
-0.510781 -0.0383275 0.0174599
-0.514281 -0.0416272 0.0176802
-0.516225 -0.0449582 0.0179053
-0.516996 -0.0482874 0.0181619
-0.517055 -0.0515795 0.0184767
-0.516921 -0.0548068 0.0188753
-0.517115 -0.0579509 0.0193724
-0.518069 -0.0609981 0.019968
-0.520054 -0.0639374 0.0206495
-0.523178 -0.0667615 0.0213922
-0.527405 -0.0694752 0.0221682
-0.532634 -0.0721031 0.0229507
-0.538741 -0.0746891 0.0237148
-0.545636 -0.0772853 0.0244378
-0.553343 -0.0799411 0.0251011
-0.562031 -0.0826932 0.0256974
-0.572034 -0.0855613 0.0262332
-0.583758 -0.0885482 0.0267272
-0.597539 -0.0916421 0.0272084
-0.613563 -0.0948167 0.0277083
-0.631836 -0.0980309 0.028256
-0.652221 -0.101232 0.0288769
-0.6745 -0.10436 0.0295901
-0.698368 -0.107354 0.0304097
-0.723405 -0.110159 0.0313457
-0.749068 -0.11273 0.0324047
-0.774718 -0.115031 0.0335879
-0.799671 -0.117041 0.034892
-0.823248 -0.118746 0.0363108
-0.844834 -0.120147 0.0378451
-0.863905 -0.121246 0.039488
-0.880073 -0.122047 0.0411905
-0.893136 -0.122568 0.0429233
-0.903117 -0.122835 0.0447226
-0.910253 -0.122862 0.0466108
-0.914922 -0.122638 0.0485872
-0.917559 -0.122148 0.0506654
-0.918623 -0.121383 0.0528545
-0.918592 -0.120337 0.0551524
-0.917937 -0.119004 0.0575604
-0.917095 -0.117374 0.0600732
-0.916435 -0.115441 0.0626721
-0.916244 -0.113205 0.0653232
-0.916706 -0.110693 0.0679833
-0.917902 -0.107956 0.0706185
-0.919805 -0.105078 0.073202
-0.922267 -0.102155 0.0757085
-0.92509 -0.0992837 0.0781136
-0.9281 -0.096539 0.0803844
-0.931216 -0.0939635 0.0824811
-0.934525 -0.0915719 0.0843568
-0.938227 -0.0893586 0.0859695
-0.942551 -0.0873029 0.087297
-0.947665 -0.0853709 0.0883378
-0.953603 -0.0835156 0.0891157
-0.960265 -0.081675 0.0896705
-0.967439 -0.0797746 0.0900461
-0.97484 -0.0777343 0.0902806
-0.982148 -0.0754799 0.0903979
-0.989039 -0.0729566 0.0904104
-0.995222 -0.0701409 0.0903265
-1.00049 -0.067045 0.0901506
-1.00475 -0.0637153 0.0898964
-1.00803 -0.0602277 0.0895805
-1.01047 -0.0566747 0.0892242
-1.01227 -0.0531511 0.088862
-1.0136 -0.0497437 0.0885267
-1.0146 -0.0465183 0.0882468
-1.01528 -0.0435096 0.0880443
-1.01558 -0.0407199 0.087926
-1.01533 -0.0381219 0.0878836
-1.01436 -0.0356629 0.0879036
-1.0125 -0.033272 0.0879774
-1.00963 -0.030869 0.0881066
-1.00569 -0.0283721 0.0882998
-1.00062 -0.0257075 0.0885658
-0.994436 -0.022819 0.0889067
-0.987181 -0.0196793 0.0893231
-0.978972 -0.0162979 0.0898139
-0.969983 -0.0127234 0.0903708
-0.96042 -0.0090394 0.0909803
-0.950497 -0.00535694 0.091623
-0.940433 -0.00180273 0.092265
-0.930483 0.00149267 0.0928735
-0.920966 0.00440974 0.0934251
-0.912239 0.00685596 0.093908
-0.904649 0.0087749 0.0943222
-0.898472 0.0101496 0.0946679
-0.893865 0.011003 0.094947
-0.890872 0.0113938 0.0951643
-0.889423 0.0114057 0.0953214
-0.889355 0.0111364 0.0954149
-0.890412 0.0106839 0.0954378
-0.89227 0.0101342 0.095381
-0.894567 0.00955165 0.0952334
-0.896942 0.00897039 0.0949834
-0.899052 0.00839216 0.0946266
-0.900584 0.00778884 0.0941624
-0.901258 0.00711029 0.0935884
-0.900844 0.00629435 0.0928972
-0.899202 0.00527745 0.0920794
-0.896281 0.00400474 0.0911265
-0.892098 0.00243757 0.0900336
-0.886691 0.000559772 0.0888004
-0.880064 -0.00161936 0.0874306
-0.872201 -0.00406532 0.0859292
-0.863106 -0.00672196 0.0843001
-0.852862 -0.00951925 0.0825456
-0.841665 -0.0123827 0.0806662
-0.82977 -0.0152438 0.0786676
-0.817418 -0.0180488 0.0765639
-0.804817 -0.0207642 0.07437
-0.792126 -0.023379 0.0720953
-0.77952 -0.0259074 0.069743
-0.767232 -0.0283882 0.0673125
-0.755548 -0.030881 0.064802
-0.744774 -0.0334562 0.0622132
-0.735194 -0.0361813 0.0595594
-0.727028 -0.0391069 0.0568638
-0.720404 -0.0422587 0.0541532
-0.715316 -0.0456343 0.0514528
-0.711648 -0.0492022 0.0487858
-0.709215 -0.0529048 0.0461672
-0.7078 -0.0566663 0.043614
-0.70718 -0.0603971 0.0411471
-0.707127 -0.0640037 0.0387838
-0.707399 -0.0673983 0.0365405
-0.70773 -0.0705066 0.0344306
-0.707843 -0.0732755 0.032467
-0.707449 -0.0756756 0.030663
-0.706244 -0.0777009 0.0290242
-0.703961 -0.0793671 0.0275404
-0.700408 -0.0807068 0.0261963
-0.695493 -0.0817637 0.0249799
-0.689238 -0.0825859 0.023886
-0.681741 -0.0832185 0.0229188
-0.673115 -0.0836972 0.0220874
-0.663456 -0.0840445 0.0213969
-0.65282 -0.0842674 0.0208473
-0.641228 -0.0843579 0.0204338
-0.628699 -0.0842969 0.020146
-0.615282 -0.084058 0.0199669
-0.601088 -0.0836131 0.0198747
-0.586276 -0.0829405 0.0198459
-0.571035 -0.0820301 0.0198587
-0.555602 -0.0808875 0.019893
-0.540282 -0.0795352 0.0199337
-0.525431 -0.0780109 0.0199752
-0.511435 -0.0763651 0.0200146
-0.498657 -0.0746559 0.0200462
-0.487391 -0.0729424 0.0200598
-0.47786 -0.0712809 0.0200409
-0.470223 -0.0697198 0.019974
-0.464583 -0.068296 0.0198472
-0.460996 -0.0670326 0.019655
-0.459461 -0.0659376 0.0193989
-0.459924 -0.0650043 0.019088
-0.462291 -0.0642133 0.0187385
-0.466458 -0.0635352 0.0183702
-0.472309 -0.0629358 0.0180019
-0.479706 -0.0623795 0.0176525
-0.488484 -0.0618344 0.0173394
-0.498448 -0.0612741 0.0170788
-0.509396 -0.0606805 0.0168885
-0.521148 -0.0600453 0.0167838
-0.533534 -0.0593686 0.0167814
-0.546371 -0.0586581 0.0168995
-0.559438 -0.0579249 0.0171516
-0.572465 -0.0571827 0.0175471
-0.585138 -0.0564448 0.0180913
-0.597091 -0.0557203 0.0187831
-0.607928 -0.0550124 0.0196126
-0.61727 -0.0543171 0.0205619
-0.624786 -0.053625 0.0216121
-0.630241 -0.0529233 0.0227483
-0.633526 -0.0521985 0.0239614
-0.634661 -0.0514364 0.0252494
-0.633769 -0.050624 0.0266173
-0.631041 -0.0497508 0.0280717
-0.626713 -0.048809 0.0296165
-0.621041 -0.0477942 0.0312504
-0.614306 -0.0467072 0.0329688
-0.606804 -0.0455547 0.0347607
-0.598838 -0.0443514 0.0365976
-0.590708 -0.0431194 0.0384384
-0.58274 -0.0418905 0.0402327
-0.575325 -0.040704 0.0419347
-0.568907 -0.0396027 0.0435072
-0.563964 -0.0386315 0.0449199
-0.560956 -0.0378334 0.0461559
-0.560293 -0.0372475 0.0472042
-0.56231 -0.0369047 0.0480585
-0.567255 -0.036825 0.048716
-0.575282 -0.0370162 0.0491784
-0.586433 -0.0374744 0.0494518
-0.600609 -0.0381843 0.0495521
-0.617562 -0.0391176 0.0495075
-0.636899 -0.0402318 0.0493528
-0.658092 -0.0414698 0.0491292
-0.680533 -0.0427646 0.0488713
-0.703582 -0.0440443 0.0486001
-0.726601 -0.0452405 0.0483385
-0.748985 -0.0462933 0.0481004
-0.77019 -0.0471583 0.0479116
-0.789766 -0.0478059 0.0478009
-0.80736 -0.0482136 0.0477817
-0.822697 -0.0483693 0.0478747
-0.835575 -0.0482687 0.0481011
-0.845854 -0.04791 0.048475
-0.853463 -0.0472929 0.0490024
-0.85839 -0.0464184 0.0496858
-0.860656 -0.0452882 0.0505237
-0.86028 -0.0439066 0.0515091
-0.857291 -0.0422786 0.052631
-0.851749 -0.0404095 0.0538779
-0.84378 -0.0383078 0.055237
-0.833588 -0.0359884 0.0566897
-0.821467 -0.0334728 0.0582293
-0.807813 -0.0307892 0.0598478
-0.793122 -0.0279766 0.0615149
-0.778005 -0.0250869 0.0632062
-0.763134 -0.022182 0.0649001
-0.749194 -0.0193251 0.0665672
-0.73682 -0.016579 0.0681803
-0.726554 -0.0140091 0.0697043
-0.718818 -0.0116765 0.0711031
-0.713897 -0.00963308 0.0723531
-0.711921 -0.00792137 0.0734356
-0.712852 -0.00656734 0.0743348
-0.716524 -0.0055792 0.0750391
-0.722692 -0.00495012 0.0755392
-0.731098 -0.00465839 0.075831
-0.741519 -0.00466944 0.0759189
-0.753753 -0.00494115 0.0758202
-0.767579 -0.00543012 0.0755698
-0.782698 -0.00609323 0.0752101
-0.798677 -0.00688553 0.0747788
-0.814979 -0.0077701 0.074312
-0.830975 -0.00872454 0.0738528
-0.845988 -0.009733 0.0734157
-0.85936 -0.0107812 0.0729806
-0.870528 -0.0118597 0.0725418
-0.879065 -0.012963 0.0720974
-0.88469 -0.0140882 0.0716402
-0.887284 -0.0152375 0.0711634
-0.886888 -0.0164127 0.0706693
-0.883702 -0.0176119 0.0701734
-0.878044 -0.0188317 0.0696945
-0.870296 -0.0200685 0.0692555
-0.860854 -0.0213184 0.0688763
-0.850072 -0.0225785 0.0685664
-0.838242 -0.0238492 0.0683207
-0.825572 -0.0251354 0.0681206
-0.812231 -0.0264482 0.0679394
-0.798394 -0.0278054 0.0677414
-0.784286 -0.029234 0.0674862
-0.770221 -0.0307717 0.067143
-0.756584 -0.0324609 0.0666868
-0.743807 -0.0343435 0.0661012
-0.732302 -0.036453 0.0653804
-0.722395 -0.0388088 0.0645246
-0.714307 -0.0414156 0.0635342
-0.708131 -0.0442617 0.0624035
-0.703832 -0.0473214 0.0611229
-0.70127 -0.0505575 0.0596829
-0.700225 -0.0539247 0.0580765
-0.700422 -0.0573715 0.0563026
-0.701565 -0.0608418 0.0543694
-0.703385 -0.0642785 0.0522927
-0.705676 -0.0676308 0.050094
-0.708341 -0.070861 0.0478023
-0.71139 -0.0739442 0.0454579
-0.71492 -0.0768662 0.0431073
-0.719023 -0.079623 0.0408004
-0.723702 -0.0822173 0.0385863
-0.728817 -0.0846513 0.036505
-0.734058 -0.0869229 0.03458
-0.738986 -0.0890263 0.0328188
-0.743083 -0.0909493 0.0312117
-0.745807 -0.0926707 0.0297404
-0.746652 -0.0941611 0.0283856
-0.745202 -0.0953865 0.0271296
-0.741178 -0.0963102 0.0259618
-0.734472 -0.0968956 0.0248818
-0.725152 -0.0971074 0.0239012
-0.713426 -0.0969158 0.023039
-0.699597 -0.0963009 0.0223159
-0.684019 -0.095256 0.0217477
-0.667073 -0.0937874 0.0213411
-0.64913 -0.0919148 0.0210922
-0.630528 -0.0896716 0.020986
-0.611558 -0.0871051 0.0209961
-0.592466 -0.0842764 0.0210879
-0.573498 -0.0812605 0.0212223
-0.554942 -0.0781446 0.0213622
-0.537141 -0.0750207 0.0214803
-0.520498 -0.0719728 0.0215618
-0.505439 -0.069061 0.021604
-0.492389 -0.066313 0.0216114
-0.481739 -0.0637266 0.0215911
-0.473815 -0.0612805 0.0215524
-0.468858 -0.0589446 0.0215057
-0.467013 -0.0566858 0.0214609
-0.468319 -0.0544703 0.0214306
-0.472708 -0.0522656 0.0214311
-0.479999 -0.0500447 0.0214808
-0.489899 -0.0477922 0.0216012
-0.502028 -0.0455102 0.0218064
-0.515931 -0.0432185 0.0221051
-0.531092 -0.0409474 0.022504
-0.546955 -0.0387314 0.0230044
-0.562951 -0.0366014 0.0235984
-0.57852 -0.0345805 0.0242766
-0.593154 -0.0326826 0.025037
-0.606432 -0.0309144 0.0259457
-0.61806 -0.0292895 0.0270134
-0.627894 -0.0278176 0.0281565
-0.6359 -0.026466 0.029336
-0.642139 -0.0251694 0.030554
-0.646726 -0.0238753 0.0318386
-0.649764 -0.0225524 0.0332133
-0.651325 -0.0211821 0.0346967
-0.651467 -0.0197466 0.0362964
-0.650267 -0.0182218 0.038013
-0.647826 -0.0165969 0.0398672
-0.644285 -0.0149044 0.0418591
-0.639839 -0.0132227 0.0439427
-0.63476 -0.0116447 0.0460688
-0.629426 -0.0102646 0.0481983
-0.624317 -0.00917945 0.0503047
-0.619961 -0.00847273 0.052366
-0.616882 -0.0082018 0.0543587
-0.615571 -0.00839941 0.0562716
-0.616468 -0.00906375 0.0580894
-0.61992 -0.0101594 0.0597892
-0.62612 -0.0116328 0.0613502
-0.635085 -0.0134218 0.0627508
-0.646689 -0.0154629 0.0639685
-0.660707 -0.017696 0.0649848
-0.676852 -0.0200695 0.0657928
-0.694784 -0.022543 0.066392
-0.714116 -0.0250925 0.0667896
-0.734423 -0.0277118 0.0670044
-0.755272 -0.0304067 0.0670635
-0.776228 -0.0331884 0.0669965
-0.796885 -0.0360642 0.0668269
-0.816876 -0.0390308 0.0665686
-0.835889 -0.0420739 0.0662346
-0.853689 -0.0451693 0.0658387
-0.870111 -0.0482826 0.0654046
-0.885043 -0.0513678 0.0649671
-0.898393 -0.0543671 0.0645621
-0.91004 -0.0572136 0.0642218
-0.919834 -0.0598363 0.0639708
-0.927614 -0.0621668 0.0638235
-0.933256 -0.0641468 0.0637846
-0.936722 -0.0657329 0.0638497
-0.938056 -0.0669002 0.0640112
-0.937361 -0.0676454 0.0642616
-0.93477 -0.067987 0.0645937
-0.930443 -0.0679635 0.0650025
-0.924595 -0.0676288 0.0654832
-0.91752 -0.0670467 0.0660312
-0.90957 -0.0662841 0.0666413
-0.901138 -0.0654062 0.067306
-0.892628 -0.0644684 0.0680099
-0.884439 -0.0635109 0.0687282
-0.876945 -0.062559 0.0694369
-0.870453 -0.0616234 0.0701225
-0.865162 -0.0607021 0.0707771
-0.861129 -0.0597835 0.0713963
-0.85831 -0.0588493 0.0719764
-0.856621 -0.0578773 0.0725057
-0.855975 -0.0568485 0.0729678
-0.856306 -0.0557533 0.0733458
-0.857542 -0.0545938 0.0736291
-0.859569 -0.0533822 0.0738172
-0.862227 -0.052138 0.0739172
-0.865308 -0.0508836 0.0739404
-0.868592 -0.0496406 0.0738974
-0.871876 -0.0484284 0.0737934
-0.874987 -0.0472624 0.0736304
-0.877789 -0.046153 0.0734115
-0.880174 -0.0451041 0.0731429
-0.882057 -0.0441143 0.0728365
-0.883351 -0.0431777 0.072508
-0.883941 -0.0422839 0.0721725
-0.883673 -0.0414188 0.0718441
-0.882359 -0.0405671 0.0715334
-0.879812 -0.039716 0.0712403
-0.875888 -0.0388591 0.0709547
-0.870502 -0.0379992 0.0706613
-0.863639 -0.037148 0.0703429
-0.855328 -0.0363235 0.0699867
-0.845624 -0.0355483 0.0695853
-0.834602 -0.034847 0.0691341
-0.822354 -0.0342433 0.0686302
-0.808992 -0.0337592 0.0680684
-0.794662 -0.0334137 0.0674392
-0.779518 -0.0332218 0.0667299
-0.763726 -0.0331936 0.065925
-0.747456 -0.0333343 0.0650038
-0.730889 -0.0336441 0.0639418
-0.714228 -0.0341191 0.0627175
-0.697715 -0.0347546 0.0613162
-0.681612 -0.0355474 0.0597333
-0.666185 -0.036497 0.0579746
-0.651674 -0.0376052 0.0560494
-0.638258 -0.0388744 0.0539693
-0.626058 -0.0403051 0.0517439
-0.615163 -0.0418946 0.0493802
-0.605662 -0.0436376 0.0468824
-0.59767 -0.0455285 0.0442609
-0.591311 -0.0475587 0.0415415
-0.58667 -0.0497156 0.0387615
-0.583765 -0.0519792 0.0359591
-0.582436 -0.0543194 0.033179
-0.582318 -0.0566987 0.0304654
-0.582999 -0.0590724 0.0278333
-0.584091 -0.0613902 0.0252895
