6.05011e-07 -3.81229e-09 -0.0239652
-5.03261e-05 3.33952e-07 -0.023964
-0.000226422 1.67525e-06 -0.0239522
-0.000489463 3.91508e-06 -0.0239179
-0.000741239 6.38225e-06 -0.023871
-0.000947425 8.82638e-06 -0.0238337
-0.00111412 1.10878e-05 -0.0238118
-0.00125017 1.32251e-05 -0.0238005
-0.00137148 1.55888e-05 -0.0237982
-0.00151778 1.85657e-05 -0.0238014
-0.00175696 2.24407e-05 -0.0238007
-0.00214292 2.67267e-05 -0.023782
-0.00268739 3.06523e-05 -0.0237367
-0.00335422 3.42038e-05 -0.0236702
-0.00405897 3.77346e-05 -0.0235978
-0.00469143 4.13707e-05 -0.0235372
-0.00514794 4.5232e-05 -0.0235017
-0.00538492 4.99382e-05 -0.0235007
-0.00542757 5.62803e-05 -0.0235423
-0.00531443 6.39888e-05 -0.0236281
-0.00505128 7.10921e-05 -0.0237505
-0.00466241 7.46125e-05 -0.0238981
-0.00424303 7.24486e-05 -0.0240571
-0.00389418 6.4449e-05 -0.0242056
-0.00368331 5.24317e-05 -0.0243201
-0.00359798 3.96541e-05 -0.0243864
-0.00353264 2.96343e-05 -0.0244093
-0.00343132 2.61978e-05 -0.0244132
-0.00335292 3.29621e-05 -0.0244129
-0.00341835 5.19149e-05 -0.0243978
-0.00376208 8.27071e-05 -0.0243484
-0.00442656 0.000121381 -0.0242482
-0.00530921 0.000160568 -0.0240948
-0.00623906 0.000192105 -0.0239093
-0.00703945 0.000209821 -0.0237261
-0.00759666 0.000212156 -0.0235812
-0.00789612 0.000202728 -0.0234988
-0.0079455 0.000187519 -0.0234753
-0.00775944 0.000172252 -0.0234932
-0.00737534 0.000160779 -0.0235406
-0.00682387 0.000153496 -0.0236148
-0.00608888 0.000147352 -0.0237247
-0.00505388 0.000136795 -0.0238849
-0.00366083 0.000116493 -0.0241049
-0.00206774 8.49045e-05 -0.0243667
-0.000536229 4.46685e-05 -0.0246115
0.000657906 1.98277e-06 -0.0247776
0.00134522 -3.55004e-05 -0.0248335
0.00157963 -6.24186e-05 -0.0247839
0.00147585 -7.61878e-05 -0.0246684
0.00106958 -7.62828e-05 -0.0245193
0.000441498 -6.41038e-05 -0.0243324
-0.000241113 -4.22153e-05 -0.0241086
-0.000865541 -1.43547e-05 -0.0238749
-0.00141961 1.44546e-05 -0.023652
-0.00189351 3.86433e-05 -0.0234442
-0.00218993 5.31543e-05 -0.0232682
-0.00213989 5.47294e-05 -0.0231669
-0.00153825 4.22682e-05 -0.0231841
-0.000255215 1.59395e-05 -0.0233376
0.0016314 -2.2299e-05 -0.0236106
0.00386289 -6.72826e-05 -0.0239557
0.00607382 -0.000111137 -0.0243142
0.00798161 -0.000147255 -0.0246285
0.00951631 -0.000173611 -0.0248539
0.0106624 -0.000190418 -0.0249755
0.0113399 -0.000197697 -0.0249955
0.0113388 -0.000194008 -0.0249144
0.0103304 -0.000175695 -0.0247122
0.00829169 -0.000141817 -0.0243426
0.00570097 -9.75216e-05 -0.0238149
0.00312388 -5.02186e-05 -0.0232466
0.000980876 -7.32766e-06 -0.0227687
-0.000466978 2.48131e-05 -0.0224591
-0.00110942 4.28155e-05 -0.0223574
-0.000861476 4.46014e-05 -0.0224656
0.000347385 2.82744e-05 -0.0227594
0.00230169 -6.81786e-06 -0.0232
0.00436754 -5.79001e-05 -0.0237088
0.00589258 -0.00011764 -0.0241691
0.00654057 -0.000176083 -0.0244972
0.00653061 -0.00022549 -0.0246744
0.00661877 -0.000263938 -0.024741
0.00731431 -0.000288872 -0.0247952
0.00844174 -0.000293071 -0.0249072
0.00931725 -0.000267943 -0.0250564
0.00908194 -0.000207086 -0.0251548
0.00732177 -0.000116826 -0.0250683
0.0042518 -1.76798e-05 -0.0247103
0.000378215 6.74666e-05 -0.0241254
-0.00371637 0.00012162 -0.0234402
-0.00745478 0.000140594 -0.0228036
-0.0102969 0.000134108 -0.022347
-0.0118637 0.000119656 -0.0221364
-0.0121779 0.000116538 -0.0221573
-0.0115737 0.000138766 -0.0223389
-0.0104122 0.000187555 -0.0226251
-0.00901457 0.000249171 -0.0230269
-0.00744376 0.000298129 -0.0235642
-0.00562341 0.000306181 -0.0242102
-0.00377847 0.000257932 -0.0248718
-0.00219209 0.000159732 -0.0253851
-0.00107183 3.73625e-05 -0.025643
-0.000677552 -7.2619e-05 -0.0256708
-0.00111825 -0.000137085 -0.0255343
-0.00237853 -0.000135046 -0.0252957
-0.00442813 -6.12635e-05 -0.0249967
-0.00713497 7.09183e-05 -0.0246355
-0.0102885 0.000234021 -0.0242023
-0.0135938 0.000391814 -0.0236982
-0.0166283 0.000485967 -0.0231176
-0.0190092 0.000475278 -0.0225106
-0.0203759 0.000425665 -0.0220267
-0.0203155 0.000362414 -0.0219051
-0.0189178 0.000282935 -0.022174
-0.0164162 0.000196373 -0.0226779
-0.0127164 0.000128811 -0.0233814
-0.00815994 0.000113461 -0.0242623
-0.0034501 9.7575e-05 -0.0252099
0.000793467 8.47285e-05 -0.0260779
0.00386926 7.30856e-05 -0.0266855
0.00520793 4.30153e-05 -0.0268705
0.0048333 1.3288e-05 -0.026628
0.00291152 -4.50257e-06 -0.0260141
-0.000529155 -7.42487e-06 -0.0251023
-0.00510341 1.61318e-05 -0.0239978
-0.0100902 7.92055e-05 -0.0228101
-0.0145587 0.000166956 -0.0217269
-0.0174389 0.000273226 -0.0209666
-0.018433 0.000393967 -0.0205833
-0.018159 0.000452104 -0.0205572
-0.0171646 0.000448418 -0.0208476
-0.0156187 0.000412583 -0.0213231
-0.0134077 0.000295291 -0.0218789
-0.0101266 0.000124632 -0.0225249
-0.00567896 -5.16887e-05 -0.0233214
-0.000764723 -0.000232225 -0.0241976
0.00389475 -0.000380438 -0.0250754
0.00789416 -0.000431081 -0.0259042
0.0106269 -0.000400771 -0.026519
0.0114918 -0.000334856 -0.026774
0.010199 -0.000222007 -0.0265818
0.00646519 -8.9354e-05 -0.0259139
0.000487841 6.80822e-06 -0.0248712
-0.00662834 7.75627e-05 -0.0235688
-0.0136826 0.00011379 -0.0221188
-0.0198167 0.000115454 -0.0207395
-0.0246991 0.000185154 -0.0195729
-0.0283628 0.000269504 -0.0185498
-0.0304491 0.000310968 -0.0177633
-0.030023 0.000378081 -0.0178032
-0.0270511 0.000451579 -0.018788
-0.0226591 0.000450737 -0.0201774
-0.0171296 0.000363163 -0.0217545
-0.010431 0.000265083 -0.0235722
-0.00350852 0.000133756 -0.0253868
0.00245223 -2.74408e-05 -0.0267587
0.00713255 -0.000179995 -0.027692
0.0101426 -0.000250327 -0.0281341
0.0104357 -0.000264644 -0.0281058
0.00789175 -0.000239321 -0.0277608
0.0034235 -0.000110061 -0.0269924
-0.00186481 2.20991e-05 -0.0258732
-0.00706177 0.000145272 -0.0245133
-0.011781 0.00031197 -0.0230902
-0.0162907 0.000489198 -0.0218141
-0.021382 0.000651332 -0.0207042
-0.0275724 0.000784184 -0.0194938
-0.0346205 0.000858734 -0.0179355
-0.041766 0.000917886 -0.0162767
-0.0472204 0.000925496 -0.0150223
-0.0490986 0.000836311 -0.0146105
-0.0467475 0.000672157 -0.0151535
-0.0404698 0.000443375 -0.0165448
-0.0316185 0.000265124 -0.0185973
-0.0223467 0.00019311 -0.0209918
-0.014591 0.000172687 -0.0232099
-0.00908783 0.000145538 -0.0248867
-0.00583333 9.84791e-05 -0.02606
-0.00478986 9.73661e-06 -0.0266466
-0.00507298 -0.000173048 -0.0266681
-0.00554969 -0.000338156 -0.0263796
-0.00618893 -0.000439997 -0.0260793
-0.00736002 -0.00048775 -0.0257056
-0.00919235 -0.00038458 -0.0251165
-0.0120798 -0.000193909 -0.0243256
-0.0164511 2.44876e-05 -0.023205
-0.0218241 0.000302419 -0.0218742
-0.0271479 0.000601835 -0.0206697
-0.0318241 0.000821708 -0.0196562
-0.0353924 0.000888087 -0.0187086
-0.0371368 0.000836999 -0.0179915
-0.036752 0.000719376 -0.0177608
-0.0341942 0.000546026 -0.0179888
-0.0289322 0.00038111 -0.0187172
-0.0209194 0.000294925 -0.0201798
-0.0114305 0.000280328 -0.0223372
-0.00180899 0.00031195 -0.0248456
0.00676501 0.000468503 -0.0270065
0.0135023 0.000526736 -0.0283611
0.0178785 0.000473652 -0.0291466
0.0200634 0.000356117 -0.0294232
0.0207833 0.000107261 -0.0290934
0.0207556 -0.000112088 -0.0283617
0.0210519 -0.000312699 -0.0275332
0.0214779 -0.000415295 -0.026861
0.0212824 -0.000418478 -0.0264068
0.0199419 -0.000271491 -0.0259205
0.0168942 -1.44271e-05 -0.0251113
0.0119471 0.000210732 -0.0238927
0.0056523 0.000345771 -0.0225206
-0.000855562 0.000336911 -0.021189
-0.00551927 0.000175059 -0.019814
-0.00640248 -6.15268e-05 -0.0186969
-0.00400913 -0.000281397 -0.0184993
6.97979e-05 -0.000515114 -0.019113
0.00459103 -0.000724749 -0.0201035
0.00858402 -0.000846154 -0.0212269
0.0113784 -0.000836538 -0.0221889
0.013085 -0.000768592 -0.0229595
0.0144337 -0.000718996 -0.0236398
0.0159424 -0.000768187 -0.0242129
0.0179922 -0.00101194 -0.0247611
0.0205059 -0.00136648 -0.0254516
0.0225124 -0.00171834 -0.026293
0.0229992 -0.00195777 -0.0268954
0.0215473 -0.00199685 -0.0266865
0.0177322 -0.00178005 -0.0258142
0.0117384 -0.001386 -0.0246788
0.00514963 -0.00091928 -0.0235916
-7.71238e-06 -0.000401323 -0.0227517
-0.00317084 1.55534e-05 -0.0223504
-0.0055185 0.000180997 -0.0221538
-0.00837229 0.000215397 -0.0217678
-0.0130418 0.000248648 -0.021099
-0.0207595 0.000247997 -0.0198573
-0.0310223 0.000265506 -0.0179839
-0.0416092 0.000389818 -0.0160276
-0.0503584 0.000600665 -0.0146476
-0.0555912 0.000820415 -0.0139887
-0.0557619 0.0010146 -0.0142761
-0.0505448 0.00118028 -0.0156975
-0.0419248 0.00123828 -0.0177937
-0.0324122 0.00116456 -0.019943
-0.0233214 0.00108735 -0.0219665
-0.0158054 0.00101744 -0.0239461
-0.0112601 0.000858684 -0.0257268
-0.00988653 0.000608089 -0.0269961
-0.0107961 0.000340624 -0.0276238
-0.0132942 0.00015552 -0.0277409
-0.0169564 0.000114124 -0.0274068
-0.0213381 0.000234788 -0.0265661
-0.0262771 0.000488036 -0.0253626
-0.0318499 0.000832792 -0.0239878
-0.0373744 0.00124956 -0.0224702
-0.0420829 0.00166698 -0.0209517
-0.0466815 0.00191689 -0.0191665
-0.0521874 0.00184075 -0.0165308
-0.0587788 0.00160471 -0.0131352
-0.0662192 0.00142442 -0.00991369
-0.0741968 0.00129626 -0.00726907
-0.0819157 0.0011052 -0.00502401
-0.0878754 0.000789161 -0.00366656
-0.0908324 0.000517295 -0.00373877
-0.0901891 0.000481418 -0.00506833
-0.085331 0.000732951 -0.0071555
-0.0758382 0.00112446 -0.00983669
-0.0626029 0.0013594 -0.0129236
-0.0479207 0.00128332 -0.0158843
-0.0346844 0.00105213 -0.0185813
-0.0251464 0.000868118 -0.0210967
-0.0197768 0.00070145 -0.0229972
-0.0175527 0.000424811 -0.0238456
-0.0167518 -4.2408e-07 -0.0237593
-0.0155427 -0.000498681 -0.0233461
-0.0134044 -0.000890192 -0.0231114
-0.0112574 -0.00104115 -0.0231549
-0.00972531 -0.000937689 -0.0234025
-0.00887618 -0.000643711 -0.023699
-0.0086308 -0.000300909 -0.0238026
-0.00834343 3.99762e-06 -0.0235424
-0.0073341 0.000331554 -0.0229675
-0.00609258 0.000673316 -0.0222321
-0.00591753 0.000899179 -0.0214339
-0.00701036 0.000941174 -0.0209962
-0.00796915 0.000811164 -0.0211064
-0.00717166 0.000561397 -0.0214998
-0.00337414 0.000265325 -0.0220595
0.00391447 -6.97418e-06 -0.0228525
0.0132729 -0.000213137 -0.0238165
0.021967 -0.000427793 -0.0251082
0.0284393 -0.000636853 -0.0267055
0.0326759 -0.00065454 -0.0280659
0.0350779 -0.000522993 -0.0289778
0.0363661 -0.000361069 -0.0296818
0.0373658 -0.000168611 -0.030044
0.0377144 -2.55344e-05 -0.0297723
0.0364072 -4.29827e-05 -0.0293051
0.0341273 -0.0001609 -0.0288652
0.0321591 -0.000260683 -0.0281809
0.0303652 -0.000435567 -0.0273399
0.0284932 -0.000730088 -0.0264683
0.0269985 -0.0010128 -0.0254003
0.0254196 -0.00121535 -0.0243157
0.0227839 -0.00133364 -0.0235585
0.0191892 -0.00134027 -0.0230448
0.0150303 -0.00124604 -0.0224985
0.0105878 -0.00113681 -0.0219647
0.00664775 -0.00101386 -0.0215195
0.00423412 -0.000870861 -0.0211773
0.00370063 -0.000758081 -0.0210925
0.00439358 -0.000722747 -0.0214191
0.0053555 -0.0007953 -0.0220662
0.00604809 -0.000934178 -0.0228401
0.00643408 -0.00108161 -0.0236582
0.00655062 -0.00118736 -0.0243293
0.00614407 -0.00124498 -0.0245791
0.00459368 -0.00126089 -0.0244513
0.00139031 -0.00120634 -0.0241618
-0.00346176 -0.00107149 -0.023697
-0.00962872 -0.000835315 -0.0230425
-0.0162019 -0.000563621 -0.0221211
-0.0222548 -0.000308462 -0.0209409
-0.0273675 -2.8865e-05 -0.0194905
-0.0316248 0.000270429 -0.0180588
-0.0356536 0.000554532 -0.0169936
-0.0396676 0.000788239 -0.0160725
-0.0432308 0.000978562 -0.0152875
-0.0456709 0.00110059 -0.0149704
-0.0463193 0.00113874 -0.0150835
-0.04474 0.00110593 -0.0154056
-0.0408476 0.00100437 -0.0162324
-0.0346826 0.000866272 -0.0178439
-0.0261668 0.00074307 -0.0201424
-0.015322 0.000717493 -0.0231287
-0.00209067 0.000779783 -0.026901
0.0129701 0.000985386 -0.0311972
0.0289406 0.00116998 -0.0356329
0.0458081 0.0011363 -0.0402135
0.0641013 0.00113968 -0.0451888
0.0840799 0.00113015 -0.0504974
0.105388 0.00098693 -0.0553081
0.127936 0.000775845 -0.0589697
0.151878 0.000450472 -0.0614082
0.177196 4.05039e-05 -0.0627394
0.203948 -0.000433256 -0.0631789
0.232161 -0.000999128 -0.0626343
0.261519 -0.00167001 -0.0608507
0.291251 -0.00244765 -0.057964
0.320955 -0.00328687 -0.0542259
0.350784 -0.00413583 -0.0494544
0.381062 -0.00503563 -0.0424487
0.412266 -0.00602916 -0.0332691
0.444819 -0.00700024 -0.022957
0.479005 -0.00778551 -0.0116442
0.514947 -0.00843799 0.000427711
0.552679 -0.00935107 0.01294
0.592453 -0.0109639 0.0252493
0.634867 -0.0133563 0.0366621
0.680452 -0.0163549 0.0467602
0.729184 -0.0197908 0.0550634
0.780744 -0.0235333 0.0611945
0.834779 -0.0273797 0.0654237
0.89095 -0.0310881 0.0681938
0.948899 -0.0345069 0.0696087
1.00824 -0.0375373 0.0696096
1.06881 -0.0400913 0.0682612
1.13058 -0.0421273 0.0656708
1.19344 -0.0436981 0.0619106
1.25671 -0.0448865 0.0569736
1.31896 -0.0457205 0.0508968
1.37807 -0.0461987 0.0437405
1.43116 -0.046323 0.035601
1.4753 -0.0461133 0.0267857
1.5083 -0.0456519 0.0179305
1.52865 -0.0450278 0.0100879
1.53569 -0.0444771 0.00416458
1.52973 -0.0441905 0.000561376
1.51193 -0.0441739 -0.000381641
1.4839 -0.0443661 0.00153269
1.44729 -0.044558 0.00610023
1.40338 -0.0445723 0.0123737
1.35289 -0.0443056 0.0193352
1.2966 -0.0436419 0.0266518
1.23548 -0.0424902 0.0340749
1.17073 -0.040922 0.0412021
1.1046 -0.0391403 0.0477614
1.03915 -0.0373427 0.0537956
0.974992 -0.0356811 0.0589379
0.912572 -0.0342301 0.0627091
0.852593 -0.0329603 0.0650155
0.794433 -0.0317739 0.065191
0.736252 -0.0307431 0.0631182
0.678396 -0.0297844 0.0591077
0.626733 -0.0285862 0.0531465
0.591068 -0.0270282 0.0453606
0.581115 -0.0250026 0.0352611
0.602012 -0.0225788 0.0211019
0.651526 -0.0199534 0.00122769
0.723146 -0.0170986 -0.0224668
0.807205 -0.0139208 -0.0486857
0.892786 -0.0113129 -0.0776428
0.973577 -0.0104532 -0.104025
1.04605 -0.0113719 -0.122566
1.10813 -0.0131167 -0.136725
1.16571 -0.0149636 -0.149414
1.22474 -0.0167622 -0.15945
1.283 -0.0191331 -0.169091
1.33793 -0.0229855 -0.182316
1.38857 -0.0278396 -0.19966
1.43173 -0.0335156 -0.215389
1.46204 -0.0404005 -0.225371
1.47582 -0.0473703 -0.230509
1.4707 -0.0529398 -0.231869
1.44378 -0.0574549 -0.23144
1.39436 -0.0613247 -0.230988
1.32549 -0.062986 -0.230798
1.2407 -0.0610932 -0.231211
1.14024 -0.0561481 -0.232642
1.02439 -0.0492875 -0.233689
0.895392 -0.0414392 -0.231969
0.755386 -0.0332805 -0.226687
0.605711 -0.0254862 -0.21405
0.445102 -0.0185404 -0.193474
0.275178 -0.0133323 -0.163827
0.108015 -0.0110815 -0.120249
-0.0433393 -0.0109708 -0.0638473
-0.185874 -0.0116603 -0.00360814
-0.346458 -0.012752 0.054184
-0.541943 -0.0143729 0.108792
-0.77667 -0.0152861 0.17186
-1.02678 -0.0150635 0.254203
-1.2541 -0.0141506 0.335143
-1.45706 -0.0132998 0.402913
-1.65492 -0.0135413 0.465117
-1.85327 -0.0137864 0.527323
-2.03478 -0.0142541 0.586409
-2.18492 -0.0148432 0.634882
-2.30155 -0.0152952 0.67204
-2.38609 -0.0151145 0.699217
-2.43778 -0.0134065 0.716678
-2.45479 -0.0105868 0.725235
-2.44218 -0.00723723 0.728217
-2.40944 -0.00421112 0.726579
-2.368 -0.00225043 0.72075
-2.32683 -0.00192206 0.713347
-2.28897 -0.00329645 0.705792
-2.25351 -0.00527079 0.699041
-2.2206 -0.00627071 0.693415
-2.19347 -0.00618103 0.688908
-2.1751 -0.00621778 0.686425
-2.16539 -0.00720345 0.686007
-2.16366 -0.0088285 0.688634
-2.17065 -0.0101384 0.694055
-2.1862 -0.00998876 0.700589
-2.20794 -0.00733765 0.707687
-2.23245 -0.00200074 0.716876
-2.2576 0.00515267 0.728985
-2.28308 0.0126595 0.743681
-2.30961 0.019431 0.758638
-2.33662 0.0253379 0.772054
-2.36094 0.0305292 0.783871
-2.38141 0.0353228 0.79409
-2.4011 0.0400228 0.805031
-2.42265 0.0440752 0.818862
-2.44604 0.0464917 0.8366
-2.46981 0.0464299 0.858133
-2.49275 0.0438406 0.882935
-2.51464 0.0395692 0.911118
-2.53573 0.0342657 0.942374
-2.55715 0.0280718 0.97571
-2.58161 0.021195 1.00923
-2.6135 0.0143179 1.04147
-2.65761 0.00798343 1.07173
-2.71803 0.00214567 1.10003
-2.79675 -0.00328223 1.12714
-2.89267 -0.00802341 1.1545
-3.00311 -0.0117708 1.184
-3.12581 -0.0145785 1.21712
-3.25912 -0.0167559 1.25384
-3.40041 -0.0185896 1.29245
-3.5457 -0.0201302 1.33138
-3.69136 -0.0213387 1.36973
-3.83544 -0.0222487 1.40647
-3.97658 -0.0227351 1.44041
-4.11209 -0.0224629 1.47076
-4.23838 -0.0211133 1.49718
-4.35243 -0.0185476 1.51937
-4.45174 -0.0148192 1.53707
-4.53429 -0.0101342 1.55058
-4.5993 -0.00481716 1.56033
-4.64704 0.000802138 1.56673
-4.67808 0.00645743 1.57034
-4.69331 0.0118407 1.57173
-4.69421 0.0165553 1.57162
-4.68236 0.0201621 1.57019
-4.65879 0.0222884 1.56704
-4.62456 0.0228771 1.56173
-4.58151 0.0220702 1.55388
-4.53164 0.0199599 1.54318
-4.47605 0.0166326 1.5292
-4.41507 0.0121893 1.51159
-4.34942 0.00683524 1.49079
-4.27991 0.0007104 1.46762
-4.20602 -0.00604596 1.4422
-4.12636 -0.0129309 1.415
-4.04033 -0.0194383 1.38634
-3.94906 -0.0251672 1.35584
-3.85522 -0.0297721 1.32359
-3.76189 -0.033108 1.29015
-3.67183 -0.0351331 1.25622
-3.58698 -0.0359433 1.2226
-3.50826 -0.0356502 1.19002
-3.43629 -0.0343035 1.15934
-3.37147 -0.0320333 1.13152
-3.31401 -0.0290995 1.10722
-3.26388 -0.0258932 1.08636
-3.22055 -0.022786 1.0686
-3.18318 -0.0199764 1.05376
-3.15089 -0.0175522 1.04181
-3.12306 -0.0155555 1.0325
-3.09925 -0.0140289 1.02516
-3.07903 -0.0130464 1.01892
-3.06169 -0.0126424 1.01277
-3.04603 -0.0127594 1.00594
-3.03054 -0.0132895 0.99799
-3.01346 -0.014188 0.988191
-2.99269 -0.0155794 0.975721
-2.96578 -0.0178189 0.95997
-2.93054 -0.0212557 0.941057
-2.88614 -0.0257121 0.920254
-2.83341 -0.0305601 0.899472
-2.77429 -0.0351063 0.88038
-2.71202 -0.0385636 0.864137
-2.65044 -0.0404527 0.851354
-2.5919 -0.041012 0.842459
-2.53662 -0.0407595 0.836794
-2.48367 -0.0398508 0.832494
-2.43175 -0.0379549 0.828225
-2.37978 -0.0348069 0.8232
-2.32683 -0.0305348 0.816806
-2.27218 -0.0254741 0.808735
-2.21555 -0.0199667 0.798815
-2.1564 -0.0143873 0.787335
-2.09314 -0.00926703 0.774604
-2.02329 -0.00515586 0.760502
-1.94417 -0.00238401 0.744968
-1.85433 -0.00103647 0.727636
-1.75433 -0.00106786 0.708162
-1.64616 -0.00238947 0.686656
-1.53245 -0.00487467 0.663494
-1.41581 -0.00829621 0.639289
-1.29845 -0.0122728 0.614697
-1.18217 -0.0162306 0.590211
-1.06818 -0.0196047 0.566184
-0.957699 -0.0219761 0.543196
-0.852651 -0.0231452 0.522356
-0.754533 -0.0237039 0.504089
-0.664761 -0.0244171 0.487733
-0.58483 -0.0256214 0.472973
-0.514344 -0.0280201 0.459919
-0.450967 -0.0324013 0.448694
-0.391766 -0.0390997 0.438907
-0.334233 -0.0478465 0.429984
-0.27632 -0.0578523 0.421779
-0.216317 -0.0683053 0.414189
-0.153196 -0.0785776 0.406952
-0.0867106 -0.0882501 0.399688
-0.0174184 -0.0970124 0.392185
0.0532337 -0.104587 0.384566
0.122548 -0.110644 0.377226
0.187193 -0.114917 0.370844
0.244309 -0.117324 0.36625
0.292302 -0.117928 0.363903
0.331357 -0.117059 0.363657
0.3628 -0.115216 0.364872
0.388132 -0.112889 0.366693
0.408474 -0.110537 0.368424
0.424291 -0.108576 0.369797
0.435634 -0.10731 0.370847
0.442491 -0.106874 0.371677
0.444944 -0.10718 0.372388
0.443551 -0.107913 0.373156
0.439353 -0.108606 0.374028
0.433309 -0.108816 0.374874
0.425633 -0.108248 0.375618
0.415567 -0.106771 0.37629
0.401994 -0.104428 0.377203
0.384389 -0.101407 0.378835
0.363561 -0.0979478 0.381421
0.341588 -0.0943237 0.384737
0.320644 -0.0908802 0.388284
0.302032 -0.0880444 0.391625
0.286341 -0.0862769 0.394528
0.274072 -0.0859547 0.396931
0.266142 -0.0872427 0.398804
0.263698 -0.090045 0.400021
0.267462 -0.0940573 0.400374
0.277389 -0.0988758 0.399692
0.2926 -0.104077 0.397971
0.311762 -0.109248 0.395317
0.333549 -0.11401 0.391795
0.356607 -0.118042 0.387421
0.379528 -0.121131 0.382305
0.40106 -0.123211 0.376719
0.420494 -0.124402 0.370949
0.438158 -0.125019 0.365149
0.455402 -0.125546 0.359273
0.474052 -0.126553 0.353181
0.495696 -0.128566 0.346747
0.521196 -0.131953 0.339884
0.550691 -0.136878 0.332537
0.583782 -0.143291 0.3247
0.619582 -0.150933 0.3165
0.656787 -0.15942 0.308125
0.693846 -0.168332 0.299753
0.728961 -0.17725 0.291588
0.759754 -0.185797 0.283798
0.783248 -0.193679 0.276672
0.796348 -0.20067 0.270829
0.796248 -0.2066 0.266974
0.78115 -0.211384 0.265456
0.750978 -0.214986 0.265925
0.707379 -0.217383 0.267773
0.652686 -0.218629 0.270633
0.588865 -0.218833 0.274225
0.517741 -0.218176 0.278377
0.441551 -0.216897 0.282629
0.363185 -0.215184 0.286414
0.285587 -0.213155 0.289495
0.210484 -0.210851 0.291678
0.138156 -0.208326 0.292995
0.0681702 -0.205654 0.293711
0.000204702 -0.202886 0.294022
-0.0656179 -0.200061 0.294034
-0.128998 -0.197175 0.29385
-0.189914 -0.194194 0.293602
-0.248793 -0.191105 0.293436
-0.306305 -0.187886 0.293526
-0.362967 -0.184545 0.293994
-0.418526 -0.181248 0.294888
-0.471667 -0.178258 0.296042
-0.520667 -0.175636 0.297014
-0.564283 -0.173105 0.297283
-0.601967 -0.170336 0.296456
-0.633572 -0.167344 0.294318
-0.658902 -0.164686 0.290984
-0.677528 -0.163241 0.286846
-0.688902 -0.163827 0.282467
-0.692985 -0.166975 0.278695
-0.691343 -0.172829 0.276354
-0.68718 -0.181235 0.276086
-0.684266 -0.191823 0.278164
-0.685486 -0.203695 0.281889
-0.691354 -0.214746 0.286386
-0.700973 -0.222148 0.291504
-0.713957 -0.224655 0.296284
-0.7302 -0.223003 0.299313
-0.749767 -0.218101 0.300703
-0.772753 -0.210391 0.301174
-0.79845 -0.200108 0.300965
-0.825562 -0.187311 0.29999
-0.852725 -0.171881 0.297998
-0.878604 -0.153929 0.295096
-0.902767 -0.134278 0.291934
-0.926357 -0.114732 0.289638
-0.951318 -0.0977347 0.28941
-0.978975 -0.0850269 0.291716
-1.00899 -0.0766891 0.296575
-1.0399 -0.071786 0.303593
-1.07034 -0.0694336 0.311935
-1.09987 -0.0690538 0.320967
-1.12923 -0.0703406 0.330384
-1.15987 -0.0732377 0.34017
-1.19317 -0.0776803 0.350346
-1.22923 -0.0829703 0.360563
-1.26633 -0.0872457 0.370024
-1.30243 -0.0881839 0.377965
-1.33707 -0.0846741 0.383985
-1.3713 -0.077325 0.388105
-1.40627 -0.0674028 0.390924
-1.44239 -0.0559661 0.393366
-1.47933 -0.0437684 0.396303
-1.51635 -0.0315901 0.400855
-1.55257 -0.0207217 0.407691
-1.58701 -0.0124683 0.416103
-1.61864 -0.00715439 0.425803
-1.64718 -0.00447314 0.436372
-1.67332 -0.00393775 0.447009
-1.69767 -0.00480863 0.457545
-1.72088 -0.00650905 0.467717
-1.74369 -0.00867477 0.47728
-1.76627 -0.0106637 0.485671
-1.78779 -0.0111176 0.491966
-1.80682 -0.00840703 0.495513
-1.82297 -0.00219068 0.496667
-1.83777 0.00607202 0.496448
-1.85318 0.0146302 0.495699
-1.86973 0.0227072 0.494802
-1.88631 0.030127 0.493876
-1.90179 0.0365434 0.49337
-1.91625 0.0411255 0.494151
-1.93043 0.0426891 0.497058
-1.94481 0.040499 0.502262
-1.95898 0.0351071 0.509154
-1.97153 0.028098 0.51695
-1.98134 0.0209311 0.52517
-1.98888 0.0142516 0.533592
-1.99571 0.00827227 0.541978
-2.00304 0.00335174 0.549868
-2.01104 0.000103491 0.556796
-2.01946 -0.000914524 0.56255
-2.02885 0.000378674 0.567346
-2.04108 0.00337878 0.57193
-2.05848 0.00696732 0.577061
-2.08221 0.0100334 0.583176
-2.11135 0.0119229 0.59047
-2.14365 0.0124617 0.598937
-2.17696 0.01169 0.608475
-2.20993 0.00966309 0.618902
-2.2417 0.00649934 0.629982
-2.27121 0.00255622 0.641345
-2.29688 -0.00151354 0.652307
-2.31707 -0.0048785 0.662095
-2.3307 -0.00677197 0.670132
-2.3379 -0.0067933 0.67611
-2.34015 -0.00499324 0.679933
-2.33959 -0.00173096 0.681801
-2.33835 0.0024624 0.682227
-2.33818 0.00696986 0.681986
-2.34008 0.0111272 0.681966
-2.34432 0.0142408 0.682795
-2.35055 0.0156861 0.684647
-2.35808 0.0150628 0.687454
-2.36627 0.0123119 0.691167
-2.37471 0.00771991 0.695617
-2.38282 0.00182069 0.70028
-2.38936 -0.00472013 0.70429
-2.3922 -0.0112295 0.706865
-2.38904 -0.0170586 0.707617
-2.37842 -0.0216465 0.706405
-2.36033 -0.0246346 0.703062
-2.33614 -0.0259019 0.697441
-2.30763 -0.025596 0.6897
-2.27669 -0.0241011 0.680449
-2.24523 -0.0219822 0.670574
-2.21516 -0.019864 0.660975
-2.18806 -0.0182918 0.652276
-2.16466 -0.0176698 0.644755
-2.14454 -0.018199 0.638461
-2.1264 -0.0198439 0.633173
-2.10887 -0.0223511 0.628435
-2.09081 -0.0253216 0.623618
-2.07113 -0.02829 0.617994
-2.04858 -0.0307862 0.610937
-2.02199 -0.0324176 0.602113
-1.99067 -0.0329505 0.591474
-1.95451 -0.0323552 0.579104
-1.91383 -0.030792 0.565139
-1.86908 -0.0285786 0.549832
-1.82073 -0.0261517 0.533593
-1.76939 -0.0240021 0.516934
-1.71586 -0.0225975 0.500295
-1.66109 -0.022301 0.483904
-1.60595 -0.0233522 0.467795
-1.55112 -0.02584 0.451907
-1.49707 -0.0296355 0.436159
-1.44402 -0.0344365 0.420485
-1.39186 -0.0398497 0.404822
-1.34053 -0.0454668 0.389019
-1.29033 -0.0509126 0.373064
-1.2421 -0.0558733 0.357249
-1.19747 -0.0600938 0.342196
-1.15821 -0.0633703 0.328648
-1.12569 -0.0656689 0.316996
-1.10082 -0.0671695 0.307646
-1.08413 -0.0680588 0.300819
-1.07587 -0.0683942 0.296652
-1.07585 -0.0682106 0.295535
-1.08346 -0.0676597 0.297636
-1.09773 -0.0668106 0.302513
-1.1173 -0.0654374 0.30966
-1.14019 -0.0634886 0.318804
-1.16301 -0.0615761 0.328929
-1.18102 -0.0607442 0.338941
-1.1908 -0.0615296 0.347825
-1.19164 -0.063603 0.354589
-1.18402 -0.0662138 0.358699
-1.16812 -0.0684033 0.359927
-1.14367 -0.0694816 0.358365
-1.11073 -0.0694192 0.354351
-1.07082 -0.0686023 0.348429
-1.02661 -0.0674016 0.341262
-0.980185 -0.0660141 0.333556
-0.932058 -0.0645428 0.325848
-0.881569 -0.063171 0.318386
-0.827215 -0.0623571 0.311072
-0.767123 -0.0627063 0.303652
-0.699616 -0.0646151 0.295859
-0.623852 -0.0680044 0.287712
-0.539892 -0.0724813 0.279209
-0.448139 -0.0779534 0.270088
-0.34943 -0.0849573 0.260783
-0.246205 -0.0943582 0.252375
-0.14296 -0.107021 0.245433
-0.0439014 -0.123165 0.238767
0.0500097 -0.141371 0.231073
0.140098 -0.15921 0.223129
0.227445 -0.174976 0.215324
0.312659 -0.188126 0.207209
0.395827 -0.198655 0.198863
0.476567 -0.206514 0.190582
0.554192 -0.211198 0.185623
0.626687 -0.211984 0.183924
0.690454 -0.209398 0.180964
0.743127 -0.205104 0.176384
0.786133 -0.200205 0.172456
0.822405 -0.194951 0.170523
0.853162 -0.189363 0.170341
0.877954 -0.183493 0.171236
0.895954 -0.177471 0.172973
0.906884 -0.171591 0.17569
0.911363 -0.166151 0.179798
0.910486 -0.161299 0.185759
0.905385 -0.157054 0.193425
0.897164 -0.153431 0.202216
0.886769 -0.150524 0.211816
0.874677 -0.148472 0.221965
0.860726 -0.147431 0.232328
0.844742 -0.147535 0.242868
0.827429 -0.148811 0.253741
0.81024 -0.151094 0.26486
0.794595 -0.154044 0.275838
0.781211 -0.157248 0.286171
0.769972 -0.160302 0.295455
0.760321 -0.162866 0.303461
0.751517 -0.16468 0.310059
0.742968 -0.165542 0.315144
0.734455 -0.165307 0.318681
0.726082 -0.16391 0.320716
0.718254 -0.161366 0.32131
0.711489 -0.157745 0.320485
0.706253 -0.153178 0.318277
0.702865 -0.147869 0.314835
0.701371 -0.142094 0.310328
0.701572 -0.136194 0.305382
0.703149 -0.130538 0.299734
0.706081 -0.125469 0.292697
0.711068 -0.121274 0.285085
0.719477 -0.118186 0.27741
0.733002 -0.116405 0.269253
0.753061 -0.11612 0.260614
0.780329 -0.117458 0.251777
0.814534 -0.120399 0.242576
0.854241 -0.124778 0.233079
0.897229 -0.130337 0.223682
0.941404 -0.136821 0.214513
0.985343 -0.144016 0.205447
1.02817 -0.151727 0.196353
1.06902 -0.159732 0.187425
1.1063 -0.167772 0.179017
1.13735 -0.175622 0.170827
1.15965 -0.183199 0.162771
1.17238 -0.190455 0.155743
1.17625 -0.197199 0.150318
1.17213 -0.203131 0.14628
1.1604 -0.208044 0.143283
1.1408 -0.211987 0.141312
1.11211 -0.21528 0.140254
1.07292 -0.218317 0.139634
1.02349 -0.221215 0.13901
0.966445 -0.223627 0.138049
0.905292 -0.224906 0.1367
0.842683 -0.224466 0.13524
0.779662 -0.222036 0.133693
0.716135 -0.217737 0.13204
0.651601 -0.211984 0.130255
0.585539 -0.205338 0.128432
0.517437 -0.198353 0.127074
0.44637 -0.191513 0.126527
0.370753 -0.185314 0.127096
0.288919 -0.180181 0.129265
0.200044 -0.176297 0.133398
0.104443 -0.173649 0.139573
0.00340882 -0.172064 0.147986
-0.101114 -0.171066 0.158956
-0.20702 -0.170066 0.172169
-0.3124 -0.168639 0.187519
-0.415686 -0.166494 0.204944
-0.51506 -0.163452 0.223238
-0.608312 -0.159481 0.241108
-0.693832 -0.154695 0.257766
-0.770697 -0.149454 0.272742
-0.838306 -0.144412 0.285781
-0.896289 -0.140282 0.296773
-0.944317 -0.137583 0.305718
-0.98197 -0.136503 0.312625
-1.00875 -0.136909 0.31758
-1.02449 -0.138463 0.32077
-1.02976 -0.140566 0.32245
-1.02586 -0.14236 0.322871
-1.01474 -0.143134 0.32236
-0.998936 -0.142772 0.321366
-0.981256 -0.14141 0.320141
-0.964092 -0.138684 0.318331
-0.949167 -0.134063 0.315427
-0.938121 -0.127625 0.311176
-0.93252 -0.119743 0.305906
-0.933272 -0.11051 0.300441
-0.940347 -0.0999273 0.295427
-0.953057 -0.0883543 0.291259
-0.970567 -0.0764692 0.288247
-0.992053 -0.0647854 0.286547
-1.01678 -0.0534796 0.286177
-1.04424 -0.0426322 0.287157
-1.07415 -0.0323681 0.289561
-1.10621 -0.0227943 0.293598
-1.14011 -0.0139924 0.299467
-1.17563 -0.00610767 0.307231
-1.21261 0.00071696 0.316749
-1.25069 0.00652003 0.327763
-1.28919 0.0115293 0.339939
-1.32743 0.0159767 0.353008
-1.36504 0.0199159 0.366631
-1.40212 0.023209 0.380713
-1.43906 0.0256079 0.39541
-1.47653 0.0268247 0.4109
-1.51526 0.0266653 0.427491
-1.55583 0.0251675 0.44538
-1.59875 0.0225944 0.464551
-1.64435 0.0192591 0.484544
-1.69267 0.0153444 0.504574
-1.74359 0.0109368 0.523872
-1.79768 0.00622826 0.541475
-1.85558 0.0015289 0.557223
-1.91557 -0.00287315 0.572414
-1.97503 -0.00662006 0.587461
-2.03279 -0.00947754 0.601595
-2.08775 -0.0114176 0.614027
-2.13834 -0.0124454 0.6244
-2.18306 -0.012659 0.633472
-2.22094 -0.012045 0.641874
-2.25121 -0.0105171 0.649344
-2.27295 -0.00804069 0.655472
-2.28553 -0.00473968 0.659982
-2.28895 -0.000980471 0.662888
-2.28421 0.00288862 0.664007
-2.27308 0.00669531 0.663008
-2.2572 0.0104177 0.659849
-2.23785 0.0139939 0.654677
-2.21629 0.0172057 0.647979
-2.19326 0.0197943 0.640185
-2.16899 0.0215626 0.631871
-2.1437 0.022366 0.623287
-2.11744 0.0221422 0.614191
-2.09051 0.0208619 0.604739
-2.06399 0.0184365 0.595343
-2.03907 0.0148388 0.586531
-2.01616 0.0102244 0.578669
-1.99473 0.00496811 0.57187
-1.97407 -0.000486263 0.565993
-1.95418 -0.00589433 0.560886
-1.93572 -0.0111855 0.556607
-1.9192 -0.0162727 0.553342
-1.90464 -0.0209817 0.551226
-1.89181 -0.0251207 0.550223
-1.88066 -0.0285573 0.550167
-1.87171 -0.0312654 0.550934
-1.86608 -0.0334068 0.552482
-1.8649 -0.0352893 0.554801
-1.86883 -0.0372062 0.557879
-1.87785 -0.0393409 0.561603
-1.89129 -0.041777 0.565674
-1.90794 -0.0445446 0.569722
-1.92597 -0.0476573 0.573517
-1.94332 -0.0510955 0.576887
-1.95794 -0.0547368 0.579533
-1.96789 -0.0583697 0.581044
-1.97161 -0.0617908 0.580986
-1.96803 -0.064848 0.579036
-1.95655 -0.0674517 0.574998
-1.93686 -0.0695952 0.568736
-1.9087 -0.0713507 0.560143
-1.872 -0.0728126 0.549155
-1.82723 -0.0740742 0.535825
-1.77533 -0.075323 0.52033
-1.71747 -0.0767874 0.502986
-1.65491 -0.0785272 0.484258
-1.5888 -0.0804017 0.464566
-1.52015 -0.0821862 0.444239
-1.44994 -0.0836793 0.423515
-1.37905 -0.0848245 0.402544
-1.30794 -0.085783 0.381465
-1.23653 -0.0868176 0.360387
-1.16439 -0.0881917 0.339436
-1.09118 -0.0901875 0.318761
-1.01674 -0.0929356 0.298528
-0.940921 -0.0960603 0.279049
-0.863633 -0.0987388 0.260711
-0.785262 -0.100354 0.243613
-0.706988 -0.100807 0.227682
-0.630375 -0.100229 0.213299
-0.556888 -0.0988094 0.201165
-0.48805 -0.0966594 0.191613
-0.425494 -0.0936932 0.184308
-0.370587 -0.0898587 0.178787
-0.324025 -0.0852723 0.174988
-0.285774 -0.0801398 0.172988
-0.255444 -0.0746884 0.172778
-0.232374 -0.0691741 0.174147
-0.215385 -0.0638466 0.176667
-0.202785 -0.0588489 0.179878
-0.192547 -0.0542245 0.183334
-0.182632 -0.0499528 0.186806
-0.171499 -0.0459674 0.190267
-0.1583 -0.0421993 0.193572
-0.142689 -0.0386028 0.196639
-0.12478 -0.0351804 0.19952
-0.105286 -0.03196 0.202246
-0.0853468 -0.0289353 0.2049
-0.0661298 -0.0260576 0.20765
-0.0486382 -0.023268 0.21051
-0.0335871 -0.0205309 0.213461
-0.0213419 -0.0178521 0.216584
-0.011933 -0.0153115 0.219885
-0.00511241 -0.0130414 0.223345
-0.000524851 -0.0111478 0.226914
0.00212738 -0.00965219 0.23054
0.00311957 -0.00853462 0.2342
0.00287341 -0.00779511 0.237885
0.00202932 -0.0074485 0.241582
0.00137225 -0.00752391 0.245273
0.00172856 -0.0080561 0.248921
0.00383545 -0.00904169 0.252442
0.00823395 -0.0104187 0.255712
0.0152671 -0.0121034 0.258613
0.0251225 -0.0140438 0.26105
0.037807 -0.0162315 0.262942
0.0530983 -0.0186671 0.264254
0.0705182 -0.021323 0.264992
0.0893123 -0.0241304 0.265179
0.108543 -0.0269946 0.264841
0.127192 -0.0298168 0.264008
0.144452 -0.0325157 0.26274
0.159972 -0.035038 0.261128
0.173734 -0.0373456 0.259274
0.185887 -0.0394002 0.257267
0.196548 -0.0411683 0.255163
0.20568 -0.0426368 0.252984
0.213102 -0.0438238 0.250744
0.21857 -0.0447874 0.248477
0.22188 -0.0456262 0.24625
0.222939 -0.0464612 0.24419
0.221764 -0.047394 0.242433
0.218507 -0.0484556 0.241018
0.213445 -0.0495997 0.239843
0.206801 -0.05071 0.238735
0.198651 -0.0516259 0.237553
0.188999 -0.052197 0.236192
0.177799 -0.0523192 0.234596
0.164957 -0.0519627 0.232752
0.150293 -0.0511726 0.230661
0.133594 -0.0500566 0.228322
0.114695 -0.0487667 0.225731
0.0935178 -0.047466 0.222907
0.0701354 -0.0462975 0.219901
0.0448184 -0.0453565 0.216795
0.0180708 -0.0446723 0.213669
-0.00940884 -0.0441846 0.210548
-0.0368405 -0.0437668 0.207431
-0.0634695 -0.0432984 0.204215
-0.088617 -0.0427079 0.200762
-0.111765 -0.04197 0.196969
-0.1325 -0.0411013 0.192745
-0.150372 -0.0401507 0.188079
-0.165001 -0.039194 0.183024
-0.176161 -0.038347 0.177596
-0.18383 -0.0377523 0.171823
-0.188242 -0.037556 0.165801
-0.189886 -0.0378805 0.159622
-0.189429 -0.0388176 0.153412
-0.187694 -0.040416 0.147332
-0.185701 -0.0426498 0.14148
-0.184654 -0.0454106 0.135778
-0.185738 -0.048551 0.130068
-0.189725 -0.0520303 0.124406
-0.197141 -0.0560538 0.119359
-0.208719 -0.0609016 0.115618
-0.225364 -0.0666315 0.113519
-0.24786 -0.0731145 0.113227
-0.276713 -0.080252 0.114785
-0.312032 -0.0879537 0.118058
-0.35317 -0.0957529 0.123199
-0.398376 -0.102604 0.130336
-0.445306 -0.107439 0.138942
-0.492377 -0.109939 0.148392
-0.539423 -0.110558 0.158446
-0.58719 -0.11 0.169258
-0.636546 -0.10879 0.181002
-0.687937 -0.107126 0.193737
-0.741307 -0.104999 0.207583
-0.796344 -0.102401 0.222399
-0.852985 -0.099542 0.23809
-0.911714 -0.0969139 0.254767
-0.972906 -0.0950605 0.272217
-1.03568 -0.0942006 0.290019
-1.09778 -0.0941059 0.307805
-1.1567 -0.0944132 0.32518
-1.21072 -0.0948683 0.341641
-1.25909 -0.0953184 0.356714
-1.30164 -0.0957773 0.370052
-1.33834 -0.0963686 0.381432
-1.36898 -0.0969946 0.390718
-1.39314 -0.0971872 0.397859
-1.4106 -0.0963516 0.402946
-1.422 -0.0941247 0.406275
-1.42904 -0.0906598 0.4083
-1.43396 -0.0865135 0.409478
-1.43872 -0.0821875 0.410322
-1.44463 -0.0778861 0.411374
-1.45251 -0.0736057 0.413011
-1.46302 -0.0693585 0.415455
-1.4767 -0.0653237 0.418824
-1.49361 -0.0618148 0.423108
-1.51286 -0.0590702 0.428147
-1.53287 -0.0570385 0.433637
-1.55191 -0.055379 0.439189
-1.56854 -0.053647 0.444409
-1.58186 -0.0515214 0.448961
-1.59138 -0.0489078 0.452584
-1.59706 -0.0458738 0.455093
-1.59911 -0.0425216 0.456414
-1.59809 -0.0389126 0.456585
-1.59494 -0.0350957 0.455784
-1.59084 -0.0311987 0.454309
-1.58697 -0.0274853 0.452526
-1.58425 -0.0242866 0.450806
-1.58324 -0.021848 0.449443
-1.58413 -0.0202311 0.448601
-1.58693 -0.0193188 0.448318
-1.59148 -0.0188925 0.448503
-1.59746 -0.018718 0.448996
-1.60428 -0.0185932 0.449561
-1.61121 -0.018339 0.449923
-1.61739 -0.0177633 0.449799
-1.62206 -0.0166755 0.448973
-1.62466 -0.0149497 0.447399
-1.62498 -0.0125812 0.445206
-1.62313 -0.0096947 0.442626
-1.61939 -0.00650047 0.439867
-1.614 -0.00323795 0.437035
-1.60717 -0.00013412 0.434155
-1.5991 0.00262117 0.431251
-1.59023 0.00488901 0.428361
-1.58118 0.00659199 0.425487
-1.5725 0.00772719 0.422548
-1.56442 0.0083836 0.419397
-1.55672 0.00872971 0.415889
-1.54891 0.00895924 0.411954
-1.5405 0.00924562 0.407557
-1.53103 0.00971368 0.402644
-1.51995 0.0104223 0.397133
-1.50659 0.0113614 0.390962
-1.49036 0.0124613 0.384148
-1.47103 0.0136116 0.376784
-1.4488 0.0146781 0.368984
-1.4241 0.0155214 0.360853
-1.39745 0.0160297 0.35248
-1.36934 0.0161467 0.343973
-1.34037 0.0158572 0.335479
-1.31129 0.0151879 0.327153
-1.28302 0.0142468 0.319107
-1.25631 0.0132075 0.311391
-1.23153 0.0122373 0.304031
-1.20859 0.0114263 0.297023
-1.1872 0.0108138 0.290332
-1.16711 0.0104612 0.283917
-1.14811 0.0104016 0.277698
-1.12979 0.0105725 0.271593
-1.11166 0.0108448 0.265556
-1.09331 0.0110516 0.259592
-1.07458 0.0109908 0.253811
-1.05557 0.0104571 0.248347
-1.03639 0.00925367 0.243368
-1.01698 0.0071934 0.238992
-0.997359 0.00424003 0.235294
-0.977916 0.000593486 0.232321
-0.959271 -0.00346916 0.230123
-0.941815 -0.00772761 0.228767
-0.92562 -0.0119904 0.228249
-0.91057 -0.0160846 0.228409
-0.896323 -0.0198498 0.228907
-0.882462 -0.0231222 0.229511
-0.868727 -0.0257808 0.230075
-0.855049 -0.0277643 0.230503
-0.841312 -0.0291262 0.230782
-0.827116 -0.0300535 0.230891
-0.811794 -0.0307892 0.23075
-0.794633 -0.0315506 0.230277
-0.775165 -0.0324861 0.229451
-0.753331 -0.0336997 0.2283
-0.729416 -0.0352639 0.226877
-0.703838 -0.03722 0.225264
-0.676993 -0.0395873 0.223539
-0.649214 -0.0423508 0.221742
-0.620856 -0.0454432 0.219878
-0.592378 -0.0487467 0.217961
-0.564305 -0.0521147 0.216023
-0.537145 -0.0553958 0.214087
-0.511223 -0.0584591 0.212164
-0.486606 -0.0612118 0.210235
-0.463147 -0.063601 0.208226
-0.440582 -0.0656095 0.206076
-0.41871 -0.0672419 0.203813
-0.397468 -0.0685329 0.201493
-0.376912 -0.0695561 0.199186
-0.35719 -0.0703888 0.196978
-0.338472 -0.0710802 0.194946
-0.320901 -0.0716571 0.193156
-0.304627 -0.0721254 0.191655
-0.289836 -0.0724808 0.19048
-0.276731 -0.0727319 0.189659
-0.26546 -0.0729102 0.189202
-0.256073 -0.0730546 0.189085
-0.248501 -0.0731861 0.189247
-0.24258 -0.0732992 0.189609
-0.238114 -0.0733792 0.190107
-0.234902 -0.0734201 0.190699
-0.232716 -0.0734321 0.191357
-0.231228 -0.0734355 0.192043
-0.229984 -0.0734398 0.192704
-0.228567 -0.0734326 0.193284
-0.226787 -0.0733897 0.19375
-0.224854 -0.0732924 0.194115
-0.223402 -0.0731325 0.194449
-0.223137 -0.0729025 0.194866
-0.224532 -0.0725876 0.195462
-0.227721 -0.072171 0.196269
-0.232513 -0.0716452 0.19725
-0.238638 -0.0710205 0.198327
-0.245918 -0.0703244 0.199431
-0.254257 -0.0695861 0.200537
-0.263622 -0.0688257 0.201644
-0.274011 -0.0680534 0.202757
-0.285439 -0.0672748 0.20387
-0.297895 -0.0664958 0.204976
-0.311268 -0.0657215 0.206047
-0.325313 -0.0649517 0.207037
-0.339653 -0.064178 0.207876
-0.353905 -0.0633847 0.208489
-0.367815 -0.0625565 0.208832
-0.381291 -0.0616845 0.208889
-0.394369 -0.0607663 0.20867
-0.407119 -0.0598052 0.20819
-0.419557 -0.0588235 0.207461
-0.431628 -0.0578519 0.206496
-0.443256 -0.056912 0.205298
-0.454409 -0.056052 0.203892
-0.465115 -0.0553433 0.202292
-0.475417 -0.0548409 0.200471
-0.485328 -0.0545258 0.198391
-0.494736 -0.054278 0.196082
-0.503529 -0.0539954 0.193617
-0.511732 -0.0536438 0.191033
-0.519482 -0.0531785 0.188385
-0.52703 -0.0525156 0.185728
-0.534677 -0.0515415 0.183079
-0.542732 -0.050154 0.180479
-0.551491 -0.0483243 0.178004
-0.561234 -0.0461132 0.175744
-0.57222 -0.0436231 0.173812
-0.584692 -0.0409525 0.172317
-0.598875 -0.0381737 0.171341
-0.614947 -0.0353405 0.170975
-0.633013 -0.032506 0.171296
-0.652998 -0.0297345 0.172349
-0.674611 -0.0270943 0.174128
-0.697392 -0.0246389 0.176596
-0.720768 -0.022396 0.179666
-0.74422 -0.0203403 0.183172
-0.767341 -0.0183889 0.186919
-0.789822 -0.016444 0.190721
-0.811505 -0.0144287 0.194461
-0.832417 -0.0122933 0.198078
-0.852806 -0.0100106 0.201551
-0.872949 -0.00758567 0.20493
-0.892957 -0.00507265 0.208296
-0.912736 -0.00257691 0.211712
-0.932036 -0.00023201 0.215205
-0.950609 0.00185549 0.218742
-0.968297 0.00364595 0.222254
-0.98499 0.00515543 0.225695
-1.00058 0.00640827 0.229039
-1.01493 0.00741845 0.232258
-1.02787 0.00820663 0.235325
-1.03925 0.00880354 0.238198
-1.04889 0.00926063 0.240812
-1.05658 0.00966068 0.243078
-1.06215 0.0101022 0.244912
-1.06557 0.0106561 0.246263
-1.06698 0.0113318 0.24713
-1.06679 0.0120717 0.247575
-1.0655 0.0127871 0.247645
-1.06364 0.0134169 0.247427
-1.06166 0.0139254 0.247044
-1.05992 0.0142718 0.246607
-1.05861 0.0144139 0.246237
-1.05782 0.0143162 0.246013
-1.05748 0.0139585 0.245981
-1.05747 0.0133541 0.246148
-1.05766 0.0125602 0.246494
-1.05797 0.0116648 0.246993
-1.05843 0.0107491 0.247623
-1.05913 0.00985623 0.248374
-1.06021 0.00899108 0.249253
-1.06177 0.00813682 0.250284
-1.06386 0.00726581 0.251504
-1.06649 0.00634342 0.252948
-1.06962 0.00532754 0.254637
-1.07326 0.00416866 0.256578
-1.07749 0.00281629 0.258767
-1.08244 0.00123303 0.261194
-1.0882 -0.000587526 0.263835
-1.0948 -0.00261365 0.26665
-1.10208 -0.00479015 0.269572
-1.10969 -0.00705743 0.272509
-1.11715 -0.00936194 0.275346
-1.12391 -0.0116572 0.277963
-1.12952 -0.0138951 0.280256
-1.13367 -0.0160286 0.282149
-1.13628 -0.0180242 0.283593
-1.13737 -0.0198706 0.284584
-1.13693 -0.0215894 0.285143
-1.13491 -0.0232363 0.285297
-1.13124 -0.0248798 0.285073
-1.12581 -0.0265824 0.284474
-1.11859 -0.0283839 0.283486
-1.10963 -0.030298 0.282104
-1.0991 -0.0323173 0.280344
-1.08728 -0.0344147 0.278245
-1.07448 -0.0365511 0.275857
-1.06102 -0.0386846 0.273229
-1.04712 -0.0407709 0.270405
-1.03294 -0.0427613 0.267409
-1.01859 -0.0446051 0.26427
-1.00413 -0.0462604 0.261026
-0.989577 -0.0477067 0.257707
-0.97487 -0.0489489 0.254338
-0.959889 -0.0500162 0.250927
-0.944522 -0.0509571 0.247473
-0.928729 -0.0518283 0.243975
-0.912562 -0.0526809 0.240446
-0.896171 -0.0535496 0.236908
-0.879766 -0.0544498 0.233399
-0.863589 -0.0553776 0.229966
-0.84789 -0.0563133 0.226652
-0.832913 -0.057225 0.223491
-0.818942 -0.0580691 0.220515
-0.806325 -0.0587901 0.217759
-0.795379 -0.0593249 0.215265
-0.786297 -0.0596097 0.21308
-0.779068 -0.05959 0.21124
-0.773435 -0.0592343 0.209748
-0.768974 -0.058548 0.208554
-0.765168 -0.0575794 0.20756
-0.76149 -0.0564033 0.206663
-0.757497 -0.0550782 0.205813
-0.752929 -0.0536424 0.204992
-0.747746 -0.0521577 0.204153
-0.742064 -0.0506929 0.203281
-0.736103 -0.0492863 0.202385
-0.730128 -0.0479559 0.201476
-0.724352 -0.0467106 0.200568
-0.718912 -0.0455495 0.199665
-0.713853 -0.0444626 0.19875
-0.709136 -0.0434401 0.197788
-0.704674 -0.0424725 0.196744
-0.700304 -0.0415365 0.195584
-0.695748 -0.0406015 0.194262
-0.690633 -0.0396483 0.192721
-0.684524 -0.0386752 0.190905
-0.67704 -0.0376931 0.188769
-0.667956 -0.0367176 0.186297
-0.657282 -0.03576 0.183519
-0.64529 -0.0348029 0.180531
-0.632457 -0.0337991 0.177452
-0.619346 -0.0327222 0.174352
-0.606499 -0.0315836 0.171299
-0.594447 -0.0304033 0.168384
-0.583692 -0.0291995 0.165685
-0.574635 -0.0279854 0.163262
-0.567462 -0.0267576 0.161149
-0.562071 -0.0255071 0.159357
-0.558157 -0.024249 0.157853
-0.555303 -0.0230235 0.15659
-0.553118 -0.0218656 0.155534
-0.551339 -0.0207851 0.154665
-0.549839 -0.0197707 0.153982
-0.548616 -0.0188059 0.153495
-0.547776 -0.0178728 0.153212
-0.547533 -0.0169546 0.153152
-0.548205 -0.0160374 0.153337
-0.55019 -0.0151045 0.1538
-0.55388 -0.0141356 0.154575
-0.55954 -0.0131138 0.155684
-0.567239 -0.0120393 0.15713
-0.576806 -0.0109365 0.158885
-0.587866 -0.00984844 0.160909
-0.599893 -0.00882724 0.163158
-0.612292 -0.00791751 0.165558
-0.624509 -0.00714312 0.168016
-0.636111 -0.00651108 0.170437
-0.646844 -0.00602365 0.17274
-0.656638 -0.00568197 0.174874
-0.665548 -0.00547862 0.176816
-0.673649 -0.00539254 0.178545
-0.680937 -0.00538805 0.180035
-0.687356 -0.0054176 0.181245
-0.692817 -0.00543425 0.182127
-0.697255 -0.00541295 0.182648
-0.700645 -0.00535603 0.182791
-0.702941 -0.00527762 0.182557
-0.704048 -0.00519296 0.181946
-0.703832 -0.00511542 0.180942
-0.702157 -0.00505903 0.179536
-0.69896 -0.00504402 0.177737
-0.694302 -0.00509659 0.175583
-0.688415 -0.00524068 0.173163
-0.681757 -0.00549457 0.170602
-0.674942 -0.00586903 0.168057
-0.668627 -0.0063746 0.165726
-0.663384 -0.00703191 0.163768
-0.659601 -0.0078407 0.162256
-0.657507 -0.00876575 0.161217
-0.657196 -0.00976168 0.160659
-0.658723 -0.0107849 0.160599
-0.662175 -0.0118038 0.161049
-0.6676 -0.0127971 0.162005
-0.674923 -0.0137421 0.163466
-0.683978 -0.0146001 0.165398
-0.694606 -0.0153217 0.167762
-0.706685 -0.0158745 0.170529
-0.720108 -0.016261 0.173637
-0.734712 -0.0165106 0.177045
-0.750242 -0.0166679 0.180722
-0.766406 -0.0167853 0.184591
-0.782914 -0.016919 0.188578
-0.799457 -0.0171293 0.192611
-0.815655 -0.017478 0.196613
-0.831042 -0.0180155 0.200496
-0.845121 -0.0187687 0.204171
-0.857484 -0.0197346 0.207553
-0.867919 -0.0208808 0.210559
-0.87641 -0.022155 0.213135
-0.883072 -0.0234956 0.215262
-0.888028 -0.0248419 0.216954
-0.891331 -0.0261394 0.218231
-0.893017 -0.0273434 0.219097
-0.893162 -0.0284214 0.219561
-0.891958 -0.0293525 0.219659
-0.889733 -0.0301287 0.219456
-0.886857 -0.0307562 0.219038
-0.883665 -0.0312531 0.218501
-0.880459 -0.0316503 0.217929
-0.877511 -0.0319866 0.217399
-0.875032 -0.0323025 0.216982
-0.873117 -0.0326341 0.216735
-0.871803 -0.0330058 0.216686
-0.871141 -0.0334265 0.216848
-0.871209 -0.0338914 0.217233
-0.872129 -0.0343837 0.217856
-0.874014 -0.034879 0.218726
-0.876911 -0.0353494 0.219843
-0.880807 -0.0357668 0.221183
-0.885656 -0.0361058 0.222713
-0.891406 -0.0363472 0.224398
-0.898024 -0.0364809 0.226218
-0.905465 -0.0365072 0.228158
-0.913624 -0.036435 0.230197
-0.922299 -0.0362801 0.2323
-0.931177 -0.0360618 0.23441
-0.939894 -0.0358007 0.236455
-0.948093 -0.0355148 0.238361
-0.955447 -0.0352176 0.240062
-0.961676 -0.0349162 0.241494
-0.966556 -0.0346114 0.242598
-0.96994 -0.0342997 0.243324
-0.971782 -0.033975 0.243642
-0.972147 -0.0336294 0.243548
-0.971177 -0.0332526 0.24306
-0.969049 -0.0328332 0.242206
-0.965941 -0.03236 0.241023
-0.962035 -0.0318244 0.239557
-0.957545 -0.0312232 0.237869
-0.952746 -0.0305577 0.236031
-0.947906 -0.0298312 0.234125
-0.943218 -0.0290481 0.232222
-0.938788 -0.0282135 0.23038
-0.93466 -0.0273338 0.228639
-0.930838 -0.0264183 0.227034
-0.92729 -0.0254796 0.225582
-0.923987 -0.0245312 0.224286
-0.920931 -0.0235838 0.223137
-0.918143 -0.0226443 0.222126
-0.915673 -0.0217146 0.221248
-0.913583 -0.0207941 0.220501
-0.911908 -0.0198806 0.219873
-0.910627 -0.0189709 0.219343
-0.909635 -0.0180617 0.218872
-0.908781 -0.0171506 0.218412
-0.907905 -0.0162358 0.217915
-0.906878 -0.0153151 0.217335
-0.905626 -0.0143857 0.216637
-0.904064 -0.0134442 0.215794
-0.902067 -0.0124874 0.214781
-0.899479 -0.0115144 0.213577
-0.896137 -0.0105274 0.212168
-0.891904 -0.00953206 0.210546
-0.886674 -0.0085356 0.208709
-0.880387 -0.00754611 0.206656
-0.873056 -0.00657365 0.204394
-0.864801 -0.00563112 0.201939
-0.855863 -0.00473175 0.199337
-0.846577 -0.00388718 0.196652
-0.837315 -0.003107 0.19396
-0.82843 -0.00239661 0.191341
-0.820232 -0.00175599 0.188876
-0.81295 -0.00118011 0.186648
-0.806705 -0.000661285 0.184718
-0.801499 -0.000191122 0.183111
-0.797202 0.000237799 0.181817
-0.793585 0.000634536 0.180789
-0.790384 0.00101208 0.179961
-0.787391 0.0013775 0.179272
-0.784502 0.00172972 0.178679
-0.781711 0.00206562 0.178149
-0.779071 0.00238109 0.17768
-0.776627 0.0026706 0.17729
-0.774431 0.0029237 0.177003
-0.772586 0.00312801 0.176834
-0.771242 0.0032741 0.176799
-0.770497 0.00334964 0.176912
-0.770329 0.00334059 0.177164
-0.770579 0.00323292 0.177552
-0.770947 0.00301482 0.178032
-0.771054 0.00268843 0.178522
-0.770482 0.00226663 0.17893
-0.768846 0.00176107 0.179157
-0.765878 0.00118185 0.179132
-0.761478 0.000540767 0.178824
-0.755717 -0.000154751 0.178234
-0.7488 -0.000900543 0.177389
-0.741029 -0.00168402 0.176334
-0.732767 -0.00248341 0.17513
-0.724407 -0.00328318 0.173848
-0.716317 -0.00408801 0.172565
-0.70879 -0.00491844 0.171364
-0.702027 -0.00579526 0.170304
-0.696146 -0.00672625 0.169419
-0.691217 -0.00770811 0.168731
-0.687284 -0.00873741 0.168261
-0.684364 -0.00981754 0.168029
-0.682434 -0.0109604 0.168058
-0.681406 -0.012177 0.168363
-0.681134 -0.0134609 0.168942
-0.681477 -0.0147818 0.169765
-0.682321 -0.0160979 0.17079
-0.683606 -0.0173752 0.17197
-0.685337 -0.0185929 0.17327
-0.687597 -0.0197388 0.174664
-0.690559 -0.0208049 0.17614
-0.694422 -0.0217859 0.177698
-0.699354 -0.0226828 0.179347
-0.705401 -0.0235082 0.181102
-0.71242 -0.0242891 0.182967
-0.720071 -0.0250636 0.18492
-0.727854 -0.0258701 0.186905
-0.735226 -0.0267356 0.188835
-0.741706 -0.0276719 0.190619
-0.746934 -0.0286803 0.192173
-0.7507 -0.0297557 0.193439
-0.752905 -0.0308898 0.19438
-0.753533 -0.0320709 0.194976
-0.752656 -0.0332806 0.195234
-0.750459 -0.0344927 0.195188
-0.747273 -0.0356778 0.194895
-0.743555 -0.0368102 0.194434
-0.73981 -0.037874 0.193885
-0.736528 -0.0388629 0.193334
-0.734097 -0.0397769 0.192857
-0.732734 -0.0406147 0.192507
-0.732453 -0.0413696 0.192314
-0.733063 -0.0420388 0.192276
-0.734253 -0.0426286 0.192369
-0.73569 -0.0431527 0.19256
-0.737152 -0.0436266 0.19283
-0.73863 -0.0440616 0.193176
-0.740307 -0.0444583 0.193623
-0.742485 -0.044804 0.194208
-0.745477 -0.0450765 0.194972
-0.749517 -0.0452533 0.19595
-0.754785 -0.0453222 0.197166
-0.761409 -0.0452818 0.198629
-0.769447 -0.0451379 0.200331
-0.778865 -0.0448977 0.202255
-0.789493 -0.0445665 0.204368
-0.801029 -0.0441483 0.206627
-0.813067 -0.0436482 0.208971
-0.825129 -0.0430747 0.211321
-0.836692 -0.0424415 0.213586
-0.8472 -0.0417675 0.21567
-0.856162 -0.0410713 0.217477
-0.863241 -0.040367 0.218925
-0.868303 -0.0396683 0.219955
-0.871415 -0.0389908 0.220541
-0.872802 -0.0383421 0.220697
-0.872794 -0.0377165 0.220464
-0.87176 -0.0371063 0.219903
-0.870057 -0.0365058 0.219085
-0.868021 -0.0359078 0.218082
-0.865948 -0.0353025 0.216962
-0.86406 -0.0346723 0.215788
-0.862497 -0.0339913 0.214614
-0.861322 -0.0332271 0.213486
-0.860555 -0.0323475 0.212437
-0.860157 -0.0313324 0.211495
-0.860019 -0.0301816 0.210673
-0.859963 -0.028918 0.209969
-0.859754 -0.027582 0.209369
-0.85921 -0.0262188 0.208845
-0.858296 -0.0248649 0.208381
-0.857159 -0.0235424 0.207977
-0.856131 -0.0222629 0.207648
-0.855619 -0.0210348 0.207423
-0.855997 -0.0198685 0.20734
-0.857539 -0.0187758 0.207426
-0.860374 -0.0177657 0.207697
-0.864477 -0.0168357 0.208152
-0.869686 -0.0159663 0.208765
-0.875735 -0.0151221 0.209489
-0.88231 -0.0142607 0.210266
-0.889078 -0.0133435 0.211045
-0.89572 -0.0123472 0.211786
-0.901952 -0.0112669 0.212449
-0.907545 -0.0101119 0.213009
-0.912345 -0.00890542 0.213457
-0.91631 -0.00767886 0.213797
-0.919479 -0.00646503 0.214056
-0.921946 -0.00529625 0.214271
-0.92384 -0.00420243 0.214467
-0.925278 -0.00321101 0.214652
-0.926372 -0.00234363 0.214812
-0.927225 -0.00161063 0.214927
-0.92792 -0.00100933 0.214973
-0.928502 -0.000523981 0.214929
-0.928948 -0.000127275 0.214776
-0.929166 0.00021551 0.214496
-0.929028 0.000541011 0.214074
-0.928422 0.000881753 0.213505
-0.927261 0.00126244 0.212791
-0.925478 0.0016988 0.211944
-0.92304 0.00219571 0.210981
-0.919949 0.00274502 0.209922
-0.916266 0.00332486 0.208793
-0.912124 0.0039022 0.207624
-0.907721 0.00443752 0.206456
-0.903302 0.00489077 0.205333
-0.89912 0.00522859 0.204311
-0.895416 0.00542798 0.203448
-0.892393 0.00547856 0.202791
-0.890199 0.005384 0.202371
-0.888911 0.0051592 0.2022
-0.888529 0.00482937 0.202271
-0.888967 0.0044292 0.202555
-0.890062 0.00399836 0.203008
-0.891611 0.00357578 0.203577
-0.893384 0.00319339 0.204204
-0.895129 0.00287156 0.204829
-0.896568 0.00261647 0.205394
-0.897432 0.0024207 0.205844
-0.897503 0.00226533 0.206133
-0.896658 0.0021228 0.206228
-0.89489 0.00196086 0.206117
-0.892273 0.00174547 0.205801
-0.888913 0.0014447 0.205294
-0.884915 0.00103303 0.204612
-0.880348 0.00049404 0.203773
-0.875267 -0.000176625 0.202789
-0.86973 -0.000969627 0.201672
-0.863813 -0.00186303 0.200434
-0.857632 -0.00282486 0.1991
-0.851292 -0.00381816 0.197706
-0.84485 -0.00480719 0.196289
-0.838332 -0.00576231 0.194876
-0.831746 -0.00666399 0.193486
-0.82512 -0.00750425 0.192132
-0.818547 -0.00828642 0.190833
-0.812172 -0.00902411 0.189625
-0.806185 -0.00973848 0.188555
-0.80079 -0.0104547 0.18767
-0.796161 -0.011198 0.187008
-0.792407 -0.0119902 0.186596
-0.789543 -0.0128468 0.186439
-0.787538 -0.013776 0.18653
-0.786362 -0.0147777 0.186856
-0.785983 -0.0158422 0.187398
-0.786348 -0.016952 0.188131
-0.787358 -0.018087 0.189014
-0.788842 -0.0192229 0.190001
-0.790571 -0.0203305 0.191054
-0.792301 -0.0213866 0.192126
-0.793781 -0.0223811 0.193159
-0.794718 -0.0233145 0.194079
-0.794859 -0.0241918 0.194823
-0.794091 -0.0250235 0.195358
-0.792445 -0.0258282 0.19567
-0.790044 -0.026629 0.195775
-0.787026 -0.0274499 0.195698
-0.783477 -0.0283105 0.195469
-0.779425 -0.0292262 0.195113
-0.774864 -0.0302094 0.194645
-0.769793 -0.031265 0.194074
-0.764231 -0.0323875 0.193412
-0.758238 -0.0335604 0.192667
-0.751915 -0.0347594 0.191852
-0.745379 -0.0359552 0.190987
-0.738742 -0.0371188 0.19009
-0.732116 -0.0382235 0.189181
-0.72564 -0.0392468 0.188288
-0.719466 -0.0401744 0.187449
-0.713758 -0.0409983 0.186702
-0.708689 -0.0417159 0.186086
-0.704433 -0.0423302 0.185636
-0.701163 -0.0428489 0.185379
-0.699029 -0.0432833 0.185339
-0.698135 -0.0436455 0.185529
-0.698517 -0.0439458 0.185961
-0.70015 -0.0441918 0.186637
-0.702969 -0.0443874 0.187554
-0.706885 -0.0445334 0.188702
-0.711807 -0.0446269 0.190063
-0.717631 -0.0446597 0.191613
-0.724239 -0.04462 0.193319
-0.731507 -0.0444948 0.195145
-0.739303 -0.0442737 0.19705
-0.747501 -0.0439494 0.198992
-0.755973 -0.043517 0.20093
-0.764577 -0.0429781 0.202822
-0.773147 -0.0423405 0.204631
-0.781495 -0.0416179 0.206318
-0.789413 -0.0408295 0.207843
-0.79667 -0.0399976 0.209161
-0.803008 -0.0391459 0.210223
-0.808184 -0.0382986 0.210982
-0.812004 -0.0374764 0.211393
-0.814342 -0.0366954 0.211429
-0.815149 -0.035965 0.211074
-0.814439 -0.0352888 0.210329
-0.812283 -0.0346651 0.209211
-0.808785 -0.0340881 0.207747
-0.804074 -0.0335481 0.205974
-0.798297 -0.0330282 0.203932
-0.79162 -0.0325075 0.201667
-0.784241 -0.0319626 0.199224
-0.776379 -0.0313658 0.196653
-0.768269 -0.0306901 0.194003
-0.760129 -0.0299172 0.191316
-0.752179 -0.0290397 0.188634
-0.744673 -0.0280605 0.186016
-0.737874 -0.0269925 0.183529
-0.73203 -0.0258555 0.181244
-0.727372 -0.0246711 0.179236
-0.724107 -0.0234596 0.177571
-0.722415 -0.0222365 0.176306
-0.722439 -0.0210106 0.175477
-0.724281 -0.0197872 0.175102
-0.727993 -0.0185692 0.175189
-0.733552 -0.0173563 0.175729
-0.740834 -0.0161448 0.176701
-0.749607 -0.0149282 0.178055
-0.759542 -0.0137009 0.179724
-0.770258 -0.0124587 0.181626
-0.78138 -0.0112 0.183678
-0.792582 -0.00993545 0.18581
-0.803584 -0.00868828 0.187946
-0.814145 -0.00748573 0.190024
-0.82406 -0.00635991 0.191992
-0.833129 -0.00533913 0.193801
-0.84117 -0.00444596 0.195411
-0.848049 -0.00369622 0.196779
-0.853684 -0.00309198 0.19787
-0.858018 -0.00262284 0.198659
-0.861009 -0.00226769 0.19912
-0.862605 -0.00199858 0.199232
-0.862726 -0.00178518 0.198976
-0.861302 -0.00160071 0.19834
-0.8583 -0.0014231 0.197319
-0.853737 -0.00123419 0.195933
-0.8477 -0.0010237 0.19422
-0.840384 -0.000789363 0.192237
-0.832109 -0.000540342 0.190065
-0.823297 -0.00029914 0.18781
-0.81445 -9.46163e-05 0.185585
-0.806082 4.55957e-05 0.183508
-0.798688 9.49499e-05 0.181704
-0.792672 3.34953e-05 0.180265
-0.788299 -0.000140834 0.179261
-0.785728 -0.000426352 0.178743
-0.785003 -0.000816105 0.178726
-0.786049 -0.00129084 0.179205
-0.788689 -0.00182505 0.18014
-0.792721 -0.00238412 0.181476
-0.797944 -0.00293398 0.183149
-0.804189 -0.00344325 0.185098
-0.811355 -0.00388624 0.187271
-0.819377 -0.00424815 0.189632
-0.82819 -0.004525 0.192154
-0.837687 -0.00472593 0.194816
-0.847686 -0.00487264 0.197584
-0.857913 -0.00500024 0.200403
-0.868008 -0.00515426 0.203204
-0.877579 -0.00537946 0.205905
-0.886268 -0.00570975 0.20842
-0.893757 -0.00616379 0.21066
-0.899793 -0.00673948 0.212551
-0.904182 -0.00741883 0.21403
-0.906801 -0.00817704 0.215048
-0.907608 -0.00898716 0.21558
-0.906653 -0.00982061 0.215629
-0.904052 -0.0106478 0.215223
-0.899955 -0.0114431 0.214409
-0.894528 -0.0121867 0.213241
-0.887944 -0.0128687 0.211779
-0.880378 -0.0134905 0.210077
-0.871996 -0.0140627 0.20819
-0.862971 -0.0146035 0.206168
-0.853492 -0.0151356 0.204061
-0.843772 -0.0156822 0.201924
-0.834062 -0.0162623 0.199821
-0.824628 -0.0168889 0.197814
-0.815737 -0.0175652 0.195966
-0.807612 -0.0182859 0.194332
-0.800399 -0.0190375 0.19295
-0.794184 -0.0197998 0.191831
-0.789007 -0.0205494 0.190969
-0.784866 -0.0212622 0.190342
-0.78172 -0.0219152 0.189922
-0.779484 -0.0224886 0.189675
-0.77804 -0.0229701 0.189564
-0.77726 -0.0233574 0.189558
-0.777044 -0.0236583 0.189634
-0.777341 -0.0238882 0.189789
-0.778163 -0.0240689 0.190034
-0.779569 -0.0242243 0.190391
-0.781644 -0.0243764 0.190894
-0.784433 -0.0245433 0.191572
-0.787876 -0.024736 0.192439
-0.791796 -0.0249616 0.193471
-0.795899 -0.0252263 0.194614
-0.79981 -0.0255305 0.19578
-0.803112 -0.0258634 0.196872
-0.805417 -0.0262093 0.197794
-0.806416 -0.0265581 0.198448
-0.8059 -0.0269048 0.198755
-0.80378 -0.0272437 0.19867
-0.800097 -0.0275715 0.19819
-0.795013 -0.0278919 0.19734
-0.788774 -0.0282145 0.196176
-0.781677 -0.0285512 0.194766
-0.774032 -0.0289119 0.193186
-0.766133 -0.0293033 0.191509
-0.758217 -0.0297279 0.189796
-0.75044 -0.0301837 0.188097
-0.742872 -0.0306624 0.186448
-0.735518 -0.0311491 0.184873
-0.728368 -0.0316285 0.183383
-0.721443 -0.0320897 0.181991
-0.714807 -0.0325275 0.180721
-0.708592 -0.0329426 0.179611
-0.702992 -0.033335 0.178705
-0.698253 -0.0336948 0.178051
-0.694657 -0.0340025 0.177694
-0.692491 -0.0342367 0.177673
-0.69203 -0.0343814 0.178016
-0.693523 -0.0344288 0.178748
-0.69715 -0.0343776 0.179883
-0.702979 -0.0342286 0.181422
-0.710926 -0.0339826 0.183351
-0.720738 -0.0336421 0.185631
-0.732023 -0.0332173 0.188207
-0.744294 -0.0327257 0.190996
-0.757011 -0.0321837 0.1939
-0.769639 -0.0316046 0.19682
-0.781697 -0.0310028 0.199652
-0.79279 -0.0303943 0.202289
-0.802615 -0.0297894 0.204633
-0.810965 -0.0291969 0.206631
-0.817746 -0.0286358 0.208246
-0.822999 -0.0281179 0.209446
-0.826861 -0.0276364 0.210228
-0.829508 -0.0271815 0.21062
-0.831134 -0.0267488 0.210659
-0.831892 -0.0263383 0.210379
-0.831857 -0.0259532 0.20981
-0.831021 -0.0255931 0.208969
-0.829322 -0.025248 0.207863
-0.826685 -0.0248982 0.206505
-0.823059 -0.0245272 0.204915
-0.818453 -0.0241243 0.203115
-0.812955 -0.0236774 0.201148
-0.806747 -0.0231764 0.199063
-0.800118 -0.0226172 0.19692
-0.793435 -0.0220033 0.194787
-0.787095 -0.0213435 0.19275
-0.781497 -0.0206473 0.190894
-0.776987 -0.0199196 0.189293
-0.773832 -0.0191592 0.188
-0.772225 -0.0183666 0.187047
-0.772281 -0.0175457 0.186456
-0.774025 -0.0166979 0.186234
-0.777389 -0.0158212 0.186365
-0.782211 -0.0149129 0.186818
-0.78825 -0.0139701 0.187548
-0.795219 -0.0129911 0.188506
-0.802812 -0.0119817 0.18964
-0.810712 -0.0109559 0.190895
-0.818598 -0.00993159 0.192217
-0.826197 -0.00892867 0.193554
-0.833332 -0.00796925 0.194849
-0.839926 -0.00707781 0.196064
-0.845992 -0.00627964 0.197181
-0.851571 -0.0055992 0.198197
-0.856678 -0.00505569 0.199115
-0.861284 -0.00465681 0.199927
-0.865299 -0.00439398 0.200617
-0.868607 -0.00424461 0.201158
-0.87109 -0.00418059 0.201522
-0.872654 -0.0041731 0.20168
-0.873237 -0.00419142 0.201608
-0.872805 -0.00420462 0.201292
-0.87135 -0.00418744 0.200733
-0.868893 -0.00412401 0.199944
-0.86548 -0.0040107 0.198947
-0.861209 -0.00385745 0.197778
-0.856253 -0.00368684 0.196486
-0.850864 -0.00353176 0.195138
-0.845349 -0.00343014 0.193813
-0.840052 -0.00341627 0.192593
-0.835328 -0.0035149 0.191551
-0.831476 -0.0037394 0.190749
-0.828688 -0.00409305 0.190236
-0.827032 -0.00457001 0.190041
-0.826452 -0.00515271 0.190164
-0.826836 -0.00581339 0.190586
-0.828071 -0.00651875 0.191273
-0.830061 -0.00723498 0.192189
-0.832724 -0.00793176 0.1933
-0.835979 -0.00858649 0.194575
-0.839727 -0.00918762 0.195984
-0.84385 -0.00973487 0.197497
-0.848207 -0.0102378 0.199083
-0.852668 -0.0107135 0.200707
-0.857144 -0.0111842 0.20234
-0.8616 -0.0116749 0.203966
-0.866051 -0.0122092 0.205576
-0.870517 -0.0128054 0.207164
-0.874979 -0.0134739 0.20872
-0.879352 -0.0142142 0.210227
-0.883474 -0.015015 0.211658
-0.887129 -0.0158552 0.212979
-0.89007 -0.016709 0.214142
-0.892065 -0.0175505 0.215092
-0.892938 -0.0183562 0.215782
-0.892585 -0.019108 0.216174
-0.890982 -0.0197946 0.216251
-0.888163 -0.0204131 0.216014
-0.884187 -0.0209686 0.215473
-0.879127 -0.0214738 0.214652
-0.873071 -0.021947 0.213578
-0.866137 -0.0224099 0.212285
-0.858486 -0.0228833 0.210813
-0.850307 -0.0233831 0.209203
-0.84178 -0.0239177 0.207492
-0.833072 -0.0244866 0.20571
-0.824319 -0.0250805 0.203877
-0.815642 -0.0256831 0.202015
-0.807152 -0.0262729 0.200148
-0.798944 -0.0268267 0.198303
-0.791086 -0.0273222 0.19651
-0.783619 -0.027741 0.194796
-0.776555 -0.0280713 0.193179
-0.769919 -0.0283079 0.191671
-0.763783 -0.0284518 0.190286
-0.758265 -0.0285089 0.189043
-0.753525 -0.028489 0.187969
-0.749712 -0.0284044 0.187095
-0.746932 -0.0282689 0.186451
-0.745241 -0.028096 0.186057
-0.744556 -0.0279011 0.185915
-0.74463 -0.0277037 0.185993
-0.745238 -0.0275162 0.186238
-0.746235 -0.02734 0.1866
