1.21994e-06 -2.15485e-07 -0.0613356
-5.15458e-05 -2.17767e-07 -0.061336
-0.000257535 -2.62803e-07 -0.0613374
-0.000653428 -5.83902e-07 -0.0613407
-0.00121641 -1.73892e-06 -0.0613471
-0.00192516 -4.09454e-06 -0.0613609
-0.00276954 -6.82861e-06 -0.0613909
-0.00376426 -8.12388e-06 -0.0614427
-0.00493527 -6.37776e-06 -0.0615055
-0.00630396 -1.97361e-08 -0.0615563
-0.00791894 1.30502e-05 -0.0615797
-0.00988053 3.40533e-05 -0.0615786
-0.0123117 6.23327e-05 -0.0615688
-0.0152818 9.64121e-05 -0.0615715
-0.0187834 0.000134486 -0.0616054
-0.0227733 0.000174503 -0.0616799
-0.0271713 0.000215871 -0.0617959
-0.0318536 0.000260758 -0.0619438
-0.0366645 0.000313558 -0.0620988
-0.0414261 0.000380022 -0.0622283
-0.045941 0.000466015 -0.0623038
-0.0500378 0.000575547 -0.0623077
-0.0536254 0.000709109 -0.0622401
-0.0566824 0.000862564 -0.0621195
-0.0592484 0.00102669 -0.0619759
-0.0613374 0.00118822 -0.0618418
-0.0628587 0.00133266 -0.0617463
-0.0637062 0.00144777 -0.0617138
-0.0638474 0.00152657 -0.0617579
-0.0633474 0.00156891 -0.0618702
-0.0623584 0.0015809 -0.0620143
-0.0610297 0.00157224 -0.0621367
-0.0594584 0.00155354 -0.0621952
-0.0577246 0.00153379 -0.0621877
-0.0559026 0.00151786 -0.062149
-0.0540849 0.00150579 -0.0621217
-0.0523993 0.00149378 -0.0621281
-0.050964 0.00147546 -0.0621553
-0.0498703 0.00144445 -0.0621687
-0.0491482 0.00139746 -0.0621441
-0.0487315 0.00133515 -0.0620857
-0.0484496 0.00126176 -0.0620193
-0.0479859 0.00118367 -0.0619718
-0.0470089 0.00110695 -0.0619463
-0.0453281 0.0010357 -0.061919
-0.0428879 0.000970734 -0.0618572
-0.0397621 0.000907713 -0.0617351
-0.0360207 0.000837251 -0.0615489
-0.0316048 0.000747898 -0.0613308
-0.026487 0.000629474 -0.0611432
-0.0208239 0.000475823 -0.0610529
-0.0148465 0.000287528 -0.061096
-0.00873001 7.24706e-05 -0.0612544
-0.00260392 -0.000156268 -0.0614659
0.00340389 -0.000381639 -0.0616633
0.009175 -0.000584309 -0.0618085
0.0146573 -0.000748186 -0.0618838
0.0199152 -0.000864509 -0.061871
0.0251498 -0.000930607 -0.0617589
0.0305481 -0.000949446 -0.0615581
0.0361253 -0.000930486 -0.0612925
0.0417929 -0.000886798 -0.0609903
0.0474248 -0.000832535 -0.0606753
0.0529308 -0.000783364 -0.0603606
0.0583194 -0.000754818 -0.060065
0.0636321 -0.000759035 -0.0598273
0.068879 -0.000803431 -0.0596939
0.073878 -0.000890315 -0.0596957
0.0781328 -0.00101687 -0.0598288
0.0811723 -0.00117643 -0.0600486
0.0828615 -0.00135965 -0.0602936
0.0832806 -0.0015544 -0.0605308
0.0825879 -0.00174409 -0.0607805
0.0808876 -0.00190763 -0.0610853
0.0782129 -0.00202404 -0.0614381
0.0747258 -0.00207687 -0.0617388
0.0707881 -0.0020544 -0.0618469
0.0666439 -0.00195142 -0.0616872
0.0621114 -0.00177385 -0.0612985
0.0568156 -0.00153892 -0.0607957
0.0504866 -0.00127375 -0.0603104
0.0432455 -0.0010148 -0.0599367
0.0357608 -0.000798975 -0.0597364
0.0288107 -0.000650266 -0.0597861
0.0229373 -0.000573481 -0.0601385
0.0182958 -0.000553705 -0.0607415
0.0146084 -0.000560453 -0.0614157
0.0114938 -0.000558873 -0.0619037
0.00862781 -0.000520241 -0.0620098
0.00567325 -0.00042694 -0.0617525
0.00225126 -0.000278171 -0.0613642
-0.00203297 -9.00824e-05 -0.0611446
-0.00743479 0.000111411 -0.0612835
-0.0140237 0.000299065 -0.0617521
-0.0218261 0.00045627 -0.0623493
-0.0307797 0.000587041 -0.0628621
-0.0406041 0.000714471 -0.0631634
-0.0508257 0.000872215 -0.0632247
-0.060725 0.00109405 -0.0630852
-0.0696954 0.00140019 -0.0627937
-0.077713 0.00178613 -0.0623867
-0.0850006 0.00222032 -0.0619065
-0.0917155 0.00264935 -0.061417
-0.09789 0.00300819 -0.0610231
-0.103343 0.00323704 -0.0608573
-0.107908 0.00330106 -0.0610266
-0.11161 0.00319981 -0.0615418
-0.114592 0.00296532 -0.0622796
-0.117064 0.00265829 -0.0630557
-0.119224 0.00235351 -0.0637166
-0.121158 0.00211623 -0.0641671
-0.122814 0.0019897 -0.0643851
-0.123984 0.00198904 -0.0644206
-0.124418 0.00209974 -0.0643133
-0.123983 0.00228636 -0.064057
-0.122555 0.00250417 -0.0636653
-0.119929 0.00271267 -0.0631712
-0.115843 0.00288527 -0.0626222
-0.11005 0.00300921 -0.0620858
-0.102618 0.00308268 -0.0616234
-0.0940684 0.00310792 -0.0612633
-0.084908 0.0030807 -0.0609926
-0.0753454 0.00298695 -0.0607813
-0.0656207 0.00280698 -0.0606603
-0.0562377 0.00252049 -0.0607293
-0.047738 0.00211667 -0.06107
-0.0404011 0.00160537 -0.0616853
-0.0341704 0.00101844 -0.0624647
-0.0286622 0.00041123 -0.0632396
-0.0237005 -0.000139678 -0.0638819
-0.0197696 -0.000557239 -0.0643036
-0.017458 -0.000783773 -0.0644053
-0.0169525 -0.000797277 -0.0640875
-0.0180134 -0.000623889 -0.0633337
-0.0200969 -0.000324038 -0.0622893
-0.0226959 2.42254e-05 -0.061249
-0.0254778 0.00033898 -0.0605041
-0.028101 0.000556223 -0.0602041
-0.0302013 0.000642933 -0.0602871
-0.0315128 0.000599186 -0.0605551
-0.0319568 0.000457394 -0.0608212
-0.0318113 0.000269499 -0.0610326
-0.0316809 8.49917e-05 -0.0612504
-0.032125 -6.10971e-05 -0.0615425
-0.0334731 -0.000157576 -0.0619212
-0.0359678 -0.000214118 -0.0623676
-0.0399181 -0.000245334 -0.0628704
-0.0456747 -0.000258366 -0.0634108
-0.0534019 -0.000240896 -0.0639499
-0.0628471 -0.000160055 -0.0643996
-0.0732591 2.19806e-05 -0.0646746
-0.0837805 0.000337821 -0.0646458
-0.0940395 0.000813959 -0.0643094
-0.104028 0.00145041 -0.0638041
-0.113363 0.00220482 -0.0631838
-0.121142 0.00301294 -0.0624144
-0.126793 0.00379897 -0.0615038
-0.130648 0.0044443 -0.0603828
-0.133025 0.00490227 -0.059257
-0.133359 0.00523268 -0.0584651
-0.131435 0.00544221 -0.0581886
-0.12807 0.00548173 -0.0584298
-0.123567 0.00532917 -0.0592046
-0.117496 0.00503099 -0.0604711
-0.10999 0.00461235 -0.0620057
-0.101918 0.0040942 -0.063455
-0.0948023 0.00357126 -0.0644762
-0.0903565 0.00314144 -0.0650404
-0.0894074 0.00285862 -0.0649331
-0.0920419 0.00273191 -0.0641801
-0.0980993 0.00272116 -0.0632562
-0.106876 0.00276521 -0.0626416
-0.117329 0.00282374 -0.0625849
-0.12889 0.00284751 -0.0630547
-0.141389 0.0028181 -0.0637153
-0.154709 0.00275989 -0.0642662
-0.168849 0.00270366 -0.0644714
-0.183344 0.00268981 -0.0640643
-0.197068 0.00278578 -0.0631031
-0.209155 0.00301451 -0.0617746
-0.219002 0.0033412 -0.0603901
-0.225851 0.00366758 -0.0593955
-0.229052 0.00394782 -0.0593216
-0.228706 0.00415628 -0.0599226
-0.225627 0.00420259 -0.060908
-0.220341 0.00412517 -0.0621489
-0.213201 0.00395529 -0.0633556
-0.204678 0.00375835 -0.0642674
-0.194892 0.00363391 -0.0648134
-0.184078 0.00364938 -0.0650415
-0.172939 0.00385324 -0.0649311
-0.16175 0.00425109 -0.0646507
-0.150496 0.00479494 -0.0642067
-0.13928 0.00536526 -0.0635842
-0.127492 0.00587903 -0.0628657
-0.114323 0.00626333 -0.0622358
-0.0997596 0.00645948 -0.0616821
-0.0839596 0.00645497 -0.0610901
-0.0670425 0.00634154 -0.0603725
-0.0496027 0.00617786 -0.0594479
-0.0319975 0.00595135 -0.0582348
-0.0136809 0.00568541 -0.0569691
0.00586674 0.00533876 -0.05606
0.0268902 0.00483896 -0.0557986
0.050253 0.0041136 -0.0563469
0.0766635 0.00312082 -0.0575452
0.105466 0.00184174 -0.0589739
0.135027 0.00026615 -0.060014
0.163457 -0.00143576 -0.0606139
0.189206 -0.00306872 -0.0607659
0.211194 -0.00454512 -0.0607209
0.228865 -0.00584155 -0.0607106
0.242427 -0.0069886 -0.0608159
0.25228 -0.00800005 -0.0611278
0.258598 -0.00896397 -0.0620434
0.261558 -0.00990316 -0.0634423
0.26096 -0.0108018 -0.064533
0.256472 -0.011644 -0.0649132
0.24832 -0.0123656 -0.0645447
0.237309 -0.0128873 -0.0634969
0.22427 -0.0130912 -0.0621323
0.209633 -0.0130092 -0.0610433
0.194469 -0.012683 -0.0603593
0.180198 -0.0121312 -0.0601947
0.166991 -0.0114272 -0.0604357
0.153992 -0.0106648 -0.0606965
0.140179 -0.009939 -0.0607159
0.125148 -0.00927508 -0.0606059
0.109457 -0.00867128 -0.0605667
0.0939837 -0.0080644 -0.0608287
0.0794516 -0.0073651 -0.0616203
0.0656987 -0.00653444 -0.0629029
0.0516279 -0.00549961 -0.0642795
0.0359585 -0.00416983 -0.0654349
0.0167441 -0.00256724 -0.0659971
-0.00780362 -0.000786518 -0.065623
-0.0379288 0.00106757 -0.0643543
-0.0731237 0.00287746 -0.0627687
-0.112542 0.00452054 -0.0616533
-0.15477 0.00592728 -0.0614148
-0.198179 0.00716435 -0.0623129
-0.241412 0.0083263 -0.0641224
-0.283651 0.00945317 -0.065718
-0.323977 0.0106712 -0.0662985
-0.361444 0.0120394 -0.0657957
-0.395711 0.0135035 -0.0643156
-0.426073 0.0150192 -0.0621884
-0.45169 0.0164773 -0.0593772
-0.472987 0.0177697 -0.0554447
-0.490548 0.0188024 -0.0507775
-0.504119 0.0194898 -0.0470106
-0.514055 0.0197886 -0.0452576
-0.521821 0.019683 -0.0452355
-0.527916 0.0192222 -0.0470725
-0.53108 0.0185559 -0.0509181
-0.531025 0.0178014 -0.0559258
-0.52913 0.0170565 -0.0606403
-0.5259 0.0164352 -0.0641113
-0.521075 0.0159587 -0.0659726
-0.51548 0.0155818 -0.0663912
-0.509733 0.0151868 -0.065946
-0.502798 0.0147795 -0.0647708
-0.494522 0.0142911 -0.0634397
-0.485565 0.0135128 -0.0624005
-0.475155 0.0125826 -0.0616341
-0.463252 0.011506 -0.0610866
-0.450864 0.0102736 -0.0606743
-0.437925 0.00906059 -0.0604734
-0.424047 0.00793935 -0.0604288
-0.409952 0.00704097 -0.0602614
-0.396598 0.00634363 -0.0596928
-0.383271 0.00583372 -0.0588966
-0.36886 0.00549079 -0.0579246
-0.352889 0.00523493 -0.0563893
-0.333681 0.00500344 -0.0544463
-0.309343 0.00468934 -0.0531767
-0.280581 0.00425631 -0.0533597
-0.249431 0.00368314 -0.0548242
-0.216318 0.00299345 -0.0572061
-0.180715 0.00225569 -0.0601641
-0.143037 0.00150802 -0.0627211
-0.104014 0.000776964 -0.0639563
-0.0637788 0.000119518 -0.0642532
-0.0228983 -0.000328639 -0.0640753
0.0175915 -0.000512302 -0.0639945
0.0577507 -0.000496792 -0.0637646
0.0980689 -0.000328216 -0.0629496
0.138019 -0.000145509 -0.0619336
0.177143 -5.7216e-05 -0.06081
0.21513 -9.02675e-05 -0.0596156
0.250704 -0.000309884 -0.0589259
0.282988 -0.000741494 -0.0590534
0.312361 -0.00136096 -0.0592469
0.338909 -0.00215169 -0.0590734
0.362245 -0.00310385 -0.0587458
0.382608 -0.00415042 -0.0583707
0.400087 -0.00523495 -0.0579747
0.414021 -0.0063545 -0.0580254
0.424414 -0.00747938 -0.0586862
0.431713 -0.00856258 -0.059522
0.435255 -0.0096195 -0.0603729
0.434528 -0.01067 -0.0613466
0.430329 -0.0116813 -0.0622543
0.422956 -0.0126553 -0.0629271
0.411925 -0.0136153 -0.0635388
0.397257 -0.0144994 -0.0641957
0.378736 -0.0152315 -0.0646667
0.355818 -0.0158266 -0.0649297
0.329021 -0.0162542 -0.0648868
0.299232 -0.0164424 -0.0644991
0.266659 -0.0163959 -0.0640562
0.231668 -0.0161066 -0.0638599
0.195014 -0.0155735 -0.0639933
0.157076 -0.0148194 -0.0643179
0.118131 -0.0138431 -0.0645982
0.0790469 -0.0126564 -0.0644943
0.0405092 -0.0112671 -0.063803
0.00212099 -0.00977013 -0.0624824
-0.0363423 -0.00820894 -0.0608746
-0.0741563 -0.00650782 -0.059749
-0.111268 -0.00468711 -0.059456
-0.148449 -0.00282259 -0.0593334
-0.185546 -0.000947324 -0.0592149
-0.221743 0.000958173 -0.0595526
-0.257165 0.00288355 -0.0603249
-0.292224 0.00481292 -0.0612022
-0.326233 0.00678647 -0.0621652
-0.358266 0.00881902 -0.0632229
-0.38796 0.0108847 -0.0637661
-0.414543 0.0129608 -0.0633682
-0.436662 0.0150406 -0.0622131
-0.453479 0.0170926 -0.060671
-0.464482 0.0190315 -0.0587865
-0.468372 0.0207884 -0.0567226
-0.463552 0.0223068 -0.0547715
-0.448968 0.0235118 -0.0528712
-0.423433 0.0243738 -0.0507349
-0.385176 0.0249121 -0.048432
-0.33278 0.0251286 -0.0461085
-0.265506 0.025006 -0.0437301
-0.182426 0.0245635 -0.0413773
-0.0824802 0.0238392 -0.0391225
0.0346347 0.0228257 -0.0369985
0.168783 0.021498 -0.0346661
0.320104 0.0198516 -0.0321259
0.488797 0.0178658 -0.0292188
0.674852 0.0155118 -0.0255182
0.877976 0.0127551 -0.0205254
1.09707 0.00957081 -0.0143417
1.33065 0.00598721 -0.00727434
1.57856 0.00192997 0.000764133
1.84075 -0.0027325 0.0110906
2.11639 -0.00790474 0.0242849
2.40553 -0.0133679 0.040352
2.7074 -0.0189456 0.059398
3.02025 -0.0245377 0.0806071
3.34445 -0.0300817 0.103329
3.68142 -0.035531 0.127347
4.03132 -0.0408614 0.152811
4.3943 -0.0460117 0.179162
4.77128 -0.050977 0.20628
5.16222 -0.055839 0.23475
5.56592 -0.0606292 0.26479
5.98174 -0.0653584 0.296137
6.40959 -0.0701432 0.328946
6.84904 -0.0751145 0.363312
7.29943 -0.0803945 0.398797
7.76025 -0.0860936 0.43476
8.23083 -0.0922699 0.470903
8.70969 -0.0989907 0.506814
9.1947 -0.106287 0.541782
9.68316 -0.11416 0.575263
10.1712 -0.122607 0.607102
10.6544 -0.131585 0.637218
11.1282 -0.14101 0.66554
11.5881 -0.150772 0.692273
12.0299 -0.160767 0.717671
12.4495 -0.170883 0.741729
12.8436 -0.181004 0.764387
13.2092 -0.191043 0.785604
13.5439 -0.200943 0.805269
13.8454 -0.210655 0.822991
14.1112 -0.220153 0.838251
14.3392 -0.229488 0.850532
14.5273 -0.238762 0.85929
14.674 -0.248082 0.864034
14.7778 -0.257595 0.864153
14.8375 -0.267358 0.85914
14.8521 -0.277309 0.848319
14.8211 -0.287468 0.831419
14.7447 -0.297798 0.808777
14.6226 -0.308167 0.779997
14.4536 -0.318504 0.743507
14.2385 -0.328756 0.697603
13.9835 -0.338927 0.643399
13.6994 -0.348939 0.5852
13.4017 -0.358579 0.529128
13.1039 -0.36767 0.480401
12.8121 -0.376133 0.441006
12.5265 -0.383963 0.407847
12.2432 -0.391041 0.373178
11.9582 -0.397175 0.331066
11.6701 -0.402131 0.28231
11.3791 -0.405639 0.230757
11.0859 -0.407472 0.177316
10.7919 -0.407349 0.123017
10.5007 -0.404945 0.070842
10.2173 -0.40017 0.0249193
9.94587 -0.392871 0.011028
9.6864 -0.384219 0.0504346
9.43008 -0.376723 0.113109
9.16386 -0.369576 0.174327
8.88261 -0.361038 0.228789
8.59292 -0.352136 0.268237
8.30237 -0.344106 0.29182
8.00975 -0.337869 0.299667
7.70808 -0.333828 0.290395
7.39005 -0.332001 0.260976
7.05268 -0.332227 0.214032
6.6988 -0.334188 0.15324
6.33193 -0.337558 0.0798098
5.95067 -0.34139 -0.00434169
5.54794 -0.344388 -0.08872
5.11641 -0.346419 -0.167666
4.65748 -0.347638 -0.228871
4.17725 -0.347368 -0.256427
3.66924 -0.34569 -0.250984
3.11854 -0.341087 -0.226234
2.52811 -0.332143 -0.191866
1.9197 -0.320247 -0.145943
1.30219 -0.306229 -0.0893745
0.66156 -0.290811 -0.0330566
-0.0151308 -0.27442 0.0149004
-0.728137 -0.256614 0.0605462
-1.47225 -0.237567 0.103228
-2.23876 -0.217428 0.138279
-3.01586 -0.196473 0.161765
-3.7961 -0.175449 0.175693
-4.57855 -0.155109 0.184128
-5.36108 -0.135516 0.187685
-6.13903 -0.116149 0.187951
-6.91072 -0.0969619 0.187714
-7.67722 -0.0782445 0.193039
-8.4383 -0.0588999 0.20781
-9.19376 -0.0371958 0.227517
-9.94589 -0.0133884 0.251479
-10.6952 0.0119238 0.282843
-11.4407 0.0388458 0.326279
-12.1818 0.0666704 0.381546
-12.9164 0.0947515 0.444654
-13.6422 0.122484 0.515783
-14.3588 0.149268 0.589945
-15.0697 0.174051 0.663228
-15.7742 0.1957 0.73624
-16.4623 0.215703 0.810649
-17.1313 0.233655 0.886281
-17.7848 0.248516 0.963438
-18.4234 0.261595 1.03516
-19.0472 0.27284 1.09833
-19.6507 0.282341 1.15023
-20.2269 0.290307 1.1887
-20.7719 0.297021 1.21904
-21.2838 0.303611 1.24191
-21.7639 0.310737 1.26024
-22.2145 0.318646 1.27633
-22.6383 0.327081 1.29223
-23.0358 0.335785 1.30789
-23.4055 0.344989 1.32106
-23.7461 0.354227 1.33197
-24.0574 0.362619 1.34179
-24.3391 0.369429 1.35182
-24.5905 0.374361 1.36061
-24.8134 0.377322 1.36706
-25.0117 0.377935 1.37091
-25.1899 0.376037 1.37218
-25.3521 0.371584 1.37142
-25.501 0.364855 1.36876
-25.6388 0.356199 1.36457
-25.7666 0.345827 1.36003
-25.8847 0.33396 1.35665
-25.9923 0.320856 1.35462
-26.0877 0.306906 1.35308
-26.17 0.292306 1.35128
-26.2397 0.277023 1.34905
-26.2982 0.260861 1.34656
-26.3467 0.243586 1.34365
-26.3847 0.225025 1.33958
-26.4111 0.205001 1.33368
-26.4248 0.18342 1.32593
-26.4248 0.160294 1.31688
-26.4103 0.135774 1.30672
-26.3807 0.11008 1.29578
-26.3361 0.0834587 1.28422
-26.2768 0.0562395 1.27202
-26.203 0.0289069 1.25993
-26.1148 0.00194076 1.24848
-26.0119 -0.0242108 1.23803
-25.894 -0.0490346 1.22878
-25.7602 -0.0721464 1.22055
-25.6095 -0.093328 1.21317
-25.4413 -0.112554 1.20671
-25.2558 -0.130023 1.20117
-25.0524 -0.145814 1.19705
-24.8294 -0.1602 1.19405
-24.5854 -0.173757 1.19117
-24.3201 -0.186785 1.18833
-24.0331 -0.19973 1.18569
-23.7238 -0.213054 1.18245
-23.392 -0.226958 1.1776
-23.0401 -0.241541 1.17052
-22.6714 -0.256747 1.16067
-22.2884 -0.27259 1.1478
-21.8923 -0.289001 1.13156
-21.4837 -0.305688 1.11181
-21.0633 -0.322273 1.08888
-20.6313 -0.338423 1.06333
-20.1874 -0.353902 1.03552
-19.7313 -0.36851 1.0058
-19.2627 -0.382052 0.97447
-18.7819 -0.394381 0.941936
-18.2891 -0.405459 0.908556
-17.7839 -0.415305 0.874605
-17.2667 -0.423913 0.840729
-16.7382 -0.431234 0.806936
-16.2 -0.437532 0.773077
-15.652 -0.442674 0.740749
-15.0922 -0.445981 0.710752
-14.5196 -0.447462 0.682475
-13.9362 -0.447354 0.655874
-13.3451 -0.445559 0.631686
-12.749 -0.441775 0.610771
-12.1495 -0.43603 0.59418
-11.549 -0.428934 0.582664
-10.9509 -0.421018 0.576292
-10.3588 -0.41258 0.575196
-9.77633 -0.404087 0.57937
-9.20567 -0.396309 0.587532
-8.64734 -0.38977 0.596887
-8.10058 -0.384532 0.605177
-7.56452 -0.380479 0.611448
-7.0391 -0.377484 0.615678
-6.52531 -0.375356 0.618472
-6.02469 -0.373666 0.62036
-5.53801 -0.371796 0.621788
-5.06459 -0.369151 0.622853
-4.60298 -0.365265 0.623304
-4.15152 -0.359804 0.623046
-3.70902 -0.352581 0.621879
-3.27496 -0.343646 0.619559
-2.84887 -0.333279 0.616239
-2.43034 -0.321922 0.612614
-2.01917 -0.310068 0.609616
-1.61544 -0.298194 0.608031
-1.2192 -0.286811 0.60804
-0.829537 -0.276373 0.60945
-0.444893 -0.267119 0.612701
-0.0643589 -0.259083 0.620055
0.311628 -0.251993 0.632007
0.681425 -0.245335 0.646316
1.04378 -0.238497 0.662021
1.39918 -0.230833 0.678799
1.74896 -0.222114 0.696318
2.09415 -0.212511 0.714257
2.43554 -0.202114 0.732828
2.77392 -0.19113 0.752929
3.11028 -0.180051 0.774928
3.44573 -0.169459 0.798092
3.78118 -0.159954 0.820819
4.11679 -0.152059 0.841716
4.45148 -0.146288 0.860274
4.78314 -0.143174 0.876813
5.11005 -0.142982 0.892073
5.43152 -0.145721 0.906729
5.74729 -0.15128 0.921013
6.05698 -0.159381 0.934727
6.35979 -0.169638 0.947461
6.65486 -0.18158 0.958876
6.94167 -0.19472 0.968788
7.21981 -0.208614 0.977222
7.48858 -0.222912 0.984282
7.74675 -0.237398 0.990134
7.99273 -0.252008 0.995
8.22519 -0.266856 0.999041
8.44339 -0.282208 1.00221
8.64697 -0.298393 1.00436
8.83557 -0.315726 1.00554
9.00842 -0.334438 1.00595
9.16439 -0.354639 1.00576
9.30241 -0.376334 1.00504
9.42209 -0.399429 1.00355
9.524 -0.423732 1.00088
9.60913 -0.448949 0.996699
9.67814 -0.474718 0.990898
9.7312 -0.500669 0.983565
9.76803 -0.526479 0.974999
9.78848 -0.551916 0.965715
9.79286 -0.576861 0.956141
9.78187 -0.601281 0.946422
9.75651 -0.625249 0.93647
9.71767 -0.648958 0.926426
9.66616 -0.672688 0.916789
9.60282 -0.696727 0.907852
9.52835 -0.721299 0.8992
9.4432 -0.746532 0.890119
9.34758 -0.772434 0.880201
9.24178 -0.798869 0.869393
9.12653 -0.825592 0.857809
9.00319 -0.852291 0.845432
8.87358 -0.878645 0.832145
8.73966 -0.90438 0.817969
8.60318 -0.929273 0.80314
8.46541 -0.953191 0.787955
8.32705 -0.976119 0.772711
8.18851 -0.998157 0.757724
8.04999 -1.01946 0.74294
7.91164 -1.04024 0.728371
7.77356 -1.06075 0.714227
7.63541 -1.08121 0.700623
7.49627 -1.10179 0.687748
7.35489 -1.12262 0.675497
7.20987 -1.14378 0.663694
7.05985 -1.16527 0.652051
6.90352 -1.18706 0.63997
6.73965 -1.20904 0.627046
6.56729 -1.23104 0.613081
6.3861 -1.2529 0.597846
6.19638 -1.27444 0.58122
5.99873 -1.29549 0.563208
5.79363 -1.31592 0.543682
5.58112 -1.33559 0.522425
5.36088 -1.35444 0.499361
5.1325 -1.37244 0.474521
4.89562 -1.38966 0.448227
4.6498 -1.40619 0.421056
4.39438 -1.42212 0.393635
4.12865 -1.43744 0.366218
3.85235 -1.45197 0.338835
3.5661 -1.46543 0.311548
3.27152 -1.47749 0.284205
2.97059 -1.48793 0.257032
2.66432 -1.49656 0.230806
2.35217 -1.50326 0.205921
2.03294 -1.50776 0.182368
1.70632 -1.50956 0.160598
1.37315 -1.50824 0.14134
1.0346 -1.5034 0.125033
0.691217 -1.49461 0.111581
0.34288 -1.48143 0.101393
-0.0105671 -1.46335 0.0950411
-0.368706 -1.4403 0.0938867
-0.730581 -1.4128 0.0989361
-1.09595 -1.38179 0.109984
-1.46503 -1.34785 0.127362
-1.83721 -1.31099 0.151383
-2.21109 -1.27165 0.180448
-2.5848 -1.23101 0.21131
-2.95668 -1.19037 0.241497
-3.32553 -1.15059 0.269009
-3.69037 -1.112 0.291776
-4.05008 -1.07475 0.307623
-4.40336 -1.03875 0.315752
-4.74876 -1.00383 0.318028
-5.08491 -0.969752 0.317446
-5.41084 -0.935762 0.316357
-5.72596 -0.900669 0.316083
-6.02954 -0.863437 0.317063
-6.32057 -0.82323 0.319229
-6.59814 -0.779378 0.322244
-6.86156 -0.731473 0.326416
-7.11029 -0.679466 0.332836
-7.34347 -0.623761 0.342315
-7.5599 -0.565065 0.35499
-7.759 -0.504135 0.370464
-7.94181 -0.441887 0.387647
-8.11101 -0.379686 0.405018
-8.26948 -0.319082 0.421514
-8.41933 -0.261295 0.436342
-8.56201 -0.207116 0.448653
-8.69871 -0.157023 0.457732
-8.83081 -0.111189 0.463271
-8.95967 -0.0693759 0.465306
-9.08616 -0.0310062 0.46431
-9.2104 0.00466817 0.461647
-9.33198 0.0384662 0.45947
-9.45034 0.0713051 0.45882
-9.56495 0.104176 0.458414
-9.67565 0.137884 0.457727
-9.78222 0.172709 0.457845
-9.88401 0.208228 0.459746
-9.98039 0.243571 0.464007
-10.0719 0.278068 0.47047
-10.1593 0.311038 0.478199
-10.2425 0.341 0.487088
-10.3217 0.36664 0.496238
-10.3984 0.387588 0.503967
-10.473 0.403692 0.509613
-10.546 0.415057 0.51329
-10.6186 0.422333 0.516525
-10.692 0.426516 0.521085
-10.7671 0.42865 0.526495
-10.8447 0.429669 0.532704
-10.9254 0.430493 0.540363
-11.0092 0.431747 0.548694
-11.0963 0.43359 0.55696
-11.1864 0.435845 0.564473
-11.2783 0.437998 0.571041
-11.3703 0.439275 0.577068
-11.4612 0.438775 0.582684
-11.5505 0.43569 0.587358
-11.6382 0.429449 0.590396
-11.7242 0.419725 0.591344
-11.8085 0.406521 0.59062
-11.891 0.390189 0.589238
-11.9721 0.371425 0.588142
-12.0525 0.351104 0.587819
-12.1336 0.330117 0.588446
-12.2155 0.309293 0.590216
-12.2971 0.289317 0.593619
-12.3775 0.270628 0.599115
-12.4566 0.253363 0.606415
-12.5347 0.237405 0.614342
-12.6118 0.222386 0.621464
-12.6863 0.207716 0.626828
-12.7565 0.19277 0.630147
-12.8216 0.177029 0.631397
-12.8819 0.160179 0.630502
-12.9383 0.142162 0.627372
-12.9913 0.123201 0.622301
-13.0413 0.10378 0.61618
-13.0886 0.0845294 0.61025
-13.1339 0.0661146 0.605616
-13.1779 0.0491823 0.602939
-13.2206 0.0342947 0.602525
-13.2611 0.0218542 0.604509
-13.2985 0.0120429 0.608901
-13.3323 0.00478508 0.615436
-13.3624 -0.000247963 0.623368
-13.3889 -0.00361383 0.631503
-13.411 -0.0060087 0.63865
-13.4268 -0.00811243 0.643945
-13.435 -0.0104771 0.646954
-13.4349 -0.0134766 0.64757
-13.4269 -0.0172597 0.645889
-13.4116 -0.0217495 0.642267
-13.3896 -0.0267026 0.637389
-13.3614 -0.0317589 0.632112
-13.3275 -0.036519 0.627234
-13.2884 -0.0406212 0.62334
-13.2444 -0.0438015 0.620725
-13.1949 -0.045963 0.619487
-13.1382 -0.0471794 0.619496
-13.0725 -0.0476746 0.620385
-12.9964 -0.0478121 0.621553
-12.9091 -0.0480642 0.622213
-12.81 -0.0489402 0.62155
-12.698 -0.0508933 0.618893
-12.5722 -0.0542579 0.613841
-12.4318 -0.0592051 0.606315
-12.2767 -0.0657292 0.596565
-12.1069 -0.0736697 0.585112
-11.9224 -0.0827532 0.572574
-11.7225 -0.0926478 0.559518
-11.5065 -0.103029 0.5464
-11.2739 -0.113635 0.533549
-11.0248 -0.124315 0.521183
-10.7591 -0.135052 0.509339
-10.4768 -0.145965 0.497802
-10.1772 -0.157287 0.48622
-9.85988 -0.169332 0.474268
-9.52472 -0.182444 0.461653
-9.17285 -0.196946 0.448157
-8.80625 -0.213095 0.433557
-8.42767 -0.23107 0.417695
-8.04008 -0.25095 0.400589
-7.64652 -0.272704 0.382363
-7.25023 -0.296249 0.363371
-6.85435 -0.32145 0.343807
-6.46138 -0.347969 0.323669
-6.07281 -0.375189 0.303556
-5.68957 -0.402575 0.284761
-5.31332 -0.430114 0.267527
-4.94652 -0.45751 0.252163
-4.59254 -0.484278 0.239379
-4.25516 -0.510628 0.227117
-3.93539 -0.536457 0.214979
-3.62995 -0.56142 0.205496
-3.33279 -0.58573 0.19982
-3.03851 -0.60968 0.197127
-2.74594 -0.63346 0.195945
-2.4576 -0.657156 0.194942
-2.17626 -0.68048 0.192976
-1.90299 -0.703095 0.189462
-1.63702 -0.724598 0.184212
-1.37661 -0.744588 0.177853
-1.12028 -0.762848 0.171237
-0.866612 -0.779147 0.164768
-0.614208 -0.793376 0.158338
-0.3616 -0.805302 0.152227
-0.10768 -0.814534 0.147952
0.148235 -0.820549 0.148599
0.407256 -0.822956 0.158071
0.671257 -0.822108 0.178147
0.941956 -0.818861 0.206654
1.21965 -0.81361 0.239282
1.5034 -0.806428 0.272503
1.79248 -0.797875 0.304197
2.08742 -0.788832 0.333665
2.38978 -0.780009 0.36173
2.70129 -0.771801 0.388164
3.02288 -0.764521 0.412299
3.35426 -0.758549 0.434445
3.69455 -0.754182 0.454951
4.04303 -0.751514 0.475873
4.39947 -0.750448 0.496507
4.76385 -0.750838 0.513955
5.13593 -0.752594 0.528059
5.51491 -0.755611 0.539504
5.8995 -0.759639 0.549129
6.28805 -0.764302 0.557726
6.67897 -0.769198 0.565736
7.0708 -0.774021 0.573989
7.46196 -0.778607 0.583947
7.85076 -0.78285 0.596932
8.23556 -0.786606 0.613679
8.61494 -0.789746 0.633737
8.98763 -0.792233 0.655994
9.3522 -0.794119 0.679629
9.70692 -0.795527 0.704116
10.0499 -0.796611 0.728813
10.3797 -0.797537 0.752682
10.6952 -0.798503 0.774429
10.996 -0.79976 0.792986
11.2819 -0.801559 0.807599
11.5523 -0.804093 0.817969
11.806 -0.807526 0.824329
12.0419 -0.812069 0.827267
12.2587 -0.817952 0.827714
12.4556 -0.825351 0.826602
12.6321 -0.834349 0.824575
12.7874 -0.844913 0.822025
12.9209 -0.856903 0.819129
13.0316 -0.87011 0.8157
13.1185 -0.884283 0.811597
13.1806 -0.899147 0.807159
13.2178 -0.914438 0.802509
13.2307 -0.929875 0.798635
13.2202 -0.945163 0.793632
13.1867 -0.960081 0.784884
13.1312 -0.974532 0.774533
13.0546 -0.988457 0.763501
12.9585 -1.00173 0.749827
12.8447 -1.01427 0.733316
12.7148 -1.02605 0.71577
12.5711 -1.03708 0.69775
12.4151 -1.04734 0.679134
12.2476 -1.0568 0.659891
12.0692 -1.06549 0.639917
11.8808 -1.07346 0.61952
11.6841 -1.08074 0.599283
11.4807 -1.08735 0.579817
11.2721 -1.09334 0.561482
11.059 -1.09882 0.54409
10.8424 -1.10393 0.527464
10.6236 -1.10883 0.511994
10.4036 -1.11376 0.498534
10.1832 -1.11894 0.488168
9.96205 -1.1246 0.481745
9.73923 -1.13097 0.478564
9.5135 -1.13823 0.476052
9.2841 -1.1465 0.471725
9.05074 -1.15585 0.464446
8.81314 -1.16624 0.453139
8.57072 -1.17758 0.436415
8.32268 -1.18972 0.413571
8.06835 -1.20238 0.384599
7.80735 -1.21525 0.350321
7.53938 -1.22802 0.311967
7.26373 -1.24035 0.270889
6.97902 -1.25189 0.228244
6.68349 -1.26234 0.185663
6.37565 -1.27152 0.145493
6.05456 -1.27942 0.109774
5.71951 -1.28603 0.0792497
5.36954 -1.29112 0.053043
5.00389 -1.29432 0.029665
4.62288 -1.29541 0.00869669
4.22785 -1.29431 -0.00912187
3.82004 -1.29094 -0.0221876
3.39954 -1.2853 -0.0294891
2.96574 -1.27745 -0.0322849
2.51851 -1.26729 -0.0318782
2.05867 -1.25472 -0.0295715
1.58777 -1.23955 -0.0264526
1.10742 -1.22149 -0.02338
0.618974 -1.20028 -0.0213887
0.123929 -1.17566 -0.0210199
-0.376218 -1.14744 -0.0225656
-0.880123 -1.11567 -0.0243942
-1.38649 -1.08074 -0.0238083
-1.89405 -1.04294 -0.0186158
-2.40151 -1.00227 -0.00685343
-2.90753 -0.958713 0.0127683
-3.41062 -0.912727 0.0399341
-3.90875 -0.865254 0.0729596
-4.39929 -0.816948 0.109931
-4.88004 -0.767723 0.148926
-5.35051 -0.717881 0.18852
-5.81123 -0.668299 0.228046
-6.26241 -0.619221 0.267177
-6.70335 -0.57037 0.305349
-7.13277 -0.521607 0.341917
-7.5493 -0.472858 0.37673
-7.95181 -0.423974 0.409679
-8.33956 -0.374775 0.440403
-8.7122 -0.325204 0.468666
-9.06982 -0.275382 0.494494
-9.41259 -0.225478 0.518017
-9.74041 -0.175661 0.539182
-10.0528 -0.126117 0.557781
-10.3492 -0.077039 0.573384
-10.6296 -0.0286072 0.585512
-10.8944 0.0190117 0.594061
-11.144 0.0656313 0.599876
-11.3781 0.11108 0.603539
-11.5963 0.155291 0.605635
-11.799 0.198223 0.606877
-11.9873 0.239813 0.607786
-12.1625 0.279943 0.608706
-12.3251 0.318492 0.609822
-12.4753 0.355336 0.611653
-12.6137 0.390217 0.614408
-12.7411 0.422892 0.618057
-12.8584 0.453151 0.622529
-12.9668 0.480776 0.627725
-13.0671 0.505601 0.633395
-13.1602 0.527425 0.639088
-13.247 0.545981 0.644415
-13.3284 0.560984 0.649461
-13.405 0.572288 0.65402
-13.4771 0.579923 0.657441
-13.5448 0.583907 0.659395
-13.6078 0.584174 0.660125
-13.6655 0.580695 0.660031
-13.7167 0.57361 0.659154
-13.7606 0.563155 0.657307
-13.7973 0.549519 0.654731
-13.826 0.532858 0.651879
-13.8456 0.513397 0.649021
-13.8551 0.491434 0.646228
-13.855 0.467234 0.643537
-13.8457 0.441022 0.64131
-13.8268 0.413026 0.639885
-13.7963 0.383484 0.639831
-13.7525 0.352615 0.641408
-13.6951 0.320598 0.644418
-13.6249 0.287628 0.648466
-13.5433 0.253911 0.652689
-13.4509 0.219536 0.656351
-13.3475 0.184462 0.658839
-13.2334 0.148671 0.659544
-13.1095 0.112137 0.657889
-12.9765 0.0747985 0.653458
-12.8344 0.0366821 0.645972
-12.6823 -0.00208232 0.635286
-12.5199 -0.041342 0.621361
-12.3474 -0.0809375 0.604366
-12.1655 -0.120682 0.584746
-11.9747 -0.160329 0.563212
-11.7754 -0.199587 0.540492
-11.5678 -0.238165 0.517011
-11.3525 -0.2758 0.492951
-11.1306 -0.312281 0.468626
-10.9033 -0.347454 0.444604
-10.6713 -0.38119 0.421524
-10.4343 -0.413372 0.399773
-10.192 -0.443924 0.379269
-9.94429 -0.472779 0.359623
-9.69188 -0.499895 0.340561
-9.43558 -0.525259 0.322104
-9.17601 -0.548839 0.304384
-8.91333 -0.570566 0.287488
-8.64761 -0.590369 0.271345
-8.37921 -0.608187 0.255866
-8.10872 -0.623938 0.24103
-7.83666 -0.637513 0.226974
-7.56324 -0.648774 0.213752
-7.28857 -0.65759 0.201187
-7.01302 -0.663922 0.189333
-6.7372 -0.667802 0.178367
-6.4616 -0.669249 0.168573
-6.18617 -0.668279 0.160333
-5.91024 -0.664967 0.154
-5.63291 -0.659429 0.150018
-5.35343 -0.651783 0.148715
-5.07143 -0.642174 0.150132
-4.78678 -0.630802 0.153903
-4.49936 -0.617913 0.159011
-4.20878 -0.603796 0.164515
-3.91446 -0.588848 0.169803
-3.61601 -0.573546 0.174187
-3.31349 -0.558226 0.177226
-3.00747 -0.54296 0.178939
-2.69871 -0.52775 0.179641
-2.38765 -0.512673 0.179743
-2.07395 -0.497799 0.179596
-1.75721 -0.483195 0.179811
-1.4376 -0.468847 0.181292
-1.11575 -0.454583 0.184591
-0.792304 -0.440191 0.18979
-0.467713 -0.425488 0.19682
-0.142361 -0.410357 0.205689
0.183239 -0.394726 0.216238
0.508641 -0.378529 0.228397
0.833691 -0.36177 0.241807
1.15856 -0.344514 0.255946
1.48333 -0.326839 0.270557
1.80752 -0.308819 0.285349
2.1299 -0.290517 0.300179
2.44884 -0.272 0.314921
2.76282 -0.253318 0.329566
3.07068 -0.234511 0.344084
3.37145 -0.215614 0.358249
3.66414 -0.196654 0.372024
3.94762 -0.177637 0.385651
4.22082 -0.158562 0.399344
4.48289 -0.139428 0.413198
4.73332 -0.120213 0.427177
4.97172 -0.100893 0.441153
5.19767 -0.0814787 0.455027
5.41074 -0.062029 0.468787
5.61071 -0.042627 0.482398
5.79775 -0.0233582 0.495723
5.97235 -0.00433245 0.508588
6.13516 0.0143099 0.5208
6.28676 0.0324211 0.532199
6.42759 0.0498513 0.542689
6.55802 0.0664444 0.552152
6.6785 0.0820599 0.560429
6.78943 0.0966005 0.567366
6.89107 0.110005 0.572924
6.98327 0.12223 0.577211
7.06557 0.133242 0.580393
7.13728 0.143025 0.582676
7.19791 0.151586 0.584245
7.24737 0.158954 0.58519
7.28582 0.165164 0.585604
7.31337 0.170251 0.585666
7.33005 0.174243 0.585587
7.33584 0.177144 0.585574
7.33079 0.178943 0.58573
7.31502 0.17962 0.585903
7.28859 0.179145 0.585774
7.25149 0.17747 0.584947
7.20368 0.174534 0.582989
7.14528 0.170297 0.579546
7.07654 0.16473 0.574323
6.99776 0.157807 0.567146
6.90915 0.149527 0.558146
6.81076 0.139922 0.547678
6.70257 0.129039 0.536144
6.58463 0.116929 0.523915
6.45708 0.103653 0.511262
6.32003 0.0892788 0.49836
6.17353 0.0738798 0.485338
6.01756 0.0575308 0.472277
5.85222 0.0403021 0.459104
5.67779 0.0222623 0.445652
5.49461 0.003467 0.431754
5.30298 -0.0160508 0.417258
5.10308 -0.0362725 0.402134
4.8951 -0.0571849 0.386501
4.67932 -0.0787684 0.370387
4.45625 -0.100987 0.353779
4.22645 -0.123785 0.336617
3.99056 -0.147088 0.318769
3.74915 -0.170807 0.30024
3.50287 -0.194845 0.281041
3.25246 -0.219094 0.261179
2.99868 -0.243432 0.240762
2.74224 -0.267736 0.220074
2.4837 -0.291874 0.199406
2.22344 -0.315707 0.179273
1.96169 -0.339083 0.16073
1.69848 -0.361796 0.145241
1.43363 -0.383506 0.134384
1.16684 -0.403951 0.128878
0.898054 -0.423262 0.127654
0.627598 -0.441839 0.130048
0.356139 -0.459894 0.135485
0.0840289 -0.477189 0.141951
-0.18892 -0.493556 0.147624
-0.462795 -0.509454 0.151644
-0.737356 -0.525538 0.153965
-1.01231 -0.542201 0.15442
-1.28722 -0.55963 0.15239
-1.56142 -0.577969 0.147387
-1.83402 -0.597286 0.139398
-2.1044 -0.617387 0.12878
-2.37256 -0.637799 0.116037
-2.63895 -0.65796 0.102069
-2.90434 -0.677363 0.0884499
-3.16962 -0.695569 0.0766898
-3.43527 -0.71225 0.0685886
-3.70054 -0.727157 0.0654303
-3.96362 -0.739911 0.0670783
-4.22323 -0.750125 0.0727088
-4.47948 -0.757634 0.0810675
-4.73292 -0.762455 0.0912696
-4.98334 -0.764739 0.102953
-5.22984 -0.764771 0.116015
-5.47166 -0.762744 0.129566
-5.70873 -0.758719 0.142425
-5.94136 -0.752963 0.154054
-6.16979 -0.745892 0.164596
-6.39404 -0.73781 0.174775
-6.61407 -0.728826 0.185064
-6.83006 -0.718853 0.195492
-7.04246 -0.707654 0.205875
-7.25192 -0.694958 0.216313
-7.45883 -0.680574 0.227322
-7.66325 -0.66436 0.23952
-7.86501 -0.646209 0.253148
-8.06387 -0.626064 0.267994
-8.25942 -0.603917 0.283545
-8.45085 -0.579853 0.299225
-8.63693 -0.55408 0.314631
-8.81615 -0.526902 0.329539
-8.98696 -0.498653 0.343676
-9.14793 -0.469637 0.356614
-9.29803 -0.440089 0.367912
-9.4366 -0.410159 0.377371
-9.56332 -0.379931 0.385157
-9.67809 -0.349432 0.391684
-9.78099 -0.318637 0.397411
-9.87219 -0.287481 0.402731
-9.95193 -0.255881 0.407954
-10.0205 -0.223775 0.413359
-10.0783 -0.191152 0.419171
-10.1256 -0.158087 0.425516
-10.1628 -0.124754 0.432376
-10.1899 -0.0914172 0.439527
-10.2072 -0.0583944 0.446634
-10.2147 -0.0260212 0.45328
-10.2124 0.00537254 0.458986
-10.2004 0.0354908 0.463264
-10.179 0.0640999 0.465708
-10.1484 0.0910486 0.46614
-10.1087 0.116282 0.464604
-10.0603 0.13984 0.461324
-10.0035 0.161827 0.456624
-9.93849 0.182382 0.450877
-9.86532 0.201644 0.444482
-9.78391 0.219729 0.437847
-9.69435 0.236692 0.431327
-9.59695 0.252516 0.425148
-9.49213 0.267112 0.419378
-9.38023 0.28034 0.413992
-9.26138 0.292021 0.408923
-9.13564 0.301957 0.404061
-9.00311 0.309964 0.399235
-8.86394 0.315911 0.394239
-8.71817 0.319744 0.388865
-8.56575 0.321485 0.382922
-8.40669 0.32122 0.37627
-8.24117 0.319088 0.368844
-8.06958 0.315264 0.360632
-7.8923 0.30993 0.351661
-7.70954 0.303256 0.341992
-7.52132 0.295377 0.331746
-7.32765 0.286373 0.321147
-7.12875 0.276269 0.310449
-6.92494 0.26504 0.299836
-6.7165 0.252638 0.289404
-6.50352 0.239006 0.279214
-6.28598 0.224102 0.269244
-6.06391 0.207911 0.259349
-5.83751 0.190468 0.249461
-5.60704 0.171902 0.239536
-5.37265 0.15247 0.229505
-5.13443 0.132469 0.21931
-4.89272 0.112097 0.208921
-4.64824 0.0915779 0.198355
-4.40194 0.0712872 0.187631
-4.15487 0.0515334 0.176882
-3.90804 0.0324581 0.166312
-3.66224 0.0141065 0.156159
-3.41813 -0.00357423 0.146737
-3.17647 -0.0206918 0.138398
-2.93811 -0.0373884 0.13141
-2.70392 -0.0538201 0.125883
-2.47465 -0.0701173 0.121787
-2.25096 -0.0863988 0.118924
-2.03353 -0.102774 0.117113
-1.82317 -0.119291 0.11617
-1.62059 -0.135914 0.115864
-1.42624 -0.152564 0.115952
-1.2402 -0.16913 0.116234
-1.06237 -0.185474 0.116577
-0.892644 -0.201441 0.116919
-0.731052 -0.216897 0.117229
-0.577736 -0.231736 0.117458
-0.432742 -0.245878 0.117549
-0.295915 -0.259269 0.117501
-0.166981 -0.271888 0.11741
-0.0456718 -0.283757 0.117426
0.0682146 -0.294946 0.117725
0.174879 -0.30555 0.118512
0.274624 -0.315676 0.119992
0.367819 -0.325424 0.122309
0.454799 -0.33488 0.125526
0.535786 -0.34411 0.129568
0.61097 -0.353164 0.134157
0.680696 -0.362062 0.138924
0.745502 -0.370807 0.143526
0.805978 -0.379391 0.147659
0.862561 -0.387799 0.151141
0.915445 -0.395999 0.153881
0.96472 -0.403946 0.155846
1.01055 -0.411591 0.157096
1.05324 -0.4189 0.157737
1.09317 -0.425836 0.15793
1.13065 -0.432355 0.157885
1.16595 -0.438424 0.157817
1.19934 -0.444014 0.157918
1.23119 -0.449099 0.15829
1.26194 -0.453659 0.158953
1.29189 -0.457687 0.159904
1.32123 -0.461177 0.161137
1.35006 -0.464127 0.162638
1.37853 -0.466538 0.164374
1.40689 -0.468416 0.166291
1.43535 -0.469775 0.168313
1.46388 -0.470628 0.170371
1.49206 -0.470988 0.172432
1.51907 -0.470869 0.174463
1.54398 -0.470282 0.176407
1.56599 -0.469234 0.178183
1.58443 -0.467731 0.179718
1.59885 -0.465786 0.180984
1.6089 -0.463414 0.182001
1.61433 -0.46063 0.182794
1.61498 -0.457442 0.183311
1.61059 -0.453851 0.183412
1.60079 -0.449849 0.18293
1.58504 -0.445431 0.181751
1.56287 -0.4406 0.179856
1.53402 -0.435365 0.177318
1.49855 -0.42974 0.17426
1.45671 -0.423742 0.170816
1.40873 -0.417391 0.167117
1.35469 -0.410704 0.163257
1.29455 -0.40369 0.159285
1.2283 -0.396347 0.155182
1.15597 -0.388661 0.150928
1.07768 -0.380613 0.146487
0.993532 -0.372181 0.141943
0.903623 -0.363335 0.137468
0.808067 -0.354045 0.133245
0.707029 -0.344291 0.129567
0.600705 -0.334087 0.12679
0.489283 -0.32349 0.125012
0.372922 -0.312569 0.124074
0.251808 -0.301365 0.12377
0.126228 -0.289917 0.123802
-0.00337265 -0.278305 0.123879
-0.136473 -0.266625 0.123773
-0.272605 -0.254948 0.123376
-0.411358 -0.243311 0.122672
-0.552295 -0.231722 0.121711
-0.694922 -0.220168 0.120596
-0.838703 -0.208613 0.119402
-0.98316 -0.196983 0.118222
-1.12798 -0.185196 0.117237
-1.27301 -0.17318 0.116634
-1.41813 -0.160878 0.116544
-1.56315 -0.148237 0.11698
-1.70777 -0.13522 0.117862
-1.85167 -0.121815 0.119101
-1.99448 -0.108046 0.120629
-2.13586 -0.0939648 0.122353
-2.27553 -0.0796398 0.124136
-2.41327 -0.0651469 0.125832
-2.54903 -0.0505715 0.127396
-2.683 -0.0359971 0.128906
-2.81554 -0.0214848 0.130528
-2.94705 -0.00707042 0.13248
-3.07779 0.00722892 0.134944
-3.20788 0.0214134 0.138013
-3.33733 0.0354975 0.14171
-3.46612 0.0495015 0.146015
-3.59431 0.0634375 0.150856
-3.72195 0.0772861 0.156131
-3.84904 0.0909795 0.161675
-3.97553 0.104414 0.167263
-4.1013 0.117477 0.172692
-4.22609 0.13005 0.177874
-4.34942 0.141993 0.182837
-4.4706 0.153151 0.187619
-4.58881 0.16339 0.192253
-4.70327 0.172607 0.196766
-4.8134 0.180732 0.201201
-4.91881 0.187733 0.205638
-5.01923 0.193614 0.210107
-5.11443 0.198397 0.214624
-5.20416 0.202111 0.219238
-5.28818 0.204771 0.223992
-5.36627 0.20638 0.2289
-5.43825 0.20694 0.233906
-5.50387 0.206444 0.238886
-5.56283 0.20485 0.243642
-5.61489 0.202094 0.247921
-5.65997 0.198108 0.251476
-5.69813 0.19283 0.25411
-5.7295 0.186221 0.255684
-5.75419 0.178273 0.256118
-5.77223 0.169013 0.255404
-5.78358 0.158498 0.253631
-5.78824 0.146807 0.250972
-5.7862 0.134039 0.247652
-5.77751 0.120307 0.243895
-5.76223 0.105731 0.239869
-5.7405 0.090419 0.235678
-5.7126 0.0744613 0.23138
-5.67895 0.0579223 0.227009
-5.63998 0.0408455 0.222597
-5.59603 0.0232612 0.218153
-5.54726 0.00519823 0.213649
-5.49378 -0.0133074 0.20903
-5.43577 -0.0322103 0.204257
-5.37363 -0.0514524 0.199323
-5.30794 -0.0709567 0.194235
-5.2393 -0.0906243 0.189011
-5.16821 -0.110331 0.18367
-5.09503 -0.129931 0.178254
-5.01999 -0.149274 0.172849
-4.94322 -0.168211 0.167586
-4.86476 -0.186609 0.162601
-4.7846 -0.204358 0.158
-4.70281 -0.221372 0.153833
-4.61956 -0.237592 0.150097
-4.53512 -0.25298 0.146768
-4.44982 -0.267519 0.143829
-4.36385 -0.281205 0.141273
-4.27724 -0.294036 0.139055
-4.19001 -0.306002 0.137109
-4.10216 -0.317088 0.135359
-4.01377 -0.327277 0.133723
-3.92485 -0.336539 0.132114
-3.83529 -0.344831 0.130434
-3.74487 -0.352105 0.128578
-3.65335 -0.358315 0.126453
-3.56058 -0.363424 0.124023
-3.46656 -0.36741 0.121332
-3.3713 -0.370273 0.118496
-3.27481 -0.372034 0.115674
-3.17712 -0.372734 0.11303
-3.0783 -0.372433 0.11071
-2.97863 -0.371209 0.108837
-2.87859 -0.369145 0.107501
-2.7788 -0.366333 0.106722
-2.67991 -0.362859 0.106453
-2.58252 -0.358807 0.106581
-2.48713 -0.354244 0.106956
-2.39412 -0.349224 0.107403
-2.30376 -0.343784 0.107721
-2.21621 -0.337939 0.10771
-2.13158 -0.331684 0.107246
-2.05011 -0.325002 0.1063
-1.97215 -0.317889 0.104923
-1.8981 -0.310351 0.10334
-1.82828 -0.302392 0.101872
-1.76284 -0.29401 0.100812
-1.70184 -0.285225 0.100383
-1.64535 -0.276069 0.100698
-1.5935 -0.266572 0.101765
-1.54639 -0.256776 0.103531
-1.50412 -0.246734 0.105887
-1.46664 -0.236502 0.108666
-1.43377 -0.226133 0.111649
-1.40529 -0.215681 0.114613
-1.38087 -0.205197 0.117358
-1.36013 -0.194722 0.119699
-1.34261 -0.184283 0.121491
-1.32784 -0.173905 0.12269
-1.31542 -0.163609 0.123412
-1.30501 -0.153415 0.123871
-1.29642 -0.143346 0.124225
-1.28942 -0.133429 0.124645
-1.28375 -0.123676 0.125313
-1.27907 -0.114089 0.126366
-1.27503 -0.104682 0.127876
-1.27134 -0.0954727 0.129833
-1.26763 -0.0864655 0.132138
-1.26344 -0.0776637 0.134611
-1.25826 -0.0690773 0.137044
-1.25159 -0.0607132 0.139212
-1.24312 -0.0525803 0.140931
-1.23274 -0.0446955 0.142082
-1.22046 -0.0370823 0.142631
-1.20636 -0.029766 0.142613
-1.19057 -0.0227699 0.142134
-1.17334 -0.0161159 0.141353
-1.15509 -0.00982449 0.140452
-1.1364 -0.00391048 0.1396
-1.11785 0.0016198 0.138913
-1.09997 0.00676912 0.138439
-1.08314 0.011549 0.138176
-1.06766 0.0159777 0.138101
-1.05386 0.0200763 0.13816
-1.04206 0.0238652 0.138248
-1.0326 0.0273625 0.138223
-1.02584 0.0305775 0.137963
-1.02214 0.0335074 0.137423
-1.02196 0.0361429 0.136609
-1.02578 0.03847 0.135587
-1.03403 0.0404635 0.134461
-1.04694 0.042091 0.133351
-1.06455 0.0433207 0.132375
-1.08677 0.0441259 0.131623
-1.11344 0.0444912 0.13113
-1.14449 0.0444118 0.130861
-1.17978 0.0438922 0.13075
-1.21906 0.0429471 0.130738
-1.26191 0.0415972 0.130787
-1.30788 0.0398655 0.130897
-1.35649 0.0377776 0.131114
-1.40735 0.0353603 0.131476
-1.46012 0.0326412 0.132007
-1.51457 0.0296471 0.132723
-1.57055 0.0263999 0.133656
-1.62798 0.0229145 0.13485
-1.68677 0.0191983 0.1363
-1.74676 0.0152526 0.137894
-1.80764 0.0110716 0.139501
-1.86907 0.00663431 0.141017
-1.9307 0.00190928 0.142294
-1.99236 -0.00312736 0.143174
-2.05401 -0.00849283 0.143508
-2.11562 -0.0142108 0.143189
-2.17709 -0.0203005 0.142181
-2.23827 -0.0267628 0.140542
-2.29903 -0.0335834 0.138419
-2.3594 -0.0407317 0.135954
-2.41947 -0.0481556 0.133292
-2.47933 -0.0557851 0.130587
-2.53903 -0.0635412 0.127969
-2.59861 -0.0713445 0.125563
-2.65808 -0.0791184 0.123506
-2.71745 -0.0867935 0.121903
-2.77669 -0.0943133 0.120793
-2.83572 -0.101637 0.120162
-2.89447 -0.108744 0.11997
-2.95289 -0.11563 0.12017
-3.01102 -0.122307 0.120708
-3.06898 -0.128799 0.12154
-3.12683 -0.135131 0.122625
-3.18449 -0.141329 0.123916
-3.24177 -0.147414 0.125378
-3.29835 -0.153401 0.127013
-3.35394 -0.159289 0.128842
-3.40831 -0.165064 0.130868
-3.46129 -0.170699 0.133064
-3.51271 -0.176157 0.135373
-3.5624 -0.181395 0.137727
-3.61017 -0.186365 0.140071
-3.65581 -0.191028 0.142358
-3.69899 -0.195347 0.144531
-3.73939 -0.199295 0.146516
-3.77675 -0.202859 0.148226
-3.81089 -0.206037 0.149588
-3.84176 -0.208837 0.150554
-3.86936 -0.211276 0.1511
-3.89368 -0.213376 0.151232
-3.91465 -0.215154 0.150978
-3.93221 -0.216625 0.150388
-3.94637 -0.217796 0.149526
-3.95728 -0.218669 0.148467
-3.96517 -0.219236 0.147277
-3.9703 -0.219486 0.146003
-3.97287 -0.219401 0.144683
-3.97302 -0.218961 0.143352
-3.97086 -0.218147 0.14205
-3.96651 -0.216943 0.140812
-3.96011 -0.215341 0.139654
-3.95182 -0.213338 0.138575
-3.94177 -0.210941 0.137575
-3.93012 -0.20816 0.13667
-3.91704 -0.205014 0.135895
-3.90275 -0.201522 0.135297
-3.88748 -0.197707 0.134918
-3.87138 -0.193593 0.134798
-3.85461 -0.189201 0.134976
-3.83731 -0.184551 0.135477
-3.81965 -0.179661 0.136304
-3.80189 -0.174543 0.137427
-3.78428 -0.16921 0.138778
-3.76698 -0.163671 0.140267
-3.75011 -0.157935 0.141796
-3.73373 -0.15201 0.143268
-3.71785 -0.145905 0.144591
-3.70244 -0.139629 0.145672
-3.68737 -0.133191 0.146434
-3.67253 -0.126602 0.146828
-3.6578 -0.119875 0.14685
-3.64309 -0.113023 0.146537
-3.62834 -0.106065 0.145962
-3.61344 -0.0990168 0.145223
-3.59817 -0.0918967 0.144431
-3.58227 -0.0847209 0.143697
-3.56543 -0.0775051 0.143113
-3.54744 -0.0702662 0.142739
-3.52815 -0.0630211 0.142591
-3.50748 -0.0557874 0.142651
-3.48538 -0.048583 0.142878
-3.46177 -0.041426 0.143229
-3.43656 -0.0343346 0.143667
-3.40968 -0.0273263 0.144161
-3.38102 -0.0204173 0.144682
-3.35045 -0.0136222 0.145202
-3.31783 -0.00695378 0.145695
-3.28304 -0.000423354 0.146138
-3.24607 0.00595848 0.146511
-3.207 0.0121821 0.1468
-3.16601 0.0182388 0.146999
-3.12326 0.024118 0.147129
-3.07893 0.029806 0.147231
-3.03323 0.0352851 0.147353
-2.98642 0.0405352 0.14753
-2.93873 0.0455319 0.147759
-2.89032 0.0502478 0.147999
-2.84124 0.0546539 0.148177
-2.7915 0.0587214 0.14818
-2.74111 0.0624237 0.147881
-2.69017 0.06574 0.147164
-2.63884 0.0686545 0.145983
-2.58734 0.0711556 0.144367
-2.53586 0.0732384 0.142423
-2.48464 0.0749019 0.14033
-2.43396 0.076148 0.13831
-2.38414 0.0769819 0.136563
-2.33556 0.0774122 0.135222
-2.28859 0.0774507 0.134355
-2.24354 0.0771071 0.133952
-2.20069 0.0763841 0.133978
-2.16024 0.0752826 0.134337
-2.12229 0.073804 0.134843
-2.08679 0.0719457 0.135306
-2.05361 0.0696986 0.135568
-2.02259 0.067053 0.13553
-1.99365 0.0640072 0.13515
-1.96675 0.0605619 0.134433
-1.9419 0.056714 0.133457
-1.91908 0.052462 0.132371
-1.8982 0.0478119 0.131365
-1.87914 0.042775 0.130621
-1.86188 0.0373658 0.130286
-1.84642 0.0316048 0.130441
-1.83275 0.0255174 0.131072
-1.82083 0.01913 0.132077
-1.81062 0.0124664 0.133308
-1.80212 0.00554635 0.134585
-1.79537 -0.0016105 0.135706
-1.79048 -0.00898586 0.136477
-1.78746 -0.016571 0.136741
-1.78626 -0.0243666 0.136415
-1.78671 -0.0323746 0.135487
-1.78862 -0.0405972 0.133998
-1.79186 -0.0490339 0.132029
-1.79632 -0.0576749 0.129676
-1.80196 -0.0664987 0.127062
-1.80883 -0.0754734 0.124338
-1.81702 -0.0845611 0.12168
-1.82673 -0.0937198 0.119271
-1.83813 -0.102903 0.11727
-1.85135 -0.112062 0.115777
-1.86639 -0.121149 0.114817
-1.88314 -0.130117 0.114334
-1.90146 -0.138928 0.114193
-1.92122 -0.147547 0.114208
-1.94232 -0.155945 0.114174
-1.96471 -0.164102 0.113905
-1.98828 -0.172 0.113288
-2.0129 -0.179627 0.112318
-2.03842 -0.18698 0.111112
-2.06468 -0.194057 0.109862
-2.09155 -0.200858 0.108784
-2.11897 -0.207377 0.10807
-2.14693 -0.213603 0.107849
-2.17547 -0.219523 0.108189
-2.20466 -0.225122 0.109084
-2.2345 -0.230388 0.11045
-2.26494 -0.235309 0.112139
-2.29574 -0.239876 0.113959
-2.32661 -0.244081 0.115705
-2.35724 -0.247918 0.117179
-2.38745 -0.251376 0.118212
-2.41717 -0.254447 0.118694
-2.44649 -0.257128 0.118595
-2.47554 -0.259416 0.11797
-2.50451 -0.261313 0.116953
-2.53354 -0.262824 0.115729
-2.56279 -0.26395 0.114495
-2.59239 -0.264691 0.11342
-2.62246 -0.265044 0.112614
-2.65317 -0.265001 0.112119
-2.68469 -0.264556 0.111926
-2.71722 -0.263706 0.111981
-2.7509 -0.262447 0.1122
-2.7858 -0.260778 0.112484
-2.82183 -0.258696 0.112736
-2.85881 -0.256196 0.112886
-2.8965 -0.253272 0.112898
-2.93468 -0.249919 0.112784
-2.97319 -0.246132 0.112591
-3.01187 -0.24191 0.112411
-3.05058 -0.237249 0.112394
-3.08918 -0.23215 0.112713
-3.12757 -0.226625 0.113534
-3.16566 -0.220695 0.114993
-3.20336 -0.214391 0.117166
-3.24057 -0.207746 0.120058
-3.27717 -0.200798 0.123597
-3.31307 -0.193592 0.127635
-3.3482 -0.186174 0.13196
-3.38254 -0.178587 0.136312
-3.41599 -0.170867 0.14041
-3.44835 -0.163038 0.143985
-3.47929 -0.155113 0.146825
-3.50835 -0.147096 0.148812
-3.53507 -0.138983 0.149934
-3.55902 -0.130771 0.150283
-3.57989 -0.122458 0.150023
-3.59747 -0.114044 0.149368
-3.6117 -0.105535 0.148556
-3.62259 -0.0969441 0.147825
-3.63019 -0.0882895 0.147371
-3.63457 -0.0795976 0.147333
-3.63578 -0.0709027 0.147776
-3.63386 -0.0622473 0.148693
-3.62893 -0.0536803 0.149997
-3.62125 -0.0452535 0.151531
-3.61117 -0.0370162 0.153076
-3.59907 -0.0290098 0.15439
-3.58533 -0.0212636 0.15525
-3.5703 -0.0137938 0.155508
-3.5543 -0.00660604 0.155119
-3.53769 0.000302913 0.154137
-3.52081 0.00694245 0.152702
-3.50396 0.0133253 0.151
-3.48734 0.0194654 0.14924
-3.47108 0.0253745 0.147619
-3.45527 0.0310581 0.146298
-3.43999 0.0365135 0.145387
-3.42533 0.0417289 0.144931
-3.41137 0.0466831 0.14493
-3.39819 0.0513465 0.145346
-3.38583 0.0556855 0.146116
-3.37433 0.0596666 0.147156
-3.36374 0.0632596 0.148365
-3.35409 0.0664413 0.149633
-3.34537 0.0691987 0.150851
-3.33756 0.0715307 0.151918
-3.33059 0.0734484 0.152759
-3.32441 0.0749743 0.153324
-3.31895 0.0761402 0.153604
-3.31413 0.0769833 0.153621
-3.30985 0.0775422 0.153439
-3.30602 0.0778516 0.153148
-3.30261 0.0779384 0.152849
-3.29956 0.0778195 0.152631
-3.29684 0.0775014 0.152556
-3.29436 0.0769806 0.152647
-3.29203 0.0762451 0.15288
-3.28975 0.0752759 0.153191
-3.28743 0.0740512 0.153486
-3.28501 0.0725489 0.153655
-3.28241 0.0707516 0.153596
-3.2795 0.0686505 0.153233
-3.27608 0.0662473 0.152534
-3.27195 0.0635552 0.151514
-3.26691 0.0605968 0.150233
-3.26079 0.0574023 0.148782
-3.25348 0.0540072 0.147274
-3.24489 0.0504489 0.145827
-3.23495 0.0467621 0.144557
-3.22359 0.0429751 0.143561
-3.21074 0.0391062 0.142906
-3.19634 0.0351625 0.142625
-3.18032 0.0311395 0.142711
-3.16265 0.0270224 0.143118
-3.14339 0.0227889 0.143759
-3.12268 0.0184121 0.144521
-3.10064 0.0138638 0.145268
-3.07737 0.00911968 0.145872
-3.05288 0.00416184 0.146222
-3.02716 -0.00101811 0.14624
-3.00027 -0.00641843 0.145875
-2.97233 -0.0120278 0.145106
-2.94356 -0.0178276 0.143945
-2.91417 -0.0237942 0.142449
-2.88435 -0.0299019 0.14071
-2.8542 -0.036126 0.138849
-2.82379 -0.042446 0.136978
-2.79322 -0.0488461 0.135185
-2.76267 -0.0553169 0.133513
-2.73235 -0.0618553 0.13198
-2.70248 -0.0684643 0.130576
-2.67329 -0.0751515 0.129272
-2.64502 -0.0819275 0.128023
-2.61786 -0.0888011 0.126785
-2.59196 -0.0957752 0.125537
-2.56738 -0.102848 0.124276
-2.54408 -0.110012 0.12298
-2.52203 -0.117249 0.121626
-2.50127 -0.124529 0.120227
-2.48187 -0.131815 0.118819
-2.46393 -0.139071 0.117459
-2.44747 -0.146255 0.116222
-2.43247 -0.15333 0.115192
-2.41881 -0.160261 0.114449
-2.40633 -0.167021 0.114049
-2.39482 -0.173591 0.114005
-2.38408 -0.179958 0.114286
-2.37389 -0.186114 0.114818
-2.3641 -0.192057 0.115504
-2.35455 -0.197792 0.11624
-2.34508 -0.203324 0.116925
-2.33553 -0.208656 0.117476
-2.32571 -0.213789 0.117856
-2.31543 -0.218722 0.118068
-2.30455 -0.223448 0.118129
-2.29298 -0.227953 0.118059
-2.28068 -0.232221 0.11787
-2.26766 -0.236227 0.11757
-2.25393 -0.239947 0.117164
-2.23954 -0.243354 0.116659
-2.22458 -0.246423 0.116054
-2.20918 -0.249134 0.115352
-2.19351 -0.251473 0.114556
-2.17776 -0.253428 0.113677
-2.16216 -0.254995 0.11273
-2.14697 -0.25617 0.111721
-2.13252 -0.256954 0.110651
-2.11916 -0.257351 0.109524
-2.10726 -0.257363 0.108352
-2.09717 -0.256993 0.107158
-2.08923 -0.256237 0.105981
-2.08376 -0.255092 0.104868
-2.08107 -0.253549 0.103875
-2.08143 -0.251599 0.10304
-2.08503 -0.249232 0.102394
-2.09197 -0.246436 0.101951
-2.10226 -0.243195 0.10171
-2.11581 -0.239497 0.101654
-2.13253 -0.235333 0.101758
-2.15228 -0.230699 0.102001
-2.17488 -0.225594 0.102384
-2.2001 -0.220023 0.10293
-2.2277 -0.213998 0.103691
-2.2574 -0.207541 0.104736
-2.28888 -0.20068 0.106134
-2.32178 -0.193451 0.107932
-2.35567 -0.185892 0.110153
-2.39007 -0.178048 0.112785
-2.42452 -0.169961 0.115776
-2.45861 -0.161671 0.119023
-2.49191 -0.153218 0.122399
-2.52406 -0.144637 0.125763
-2.55471 -0.135963 0.128989
-2.58358 -0.127222 0.131981
-2.61044 -0.118437 0.134671
-2.63515 -0.109633 0.137026
-2.6576 -0.100836 0.139032
-2.67775 -0.09207 0.140672
-2.69561 -0.0833594 0.14193
-2.71127 -0.0747323 0.142794
-2.72487 -0.0662184 0.143258
-2.73662 -0.0578488 0.143328
-2.74669 -0.0496551 0.143014
-2.75526 -0.0416678 0.142348
-2.76246 -0.0339148 0.141377
-2.76843 -0.0264209 0.140164
-2.77336 -0.0192043 0.138772
-2.77752 -0.0122752 0.137267
-2.78118 -0.005637 0.135723
-2.78466 0.000710644 0.13426
-2.78824 0.00677138 0.132987
-2.79219 0.0125494 0.131977
-2.7968 0.0180443 0.13131
-2.8023 0.0232495 0.131046
-2.80891 0.0281524 0.131211
-2.81678 0.0327336 0.131778
-2.82601 0.0369665 0.132693
-2.83666 0.0408192 0.133897
-2.84869 0.0442571 0.135313
-2.86198 0.0472475 0.136849
-2.8763 0.0497646 0.138424
-2.89135 0.051791 0.139977
-2.90679 0.0533199 0.14147
-2.92228 0.0543564 0.142913
-2.9375 0.0549154 0.144314
-2.95222 0.0550225 0.145669
-2.96622 0.0547131 0.147007
-2.97933 0.0540263 0.148366
-2.99139 0.0529982 0.149787
-3.00231 0.0516573 0.151255
-3.01199 0.0500254 0.152721
-3.02034 0.0481151 0.154119
-3.02724 0.04593 0.155339
-3.0326 0.0434668 0.156248
-3.03634 0.0407165 0.156704
-3.0384 0.0376684 0.156593
-3.03878 0.034313 0.155842
-3.03754 0.0306461 0.154423
-3.03483 0.0266751 0.152363
-3.03087 0.0224195 0.149754
-3.02596 0.0179113 0.146744
-3.02041 0.0131935 0.143518
-3.01447 0.00831741 0.14027
-3.00829 0.00333933 0.137184
-3.00198 -0.00168344 0.134408
-2.99563 -0.006696 0.132032
-2.98937 -0.011651 0.13008
-2.98338 -0.0165153 0.128543
-2.97779 -0.0212706 0.127387
-2.97275 -0.0259101 0.12656
-2.96836 -0.0304375 0.126013
-2.96476 -0.0348638 0.125724
-2.96205 -0.0392039 0.125683
-2.96034 -0.0434733 0.125892
-2.95969 -0.0476832 0.126355
-2.96009 -0.0518393 0.127068
-2.96147 -0.0559397 0.128011
-2.96367 -0.059974 0.129146
-2.96649 -0.0639249 0.13042
-2.96964 -0.0677705 0.131761
-2.97283 -0.0714863 0.133089
-2.97575 -0.0750495 0.134334
-2.97814 -0.078443 0.135451
-2.97979 -0.0816575 0.136419
-2.98051 -0.084694 0.137235
-2.98011 -0.0875651 0.137913
-2.97836 -0.0902925 0.138463
-2.97503 -0.0929026 0.138886
-2.96992 -0.0954258 0.139165
-2.96286 -0.0978932 0.139262
-2.95373 -0.100333 0.13913
-2.94246 -0.102769 0.138718
-2.92897 -0.105215 0.137991
-2.91326 -0.107678 0.136945
-2.89537 -0.110155 0.135611
-2.87548 -0.112637 0.134053
-2.85384 -0.115108 0.132354
-2.8308 -0.117553 0.130613
-2.80684 -0.119955 0.128925
-2.78244 -0.1223 0.12737
-2.75804 -0.124582 0.126011
-2.73402 -0.126798 0.124869
-2.7106 -0.128955 0.123929
-2.68791 -0.131064 0.123134
-2.666 -0.133137 0.122393
-2.64488 -0.135183 0.121613
-2.62453 -0.137212 0.12072
-2.60489 -0.139232 0.119681
-2.5859 -0.141249 0.118522
-2.56746 -0.143258 0.117326
-2.54954 -0.145249 0.116225
-2.53209 -0.147212 0.115374
-2.5151 -0.149135 0.114915
-2.49855 -0.151005 0.114953
-2.48241 -0.152811 0.115546
-2.46661 -0.154546 0.116687
-2.45104 -0.156205 0.118303
-2.43558 -0.15779 0.120257
-2.42009 -0.159306 0.122358
-2.40441 -0.160759 0.124386
-2.38838 -0.162154 0.126131
-2.37191 -0.163494 0.127419
-2.35493 -0.164785 0.128144
-2.33741 -0.166031 0.128285
-2.31936 -0.167237 0.127899
-2.30081 -0.168406 0.127091
-2.28183 -0.169536 0.125982
-2.26261 -0.170623 0.124687
-2.24339 -0.171654 0.123308
-2.2245 -0.172614 0.121927
-2.20628 -0.173481 0.120601
-2.18908 -0.174235 0.119363
-2.17319 -0.174857 0.11822
-2.15891 -0.175327 0.117153
-2.14653 -0.175626 0.116118
-2.13629 -0.175731 0.115051
-2.12844 -0.175621 0.11389
-2.12317 -0.175274 0.112585
-2.12063 -0.174673 0.111127
-2.12094 -0.1738 0.109551
-2.12421 -0.172635 0.107952
-2.13053 -0.171159 0.106448
-2.14001 -0.169355 0.105142
-2.15274 -0.167209 0.104141
-2.16882 -0.16471 0.103557
-2.18832 -0.161854 0.103488
-2.21122 -0.158638 0.104
-2.23741 -0.155067 0.105114
-2.26671 -0.151157 0.106806
-2.29882 -0.146928 0.109008
-2.33341 -0.142401 0.111614
-2.37009 -0.137597 0.114475
-2.40846 -0.132537 0.117427
-2.44814 -0.127241 0.120332
-2.48874 -0.121726 0.123079
-2.52986 -0.116004 0.125597
-2.57119 -0.110089 0.127856
-2.61242 -0.103998 0.129873
-2.65326 -0.0977487 0.131715
-2.69341 -0.0913607 0.133461
-2.73258 -0.084856 0.135169
-2.77048 -0.0782603 0.136857
-2.80693 -0.0716019 0.138508
-2.84176 -0.0649079 0.140075
-2.87485 -0.0582074 0.141491
-2.90612 -0.0515326 0.142678
-2.9355 -0.0449157 0.143557
-2.96295 -0.0383867 0.144075
-2.98847 -0.0319715 0.144218
-3.01205 -0.0256922 0.144011
-3.03372 -0.0195663 0.143509
-3.0535 -0.0136065 0.142781
-3.0715 -0.00782275 0.141913
-3.08791 -0.00222413 0.141018
-3.10295 0.0031808 0.140212
-3.11691 0.0083817 0.139608
-3.13004 0.0133624 0.139297
-3.14254 0.018098 0.13934
-3.15456 0.0225556 0.139768
-3.16622 0.0266939 0.140582
-3.17757 0.0304639 0.141736
-3.18868 0.0338137 0.143136
-3.1996 0.036694 0.144652
-3.21039 0.0390616 0.146147
-3.22106 0.0408816 0.147512
-3.23153 0.042129 0.14868
-3.24168 0.0427928 0.149625
-3.25133 0.0428778 0.150359
-3.2603 0.0424027 0.150927
-3.26844 0.0413968 0.151392
-3.27565 0.0398948 0.151808
-3.28188 0.0379329 0.152217
-3.28711 0.035546 0.152649
-3.29133 0.0327633 0.153112
-3.29448 0.0296056 0.1536
-3.29647 0.0260856 0.154084
-3.29716 0.0222094 0.1545
-3.29643 0.0179789 0.154771
-3.2942 0.0133929 0.154806
-3.29045 0.0084511 0.15451
-3.28519 0.00315859 0.153799
-3.27851 -0.00246996 0.152629
-3.27048 -0.00840908 0.151008
-3.26115 -0.0146228 0.148991
-3.25053 -0.0210651 0.146678
-3.23863 -0.0276812 0.14419
-3.22551 -0.0344105 0.141658
-3.21131 -0.0411913 0.139203
-3.19625 -0.0479643 0.136921
-3.18061 -0.054676 0.134881
-3.16463 -0.0612816 0.133125
-3.14855 -0.067747 0.131676
-3.13252 -0.0740487 0.130534
-3.11665 -0.0801722 0.129673
-3.10101 -0.0861104 0.129037
-3.08564 -0.0918594 0.128547
-3.07057 -0.097415 0.128108
-3.05581 -0.102769 0.127639
-3.04137 -0.107908 0.127081
-3.02725 -0.112813 0.126417
-3.01336 -0.117458 0.125673
-2.99955 -0.121815 0.124912
-2.98561 -0.125855 0.124227
-2.9713 -0.129546 0.123713
-2.95638 -0.132861 0.123455
-2.94066 -0.135782 0.123501
-2.92396 -0.138296 0.12386
-2.90613 -0.140405 0.124506
-2.88699 -0.142119 0.125386
-2.86642 -0.14346 0.126427
-2.84431 -0.144454 0.127545
-2.82062 -0.145136 0.128644
-2.79534 -0.145541 0.129625
-2.76844 -0.145705 0.130397
-2.73992 -0.145659 0.130886
-2.70977 -0.145431 0.131044
-2.67807 -0.145041 0.130846
-2.64496 -0.144506 0.13029
-2.61064 -0.143835 0.129404
-2.57538 -0.143036 0.128249
-2.53949 -0.142114 0.126912
-2.50324 -0.141076 0.125501
-2.46684 -0.13993 0.124124
-2.43037 -0.138686 0.122859
-2.39397 -0.137357 0.121752
-2.35785 -0.135958 0.120826
