-1.22202e-06 -2.04441e-15 -0.0613396
-5.39878e-05 8.0804e-09 -0.0613394
-0.000259977 1.55947e-07 -0.0613384
-0.00065587 1.19113e-06 -0.0613353
-0.00121885 4.97478e-06 -0.0613283
-0.00192761 1.30512e-05 -0.0613132
-0.00277199 2.32198e-05 -0.0612843
-0.0037667 2.89044e-05 -0.0612377
-0.00493771 2.28984e-05 -0.061172
-0.00630641 -7.64487e-08 -0.0610815
-0.00792138 -4.39547e-05 -0.0609593
-0.00988298 -0.000112047 -0.0608082
-0.0123142 -0.000205631 -0.0606396
-0.0152843 -0.000320369 -0.06046
-0.0187859 -0.000446993 -0.0602661
-0.0227758 -0.000578468 -0.0600501
-0.0271738 -0.000714746 -0.059801
-0.0318561 -0.000863081 -0.0595056
-0.0366669 -0.00103775 -0.0591541
-0.0414285 -0.00125814 -0.0587467
-0.0459435 -0.00154418 -0.0582967
-0.0500403 -0.00190945 -0.0578292
-0.0536279 -0.0023548 -0.0573777
-0.0566851 -0.00286546 -0.0569795
-0.0592513 -0.00341076 -0.0566689
-0.0613405 -0.00394659 -0.056468
-0.0628618 -0.00442353 -0.0563804
-0.0637094 -0.00479949 -0.0563953
-0.0638506 -0.00505179 -0.0564973
-0.0633506 -0.00518254 -0.056671
-0.0623616 -0.00521377 -0.0569012
-0.0610329 -0.00517754 -0.0571732
-0.0594616 -0.00510785 -0.0574737
-0.0577279 -0.00503363 -0.0577945
-0.0559058 -0.00497233 -0.0581299
-0.0540881 -0.00492621 -0.0584651
-0.0524026 -0.00488181 -0.0587679
-0.0509672 -0.00481628 -0.058993
-0.0498735 -0.00470805 -0.0590976
-0.0491514 -0.00454453 -0.0590596
-0.0487347 -0.00432734 -0.0588894
-0.0484527 -0.00407269 -0.0586288
-0.0479891 -0.00380353 -0.0583363
-0.0470121 -0.003541 -0.058068
-0.0453312 -0.00329842 -0.0578647
-0.0428911 -0.0030769 -0.057753
-0.0397652 -0.00286276 -0.0577521
-0.0360239 -0.00262611 -0.057874
-0.031608 -0.00232657 -0.0581215
-0.0264902 -0.00192752 -0.0584938
-0.0208271 -0.00140946 -0.0589906
-0.0148497 -0.000776532 -0.0596043
-0.00873314 -5.43264e-05 -0.0603093
-0.00260704 0.000715703 -0.0610624
0.00340067 0.00147723 -0.0618113
0.00917159 0.00216567 -0.0625074
0.0146536 0.00272446 -0.0631162
0.0199114 0.00311921 -0.063616
0.0251459 0.00334316 -0.0639851
0.0305443 0.00341165 -0.064215
0.0361215 0.00335234 -0.0643252
0.041789 0.00320398 -0.0643538
0.047421 0.00301705 -0.064346
0.0529269 0.00284721 -0.0643533
0.0583155 0.00274624 -0.0644297
0.0636282 0.00275586 -0.0646194
0.0688751 0.00290287 -0.0649509
0.0738741 0.00319493 -0.0654337
0.0781289 0.00362118 -0.0660503
0.0811683 0.0041586 -0.06675
0.0828575 0.0047773 -0.0674544
0.0832767 0.00543934 -0.0680768
0.0825835 0.0060899 -0.0685412
0.0808824 0.00665414 -0.0687919
0.0782069 0.00705412 -0.0687923
0.0747193 0.00723087 -0.0685112
0.0707815 0.00715251 -0.0679252
0.0666375 0.00681216 -0.0670536
0.062105 0.00622529 -0.0659823
0.0568089 0.00543862 -0.0648461
0.0504803 0.00454521 -0.0637748
0.0432392 0.00367477 -0.0628561
0.0357537 0.00295485 -0.0621311
0.0288038 0.00246997 -0.0616024
0.0229304 0.00223355 -0.0612601
0.0182885 0.00218503 -0.0610853
0.0146017 0.00221878 -0.0610396
0.0114868 0.00222236 -0.0610782
0.00862055 0.00210373 -0.0611725
0.0056666 0.00181058 -0.0613309
0.00224423 0.00133847 -0.0615934
-0.00204019 0.000728405 -0.0619767
-0.00744147 6.22049e-05 -0.0624078
-0.0140307 -0.000564178 -0.0627137
-0.0218334 -0.00108911 -0.0626789
-0.0307865 -0.00151919 -0.0621472
-0.0406112 -0.00193448 -0.0611036
-0.0508331 -0.00245789 -0.0596686
-0.0607319 -0.00320207 -0.0580356
-0.0697025 -0.00422933 -0.0564196
-0.0777204 -0.00552442 -0.0550104
-0.0850081 -0.00698137 -0.053934
-0.0917247 -0.00841801 -0.0532309
-0.0979011 -0.00961426 -0.0528649
-0.103354 -0.0103726 -0.0527493
-0.10792 -0.0105784 -0.0527866
-0.111622 -0.01023 -0.052912
-0.114604 -0.0094402 -0.0531029
-0.117075 -0.00841103 -0.0533549
-0.119235 -0.00738329 -0.0536744
-0.12117 -0.00658212 -0.0540833
-0.122826 -0.00616101 -0.054572
-0.123995 -0.00616418 -0.0550418
-0.12443 -0.0065396 -0.0553495
-0.123995 -0.00716934 -0.0553873
-0.122566 -0.00790068 -0.0551006
-0.119941 -0.00859915 -0.0545041
-0.115855 -0.00917724 -0.0536928
-0.110062 -0.00958425 -0.0528531
-0.10263 -0.00981378 -0.0522316
-0.09408 -0.0098873 -0.0520551
-0.0849202 -0.00979252 -0.0524473
-0.0753559 -0.00947037 -0.0534142
-0.0656325 -0.00884816 -0.0548709
-0.0562506 -0.00786637 -0.0566736
-0.0477478 -0.00650299 -0.0586419
-0.0404139 -0.00478869 -0.0605482
-0.0341833 -0.00282234 -0.0621641
-0.0286703 -0.000786395 -0.0633197
-0.0237158 0.00107056 -0.0639475
-0.0197861 0.00248461 -0.0640762
-0.0174687 0.00325139 -0.06379
-0.016971 0.00330545 -0.0631871
-0.0180296 0.00273892 -0.0623289
-0.020107 0.00175454 -0.0612501
-0.0227165 0.000612135 -0.0600286
-0.0254929 -0.000427765 -0.0587937
-0.0281101 -0.00115861 -0.0576366
-0.030224 -0.00146075 -0.0566179
-0.0315265 -0.00132552 -0.0557972
-0.0319656 -0.000853757 -0.0552799
-0.0318357 -0.000214741 -0.0552148
-0.031693 0.000413681 -0.055723
-0.0321344 0.000911541 -0.0568225
-0.0334984 0.00124847 -0.0583803
-0.0359788 0.00145895 -0.0601059
-0.0399277 0.00159432 -0.0616477
-0.0457001 0.00167079 -0.0627227
-0.0534125 0.00163501 -0.063152
-0.062856 0.00137307 -0.0628648
-0.0732833 0.000760434 -0.0618232
-0.0837909 -0.000301005 -0.0601539
-0.0940496 -0.00188723 -0.0580862
-0.104052 -0.00401708 -0.0558429
-0.113374 -0.00657668 -0.0536464
-0.121154 -0.00931725 -0.0516731
-0.126813 -0.0119508 -0.0500821
-0.130288 -0.0142675 -0.0492174
-0.131776 -0.0161343 -0.0491055
-0.131595 -0.0174373 -0.0494413
-0.129874 -0.0181025 -0.0500779
-0.126626 -0.0181103 -0.0511194
-0.1222 -0.0174817 -0.0525711
-0.116764 -0.0162885 -0.0543169
-0.109842 -0.0146736 -0.0562223
-0.101888 -0.0128547 -0.0581536
-0.09486 -0.0111146 -0.0600022
-0.0904092 -0.00972225 -0.0614949
-0.0893685 -0.00882499 -0.0625331
-0.0920985 -0.00842795 -0.0630411
-0.0981584 -0.00842787 -0.0629691
-0.106833 -0.00865659 -0.0623341
-0.117389 -0.0088991 -0.0611901
-0.128949 -0.00895453 -0.0594902
-0.141348 -0.00876085 -0.0571034
-0.154776 -0.0084076 -0.0540447
-0.168831 -0.0080691 -0.0506124
-0.182885 -0.00794912 -0.0472926
-0.196237 -0.00820818 -0.0444962
-0.207882 -0.00889746 -0.042679
-0.216958 -0.00993485 -0.041995
-0.223118 -0.0111195 -0.0422204
-0.226348 -0.012171 -0.0428872
-0.226531 -0.0128367 -0.0439403
-0.223776 -0.0129864 -0.0452181
-0.218917 -0.01264 -0.0464717
-0.212464 -0.0119659 -0.0476561
-0.204291 -0.0112181 -0.0488322
-0.19467 -0.0106729 -0.0501414
-0.184158 -0.0105939 -0.0517519
-0.173012 -0.0111558 -0.0537314
-0.161669 -0.0123639 -0.0557824
-0.150578 -0.0140382 -0.0576859
-0.139364 -0.0158774 -0.0592035
-0.127426 -0.0175669 -0.0601
-0.114394 -0.0188583 -0.0602129
-0.0997791 -0.0196158 -0.0596486
-0.0835182 -0.0198604 -0.0586817
-0.0663182 -0.0197359 -0.0577381
-0.0485979 -0.0194057 -0.0572355
-0.0303942 -0.0189432 -0.0574662
-0.0117793 -0.0182624 -0.0584879
0.00769082 -0.0171887 -0.0602232
0.0286448 -0.015523 -0.0625588
0.0515976 -0.0130187 -0.0652141
0.0771914 -0.00949757 -0.0678063
0.105432 -0.00498811 -0.0700445
0.134958 0.000278886 -0.0721064
0.163482 0.00585658 -0.073945
0.189161 0.0111947 -0.0756297
0.211161 0.0159441 -0.0771302
0.229074 0.0200307 -0.0785481
0.242831 0.0235167 -0.0799138
0.252816 0.0265637 -0.0811288
0.259724 0.0294236 -0.0817098
0.263642 0.0322911 -0.0813517
0.263565 0.0351637 -0.0802251
0.258866 0.0379188 -0.0783018
0.250332 0.040379 -0.075606
0.238896 0.042266 -0.0724766
0.225097 0.0432685 -0.0694907
0.209947 0.0432122 -0.0671356
0.194724 0.0421257 -0.0657803
0.18039 0.0401951 -0.0652152
0.167083 0.0377452 -0.0650569
0.154051 0.0351421 -0.0650418
0.140227 0.0326433 -0.065008
0.125188 0.0303806 -0.0647269
0.109581 0.0283575 -0.0641166
0.0941817 0.0264039 -0.063339
0.0795615 0.0242113 -0.0627344
0.0659984 0.02145 -0.0625672
0.0525586 0.0178919 -0.0629486
0.0372649 0.0134531 -0.0637044
0.0181634 0.00820457 -0.0645291
-0.0062176 0.00239695 -0.0651061
-0.0366483 -0.00357901 -0.0652077
-0.0725823 -0.00933737 -0.0645091
-0.11236 -0.0146207 -0.0628264
-0.154542 -0.0193171 -0.0604391
-0.197994 -0.0234867 -0.0575262
-0.241392 -0.0273218 -0.0541367
-0.283578 -0.0310588 -0.0505379
-0.323781 -0.0349571 -0.0470239
-0.361114 -0.0392112 -0.0437781
-0.394656 -0.0438918 -0.040988
-0.423985 -0.0489217 -0.0386894
-0.44857 -0.0539334 -0.0371173
-0.467556 -0.0583629 -0.0367381
-0.481131 -0.0618542 -0.0372222
-0.491454 -0.064329 -0.0373365
-0.500424 -0.0656574 -0.0366828
-0.507877 -0.0656644 -0.036568
-0.513742 -0.0644567 -0.0374717
-0.518762 -0.0623843 -0.038419
-0.522571 -0.0597871 -0.0387264
-0.524076 -0.0568676 -0.0396487
-0.523245 -0.0538169 -0.041433
-0.520577 -0.0509094 -0.0431345
-0.515741 -0.0481782 -0.0444475
-0.509176 -0.045555 -0.0453147
-0.502487 -0.043112 -0.0461754
-0.494792 -0.040769 -0.046691
-0.484513 -0.0383463 -0.0468649
-0.472975 -0.03581 -0.0466943
-0.460979 -0.0332201 -0.0460363
-0.447568 -0.0305485 -0.0452921
-0.433031 -0.0277312 -0.044547
-0.418713 -0.0248622 -0.0436152
-0.404643 -0.0220981 -0.042845
-0.390249 -0.0194976 -0.0425193
-0.376147 -0.0170693 -0.0421538
-0.362085 -0.0147868 -0.0415957
-0.345606 -0.012523 -0.0415448
-0.324639 -0.0101546 -0.0422492
-0.29968 -0.00776082 -0.0430285
-0.272029 -0.00551446 -0.0438779
-0.242013 -0.00348941 -0.0455518
-0.210321 -0.00166639 -0.0480065
-0.177394 8.94165e-06 -0.0505429
-0.142069 0.00153384 -0.0531072
-0.103685 0.00286079 -0.0560291
-0.0633746 0.00393638 -0.0589843
-0.0225447 0.00471911 -0.062161
0.018312 0.00523961 -0.0654225
0.0589753 0.00560038 -0.0685949
0.0991417 0.00596209 -0.0716262
0.139033 0.00647469 -0.0740037
0.178435 0.00719585 -0.0757107
0.216126 0.00812911 -0.0772496
0.251419 0.00922085 -0.0787734
0.284154 0.0103969 -0.0800251
0.313686 0.011686 -0.0812036
0.339866 0.0131904 -0.0823072
0.36324 0.014981 -0.0829967
0.383617 0.0171229 -0.0833189
0.400588 0.0196788 -0.0836783
0.414483 0.0226361 -0.0840427
0.425413 0.0259571 -0.0843884
0.432867 0.0296225 -0.084938
0.436581 0.0335521 -0.0854806
0.436533 0.0375763 -0.0855358
0.432605 0.0415026 -0.0850623
0.425126 0.0451394 -0.0842559
0.414517 0.048284 -0.0831831
0.400176 0.0507781 -0.0819335
0.381353 0.0525548 -0.0806962
0.358366 0.053595 -0.0792807
0.331571 0.0539009 -0.0774949
0.301202 0.0535276 -0.0754302
0.268225 0.052556 -0.0732656
0.233294 0.0510624 -0.0710966
0.196403 0.049128 -0.0688523
0.158132 0.0468039 -0.0664055
0.119328 0.0440904 -0.0636096
0.0802543 0.040946 -0.0604998
0.0412911 0.0372727 -0.0574432
0.00337791 0.032952 -0.0550331
-0.033355 0.0278925 -0.0534872
-0.0701002 0.0220468 -0.0524006
-0.107407 0.0154997 -0.0515181
-0.144493 0.00848831 -0.0512721
-0.181105 0.00127634 -0.0514988
-0.217728 -0.00591697 -0.051551
-0.254049 -0.0129324 -0.0513518
-0.289407 -0.0196953 -0.0511524
-0.323753 -0.0262063 -0.0508073
-0.356709 -0.0325232 -0.0500148
-0.386863 -0.0387269 -0.0490074
-0.412856 -0.0448642 -0.0480697
-0.4342 -0.0509716 -0.0472194
-0.45035 -0.0571012 -0.046412
-0.460089 -0.0631971 -0.0459187
-0.46242 -0.0690634 -0.0457939
-0.456595 -0.0744609 -0.0457839
-0.441111 -0.0791217 -0.0458572
-0.414071 -0.0827682 -0.0462392
-0.37428 -0.0852215 -0.0466342
-0.320918 -0.086459 -0.0466449
-0.252846 -0.0864701 -0.0466681
-0.169065 -0.08514 -0.0473871
-0.0690967 -0.0824314 -0.0490204
0.0474595 -0.078448 -0.0513677
0.180855 -0.0731968 -0.05483
0.330914 -0.0666073 -0.0591931
0.497675 -0.0586364 -0.0641203
0.681636 -0.0491733 -0.069349
0.88274 -0.0381269 -0.0748751
1.09989 -0.0255126 -0.0805994
1.33206 -0.0114171 -0.0860216
1.57913 0.00409146 -0.090799
1.84146 0.0209719 -0.0948711
2.11857 0.0389248 -0.0980473
2.40859 0.0574306 -0.100629
2.71037 0.0761487 -0.103062
3.0243 0.0949433 -0.105065
3.35028 0.113735 -0.106701
3.6883 0.13256 -0.108283
4.03975 0.151587 -0.109631
4.4056 0.171001 -0.110277
4.78534 0.190857 -0.110251
5.1786 0.211072 -0.109534
5.58524 0.231547 -0.107984
6.00428 0.252192 -0.105743
6.43471 0.272788 -0.103258
6.8762 0.29303 -0.100493
7.32861 0.312659 -0.0973965
7.79115 0.3314 -0.0941061
8.26283 0.348986 -0.0908167
8.74274 0.365284 -0.0876019
9.22908 0.380264 -0.0846062
9.71887 0.393918 -0.0819342
10.2084 0.406274 -0.0795953
10.6933 0.417418 -0.077518
11.1691 0.427457 -0.0757214
11.631 0.436468 -0.0741434
12.0748 0.444489 -0.0725234
12.4969 0.451535 -0.0706225
12.8936 0.457577 -0.0683447
13.2622 0.462549 -0.0656791
13.6002 0.466379 -0.0626648
13.9056 0.468987 -0.059388
14.1762 0.470299 -0.0561397
14.41 0.470241 -0.0532294
14.6055 0.468709 -0.0509935
14.7613 0.465581 -0.0499534
14.8764 0.460727 -0.0505477
14.9502 0.454035 -0.0529375
14.9817 0.445434 -0.0570534
14.9702 0.434843 -0.0628399
14.9156 0.422166 -0.0698793
14.8175 0.407378 -0.0769343
14.6749 0.390507 -0.0830981
14.4885 0.371529 -0.0879814
14.2631 0.350324 -0.0916824
14.0073 0.326762 -0.0947932
13.7321 0.300897 -0.098034
13.4477 0.272953 -0.101642
13.1596 0.243164 -0.105156
12.8701 0.211701 -0.106772
12.5805 0.178728 -0.105329
12.2901 0.144363 -0.102157
11.9958 0.108681 -0.0996416
11.6956 0.0719429 -0.0990026
11.3913 0.0346666 -0.0981915
11.0867 -0.00255096 -0.0932249
10.7843 -0.039218 -0.0812642
10.4872 -0.0752414 -0.0623802
10.1973 -0.110228 -0.022072
9.91325 -0.143322 0.0404833
9.63393 -0.174474 0.102223
9.36026 -0.204014 0.15585
9.08832 -0.232079 0.202962
8.8078 -0.25868 0.241705
8.51186 -0.283265 0.267905
8.20222 -0.305058 0.279024
7.88499 -0.323583 0.277023
7.565 -0.338518 0.264681
7.23921 -0.349527 0.240698
6.89716 -0.35632 0.204639
6.52963 -0.358784 0.159674
6.1356 -0.357024 0.108659
5.72366 -0.351296 0.0517378
5.30208 -0.341174 0.00111008
4.86572 -0.326832 -0.0318145
4.40113 -0.311558 -0.0448946
3.89946 -0.298656 -0.0424304
3.35842 -0.287661 -0.0260013
2.78647 -0.2783 0.00867308
2.19195 -0.272596 0.0604093
1.57032 -0.270662 0.117988
0.920959 -0.271985 0.168537
0.24344 -0.276851 0.219105
-0.469659 -0.284453 0.274548
-1.21691 -0.294063 0.330395
-1.98751 -0.304659 0.382646
-2.77027 -0.314423 0.432882
-3.55911 -0.322642 0.485995
-4.35026 -0.329801 0.544396
-5.14012 -0.33635 0.605875
-5.92632 -0.342598 0.666431
-6.70545 -0.349068 0.728143
-7.47516 -0.356359 0.791861
-8.23678 -0.36479 0.858228
-8.99379 -0.374624 0.930724
-9.74822 -0.38614 1.00638
-10.5014 -0.39951 1.08591
-11.2557 -0.415098 1.16879
-12.0121 -0.433435 1.25451
-12.7688 -0.454822 1.34924
-13.5197 -0.479008 1.44905
-14.2524 -0.50561 1.54561
-14.9528 -0.534894 1.63592
-15.6178 -0.56708 1.72262
-16.2552 -0.601274 1.80933
-16.8707 -0.636152 1.88902
-17.4659 -0.670495 1.93948
-18.0413 -0.703362 1.95315
-18.5962 -0.735158 1.93824
-19.1359 -0.767056 1.90985
-19.6655 -0.79955 1.89211
-20.1834 -0.831965 1.89354
-20.6826 -0.862812 1.91203
-21.1562 -0.891145 1.94074
-21.6037 -0.916992 1.97067
-22.0261 -0.940337 1.99504
-22.4213 -0.960442 2.01002
-22.788 -0.976821 2.01841
-23.1275 -0.989971 2.02372
-23.4407 -1.00046 2.02895
-23.725 -1.00817 2.03433
-23.9785 -1.01285 2.03896
-24.2036 -1.01482 2.04212
-24.4048 -1.01477 2.0444
-24.5865 -1.01321 2.04675
-24.7518 -1.01051 2.04839
-24.9038 -1.00718 2.04855
-25.0446 -1.00396 2.04715
-25.1751 -1.00167 2.04479
-25.2948 -1.00083 2.04096
-25.4021 -1.00172 2.03435
-25.4964 -1.00448 2.02481
-25.5783 -1.00932 2.01345
-25.6483 -1.0164 2.00024
-25.7072 -1.02569 1.98354
-25.756 -1.03701 1.962
-25.7955 -1.05005 1.93615
-25.8251 -1.06439 1.90749
-25.8431 -1.07955 1.87688
-25.8471 -1.09496 1.84456
-25.836 -1.11004 1.81185
-25.8093 -1.12427 1.78022
-25.7669 -1.13728 1.75052
-25.7089 -1.14884 1.72313
-25.6356 -1.15876 1.69776
-25.5475 -1.1669 1.67491
-25.4444 -1.17307 1.6551
-25.3259 -1.17718 1.63808
-25.1917 -1.17923 1.62318
-25.0411 -1.17924 1.61009
-24.873 -1.17736 1.59908
-24.6858 -1.17387 1.59094
-24.4789 -1.16913 1.58534
-24.2524 -1.16346 1.58121
-24.0058 -1.15721 1.57852
-23.7378 -1.15079 1.57725
-23.4468 -1.14461 1.57566
-23.1331 -1.13894 1.57189
-22.798 -1.13393 1.56495
-22.4434 -1.12978 1.55303
-22.0716 -1.12674 1.534
-21.6857 -1.12498 1.5064
-21.2882 -1.12451 1.47021
-20.8803 -1.12524 1.426
-20.4618 -1.12703 1.37354
-20.0317 -1.12974 1.31237
-19.5899 -1.13317 1.24304
-19.1367 -1.13694 1.16666
-18.672 -1.14051 1.08448
-18.1953 -1.14331 0.997407
-17.7069 -1.14476 0.90655
-17.2069 -1.14425 0.813914
-16.6957 -1.14106 0.720822
-16.1726 -1.1346 0.629529
-15.6358 -1.12433 0.544161
-15.0848 -1.10936 0.468629
-14.5223 -1.08817 0.404649
-13.951 -1.06023 0.349615
-13.3719 -1.02656 0.302519
-12.7844 -0.987452 0.264586
-12.1889 -0.942598 0.235673
-11.5886 -0.892983 0.216374
-10.9885 -0.84087 0.204741
-10.3934 -0.788459 0.197288
-9.80572 -0.736929 0.190913
-9.22662 -0.687306 0.182468
-8.6569 -0.641131 0.169832
-8.09765 -0.599377 0.15149
-7.55003 -0.561829 0.127216
-7.01478 -0.527522 0.0980091
-6.49187 -0.495191 0.0658791
-5.98081 -0.463379 0.0331522
-5.48146 -0.430284 0.00190183
-4.99422 -0.393888 -0.0262643
-4.5196 -0.352392 -0.0502231
-4.0576 -0.304513 -0.0695359
-3.60688 -0.249552 -0.0843059
-3.16535 -0.187478 -0.0948544
-2.7315 -0.119083 -0.101432
-2.30496 -0.0459887 -0.104145
-1.88636 0.0295824 -0.103194
-1.47621 0.10526 -0.0993955
-1.07395 0.178727 -0.0947139
-0.678308 0.247581 -0.0918295
-0.287645 0.309818 -0.0933664
0.0988919 0.364408 -0.0990907
0.480458 0.411219 -0.104264
0.855999 0.451145 -0.109162
1.22581 0.486078 -0.114846
1.5904 0.518498 -0.118957
1.94903 0.550973 -0.119638
2.30074 0.585112 -0.11607
2.64605 0.621583 -0.10928
2.98706 0.660952 -0.0995566
3.32589 0.703198 -0.0869966
3.66349 0.747334 -0.0714561
4.00024 0.791945 -0.0536074
4.33618 0.835421 -0.0351205
4.67087 0.876164 -0.0179242
5.00383 0.91255 -0.00406852
5.33446 0.942993 0.00480949
5.66167 0.966654 0.00810372
5.98379 0.983443 0.00588546
6.29906 0.993743 -0.000981798
6.60677 0.998477 -0.0111553
6.90721 0.999039 -0.0229525
7.2007 0.99703 -0.0346492
7.48678 0.994044 -0.0446599
7.76386 0.991443 -0.0519054
8.03007 0.990151 -0.0559323
8.28428 0.990597 -0.0568107
8.52612 0.992667 -0.0549389
8.75544 0.995666 -0.0508157
8.97149 0.998401 -0.0450394
9.17284 0.999437 -0.0385329
9.35797 0.997348 -0.0326072
9.52577 0.990952 -0.0287063
9.67582 0.97947 -0.028056
9.80805 0.962595 -0.0313311
9.92249 0.94048 -0.0383654
10.0192 0.913698 -0.0482557
10.0981 0.883188 -0.0597705
10.1594 0.850148 -0.0716571
10.2038 0.815869 -0.0828979
10.2325 0.781558 -0.0927051
10.2464 0.748138 -0.100519
10.2458 0.716119 -0.106061
10.2308 0.685572 -0.10923
10.2021 0.656174 -0.110128
10.1612 0.627259 -0.109182
10.1092 0.597934 -0.107165
10.0466 0.567203 -0.104974
9.9731 0.534115 -0.103384
9.88855 0.497961 -0.102972
9.7934 0.458451 -0.104017
9.68835 0.41578 -0.10644
9.57433 0.370588 -0.109934
9.45254 0.323895 -0.113996
9.32459 0.276939 -0.117808
9.1922 0.230996 -0.120365
9.05689 0.187191 -0.120773
8.91984 0.146342 -0.11856
8.78203 0.108869 -0.113734
8.64418 0.0747952 -0.106548
8.50656 0.0437777 -0.0974865
8.36905 0.0152069 -0.0872748
8.23138 -0.0116621 -0.0768592
8.0932 -0.037586 -0.0672985
7.95402 -0.0632209 -0.0595125
7.81295 -0.0890321 -0.0541777
7.66849 -0.115251 -0.0515936
7.51883 -0.141852 -0.0517593
7.3624 -0.168533 -0.0545113
7.1982 -0.194747 -0.0596259
7.02579 -0.219792 -0.0666804
6.84499 -0.242884 -0.0750624
6.65572 -0.263267 -0.0841399
6.45808 -0.280338 -0.0933183
6.25251 -0.293714 -0.102217
6.03946 -0.303277 -0.11063
5.81899 -0.309224 -0.118436
5.5906 -0.312085 -0.125561
5.35338 -0.312658 -0.132059
5.10639 -0.311906 -0.138127
4.84888 -0.310842 -0.143914
4.58038 -0.31039 -0.149462
4.3009 -0.31128 -0.154345
4.01164 -0.314045 -0.157909
3.71561 -0.318894 -0.160338
3.41457 -0.325518 -0.162184
3.10733 -0.333494 -0.163412
2.79343 -0.342537 -0.163502
2.47366 -0.352137 -0.161954
2.14847 -0.361645 -0.158048
1.81767 -0.37068 -0.151066
1.48089 -0.37916 -0.141123
1.13884 -0.387094 -0.12856
0.792367 -0.394551 -0.113456
0.441404 -0.401707 -0.0958911
0.0853472 -0.408968 -0.075723
-0.27597 -0.417037 -0.0532126
-0.641549 -0.42663 -0.0284533
-1.01006 -0.438118 -0.00130501
-1.38073 -0.451649 0.0286777
-1.75302 -0.467339 0.0617343
-2.12581 -0.485071 0.0958364
-2.49737 -0.504434 0.128618
-2.86589 -0.524943 0.15911
-3.23005 -0.546153 0.187245
-3.58898 -0.567651 0.213132
-3.94192 -0.589068 0.237101
-4.28783 -0.610182 0.25988
-4.62503 -0.630852 0.281758
-4.95181 -0.650919 0.30241
-5.26703 -0.670338 0.321458
-5.57011 -0.689192 0.338718
-5.86074 -0.707511 0.354076
-6.13851 -0.725255 0.367198
-6.40247 -0.742343 0.377771
-6.65133 -0.758653 0.385846
-6.88388 -0.774026 0.391753
-7.09954 -0.788099 0.396312
-7.29867 -0.800279 0.400949
-7.48229 -0.810128 0.406718
-7.65204 -0.817557 0.414175
-7.80998 -0.822608 0.423583
-7.95862 -0.825329 0.434478
-8.10058 -0.825776 0.44632
-8.23778 -0.824056 0.458413
-8.37109 -0.820369 0.470004
-8.50066 -0.814973 0.480809
-8.62674 -0.808197 0.4905
-8.74997 -0.800432 0.499058
-8.871 -0.792072 0.506847
-8.98975 -0.783476 0.513764
-9.10518 -0.774906 0.518669
-9.21593 -0.766527 0.520744
-9.32127 -0.758425 0.520888
-9.42146 -0.750582 0.520843
-9.51722 -0.742781 0.521769
-9.60897 -0.73462 0.523856
-9.69667 -0.725711 0.52715
-9.77994 -0.715657 0.531891
-9.85898 -0.703993 0.538001
-9.93501 -0.690407 0.544952
-10.0095 -0.674766 0.552365
-10.0833 -0.656935 0.5603
-10.157 -0.636822 0.569473
-10.231 -0.614401 0.580859
-10.3062 -0.589711 0.594709
-10.3839 -0.562955 0.610993
-10.4653 -0.534493 0.62965
-10.5507 -0.504662 0.649835
-10.6391 -0.473679 0.670393
-10.7291 -0.441659 0.690475
-10.8199 -0.408684 0.709808
-10.9109 -0.37492 0.728737
-11.0016 -0.340618 0.747918
-11.0911 -0.306063 0.767718
-11.1785 -0.271578 0.788108
-11.2636 -0.237502 0.808657
-11.3468 -0.204219 0.828735
-11.4291 -0.172147 0.848003
-11.5111 -0.141684 0.866248
-11.593 -0.113217 0.883385
-11.6744 -0.0871428 0.899564
-11.7557 -0.0638402 0.91505
-11.8371 -0.0435945 0.929974
-11.9187 -0.0265379 0.94417
-11.9996 -0.0126667 0.957048
-12.0786 -0.00186183 0.967963
-12.1548 0.0060345 0.976675
-12.228 0.0111482 0.983278
-12.2978 0.0136564 0.988041
-12.3636 0.0138187 0.991364
-12.4246 0.0119128 0.99372
-12.4804 0.00818927 0.99566
-12.5318 0.00282014 0.997681
-12.5806 -0.00410385 1.00008
-12.628 -0.0125747 1.00306
-12.6743 -0.0226709 1.00665
-12.7189 -0.0344849 1.01076
-12.7613 -0.0481008 1.01522
-12.8012 -0.0635715 1.01984
-12.8388 -0.0808853 1.02453
-12.8738 -0.0999902 1.02933
-12.9051 -0.120836 1.03402
-12.9318 -0.143416 1.03818
-12.953 -0.167761 1.0415
-12.9683 -0.193892 1.04384
-12.9769 -0.221785 1.0451
-12.978 -0.251393 1.04522
-12.9705 -0.282668 1.04412
-12.9546 -0.315597 1.04181
-12.9315 -0.350256 1.03826
-12.9027 -0.386733 1.03336
-12.8691 -0.425085 1.02698
-12.8309 -0.465325 1.01886
-12.7873 -0.507375 1.00879
-12.7373 -0.551086 0.996709
-12.6802 -0.596228 0.98269
-12.6147 -0.64247 0.96686
-12.5395 -0.689411 0.949321
-12.453 -0.736619 0.930133
-12.3537 -0.783665 0.909378
-12.241 -0.830139 0.887167
-12.1148 -0.875654 0.863629
-11.9748 -0.919831 0.838878
-11.8205 -0.962326 0.813004
-11.6511 -1.00285 0.786088
-11.466 -1.04116 0.758113
-11.2653 -1.07708 0.728975
-11.0489 -1.11048 0.698571
-10.8166 -1.14127 0.666775
-10.568 -1.16938 0.633571
-10.3024 -1.19472 0.598973
-10.0195 -1.21724 0.563019
-9.71945 -1.23683 0.525824
-9.40206 -1.25339 0.487485
-9.06736 -1.2668 0.448057
-8.71587 -1.27691 0.407444
-8.34907 -1.28361 0.36548
-7.96976 -1.28682 0.322333
-7.58148 -1.2865 0.278373
-7.18769 -1.2826 0.233831
-6.79148 -1.27516 0.18919
-6.39542 -1.2643 0.144568
-6.0016 -1.24989 0.100234
-5.61164 -1.23127 0.0586467
-5.22718 -1.20794 0.0248855
-4.85123 -1.1806 -0.00158034
-4.48717 -1.1489 -0.0224584
-4.13748 -1.11174 -0.0375412
-3.80483 -1.06948 -0.0492842
-3.48893 -1.02206 -0.0582056
-3.1844 -0.969403 -0.0641467
-2.88648 -0.91244 -0.0678822
-2.59459 -0.851744 -0.0695308
-2.30824 -0.787788 -0.0694562
-2.02632 -0.721374 -0.0690027
-1.7485 -0.653103 -0.0694506
-1.47556 -0.583637 -0.071966
-1.20874 -0.513635 -0.0768415
-0.94759 -0.443627 -0.0838259
-0.690636 -0.374126 -0.0919124
-0.435913 -0.305529 -0.100326
-0.182003 -0.23811 -0.108723
0.0715503 -0.172029 -0.116675
0.325702 -0.10726 -0.12313
0.58227 -0.0436028 -0.124824
0.843416 0.0190005 -0.120137
1.11046 0.0802216 -0.108944
1.38329 0.139743 -0.0915081
1.66112 0.19747 -0.0708543
1.94377 0.253209 -0.0489836
2.23228 0.30672 -0.026732
2.52802 0.357674 -0.00479504
2.83171 0.405829 0.0164779
3.1438 0.451393 0.036122
3.46479 0.494649 0.0529518
3.79514 0.535584 0.0663951
4.13489 0.573992 0.0766298
4.48361 0.609646 0.0846797
4.8405 0.642453 0.0911837
5.20486 0.672403 0.0955313
5.57626 0.699449 0.0971143
5.95444 0.723567 0.0955882
6.33874 0.744729 0.0909277
6.72765 0.762761 0.083756
7.11895 0.777485 0.0750159
7.5105 0.788888 0.0653568
7.90078 0.79705 0.0551738
8.28884 0.802117 0.0445371
8.67353 0.804362 0.0334542
9.05302 0.804084 0.0219557
9.42511 0.80154 0.0103977
9.78783 0.796967 -0.000718717
10.1396 0.790599 -0.0112586
10.4789 0.782654 -0.0210501
10.8043 0.773324 -0.0302626
11.1145 0.762722 -0.038926
11.408 0.750829 -0.0468811
11.6837 0.737511 -0.0541617
11.9408 0.722616 -0.0606032
12.1797 0.70604 -0.0661985
12.4012 0.687725 -0.0708213
12.6058 0.66768 -0.0744864
12.7929 0.646012 -0.0775902
12.9608 0.622901 -0.0804081
13.108 0.598594 -0.0830614
13.2333 0.573409 -0.0855353
13.3369 0.547708 -0.0877344
13.419 0.52185 -0.0895719
13.4796 0.496142 -0.0910008
13.5183 0.470823 -0.0918735
13.5339 0.446043 -0.0925492
13.5253 0.421844 -0.0923478
13.4928 0.398243 -0.0914615
13.4376 0.375213 -0.0911178
13.3613 0.352625 -0.0909818
13.2655 0.330325 -0.0906682
13.1525 0.308234 -0.0903827
13.0244 0.2863 -0.0903146
12.8819 0.264457 -0.0903438
12.7257 0.242712 -0.090691
12.5574 0.221198 -0.0911685
12.3791 0.200106 -0.0913059
12.192 0.179642 -0.090775
11.9967 0.160054 -0.0893421
11.7941 0.141622 -0.0869092
11.5855 0.124596 -0.0832851
11.3728 0.109137 -0.0781289
11.1578 0.0953126 -0.0713536
10.9412 0.0830806 -0.0627762
10.7234 0.0722777 -0.0521398
10.504 0.0627102 -0.0396718
10.2832 0.0542131 -0.0257713
10.0607 0.0466006 -0.0110319
9.83623 0.0396877 0.00351162
9.60882 0.0333583 0.0164208
9.37725 0.0275743 0.0265276
9.14032 0.0223458 0.0329824
8.89758 0.0177209 0.0351492
8.64909 0.0138056 0.0328302
8.39481 0.0107526 0.0260201
8.13423 0.00872418 0.0149245
7.86632 0.00785063 0.000230461
7.58989 0.00819721 -0.0168577
7.30387 0.00975088 -0.0347734
7.00725 0.0123822 -0.0517632
6.69877 0.0157911 -0.0661901
6.37663 0.0194997 -0.0770998
6.03881 0.0229047 -0.0845072
5.6844 0.0254617 -0.0890669
5.31497 0.0267347 -0.0909951
4.93306 0.0260835 -0.0901334
4.5388 0.0228401 -0.0863333
4.13083 0.016745 -0.0776477
3.70933 0.00775859 -0.0645612
3.27526 -0.00405218 -0.0493112
2.8291 -0.0185245 -0.0320914
2.37109 -0.0354478 -0.0135958
1.90191 -0.0544024 0.00529211
1.4228 -0.0748937 0.0240851
0.935152 -0.0965969 0.0427042
0.440483 -0.119216 0.0611438
-0.0595208 -0.142443 0.0794944
-0.563121 -0.166155 0.0983529
-1.06861 -0.19044 0.118673
-1.5746 -0.215472 0.141458
-2.07982 -0.241438 0.168528
-2.58276 -0.26862 0.202699
-3.08184 -0.297499 0.246188
-3.57559 -0.328505 0.296962
-4.06248 -0.361615 0.350778
-4.54105 -0.396617 0.405783
-5.01035 -0.433668 0.461659
-5.46988 -0.472979 0.517991
-5.91939 -0.514386 0.573559
-6.35838 -0.557609 0.626796
-6.78601 -0.60236 0.676363
-7.2013 -0.648227 0.721399
-7.60337 -0.694749 0.761603
-7.99147 -0.741432 0.796951
-8.36486 -0.787771 0.827564
-8.72289 -0.833303 0.853795
-9.0652 -0.877589 0.876071
-9.39184 -0.920181 0.894936
-9.70321 -0.960629 0.910859
-9.99963 -0.998481 0.924188
-10.2809 -1.03329 0.93549
-10.5463 -1.06467 0.94516
-10.7953 -1.0923 0.952319
-11.0283 -1.11597 0.957363
-11.246 -1.1355 0.961363
-11.4486 -1.1508 0.964387
-11.6365 -1.16198 0.967077
-11.8102 -1.16935 0.970301
-11.971 -1.17327 0.974337
-12.12 -1.17408 0.979308
-12.2582 -1.17231 0.98552
-12.3858 -1.16849 0.992661
-12.5034 -1.16313 1.0009
-12.6113 -1.15677 1.01021
-12.7108 -1.14992 1.0194
-12.8035 -1.14303 1.02829
-12.8905 -1.13661 1.03753
-12.9725 -1.13114 1.04633
-13.0496 -1.12689 1.05357
-13.1216 -1.1239 1.05918
-13.1886 -1.12219 1.06306
-13.2508 -1.12178 1.06461
-13.3082 -1.12265 1.06368
-13.36 -1.12456 1.06069
-13.4048 -1.12713 1.05639
-13.441 -1.13002 1.05135
-13.4683 -1.13292 1.04589
-13.487 -1.13544 1.0403
-13.4973 -1.13712 1.03523
-13.4983 -1.13755 1.03163
-13.4892 -1.13646 1.02976
-13.4693 -1.13366 1.03004
-13.4384 -1.12904 1.03284
-13.3959 -1.12247 1.0379
-13.3407 -1.11392 1.04479
-13.272 -1.10342 1.05301
-13.1901 -1.09111 1.06182
-13.097 -1.07719 1.07007
-12.9942 -1.0619 1.07672
-12.8823 -1.04552 1.0808
-12.7606 -1.0284 1.08155
-12.6282 -1.01091 1.07857
-12.485 -0.99343 1.07153
-12.3319 -0.976261 1.06021
-12.1693 -0.959689 1.04452
-11.9973 -0.944011 1.02444
-11.8154 -0.929522 1.00008
-11.6234 -0.916485 0.971671
-11.4221 -0.905102 0.939558
-11.2127 -0.895518 0.90409
-10.9966 -0.887846 0.865685
-10.7744 -0.88221 0.825011
-10.5464 -0.878713 0.782764
-10.3129 -0.877351 0.739277
-10.0744 -0.878066 0.695019
-9.83136 -0.880815 0.65057
-9.58389 -0.885491 0.606154
-9.33196 -0.89194 0.562145
-9.07562 -0.900076 0.519242
-8.81547 -0.909842 0.478198
-8.55237 -0.92115 0.439873
-8.28701 -0.933935 0.404792
-8.01952 -0.948168 0.373027
-7.7497 -0.963792 0.343789
-7.47756 -0.98071 0.316232
-7.20363 -0.998749 0.289078
-6.92881 -1.01768 0.261173
-6.65384 -1.03735 0.232759
-6.37897 -1.05769 0.204217
-6.10399 -1.07846 0.176025
-5.82854 -1.09929 0.148533
-5.55241 -1.11993 0.121793
-5.27544 -1.14014 0.0958587
-4.99722 -1.15964 0.0706957
-4.71699 -1.17799 0.046119
-4.43386 -1.19477 0.0221498
-4.14724 -1.2096 -0.000876259
-3.85688 -1.2221 -0.0222087
-3.56253 -1.23198 -0.0411307
-3.26378 -1.2391 -0.0577235
-2.96089 -1.24317 -0.0727495
-2.65507 -1.24377 -0.0868555
-2.34679 -1.24076 -0.100254
-2.03559 -1.23418 -0.112455
-1.72163 -1.224 -0.123398
-1.40536 -1.21015 -0.133691
-1.08678 -1.19252 -0.143424
-0.765682 -1.17088 -0.152524
-0.442409 -1.14496 -0.161017
-0.118013 -1.11453 -0.168772
0.206649 -1.07936 -0.175481
0.531307 -1.03928 -0.180942
0.856163 -0.994122 -0.185064
1.18139 -0.943795 -0.187775
1.50665 -0.888372 -0.189138
1.83125 -0.828046 -0.189262
2.15442 -0.763133 -0.188225
2.4754 -0.694019 -0.186185
2.79323 -0.621103 -0.183405
3.10653 -0.544795 -0.180127
3.41378 -0.465493 -0.176444
3.71353 -0.383583 -0.17234
4.00473 -0.299416 -0.167731
4.28669 -0.213284 -0.162478
4.55881 -0.125448 -0.156455
4.82036 -0.0361567 -0.149627
5.07049 0.0543422 -0.142006
5.30845 0.145773 -0.133562
5.53375 0.237773 -0.124217
5.74623 0.329878 -0.113966
5.94601 0.421572 -0.102975
6.13331 0.512335 -0.0915585
6.30834 0.601614 -0.0800697
6.47136 0.688818 -0.0688111
6.62275 0.773379 -0.0580208
6.76312 0.854793 -0.0479144
6.8932 0.932611 -0.0386429
7.01352 1.00645 -0.0302921
7.12432 1.076 -0.0228866
7.22559 1.14104 -0.0163683
7.31715 1.20139 -0.0105846
7.39876 1.25691 -0.00531433
7.4701 1.30752 -0.000372489
7.53079 1.35319 0.00439837
7.58057 1.39393 0.00910913
7.61931 1.42977 0.0137994
7.6471 1.46073 0.018486
7.66419 1.48684 0.0232027
7.67071 1.5081 0.0280178
7.66662 1.52448 0.0329567
7.6517 1.53593 0.0379189
7.62577 1.54234 0.0426472
7.5889 1.54363 0.0467693
7.54131 1.53968 0.0498491
7.48326 1.53041 0.0515574
7.41492 1.51575 0.0517177
7.33634 1.49566 0.0502321
7.24761 1.47019 0.0470975
7.14895 1.43945 0.042408
7.04057 1.40362 0.036369
6.92255 1.36292 0.0292939
6.79481 1.31763 0.0215295
6.65728 1.26805 0.0134425
6.51007 1.21452 0.00532646
6.35349 1.15737 -0.00265133
6.18786 1.0969 -0.0104075
6.01338 1.0334 -0.0179022
5.83014 0.967073 -0.0251321
5.63833 0.898105 -0.0321252
5.4383 0.826643 -0.0389166
5.23043 0.752833 -0.0455688
5.01508 0.676834 -0.0521864
4.79251 0.598837 -0.0588923
4.56308 0.519082 -0.0657724
4.32733 0.437868 -0.0728862
4.08599 0.355552 -0.0802235
3.83989 0.27255 -0.0877285
3.58976 0.18934 -0.0952842
3.33623 0.106455 -0.102663
3.0799 0.0244593 -0.10955
2.82138 -0.0560833 -0.115619
2.56124 -0.134607 -0.120475
2.29983 -0.210566 -0.123821
2.03718 -0.283484 -0.125501
1.77299 -0.352994 -0.125202
1.50695 -0.418877 -0.122738
1.23909 -0.48101 -0.118386
0.969714 -0.539303 -0.112338
0.69927 -0.593713 -0.104366
0.427988 -0.644244 -0.0946102
0.155749 -0.690964 -0.0837974
-0.117605 -0.733938 -0.0727614
-0.391943 -0.773188 -0.0621128
-0.666768 -0.808758 -0.0521973
-0.941372 -0.840726 -0.0432389
-1.21513 -0.869205 -0.0352976
-1.48755 -0.894338 -0.0281601
-1.75822 -0.91629 -0.0213993
-2.0269 -0.935302 -0.0143289
-2.29374 -0.951686 -0.00560314
-2.5597 -0.965792 0.00626608
-2.82574 -0.977954 0.0194749
-3.09118 -0.988395 0.033558
-3.35487 -0.997286 0.0492816
-3.61674 -1.00472 0.0658321
-3.87667 -1.0107 0.0832177
-4.13372 -1.01533 0.101363
-4.38715 -1.0187 0.1203
-4.63698 -1.02089 0.139817
-4.8831 -1.02196 0.15986
-5.1249 -1.02198 0.180308
-5.36183 -1.02107 0.201078
-5.59382 -1.01938 0.22215
-5.82121 -1.0171 0.243755
-6.04447 -1.01442 0.266465
-6.26393 -1.01149 0.290624
-6.47963 -1.0084 0.315979
-6.69171 -1.00516 0.342027
-6.90057 -1.0018 0.368366
-7.10685 -0.998462 0.394887
-7.31095 -0.99524 0.421553
-7.51283 -0.992145 0.448171
-7.71204 -0.989146 0.474523
-7.90785 -0.986198 0.500348
-8.09932 -0.983229 0.525265
-8.28531 -0.980138 0.548989
-8.46449 -0.976809 0.571358
-8.63534 -0.973111 0.592209
-8.79636 -0.96891 0.611382
-8.94633 -0.964097 0.628801
-9.08458 -0.958599 0.644536
-9.21085 -0.952377 0.658785
-9.32516 -0.945426 0.671786
-9.42765 -0.937781 0.683729
-9.51854 -0.929503 0.694735
-9.59807 -0.920668 0.704882
-9.66652 -0.911352 0.714251
-9.72419 -0.901624 0.722896
-9.77141 -0.891548 0.73081
-9.80853 -0.88118 0.737774
-9.83584 -0.870562 0.743459
-9.85349 -0.859714 0.747607
-9.86144 -0.848633 0.750081
-9.85957 -0.837293 0.750819
-9.8479 -0.825649 0.749737
-9.82657 -0.813656 0.746743
-9.79593 -0.801278 0.741771
-9.7563 -0.788485 0.734849
-9.70788 -0.775252 0.726119
-9.65082 -0.761566 0.715813
-9.58527 -0.747428 0.704135
-9.51146 -0.73283 0.691239
-9.42961 -0.717756 0.677298
-9.33985 -0.70219 0.662602
-9.24228 -0.686129 0.647442
-9.13709 -0.66956 0.631916
-9.0247 -0.652437 0.61606
-8.90558 -0.634699 0.599972
-8.77998 -0.616308 0.583772
-8.64785 -0.597242 0.567497
-8.50898 -0.577478 0.551162
-8.36329 -0.556989 0.534762
-8.21093 -0.535781 0.51824
-8.05218 -0.513895 0.501503
-7.88724 -0.491408 0.484438
-7.7162 -0.468413 0.466941
-7.5391 -0.445018 0.448971
-7.35614 -0.42133 0.430501
-7.16762 -0.397462 0.411513
-6.97386 -0.373518 0.392174
-6.77503 -0.3496 0.372591
-6.5712 -0.325793 0.352726
-6.36249 -0.302154 0.33247
-6.14917 -0.278707 0.311911
-5.93159 -0.255468 0.291
-5.70992 -0.23247 0.269548
-5.48418 -0.209741 0.247817
-5.25427 -0.187221 0.226043
-5.02024 -0.164669 0.204454
-4.78236 -0.141856 0.183511
-4.54119 -0.118947 0.163798
-4.29735 -0.0961138 0.145648
-4.05159 -0.0730929 0.128899
-3.80487 -0.0497392 0.113251
-3.5582 -0.0262543 0.0986099
-3.31253 -0.00289568 0.0849385
-3.06878 0.0200532 0.0722024
-2.82775 0.042264 0.060504
-2.59012 0.0633622 0.0498926
-2.35653 0.0829855 0.0402205
-2.12777 0.100862 0.031152
-1.90473 0.116801 0.0222846
-1.68824 0.130639 0.0133929
-1.47891 0.142265 0.00451365
-1.27712 0.151688 -0.00422853
-1.08317 0.159027 -0.012692
-0.897334 0.164439 -0.0207562
-0.719785 0.168104 -0.028364
-0.550535 0.170215 -0.0355023
-0.389469 0.170941 -0.042178
-0.236472 0.170393 -0.0483924
-0.0915155 0.168627 -0.0541527
0.0453659 0.165645 -0.0594475
0.174205 0.161405 -0.0643031
0.295242 0.155821 -0.068802
0.408901 0.148785 -0.0730465
0.515618 0.140202 -0.0770799
0.615681 0.130019 -0.0808786
0.709187 0.118235 -0.0844081
0.796234 0.104919 -0.0876092
0.877133 0.0902032 -0.0904748
0.952388 0.0742708 -0.0931017
1.02251 0.0573445 -0.0955049
1.08787 0.0396561 -0.0976406
1.14874 0.0214215 -0.099588
1.20542 0.00283307 -0.1014
1.25827 -0.0159368 -0.103149
1.30762 -0.0347277 -0.104931
1.35369 -0.0534079 -0.106766
1.39662 -0.0718885 -0.10866
1.43653 -0.0900863 -0.110616
1.47376 -0.107908 -0.112653
1.50877 -0.12527 -0.114778
1.54205 -0.142085 -0.116977
1.57394 -0.158255 -0.119223
1.60465 -0.173676 -0.121483
1.63439 -0.188239 -0.123718
1.66344 -0.201823 -0.125889
1.6921 -0.214301 -0.127954
1.72063 -0.225554 -0.129865
1.74916 -0.235475 -0.131573
1.77766 -0.243983 -0.133045
1.80604 -0.251013 -0.134271
1.83401 -0.256521 -0.135263
1.86097 -0.26048 -0.136058
1.88601 -0.262881 -0.136701
1.90815 -0.263723 -0.137237
1.92658 -0.263013 -0.13769
1.94086 -0.260761 -0.138054
1.95083 -0.256974 -0.138306
1.95635 -0.251659 -0.138419
1.95713 -0.244831 -0.138374
1.95271 -0.236516 -0.138159
1.94262 -0.22676 -0.137766
1.92649 -0.21562 -0.137184
1.90407 -0.203177 -0.136392
1.87518 -0.18953 -0.135361
1.83973 -0.174797 -0.134059
1.7978 -0.159117 -0.132469
1.74955 -0.142651 -0.130589
1.69522 -0.125574 -0.12843
1.63492 -0.108066 -0.126016
1.56866 -0.0903065 -0.123384
1.49636 -0.0724676 -0.120556
1.41805 -0.054705 -0.117546
1.33389 -0.0371578 -0.114354
1.24408 -0.0199498 -0.110945
1.14878 -0.00319407 -0.107268
1.04809 0.0130054 -0.103264
0.94205 0.0285492 -0.0988283
0.830796 0.0433323 -0.0939081
0.714588 0.0572459 -0.0885406
0.593749 0.0701839 -0.0828364
0.468598 0.0820581 -0.0769548
0.339469 0.0928204 -0.0710365
0.206755 0.102448 -0.0651505
0.0708972 0.11092 -0.059276
-0.0676126 0.118245 -0.0533983
-0.208243 0.12447 -0.0475147
-0.350474 0.129637 -0.0415821
-0.493855 0.13379 -0.0355078
-0.638038 0.136969 -0.0292296
-0.782733 0.139203 -0.0227574
-0.927645 0.140503 -0.0160986
-1.07254 0.140866 -0.00925645
-1.21727 0.140271 -0.0022813
-1.3617 0.138695 0.00473506
-1.50558 0.136109 0.0117375
-1.64845 0.132486 0.0186905
-1.78985 0.127797 0.0255657
-1.92944 0.122027 0.0323235
-2.06707 0.115172 0.0389114
-2.20276 0.107244 0.0453458
-2.33666 0.0982683 0.0516856
-2.46905 0.0882928 0.0579431
-2.60027 0.077381 0.0641215
-2.73062 0.0656092 0.0702766
-2.86038 0.05306 0.0764357
-2.98964 0.0398203 0.0826133
-3.11836 0.0259773 0.0888487
-3.24645 0.0116108 0.0951868
-3.37389 -0.00321118 0.101669
-3.5007 -0.0184268 0.108313
-3.62695 -0.0339735 0.115105
-3.75252 -0.0497878 0.122043
-3.87708 -0.0658094 0.129136
-4.00005 -0.0819787 0.136431
-4.12076 -0.0982349 0.143946
-4.23848 -0.114519 0.151621
-4.35257 -0.130784 0.159378
-4.46247 -0.147001 0.167116
-4.56767 -0.163146 0.174734
-4.66781 -0.179197 0.182119
-4.76269 -0.195131 0.189146
-4.85216 -0.210918 0.195729
-4.93608 -0.22651 0.201838
-5.01419 -0.241839 0.207468
-5.08615 -0.256822 0.212627
-5.15165 -0.271362 0.21737
-5.21046 -0.285364 0.221736
-5.26247 -0.298738 0.225715
-5.30761 -0.311401 0.229296
-5.34586 -0.323281 0.232425
-5.37722 -0.334319 0.235018
-5.40176 -0.344468 0.236995
-5.41962 -0.353698 0.238282
-5.43087 -0.362001 0.238806
-5.4355 -0.369394 0.238524
-5.43342 -0.375911 0.237442
-5.42455 -0.381607 0.235598
-5.40903 -0.386551 0.233061
-5.38712 -0.39082 0.229912
-5.35921 -0.394492 0.226213
-5.32564 -0.397642 0.221994
-5.2867 -0.400336 0.217308
-5.24266 -0.402624 0.212207
-5.19376 -0.404536 0.206726
-5.14024 -0.406089 0.200943
-5.08236 -0.407296 0.194966
-5.02038 -0.408171 0.188883
-4.95476 -0.408733 0.182751
-4.88607 -0.409011 0.176618
-4.81493 -0.409039 0.17053
-4.74183 -0.408844 0.164506
-4.66698 -0.408453 0.158556
-4.59036 -0.407895 0.152697
-4.51193 -0.407204 0.146929
-4.43172 -0.406421 0.141233
-4.34993 -0.405592 0.135575
-4.26684 -0.404761 0.129904
-4.18267 -0.40397 0.124164
-4.09758 -0.403246 0.118315
-4.0117 -0.402605 0.112332
-3.92517 -0.40205 0.106206
-3.83812 -0.401566 0.0999478
-3.75059 -0.401132 0.0935867
-3.66255 -0.400723 0.0871674
-3.57386 -0.400303 0.0807436
-3.4844 -0.399829 0.0743541
-3.39405 -0.399256 0.0680131
-3.30269 -0.398539 0.0617063
-3.21017 -0.397634 0.0554047
-3.11634 -0.396508 0.0490848
-3.02114 -0.395138 0.042732
-2.92463 -0.393508 0.036336
-2.82697 -0.391608 0.0298941
-2.72834 -0.389434 0.0234135
-2.62894 -0.38698 0.0169015
-2.52917 -0.384242 0.0103746
-2.42957 -0.381212 0.00388259
-2.33088 -0.377881 -0.00249483
-2.23379 -0.374229 -0.0086658
-2.1388 -0.370226 -0.014544
-2.04618 -0.365833 -0.0200858
-1.95608 -0.361007 -0.0252956
-1.86866 -0.355701 -0.0301965
-1.78421 -0.349871 -0.0346829
-1.70303 -0.343482 -0.0387605
-1.62544 -0.336518 -0.0425655
-1.55169 -0.32897 -0.0461062
-1.48201 -0.320812 -0.0493648
-1.41662 -0.312016 -0.0522936
-1.35575 -0.30258 -0.0548125
-1.29952 -0.292512 -0.0568703
-1.24796 -0.281804 -0.0584809
-1.20104 -0.270462 -0.0596818
-1.15881 -0.258512 -0.0605028
-1.12129 -0.245982 -0.0609634
-1.08841 -0.232903 -0.0610958
-1.05994 -0.219311 -0.0609487
-1.03549 -0.205245 -0.0605836
-1.01462 -0.190741 -0.0600798
-0.996891 -0.175831 -0.0594978
-0.981911 -0.160554 -0.0588384
-0.969361 -0.144955 -0.0579263
-0.958922 -0.129087 -0.0566675
-0.950269 -0.113019 -0.0551697
-0.943092 -0.0968267 -0.0535098
-0.93714 -0.0805693 -0.0517623
-0.932204 -0.064288 -0.0499829
-0.92805 -0.0480369 -0.048172
-0.924321 -0.0318711 -0.0463086
-0.92051 -0.0158171 -0.0444095
-0.916091 0.000109115 -0.0425343
-0.910635 0.0158833 -0.0407523
-0.903805 0.031483 -0.0391238
-0.895329 0.0468831 -0.0376887
-0.884992 0.0620473 -0.0364591
-0.872701 0.0769289 -0.0354302
-0.858519 0.0914726 -0.0345952
-0.842669 0.105619 -0.0339528
-0.825504 0.1193 -0.0334998
-0.80746 0.132443 -0.0332223
-0.789003 0.144973 -0.0330897
-0.770622 0.156824 -0.0330558
-0.752828 0.167936 -0.0330819
-0.736098 0.178263 -0.0331393
-0.720831 0.187771 -0.0331735
-0.70731 0.196438 -0.0331217
-0.695764 0.204249 -0.0329639
-0.686471 0.211195 -0.0327213
-0.67981 0.217264 -0.0324043
-0.676266 0.222422 -0.0320011
-0.676327 0.226625 -0.0315083
-0.680408 0.229822 -0.0309316
-0.688816 0.231948 -0.0302748
-0.70175 0.232932 -0.0295333
-0.719332 0.232705 -0.0287012
-0.741579 0.23121 -0.0277901
-0.768385 0.228405 -0.0268305
-0.799549 0.224272 -0.0258676
-0.834821 0.218815 -0.0249449
-0.873942 0.21206 -0.0240816
-0.916619 0.20406 -0.0232709
-0.962451 0.194886 -0.022491
-1.01094 0.184633 -0.0217155
-1.06159 0.173405 -0.0209249
-1.11403 0.161311 -0.0200966
-1.1681 0.148462 -0.0192078
-1.22376 0.134964 -0.0182065
-1.28095 0.120919 -0.0169317
-1.33949 0.106429 -0.0153208
-1.39914 0.0916023 -0.0135166
-1.45962 0.0765417 -0.011611
-1.52067 0.0613185 -0.00961257
-1.58209 0.0459698 -0.00754495
-1.64372 0.0305276 -0.00546369
-1.70538 0.0150209 -0.00345781
-1.76692 -0.000548422 -0.00160099
-1.82827 -0.0161913 7.92099e-05
-1.88939 -0.0319055 0.00159083
-1.95027 -0.0476812 0.00297083
-2.01085 -0.0635045 0.00426218
-2.07109 -0.079351 0.00550323
-2.13102 -0.0951848 0.00673221
-2.19074 -0.110961 0.00799313
-2.25035 -0.126634 0.00933731
-2.30989 -0.142155 0.0108163
-2.3693 -0.157479 0.0124707
-2.4285 -0.172569 0.0143182
-2.48743 -0.187398 0.0163586
-2.54606 -0.201956 0.0185841
-2.60442 -0.216242 0.0209768
-2.66254 -0.230264 0.023514
-2.72045 -0.244038 0.0261727
-2.77816 -0.25758 0.0289264
-2.83561 -0.270901 0.031749
-2.89266 -0.284003 0.0346137
-2.94909 -0.296874 0.0375015
-3.00456 -0.309489 0.0404006
-3.05881 -0.321814 0.0433019
-3.11162 -0.333802 0.0462015
-3.16285 -0.345399 0.0490911
-3.2124 -0.35654 0.0519571
-3.26011 -0.367156 0.0547861
-3.30569 -0.377175 0.0575674
-3.34877 -0.386528 0.0602951
-3.38903 -0.395151 0.06295
-3.42625 -0.402998 0.0654937
-3.46033 -0.410038 0.0678774
-3.49121 -0.416255 0.0700511
-3.51882 -0.421646 0.0719722
-3.54309 -0.426221 0.0736082
-3.56395 -0.429997 0.074937
-3.58143 -0.432997 0.0759456
-3.59558 -0.435251 0.076632
-3.60652 -0.436794 0.077004
-3.61444 -0.437662 0.077079
-3.61954 -0.437893 0.0768847
-3.62206 -0.437517 0.0764595
-3.62219 -0.436561 0.0758541
-3.62008 -0.43504 0.0751246
-3.6158 -0.432968 0.0743293
-3.60944 -0.430354 0.0735204
-3.60113 -0.427205 0.0727338
-3.59104 -0.423527 0.0719934
-3.57939 -0.419327 0.0713102
-3.56636 -0.414616 0.070684
-3.55213 -0.409406 0.0701077
-3.53685 -0.403713 0.0695686
-3.52071 -0.397557 0.0690532
-3.50391 -0.390961 0.0685495
-3.48666 -0.383949 0.0680472
-3.46913 -0.376546 0.0675375
-3.4515 -0.368775 0.0670149
-3.43396 -0.36065 0.0664821
-3.41669 -0.352182 0.0659554
-3.39987 -0.343369 0.0654606
-3.38358 -0.334204 0.0650255
-3.36781 -0.32467 0.0646798
-3.35244 -0.314747 0.0644493
-3.33733 -0.304417 0.0643498
-3.32243 -0.293669 0.064385
-3.30768 -0.282506 0.0645481
-3.29301 -0.270944 0.0648243
-3.27829 -0.259015 0.0651932
-3.26335 -0.246766 0.065629
-3.24799 -0.234256 0.0661007
-3.23201 -0.221557 0.0665695
-3.21518 -0.208747 0.0669922
-3.19727 -0.195908 0.0673221
-3.17807 -0.183125 0.0675118
-3.15744 -0.170474 0.0675208
-3.13535 -0.158022 0.0673224
-3.11178 -0.14582 0.0669058
-3.08668 -0.133902 0.0662766
-3.05992 -0.12228 0.0654508
-3.03132 -0.110952 0.0644535
-3.00075 -0.0999035 0.0633162
-2.96811 -0.0891135 0.0620655
-2.93335 -0.0785604 0.0607197
-2.89648 -0.068227 0.0592867
-2.85753 -0.058102 0.0577608
-2.81657 -0.0481817 0.0561285
-2.77378 -0.0384714 0.0543739
-2.72942 -0.0289852 0.0524869
-2.68376 -0.0197443 0.0504605
-2.63704 -0.0107736 0.048294
-2.58944 -0.00209919 0.0459988
-2.54107 0.00625276 0.0435994
-2.49202 0.0142596 0.041122
-2.44238 0.0219047 0.0385681
-2.39219 0.0291774 0.0359278
-2.34149 0.0360724 0.0331991
-2.29036 0.0425911 0.0303889
-2.23895 0.0487413 0.0275084
-2.18753 0.0545321 0.0245957
-2.13641 0.0599666 0.0216973
-2.08589 0.0650426 0.0188692
-2.03625 0.0697546 0.0161617
-1.98782 0.0740886 0.0135944
-1.94095 0.0780237 0.0111815
-1.89604 0.0815328 0.00892608
-1.85339 0.0845866 0.00688296
-1.81317 0.0871603 0.00507077
-1.77539 0.0892393 0.00342404
-1.73995 0.0908195 0.00187818
-1.70677 0.0918957 0.000389897
-1.67578 0.0924554 -0.00105604
-1.64692 0.0924944 -0.00248261
-1.62012 0.0920169 -0.00391769
-1.59529 0.0910205 -0.00536572
-1.57237 0.089501 -0.0068057
-1.55135 0.0874629 -0.00820411
-1.53223 0.0849148 -0.00952309
-1.51496 0.0818704 -0.0107155
-1.49949 0.0783528 -0.0117405
-1.48574 0.0743934 -0.0126195
-1.47368 0.0700308 -0.0133875
-1.46335 0.0653041 -0.0140478
-1.45476 0.0602474 -0.0146061
-1.44797 0.0548962 -0.0150893
-1.443 0.0492902 -0.0155446
-1.43985 0.0434575 -0.0160107
-1.4385 0.0374096 -0.0165005
-1.43888 0.0311531 -0.0170067
-1.44085 0.0246871 -0.0175121
-1.44422 0.0180003 -0.0180021
-1.44881 0.0110748 -0.018477
-1.45454 0.00388928 -0.018949
-1.4615 -0.00357893 -0.0194255
-1.4698 -0.0113519 -0.0198932
-1.47962 -0.0194464 -0.0203236
-1.49108 -0.027869 -0.0206873
-1.5043 -0.0366157 -0.0209664
-1.51931 -0.0456738 -0.0211536
-1.53606 -0.055023 -0.0212419
-1.55446 -0.0646367 -0.0212264
-1.57433 -0.0744849 -0.0211084
-1.59552 -0.0845362 -0.0209007
-1.61791 -0.0947581 -0.0206275
-1.64141 -0.105119 -0.0203146
-1.66594 -0.115591 -0.019971
-1.69136 -0.126153 -0.0195805
-1.7175 -0.136789 -0.0191134
-1.74423 -0.147486 -0.0185446
-1.77148 -0.158237 -0.017869
-1.7993 -0.169033 -0.0171013
-1.82776 -0.179862 -0.0162681
-1.85689 -0.190705 -0.0153989
-1.88668 -0.201535 -0.0145147
-1.91698 -0.212314 -0.0136271
-1.9476 -0.222989 -0.012745
-1.97829 -0.233496 -0.0118797
-2.00881 -0.243767 -0.0110464
-2.03896 -0.253732 -0.010261
-2.06865 -0.263325 -0.00953237
-2.0979 -0.272493 -0.00885275
-2.12688 -0.281196 -0.00819904
-2.15581 -0.289405 -0.00753746
-2.18485 -0.297107 -0.00683354
-2.21412 -0.304296 -0.0060645
-2.24373 -0.310973 -0.00522424
-2.2738 -0.317147 -0.00431594
-2.30452 -0.32283 -0.0033426
-2.33613 -0.328037 -0.00230095
-2.36879 -0.332784 -0.00118009
-2.40259 -0.337078 3.53134e-05
-2.43754 -0.340921 0.00136277
-2.47355 -0.34431 0.00282196
-2.5105 -0.347234 0.00443527
-2.54817 -0.349682 0.0062337
-2.58636 -0.351645 0.00823866
-2.62481 -0.353115 0.0104223
-2.66335 -0.35409 0.0127563
-2.70185 -0.35457 0.0152553
-2.74025 -0.354557 0.0179154
-2.77848 -0.354062 0.0207068
-2.81644 -0.353107 0.0236015
-2.854 -0.351709 0.0265581
-2.89108 -0.349877 0.029521
-2.92758 -0.347619 0.0324477
-2.96345 -0.344943 0.0353199
-2.99861 -0.341852 0.038141
-3.03296 -0.338333 0.0409228
-3.06635 -0.334367 0.0436802
-3.09859 -0.329926 0.0464266
-3.12939 -0.324972 0.0491645
-3.15836 -0.31947 0.0518867
-3.18504 -0.313386 0.054582
-3.20895 -0.306705 0.0572382
-3.22973 -0.299427 0.0598375
-3.24719 -0.291573 0.0623423
-3.26131 -0.283183 0.0646923
-3.27212 -0.274308 0.0668107
-3.27968 -0.26501 0.0686137
-3.28401 -0.255356 0.0700344
-3.28518 -0.245409 0.0710359
-3.28328 -0.235235 0.0716179
-3.27846 -0.224897 0.0718153
-3.27096 -0.214452 0.0716862
-3.26107 -0.203947 0.0712989
-3.24911 -0.193415 0.0707276
-3.23546 -0.182871 0.0700371
-3.22047 -0.172312 0.0692895
-3.20453 -0.161724 0.0685422
-3.18795 -0.151086 0.0678486
-3.17108 -0.140379 0.0672678
-3.15417 -0.129593 0.0668466
-3.13747 -0.118735 0.0666156
-3.12117 -0.107827 0.0665861
-3.10537 -0.0969114 0.0667426
-3.09013 -0.086049 0.0670478
-3.07551 -0.0753152 0.0674489
-3.06159 -0.0647969 0.0678904
-3.04845 -0.0545862 0.0683254
-3.03616 -0.0447719 0.0687175
-3.02477 -0.0354316 0.0690416
-3.01427 -0.0266264 0.069283
-3.00466 -0.0183971 0.0694415
-2.99593 -0.0107617 0.0695338
-2.98811 -0.00371653 0.0695873
-2.98115 0.00276179 0.0696378
-2.97499 0.00871206 0.069722
-2.96952 0.0141827 0.0698659
-2.96461 0.0192233 0.0700877
-2.96022 0.0238745 0.0703979
-2.95631 0.0281617 0.0707997
-2.95286 0.0320907 0.0712861
-2.94979 0.0356465 0.0718307
-2.94704 0.0387955 0.0723938
-2.94451 0.0414888 0.0729318
-2.94216 0.0436654 0.0733995
-2.9399 0.0452598 0.0737536
-2.93766 0.0462094 0.0739572
-2.93532 0.0464612 0.0739834
-2.93275 0.045978 0.0738146
-2.92984 0.0447427 0.0734446
-2.92641 0.0427595 0.0728854
-2.92229 0.040052 0.0721596
-2.91728 0.0366584 0.0712929
-2.91117 0.0326258 0.0703096
-2.90384 0.0280049 0.0692291
-2.8952 0.0228441 0.0680637
-2.88524 0.0171846 0.066818
-2.8739 0.0110587 0.0654889
-2.86111 0.00448953 0.0640656
-2.84675 -0.00250802 0.0625301
-2.83074 -0.00992579 0.060861
-2.8131 -0.0177593 0.0590355
-2.79391 -0.026003 0.0570314
-2.77329 -0.034646 0.0548358
-2.75134 -0.0436659 0.0524488
-2.7281 -0.0530244 0.0498801
-2.70359 -0.0626661 0.0471441
-2.67785 -0.07252 0.0442597
-2.65098 -0.0825042 0.04125
-2.62312 -0.0925299 0.0381406
-2.59442 -0.102507 0.0349593
-2.56508 -0.112351 0.0317413
-2.53527 -0.121983 0.0285284
-2.50515 -0.131338 0.0253613
-2.47483 -0.140369 0.0222738
-2.44441 -0.149044 0.0192884
-2.414 -0.157353 0.0164108
-2.38381 -0.165298 0.0136418
-2.35406 -0.172893 0.0109812
-2.32503 -0.180157 0.00842173
-2.29693 -0.187109 0.00595581
-2.26992 -0.193761 0.00357691
-2.24411 -0.200114 0.00128831
-2.21958 -0.206162 -0.000895366
-2.19634 -0.211888 -0.00295997
-2.17439 -0.217267 -0.00489868
-2.15374 -0.222271 -0.00670079
-2.13443 -0.226869 -0.00835151
-2.1165 -0.231032 -0.00983374
-2.10002 -0.234737 -0.0111257
-2.08499 -0.237967 -0.0122095
-2.07131 -0.240714 -0.0130778
-2.05882 -0.242979 -0.0137346
-2.04728 -0.244773 -0.0141928
-2.03648 -0.246119 -0.0144729
-2.02624 -0.247041 -0.0146035
-2.01641 -0.247571 -0.0146218
-2.00682 -0.247736 -0.0145687
-1.99728 -0.24756 -0.0144873
-1.9876 -0.247057 -0.0144167
-1.9776 -0.246234 -0.0143839
-1.96715 -0.245094 -0.0143992
-1.95616 -0.243633 -0.0144643
-1.94453 -0.241845 -0.0145772
-1.9322 -0.239725 -0.0147368
-1.91913 -0.23727 -0.0149456
-1.90535 -0.234483 -0.015207
-1.89096 -0.231372 -0.015523
-1.87604 -0.227953 -0.0158934
-1.86071 -0.22425 -0.0163153
-1.84511 -0.220294 -0.0167812
-1.82941 -0.216124 -0.0172793
-1.81388 -0.211782 -0.0177961
-1.79881 -0.207316 -0.0183205
-1.78453 -0.202773 -0.01884
-1.77135 -0.1982 -0.0193421
-1.7596 -0.193641 -0.019811
-1.74963 -0.189133 -0.0202244
-1.7418 -0.184709 -0.0205568
-1.73646 -0.180395 -0.0207779
-1.7339 -0.176212 -0.0208525
-1.73437 -0.172177 -0.0207545
-1.73803 -0.168305 -0.020463
-1.745 -0.164609 -0.0199621
-1.75533 -0.161102 -0.0192451
-1.76894 -0.157796 -0.018315
-1.78571 -0.154707 -0.0171857
-1.80546 -0.15185 -0.0158752
-1.82799 -0.149241 -0.0144027
-1.85311 -0.146894 -0.0127848
-1.88061 -0.144821 -0.0110342
-1.91021 -0.14303 -0.00915959
-1.94156 -0.141525 -0.00716812
-1.97428 -0.140301 -0.00507112
-2.00797 -0.139349 -0.0028843
-2.04218 -0.138651 -0.000619366
-2.07648 -0.138183 0.00170947
-2.1104 -0.137915 0.00407313
-2.14352 -0.137812 0.00643143
-2.17543 -0.137831 0.00872997
-2.20582 -0.137926 0.0109184
-2.23445 -0.138048 0.0129546
-2.26111 -0.138148 0.0148034
-2.28564 -0.138176 0.0164415
-2.30794 -0.138088 0.0178447
-2.32797 -0.137841 0.0189924
-2.34578 -0.137398 0.0198721
-2.36145 -0.13673 0.0204852
-2.37514 -0.135813 0.0208474
-2.387 -0.13463 0.0209911
-2.3972 -0.133173 0.0209621
-2.4059 -0.131443 0.0208112
-2.41325 -0.129449 0.0205915
-2.41941 -0.127206 0.0203494
-2.42455 -0.124739 0.0201202
-2.4289 -0.122075 0.0199408
-2.43271 -0.119244 0.0198354
-2.43628 -0.116275 0.0198307
-2.43993 -0.113193 0.0199453
-2.44396 -0.110018 0.0201761
-2.44863 -0.106768 0.0205257
-2.45418 -0.103458 0.0209982
-2.46081 -0.100099 0.0215944
-2.46868 -0.0966973 0.0223143
-2.47794 -0.0932622 0.0231606
-2.48862 -0.0898021 0.024135
-2.50068 -0.0863255 0.0252364
-2.51395 -0.0828404 0.026461
-2.52819 -0.0793547 0.0278064
-2.54313 -0.0758762 0.0292673
-2.55846 -0.072412 0.0308297
-2.57383 -0.0689686 0.0324931
-2.58892 -0.0655521 0.0342489
-2.60346 -0.0621672 0.0360585
-2.61725 -0.0588155 0.0378917
-2.63016 -0.055494 0.0397181
-2.64206 -0.0521972 0.0415066
-2.65284 -0.048921 0.0432256
-2.66237 -0.0456599 0.0448312
-2.67056 -0.0424091 0.0462895
-2.67734 -0.0391673 0.0475702
-2.68264 -0.0359402 0.0486495
-2.68637 -0.0327424 0.0495141
-2.68846 -0.0295943 0.0501567
-2.68888 -0.0265263 0.0505795
-2.68767 -0.0235808 0.0507893
-2.68503 -0.0208083 0.0507988
-2.68118 -0.018266 0.050629
-2.67639 -0.0160155 0.0503098
-2.67094 -0.0141182 0.0498799
-2.66505 -0.0126311 0.0493718
-2.65891 -0.0116056 0.048807
-2.65266 -0.011088 0.0482188
-2.64643 -0.0111149 0.0476248
-2.64032 -0.0117128 0.0470198
-2.63444 -0.0129043 0.0464155
-2.62893 -0.0147055 0.0458272
-2.62393 -0.0171215 0.0452533
-2.6196 -0.020151 0.0446851
-2.61602 -0.0237882 0.0441209
-2.61331 -0.0280231 0.0435674
-2.61157 -0.0328436 0.0430334
-2.61087 -0.0382342 0.0425283
-2.61123 -0.0441754 0.0420604
-2.61258 -0.0506429 0.0416322
-2.61478 -0.0576071 0.0412399
-2.61757 -0.0650306 0.040877
-2.62066 -0.0728685 0.0405351
-2.62376 -0.08107 0.0402015
-2.62659 -0.0895778 0.039853
-2.62889 -0.0983305 0.0394659
-2.63044 -0.107263 0.0390137
-2.63105 -0.11631 0.0384697
-2.63052 -0.125409 0.0378132
-2.62867 -0.134502 0.0370273
-2.62529 -0.143537 0.0360947
-2.62017 -0.152466 0.0349951
-2.61315 -0.161251 0.033709
-2.60406 -0.169861 0.0322215
-2.59283 -0.178272 0.0305226
-2.57942 -0.186462 0.028609
-2.5638 -0.194413 0.0264882
-2.54603 -0.202105 0.0241769
-2.52624 -0.209516 0.0216983
-2.50469 -0.216622 0.0190814
-2.48175 -0.223396 0.016367
-2.45791 -0.229805 0.0136028
-2.43366 -0.235816 0.0108427
-2.40942 -0.241389 0.00814722
-2.38555 -0.246486 0.00557579
-2.36227 -0.251068 0.00317943
-2.33973 -0.255105 0.000994355
-2.31799 -0.258572 -0.000961784
-2.29704 -0.261455 -0.00268683
-2.27682 -0.26375 -0.00419327
-2.25726 -0.265467 -0.00550583
-2.23828 -0.266621 -0.00665261
-2.21983 -0.267232 -0.00765998
-2.20188 -0.267328 -0.00854814
-2.18441 -0.266935 -0.00933249
-2.16739 -0.266078 -0.0100266
-2.15079 -0.264774 -0.0106421
-2.1346 -0.263033 -0.0111858
-2.11876 -0.260854 -0.0116538
-2.10318 -0.258229 -0.0120328
-2.08768 -0.255138 -0.0123034
-2.0721 -0.251555 -0.0124572
-2.05628 -0.24745 -0.0125081
-2.04009 -0.242795 -0.0124868
-2.02348 -0.237567 -0.0124325
-2.00638 -0.231754 -0.0123761
-1.98875 -0.225363 -0.0123332
-1.97059 -0.21842 -0.0123072
-1.95197 -0.21097 -0.0122972
-1.933 -0.203072 -0.0123056
-1.91384 -0.194797 -0.0123432
-1.89473 -0.186224 -0.0124268
-1.87596 -0.177432 -0.0125673
-1.85787 -0.168497 -0.0127591
-1.84079 -0.159489 -0.0129811
-1.82505 -0.150467 -0.0131976
-1.81094 -0.141482 -0.0133754
-1.79873 -0.132577 -0.0134841
-1.78867 -0.123787 -0.0134929
-1.78099 -0.115148 -0.0133733
-1.77588 -0.106698 -0.0130989
-1.77348 -0.0984758 -0.0126432
-1.77391 -0.090527 -0.0119819
-1.77724 -0.0829033 -0.0110405
-1.78359 -0.0756607 -0.00982077
-1.79305 -0.068855 -0.00841474
-1.80574 -0.0625443 -0.00686576
-1.82178 -0.0567966 -0.00519049
-1.84123 -0.0516857 -0.00339622
-1.86408 -0.0472697 -0.00151359
-1.8902 -0.0435876 0.000418274
-1.9194 -0.0406731 0.00237417
-1.95141 -0.0385434 0.00435669
-1.98589 -0.0371872 0.00641016
-2.02245 -0.03657 0.00856736
-2.06067 -0.0366368 0.0108201
-2.10012 -0.0373157 0.0131581
-2.14046 -0.0385304 0.0155728
-2.18134 -0.0402099 0.018059
-2.22244 -0.0422889 0.0206055
-2.26344 -0.0447125 0.0231829
-2.30404 -0.0474464 0.0257632
-2.34396 -0.0504717 0.0283046
-2.38295 -0.0537768 0.030747
-2.42076 -0.05736 0.033024
-2.45716 -0.0612248 0.0350673
-2.49195 -0.0653679 0.0368186
-2.52503 -0.0697812 0.038241
-2.55631 -0.0744505 0.0393286
-2.58573 -0.0793487 0.0400955
-2.61325 -0.0844359 0.0405731
-2.63884 -0.0896624 0.04081
-2.66249 -0.0949744 0.0408678
-2.68421 -0.100316 0.040812
-2.70406 -0.105633 0.0407011
-2.72213 -0.110878 0.0405791
-2.73859 -0.116012 0.0404786
-2.75368 -0.121008 0.0404184
-2.76766 -0.125851 0.0404073
-2.78079 -0.130529 0.0404489
-2.7933 -0.13504 0.0405365
-2.80536 -0.139387 0.0406611
-2.81705 -0.143572 0.0408142
-2.82846 -0.147595 0.0409882
-2.83962 -0.151453 0.0411767
-2.85059 -0.15514 0.0413736
-2.86142 -0.158638 0.0415782
-2.87209 -0.16192 0.0417978
-2.88255 -0.164952 0.0420476
-2.89263 -0.167688 0.042346
-2.90219 -0.170079 0.0427108
-2.91106 -0.172076 0.0431569
-2.91912 -0.173637 0.0436925
-2.92626 -0.174729 0.044318
-2.93242 -0.175332 0.0450211
-2.93759 -0.175437 0.0457748
-2.94173 -0.175045 0.046545
-2.94482 -0.17417 0.0473016
-2.94675 -0.172833 0.0480178
-2.94742 -0.17106 0.0486702
-2.94667 -0.168886 0.0492415
-2.94443 -0.166348 0.0497155
-2.94067 -0.163487 0.0500772
-2.93542 -0.160344 0.0503147
-2.92876 -0.15696 0.0504241
-2.92076 -0.153374 0.0504113
-2.91144 -0.149623 0.0502893
-2.90081 -0.14574 0.0500752
-2.88889 -0.141762 0.0497849
-2.87578 -0.137726 0.0494315
-2.86162 -0.133677 0.0490249
-2.84662 -0.129664 0.048572
-2.83103 -0.125738 0.0480781
-2.81509 -0.121949 0.0475483
-2.79905 -0.118347 0.0469893
-2.78307 -0.11498 0.0464099
-2.76728 -0.11189 0.0458225
-2.75171 -0.109118 0.0452407
-2.7364 -0.106698 0.0446707
-2.72138 -0.104661 0.0441115
-2.70666 -0.103032 0.0435559
-2.69226 -0.101828 0.0429931
-2.67815 -0.101062 0.0424141
-2.66425 -0.10074 0.0418128
-2.65038 -0.100862 0.0411842
-2.63638 -0.101423 0.0405229
-2.622 -0.102416 0.03982
-2.60706 -0.103831 0.0390618
-2.59134 -0.105657 0.0382296
-2.57464 -0.107881 0.0373024
-2.55679 -0.110486 0.036257
-2.53764 -0.113452 0.0350684
-2.51706 -0.116755 0.0337149
-2.49495 -0.120365 0.0321803
-2.47125 -0.124246 0.0304545
-2.44593 -0.12836 0.0285331
-2.41901 -0.132665 0.0264152
-2.39047 -0.137113 0.0241045
-2.36035 -0.141657 0.0216075
-2.32871 -0.146249 0.0189343
-2.29567 -0.150841 0.0160969
-2.26144 -0.155389 0.0131124
-2.2263 -0.159851 0.0100115
-2.19054 -0.164189 0.00683408
-2.15444 -0.168366 0.00362383
-2.11821 -0.17235 0.000432464
-2.08191 -0.176111 -0.0026891
-2.04569 -0.179626 -0.0057132
-2.00979 -0.182876 -0.00862074
