1.42268e-06 -2.15485e-07 -0.0613356
-5.1342e-05 -2.18019e-07 -0.061336
-0.000257323 -2.66115e-07 -0.0613374
-0.000653184 -6.00237e-07 -0.0613407
-0.00121608 -1.76806e-06 -0.0613471
-0.00192471 -4.04755e-06 -0.0613609
-0.00276909 -6.45383e-06 -0.0613909
-0.00376401 -7.1098e-06 -0.0614427
-0.00493479 -4.61303e-06 -0.0615055
-0.00630138 2.25836e-06 -0.0615563
-0.00791121 1.53486e-05 -0.0615797
-0.0098649 3.5842e-05 -0.0615786
-0.0122868 6.32554e-05 -0.0615688
-0.0152477 9.6405e-05 -0.0615715
-0.0187409 0.000133788 -0.0616054
-0.0227233 0.000173601 -0.0616799
-0.0271143 0.000215386 -0.0617959
-0.0317888 0.00026124 -0.0619438
-0.0365892 0.000315207 -0.0620988
-0.0413363 0.000382491 -0.0622283
-0.0458316 0.000468396 -0.0623038
-0.0499043 0.000576544 -0.0623077
-0.0534651 0.000707333 -0.0622401
-0.0564952 0.000856876 -0.0621195
-0.0590377 0.00101648 -0.0619759
-0.0611094 0.0011736 -0.0618418
-0.0626211 0.00131456 -0.0617463
-0.0634677 0.00142787 -0.0617138
-0.0636165 0.00150702 -0.0617579
-0.0631313 0.00155178 -0.0618702
-0.0621615 0.0015675 -0.0620143
-0.060853 0.00156269 -0.0621367
-0.0593002 0.00154694 -0.0621952
-0.0575824 0.0015288 -0.0621877
-0.0557755 0.00151334 -0.062149
-0.0539736 0.00150122 -0.0621217
-0.0523038 0.00148913 -0.0621281
-0.0508813 0.00147084 -0.0621553
-0.0497938 0.00143984 -0.0621687
-0.0490685 0.00139266 -0.0621441
-0.0486401 0.00133004 -0.0620857
-0.0483414 0.00125637 -0.0620193
-0.0478604 0.00117815 -0.0619718
-0.0468684 0.00110129 -0.0619463
-0.0451758 0.00102953 -0.061919
-0.0427267 0.000963267 -0.0618572
-0.0395945 0.000897962 -0.0617351
-0.0358499 0.00082447 -0.0615489
-0.0314355 0.000732165 -0.0613308
-0.0263272 0.000612108 -0.0611432
-0.020685 0.000459283 -0.0610529
-0.0147414 0.000274747 -0.061096
-0.00866921 6.58648e-05 -0.0612544
-0.00259269 -0.000155549 -0.0614659
0.00336661 -0.000373764 -0.0616633
0.00909479 -0.000570385 -0.0618084
0.0145422 -0.00072998 -0.0618838
0.0197752 -0.000844281 -0.061871
0.0249966 -0.00091079 -0.0617589
0.0303936 -0.000932203 -0.0615581
0.0359789 -0.000917362 -0.0612925
0.0416608 -0.000878626 -0.0609903
0.0473096 -0.000829582 -0.0606753
0.0528317 -0.00078549 -0.0603606
0.058232 -0.000761371 -0.060065
0.0635475 -0.000768591 -0.0598273
0.0687845 -0.000813753 -0.0596939
0.0737587 -0.000898706 -0.0596957
0.0779751 -0.00102085 -0.0598288
0.0809675 -0.00117438 -0.0600486
0.0826081 -0.00135102 -0.0602936
0.0829834 -0.00153932 -0.0605308
0.0822543 -0.00172261 -0.0607805
0.0805259 -0.00187949 -0.0610853
0.0778331 -0.00198954 -0.061438
0.0743452 -0.00203803 -0.0617388
0.070432 -0.00201529 -0.0618468
0.0663408 -0.00191721 -0.0616872
0.0618833 -0.00174922 -0.0612985
0.0566718 -0.00152679 -0.0607957
0.0504227 -0.00127487 -0.0603104
0.0432481 -0.00102793 -0.0599367
0.035811 -0.000820826 -0.0597364
0.0288856 -0.000675396 -0.0597861
0.0230118 -0.000595105 -0.0601386
0.0183484 -0.000565713 -0.0607415
0.0146288 -0.000560004 -0.0614157
0.0114871 -0.000547951 -0.0619037
0.00861074 -0.000504747 -0.0620098
0.00566113 -0.00041362 -0.0617525
0.00224547 -0.000271191 -0.0613642
-0.00204716 -8.92642e-05 -0.0611446
-0.00747814 0.000109758 -0.0612835
-0.0141066 0.000299643 -0.0617521
-0.0219377 0.000462418 -0.0623493
-0.03089 0.0005996 -0.062862
-0.040676 0.000731868 -0.0631634
-0.0508267 0.000891122 -0.0632247
-0.0606348 0.00111008 -0.0630852
-0.0695072 0.00140846 -0.0627937
-0.0774314 0.00178179 -0.0623867
-0.0846386 0.00219956 -0.0619065
-0.0912916 0.00261074 -0.0614171
-0.0974265 0.00295394 -0.0610231
-0.102865 0.00317358 -0.0608573
-0.107441 0.00323804 -0.0610266
-0.111175 0.00314739 -0.0615418
-0.114205 0.00293089 -0.0622796
-0.116729 0.00264444 -0.0630557
-0.118939 0.00235792 -0.0637166
-0.120916 0.00213313 -0.0641671
-0.122609 0.00201201 -0.0643851
-0.123804 0.00201013 -0.0644206
-0.124248 0.00211458 -0.0643133
-0.123802 0.00229178 -0.064057
-0.122338 0.00249854 -0.0636653
-0.119657 0.00269601 -0.0631712
-0.115501 0.00285913 -0.0626222
-0.109638 0.00297583 -0.0620858
-0.10215 0.0030442 -0.0616234
-0.0935729 0.00306598 -0.0612634
-0.0844189 0.003036 -0.0609927
-0.0748954 0.00293989 -0.0607813
-0.0652395 0.00275928 -0.0606603
-0.0559527 0.0024764 -0.0607293
-0.0475715 0.00208266 -0.06107
-0.0403639 0.00158825 -0.0616853
-0.034256 0.00102299 -0.0624647
-0.0288467 0.000438782 -0.0632396
-0.0239497 -9.15107e-05 -0.0638819
-0.0200466 -0.000494521 -0.0643036
-0.0177256 -0.000716036 -0.0644052
-0.0171732 -0.000736535 -0.0640875
-0.0181518 -0.000581941 -0.0633336
-0.0201267 -0.000308666 -0.0622893
-0.0226099 1.20292e-05 -0.061249
-0.0252903 0.000305068 -0.0605042
-0.0278387 0.000510555 -0.0602042
-0.0298907 0.000595688 -0.0602871
-0.0311735 0.000557825 -0.0605552
-0.0316041 0.000425628 -0.0608212
-0.0314659 0.000247994 -0.0610327
-0.0313727 7.27615e-05 -0.0612504
-0.0318882 -6.55898e-05 -0.0615425
-0.0333359 -0.000155626 -0.0619213
-0.0359423 -0.000206124 -0.0623676
-0.0399977 -0.000230429 -0.0628704
-0.0458374 -0.000234573 -0.0634107
-0.0536143 -0.000206292 -0.0639499
-0.0630677 -0.000115068 -0.0643996
-0.0734401 7.26818e-05 -0.0646746
-0.0838741 0.000386342 -0.0646458
-0.0940094 0.000852192 -0.0643093
-0.103856 0.00147158 -0.0638041
-0.113046 0.00220318 -0.0631838
-0.120684 0.00298428 -0.0624144
-0.126206 0.0037426 -0.0615038
-0.129958 0.00436308 -0.0603829
-0.132271 0.00480102 -0.0592571
-0.132581 0.00511751 -0.0584652
-0.130677 0.0053217 -0.0581887
-0.127377 0.00536721 -0.0584298
-0.12299 0.00523243 -0.0592046
-0.117074 0.00496197 -0.0604711
-0.109744 0.0045775 -0.0620057
-0.101846 0.00409486 -0.0634549
-0.0948768 0.00360216 -0.0644762
-0.0905359 0.00319112 -0.0650403
-0.0896347 0.00291227 -0.0649331
-0.09226 0.00277575 -0.06418
-0.0982716 0.00274706 -0.0632562
-0.106985 0.00277304 -0.0626416
-0.117368 0.00281938 -0.0625849
-0.128855 0.00283872 -0.0630547
-0.141261 0.00281097 -0.0637153
-0.154454 0.00275652 -0.0642662
-0.168434 0.00270085 -0.0644714
-0.182743 0.00267937 -0.0640643
-0.196277 0.00275755 -0.0631031
-0.208203 0.00296086 -0.0617746
-0.217945 0.00326092 -0.0603902
-0.224755 0.0035659 -0.0593956
-0.227987 0.00383388 -0.0593216
-0.227722 0.00404198 -0.0599226
-0.224755 0.00410145 -0.060908
-0.219593 0.00404937 -0.0621489
-0.212573 0.00391174 -0.0633557
-0.204156 0.00374674 -0.0642674
-0.194466 0.00364712 -0.0648134
-0.183749 0.00367659 -0.0650415
-0.172708 0.00388382 -0.0649311
-0.161613 0.00427581 -0.0646506
-0.150437 0.00480569 -0.0642067
-0.139269 0.00535676 -0.0635841
-0.127492 0.00585139 -0.0628657
-0.114296 0.00622191 -0.0622358
-0.0996725 0.00641153 -0.0616821
-0.0837905 0.00640573 -0.0610901
-0.0667862 0.00629216 -0.0603726
-0.0492711 0.00612457 -0.059448
-0.0316132 0.0058866 -0.0582349
-0.0132826 0.00560234 -0.0569691
0.00622259 0.00523735 -0.05606
0.0271382 0.00472836 -0.0557986
0.0503342 0.00400885 -0.056347
0.0765481 0.00303903 -0.0575452
0.105162 0.00179785 -0.0589739
0.134562 0.000265928 -0.060014
0.162867 -0.00139665 -0.0606138
0.188523 -0.00300065 -0.0607658
0.210439 -0.0044614 -0.0607208
0.22804 -0.005754 -0.0607106
0.241527 -0.00690307 -0.0608158
0.251301 -0.00791571 -0.0611278
0.257543 -0.00887714 -0.0620434
0.260451 -0.00980886 -0.0634423
0.259858 -0.010694 -0.0645329
0.255452 -0.0115205 -0.0649131
0.247457 -0.0122322 -0.0645447
0.236659 -0.0127556 -0.0634969
0.223842 -0.0129729 -0.0621323
0.209382 -0.0129121 -0.0610433
0.194323 -0.0126101 -0.0603593
0.180091 -0.0120798 -0.0601947
0.166881 -0.0113931 -0.0604357
0.153871 -0.010645 -0.0606965
0.140059 -0.00992943 -0.0607159
0.12505 -0.00926899 -0.0606059
0.109394 -0.0086595 -0.0605667
0.0939481 -0.0080375 -0.0608287
0.0794058 -0.00731589 -0.0616203
0.0655936 -0.00646135 -0.0629029
0.0514307 -0.00540819 -0.0642795
0.0356619 -0.0040721 -0.0654349
0.0163754 -0.00247925 -0.065997
-0.00818372 -0.00072431 -0.065623
-0.0382506 0.00109314 -0.0643542
-0.0733328 0.00286571 -0.0627687
-0.112613 0.00448155 -0.0616533
-0.15471 0.00587816 -0.0614148
-0.198011 0.00712315 -0.0623129
-0.241149 0.00830423 -0.0641224
-0.283273 0.00944914 -0.065718
-0.323443 0.0106715 -0.0662985
-0.360719 0.0120219 -0.0657958
-0.394774 0.0134453 -0.0643156
-0.424924 0.0149063 -0.0621884
-0.45034 0.0163068 -0.0593773
-0.471443 0.0175436 -0.0554447
-0.488819 0.0185259 -0.0507776
-0.502227 0.0191774 -0.0470107
-0.512049 0.019466 -0.0452576
-0.519779 0.0193781 -0.0452355
-0.525942 0.0189578 -0.0470726
-0.52928 0.0183469 -0.0509182
-0.529489 0.0176505 -0.0559259
-0.527906 0.0169582 -0.0606403
-0.524974 0.0163786 -0.0641113
-0.520377 0.0159272 -0.0659726
-0.51492 0.0155543 -0.0663912
-0.509235 0.0151444 -0.065946
-0.502306 0.014715 -0.0647708
-0.49399 0.014209 -0.0634397
-0.484972 0.0134203 -0.0624005
-0.474489 0.0124869 -0.0616341
-0.462496 0.0114165 -0.0610866
-0.450004 0.0101971 -0.0606743
-0.436962 0.00899939 -0.0604735
-0.422989 0.00789236 -0.0604289
-0.408821 0.00700391 -0.0602615
-0.395419 0.00630633 -0.0596928
-0.382057 0.00578327 -0.0588967
-0.367611 0.00541843 -0.0579246
-0.351595 0.0051386 -0.0563894
-0.332342 0.00488603 -0.0544464
-0.307993 0.00455866 -0.0531767
-0.279299 0.0041265 -0.0533598
-0.248316 0.00357146 -0.0548243
-0.215443 0.00291434 -0.0572061
-0.180097 0.00221657 -0.0601641
-0.142646 0.00150736 -0.0627211
-0.103803 0.000805951 -0.0639563
-0.0637138 0.000166471 -0.0642532
-0.0229808 -0.000273128 -0.0640753
0.0173427 -0.000454486 -0.0639945
0.0573406 -0.000442222 -0.0637646
0.0975262 -0.000282299 -0.0629496
0.137378 -0.000113401 -0.0619335
0.176443 -4.11607e-05 -0.06081
0.214387 -8.67193e-05 -0.0596156
0.249907 -0.000309963 -0.0589259
0.282125 -0.000735014 -0.0590534
0.311443 -0.00134336 -0.0592468
0.337965 -0.0021265 -0.0590733
0.361306 -0.00307697 -0.0587458
0.381697 -0.00412356 -0.0583707
0.399199 -0.0052045 -0.0579746
0.413122 -0.00631467 -0.0580254
0.423463 -0.00742576 -0.0586862
0.430682 -0.00849401 -0.059522
0.434134 -0.00953732 -0.0603729
0.433332 -0.010575 -0.0613466
0.429088 -0.0115731 -0.0622543
0.421701 -0.012535 -0.0629271
0.410679 -0.0134848 -0.0635387
0.39604 -0.0143598 -0.0641956
0.377572 -0.0150835 -0.0646666
0.354738 -0.0156725 -0.0649296
0.328062 -0.016099 -0.0648867
0.298422 -0.0162918 -0.064499
0.265999 -0.0162542 -0.0640562
0.231141 -0.0159744 -0.0638598
0.194598 -0.0154485 -0.0639933
0.156763 -0.0146999 -0.0643178
0.117934 -0.0137309 -0.0645982
0.0789947 -0.0125554 -0.0644943
0.0406289 -0.0111815 -0.063803
0.00241625 -0.00970471 -0.0624824
-0.0358929 -0.0081672 -0.0608746
-0.0735924 -0.00648963 -0.059749
-0.110636 -0.00468991 -0.0594561
-0.147785 -0.0028438 -0.0593335
-0.184869 -0.000983835 -0.0592149
-0.221068 0.000911411 -0.0595526
-0.256504 0.00283232 -0.0603249
-0.291588 0.00476255 -0.0612023
-0.325628 0.00674093 -0.0621652
-0.357683 0.00877822 -0.0632229
-0.38737 0.0108423 -0.0637661
-0.413905 0.0129059 -0.0633682
-0.435938 0.0149623 -0.0622131
-0.452647 0.016983 -0.060671
-0.463533 0.0188859 -0.0587865
-0.467312 0.020605 -0.0567226
-0.462388 0.0220873 -0.0547716
-0.447705 0.0232607 -0.0528713
-0.422071 0.0240982 -0.050735
-0.383722 0.0246208 -0.048432
-0.331254 0.0248288 -0.0461085
-0.263946 0.0247002 -0.0437302
-0.180889 0.024252 -0.0413774
-0.0810368 0.0235248 -0.0391225
0.0359029 0.022515 -0.0369986
0.169787 0.0211963 -0.0346662
0.320753 0.0195609 -0.0321259
0.489017 0.0175863 -0.0292189
0.674593 0.0152451 -0.0255182
0.877204 0.0125057 -0.0205255
1.09574 0.00934759 -0.0143417
1.32872 0.00580351 -0.00727435
1.57602 0.00180051 0.000764132
1.83756 -0.00280348 0.0110907
2.11256 -0.00792686 0.0242849
2.40103 -0.0133546 0.0403521
2.70218 -0.0189052 0.0593981
3.01424 -0.0244748 0.0806071
3.33759 -0.0300028 0.103329
3.67365 -0.035444 0.127347
4.02261 -0.0407727 0.152811
4.38462 -0.0459264 0.179162
4.7606 -0.0509016 0.20628
5.15051 -0.0557843 0.23475
5.55316 -0.0606088 0.26479
5.9679 -0.0653851 0.296137
6.39466 -0.0702276 0.328946
6.833 -0.0752651 0.363312
7.2823 -0.0806173 0.398797
7.74203 -0.08639 0.43476
8.21156 -0.092635 0.470903
8.68939 -0.0994131 0.506815
9.17338 -0.10675 0.541783
9.66084 -0.114643 0.575263
10.1479 -0.123087 0.607103
10.6301 -0.132041 0.637218
11.103 -0.141421 0.66554
11.562 -0.151124 0.692273
12.0028 -0.16105 0.717671
12.4215 -0.171091 0.74173
12.8147 -0.181138 0.764387
13.1795 -0.191107 0.785604
13.5133 -0.200945 0.805269
13.8138 -0.210604 0.822991
14.0788 -0.220059 0.838251
14.3058 -0.229361 0.850532
14.4929 -0.238609 0.85929
14.6384 -0.247905 0.864034
14.741 -0.257387 0.864153
14.7994 -0.267102 0.859141
14.8125 -0.27698 0.84832
14.7799 -0.287036 0.831419
14.702 -0.297227 0.808778
14.5785 -0.307417 0.779997
14.4082 -0.317536 0.743507
14.1922 -0.327544 0.697603
13.9365 -0.337465 0.643399
13.6521 -0.347239 0.5852
13.3544 -0.35667 0.529129
13.0569 -0.365584 0.480402
12.7659 -0.373903 0.441006
12.4814 -0.381619 0.407848
12.1996 -0.388612 0.373178
11.9165 -0.394694 0.331067
11.6306 -0.399627 0.28231
11.3421 -0.403135 0.230757
11.0516 -0.404981 0.177317
10.7605 -0.404884 0.123017
10.4724 -0.402521 0.0708422
10.1924 -0.397821 0.0249195
9.92459 -0.390666 0.011028
9.66869 -0.382324 0.0504346
9.4157 -0.375333 0.113109
9.15247 -0.368759 0.174327
8.87379 -0.360733 0.228788
8.58618 -0.352229 0.268237
8.29715 -0.344491 0.29182
8.00543 -0.338469 0.299667
7.70405 -0.334558 0.290395
7.38584 -0.332753 0.260976
7.04798 -0.332874 0.214032
6.69338 -0.334604 0.15324
6.32555 -0.337628 0.0798097
5.9431 -0.341013 -0.00434176
5.53908 -0.343478 -0.08872
5.10626 -0.344935 -0.167666
4.64596 -0.345638 -0.228871
4.16417 -0.34499 -0.256427
3.65446 -0.343058 -0.250984
3.10223 -0.338267 -0.226233
2.51074 -0.329202 -0.191866
1.90175 -0.317274 -0.145942
1.28401 -0.303323 -0.0893742
0.643518 -0.2881 -0.0330563
-0.0326541 -0.272029 0.0149007
-0.74491 -0.254618 0.0605465
-1.48811 -0.23597 0.103228
-2.25341 -0.216163 0.138279
-3.02894 -0.19543 0.161765
-3.80732 -0.174527 0.175694
-4.58765 -0.154239 0.184128
-5.36781 -0.134665 0.187685
-6.14323 -0.115322 0.187951
-6.91234 -0.0962025 0.187714
-7.67612 -0.0776065 0.193039
-8.43412 -0.0583858 0.20781
-9.18634 -0.0367788 0.227517
-9.93527 -0.0130579 0.251479
-10.6813 0.012129 0.282843
-11.4233 0.0388194 0.326279
-12.1609 0.0662837 0.381546
-12.8918 0.0938888 0.444654
-13.6138 0.121086 0.515783
-14.3266 0.147368 0.589945
-15.0337 0.171763 0.663228
-15.7343 0.193148 0.73624
-16.4181 0.212962 0.810648
-17.0829 0.230771 0.886281
-17.7325 0.245538 0.963438
-18.3677 0.258579 1.03516
-18.9888 0.26985 1.09833
-19.5901 0.279446 1.15023
-20.1645 0.28755 1.1887
-20.708 0.294401 1.21904
-21.2189 0.301082 1.24191
-21.6982 0.308225 1.26024
-22.1484 0.316086 1.27633
-22.5719 0.32443 1.29223
-22.9694 0.333005 1.30789
-23.3391 0.342049 1.32106
-23.68 0.351107 1.33197
-23.9918 0.359312 1.34179
-24.2739 0.365934 1.35182
-24.5257 0.370692 1.36061
-24.749 0.373528 1.36706
-24.9477 0.374089 1.37091
-25.1263 0.372213 1.37218
-25.2888 0.367842 1.37142
-25.438 0.361238 1.36876
-25.576 0.352733 1.36457
-25.704 0.342514 1.36003
-25.8223 0.33078 1.35665
-25.93 0.317783 1.35462
-26.0255 0.303912 1.35308
-26.108 0.289367 1.35128
-26.178 0.274119 1.34905
-26.2369 0.257973 1.34656
-26.286 0.240703 1.34365
-26.3248 0.222152 1.33958
-26.3522 0.202159 1.33368
-26.367 0.180641 1.32593
-26.3682 0.157627 1.31688
-26.3548 0.13327 1.30672
-26.3262 0.107791 1.29578
-26.2825 0.0814288 1.28422
-26.2239 0.0545013 1.27202
-26.1508 0.0274713 1.25993
-26.063 0.000796683 1.24848
-25.9604 -0.0250912 1.23803
-25.8426 -0.0496908 1.22878
-25.7089 -0.0726281 1.22055
-25.5581 -0.0936961 1.21317
-25.3897 -0.112875 1.20671
-25.204 -0.13036 1.20117
-25.0003 -0.146216 1.19705
-24.7769 -0.160704 1.19405
-24.5325 -0.174379 1.19117
-24.2667 -0.187521 1.18833
-23.9793 -0.200561 1.18569
-23.6695 -0.213946 1.18245
-23.3373 -0.22787 1.1776
-22.9851 -0.242427 1.17052
-22.6163 -0.257558 1.16067
-22.2334 -0.273283 1.1478
-21.8377 -0.289544 1.13156
-21.4299 -0.306065 1.11181
-21.0103 -0.322483 1.08888
-20.5795 -0.338475 1.06333
-20.1372 -0.353813 1.03552
-19.6826 -0.3683 1.0058
-19.2158 -0.381739 0.974469
-18.7371 -0.393985 0.941936
-18.2463 -0.404997 0.908555
-17.7434 -0.414792 0.874605
-17.2285 -0.423358 0.840729
-16.7024 -0.430636 0.806936
-16.1666 -0.436874 0.773077
-15.621 -0.441933 0.740749
-15.0636 -0.445136 0.710752
-14.4933 -0.446496 0.682474
-13.912 -0.446262 0.655874
-13.3229 -0.444346 0.631686
-12.7287 -0.44046 0.610771
-12.131 -0.434646 0.59418
-11.5322 -0.427518 0.582664
-10.9355 -0.419607 0.576292
-10.3449 -0.411203 0.575196
-9.76384 -0.402769 0.579371
-9.19451 -0.395068 0.587533
-8.63745 -0.388606 0.596887
-8.09189 -0.383424 0.605177
-7.55696 -0.379395 0.611448
-7.0326 -0.376393 0.615678
-6.51976 -0.374229 0.618472
-6.02 -0.372481 0.620361
-5.53408 -0.37054 0.621788
-5.06135 -0.367813 0.622853
-4.60038 -0.363846 0.623304
-4.1495 -0.358309 0.623046
-3.7075 -0.35102 0.62188
-3.27388 -0.342031 0.619559
-2.84818 -0.331628 0.616239
-2.43 -0.320254 0.612614
-2.01917 -0.308407 0.609616
-1.61577 -0.296565 0.608032
-1.21983 -0.285237 0.60804
-0.830442 -0.274878 0.60945
-0.446044 -0.265729 0.612701
-0.0657378 -0.25782 0.620055
0.310035 -0.250874 0.632007
0.679633 -0.244373 0.646316
1.0418 -0.237702 0.662021
1.39702 -0.230214 0.678799
1.74662 -0.221687 0.696318
2.09161 -0.212296 0.714257
2.43275 -0.202131 0.732828
2.77086 -0.191397 0.752929
3.10692 -0.180578 0.774928
3.44202 -0.17025 0.798092
3.77706 -0.161001 0.820819
4.11215 -0.153343 0.841716
4.44621 -0.147778 0.860274
4.77712 -0.14483 0.876813
5.10321 -0.144757 0.892073
5.42377 -0.147564 0.906729
5.73857 -0.153139 0.921014
6.04725 -0.161206 0.934727
6.34904 -0.171381 0.947462
6.64312 -0.183203 0.958876
6.92897 -0.196189 0.968789
7.20621 -0.209903 0.977222
7.47413 -0.224005 0.984282
7.7315 -0.238289 0.990134
7.97674 -0.252697 0.995
8.2085 -0.267355 0.999041
8.42602 -0.282534 1.00221
8.62893 -0.298566 1.00436
8.81685 -0.315764 1.00554
8.98901 -0.33435 1.00595
9.14428 -0.354427 1.00576
9.2816 -0.375987 1.00504
9.40058 -0.39893 1.00355
9.50179 -0.42306 1.00088
9.58621 -0.448082 0.996699
9.65455 -0.473635 0.990899
9.70695 -0.499356 0.983565
9.7432 -0.524928 0.974999
9.76315 -0.550129 0.965715
9.7671 -0.574847 0.956142
9.75581 -0.599058 0.946423
9.73026 -0.622842 0.93647
9.69137 -0.646395 0.926426
9.63997 -0.67 0.91679
9.57692 -0.693949 0.907852
9.50292 -0.718465 0.8992
9.41839 -0.743673 0.890119
9.32353 -0.769574 0.880201
9.21858 -0.796023 0.869394
9.10429 -0.822767 0.857809
8.98199 -0.849485 0.845432
8.85347 -0.875852 0.832145
8.72068 -0.901589 0.817969
8.58536 -0.926476 0.80314
8.44875 -0.95038 0.787955
8.31157 -0.97329 0.772711
8.17418 -0.995309 0.757725
8.03676 -1.0166 0.74294
7.89946 -1.03736 0.728371
7.76235 -1.05787 0.714227
7.62509 -1.07832 0.700624
7.48677 -1.0989 0.687748
7.34612 -1.11972 0.675498
7.20175 -1.14086 0.663694
7.05228 -1.16231 0.652051
6.89644 -1.18405 0.639971
6.73299 -1.20596 0.627046
6.56099 -1.22787 0.613081
6.38009 -1.24962 0.597846
6.19061 -1.27104 0.58122
5.99313 -1.29196 0.563208
5.78812 -1.31224 0.543682
5.57564 -1.33176 0.522425
5.35533 -1.35044 0.499361
5.12679 -1.36827 0.474521
4.88965 -1.38531 0.448227
4.64348 -1.40166 0.421056
4.38763 -1.41739 0.393635
4.12145 -1.4325 0.366218
3.84474 -1.44679 0.338835
3.55819 -1.45996 0.311548
3.26353 -1.4717 0.284206
2.96279 -1.48179 0.257033
2.65704 -1.49006 0.230806
2.34572 -1.49644 0.205922
2.0276 -1.50067 0.182368
1.70229 -1.50227 0.160598
1.37055 -1.50085 0.14134
1.03355 -1.496 0.125033
0.691798 -1.48727 0.111582
0.345164 -1.47419 0.101393
-0.00655221 -1.45627 0.0950412
-0.362966 -1.43342 0.0938868
-0.723157 -1.4062 0.0989362
-1.08691 -1.37559 0.109984
-1.45443 -1.34214 0.127363
-1.82511 -1.30582 0.151383
-2.1976 -1.26707 0.180448
-2.57003 -1.22701 0.21131
-2.94076 -1.18695 0.241497
-3.30858 -1.14768 0.269009
-3.67244 -1.10945 0.291776
-4.03123 -1.07237 0.307623
-4.38365 -1.03637 0.315752
-4.72826 -1.00129 0.318028
-5.06367 -0.966994 0.317446
-5.38893 -0.932784 0.316357
-5.70343 -0.897513 0.316083
-6.00645 -0.860154 0.317062
-6.29702 -0.819881 0.319229
-6.57423 -0.776038 0.322244
-6.83741 -0.72824 0.326416
-7.08601 -0.676473 0.332836
-7.31914 -0.621168 0.342315
-7.53559 -0.563029 0.35499
-7.73478 -0.502763 0.370464
-7.91769 -0.441196 0.387647
-8.08695 -0.379616 0.405018
-8.24544 -0.31954 0.421514
-8.39524 -0.262183 0.436342
-8.53782 -0.208344 0.448653
-8.67438 -0.158502 0.457732
-8.80631 -0.112819 0.463271
-8.93496 -0.0710437 0.465306
-9.06123 -0.0326027 0.46431
-9.18527 0.00321738 0.461647
-9.30675 0.0371815 0.45947
-9.4251 0.0701601 0.45882
-9.53984 0.103115 0.458414
-9.65077 0.136828 0.457727
-9.75767 0.171544 0.457845
-9.85989 0.206813 0.459745
-9.95675 0.241774 0.464007
-10.0487 0.275839 0.47047
-10.1365 0.308417 0.478199
-10.2199 0.338062 0.487088
-10.2992 0.363464 0.496238
-10.3757 0.384261 0.503967
-10.45 0.400314 0.509613
-10.5225 0.411738 0.51329
-10.5944 0.419186 0.516525
-10.667 0.423623 0.521085
-10.7413 0.426026 0.526495
-10.8181 0.427263 0.532703
-10.8981 0.428222 0.540363
-10.9814 0.429532 0.548694
-11.068 0.431358 0.55696
-11.1578 0.433527 0.564473
-11.2494 0.435536 0.571041
-11.3413 0.436631 0.577068
-11.4321 0.435953 0.582684
-11.5214 0.43275 0.587358
-11.6088 0.42649 0.590396
-11.6946 0.416855 0.591343
-11.7787 0.403828 0.59062
-11.861 0.387737 0.589238
-11.9415 0.369256 0.588142
-12.0215 0.349243 0.587819
-12.102 0.328564 0.588446
-12.1833 0.308015 0.590216
-12.2644 0.288252 0.593619
-12.3443 0.26969 0.599115
-12.4229 0.252467 0.606415
-12.5007 0.236485 0.614342
-12.5775 0.221404 0.621464
-12.6518 0.206665 0.626828
-12.7219 0.191667 0.630147
-12.787 0.175913 0.631397
-12.8473 0.159104 0.630502
-12.9037 0.141194 0.627372
-12.9568 0.122405 0.6223
-13.0067 0.103206 0.61618
-13.054 0.0842042 0.61025
-13.0992 0.0660309 0.605616
-13.143 0.049303 0.602939
-13.1855 0.0345601 0.602525
-13.2258 0.0221912 0.604509
-13.2629 0.0123748 0.608901
-13.2964 0.00504072 0.615436
-13.3263 -0.000124685 0.623368
-13.3527 -0.00365684 0.631503
-13.3746 -0.00622608 0.63865
-13.3904 -0.00848671 0.643945
-13.3986 -0.0109697 0.646954
-13.3985 -0.0140362 0.64757
-13.3906 -0.0178325 0.645889
-13.3755 -0.0222886 0.642267
-13.3536 -0.0271762 0.637389
-13.3256 -0.032155 0.632112
-13.2918 -0.0368465 0.627234
-13.2528 -0.0409075 0.62334
-13.209 -0.0440884 0.620725
-13.1596 -0.0463002 0.619487
-13.1031 -0.0476166 0.619496
-13.0375 -0.0482525 0.620385
-12.9616 -0.0485555 0.621553
-12.8745 -0.0489784 0.622212
-12.7756 -0.0500108 0.62155
-12.664 -0.0520888 0.618893
-12.5386 -0.0555345 0.613841
-12.3987 -0.0605139 0.606315
-12.2441 -0.0670228 0.596565
-12.0748 -0.0749097 0.585112
-11.8908 -0.083915 0.572574
-11.6915 -0.0937236 0.559518
-11.4761 -0.104027 0.5464
-11.2441 -0.114577 0.533549
-10.9956 -0.125228 0.521183
-10.7306 -0.135969 0.509339
-10.449 -0.146912 0.497801
-10.1501 -0.158283 0.48622
-9.83354 -0.170383 0.474268
-9.49919 -0.183541 0.461653
-9.14816 -0.198068 0.448156
-8.78244 -0.214208 0.433557
-8.40478 -0.232133 0.417694
-8.01816 -0.251922 0.400589
-7.62562 -0.273545 0.382363
-7.2304 -0.296921 0.363371
-6.83562 -0.321918 0.343807
-6.4438 -0.348199 0.323669
-6.05642 -0.375148 0.303556
-5.67444 -0.402243 0.284761
-5.29951 -0.429486 0.267526
-4.93414 -0.456598 0.252163
-4.58174 -0.483103 0.239379
-4.24612 -0.509204 0.227117
-3.92823 -0.534772 0.214979
-3.62463 -0.559426 0.205496
-3.32911 -0.583365 0.19982
-3.03619 -0.606893 0.197127
-2.74468 -0.630242 0.195945
-2.45718 -0.653531 0.194942
-2.1765 -0.676493 0.192976
-1.90379 -0.698801 0.189462
-1.63828 -0.720051 0.184212
-1.37823 -0.739836 0.177853
-1.12208 -0.757934 0.171238
-0.86836 -0.774112 0.164769
-0.615679 -0.788264 0.158338
-0.362585 -0.800163 0.152228
-0.108009 -0.809424 0.147952
0.148696 -0.81553 0.148599
0.408591 -0.818105 0.158071
0.673468 -0.817526 0.178147
0.944973 -0.81465 0.206654
1.22334 -0.809835 0.239282
1.50759 -0.803097 0.272503
1.797 -0.794957 0.304197
2.09213 -0.786273 0.333665
2.39452 -0.777754 0.36173
2.7059 -0.769798 0.388164
3.02721 -0.762729 0.412299
3.35818 -0.756935 0.434445
3.69797 -0.752713 0.454952
4.04591 -0.750145 0.475873
4.40172 -0.749126 0.496507
4.76539 -0.749501 0.513955
5.13665 -0.751188 0.528059
5.51473 -0.754088 0.539504
5.89833 -0.757959 0.549129
6.28582 -0.762428 0.557726
6.67558 -0.767105 0.565736
7.06614 -0.771706 0.573989
7.45594 -0.776095 0.583947
7.84331 -0.780186 0.596932
8.22661 -0.783848 0.61368
8.60443 -0.786958 0.633737
8.97546 -0.78947 0.655995
9.33828 -0.791429 0.679629
9.69118 -0.792942 0.704116
10.0323 -0.794147 0.728813
10.3601 -0.795196 0.752682
10.6736 -0.796269 0.774429
10.9725 -0.797605 0.792986
11.2564 -0.799445 0.807599
11.5247 -0.801969 0.817969
11.7766 -0.80534 0.824329
12.0107 -0.809769 0.827267
12.226 -0.815494 0.827714
12.4216 -0.822701 0.826602
12.597 -0.831484 0.824575
12.7516 -0.841822 0.822025
12.8845 -0.853585 0.819129
12.9949 -0.866571 0.815701
13.0817 -0.880534 0.811598
13.1439 -0.895203 0.807159
13.1813 -0.910316 0.802509
13.1945 -0.92559 0.798635
13.1843 -0.94073 0.793632
13.1513 -0.955514 0.784884
13.0963 -0.969848 0.774533
13.0203 -0.983673 0.763501
12.9249 -0.996866 0.749827
12.8118 -1.00934 0.733316
12.6827 -1.02108 0.715771
12.5398 -1.0321 0.697751
12.3847 -1.04237 0.679135
12.2182 -1.05187 0.659891
12.0407 -1.06062 0.639917
11.8534 -1.06869 0.61952
11.6577 -1.0761 0.599283
11.4555 -1.08286 0.579817
11.2481 -1.08901 0.561482
11.0363 -1.09467 0.54409
10.821 -1.09997 0.527464
10.6036 -1.10508 0.511994
10.3851 -1.1102 0.498534
10.1662 -1.11558 0.488168
9.94658 -1.12142 0.481745
9.72524 -1.12793 0.478564
9.5009 -1.13529 0.476052
9.27276 -1.1436 0.471725
9.04053 -1.15292 0.464446
8.80389 -1.16321 0.453139
8.56225 -1.17442 0.436415
8.31479 -1.18636 0.413571
8.06081 -1.19879 0.384599
7.79997 -1.21141 0.350321
7.53199 -1.22391 0.311967
7.2562 -1.23596 0.270889
6.9712 -1.24722 0.228244
6.67526 -1.2574 0.185663
6.36695 -1.26634 0.145493
6.04538 -1.27401 0.109774
5.7099 -1.28041 0.0792499
5.35959 -1.2853 0.0530431
4.99375 -1.28828 0.0296652
4.61277 -1.28914 0.00869686
4.21804 -1.28782 -0.00912169
3.81082 -1.28424 -0.0221874
3.39115 -1.27845 -0.0294889
2.95838 -1.27051 -0.0322847
2.51231 -1.26037 -0.031878
2.05369 -1.24791 -0.0295714
1.58405 -1.23292 -0.0264525
1.10499 -1.2151 -0.0233799
0.617869 -1.19414 -0.0213886
0.124176 -1.16976 -0.0210198
-0.374595 -1.14175 -0.0225655
-0.877098 -1.1102 -0.0243942
-1.38203 -1.07549 -0.0238082
-1.8881 -1.03796 -0.0186158
-2.39402 -0.997606 -0.00685342
-2.89847 -0.954409 0.0127683
-3.39994 -0.908818 0.0399341
-3.89638 -0.861779 0.0729596
-4.38511 -0.813909 0.109931
-4.86397 -0.765078 0.148926
-5.33252 -0.715575 0.18852
-5.79136 -0.666291 0.228046
-6.2407 -0.617481 0.267176
-6.67987 -0.568876 0.305349
-7.10763 -0.520346 0.341917
-7.52259 -0.471831 0.37673
-7.92366 -0.42319 0.409679
-8.31011 -0.374248 0.440403
-8.68161 -0.32495 0.468665
-9.03822 -0.27542 0.494493
-9.38016 -0.225826 0.518017
-9.70728 -0.176325 0.539181
-10.0191 -0.127092 0.557781
-10.3152 -0.0783116 0.573384
-10.5954 -0.0301584 0.585511
-10.8601 0.0172012 0.59406
-11.1098 0.0635759 0.599876
-11.3442 0.108788 0.603539
-11.5626 0.152769 0.605634
-11.7657 0.195483 0.606877
-11.9545 0.236871 0.607786
-12.1301 0.276819 0.608705
-12.2932 0.315199 0.609822
-12.4438 0.351877 0.611653
-12.5826 0.386591 0.614408
-12.7102 0.419098 0.618056
-12.8279 0.449194 0.622529
-12.9364 0.476668 0.627725
-13.0369 0.501358 0.633395
-13.1301 0.523065 0.639088
-13.2169 0.54152 0.644415
-13.2984 0.556435 0.649461
-13.3751 0.567671 0.65402
-13.4473 0.575266 0.657441
-13.5151 0.579242 0.659395
-13.5782 0.579527 0.660125
-13.6359 0.576089 0.660031
-13.6871 0.569064 0.659154
-13.7311 0.558689 0.657306
-13.7677 0.545154 0.654731
-13.7964 0.528614 0.651879
-13.8158 0.509291 0.649021
-13.8251 0.487478 0.646228
-13.8247 0.463434 0.643536
-13.8152 0.437384 0.64131
-13.7958 0.409553 0.639885
-13.7648 0.380175 0.639831
-13.7205 0.349459 0.641408
-13.6624 0.31758 0.644417
-13.5916 0.284739 0.648466
-13.5094 0.251152 0.652689
-13.4163 0.216913 0.656351
-13.3124 0.181985 0.658839
-13.1979 0.146346 0.659544
-13.0737 0.109971 0.657889
-12.9407 0.072803 0.653458
-12.7986 0.0348724 0.645972
-12.6468 -0.00368565 0.635286
-12.4848 -0.0427178 0.621361
-12.3129 -0.08207 0.604366
-12.1316 -0.121564 0.584746
-11.9417 -0.160959 0.563212
-11.7433 -0.19997 0.540491
-11.5368 -0.238308 0.517011
-11.3226 -0.275711 0.492951
-11.1018 -0.311973 0.468626
-10.8756 -0.346944 0.444604
-10.6448 -0.380496 0.421524
-10.409 -0.412513 0.399773
-10.1677 -0.442912 0.379269
-9.92116 -0.471627 0.359623
-9.66982 -0.498609 0.340561
-9.41458 -0.523843 0.322104
-9.15603 -0.547298 0.304384
-8.89434 -0.568903 0.287488
-8.62961 -0.588589 0.271345
-8.36218 -0.606293 0.255866
-8.09263 -0.621936 0.24103
-7.82148 -0.635412 0.226974
-7.54889 -0.646584 0.213751
-7.27499 -0.655329 0.201187
-7.00014 -0.661612 0.189333
-6.72493 -0.665473 0.178367
-6.44985 -0.666935 0.168573
-6.17483 -0.666019 0.160333
-5.89921 -0.662801 0.154
-5.6221 -0.657394 0.150018
-5.34278 -0.649912 0.148715
-5.06091 -0.640491 0.150132
-4.7764 -0.629317 0.153903
-4.48913 -0.616619 0.159011
-4.19874 -0.602675 0.164515
-3.90471 -0.587882 0.169803
-3.60665 -0.572721 0.174187
-3.30465 -0.557527 0.177226
-2.99926 -0.542366 0.178939
-2.69125 -0.527227 0.179641
-2.38101 -0.51218 0.179743
-2.06819 -0.497299 0.179596
-1.75236 -0.482665 0.179811
-1.43368 -0.468273 0.181292
-1.11273 -0.453957 0.184591
-0.790164 -0.439509 0.18979
-0.466449 -0.42475 0.19682
-0.141977 -0.409567 0.205689
0.182731 -0.393895 0.216238
0.507225 -0.377666 0.228397
0.831355 -0.360886 0.241807
1.15529 -0.343616 0.255946
1.47913 -0.32593 0.270557
1.80236 -0.307895 0.285349
2.12378 -0.28957 0.300179
2.44176 -0.271017 0.314921
2.75478 -0.252287 0.329566
3.06169 -0.233424 0.344084
3.36154 -0.214467 0.358249
3.65333 -0.195452 0.372025
3.93598 -0.17639 0.385651
4.20841 -0.15729 0.399344
4.46981 -0.138153 0.413198
4.71964 -0.118962 0.427178
4.95754 -0.0996956 0.441153
5.18306 -0.0803647 0.455027
5.39577 -0.0610279 0.468787
5.59546 -0.0417646 0.482398
5.78226 -0.0226557 0.495724
5.95664 -0.00380477 0.508588
6.11925 0.0146547 0.5208
6.27067 0.0325814 0.5322
6.41133 0.0498315 0.542689
6.54161 0.0662538 0.552153
6.66194 0.0817113 0.560429
6.77275 0.0961099 0.567366
6.87428 0.10939 0.572924
6.9664 0.121509 0.577211
7.04866 0.132431 0.580394
7.12039 0.142139 0.582676
7.1811 0.150637 0.584245
7.23073 0.157948 0.58519
7.26941 0.164105 0.585604
7.29726 0.169137 0.585666
7.31432 0.17307 0.585587
7.32053 0.175908 0.585575
7.31594 0.177644 0.58573
7.30063 0.17826 0.585903
7.27465 0.177734 0.585774
7.23797 0.176023 0.584947
7.19054 0.173069 0.582989
7.13246 0.168835 0.579546
7.06398 0.163292 0.574323
6.9854 0.156411 0.567146
6.89692 0.148189 0.558146
6.7986 0.138652 0.547678
6.69045 0.127844 0.536144
6.57252 0.115813 0.523915
6.44495 0.102617 0.511262
6.30788 0.0883255 0.49836
6.16137 0.0730124 0.485338
6.00543 0.0567557 0.472277
5.84016 0.0396284 0.459104
5.66585 0.0217016 0.445652
5.48287 0.00303178 0.431754
5.29149 -0.0163494 0.417258
5.09192 -0.0364263 0.402134
4.8843 -0.0571899 0.386502
4.66896 -0.0786248 0.370387
4.44635 -0.100698 0.353779
4.21705 -0.123356 0.336617
3.98168 -0.146523 0.318769
3.74082 -0.170111 0.30024
3.49512 -0.194021 0.281041
3.24532 -0.218144 0.261179
2.99218 -0.242359 0.240762
2.73641 -0.266541 0.220074
2.47859 -0.290561 0.199406
2.2191 -0.314283 0.179273
1.95818 -0.337559 0.16073
1.69587 -0.360185 0.145241
1.43195 -0.381828 0.134384
1.16614 -0.402242 0.128878
0.898353 -0.421584 0.127654
0.628907 -0.44027 0.130048
0.358455 -0.458495 0.135485
0.0873255 -0.47597 0.141951
-0.184689 -0.492487 0.147624
-0.457692 -0.508492 0.151644
-0.731466 -0.524648 0.153965
-1.00574 -0.541351 0.15442
-1.28011 -0.55879 0.15239
-1.55388 -0.5771 0.147387
-1.82617 -0.596338 0.139398
-2.09632 -0.616295 0.12878
-2.36431 -0.636486 0.116037
-2.63059 -0.656356 0.102069
-2.8959 -0.675436 0.0884499
-3.16113 -0.693328 0.0766898
-3.42671 -0.709747 0.0685886
-3.69181 -0.72446 0.0654303
-3.95459 -0.737089 0.0670783
-4.21377 -0.747239 0.0727088
-4.46949 -0.754741 0.0810675
-4.72235 -0.759611 0.0912696
-4.97213 -0.761997 0.102953
-5.21796 -0.762169 0.116014
-5.45907 -0.760292 0.129566
-5.69543 -0.756395 0.142425
-5.92738 -0.750734 0.154054
-6.15512 -0.743731 0.164596
-6.37869 -0.735701 0.174775
-6.59804 -0.72676 0.185064
-6.8133 -0.716817 0.195492
-7.02498 -0.705631 0.205875
-7.2337 -0.692935 0.216312
-7.43986 -0.678549 0.227322
-7.64352 -0.662354 0.23952
-7.84452 -0.644259 0.253148
-8.04263 -0.62421 0.267993
-8.23748 -0.602197 0.283545
-8.42825 -0.57829 0.299225
-8.61372 -0.552688 0.314631
-8.79239 -0.525691 0.329539
-8.96269 -0.497626 0.343676
-9.12323 -0.468792 0.356614
-9.27296 -0.439412 0.367912
-9.41124 -0.409628 0.377371
-9.53772 -0.379521 0.385157
-9.6523 -0.349123 0.391684
-9.75503 -0.318422 0.397411
-9.84611 -0.287363 0.402731
-9.92575 -0.255871 0.407954
-9.99426 -0.223888 0.413359
-10.052 -0.191407 0.419171
-10.0992 -0.158503 0.425516
-10.1363 -0.125351 0.432375
-10.1634 -0.0922137 0.439526
-10.1807 -0.059399 0.446634
-10.1881 -0.0272319 0.45328
-10.1858 0.00396973 0.458986
-10.174 0.03392 0.463264
-10.1527 0.0623912 0.465708
-10.1222 0.0892337 0.46614
-10.0828 0.114391 0.464604
-10.0348 0.137896 0.461324
-9.97833 0.159849 0.456624
-9.91375 0.18038 0.450877
-9.84103 0.19962 0.444481
-9.7601 0.217675 0.437847
-9.67103 0.234597 0.431327
-9.57412 0.250368 0.425148
-9.46977 0.2649 0.419378
-9.35832 0.278059 0.413992
-9.23991 0.289674 0.408923
-9.11456 0.299552 0.404061
-8.98239 0.307516 0.399235
-8.84354 0.313442 0.394239
-8.69807 0.317281 0.388865
-8.54594 0.319053 0.382922
-8.38716 0.318844 0.37627
-8.22193 0.316787 0.368843
-8.05065 0.31305 0.360631
-7.87371 0.307808 0.351661
-7.69134 0.301224 0.341992
-7.50354 0.293428 0.331746
-7.31033 0.2845 0.321147
-7.1119 0.274464 0.310449
-6.90858 0.2633 0.299836
-6.70062 0.250961 0.289404
-6.48812 0.2374 0.279214
-6.27105 0.222578 0.269244
-6.04942 0.206484 0.259349
-5.82345 0.189159 0.249461
-5.59341 0.17073 0.239536
-5.35946 0.151452 0.229505
-5.12168 0.131618 0.21931
-4.88043 0.11142 0.20892
-4.63646 0.0910753 0.198355
-4.3907 0.0709522 0.18763
-4.14422 0.0513531 0.176882
-3.89802 0.0324148 0.166312
-3.65289 0.0141794 0.156159
-3.40947 -0.00340554 0.146737
-3.1685 -0.0204433 0.138398
-2.93082 -0.0370691 0.13141
-2.6973 -0.0534317 0.125883
-2.46866 -0.0696571 0.121787
-2.24556 -0.0858632 0.118924
-2.0287 -0.10216 0.117113
-1.81886 -0.118595 0.11617
-1.61678 -0.135133 0.115864
-1.42288 -0.151692 0.115952
-1.23728 -0.168166 0.116234
-1.05984 -0.184413 0.116577
-0.890479 -0.200286 0.116919
-0.729223 -0.215652 0.117229
-0.576219 -0.23041 0.117458
-0.431516 -0.244482 0.117549
-0.294962 -0.257818 0.117501
-0.166282 -0.270395 0.11741
-0.0452033 -0.282236 0.117426
0.068483 -0.293408 0.117725
0.174982 -0.304008 0.118512
0.2746 -0.31414 0.119992
0.367706 -0.323904 0.122309
0.454634 -0.333382 0.125526
0.535602 -0.342639 0.129568
0.610793 -0.351718 0.134157
0.680541 -0.360638 0.138924
0.745374 -0.369398 0.143526
0.80587 -0.377989 0.147659
0.862457 -0.386394 0.151141
0.915322 -0.394583 0.153881
0.964552 -0.402508 0.155846
1.01031 -0.410125 0.157096
1.0529 -0.417402 0.157737
1.09271 -0.424304 0.15793
1.13006 -0.430792 0.157885
1.16522 -0.436832 0.157817
1.19845 -0.442398 0.157918
1.23016 -0.447462 0.15829
1.26075 -0.452008 0.158953
1.29055 -0.456026 0.159904
1.31975 -0.45951 0.161137
1.34844 -0.462457 0.162638
1.37677 -0.464867 0.164374
1.405 -0.466747 0.166291
1.43335 -0.468108 0.168313
1.46177 -0.468963 0.170371
1.48985 -0.469327 0.172432
1.51676 -0.469211 0.174463
1.54159 -0.468627 0.176407
1.56351 -0.467581 0.178183
1.58187 -0.466081 0.179718
1.5962 -0.464138 0.180984
1.60619 -0.461768 0.182001
1.61156 -0.458988 0.182794
1.61215 -0.455805 0.183311
1.60772 -0.452217 0.183412
1.59787 -0.448217 0.18293
1.58207 -0.443798 0.181751
1.55984 -0.438963 0.179856
1.53094 -0.433721 0.177318
1.49544 -0.428087 0.17426
1.4536 -0.42208 0.170816
1.40564 -0.41572 0.167117
1.35166 -0.409027 0.163257
1.29163 -0.40201 0.159285
1.22553 -0.394669 0.155182
1.15339 -0.386989 0.150928
1.07532 -0.378953 0.146487
0.991444 -0.370536 0.141943
0.901838 -0.36171 0.137468
0.806624 -0.352447 0.133245
0.705965 -0.342727 0.129567
0.600053 -0.332569 0.12679
0.489069 -0.322032 0.125012
0.373167 -0.311183 0.124074
0.252526 -0.300058 0.12377
0.127429 -0.288692 0.123802
-0.00168924 -0.277159 0.123879
-0.134314 -0.265554 0.123773
-0.269982 -0.253945 0.123376
-0.408284 -0.242366 0.122673
-0.548784 -0.230824 0.121711
-0.690987 -0.219309 0.120596
-0.834359 -0.207782 0.119402
-0.978424 -0.196174 0.118222
-1.12287 -0.184405 0.117237
-1.26754 -0.172408 0.116634
-1.41231 -0.160129 0.116544
-1.557 -0.14752 0.11698
-1.70132 -0.134544 0.117862
-1.84494 -0.12119 0.119101
-1.98751 -0.10748 0.120629
-2.12868 -0.0934628 0.122353
-2.26816 -0.079205 0.124136
-2.40573 -0.0647802 0.125832
-2.54136 -0.0502722 0.127396
-2.67519 -0.0357635 0.128906
-2.8076 -0.0213146 0.130528
-2.93898 -0.00696111 0.13248
-3.06956 0.00727914 0.134944
-3.19947 0.021405 0.138013
-3.32872 0.0354292 0.14171
-3.45729 0.0493696 0.146015
-3.58524 0.0632362 0.150856
-3.71263 0.0770072 0.156131
-3.83947 0.0906127 0.161675
-3.96573 0.103949 0.167263
-4.09127 0.116909 0.172692
-4.21584 0.129378 0.177874
-4.33896 0.141221 0.182837
-4.45993 0.152288 0.187619
-4.57791 0.162446 0.192253
-4.69214 0.171592 0.196766
-4.80202 0.179656 0.201201
-4.90715 0.186608 0.205638
-5.00729 0.192448 0.210107
-5.10219 0.197198 0.214624
-5.19161 0.20088 0.219238
-5.27533 0.203507 0.223992
-5.35312 0.20508 0.2289
-5.4248 0.205601 0.233906
-5.49012 0.205065 0.238886
-5.54881 0.203435 0.243642
-5.60063 0.200647 0.247921
-5.6455 0.196639 0.251476
-5.68349 0.19135 0.25411
-5.71475 0.184745 0.255684
-5.73936 0.176817 0.256118
-5.75737 0.167595 0.255404
-5.76873 0.157134 0.253631
-5.77344 0.14551 0.250972
-5.77148 0.132819 0.247652
-5.7629 0.119169 0.243895
-5.74774 0.104677 0.239869
-5.72614 0.0894497 0.235678
-5.6984 0.0735748 0.23138
-5.66493 0.0571161 0.227009
-5.62615 0.0401169 0.222597
-5.5824 0.0226089 0.218153
-5.53383 0.00462336 0.213648
-5.48055 -0.013801 0.20903
-5.42274 -0.0326167 0.204257
-5.36081 -0.051764 0.199323
-5.29532 -0.0711663 0.194235
-5.22687 -0.0907256 0.189011
-5.15597 -0.11032 0.18367
-5.08298 -0.129806 0.178254
-5.00813 -0.149036 0.172849
-4.93154 -0.167865 0.167586
-4.85325 -0.186162 0.162601
-4.77325 -0.203818 0.158
-4.69161 -0.220751 0.153833
-4.60849 -0.2369 0.150097
-4.52418 -0.252226 0.146768
-4.43899 -0.266712 0.143829
-4.35312 -0.28035 0.141273
-4.26661 -0.293137 0.139055
-4.17946 -0.305061 0.137109
-4.09169 -0.316107 0.135359
-4.00338 -0.326256 0.133723
-3.91455 -0.335479 0.132114
-3.82509 -0.343734 0.130434
-3.73479 -0.350973 0.128578
-3.64342 -0.357152 0.126453
-3.55085 -0.362235 0.124023
-3.45703 -0.3662 0.121332
-3.36201 -0.369051 0.118496
-3.26579 -0.370806 0.115674
-3.16837 -0.371509 0.11303
-3.06983 -0.371219 0.11071
-2.97043 -0.370011 0.108837
-2.87066 -0.367969 0.107501
-2.77113 -0.36518 0.106722
-2.67249 -0.361732 0.106453
-2.57535 -0.357704 0.106581
-2.4802 -0.353164 0.106956
-2.38746 -0.348164 0.107403
-2.29737 -0.342739 0.107721
-2.2101 -0.336905 0.10771
-2.12578 -0.330655 0.107246
-2.04463 -0.323974 0.1063
-1.967 -0.316859 0.104923
-1.89328 -0.309322 0.10334
-1.82377 -0.301366 0.101872
-1.75862 -0.292994 0.100812
-1.69787 -0.284226 0.100383
-1.64159 -0.275095 0.100698
-1.58989 -0.265631 0.101766
-1.5429 -0.255873 0.103531
-1.50069 -0.245875 0.105887
-1.46323 -0.235689 0.108666
-1.43035 -0.22537 0.111649
-1.40183 -0.214968 0.114613
-1.37736 -0.204534 0.117358
-1.35655 -0.194106 0.119699
-1.33897 -0.18371 0.121491
-1.32413 -0.173371 0.12269
-1.31163 -0.16311 0.123412
-1.30116 -0.152947 0.123871
-1.29249 -0.142909 0.124225
-1.28541 -0.133023 0.124645
-1.27965 -0.1233 0.125313
-1.27486 -0.113744 0.126366
-1.27072 -0.10437 0.127876
-1.2669 -0.0951946 0.129833
-1.26307 -0.0862229 0.132138
-1.25876 -0.077457 0.134611
-1.25347 -0.068906 0.137044
-1.24671 -0.0605755 0.139212
-1.23819 -0.0524729 0.140931
-1.22778 -0.0446144 0.142082
-1.21552 -0.0370226 0.142631
-1.20147 -0.0297229 0.142613
-1.18575 -0.0227385 0.142134
-1.16861 -0.0160918 0.141353
-1.15048 -0.00980401 0.140452
-1.1319 -0.00389076 0.1396
-1.11348 0.00164081 0.138913
-1.09572 0.00679282 0.138439
-1.079 0.0115763 0.138176
-1.06364 0.0160093 0.138101
-1.04996 0.0201125 0.13816
-1.03829 0.0239061 0.138248
-1.02896 0.0274078 0.138223
-1.02233 0.0306269 0.137963
-1.01877 0.0335603 0.137423
-1.01872 0.036199 0.136609
-1.02266 0.0385291 0.135587
-1.03101 0.0405254 0.134461
-1.04401 0.042155 0.133351
-1.06167 0.0433856 0.132375
-1.08389 0.0441903 0.131623
-1.11054 0.0445536 0.13113
-1.14152 0.0444709 0.130861
-1.17671 0.0439473 0.13075
-1.21584 0.0429977 0.130738
-1.25852 0.0416428 0.130787
-1.30429 0.0399056 0.130897
-1.35269 0.0378109 0.131114
-1.4033 0.0353855 0.131476
-1.45581 0.0326565 0.132007
-1.50999 0.0296503 0.132723
-1.56569 0.0263891 0.133656
-1.62283 0.0228877 0.13485
-1.68134 0.019154 0.1363
-1.74106 0.0151903 0.137894
-1.80169 0.0109915 0.139501
-1.86287 0.00653794 0.141017
-1.92428 0.00179965 0.142294
-1.98576 -0.00324532 0.143174
-2.04725 -0.00861243 0.143508
-2.10874 -0.0143241 0.143189
-2.17013 -0.0203988 0.142181
-2.23126 -0.0268375 0.140542
-2.292 -0.0336265 0.138419
-2.35237 -0.0407362 0.135954
-2.41246 -0.0481161 0.133292
-2.47235 -0.0556981 0.130587
-2.53208 -0.063406 0.127969
-2.59169 -0.0711628 0.125563
-2.65118 -0.0788939 0.123506
-2.71056 -0.0865316 0.121903
-2.76978 -0.0940203 0.120793
-2.82878 -0.10132 0.120162
-2.88747 -0.108408 0.11997
-2.94581 -0.115281 0.12017
-3.00384 -0.121951 0.120708
-3.06166 -0.128439 0.12154
-3.11936 -0.13477 0.122625
-3.17685 -0.140968 0.123916
-3.23394 -0.147054 0.125378
-3.29031 -0.15304 0.127013
-3.34567 -0.158925 0.128842
-3.3998 -0.164696 0.130868
-3.45252 -0.170325 0.133064
-3.50369 -0.175776 0.135373
-3.55312 -0.181006 0.137727
-3.60065 -0.18597 0.140071
-3.64606 -0.190629 0.142358
-3.68903 -0.194945 0.144531
-3.72925 -0.198893 0.146516
-3.76645 -0.202457 0.148226
-3.80046 -0.205636 0.149588
-3.83124 -0.208437 0.150554
-3.85878 -0.210878 0.1511
-3.88307 -0.212976 0.151232
-3.90404 -0.214752 0.150978
-3.92162 -0.216217 0.150388
-3.93583 -0.21738 0.149526
-3.9468 -0.218242 0.148467
-3.95477 -0.218797 0.147277
-3.95998 -0.219034 0.146003
-3.96266 -0.218936 0.144683
-3.96292 -0.218484 0.143352
-3.96087 -0.21766 0.14205
-3.95663 -0.216449 0.140812
-3.95035 -0.214842 0.139654
-3.94217 -0.212839 0.138575
-3.93224 -0.210444 0.137575
-3.92069 -0.207669 0.13667
-3.9077 -0.20453 0.135895
-3.8935 -0.201048 0.135297
-3.87828 -0.197245 0.134918
-3.86223 -0.193145 0.134798
-3.84548 -0.188768 0.134976
-3.82816 -0.184134 0.135477
-3.81048 -0.17926 0.136304
-3.79268 -0.174162 0.137427
-3.77501 -0.168848 0.138778
-3.75765 -0.16333 0.140267
-3.74072 -0.157615 0.141796
-3.72428 -0.151713 0.143268
-3.70836 -0.145631 0.144591
-3.69291 -0.139377 0.145672
-3.67784 -0.132961 0.146434
-3.66301 -0.126392 0.146828
-3.6483 -0.119683 0.14685
-3.63364 -0.112848 0.146537
-3.61896 -0.105904 0.145962
-3.60413 -0.0988699 0.145223
-3.58894 -0.0917627 0.144431
-3.57311 -0.0845994 0.143697
-3.55635 -0.0773965 0.143113
-3.53842 -0.0701711 0.142739
-3.51918 -0.0629406 0.142591
-3.49856 -0.055723 0.142651
-3.4765 -0.0485363 0.142878
-3.45292 -0.0413986 0.143229
-3.42775 -0.034328 0.143667
-3.40089 -0.0273414 0.144161
-3.37226 -0.0204548 0.144682
-3.34172 -0.013682 0.145202
-3.30912 -0.00703559 0.145695
-3.27436 -0.000526391 0.146138
-3.23741 0.00583518 0.146511
-3.19839 0.0120396 0.1468
-3.15744 0.0180781 0.146999
-3.11473 0.02394 0.147129
-3.07046 0.029611 0.147231
-3.02483 0.0350731 0.147353
-2.97809 0.0403061 0.14753
-2.93047 0.0452856 0.147759
-2.88215 0.0499845 0.147999
-2.83317 0.0543745 0.148177
-2.78354 0.0584275 0.14818
-2.73329 0.0621183 0.147881
-2.6825 0.0654269 0.147164
-2.63136 0.0683381 0.145983
-2.58006 0.070841 0.144367
-2.52879 0.07293 0.142423
-2.4778 0.0746034 0.14033
-2.42733 0.0758618 0.13831
-2.37772 0.0767092 0.136563
-2.32933 0.0771527 0.135222
-2.28252 0.0772036 0.134355
-2.23762 0.0768707 0.133952
-2.1949 0.0761566 0.133978
-2.15455 0.0750625 0.134337
-2.11669 0.0735902 0.134843
-2.08128 0.071738 0.135306
-2.04818 0.0694974 0.135568
-2.01724 0.0668596 0.13553
-1.98836 0.0638238 0.13515
-1.96152 0.0603908 0.134433
-1.93673 0.0565575 0.133457
-1.91396 0.0523219 0.132371
-1.89309 0.0476891 0.131365
-1.87404 0.0426696 0.130621
-1.85676 0.0372774 0.130286
-1.84125 0.0315324 0.130441
-1.82751 0.0254598 0.131072
-1.81551 0.0190859 0.132077
-1.80521 0.0124345 0.133308
-1.79662 0.00552622 0.134585
-1.78979 -0.00161854 0.135706
-1.78484 -0.0089803 0.136477
-1.78179 -0.0165492 0.136741
-1.78057 -0.0243249 0.136415
-1.78103 -0.0323088 0.135487
-1.78298 -0.0405026 0.133998
-1.78625 -0.0489054 0.132029
-1.79077 -0.0575078 0.129676
-1.79648 -0.0662884 0.127062
-1.80341 -0.0752165 0.124338
-1.81167 -0.0842557 0.12168
-1.82143 -0.0933657 0.119271
-1.83288 -0.102502 0.11727
-1.84611 -0.111618 0.115777
-1.86115 -0.120665 0.114817
-1.87788 -0.1296 0.114334
-1.89616 -0.138381 0.114193
-1.91587 -0.146973 0.114208
-1.93692 -0.155349 0.114174
-1.95925 -0.163485 0.113905
-1.98277 -0.171362 0.113288
-2.00734 -0.178969 0.112318
-2.03281 -0.186302 0.111112
-2.05902 -0.193359 0.109862
-2.08582 -0.200142 0.108784
-2.11315 -0.206645 0.10807
-2.14099 -0.212859 0.107849
-2.1694 -0.218769 0.108189
-2.19843 -0.224362 0.109084
-2.22811 -0.229626 0.11045
-2.25837 -0.234548 0.112139
-2.28901 -0.239117 0.113959
-2.31972 -0.243326 0.115705
-2.35022 -0.247167 0.117179
-2.38032 -0.250628 0.118212
-2.40996 -0.253701 0.118694
-2.43922 -0.25638 0.118595
-2.46825 -0.258664 0.11797
-2.49722 -0.260555 0.116953
-2.52627 -0.262058 0.115729
-2.55555 -0.263176 0.114495
-2.58517 -0.263911 0.11342
-2.61526 -0.264259 0.112614
-2.64598 -0.264212 0.112119
-2.67752 -0.263765 0.111926
-2.71004 -0.262914 0.111981
-2.74372 -0.261658 0.1122
-2.77861 -0.259992 0.112484
-2.81464 -0.257915 0.112736
-2.85161 -0.255421 0.112886
-2.88929 -0.252505 0.112898
-2.92746 -0.24916 0.112784
-2.96594 -0.245384 0.112591
-3.00459 -0.241174 0.112411
-3.04325 -0.236529 0.112394
-3.08178 -0.23145 0.112713
-3.12007 -0.22595 0.113534
-3.15803 -0.220052 0.114993
-3.19557 -0.213785 0.117166
-3.23259 -0.207182 0.120058
-3.26896 -0.200281 0.123597
-3.30461 -0.193124 0.127635
-3.33949 -0.185755 0.13196
-3.37358 -0.178216 0.136312
-3.40681 -0.170541 0.14041
-3.43897 -0.162754 0.143985
-3.46974 -0.154866 0.146825
-3.49868 -0.146879 0.148812
-3.52533 -0.138793 0.149934
-3.54925 -0.130603 0.150283
-3.57012 -0.122308 0.150023
-3.58773 -0.113911 0.149368
-3.60201 -0.10542 0.148556
-3.61296 -0.0968485 0.147825
-3.62062 -0.0882169 0.147371
-3.62505 -0.0795512 0.147333
-3.62629 -0.0708854 0.147776
-3.62439 -0.0622612 0.148693
-3.61947 -0.0537266 0.149997
-3.6118 -0.0453323 0.151531
-3.60173 -0.0371263 0.153076
-3.58965 -0.0291485 0.15439
-3.57596 -0.0214267 0.15525
-3.561 -0.0139764 0.155508
-3.5451 -0.00680265 0.155119
-3.52861 9.72145e-05 0.154137
-3.51186 0.00673155 0.152702
-3.49515 0.0131116 0.151
-3.47867 0.0192498 0.14924
-3.46255 0.0251565 0.147619
-3.44686 0.0308362 0.146298
-3.43167 0.0362855 0.145387
-3.41707 0.0414925 0.144931
-3.40315 0.0464358 0.14493
-3.38999 0.0510861 0.145346
-3.37762 0.0554106 0.146116
-3.36609 0.0593764 0.147156
-3.35546 0.0629546 0.148365
-3.34575 0.0661231 0.149633
-3.33697 0.0688697 0.150851
-3.32909 0.071194 0.151918
-3.32206 0.0731075 0.152759
-3.31582 0.0746326 0.153324
-3.31032 0.0758008 0.153604
-3.30545 0.0766488 0.153621
-3.30114 0.0772142 0.153439
-3.2973 0.0775308 0.153148
-3.29386 0.0776245 0.152849
-3.29079 0.0775114 0.152631
-3.28805 0.0771974 0.152556
-3.28555 0.0766791 0.152647
-3.2832 0.0759448 0.15288
-3.2809 0.0749764 0.153191
-3.27857 0.0737527 0.153486
-3.27615 0.0722527 0.153655
-3.27356 0.0704598 0.153596
-3.27068 0.068366 0.153233
-3.2673 0.0659734 0.152534
-3.26322 0.0632953 0.151514
-3.25824 0.0603537 0.150233
-3.25219 0.057178 0.148782
-3.24495 0.0538027 0.147274
-3.23642 0.0502636 0.145827
-3.22653 0.0465945 0.144557
-3.21521 0.0428224 0.143561
-3.20239 0.0389649 0.142906
-3.188 0.0350288 0.142625
-3.17198 0.0310095 0.142711
-3.15429 0.0268931 0.143118
-3.13502 0.0226578 0.143759
-3.11429 0.018278 0.144521
-3.09223 0.013727 0.145268
-3.06895 0.00898129 0.145872
-3.04447 0.00402452 0.146222
-3.01878 -0.00115081 0.14624
-2.99193 -0.00654233 0.145875
-2.96406 -0.0121385 0.145106
-2.93537 -0.017921 0.143945
-2.90609 -0.0238669 0.142449
-2.87638 -0.0299512 0.14071
-2.84635 -0.0361505 0.138849
-2.81608 -0.042445 0.136978
-2.78565 -0.0488198 0.135185
-2.75524 -0.0552657 0.133513
-2.72505 -0.06178 0.13198
-2.69531 -0.0683654 0.130576
-2.66626 -0.0750295 0.129272
-2.63813 -0.0817821 0.128023
-2.6111 -0.0886315 0.126785
-2.58532 -0.0955802 0.125537
-2.56085 -0.102626 0.124276
-2.53766 -0.10976 0.12298
-2.51571 -0.116966 0.121626
-2.49503 -0.124214 0.120227
-2.47571 -0.131467 0.118819
-2.45782 -0.138688 0.117459
-2.4414 -0.145839 0.116222
-2.42642 -0.152883 0.115192
-2.41275 -0.159785 0.114449
-2.40025 -0.16652 0.114049
-2.38869 -0.173069 0.114005
-2.37788 -0.179418 0.114286
-2.36762 -0.18556 0.114818
-2.35773 -0.191491 0.115504
-2.34809 -0.197216 0.11624
-2.33854 -0.202738 0.116925
-2.32891 -0.20806 0.117476
-2.31902 -0.213183 0.117856
-2.30868 -0.218103 0.118068
-2.29775 -0.222814 0.118129
-2.28614 -0.227304 0.118059
-2.27381 -0.231554 0.11787
-2.26078 -0.235541 0.11757
-2.24705 -0.239241 0.117164
-2.23268 -0.242628 0.116659
-2.21775 -0.245677 0.116054
-2.20239 -0.248368 0.115352
-2.18678 -0.250688 0.114556
-2.17112 -0.252625 0.113677
-2.15561 -0.254174 0.11273
-2.14052 -0.255334 0.111721
-2.12618 -0.256103 0.110651
-2.11294 -0.256486 0.109524
-2.10117 -0.256484 0.108352
-2.09121 -0.2561 0.107158
-2.0834 -0.255332 0.105981
-2.07805 -0.254175 0.104868
-2.07546 -0.252621 0.103875
-2.07591 -0.250663 0.10304
-2.07959 -0.24829 0.102394
-2.08659 -0.245491 0.101951
-2.09691 -0.24225 0.10171
-2.11047 -0.238556 0.101654
-2.12717 -0.234401 0.101758
-2.14689 -0.22978 0.102001
-2.16942 -0.224692 0.102384
-2.19457 -0.219143 0.10293
-2.22206 -0.213147 0.103691
-2.25163 -0.206724 0.104736
-2.28297 -0.199902 0.106134
-2.3157 -0.192717 0.107932
-2.34938 -0.185207 0.110153
-2.38357 -0.177415 0.112785
-2.41781 -0.169383 0.115776
-2.45166 -0.161148 0.119023
-2.48473 -0.15275 0.122399
-2.51666 -0.144224 0.125763
-2.54711 -0.135603 0.128989
-2.57579 -0.126913 0.131981
-2.6025 -0.118177 0.134671
-2.62707 -0.109419 0.137026
-2.64942 -0.100666 0.139032
-2.6695 -0.0919412 0.140672
-2.68733 -0.0832698 0.14193
-2.70298 -0.0746793 0.142794
-2.71661 -0.0661992 0.143258
-2.72841 -0.0578601 0.143327
-2.73857 -0.0496933 0.143014
-2.74726 -0.0417287 0.142348
-2.75459 -0.0339944 0.141377
-2.76071 -0.0265149 0.140164
-2.76581 -0.0193091 0.138772
-2.77014 -0.0123875 0.137267
-2.77398 -0.00575468 0.135723
-2.77763 0.000588683 0.13426
-2.78136 0.00664487 0.132987
-2.78545 0.0124168 0.131977
-2.79017 0.017903 0.13131
-2.79576 0.0230959 0.131046
-2.80242 0.0279831 0.131211
-2.81031 0.0325454 0.131778
-2.81952 0.0367567 0.132693
-2.83012 0.0405862 0.133897
-2.84207 0.0440007 0.135313
-2.85525 0.0469689 0.136849
-2.86944 0.0494665 0.138424
-2.88434 0.0514769 0.139977
-2.89962 0.0529942 0.14147
-2.91492 0.0540236 0.142913
-2.92997 0.0545793 0.144314
-2.9445 0.054686 0.145669
-2.95831 0.0543782 0.147007
-2.97124 0.0536941 0.148366
-2.98313 0.0526685 0.149787
-2.99388 0.0513294 0.151254
-3.00341 0.0496983 0.15272
-3.01163 0.0477881 0.154119
-3.01843 0.0456033 0.155339
-3.02372 0.0431421 0.156248
-3.02741 0.0403971 0.156704
-3.02947 0.0373594 0.156593
-3.02988 0.0340206 0.155842
-3.0287 0.0303775 0.154423
-3.02608 0.0264377 0.152363
-3.02225 0.0222202 0.149754
-3.0175 0.0177557 0.146744
-3.01211 0.0130854 0.143518
-3.00633 0.00825798 0.14027
-3.00032 0.00332762 0.137184
-2.99416 -0.00165044 0.134408
-2.98795 -0.00662275 0.132032
-2.98183 -0.0115429 0.13008
-2.97593 -0.0163783 0.128543
-2.97043 -0.0211107 0.127387
-2.96545 -0.025733 0.12656
-2.9611 -0.0302481 0.126013
-2.95751 -0.0346657 0.125724
-2.9548 -0.0389998 0.125683
-2.95306 -0.0432644 0.125892
-2.95235 -0.0474703 0.126355
-2.95267 -0.0516226 0.127068
-2.95393 -0.0557192 0.128011
-2.95602 -0.0597498 0.129146
-2.9587 -0.0636975 0.13042
-2.96172 -0.0675408 0.131761
-2.96478 -0.0712556 0.133089
-2.96758 -0.0748194 0.134334
-2.96986 -0.0782155 0.135451
-2.97141 -0.0814349 0.136418
-2.97206 -0.0844783 0.137235
-2.9716 -0.0873582 0.137913
-2.96982 -0.0900955 0.138463
-2.96647 -0.0927158 0.138886
-2.96136 -0.0952481 0.139165
-2.95431 -0.0977223 0.139262
-2.94523 -0.100166 0.13913
-2.93401 -0.102601 0.138718
-2.92059 -0.105043 0.137991
-2.90497 -0.107498 0.136945
-2.88721 -0.109963 0.135611
-2.86744 -0.112431 0.134053
-2.84594 -0.114887 0.132354
-2.82306 -0.117315 0.130613
-2.79925 -0.119701 0.128925
-2.77501 -0.122033 0.12737
-2.75077 -0.124303 0.126011
-2.7269 -0.12651 0.124869
-2.70363 -0.12866 0.123929
-2.68108 -0.130762 0.123134
-2.6593 -0.132829 0.122393
-2.6383 -0.134867 0.121613
-2.61806 -0.136886 0.12072
-2.59852 -0.138895 0.119681
-2.57962 -0.140899 0.118522
-2.56126 -0.142893 0.117326
-2.54338 -0.14487 0.116225
-2.52596 -0.14682 0.115374
-2.50897 -0.148732 0.114915
-2.49239 -0.150595 0.114953
-2.47619 -0.152398 0.115546
-2.4603 -0.154134 0.116687
-2.44462 -0.155799 0.118303
-2.42904 -0.157392 0.120257
-2.41343 -0.158917 0.122358
-2.39763 -0.16038 0.124386
-2.3815 -0.161783 0.126131
-2.36495 -0.163129 0.127419
-2.34793 -0.164421 0.128144
-2.33039 -0.165663 0.128285
-2.31235 -0.16686 0.127899
-2.29382 -0.168015 0.127091
-2.27489 -0.169128 0.125982
-2.25573 -0.170194 0.124687
-2.2366 -0.171203 0.123308
-2.2178 -0.172138 0.121927
-2.19968 -0.172981 0.120601
-2.18258 -0.173712 0.119363
-2.16681 -0.17431 0.11822
-2.15265 -0.174757 0.117153
-2.14038 -0.175034 0.116118
-2.13028 -0.175118 0.115051
-2.12255 -0.174986 0.11389
-2.11741 -0.174618 0.112585
-2.11499 -0.173997 0.111127
-2.11542 -0.173103 0.109551
-2.11879 -0.171919 0.107952
-2.1252 -0.170426 0.106448
-2.13473 -0.168609 0.105142
-2.14748 -0.166455 0.104141
-2.16354 -0.163953 0.103557
-2.18299 -0.1611 0.103488
-2.20579 -0.157895 0.104
-2.23184 -0.154343 0.105114
-2.26097 -0.150457 0.106806
-2.29289 -0.14626 0.109008
-2.32725 -0.14177 0.111614
-2.36369 -0.137006 0.114475
-2.40182 -0.131989 0.117427
-2.44126 -0.126736 0.120332
-2.48162 -0.121262 0.123079
-2.52252 -0.115581 0.125597
-2.56365 -0.109705 0.127856
-2.60469 -0.103651 0.129873
-2.64536 -0.0974377 0.131715
-2.68536 -0.0910849 0.133461
-2.7244 -0.0846153 0.135169
-2.76219 -0.0780549 0.136857
-2.79853 -0.0714321 0.138508
-2.83328 -0.0647739 0.140075
-2.86632 -0.0581089 0.141491
-2.89755 -0.0514684 0.142678
-2.92692 -0.0448844 0.143557
-2.95439 -0.0383862 0.144075
-2.97995 -0.0319991 0.144218
-3.00361 -0.0257449 0.144011
-3.02536 -0.0196411 0.143509
-3.04525 -0.0137005 0.142781
-3.06336 -0.00793414 0.141913
-3.07988 -0.0023518 0.141018
-3.09503 0.00303683 0.140212
-3.10909 0.00822039 0.139608
-3.12229 0.0131818 0.139297
-3.13486 0.0178956 0.13934
-3.14693 0.0223284 0.139768
-3.1586 0.0264392 0.140582
-3.16995 0.03018 0.141736
-3.18103 0.0335002 0.143136
-3.19191 0.0363518 0.144652
-3.20264 0.0386938 0.146147
-3.21324 0.0404925 0.147512
-3.22364 0.0417238 0.14868
-3.23371 0.0423771 0.149625
-3.24328 0.0424572 0.150359
-3.25217 0.0419822 0.150927
-3.26022 0.0409807 0.151392
-3.26734 0.0394864 0.151808
-3.27348 0.0375343 0.152217
-3.27862 0.0351582 0.152649
-3.28275 0.0323865 0.153112
-3.28581 0.0292398 0.1536
-3.28773 0.0257308 0.154084
-3.28835 0.0218663 0.1545
-3.28758 0.0176492 0.154771
-3.28531 0.0130796 0.154806
-3.28154 0.00815812 0.15451
-3.27629 0.00289097 0.153799
-3.26964 -0.0027066 0.152629
-3.26166 -0.00860902 0.151008
-3.2524 -0.0147808 0.148991
-3.24186 -0.0211769 0.146678
-3.23005 -0.0277439 0.14419
-3.21702 -0.0344229 0.141658
-3.20292 -0.0411538 0.139203
-3.18795 -0.0478787 0.136921
-3.17239 -0.0545454 0.134881
-3.15649 -0.06111 0.133125
-3.14047 -0.0675387 0.131676
-3.12449 -0.0738079 0.130534
-3.10866 -0.0799028 0.129673
-3.09306 -0.0858154 0.129037
-3.07771 -0.0915409 0.128547
-3.06265 -0.0970741 0.128108
-3.0479 -0.102406 0.127639
-3.03347 -0.107522 0.127081
-3.01935 -0.112403 0.126417
-3.00546 -0.117026 0.125673
-2.99165 -0.121361 0.124912
-2.97771 -0.125381 0.124227
-2.96338 -0.129055 0.123713
-2.94844 -0.132358 0.123455
-2.93269 -0.135271 0.123501
-2.91596 -0.137783 0.12386
-2.89809 -0.139894 0.124506
-2.87891 -0.141617 0.125386
-2.8583 -0.142969 0.126427
-2.83616 -0.143978 0.127545
-2.81246 -0.144677 0.128644
-2.78717 -0.145099 0.129625
-2.76029 -0.14528 0.130397
-2.73181 -0.145249 0.130886
-2.70172 -0.145033 0.131044
-2.67011 -0.144652 0.130846
-2.6371 -0.144123 0.13029
-2.60291 -0.143456 0.129404
-2.56781 -0.142659 0.128249
-2.53209 -0.141737 0.126912
-2.49602 -0.140699 0.125501
-2.45981 -0.139552 0.124124
-2.42354 -0.138308 0.122859
-2.38733 -0.136981 0.121752
-2.35141 -0.135584 0.120826
