-1.42268e-06 2.15485e-07 -0.0613356
-5.42046e-05 2.17764e-07 -0.0613355
-0.000260494 2.63419e-07 -0.0613345
-0.000658493 5.85796e-07 -0.0613314
-0.00122923 1.73426e-06 -0.0613255
-0.00195477 4.04715e-06 -0.0613174
-0.00282086 6.62608e-06 -0.0613076
-0.00382841 7.47728e-06 -0.0612941
-0.00498678 4.86208e-06 -0.0612761
-0.00630483 -2.40787e-06 -0.0612559
-0.00782342 -1.55863e-05 -0.061234
-0.0096367 -3.57301e-05 -0.0612057
-0.0118646 -6.30326e-05 -0.0611662
-0.0145866 -9.64554e-05 -0.0611117
-0.0178169 -0.000133907 -0.0610411
-0.0215274 -0.00017354 -0.060959
-0.0256362 -0.000215243 -0.0608718
-0.0300035 -0.000261105 -0.0607844
-0.0344421 -0.000315076 -0.0607006
-0.0387323 -0.000382389 -0.0606205
-0.0426342 -0.000468421 -0.0605406
-0.0459484 -0.000576808 -0.0604563
-0.0485839 -0.000707753 -0.0603632
-0.0505531 -0.000857159 -0.0602583
-0.0519625 -0.00101632 -0.0601429
-0.05292 -0.00117262 -0.0600264
-0.0534397 -0.00131209 -0.0599258
-0.0535045 -0.00142305 -0.0598597
-0.0531289 -0.00149913 -0.0598411
-0.0523716 -0.00154066 -0.0598727
-0.0513357 -0.00155341 -0.0599471
-0.050101 -0.00154594 -0.0600502
-0.0486921 -0.00152758 -0.060164
-0.0471288 -0.00150675 -0.0602658
-0.0454499 -0.00148879 -0.0603352
-0.0437432 -0.00147463 -0.0603639
-0.0421633 -0.00146061 -0.0603583
-0.0408735 -0.00144001 -0.0603384
-0.0400059 -0.0014061 -0.0603286
-0.0396147 -0.00135493 -0.0603426
-0.0396312 -0.00128711 -0.0603786
-0.0398543 -0.00120772 -0.0604228
-0.0399242 -0.00112385 -0.0604566
-0.0394685 -0.00104186 -0.0604698
-0.0382707 -0.000965625 -0.0604648
-0.0362741 -0.000895299 -0.0604509
-0.0335798 -0.000826455 -0.0604412
-0.0303197 -0.000750124 -0.0604521
-0.0265215 -0.00065518 -0.0604992
-0.022238 -0.000532137 -0.0605921
-0.0176691 -0.000376143 -0.0607308
-0.0130369 -0.000188562 -0.0609073
-0.00846082 2.35194e-05 -0.0611097
-0.00398022 0.000248701 -0.0613269
0.000399784 0.00047132 -0.0615514
0.00469968 0.000672981 -0.0617673
0.00898871 0.000837655 -0.0619502
0.013407 0.000955889 -0.0620887
0.0181694 0.00102542 -0.0621835
0.0234282 0.00104994 -0.0622401
0.0291401 0.00103745 -0.0622715
0.0351351 0.000999289 -0.0622905
0.0411768 0.000949659 -0.0623059
0.0470544 0.000904584 -0.0623285
0.052666 0.000879281 -0.062369
0.0579625 0.000885569 -0.0624336
0.0628939 0.000930619 -0.0625245
0.0672609 0.00101637 -0.0626386
0.0705921 0.00114007 -0.0627688
0.0724699 0.00129592 -0.0629097
0.072828 0.00147594 -0.0630588
0.0718295 0.00166897 -0.0632094
0.0697483 0.00185835 -0.0633445
0.0668469 0.00202165 -0.0634364
0.0633253 0.0021364 -0.0634594
0.0594766 0.00218694 -0.0634131
0.0557341 0.00216532 -0.0633178
0.0523545 0.00206961 -0.063184
0.0491185 0.00190422 -0.0630038
0.0455463 0.00168239 -0.0627685
0.0411613 0.00142953 -0.0624755
0.0358016 0.00118185 -0.0621513
0.0298637 0.000975452 -0.0618496
0.0239453 0.000833065 -0.0616131
0.018559 0.000757745 -0.0614698
0.0139952 0.000733294 -0.0614297
0.0102089 0.000731497 -0.0614806
0.00706401 0.000723173 -0.0616013
0.00443707 0.000684036 -0.0617572
0.00209511 0.000598219 -0.0618837
-0.000346383 0.000461703 -0.0619057
-0.00337739 0.000283148 -0.0617805
-0.00742685 8.3837e-05 -0.0615216
-0.0127562 -0.000108376 -0.0612102
-0.0194999 -0.000273516 -0.0609546
-0.0275651 -0.000411319 -0.060815
-0.0364964 -0.000542625 -0.0607802
-0.0455629 -0.000701408 -0.0607824
-0.053823 -0.000921044 -0.0607281
-0.0605587 -0.00122064 -0.0605476
-0.0657887 -0.00159597 -0.0602164
-0.0699656 -0.0020166 -0.0597565
-0.0736333 -0.00243018 -0.0592343
-0.0772848 -0.00277432 -0.0587477
-0.0811505 -0.002994 -0.0584011
-0.0853018 -0.00305743 -0.0582713
-0.0897625 -0.00296391 -0.0583762
-0.0944334 -0.00274469 -0.0586784
-0.0990972 -0.00245638 -0.0590898
-0.103449 -0.0021671 -0.0594855
-0.107099 -0.00194088 -0.0597644
-0.109672 -0.00182171 -0.0598702
-0.110866 -0.0018233 -0.0597776
-0.110533 -0.00193116 -0.0595371
-0.108778 -0.00211125 -0.0592564
-0.105793 -0.00231966 -0.0590124
-0.101655 -0.00251674 -0.0588638
-0.0962869 -0.00267711 -0.0588471
-0.0895655 -0.00278757 -0.0589411
-0.0815897 -0.00284721 -0.0590896
-0.072847 -0.00286143 -0.0592406
-0.0638752 -0.00282582 -0.0593589
-0.0550077 -0.0027236 -0.0594495
-0.046641 -0.00253442 -0.0595525
-0.0393947 -0.00224278 -0.0597173
-0.0338437 -0.0018437 -0.059984
-0.0301995 -0.00134531 -0.0603627
-0.028175 -0.000775762 -0.0608488
-0.0269905 -0.000186782 -0.0614049
-0.0259566 0.000352319 -0.0619484
-0.0249868 0.000765382 -0.0623621
-0.0242391 0.000995214 -0.0625394
-0.0237808 0.00102649 -0.0624475
-0.0235538 0.000882879 -0.0621193
-0.0234586 0.000619582 -0.0616276
-0.0235621 0.000309886 -0.0610737
-0.024063 2.33662e-05 -0.0605642
-0.0250748 -0.000181226 -0.0601783
-0.0264987 -0.000266185 -0.0599952
-0.0280484 -0.000230081 -0.0600506
-0.0294571 -9.80781e-05 -0.0603102
-0.030665 8.44441e-05 -0.0606683
-0.0318738 0.000261913 -0.0609781
-0.0334254 0.000402185 -0.0611446
-0.0355859 0.000497515 -0.061173
-0.0386196 0.000552215 -0.0611186
-0.0429612 0.000583312 -0.0610572
-0.0489793 0.000596441 -0.0610669
-0.0566754 0.000571992 -0.0611698
-0.0655873 0.000481382 -0.0613198
-0.074698 0.000293314 -0.0613608
-0.0829154 -2.40637e-05 -0.0612347
-0.089768 -0.000493279 -0.0609459
-0.0952146 -0.00111804 -0.0604414
-0.099073 -0.00186549 -0.0597246
-0.101014 -0.00266221 -0.0589247
-0.101084 -0.00342895 -0.0582502
-0.0997853 -0.00414943 -0.0580507
-0.0975874 -0.00478793 -0.0581957
-0.0948223 -0.00522411 -0.0582144
-0.0917209 -0.00540591 -0.0581403
-0.0884802 -0.00539675 -0.0582602
-0.0854265 -0.00521218 -0.0584822
-0.0824564 -0.00481734 -0.0587464
-0.0789035 -0.00430489 -0.059175
-0.0748681 -0.00378362 -0.0597728
-0.0716193 -0.00329288 -0.060455
-0.0701764 -0.00289695 -0.0610097
-0.0710683 -0.00264232 -0.061338
-0.0746263 -0.00251204 -0.0613885
-0.0806497 -0.00249696 -0.0612069
-0.08883 -0.00256607 -0.0607732
-0.0988166 -0.00262343 -0.0601511
-0.110152 -0.00262212 -0.0594964
-0.122804 -0.00254936 -0.0589203
-0.13674 -0.0024117 -0.058566
-0.151257 -0.00228722 -0.0585246
-0.165362 -0.00225015 -0.0586279
-0.177985 -0.00231274 -0.0585859
-0.18804 -0.00249956 -0.0585561
-0.194839 -0.00278486 -0.058698
-0.198574 -0.00315023 -0.0586168
-0.199722 -0.00348068 -0.0579801
-0.198564 -0.00366186 -0.0573173
-0.19562 -0.00371873 -0.0569169
-0.191549 -0.0036162 -0.0569217
-0.186506 -0.00340058 -0.0574714
-0.179926 -0.00317881 -0.0583316
-0.171488 -0.00302316 -0.0591212
-0.161174 -0.00298586 -0.0596914
-0.14892 -0.00314633 -0.0600318
-0.135143 -0.00350427 -0.0600186
-0.120579 -0.00396947 -0.0597729
-0.105567 -0.00449569 -0.059405
-0.0901465 -0.00499573 -0.0590571
-0.0743983 -0.00536465 -0.0588832
-0.0581928 -0.00559745 -0.0590351
-0.041507 -0.00573064 -0.0594899
-0.0246104 -0.00573574 -0.0601707
-0.00758301 -0.00565908 -0.0609072
0.00956211 -0.00556473 -0.0614682
0.0266625 -0.00538185 -0.0616754
0.0438054 -0.00505438 -0.0615215
0.0611764 -0.0045507 -0.0612151
0.0788398 -0.00378146 -0.0610117
0.0971359 -0.00267065 -0.0611969
0.116023 -0.00128212 -0.0619509
0.134455 0.00026112 -0.0634052
0.151229 0.00188442 -0.0650872
0.165722 0.00345818 -0.06658
0.177729 0.0048534 -0.0675317
0.186967 0.00603234 -0.0678917
0.193235 0.00702274 -0.0677616
0.196666 0.0078918 -0.0674278
0.197363 0.00867224 -0.0668708
0.195103 0.00945783 -0.0661448
0.188989 0.0102816 -0.0658442
0.17868 0.0111099 -0.0662095
0.165298 0.0118775 -0.0669496
0.150274 0.0124912 -0.0677093
0.134875 0.012906 -0.0682004
0.120215 0.0129832 -0.0680441
0.107387 0.0126912 -0.067261
0.0970709 0.0121221 -0.0661071
0.0887863 0.0113803 -0.0649093
0.0810823 0.0105859 -0.063846
0.0723826 0.00982232 -0.0631898
0.0620323 0.00913622 -0.0630984
0.0506277 0.00851406 -0.0634492
0.0393085 0.00791401 -0.0639891
0.0292721 0.00724735 -0.0645222
0.0213261 0.00637151 -0.064751
0.0150124 0.00521751 -0.0644738
0.00873769 0.00383674 -0.0637578
0.000459814 0.00226673 -0.0628112
-0.0118496 0.000549429 -0.0617712
-0.0297073 -0.00117586 -0.0609107
-0.0534042 -0.00280537 -0.0602546
-0.0819945 -0.00433676 -0.0595938
-0.11435 -0.00575617 -0.0590038
-0.149085 -0.00702919 -0.0584724
-0.184401 -0.00819092 -0.0578868
-0.218728 -0.00933466 -0.0573597
-0.25064 -0.0105009 -0.0569941
-0.278841 -0.0117253 -0.0565634
-0.302451 -0.0130947 -0.0559102
-0.321201 -0.0146021 -0.055279
-0.335316 -0.0161167 -0.0551672
-0.345041 -0.0174516 -0.0562083
-0.351318 -0.0185186 -0.0580592
-0.356565 -0.0193117 -0.0591789
-0.362872 -0.0197482 -0.0591587
-0.370453 -0.0197993 -0.0594704
-0.379055 -0.0195246 -0.0604574
-0.388538 -0.0189433 -0.0607134
-0.397803 -0.0181354 -0.0592492
-0.405342 -0.0171972 -0.0575396
-0.410571 -0.016145 -0.0565315
-0.413446 -0.0150576 -0.0557763
-0.413678 -0.0139875 -0.0553733
-0.412105 -0.0130372 -0.0553985
-0.409931 -0.0121112 -0.055849
-0.406613 -0.011222 -0.0560781
-0.40151 -0.0105564 -0.0562339
-0.395453 -0.00989092 -0.0567429
-0.389138 -0.00922905 -0.0574827
-0.381809 -0.00863642 -0.0586414
-0.373627 -0.00800646 -0.0598657
-0.365568 -0.00726563 -0.0603865
-0.357183 -0.00642161 -0.060633
-0.348006 -0.00560383 -0.0613102
-0.338557 -0.00477093 -0.0620368
-0.32858 -0.00387184 -0.0624857
-0.316032 -0.00294225 -0.0632954
-0.29924 -0.00200582 -0.0645864
-0.278693 -0.00109516 -0.0652122
-0.255383 -0.000275966 -0.0649237
-0.229618 0.000349727 -0.0646284
-0.202095 0.000806837 -0.0642043
-0.173149 0.00121088 -0.0630447
-0.141602 0.00154211 -0.0618062
-0.106717 0.00174654 -0.0613638
-0.0694265 0.00185535 -0.061408
-0.0307738 0.00195601 -0.0619357
0.00878552 0.00207861 -0.0625234
0.0487191 0.00223552 -0.0628229
0.0884619 0.00250415 -0.0633849
0.127756 0.00284249 -0.0642926
0.166056 0.00319847 -0.0651695
0.202151 0.00361186 -0.0660131
0.235331 0.00401302 -0.0667452
0.26543 0.0043092 -0.0670003
0.291865 0.00457059 -0.0670909
0.314411 0.00487528 -0.0672684
0.333434 0.00520923 -0.0672948
0.348746 0.00564838 -0.0671837
0.359966 0.00628168 -0.0672952
0.367373 0.00705847 -0.0675198
0.371135 0.00795825 -0.0676833
0.370921 0.00904781 -0.0679803
0.366596 0.0102755 -0.0684122
0.358331 0.0115187 -0.0687249
0.346444 0.01275 -0.0690154
0.331603 0.0138932 -0.0694111
0.314418 0.0147955 -0.0696228
0.294682 0.0154483 -0.0694983
0.271959 0.0158983 -0.0692966
0.246487 0.0160806 -0.0689791
0.218654 0.0160077 -0.0685084
0.188792 0.0157856 -0.0680439
0.157648 0.0154106 -0.0675697
0.125722 0.0148977 -0.0670001
0.0929179 0.0143128 -0.066345
0.0597016 0.0136656 -0.065731
0.0269221 0.0129373 -0.0653018
-0.00506163 0.0121279 -0.0651488
-0.0356959 0.0112137 -0.0653455
-0.0641315 0.010041 -0.0658642
-0.0902516 0.00851416 -0.0662598
-0.114942 0.00670617 -0.0659885
-0.138851 0.00467697 -0.0650592
-0.161789 0.00244183 -0.0640451
-0.183993 9.27694e-05 -0.0629659
-0.206177 -0.00221317 -0.0616001
-0.228294 -0.00441525 -0.0602278
-0.249872 -0.00652599 -0.0592215
-0.270752 -0.00850157 -0.0585359
-0.290403 -0.0103363 -0.0579929
-0.307354 -0.0121021 -0.0577078
-0.320251 -0.0138516 -0.0577123
-0.328539 -0.0155816 -0.0578683
-0.331597 -0.0173135 -0.0579464
-0.328484 -0.0190943 -0.0579821
-0.31864 -0.0208729 -0.0580085
-0.301742 -0.022543 -0.0579863
-0.276834 -0.0240288 -0.0580625
-0.242555 -0.0252457 -0.0586067
-0.197959 -0.0260929 -0.0594204
-0.142232 -0.0265394 -0.0598858
-0.0743127 -0.0265999 -0.0598121
0.00659989 -0.0262205 -0.0593868
0.100995 -0.0253504 -0.0588254
0.209425 -0.0240455 -0.0579982
0.332089 -0.0223331 -0.0570796
0.468712 -0.0201714 -0.0557307
0.619263 -0.0175386 -0.0536943
0.783994 -0.01441 -0.0509281
0.96263 -0.0107749 -0.0478527
1.15411 -0.00664443 -0.0449199
1.35773 -0.00201445 -0.0421147
1.57321 0.00298653 -0.0390038
1.80057 0.00823177 -0.0349724
2.04009 0.0136679 -0.0290531
2.29121 0.0192443 -0.0212451
2.55359 0.0249038 -0.0121317
2.82789 0.0305727 -0.00126271
3.11425 0.0362615 0.0112662
3.41276 0.0420518 0.0249014
3.72452 0.0480025 0.0397268
4.05025 0.0541903 0.055933
4.38944 0.0606832 0.0728183
4.74175 0.0673974 0.0899689
5.10707 0.0742381 0.107607
5.48461 0.0811707 0.125795
5.87351 0.0880559 0.144203
6.27374 0.0946818 0.162855
6.68538 0.100852 0.181799
7.10792 0.106392 0.200922
7.54074 0.111171 0.220162
7.98299 0.115073 0.23975
8.43286 0.118063 0.259801
8.8874 0.120149 0.280186
9.3428 0.121339 0.300651
9.79473 0.121677 0.321017
10.2385 0.121261 0.341081
10.6696 0.120191 0.360768
11.0838 0.118536 0.380227
11.4776 0.116358 0.399592
11.8477 0.113709 0.418827
12.1914 0.110606 0.437829
12.5067 0.107039 0.456564
12.7916 0.102999 0.475099
13.0441 0.0984678 0.493409
13.2622 0.0933758 0.511537
13.4443 0.0876146 0.529584
13.5892 0.0810678 0.547533
13.6956 0.0735992 0.565433
13.7631 0.0651645 0.583624
13.7911 0.0558084 0.602511
13.7788 0.0454452 0.621944
13.7264 0.0340235 0.641743
13.6339 0.0216033 0.662265
13.5002 0.00823237 0.68314
13.3264 -0.00605308 0.703279
13.1176 -0.0213175 0.721188
12.8826 -0.0375756 0.734727
12.633 -0.0546812 0.741621
12.3788 -0.0724191 0.740563
12.1253 -0.0906429 0.731275
11.8746 -0.109264 0.715313
11.6279 -0.128168 0.694764
11.3844 -0.147243 0.669977
11.1412 -0.166273 0.639766
10.8966 -0.184935 0.603573
10.6517 -0.202905 0.563845
10.4097 -0.219829 0.524205
10.1729 -0.235309 0.486041
9.94455 -0.24921 0.448439
9.72617 -0.261144 0.428675
9.51279 -0.271429 0.432185
9.29882 -0.281484 0.438464
9.08693 -0.291036 0.443262
8.87572 -0.299377 0.451764
8.65352 -0.306878 0.462793
8.41104 -0.313776 0.471306
8.1472 -0.320253 0.473704
7.86663 -0.326383 0.47123
7.5733 -0.332213 0.465657
7.26389 -0.337541 0.453798
6.92836 -0.341932 0.433076
6.55819 -0.345001 0.404272
6.15421 -0.346272 0.368255
5.72771 -0.345108 0.323885
5.28531 -0.341816 0.283636
4.82148 -0.336685 0.260261
4.33057 -0.330154 0.25692
3.80862 -0.323696 0.273255
3.25545 -0.316351 0.308976
2.68202 -0.307444 0.359242
2.09603 -0.298848 0.418686
1.49316 -0.290473 0.474337
0.871142 -0.282683 0.513732
0.227713 -0.276222 0.553678
-0.4438 -0.26998 0.60031
-1.14383 -0.263881 0.643761
-1.86364 -0.257709 0.677341
-2.59566 -0.250857 0.701509
-3.33609 -0.243316 0.7205
-4.08121 -0.235689 0.736773
-4.82716 -0.228331 0.748836
-5.57 -0.221018 0.754175
-6.30553 -0.21393 0.757119
-7.03081 -0.207327 0.760378
-7.74521 -0.200888 0.765939
-8.44899 -0.193859 0.777324
-9.14405 -0.186452 0.79093
-9.83251 -0.179111 0.807456
-10.516 -0.17192 0.826959
-11.1956 -0.165453 0.848551
-11.87 -0.160222 0.876291
-12.5342 -0.156453 0.902934
-13.1772 -0.154372 0.915668
-13.7874 -0.15497 0.91317
-14.3628 -0.158522 0.907822
-14.9097 -0.163556 0.913949
-15.4373 -0.169918 0.932094
-15.9513 -0.177578 0.940538
-16.4508 -0.18542 0.926987
-16.9349 -0.193749 0.892768
-17.4065 -0.203044 0.84727
-17.8697 -0.213454 0.814449
-18.3238 -0.224576 0.803938
-18.7623 -0.235119 0.812611
-19.1787 -0.244396 0.831044
-19.572 -0.25219 0.848708
-19.9434 -0.258584 0.860484
-20.2926 -0.263396 0.863776
-20.6185 -0.266281 0.860619
-20.9225 -0.267692 0.854093
-21.2058 -0.268303 0.848407
-21.4672 -0.268469 0.844537
-21.7058 -0.26826 0.840624
-21.9234 -0.267861 0.835218
-22.124 -0.267742 0.829511
-22.3114 -0.268238 0.825105
-22.4885 -0.269554 0.820912
-22.6567 -0.271775 0.815696
-22.8165 -0.275058 0.809367
-22.9673 -0.279654 0.802827
-23.1073 -0.285708 0.796045
-23.2342 -0.293208 0.788378
-23.3466 -0.302008 0.780572
-23.4442 -0.312075 0.774676
-23.5276 -0.32349 0.771576
-23.598 -0.33636 0.77036
-23.6569 -0.350725 0.770102
-23.7059 -0.36652 0.771069
-23.7455 -0.383647 0.773787
-23.7746 -0.401945 0.777818
-23.7918 -0.421164 0.782302
-23.7966 -0.440963 0.78765
-23.7891 -0.460983 0.794291
-23.7692 -0.480933 0.801569
-23.7368 -0.500548 0.808242
-23.6919 -0.519493 0.812801
-23.6342 -0.537443 0.814929
-23.5632 -0.554091 0.81472
-23.4779 -0.569125 0.811672
-23.3773 -0.582335 0.804879
-23.2603 -0.593619 0.793877
-23.1255 -0.603037 0.779235
-22.9715 -0.610855 0.762559
-22.797 -0.617263 0.744369
-22.6021 -0.622533 0.72398
-22.3867 -0.627118 0.701694
-22.1492 -0.631359 0.678729
-21.8883 -0.635683 0.655361
-21.6044 -0.640439 0.631613
-21.2993 -0.64577 0.608357
-20.9744 -0.65179 0.585895
-20.6316 -0.658571 0.563796
-20.2738 -0.666205 0.54176
-19.9036 -0.674674 0.520314
-19.5219 -0.683777 0.49973
-19.1278 -0.693247 0.478888
-18.7202 -0.702869 0.456291
-18.299 -0.712442 0.43149
-17.8646 -0.721682 0.404488
-17.4174 -0.730251 0.375228
-16.9578 -0.737822 0.343425
-16.4867 -0.744118 0.309268
-16.0053 -0.748853 0.274049
-15.5149 -0.751709 0.238232
-15.0159 -0.752389 0.202848
-14.5078 -0.750861 0.170894
-13.9913 -0.74665 0.145647
-13.4702 -0.738636 0.127454
-12.948 -0.726606 0.109731
-12.4245 -0.711189 0.0878371
-11.8983 -0.692519 0.0628081
-11.3701 -0.670292 0.0360851
-10.8415 -0.644929 0.0103948
-10.3148 -0.617739 -0.0135903
-9.79196 -0.58993 -0.0348544
-9.2743 -0.562128 -0.0506973
-8.76202 -0.535022 -0.0602034
-8.25475 -0.509728 -0.0639141
-7.75285 -0.486968 -0.0633218
-7.25788 -0.46667 -0.0593464
-6.77189 -0.448333 -0.0524248
-6.29668 -0.431346 -0.043201
-5.83379 -0.415008 -0.0329554
-5.38529 -0.398328 -0.0233097
-4.9538 -0.380099 -0.0159488
-4.54174 -0.359202 -0.0124113
-4.15038 -0.334812 -0.0140482
-3.77897 -0.306441 -0.021825
-3.42522 -0.273993 -0.036282
-3.08646 -0.237877 -0.0575108
-2.76019 -0.19898 -0.0847667
-2.44418 -0.158517 -0.115859
-2.13591 -0.117757 -0.147076
-1.83195 -0.0779488 -0.17469
-1.52802 -0.0404141 -0.196463
-1.22004 -0.00627439 -0.21198
-0.905902 0.0238772 -0.22018
-0.586277 0.0499548 -0.217561
-0.263124 0.0724934 -0.20743
0.061609 0.0925588 -0.194608
0.385307 0.11153 -0.179312
0.704202 0.130913 -0.162091
1.01522 0.151555 -0.145734
1.31759 0.173648 -0.13378
1.6123 0.197374 -0.126821
1.90109 0.222588 -0.124453
2.18575 0.248599 -0.125248
2.46795 0.274491 -0.127064
2.74932 0.299248 -0.128083
3.03116 0.32191 -0.127423
3.31475 0.341502 -0.123702
3.60113 0.357029 -0.115946
3.89012 0.367963 -0.104191
4.18019 0.374265 -0.0886641
4.46924 0.376182 -0.0696185
4.75554 0.374276 -0.0473914
5.03777 0.369347 -0.022686
5.31445 0.362335 0.00332602
5.58335 0.354186 0.0289791
5.84148 0.345738 0.052417
6.08609 0.337595 0.0721804
6.31572 0.330062 0.0877572
6.53025 0.323121 0.0995518
6.73041 0.316393 0.108524
6.9169 0.309209 0.115824
7.09009 0.300771 0.122632
7.25022 0.2903 0.130156
7.39771 0.27717 0.139587
7.53315 0.260984 0.151827
7.65694 0.241604 0.167193
7.76901 0.21914 0.185409
7.86883 0.19394 0.205713
7.95537 0.166573 0.226983
8.0275 0.13776 0.247987
8.08448 0.108263 0.267483
8.12608 0.0787791 0.284423
8.15213 0.0498338 0.298009
8.16232 0.0217212 0.307594
8.15675 -0.00549671 0.312803
8.1366 -0.0319942 0.313708
8.10402 -0.0581676 0.310946
8.06113 -0.0845648 0.305605
8.00946 -0.111772 0.298821
7.94994 -0.140307 0.291419
7.88339 -0.170544 0.283852
7.81065 -0.202616 0.276501
7.73233 -0.236365 0.269821
7.64867 -0.271374 0.264069
7.55978 -0.307018 0.259063
7.46574 -0.342579 0.254282
7.36671 -0.377348 0.249112
7.2627 -0.410716 0.243034
7.15382 -0.442252 0.235623
7.04036 -0.471769 0.226567
6.92283 -0.499314 0.215827
6.80178 -0.525122 0.203676
6.67774 -0.549565 0.190781
6.55119 -0.573093 0.178096
6.42263 -0.596144 0.166594
6.29232 -0.61909 0.157014
6.15991 -0.642207 0.149627
6.02417 -0.665632 0.144366
5.88322 -0.689355 0.141007
5.73509 -0.713223 0.13921
5.57808 -0.736939 0.138423
5.41089 -0.760114 0.137984
5.23235 -0.782315 0.13717
5.04146 -0.803119 0.135225
4.83765 -0.822175 0.131568
4.62095 -0.839241 0.125823
4.3918 -0.854212 0.117902
4.15068 -0.867146 0.108017
3.89795 -0.878272 0.096734
3.6339 -0.887966 0.0850014
3.359 -0.896691 0.0740878
3.07398 -0.904928 0.0654386
2.77991 -0.913071 0.0601221
2.47831 -0.921339 0.0583159
2.1719 -0.929807 0.0586208
1.86453 -0.938438 0.0588156
1.5576 -0.947024 0.057765
1.24981 -0.955212 0.0544803
0.940478 -0.962817 0.048328
0.629836 -0.969511 0.0394349
0.318187 -0.974728 0.0281244
0.00524555 -0.978113 0.0147187
-0.308723 -0.979368 -0.000846399
-0.622471 -0.978302 -0.0181562
-0.934379 -0.9747 -0.0360529
-1.24345 -0.968368 -0.0532818
-1.54953 -0.959426 -0.0687862
-1.85243 -0.948455 -0.0822316
-2.15167 -0.936322 -0.0928556
-2.44626 -0.923499 -0.0992418
-2.73525 -0.910056 -0.0999514
-3.01857 -0.896266 -0.0942861
-3.29714 -0.882681 -0.0838785
-3.572 -0.869817 -0.0706599
-3.84349 -0.857915 -0.0555584
-4.1115 -0.84695 -0.0392607
-4.37604 -0.836823 -0.0227953
-4.63679 -0.827329 -0.00714042
-4.89269 -0.818267 0.0076272
-5.14199 -0.809461 0.0218526
-5.38207 -0.800436 0.0357481
-5.60997 -0.790537 0.0492588
-5.82331 -0.779243 0.0620799
-6.02041 -0.766121 0.0738344
-6.19982 -0.750789 0.0839979
-6.36011 -0.732999 0.0921293
-6.50013 -0.712688 0.0979381
-6.61955 -0.690012 0.100987
-6.71947 -0.665183 0.101101
-6.80233 -0.63832 0.0992263
-6.87129 -0.609694 0.0966138
-6.93027 -0.57999 0.0940028
-6.98375 -0.550069 0.0915785
-7.0361 -0.520604 0.0887386
-7.09106 -0.492025 0.0849802
-7.15114 -0.464623 0.0799534
-7.21716 -0.438579 0.0737361
-7.28856 -0.413887 0.0672365
-7.36419 -0.390389 0.0612843
-7.44288 -0.367852 0.0568527
-7.52337 -0.346005 0.055036
-7.60355 -0.324515 0.0561647
-7.68042 -0.302987 0.0591837
-7.75112 -0.28109 0.0629069
-7.81433 -0.25873 0.0673995
-7.87096 -0.236123 0.0731838
-7.92338 -0.21363 0.0801138
-7.97368 -0.191424 0.0871598
-8.02341 -0.169678 0.0934752
-8.0752 -0.149008 0.0989177
-8.13207 -0.129912 0.103256
-8.19624 -0.112407 0.105962
-8.26959 -0.0965118 0.106828
-8.35316 -0.0821128 0.106198
-8.44661 -0.0688207 0.105089
-8.54889 -0.0561118 0.104594
-8.65916 -0.0434643 0.105164
-8.777 -0.0304845 0.107299
-8.90168 -0.0168351 0.111622
-9.03195 -0.00234645 0.117701
-9.16623 0.0129436 0.124331
-9.3033 0.0288832 0.130422
-9.44291 0.0451603 0.13548
-9.58547 0.0613015 0.139948
-9.73144 0.0767319 0.144776
-9.88074 0.0908971 0.150393
-10.0329 0.103342 0.156512
-10.1875 0.113742 0.162502
-10.3444 0.121935 0.167999
-10.5034 0.12794 0.173374
-10.6633 0.131955 0.179083
-10.8223 0.134262 0.185229
-10.9781 0.135133 0.191754
-11.129 0.134827 0.198793
-11.2739 0.133587 0.206781
-11.4118 0.131594 0.216103
-11.5418 0.128906 0.226599
-11.663 0.125501 0.237639
-11.7754 0.121238 0.248498
-11.8799 0.115859 0.258725
-11.9774 0.109125 0.268241
-12.0685 0.100878 0.277159
-12.1532 0.0910659 0.285479
-12.2318 0.0797609 0.293088
-12.305 0.0671672 0.300076
-12.3736 0.053608 0.3067
-12.4381 0.0394392 0.31327
-12.4975 0.0249805 0.319911
-12.5501 0.0105215 0.326333
-12.5943 -0.00368926 0.332058
-12.6292 -0.0174575 0.336761
-12.6546 -0.0306731 0.340523
-12.6704 -0.0433528 0.343785
-12.6764 -0.0556626 0.346662
-12.6723 -0.0679139 0.348827
-12.6585 -0.0804976 0.350003
-12.6354 -0.0937767 0.350067
-12.6035 -0.108023 0.349106
-12.5622 -0.123412 0.347292
-12.5111 -0.140006 0.344786
-12.4501 -0.157758 0.34181
-12.3798 -0.176555 0.338642
-12.3012 -0.19622 0.335548
-12.2144 -0.216553 0.332741
-12.1188 -0.237367 0.330214
-12.0134 -0.258495 0.327774
-11.8975 -0.279822 0.325185
-11.7706 -0.301279 0.322255
-11.6324 -0.322833 0.318909
-11.4829 -0.344498 0.315102
-11.3218 -0.366346 0.310723
-11.1493 -0.388466 0.305602
-10.9661 -0.410918 0.299552
-10.7733 -0.433694 0.292443
-10.5713 -0.456707 0.284231
-10.3602 -0.479796 0.27494
-10.1395 -0.502746 0.264647
-9.9085 -0.525301 0.253356
-9.66693 -0.54719 0.240989
-9.41451 -0.568166 0.227498
-9.15074 -0.588044 0.212838
-8.875 -0.606713 0.197049
-8.58681 -0.624143 0.180106
-8.2862 -0.640367 0.161913
-7.97368 -0.655466 0.142465
-7.64984 -0.669554 0.121904
-7.31545 -0.68275 0.100539
-6.97177 -0.695167 0.0786136
-6.6209 -0.706889 0.0562419
-6.26602 -0.717973 0.0337711
-5.91086 -0.728429 0.0117655
-5.5589 -0.738215 -0.00927692
-5.21306 -0.747301 -0.0287154
-4.87549 -0.755676 -0.0463563
-4.54795 -0.763093 -0.0615918
-4.23215 -0.768908 -0.0717733
-3.92969 -0.772654 -0.0733208
-3.6426 -0.774697 -0.0690573
-3.3741 -0.774671 -0.0615749
-3.12794 -0.771896 -0.0501958
-2.90645 -0.766591 -0.0360819
-2.70885 -0.758583 -0.0202106
-2.5294 -0.74769 -0.00369154
-2.36244 -0.734494 0.0127566
-2.20665 -0.71936 0.0267345
-2.061 -0.7026 0.0365936
-1.92346 -0.684685 0.0423522
-1.79211 -0.6657 0.0433691
-1.66637 -0.64582 0.0396551
-1.54552 -0.625041 0.0319931
-1.42784 -0.603437 0.0207261
-1.3106 -0.581114 0.00624615
-1.19086 -0.558152 -0.0114513
-1.06664 -0.53464 -0.0324219
-0.936717 -0.510478 -0.0560647
-0.799652 -0.485463 -0.0806786
-0.653089 -0.459215 -0.102539
-0.494497 -0.431549 -0.119842
-0.322645 -0.402809 -0.131735
-0.138573 -0.373589 -0.136944
0.0564509 -0.344114 -0.137126
0.262435 -0.314512 -0.133623
0.479844 -0.285229 -0.127322
0.709088 -0.256917 -0.119365
0.950218 -0.230048 -0.109959
1.20275 -0.204703 -0.0991278
1.46627 -0.180885 -0.0869899
1.74064 -0.158807 -0.073848
2.02574 -0.138748 -0.0604265
2.32137 -0.120883 -0.0471187
2.62707 -0.105209 -0.0342911
2.94242 -0.091641 -0.0226354
3.26719 -0.0801379 -0.0118874
3.6013 -0.0706434 -0.00107385
3.94451 -0.063041 0.0105138
4.29615 -0.0572157 0.0230574
4.655 -0.0530386 0.036443
5.01945 -0.0503506 0.0505557
5.38811 -0.04903 0.0657028
5.75993 -0.0489572 0.0824339
6.13351 -0.0499338 0.101219
6.50677 -0.0517506 0.121895
6.8772 -0.0542666 0.143983
7.24238 -0.0574085 0.167103
7.60012 -0.061147 0.190986
7.94837 -0.0654713 0.215914
8.28511 -0.0703783 0.241992
8.60846 -0.0759093 0.269312
8.91669 -0.0821954 0.297928
9.20847 -0.0894187 0.327513
9.48319 -0.0977379 0.357728
9.74104 -0.107287 0.387858
9.98271 -0.118211 0.417242
10.2083 -0.130636 0.445273
10.4167 -0.144607 0.471309
10.606 -0.160074 0.494975
10.7742 -0.1769 0.515948
10.9199 -0.194864 0.534021
11.0429 -0.213699 0.549083
11.1434 -0.233124 0.560939
11.2212 -0.252864 0.569276
11.2759 -0.272679 0.574015
11.3066 -0.292354 0.574994
11.3126 -0.311686 0.573524
11.2945 -0.33054 0.570282
11.2535 -0.348887 0.564866
11.1915 -0.366755 0.55786
11.1108 -0.384142 0.549347
11.0138 -0.401042 0.539125
10.9027 -0.417476 0.527647
10.7782 -0.433462 0.515763
10.6412 -0.448958 0.50341
10.493 -0.463896 0.490379
10.3355 -0.478238 0.476626
10.1693 -0.49192 0.462128
9.99472 -0.504835 0.447035
9.81207 -0.516851 0.43143
9.62229 -0.527884 0.415171
9.42684 -0.537935 0.398013
9.22707 -0.547058 0.379704
9.02365 -0.555364 0.360687
8.81666 -0.563026 0.342046
8.60588 -0.570245 0.324694
8.3911 -0.577215 0.309321
8.1721 -0.584139 0.296197
7.94846 -0.591206 0.285107
7.71926 -0.598538 0.275591
7.48316 -0.606171 0.26741
7.239 -0.614079 0.260128
6.98634 -0.622204 0.25291
6.72534 -0.630423 0.245049
6.45615 -0.638539 0.236045
6.17846 -0.646316 0.225702
5.89158 -0.653525 0.214201
5.59477 -0.659954 0.201881
5.28756 -0.665435 0.189112
4.96968 -0.669881 0.176488
4.64065 -0.673338 0.164947
4.29949 -0.676003 0.155371
3.94522 -0.678118 0.147991
3.57833 -0.679768 0.142083
3.20176 -0.680944 0.136737
2.81929 -0.681879 0.131767
2.43219 -0.682847 0.127751
2.03984 -0.68385 0.126585
1.6424 -0.68493 0.127836
1.24057 -0.686112 0.129581
0.834692 -0.687283 0.131502
0.424816 -0.6883 0.13304
0.0112547 -0.688848 0.133848
-0.405196 -0.688575 0.133652
-0.823214 -0.687185 0.131852
-1.2413 -0.684405 0.127782
-1.65799 -0.680004 0.121216
-2.0718 -0.673953 0.112884
-2.48152 -0.666494 0.104121
-2.88596 -0.657864 0.0962968
-3.28352 -0.648137 0.0915707
-3.67224 -0.637434 0.0929469
-4.05049 -0.626225 0.102695
-4.41759 -0.615191 0.119466
-4.77311 -0.604643 0.140398
-5.11584 -0.594434 0.164305
-5.44503 -0.584815 0.190126
-5.76127 -0.576374 0.216895
-6.06497 -0.569162 0.244176
-6.3557 -0.562896 0.271724
-6.63288 -0.557359 0.299248
-6.89609 -0.552315 0.326368
-7.14496 -0.547472 0.352784
-7.3792 -0.542504 0.378155
-7.59883 -0.537164 0.402089
-7.80413 -0.53132 0.424334
-7.99572 -0.524879 0.444663
-8.17466 -0.517739 0.46294
-8.34234 -0.509792 0.478963
-8.50008 -0.500935 0.492454
-8.64869 -0.491065 0.503393
-8.78835 -0.480104 0.511646
-8.91931 -0.468032 0.516136
-9.04256 -0.454825 0.517269
-9.15916 -0.440414 0.515882
-9.26955 -0.424771 0.511789
-9.37389 -0.407987 0.505477
-9.47254 -0.390271 0.497759
-9.56624 -0.371824 0.489104
-9.65582 -0.35286 0.47984
-9.74166 -0.333746 0.470491
-9.82372 -0.314854 0.461131
-9.90187 -0.296528 0.452338
-9.97617 -0.279139 0.44462
-10.0473 -0.263002 0.437449
-10.1163 -0.248421 0.431241
-10.1841 -0.235762 0.427033
-10.251 -0.225396 0.424539
-10.3169 -0.217529 0.423353
-10.3816 -0.212164 0.424076
-10.4451 -0.209286 0.426944
-10.5076 -0.208942 0.431328
-10.5692 -0.21112 0.43677
-10.6293 -0.215641 0.443246
-10.6866 -0.222229 0.450791
-10.7399 -0.230644 0.459072
-10.7891 -0.240664 0.467499
-10.8346 -0.25199 0.475581
-10.877 -0.26425 0.483281
-10.9156 -0.277126 0.490841
-10.9495 -0.290397 0.497805
-10.9782 -0.303874 0.503937
-11.0012 -0.317355 0.509137
-11.0177 -0.330666 0.512876
-11.0264 -0.343696 0.514962
-11.0261 -0.356378 0.515692
-11.0168 -0.36866 0.515607
-10.9999 -0.380565 0.515008
-10.9767 -0.392206 0.514103
-10.9474 -0.403719 0.512743
-10.9107 -0.415289 0.510561
-10.8654 -0.427149 0.507247
-10.8109 -0.43946 0.502489
-10.747 -0.452282 0.496016
-10.6737 -0.46565 0.487616
-10.5902 -0.479615 0.47715
-10.4953 -0.494222 0.464688
-10.388 -0.509468 0.450567
-10.2683 -0.525281 0.435211
-10.1367 -0.541551 0.418883
-9.99378 -0.558178 0.401672
-9.83972 -0.575108 0.383845
-9.67441 -0.592315 0.365846
-9.49799 -0.609728 0.347828
-9.31075 -0.627255 0.329924
-9.11304 -0.644827 0.312253
-8.90513 -0.662359 0.294575
-8.6871 -0.679773 0.276816
-8.4592 -0.697042 0.259352
-8.22204 -0.714132 0.242719
-7.97653 -0.730963 0.227516
-7.72331 -0.747464 0.213985
-7.46247 -0.763585 0.202147
-7.19376 -0.779259 0.191578
-6.91719 -0.794371 0.182111
-6.63333 -0.808751 0.173156
-6.3432 -0.822207 0.16374
-6.04769 -0.834646 0.153456
-5.74722 -0.846066 0.141666
-5.44197 -0.856382 0.128246
-5.13222 -0.865444 0.113413
-4.8183 -0.873168 0.0971915
-4.50056 -0.879506 0.0797158
-4.17929 -0.884372 0.061543
-3.85464 -0.887641 0.0436439
-3.52681 -0.889222 0.0271978
-3.19623 -0.88908 0.0131021
-2.86372 -0.887208 0.00177808
-2.53013 -0.883703 -0.00716463
-2.19607 -0.878772 -0.0144823
-1.86286 -0.872463 -0.0198812
-1.53245 -0.864585 -0.0226188
-1.20546 -0.855045 -0.0227889
-0.88158 -0.84394 -0.0203377
-0.561057 -0.831288 -0.0159708
-0.244495 -0.817073 -0.0108975
0.0679401 -0.80124 -0.00525988
0.376384 -0.783589 0.00106113
0.680362 -0.763896 0.00801161
0.978788 -0.741938 0.0154117
1.27065 -0.717563 0.0230652
1.5555 -0.690662 0.0307375
1.83335 -0.661123 0.0384012
2.10421 -0.628925 0.0461895
2.36777 -0.594124 0.0540834
2.62352 -0.556848 0.0619443
2.87109 -0.517273 0.0697034
3.11024 -0.475615 0.0774314
3.34051 -0.432092 0.0852748
3.56113 -0.386915 0.0933259
3.77114 -0.34028 0.101518
3.96968 -0.292383 0.10958
4.15625 -0.243399 0.11716
4.33061 -0.193477 0.124007
4.49256 -0.142743 0.129957
4.64178 -0.0913137 0.13481
4.77788 -0.0392923 0.138334
4.90058 0.0132085 0.140387
5.00994 0.0660122 0.140947
5.10645 0.118866 0.140114
5.19088 0.171486 0.138128
5.26414 0.223591 0.13531
5.32714 0.274877 0.131942
5.38085 0.325005 0.128232
5.42632 0.37364 0.124378
5.46473 0.420469 0.120551
5.49723 0.465201 0.1169
5.52476 0.507583 0.113506
5.5479 0.547427 0.110368
5.56691 0.584598 0.107452
5.58184 0.618991 0.104685
5.59263 0.650519 0.101959
5.59905 0.679127 0.099111
5.60079 0.704806 0.0959853
5.59764 0.727573 0.0924151
5.58948 0.747458 0.088242
5.57644 0.764494 0.0834047
5.55871 0.778701 0.0779601
5.53644 0.790076 0.0720786
5.5096 0.798598 0.0659914
5.47801 0.804231 0.0599633
5.44159 0.806925 0.0542647
5.40044 0.806611 0.0491389
5.35485 0.803207 0.044718
5.30514 0.796648 0.0410644
5.25153 0.786891 0.0381979
5.19409 0.773913 0.0360809
5.13286 0.757735 0.0347186
5.06791 0.738425 0.0341687
4.99927 0.716085 0.0344718
4.92673 0.690848 0.035578
4.8499 0.66287 0.0372812
4.76836 0.632331 0.0393207
4.68182 0.599418 0.0414185
4.5902 0.564319 0.0433132
4.49344 0.527211 0.0448122
4.39141 0.48826 0.0457459
4.28398 0.4476 0.0459741
4.17112 0.405333 0.0454592
4.05294 0.361539 0.0443235
3.92961 0.316292 0.0427828
3.80126 0.269679 0.0410256
3.6679 0.221811 0.0391609
3.5296 0.172833 0.0372582
3.38654 0.122925 0.0353471
3.23901 0.0722976 0.033452
3.08732 0.0211907 0.0315292
2.93163 -0.0301183 0.0294593
2.77191 -0.0813196 0.0271235
2.60808 -0.132088 0.0244301
2.44007 -0.182097 0.0213029
2.26777 -0.231016 0.0177948
2.09089 -0.278518 0.0138953
1.90904 -0.324274 0.00945207
1.72187 -0.367936 0.0045683
1.52916 -0.409259 -0.000454223
1.33049 -0.448256 -0.00534826
1.12537 -0.485095 -0.0096478
0.913823 -0.519868 -0.0127355
0.696422 -0.552458 -0.0145919
0.473425 -0.582802 -0.0156581
0.244045 -0.611169 -0.0162143
0.00736586 -0.63792 -0.0161802
-0.23669 -0.663284 -0.015292
-0.487608 -0.6874 -0.0135152
-0.744803 -0.710397 -0.0110028
-1.00765 -0.732375 -0.00781854
-1.27514 -0.753307 -0.00391982
-1.54591 -0.773052 0.00099558
-1.81867 -0.791457 0.00807253
-2.09304 -0.80841 0.0186997
-2.36861 -0.8238 0.0306856
-2.64381 -0.837563 0.0430367
-2.91689 -0.849674 0.0560386
-3.18695 -0.859946 0.0683875
-3.45322 -0.868163 0.0797156
-3.71435 -0.874298 0.0896513
-3.96949 -0.878428 0.098141
-4.21881 -0.880657 0.105521
-4.46255 -0.88116 0.112623
-4.70038 -0.880079 0.119737
-4.93166 -0.877503 0.126696
-5.15648 -0.873651 0.133399
-5.37554 -0.868829 0.140351
-5.58952 -0.863272 0.148633
-5.79864 -0.857112 0.158842
-6.0027 -0.850337 0.170632
-6.20141 -0.842829 0.183235
-6.39469 -0.834466 0.195957
-6.58266 -0.825201 0.20857
-6.76533 -0.815007 0.221216
-6.94251 -0.803829 0.234003
-7.11371 -0.791626 0.246878
-7.27827 -0.778378 0.259607
-7.4355 -0.764098 0.271867
-7.58478 -0.748851 0.283543
-7.72545 -0.732747 0.294652
-7.85674 -0.715905 0.305046
-7.97785 -0.698433 0.314385
-8.0881 -0.680408 0.322331
-8.18718 -0.66188 0.328783
-8.27502 -0.642875 0.333899
-8.35168 -0.623404 0.3379
-8.41721 -0.603469 0.340875
-8.47161 -0.58306 0.34276
-8.51484 -0.562165 0.343486
-8.54697 -0.540781 0.343132
-8.56814 -0.518933 0.341887
-8.57871 -0.496685 0.339939
-8.57922 -0.474153 0.337265
-8.57031 -0.451496 0.333753
-8.5526 -0.428888 0.329424
-8.52663 -0.40651 0.324479
-8.49286 -0.384527 0.319166
-8.45185 -0.363081 0.313591
-8.40422 -0.342276 0.307728
-8.35059 -0.322178 0.301512
-8.29142 -0.3028 0.29495
-8.22691 -0.284112 0.288116
-8.15703 -0.266054 0.281075
-8.08171 -0.248554 0.273786
-8.00095 -0.231529 0.26614
-7.9148 -0.214908 0.258077
-7.82332 -0.198651 0.249671
-7.72661 -0.18277 0.241005
-7.62504 -0.16731 0.231993
-7.5193 -0.152321 0.222523
-7.41025 -0.137867 0.212547
-7.29848 -0.124036 0.202051
-7.18429 -0.110919 0.190995
-7.06772 -0.0985795 0.179408
-6.94882 -0.0870368 0.167393
-6.82771 -0.0762794 0.155075
-6.70446 -0.0662782 0.142608
-6.57897 -0.0569926 0.130155
-6.4509 -0.0483775 0.117857
-6.31986 -0.0403881 0.105834
-6.18559 -0.0329856 0.0941152
-6.04802 -0.0261462 0.0826512
-5.90714 -0.0198719 0.071505
-5.76292 -0.0141952 0.0606372
-5.61532 -0.00917088 0.0498542
-5.46445 -0.00485139 0.0389485
-5.31062 -0.00127188 0.0279785
-5.15418 0.00154176 0.0169081
-4.99531 0.00356924 0.00559368
-4.8339 0.00481597 -0.00560036
-4.66979 0.00537475 -0.016223
-4.50299 0.00549337 -0.0258403
-4.33369 0.00542642 -0.034457
-4.16186 0.00518151 -0.0427878
-3.9875 0.00478244 -0.0513958
-3.81121 0.00455087 -0.060135
-3.63368 0.00473124 -0.0684741
-3.45536 0.00531727 -0.0760412
-3.27674 0.00621787 -0.082756
-3.09833 0.00728111 -0.088585
-2.92058 0.00830184 -0.0934593
-2.74378 0.00903254 -0.0973976
-2.56823 0.00922517 -0.100458
-2.3945 0.00869338 -0.102586
-2.22335 0.00729739 -0.103694
-2.0555 0.00490817 -0.103805
-1.89149 0.00144401 -0.103051
-1.73165 -0.00308137 -0.101664
-1.57635 -0.00857821 -0.0998739
-1.42593 -0.0149187 -0.0978915
-1.28063 -0.0219446 -0.0958752
-1.14052 -0.0294866 -0.0939092
-1.00554 -0.0373993 -0.0920981
-0.875613 -0.0455797 -0.0906087
-0.750655 -0.0539637 -0.0896026
-0.630621 -0.0625189 -0.0890917
-0.51537 -0.0712481 -0.0889515
-0.404557 -0.0801982 -0.0890187
-0.297697 -0.0894528 -0.0891598
-0.194358 -0.0991052 -0.089242
-0.0943305 -0.109234 -0.0891301
0.00232519 -0.119891 -0.088721
0.0954691 -0.131085 -0.0879156
0.185088 -0.142794 -0.0866984
0.271302 -0.154964 -0.0851822
0.354223 -0.16751 -0.083407
0.433838 -0.180328 -0.0813564
0.51008 -0.193315 -0.0791114
0.582967 -0.206371 -0.0766731
0.652622 -0.219404 -0.0739953
0.719187 -0.232316 -0.0710535
0.782749 -0.245021 -0.0678541
0.843347 -0.257458 -0.0644893
0.901068 -0.269566 -0.0610375
0.956149 -0.281276 -0.0575327
1.00899 -0.292533 -0.0539699
1.05997 -0.303283 -0.0503362
1.10934 -0.313463 -0.0466688
1.15718 -0.323015 -0.0430564
1.20353 -0.331883 -0.0395866
1.24849 -0.34001 -0.0363035
1.29217 -0.34734 -0.0332075
1.33463 -0.353817 -0.0302971
1.37582 -0.359397 -0.0276045
1.41558 -0.364047 -0.0251906
1.45367 -0.367745 -0.0230911
1.48974 -0.370479 -0.0212879
1.52308 -0.372245 -0.0197345
1.55278 -0.373042 -0.0183937
1.57784 -0.372874 -0.0172674
1.59744 -0.371744 -0.0163879
1.61116 -0.369663 -0.0157776
1.61882 -0.366646 -0.0154251
1.62025 -0.362705 -0.0152957
1.61517 -0.357852 -0.0153644
1.60317 -0.352098 -0.015634
1.58386 -0.345459 -0.0161181
1.55698 -0.33796 -0.0168258
1.52239 -0.329643 -0.0177677
1.48007 -0.320558 -0.018971
1.4301 -0.310767 -0.0204991
1.37275 -0.300339 -0.0224483
1.30844 -0.289358 -0.0248986
1.23764 -0.277915 -0.0278787
1.16075 -0.266098 -0.0313731
1.07804 -0.253988 -0.035361
0.989772 -0.241655 -0.0398232
0.896239 -0.229159 -0.0447455
0.797848 -0.216553 -0.0500953
0.695044 -0.203879 -0.0558029
0.588223 -0.191176 -0.0617975
0.47766 -0.17848 -0.0680071
0.363544 -0.165845 -0.074304
0.246084 -0.153348 -0.0805553
0.12559 -0.141078 -0.0866424
0.00248044 -0.129107 -0.0924531
-0.122855 -0.117494 -0.0978866
-0.250136 -0.106302 -0.102856
-0.379092 -0.0955916 -0.107332
-0.509365 -0.0854126 -0.111314
-0.640542 -0.0757822 -0.114811
-0.77218 -0.066686 -0.117821
-0.903813 -0.0580985 -0.120327
-1.035 -0.0499794 -0.122302
-1.16533 -0.0422711 -0.12376
-1.29443 -0.0349164 -0.12477
-1.42191 -0.0278741 -0.125364
-1.54746 -0.0211177 -0.125535
-1.6708 -0.0146278 -0.125285
-1.79171 -0.00839234 -0.124609
-1.90987 -0.00241575 -0.123446
-2.02482 0.003276 -0.12174
-2.13613 0.00864048 -0.119472
-2.24355 0.0136337 -0.116688
-2.34705 0.0182156 -0.113495
-2.44678 0.0223466 -0.109962
-2.54307 0.0259952 -0.106129
-2.63635 0.0291504 -0.1021
-2.72713 0.0318221 -0.0980147
-2.81584 0.0340362 -0.0939846
-2.90288 0.0358322 -0.0901345
-2.98846 0.0372592 -0.0865282
-3.07264 0.0383676 -0.0831173
-3.15545 0.039198 -0.0797959
-3.23702 0.0397689 -0.0764553
-3.31759 0.0400712 -0.0730192
-3.39748 0.040079 -0.069441
-3.47687 0.0397622 -0.0656794
-3.5557 0.0390848 -0.0617091
-3.63373 0.0379986 -0.0575092
-3.71059 0.0364499 -0.0531259
-3.78589 0.0343955 -0.0487052
-3.8592 0.0318043 -0.0443887
-3.93011 0.0286539 -0.0402733
-3.99821 0.0249389 -0.0363745
-4.06317 0.0206715 -0.0326835
-4.12479 0.0158751 -0.0292342
-4.18293 0.0105802 -0.0260658
-4.2375 0.00481818 -0.0231778
-4.28834 -0.00138003 -0.0205295
-4.33526 -0.00797648 -0.0180517
-4.37812 -0.0149333 -0.0156348
-4.41692 -0.0222295 -0.0132167
-4.4518 -0.0298588 -0.0107936
-4.48293 -0.0378206 -0.00835104
-4.5105 -0.0461165 -0.00588596
-4.53469 -0.0547423 -0.00341632
-4.55567 -0.0636805 -0.000980199
-4.57355 -0.0729016 0.00134239
-4.58833 -0.0823692 0.00342953
-4.59986 -0.092047 0.00517756
-4.6078 -0.101899 0.00653898
-4.61183 -0.11189 0.00750907
-4.61176 -0.121988 0.00811111
-4.60758 -0.132167 0.00837734
-4.59938 -0.142415 0.00833392
-4.58729 -0.152731 0.00800271
-4.57142 -0.163124 0.00745579
-4.55192 -0.1736 0.00675434
-4.52892 -0.184156 0.00591624
-4.50258 -0.19478 0.00496725
-4.47306 -0.205453 0.00393409
-4.44051 -0.216151 0.00282824
-4.40523 -0.226846 0.00164368
-4.3676 -0.237499 0.000377246
-4.32797 -0.248057 -0.000972049
-4.28656 -0.258456 -0.00241346
-4.24329 -0.268625 -0.00394853
-4.19788 -0.278501 -0.00557531
-4.14999 -0.288028 -0.00732016
-4.09943 -0.297166 -0.00923286
-4.04619 -0.305889 -0.0113761
-3.99037 -0.314185 -0.013796
-3.93206 -0.322051 -0.0164957
-3.87137 -0.329492 -0.0194323
-3.80839 -0.336512 -0.0225445
-3.74325 -0.343111 -0.0257897
-3.67608 -0.349275 -0.029142
-3.60697 -0.354989 -0.0325754
-3.53587 -0.360232 -0.0360364
-3.46267 -0.364976 -0.0394283
-3.38727 -0.36918 -0.0426463
-3.30953 -0.372796 -0.0456196
-3.22935 -0.37578 -0.0483295
-3.14658 -0.378091 -0.0507935
-3.0611 -0.379704 -0.0530436
-2.97287 -0.380609 -0.0551273
-2.88202 -0.380808 -0.0571208
-2.78877 -0.380317 -0.0591266
-2.6934 -0.379164 -0.0612383
-2.59623 -0.377385 -0.0635095
-2.4978 -0.375025 -0.065925
-2.39881 -0.372129 -0.0683881
-2.30015 -0.368738 -0.0707485
-2.20268 -0.364885 -0.0728419
-2.10706 -0.360593 -0.0745235
-2.01371 -0.355876 -0.0757165
-1.92292 -0.350736 -0.0764107
-1.83495 -0.345162 -0.0766334
-1.75014 -0.339127 -0.0763227
-1.66883 -0.332607 -0.0755788
-1.59134 -0.325592 -0.0746733
-1.51793 -0.318081 -0.0737391
-1.44888 -0.310063 -0.0728553
-1.38444 -0.301524 -0.072123
-1.32486 -0.292471 -0.0717023
-1.2703 -0.282926 -0.0717526
-1.22082 -0.272902 -0.0723558
-1.17648 -0.262424 -0.0735004
-1.13735 -0.251533 -0.0751183
-1.10352 -0.240271 -0.0771173
-1.07494 -0.228679 -0.0794243
-1.05143 -0.216806 -0.0819916
-1.03263 -0.204696 -0.0847736
-1.01811 -0.192389 -0.0877216
-1.00742 -0.179916 -0.0907763
-1.00016 -0.167307 -0.093867
-0.995974 -0.154592 -0.096807
-0.994481 -0.141807 -0.0995311
-0.995289 -0.128999 -0.102187
-0.998009 -0.116216 -0.104852
-1.00231 -0.103491 -0.10752
-1.00792 -0.0908392 -0.11016
-1.01453 -0.0782934 -0.112768
-1.02174 -0.0658905 -0.115358
-1.02902 -0.0536477 -0.117921
-1.03581 -0.0415761 -0.120412
-1.04169 -0.0296922 -0.122766
-1.04629 -0.0180085 -0.124904
-1.04932 -0.00654154 -0.126761
-1.05055 0.00468117 -0.128304
-1.04983 0.0156236 -0.129547
-1.0472 0.0262465 -0.130518
-1.0428 0.0365112 -0.131251
-1.03691 0.0463777 -0.131772
-1.02988 0.0558022 -0.132108
-1.02207 0.0647429 -0.13228
-1.01387 0.0731641 -0.132302
-1.00569 0.0810406 -0.13218
-0.997921 0.088358 -0.131902
-0.990866 0.0951116 -0.1314
-0.984744 0.101302 -0.130596
-0.979733 0.10693 -0.129486
-0.976068 0.112002 -0.128154
-0.974091 0.116513 -0.126714
-0.974236 0.120449 -0.125263
-0.976927 0.123784 -0.123866
-0.982515 0.126487 -0.122547
-0.99124 0.128517 -0.12133
-1.00323 0.129824 -0.120263
-1.01855 0.130361 -0.119403
-1.03714 0.13009 -0.118791
-1.05888 0.128985 -0.118441
-1.08352 0.127034 -0.11834
-1.11083 0.12424 -0.118463
-1.14056 0.120626 -0.118783
-1.17248 0.116225 -0.119277
-1.20627 0.111083 -0.119936
-1.24153 0.105256 -0.120754
-1.2779 0.0988029 -0.121726
-1.31516 0.0917885 -0.122825
-1.35327 0.0842773 -0.124001
-1.39232 0.0763309 -0.125154
-1.43241 0.0680045 -0.126061
-1.47352 0.0593481 -0.126589
-1.51557 0.0504107 -0.126816
-1.55847 0.0412353 -0.126808
-1.60211 0.0318426 -0.126595
-1.6464 0.0222325 -0.126177
-1.69127 0.012408 -0.125456
-1.73664 0.00237502 -0.124306
-1.78239 -0.00787821 -0.122664
-1.82845 -0.0183666 -0.120536
-1.8748 -0.0290882 -0.117961
-1.92141 -0.0400295 -0.114985
-1.96819 -0.0511679 -0.111662
-2.01505 -0.0624653 -0.10805
-2.06196 -0.0738673 -0.104209
-2.10895 -0.0853103 -0.100221
-2.15607 -0.0967294 -0.0961984
-2.2033 -0.108063 -0.0922608
-2.25055 -0.119253 -0.0885013
-2.2977 -0.130253 -0.0849891
-2.34465 -0.14103 -0.0817809
-2.39137 -0.151564 -0.0789163
-2.43787 -0.161855 -0.0764086
-2.4842 -0.17191 -0.0742368
-2.53038 -0.18175 -0.0723546
-2.57646 -0.191396 -0.0707093
-2.6224 -0.200866 -0.0692512
-2.6681 -0.21017 -0.0679399
-2.71335 -0.219309 -0.0667391
-2.75788 -0.228272 -0.065619
-2.80146 -0.237035 -0.0645559
-2.8439 -0.245566 -0.0635213
-2.88511 -0.253819 -0.0624824
-2.92501 -0.261742 -0.0614051
-2.96349 -0.269278 -0.0602588
-3.00031 -0.276374 -0.059029
-3.03516 -0.282983 -0.057713
-3.06779 -0.289061 -0.0563272
-3.09804 -0.29458 -0.0548994
-3.12585 -0.299524 -0.0534491
-3.1512 -0.30389 -0.0519843
-3.17406 -0.307687 -0.0505122
-3.19435 -0.310929 -0.0490562
-3.21204 -0.313634 -0.0476593
-3.22711 -0.31582 -0.0463706
-3.23959 -0.317502 -0.0452223
-3.24953 -0.318696 -0.0442202
-3.25704 -0.319416 -0.0433497
-3.26227 -0.319672 -0.0425879
-3.26535 -0.319468 -0.0419134
-3.26642 -0.318804 -0.0413032
-3.26554 -0.317677 -0.0407377
-3.26276 -0.316086 -0.0402081
-3.25813 -0.314031 -0.039726
-3.25176 -0.311515 -0.0393245
-3.24382 -0.308544 -0.0390419
-3.23453 -0.305126 -0.0389187
-3.22409 -0.301275 -0.0390003
-3.21267 -0.297008 -0.0393364
-3.20044 -0.292344 -0.039982
-3.18759 -0.287304 -0.0409804
-3.17431 -0.28191 -0.0423434
-3.16081 -0.276183 -0.0440463
-3.14726 -0.270142 -0.0460352
-3.1338 -0.263806 -0.0482404
-3.12064 -0.257189 -0.0505794
-3.10798 -0.250301 -0.0529567
-3.09599 -0.243147 -0.0552728
-3.0848 -0.235728 -0.0574393
-3.07444 -0.228043 -0.0593918
-3.06483 -0.22009 -0.0610984
-3.05591 -0.211866 -0.0625571
-3.04764 -0.203373 -0.0637852
-3.03998 -0.194618 -0.0648133
-3.03285 -0.185617 -0.065684
-3.02611 -0.176393 -0.0664552
-3.01951 -0.166977 -0.0672012
-3.01281 -0.157405 -0.0680014
-3.00569 -0.147717 -0.0689242
-2.99784 -0.137955 -0.0700113
-2.98891 -0.128167 -0.0712761
-2.97857 -0.118398 -0.0727121
-2.96662 -0.108693 -0.0742972
-2.95292 -0.0990936 -0.0759958
-2.93741 -0.0896305 -0.0777646
-2.92002 -0.0803285 -0.0795658
-2.90062 -0.0712045 -0.0813807
-2.87909 -0.0622673 -0.0832132
-2.85531 -0.0535195 -0.0850766
-2.82924 -0.0449588 -0.0869841
-2.80092 -0.0365814 -0.088941
-2.77037 -0.0283852 -0.0909494
-2.73766 -0.0203716 -0.093019
-2.70289 -0.0125445 -0.0951628
-2.66625 -0.0049121 -0.0973865
-2.62798 0.00251273 -0.0996767
-2.58837 0.00971206 -0.102002
-2.54764 0.0166641 -0.104316
-2.50596 0.0233432 -0.106555
-2.46347 0.0297224 -0.108636
-2.42026 0.0357758 -0.110471
-2.37643 0.0414811 -0.111993
-2.33206 0.0468192 -0.113165
-2.28722 0.0517756 -0.113984
-2.24201 0.0563411 -0.114481
-2.19662 0.0605129 -0.114718
-2.15132 0.064293 -0.11476
-2.10642 0.0676834 -0.114692
-2.06221 0.0706849 -0.114593
-2.01895 0.0732978 -0.114532
-1.97692 0.07552 -0.11457
-1.93643 0.0773486 -0.114725
-1.8978 0.0787777 -0.114974
-1.8613 0.079796 -0.115204
-1.82704 0.0803926 -0.115334
-1.79502 0.0805602 -0.115382
-1.76515 0.0802943 -0.115387
-1.73734 0.0795867 -0.115401
-1.71152 0.0784268 -0.115453
-1.68764 0.0768126 -0.115545
-1.66563 0.0747468 -0.115676
-1.64539 0.0722265 -0.115864
-1.62685 0.0692489 -0.116143
-1.61001 0.0658204 -0.116541
-1.59484 0.0619523 -0.117069
-1.58132 0.0576591 -0.1177
-1.56936 0.0529619 -0.118378
-1.55893 0.0478879 -0.119076
-1.55001 0.0424685 -0.119776
-1.54267 0.0367331 -0.120437
-1.53696 0.0307067 -0.121016
-1.53297 0.0244149 -0.121447
-1.53075 0.0178854 -0.121646
-1.53035 0.0111356 -0.121549
-1.53176 0.00417084 -0.121134
-1.53494 -0.00300636 -0.120413
-1.53973 -0.0103972 -0.119422
-1.54593 -0.0180069 -0.118205
-1.55331 -0.0258386 -0.116806
-1.56172 -0.0338895 -0.115264
-1.57114 -0.0421512 -0.113618
-1.5816 -0.0506125 -0.111923
-1.59317 -0.0592582 -0.110236
-1.60588 -0.0680668 -0.108613
-1.61977 -0.0770103 -0.107091
-1.63483 -0.0860564 -0.105687
-1.65096 -0.0951712 -0.104389
-1.66805 -0.104321 -0.103171
-1.68591 -0.113476 -0.102
-1.70442 -0.122607 -0.100851
-1.72347 -0.131689 -0.0997135
-1.74301 -0.140699 -0.0985868
-1.76296 -0.149616 -0.0974845
-1.78321 -0.158429 -0.096433
-1.80362 -0.167127 -0.0954752
-1.82407 -0.175707 -0.0946662
-1.84449 -0.18416 -0.0940591
-1.86492 -0.192475 -0.0936763
-1.88543 -0.200637 -0.0934902
-1.90606 -0.208631 -0.0934325
-1.92682 -0.216438 -0.0934191
-1.94763 -0.224034 -0.0933729
-1.96836 -0.231393 -0.0932293
-1.98886 -0.238481 -0.0929305
-2.00901 -0.245264 -0.0924244
-2.02869 -0.251704 -0.0916746
-2.04792 -0.257769 -0.0906703
-2.06679 -0.263434 -0.0894264
-2.08554 -0.268677 -0.0879778
-2.10442 -0.273487 -0.0863695
-2.12363 -0.277858 -0.0846567
-2.14328 -0.281788 -0.0829041
-2.16346 -0.285277 -0.081184
-2.18429 -0.288327 -0.0795573
-2.20593 -0.290938 -0.0780497
-2.22855 -0.293113 -0.0766403
-2.25231 -0.294855 -0.0752738
-2.27727 -0.29617 -0.0738925
-2.30345 -0.297055 -0.0724593
-2.33075 -0.29751 -0.0709634
-2.35906 -0.297526 -0.0694111
-2.38818 -0.297096 -0.0678119
-2.41789 -0.296212 -0.0661978
-2.44796 -0.294869 -0.0646679
-2.47819 -0.293066 -0.0633298
-2.50846 -0.290799 -0.0622363
-2.53869 -0.288069 -0.0614446
-2.56881 -0.284886 -0.0610352
-2.59872 -0.281271 -0.0610763
-2.62831 -0.277249 -0.0616031
-2.65752 -0.272839 -0.0625959
-2.68633 -0.268066 -0.0639726
-2.71475 -0.262958 -0.0655973
-2.74277 -0.257539 -0.0672943
-2.77039 -0.251831 -0.0688835
-2.79758 -0.245846 -0.0702115
-2.82422 -0.239586 -0.0711629
-2.85013 -0.233042 -0.0716606
-2.87498 -0.226198 -0.0716686
-2.89835 -0.219041 -0.0712071
-2.91979 -0.21156 -0.0703637
-2.93893 -0.203756 -0.0692833
-2.95553 -0.195638 -0.0681487
-2.96951 -0.187226 -0.0671503
-2.98083 -0.178549 -0.0664617
-2.98947 -0.169642 -0.0662267
-2.99539 -0.16055 -0.066536
-2.99858 -0.151319 -0.06741
-2.99911 -0.142 -0.0687894
-2.99712 -0.132648 -0.0705377
-2.99285 -0.123316 -0.0724655
-2.98658 -0.114056 -0.0743708
-2.97867 -0.104905 -0.0760723
-2.96951 -0.0958877 -0.0774427
-2.95952 -0.0870125 -0.0784129
-2.94908 -0.078276 -0.078979
-2.93856 -0.0696682 -0.0791965
-2.92829 -0.0611761 -0.0791568
-2.91853 -0.0527889 -0.0789862
-2.90949 -0.0445015 -0.0788224
-2.90127 -0.0363171 -0.0787935
-2.89391 -0.028251 -0.0790094
-2.88738 -0.0203322 -0.0795469
-2.88161 -0.0126009 -0.0804414
-2.87658 -0.00510755 -0.0816807
-2.87228 0.00209112 -0.0832075
-2.8687 0.00893774 -0.0849334
-2.8658 0.0153794 -0.0867591
-2.86355 0.0213714 -0.0885903
-2.86191 0.026882 -0.0903413
-2.86089 0.0318952 -0.0919334
-2.86049 0.0364114 -0.0933041
-2.86073 0.0404466 -0.0944162
-2.86156 0.0440291 -0.0952672
-2.86288 0.0471959 -0.0958939
-2.86462 0.0499882 -0.0963563
-2.86671 0.0524445 -0.0967238
-2.8691 0.0545952 -0.0970612
-2.87173 0.0564576 -0.0974231
-2.87449 0.058034 -0.0978556
-2.87724 0.0593127 -0.0983835
-2.87981 0.0602698 -0.0989959
-2.88206 0.0608724 -0.0996468
-2.88387 0.0610815 -0.100261
-2.88508 0.0608575 -0.100748
-2.88553 0.0601645 -0.101023
-2.88507 0.0589758 -0.101027
-2.88356 0.0572788 -0.100737
-2.88084 0.0550765 -0.100154
-2.87675 0.0523869 -0.0993159
-2.87111 0.0492391 -0.0982911
-2.86373 0.0456699 -0.0971783
-2.85451 0.0417211 -0.0960882
-2.84339 0.0374347 -0.095127
-2.83034 0.0328487 -0.0943837
-2.81533 0.0279937 -0.093923
-2.79826 0.0228903 -0.0937823
-2.77905 0.017549 -0.0939695
-2.75764 0.0119717 -0.0944576
-2.73407 0.00615324 -0.0951832
-2.70848 8.51719e-05 -0.0960535
-2.68106 -0.00624139 -0.0969569
-2.65198 -0.0128314 -0.0977811
-2.62139 -0.019681 -0.098434
-2.58943 -0.0267747 -0.0988582
-2.55628 -0.034085 -0.0990288
-2.52216 -0.0415734 -0.0989449
-2.48733 -0.0491941 -0.0986235
-2.45207 -0.0568964 -0.0981013
-2.41666 -0.064629 -0.0974282
-2.38136 -0.0723427 -0.0966594
-2.34639 -0.0799942 -0.0958502
-2.3119 -0.08755 -0.0950475
-2.27799 -0.0949874 -0.0942822
-2.24481 -0.102296 -0.0935704
-2.21251 -0.109474 -0.0928992
-2.18134 -0.116529 -0.092229
-2.15153 -0.123473 -0.0915191
-2.12329 -0.130319 -0.0907422
-2.09676 -0.137077 -0.0898893
-2.07207 -0.14375 -0.0889655
-2.04929 -0.150332 -0.0879871
-2.02845 -0.156812 -0.0869847
-2.00956 -0.16317 -0.0860073
-1.99262 -0.169375 -0.0851079
-1.97765 -0.175396 -0.0843396
-1.9647 -0.181199 -0.0837515
-1.9538 -0.186753 -0.0833809
-1.9449 -0.192028 -0.0832574
-1.93787 -0.197003 -0.0834041
-1.93251 -0.201663 -0.0838311
-1.92852 -0.206005 -0.0845241
-1.92564 -0.21003 -0.0854394
-1.92365 -0.213747 -0.0865057
-1.92234 -0.217168 -0.0876421
-1.92153 -0.220309 -0.0887741
-1.92098 -0.223182 -0.0898475
-1.9205 -0.225797 -0.0908329
-1.9199 -0.228159 -0.0917164
-1.91905 -0.230266 -0.0924897
-1.91785 -0.232114 -0.0931534
-1.9162 -0.233693 -0.0937164
-1.914 -0.234993 -0.0941927
-1.91119 -0.236 -0.0945968
-1.90778 -0.236702 -0.094935
-1.90377 -0.237089 -0.0952041
-1.89921 -0.237154 -0.0953974
-1.89414 -0.2369 -0.0955087
-1.88861 -0.236331 -0.0955292
-1.88274 -0.23546 -0.0954457
-1.87671 -0.234304 -0.0952422
-1.87072 -0.232882 -0.0949061
-1.86504 -0.231215 -0.0944298
-1.85989 -0.229327 -0.0938162
-1.85555 -0.22724 -0.0930783
-1.85229 -0.224972 -0.0922354
-1.85043 -0.222535 -0.0913163
-1.85026 -0.219939 -0.0903569
-1.85202 -0.21719 -0.089397
-1.8559 -0.21429 -0.0884855
-1.86203 -0.211242 -0.0876699
-1.8705 -0.208045 -0.0869866
-1.88128 -0.204695 -0.086463
-1.89428 -0.201192 -0.0861233
-1.90933 -0.19754 -0.0859902
-1.92621 -0.193742 -0.0860784
-1.94471 -0.189807 -0.0863945
-1.96462 -0.185741 -0.0869362
-1.98572 -0.181558 -0.087696
-2.00775 -0.177272 -0.0886633
-2.03042 -0.172899 -0.089824
-2.05341 -0.168456 -0.0911586
-2.07638 -0.163961 -0.0926385
-2.099 -0.159427 -0.094216
-2.12094 -0.154867 -0.0958284
-2.14187 -0.15029 -0.0974132
-2.16146 -0.1457 -0.0989111
-2.17946 -0.141099 -0.100278
-2.19569 -0.136484 -0.101479
-2.21002 -0.131846 -0.102491
-2.22237 -0.127176 -0.103308
-2.23271 -0.122466 -0.103924
-2.24105 -0.117707 -0.104339
-2.24746 -0.112895 -0.104565
-2.25207 -0.108025 -0.104613
-2.25507 -0.103099 -0.104492
-2.2567 -0.0981203 -0.1042
-2.25719 -0.0930999 -0.103728
-2.25676 -0.0880508 -0.103066
-2.25562 -0.0829892 -0.102208
-2.25395 -0.0779335 -0.101161
-2.25191 -0.0729037 -0.0999412
-2.24967 -0.0679204 -0.0985829
-2.24742 -0.0630014 -0.0971177
-2.24535 -0.0581616 -0.0955941
-2.24372 -0.0534133 -0.0940622
-2.24279 -0.0487647 -0.0925846
-2.24282 -0.0442225 -0.0912451
-2.24404 -0.0397948 -0.0901182
-2.24665 -0.0354916 -0.0892694
-2.25088 -0.0313239 -0.0887503
-2.25689 -0.0273057 -0.0885929
-2.26486 -0.0234552 -0.0888008
-2.27487 -0.0197933 -0.0893486
-2.28691 -0.0163429 -0.0901928
-2.30085 -0.0131258 -0.0912848
-2.31649 -0.0101599 -0.0925712
-2.33359 -0.00745843 -0.0939952
-2.35183 -0.00502792 -0.0955025
-2.37085 -0.00286902 -0.0970267
-2.3903 -0.000977264 -0.0985149
-2.40986 0.000658314 -0.0999523
-2.42928 0.00205564 -0.101316
-2.44838 0.00323739 -0.102581
-2.46698 0.00422505 -0.103734
-2.48493 0.00503503 -0.10477
-2.5021 0.00568029 -0.105694
-2.51837 0.00616921 -0.10649
-2.53368 0.00650418 -0.107126
-2.54796 0.00668036 -0.107571
-2.56111 0.00668585 -0.107783
-2.57305 0.00650506 -0.107729
-2.58372 0.00611848 -0.107384
-2.59312 0.0055044 -0.106747
-2.6013 0.00464412 -0.105834
-2.6084 0.00352278 -0.104668
-2.61453 0.00212989 -0.103284
-2.61977 0.000460934 -0.101728
-2.62418 -0.00148234 -0.100067
-2.62776 -0.00369247 -0.0983808
-2.63049 -0.00615903 -0.096727
-2.63234 -0.00886879 -0.0951539
-2.63329 -0.0118085 -0.0937154
-2.63336 -0.0149715 -0.0924449
-2.63264 -0.0183555 -0.091363
-2.63125 -0.0219595 -0.090494
-2.62933 -0.0257841 -0.0898662
-2.62703 -0.0298327 -0.0895006
-2.62448 -0.034109 -0.0894041
-2.62182 -0.0386156 -0.0895694
-2.61917 -0.0433511 -0.0899712
-2.61661 -0.0483089 -0.0905648
-2.61409 -0.0534769 -0.0912948
-2.6115 -0.0588362 -0.0920972
-2.60863 -0.0643612 -0.0928991
-2.60523 -0.0700204 -0.0936326
-2.60106 -0.0757781 -0.0942456
-2.59589 -0.0815961 -0.0947093
-2.58955 -0.0874375 -0.0950072
-2.5819 -0.093268 -0.0951352
-2.57287 -0.0990582 -0.0951065
-2.56238 -0.104787 -0.0949489
-2.55035 -0.110438 -0.0946976
-2.53673 -0.116001 -0.0943847
-2.52142 -0.121472 -0.0940358
-2.50435 -0.126847 -0.0936599
-2.48549 -0.13213 -0.0932468
-2.46481 -0.13732 -0.0927739
-2.44233 -0.142415 -0.092219
-2.41808 -0.147409 -0.091569
-2.39213 -0.152292 -0.0908246
-2.36463 -0.157048 -0.0899986
-2.33585 -0.161658 -0.0891112
-2.30618 -0.1661 -0.08818
-2.27613 -0.17035 -0.0872216
-2.2462 -0.174385 -0.0862527
-2.21689 -0.178184 -0.0852832
-2.18859 -0.181727 -0.0843201
-2.16161 -0.185001 -0.0833746
-2.13614 -0.187998 -0.0824646
-2.11231 -0.190714 -0.0816082
-2.09016 -0.193147 -0.0808227
-2.06964 -0.195299 -0.0801363
-2.05067 -0.197182 -0.0795905
-2.03315 -0.198803 -0.0792314
-2.017 -0.200169 -0.0791067
-2.00211 -0.201285 -0.0792612
-1.98841 -0.202158 -0.0797283
-1.97581 -0.202791 -0.0805256
-1.96424 -0.203185 -0.0816508
-1.95362 -0.203339 -0.0830778
-1.94392 -0.203248 -0.0847499
-1.93504 -0.202907 -0.0865851
-1.92686 -0.202309 -0.0884863
-1.91927 -0.201447 -0.090366
-1.91217 -0.200312 -0.0921572
-1.90551 -0.198896 -0.0938108
-1.89928 -0.197189 -0.0952956
-1.89342 -0.19519 -0.0965906
-1.88792 -0.192904 -0.0976856
-1.88273 -0.190346 -0.0985874
-1.87785 -0.187537 -0.0993168
-1.87329 -0.184505 -0.0998995
-1.8691 -0.181277 -0.100357
-1.86536 -0.177882 -0.100695
-1.8622 -0.174348 -0.100902
-1.85981 -0.170698 -0.100957
-1.85838 -0.166954 -0.100845
-1.85811 -0.163131 -0.100555
-1.85916 -0.159243 -0.100087
-1.86173 -0.155299 -0.0994464
-1.86596 -0.151306 -0.0986427
-1.87199 -0.147269 -0.097701
-1.8799 -0.143192 -0.0966646
-1.88976 -0.139086 -0.0955869
-1.90157 -0.134962 -0.0945259
-1.91529 -0.130832 -0.0934864
-1.93089 -0.126712 -0.0925425
-1.94836 -0.122618 -0.0918511
-1.9677 -0.118568 -0.0915192
-1.98889 -0.114586 -0.0916215
-2.01188 -0.110705 -0.0921765
-2.03653 -0.106948 -0.0931366
-2.06269 -0.103335 -0.0944128
-2.09013 -0.0998892 -0.0959207
-2.11859 -0.0966292 -0.0975716
-2.1478 -0.0935619 -0.0992382
-2.17745 -0.0906841 -0.100808
-2.20726 -0.0879836 -0.102219
-2.23696 -0.0854397 -0.103428
-2.26634 -0.0830271 -0.104419
-2.29522 -0.0807211 -0.105191
-2.32338 -0.0785 -0.105738
-2.35064 -0.0763473 -0.106073
-2.37677 -0.0742566 -0.106213
-2.40156 -0.0722299 -0.106191
-2.4248 -0.0702721 -0.106045
-2.44629 -0.0683956 -0.105807
-2.46584 -0.0666166 -0.105486
-2.48331 -0.0649477 -0.105057
-2.49865 -0.0634002 -0.104473
-2.51184 -0.0619843 -0.103691
-2.52294 -0.060705 -0.102686
-2.532 -0.0595604 -0.101451
-2.53911 -0.0585422 -0.0999873
-2.54438 -0.0576378 -0.0983137
-2.54795 -0.056831 -0.0964701
-2.54996 -0.0561036 -0.0945224
-2.55059 -0.0554391 -0.092556
-2.55009 -0.0548246 -0.090655
-2.54874 -0.054252 -0.0888949
-2.54684 -0.0537183 -0.087336
-2.54469 -0.0532265 -0.0860245
-2.54255 -0.0527879 -0.0849989
-2.54063 -0.0524198 -0.0842746
-2.53911 -0.0521446 -0.0838355
-2.53811 -0.0519886 -0.0836392
-2.53777 -0.0519781 -0.0836293
-2.53825 -0.0521359 -0.0837479
-2.53969 -0.0524775 -0.08394
-2.54217 -0.0530099 -0.0841578
-2.54574 -0.0537308 -0.0843671
-2.55034 -0.0546263 -0.0845559
-2.55587 -0.0556718 -0.0847355
-2.56223 -0.0568356 -0.0849308
-2.56931 -0.0580824 -0.0851676
-2.57701 -0.0593792 -0.0854635
-2.58524 -0.0606977 -0.0858265
-2.59395 -0.0620151 -0.0862618
-2.60305 -0.0633172 -0.0867714
-2.61247 -0.0645984 -0.0873409
-2.62206 -0.0658614 -0.0879373
-2.63164 -0.0671155 -0.0885122
-2.64104 -0.0683751 -0.0890113
-2.6501 -0.0696585 -0.0893879
-2.65874 -0.0709847 -0.0896053
-2.66692 -0.0723701 -0.0896342
-2.67464 -0.0738252 -0.0894549
-2.68184 -0.0753542 -0.0890677
-2.68845 -0.076955 -0.0885023
-2.69433 -0.0786186 -0.087815
-2.69937 -0.0803317 -0.0870781
-2.70348 -0.0820797 -0.0863636
-2.70665 -0.0838494 -0.0857303
-2.70891 -0.0856312 -0.0852208
-2.71033 -0.0874197 -0.0848617
-2.71101 -0.0892142 -0.0846661
-2.71105 -0.0910191 -0.0846309
-2.71052 -0.092843 -0.0847377
-2.70942 -0.0946979 -0.0849567
-2.70775 -0.0965987 -0.0852528
-2.70546 -0.09856 -0.0855944
-2.70253 -0.100594 -0.08595
-2.69894 -0.102706 -0.0862897
-2.69464 -0.104899 -0.0865929
-2.68956 -0.107168 -0.0868546
-2.68356 -0.109503 -0.0870893
-2.67643 -0.111887 -0.0873306
-2.66795 -0.114304 -0.087623
-2.65786 -0.116733 -0.0880099
-2.64591 -0.119155 -0.0885247
-2.6319 -0.121554 -0.0891848
-2.61563 -0.123919 -0.0899881
-2.59695 -0.126242 -0.090917
-2.57577 -0.128521 -0.0919424
-2.55202 -0.130755 -0.0930235
-2.52572 -0.132945 -0.0941132
-2.49691 -0.135093 -0.0951618
-2.46569 -0.137202 -0.0961206
-2.43219 -0.139271 -0.0969437
-2.39655 -0.141295 -0.097594
-2.35889 -0.143266 -0.0980486
-2.31941 -0.145175 -0.0983009
-2.27832 -0.147008 -0.0983595
-2.23592 -0.14875 -0.098241
-2.19257 -0.150385 -0.0979602
-2.14861 -0.151899 -0.0975351
-2.1044 -0.153278 -0.0969891
-2.06019 -0.15451 -0.0963456
-2.01613 -0.155588 -0.0956271
-1.97241 -0.156508 -0.0948653
-1.92931 -0.157268 -0.0940799
