8.00855e-07 -8.86767e-16 -0.0491414
-5.20913e-05 8.25965e-08 -0.049141
-0.00025946 4.16909e-07 -0.0491389
-0.000662037 -4.13176e-07 -0.0491342
-0.0012415 -8.48737e-06 -0.0491254
-0.0019614 -3.2047e-05 -0.0491065
-0.00274695 -7.29061e-05 -0.0490687
-0.00351187 -0.000125008 -0.0490096
-0.00421986 -0.000180626 -0.0489342
-0.00491577 -0.000232226 -0.0488449
-0.00570514 -0.000272746 -0.0487398
-0.00670458 -0.000299414 -0.0486181
-0.00802132 -0.000316991 -0.0484788
-0.0097353 -0.000338986 -0.0483152
-0.0118693 -0.000385726 -0.0481167
-0.0143593 -0.000477276 -0.0478768
-0.0170314 -0.000624202 -0.0475954
-0.0196433 -0.000822366 -0.0472751
-0.0219456 -0.00105323 -0.0469207
-0.0237208 -0.00128713 -0.0465421
-0.024806 -0.00149012 -0.0461533
-0.0251587 -0.00163439 -0.0457686
-0.0249037 -0.00170642 -0.0454004
-0.0242823 -0.00171086 -0.0450614
-0.0236043 -0.00167302 -0.0447681
-0.0231422 -0.0016377 -0.0445368
-0.0230104 -0.00165891 -0.0443789
-0.0231847 -0.00178228 -0.0443001
-0.0235526 -0.00202637 -0.0443024
-0.0239944 -0.00237194 -0.0443865
-0.0244921 -0.00276978 -0.0445511
-0.025109 -0.00315916 -0.0447863
-0.0258839 -0.00348402 -0.0450694
-0.0267583 -0.00370602 -0.0453683
-0.0275533 -0.00381099 -0.0456473
-0.0280655 -0.00380725 -0.045876
-0.0281946 -0.00372014 -0.0460374
-0.0279532 -0.00358205 -0.046132
-0.0274272 -0.00342172 -0.0461733
-0.0266928 -0.00325712 -0.046176
-0.0257383 -0.00309059 -0.0461469
-0.024456 -0.00290947 -0.0460877
-0.0226543 -0.00269326 -0.0460023
-0.0202275 -0.00242062 -0.0459023
-0.0172814 -0.00207331 -0.0458097
-0.0140536 -0.00164132 -0.045759
-0.010868 -0.00113458 -0.0457934
-0.00802322 -0.000592999 -0.0459481
-0.00565398 -8.03391e-05 -0.0462341
-0.00380586 0.000334127 -0.0466415
-0.0025417 0.00059926 -0.0471486
-0.00188986 0.000701455 -0.0477303
-0.00179999 0.00066218 -0.0483637
-0.00215802 0.000524708 -0.0490232
-0.00273171 0.000350848 -0.0496763
-0.00311778 0.00021328 -0.0502876
-0.00282579 0.000172887 -0.0508302
-0.00144479 0.000261665 -0.0512847
0.0013009 0.000482645 -0.0516341
0.00551387 0.00081746 -0.0518762
0.0110586 0.00123622 -0.0520319
0.0175636 0.00170673 -0.0521355
0.0244178 0.00219518 -0.052225
0.0309238 0.00266215 -0.0523406
0.036517 0.00306442 -0.0525193
0.0408227 0.00336208 -0.0527822
0.0436634 0.00352808 -0.05313
0.0449117 0.00355773 -0.0535526
0.0443011 0.00346862 -0.0540385
0.0416536 0.0032885 -0.0545692
0.0371687 0.00303771 -0.0551104
0.0314192 0.0027238 -0.0556044
0.0253509 0.00236505 -0.0559697
0.0200764 0.00201278 -0.056134
0.016466 0.00173787 -0.056067
0.0149439 0.00160659 -0.0557757
0.0155614 0.00166952 -0.0552868
0.0180346 0.00195142 -0.0546418
0.021695 0.00244503 -0.0538905
0.0256038 0.00310354 -0.0530857
0.0285923 0.00382145 -0.0522781
0.0296231 0.00443344 -0.0515113
0.0284078 0.00475947 -0.0508195
0.0254275 0.0046704 -0.0502238
0.0216608 0.00414161 -0.0497396
0.0180357 0.0032742 -0.0493894
0.0147977 0.00225721 -0.0492093
0.011548 0.00129403 -0.0492249
0.00764496 0.000537483 -0.0494174
0.00264988 4.55773e-05 -0.0497085
-0.00337301 -0.000223458 -0.0499745
-0.00996571 -0.000384488 -0.0500919
-0.0165859 -0.000591447 -0.0499839
-0.0228557 -0.000985215 -0.0496355
-0.0285663 -0.00163092 -0.0490816
-0.0333521 -0.0024815 -0.0483786
-0.0365316 -0.00339121 -0.047578
-0.0374639 -0.00416915 -0.0466999
-0.0358607 -0.00463896 -0.0457335
-0.032143 -0.00468683 -0.0446789
-0.0276285 -0.00429587 -0.0435795
-0.0238761 -0.00355923 -0.0425179
-0.0220805 -0.00267735 -0.0415905
-0.0228178 -0.00192901 -0.0408799
-0.0259005 -0.00158807 -0.0404297
-0.0307248 -0.00182578 -0.0402496
-0.0367441 -0.00265894 -0.0403302
-0.0436439 -0.00394074 -0.0406344
-0.0512539 -0.00540049 -0.0410892
-0.0592466 -0.0067291 -0.0415931
-0.0668924 -0.00766586 -0.0420544
-0.0731737 -0.00807205 -0.0424059
-0.0770679 -0.0079619 -0.0425536
-0.0778441 -0.00745538 -0.0424369
-0.0752196 -0.00672089 -0.0421204
-0.0692371 -0.00593833 -0.0417076
-0.0602667 -0.00524079 -0.0412865
-0.0490897 -0.00468978 -0.0409323
-0.0367279 -0.00428062 -0.0407001
-0.0244288 -0.00393475 -0.0406472
-0.0138187 -0.00354693 -0.040841
-0.00645889 -0.00307075 -0.0413173
-0.00326916 -0.00255184 -0.0420822
-0.00444453 -0.00210397 -0.0431161
-0.00945462 -0.00186213 -0.0443634
-0.0171597 -0.00193361 -0.0457564
-0.0262041 -0.00236646 -0.0471984
-0.035173 -0.00312454 -0.0485649
-0.042446 -0.00405923 -0.0497309
-0.0466473 -0.00491417 -0.0505925
-0.047197 -0.00537677 -0.0510598
-0.0442643 -0.00518021 -0.0510909
-0.0386753 -0.00422611 -0.0507326
-0.0315124 -0.00262951 -0.0500561
-0.0235509 -0.000671979 -0.0491262
-0.0152136 0.00128564 -0.0480266
-0.00678887 0.00290504 -0.0469017
0.00124872 0.0039463 -0.0458877
0.00796838 0.00431115 -0.0451071
0.0122503 0.00405513 -0.0446749
0.0132648 0.00336185 -0.044644
0.0106021 0.00248607 -0.0449956
0.00423245 0.00165808 -0.0456406
-0.0055307 0.000991609 -0.0464552
-0.0180851 0.000456154 -0.047322
-0.0324852 -8.64126e-05 -0.0481235
-0.0473923 -0.00080275 -0.0487427
-0.0611853 -0.00178896 -0.0491253
-0.0722323 -0.0029919 -0.0492551
-0.079337 -0.00423588 -0.0490901
-0.0819364 -0.0053356 -0.0484417
-0.0800187 -0.00612568 -0.0472728
-0.0739771 -0.00644668 -0.045726
-0.0645203 -0.00621523 -0.0438931
-0.0527803 -0.00549703 -0.0418858
-0.0401751 -0.0044968 -0.03993
-0.028153 -0.00346492 -0.0383174
-0.0180046 -0.00259855 -0.0372931
-0.010753 -0.0020355 -0.0368993
-0.00741697 -0.00188905 -0.0369687
-0.00887745 -0.00225104 -0.0373821
-0.0149734 -0.00318939 -0.0381859
-0.0244602 -0.00470473 -0.0393513
-0.0358661 -0.00668322 -0.0408256
-0.0475691 -0.00891114 -0.0424544
-0.0582525 -0.0110804 -0.044072
-0.0676903 -0.0128119 -0.0456417
-0.0761156 -0.0137487 -0.047007
-0.0838725 -0.0137162 -0.0480866
-0.0912873 -0.0128329 -0.0487337
-0.0977823 -0.0113837 -0.0487312
-0.102211 -0.00967541 -0.0480035
-0.103688 -0.00805214 -0.0466701
-0.10177 -0.0068175 -0.0448572
-0.096863 -0.00607586 -0.0426856
-0.0900407 -0.00571105 -0.040352
-0.0823557 -0.00544947 -0.0380995
-0.0749159 -0.00497033 -0.0361519
-0.0691058 -0.00405457 -0.0345651
-0.0658663 -0.00269258 -0.0333942
-0.0652099 -0.00110887 -0.0325894
-0.0668831 0.000324485 -0.0320779
-0.0706568 0.00122451 -0.0317559
-0.0760164 0.00128552 -0.0318027
-0.0822725 0.000316616 -0.0323342
-0.0887674 -0.00167569 -0.0333336
-0.0949475 -0.00441064 -0.0347762
-0.100433 -0.00742086 -0.036504
-0.10484 -0.0102257 -0.0383
-0.107618 -0.0124278 -0.0400297
-0.108363 -0.0137677 -0.0415917
-0.106901 -0.0142023 -0.0427335
-0.102924 -0.0139219 -0.0434097
-0.095722 -0.0132396 -0.0437482
-0.084237 -0.0124769 -0.0438562
-0.067733 -0.0119081 -0.0437708
-0.0464654 -0.0116505 -0.0436146
-0.0218377 -0.0115562 -0.0434994
0.00366162 -0.0112737 -0.0436374
0.026999 -0.010432 -0.0441375
0.0453904 -0.00885759 -0.0449164
0.0573611 -0.00668367 -0.0459142
0.0634691 -0.00421024 -0.0471012
0.0657051 -0.00182696 -0.0485474
0.0665302 -1.90476e-06 -0.0503274
0.0677756 0.000986914 -0.0523902
0.0701461 0.00118791 -0.0547391
0.0735355 0.00090162 -0.0575385
0.0769249 0.000690102 -0.0606356
0.0787796 0.00116044 -0.0637343
0.077923 0.00259236 -0.0662735
0.0742787 0.00491096 -0.0680679
0.0688733 0.00788899 -0.0691651
0.0632066 0.0111562 -0.0697857
0.0593594 0.0142095 -0.0698006
0.0588279 0.0166906 -0.0692556
0.0615311 0.0185186 -0.0685627
0.0665929 0.0197474 -0.0678006
0.0725275 0.0205469 -0.0669276
0.0774034 0.0212804 -0.0658278
0.0801534 0.0223174 -0.0645287
0.0811382 0.0237719 -0.0630363
0.0808103 0.0255033 -0.0614176
0.0790832 0.0272125 -0.0596741
0.0756495 0.0284935 -0.0579036
0.0702385 0.0289364 -0.0563528
0.0625758 0.0282551 -0.055393
0.0527947 0.0263007 -0.0550262
0.0416574 0.0230579 -0.0550011
0.0299684 0.0187455 -0.0550865
0.018658 0.0138401 -0.0551509
0.00823481 0.00892152 -0.0550017
-0.00196559 0.0044826 -0.0545906
-0.0129816 0.000857605 -0.0538755
-0.0257585 -0.00183385 -0.0528379
-0.0411546 -0.00379705 -0.0516941
-0.0593868 -0.00547688 -0.0505043
-0.0794981 -0.00734607 -0.0490175
-0.0995714 -0.0097944 -0.0470397
-0.117813 -0.0129916 -0.0446524
-0.132809 -0.0167823 -0.0418144
-0.143765 -0.0207739 -0.0384942
-0.151277 -0.024466 -0.035021
-0.155473 -0.0273405 -0.0318063
-0.155832 -0.0289691 -0.028817
-0.15259 -0.0291856 -0.0258696
-0.14625 -0.0282037 -0.023074
-0.137776 -0.0265325 -0.0208931
-0.129312 -0.0247387 -0.0196555
-0.123977 -0.0232213 -0.0191189
-0.124113 -0.0222889 -0.0188581
-0.130369 -0.0223091 -0.0188231
-0.142184 -0.023554 -0.0192364
-0.15843 -0.0258877 -0.019713
-0.177398 -0.028755 -0.0200976
-0.197582 -0.0316839 -0.0207658
-0.218317 -0.0343844 -0.0221991
-0.239016 -0.036408 -0.0244116
-0.25912 -0.0373699 -0.0267076
-0.277879 -0.037294 -0.0281945
-0.293151 -0.0363534 -0.028926
-0.301957 -0.034526 -0.0297311
-0.302854 -0.031805 -0.0305261
-0.296202 -0.0285351 -0.0308879
-0.283209 -0.0251835 -0.0308949
-0.26577 -0.0219486 -0.0308462
-0.246311 -0.0188664 -0.0307309
-0.226425 -0.0159355 -0.030367
-0.206195 -0.0130818 -0.0299444
-0.186036 -0.0102599 -0.0297936
-0.167095 -0.00755315 -0.0297735
-0.150028 -0.00505778 -0.0296774
-0.135732 -0.00279519 -0.0298081
-0.125295 -0.000856302 -0.0304857
-0.117645 0.000596157 -0.031574
-0.11019 0.00150142 -0.0328033
-0.101501 0.00194531 -0.034169
-0.0912673 0.00207017 -0.035865
-0.080016 0.00199211 -0.0379544
-0.0695232 0.00179896 -0.0401736
-0.0611734 0.00155757 -0.042426
-0.0540508 0.0012855 -0.0449008
-0.045884 0.00100099 -0.0474681
-0.0348172 0.000811586 -0.0502116
-0.0195056 0.000815998 -0.0529369
6.42678e-05 0.000947184 -0.0555487
0.0219499 0.00105048 -0.0582113
0.0447761 0.00103799 -0.0606357
0.0683228 0.000981961 -0.0626696
0.0922773 0.00108383 -0.0645754
0.11668 0.00158011 -0.0662858
0.141179 0.00267625 -0.0675116
0.163894 0.00440465 -0.0685093
0.182886 0.00663529 -0.0694437
0.197673 0.00921039 -0.0700994
0.208243 0.0119014 -0.0705374
0.214705 0.0143936 -0.0711652
0.217612 0.0164863 -0.071926
0.217293 0.0181388 -0.0726405
0.21336 0.0193354 -0.0735167
0.205294 0.0201141 -0.0745214
0.193665 0.0206086 -0.0752429
0.179949 0.0209847 -0.0755316
0.165514 0.0214206 -0.0755721
0.151603 0.0221176 -0.0753666
0.139036 0.0232098 -0.0747458
0.127256 0.0246613 -0.0738351
0.114968 0.0263162 -0.0726899
0.101502 0.0279882 -0.0711296
0.0868969 0.0294672 -0.0691203
0.0718076 0.0305254 -0.0669387
0.0574327 0.030946 -0.0647137
0.044706 0.0305749 -0.0623458
0.033391 0.0293772 -0.059835
0.0225193 0.0274292 -0.0572142
0.0115498 0.024863 -0.0545339
0.000215353 0.0218979 -0.0520272
-0.0117459 0.0188479 -0.0498495
-0.0243802 0.015955 -0.0479235
-0.0377355 0.0132781 -0.0460034
-0.0523626 0.0106932 -0.0439985
-0.0692153 0.00795552 -0.0422477
-0.0885977 0.00481338 -0.0406738
-0.109739 0.00107458 -0.0391599
-0.131326 -0.00337184 -0.0377359
-0.151802 -0.00851242 -0.0363885
-0.16951 -0.0141594 -0.0351409
-0.18359 -0.0199783 -0.0338974
-0.194141 -0.0255893 -0.0325935
-0.200797 -0.0306529 -0.0312218
-0.202429 -0.0348787 -0.0298633
-0.198256 -0.0380292 -0.0284452
-0.187646 -0.0400138 -0.0269558
-0.169534 -0.040935 -0.0255678
-0.143505 -0.0410247 -0.0244011
-0.110111 -0.0405859 -0.0234755
-0.069699 -0.039902 -0.0230376
-0.0221666 -0.0390617 -0.0229826
0.0319904 -0.0379185 -0.0230579
0.0917443 -0.0364021 -0.0237076
0.1569 -0.0346264 -0.0253318
0.227899 -0.0325436 -0.0277617
0.305011 -0.0299812 -0.0303873
0.38851 -0.0268473 -0.0335451
0.478106 -0.0230463 -0.0374146
0.573068 -0.018545 -0.0420947
0.673312 -0.0134261 -0.0474522
0.779231 -0.00780566 -0.0535356
0.891784 -0.0017499 -0.060205
1.0119 0.00477801 -0.0667862
1.13957 0.0118293 -0.0733849
1.27437 0.0194893 -0.0798565
1.41597 0.0280778 -0.085764
1.56412 0.0379936 -0.0910596
1.71844 0.0492312 -0.0958997
1.87878 0.0614611 -0.100176
2.04558 0.0744679 -0.103816
2.2191 0.0880513 -0.107007
2.39962 0.101753 -0.109984
2.58805 0.115005 -0.112694
2.78588 0.127407 -0.115029
2.9939 0.138755 -0.116965
3.21218 0.148956 -0.118634
3.44093 0.158082 -0.120078
3.68021 0.166407 -0.12133
3.92945 0.17426 -0.122342
4.18827 0.181879 -0.123047
4.45681 0.189504 -0.123296
4.73487 0.197417 -0.123031
5.02157 0.205761 -0.122297
5.31557 0.214505 -0.121218
5.61462 0.223533 -0.119798
5.91489 0.232629 -0.118124
6.21161 0.24148 -0.116415
6.49988 0.249779 -0.114915
6.77467 0.257298 -0.11374
7.03093 0.26383 -0.112895
7.26395 0.269179 -0.112453
7.4696 0.273187 -0.112482
7.64421 0.275748 -0.112958
7.78471 0.276789 -0.113811
7.88894 0.276277 -0.114874
7.95547 0.274229 -0.11601
7.98377 0.270673 -0.117068
7.97468 0.265634 -0.118018
7.93032 0.259208 -0.11891
7.85377 0.251584 -0.119618
7.74835 0.242948 -0.120101
7.6173 0.233469 -0.120302
7.46409 0.223398 -0.120167
7.2925 0.213038 -0.119576
7.10583 0.202553 -0.118253
6.90625 0.19197 -0.116007
6.69723 0.181379 -0.112698
6.48564 0.170919 -0.10864
6.28056 0.160617 -0.104581
6.09329 0.150246 -0.101179
5.93438 0.139413 -0.0982675
5.81005 0.127842 -0.0950962
5.7235 0.115539 -0.0904131
5.67648 0.102723 -0.0835364
5.66994 0.0897912 -0.0752953
5.70396 0.0772082 -0.067266
5.77644 0.0650615 -0.0601479
5.88313 0.0528788 -0.0520945
6.01668 0.0400084 -0.0406168
6.16103 0.0266228 -0.0251903
6.29958 0.0138003 -0.00869377
6.42231 0.00193879 0.012243
6.52075 -0.00925552 0.0399244
6.58851 -0.0197183 0.0660871
6.62088 -0.0288167 0.0880166
6.61492 -0.0358617 0.107865
6.56764 -0.0407463 0.12632
6.47625 -0.0439968 0.141941
6.3378 -0.0465251 0.15196
6.14926 -0.0491508 0.157286
5.90888 -0.0525095 0.159522
5.61492 -0.0572803 0.156669
5.26674 -0.0643132 0.146363
4.86564 -0.0743997 0.128863
4.4151 -0.0878727 0.105549
3.92018 -0.104813 0.0756357
3.38848 -0.126042 0.0472245
2.83625 -0.150668 0.0325542
2.2758 -0.173628 0.0267853
1.70156 -0.192288 0.0274198
1.10459 -0.20836 0.0398651
0.486862 -0.222317 0.0661791
-0.139735 -0.233532 0.110263
-0.762841 -0.241637 0.162381
-1.37547 -0.246602 0.206497
-1.97338 -0.248615 0.249925
-2.55129 -0.247904 0.302471
-3.10709 -0.245074 0.360332
-3.64057 -0.241737 0.41521
-4.14643 -0.240626 0.464944
-4.61524 -0.243727 0.514363
-5.0398 -0.250774 0.56638
-5.41824 -0.260674 0.620089
-5.75325 -0.272719 0.672138
-6.04933 -0.286117 0.723804
-6.31066 -0.300188 0.775575
-6.54168 -0.314659 0.82824
-6.74396 -0.329417 0.885562
-6.91379 -0.344544 0.944364
-7.04742 -0.360232 1.0046
-7.14683 -0.37598 1.0651
-7.22891 -0.390535 1.12449
-7.31386 -0.402525 1.18916
-7.41225 -0.411082 1.2564
-7.53038 -0.415988 1.31999
-7.66756 -0.417593 1.37936
-7.82141 -0.416685 1.43805
-7.98886 -0.414179 1.49911
-8.16668 -0.410788 1.55905
-8.35104 -0.40685 1.60618
-8.53558 -0.402688 1.63407
-8.71773 -0.398687 1.64175
-8.9001 -0.395095 1.63587
-9.08822 -0.392228 1.63283
-9.28562 -0.390802 1.64222
-9.49215 -0.392009 1.66596
-9.70616 -0.397029 1.69777
-9.92667 -0.406435 1.72833
-10.1528 -0.420312 1.75209
-10.3825 -0.43869 1.76779
-10.6131 -0.461439 1.77774
-10.8417 -0.487889 1.78359
-11.0652 -0.517004 1.78731
-11.28 -0.547947 1.79033
-11.4836 -0.580198 1.79294
-11.6751 -0.613226 1.79431
-11.8555 -0.646313 1.79428
-12.0276 -0.678706 1.79343
-12.194 -0.70978 1.79222
-12.3567 -0.738938 1.79093
-12.5177 -0.765469 1.78888
-12.6794 -0.788688 1.78519
-12.8438 -0.808162 1.77917
-13.0114 -0.823742 1.77078
-13.1812 -0.835343 1.76128
-13.3517 -0.842793 1.75241
-13.5208 -0.845876 1.74482
-13.6859 -0.844443 1.73796
-13.8443 -0.83852 1.73126
-13.9932 -0.828366 1.72498
-14.1306 -0.814471 1.71975
-14.2544 -0.797486 1.7156
-14.3627 -0.778159 1.71174
-14.4544 -0.757329 1.70768
-14.5286 -0.7359 1.70326
-14.5845 -0.714712 1.69842
-14.6207 -0.694378 1.69279
-14.6357 -0.675295 1.68563
-14.6281 -0.657875 1.67707
-14.5968 -0.642667 1.66766
-14.5401 -0.630294 1.6574
-14.4569 -0.621309 1.64561
-14.3464 -0.616015 1.63179
-14.2089 -0.614386 1.61624
-14.0453 -0.616098 1.59958
-13.8572 -0.620587 1.58176
-13.6468 -0.627145 1.56222
-13.4172 -0.634956 1.54123
-13.1718 -0.643104 1.51927
-12.9134 -0.65069 1.4959
-12.6441 -0.656877 1.47103
-12.3661 -0.660871 1.44457
-12.0829 -0.661953 1.41586
-11.799 -0.659575 1.38427
-11.5188 -0.65342 1.34944
-11.2459 -0.643405 1.31154
-10.9831 -0.629661 1.27094
-10.7326 -0.612475 1.22761
-10.4958 -0.592213 1.18144
-10.2731 -0.569348 1.13272
-10.0637 -0.544543 1.0818
-9.86588 -0.518591 1.02894
-9.67696 -0.492315 0.974251
-9.4935 -0.466491 0.917895
-9.31159 -0.441856 0.860573
-9.12766 -0.41917 0.802232
-8.93886 -0.399156 0.743423
-8.7427 -0.382851 0.685476
-8.53643 -0.372377 0.628421
-8.31826 -0.36927 0.571812
-8.08722 -0.373496 0.516366
-7.84221 -0.384728 0.463785
-7.58307 -0.402467 0.415459
-7.31099 -0.425801 0.372263
-7.02836 -0.45217 0.334918
-6.73866 -0.47748 0.30202
-6.44553 -0.4982 0.272227
-6.1522 -0.511617 0.245568
-5.86157 -0.514919 0.221483
-5.57596 -0.505491 0.199325
-5.29677 -0.481915 0.178275
-5.02405 -0.444666 0.157967
-4.7568 -0.395738 0.138357
-4.49373 -0.337823 0.11952
-4.23367 -0.274179 0.101441
-3.97571 -0.208701 0.0840212
-3.71865 -0.145525 0.06699
-3.46072 -0.0883036 0.0498285
-3.19984 -0.0398036 0.0317542
-2.93381 -0.00183768 0.0121417
-2.66119 0.0248922 -0.00916191
-2.38192 0.0410223 -0.0318068
-2.097 0.0485553 -0.0550865
-1.80846 0.050667 -0.0781284
-1.51956 0.0514055 -0.100025
-1.235 0.0553018 -0.120529
-0.959506 0.0664692 -0.139634
-0.69477 0.0877111 -0.15674
-0.439855 0.120249 -0.170029
-0.193362 0.163419 -0.175621
0.045796 0.214784 -0.175822
0.277968 0.270509 -0.174154
0.50355 0.325404 -0.171213
0.722989 0.374608 -0.16848
0.936661 0.415421 -0.166497
1.14641 0.446506 -0.16629
1.35476 0.467018 -0.167913
1.56248 0.47709 -0.170963
1.76851 0.478109 -0.174647
1.97113 0.472554 -0.178125
2.16869 0.463602 -0.181023
2.35966 0.454695 -0.183338
2.54292 0.448926 -0.185128
2.71768 0.448659 -0.186525
2.88341 0.455338 -0.187542
3.03977 0.469145 -0.188052
3.18648 0.489191 -0.188037
3.32353 0.513787 -0.187538
3.45152 0.540435 -0.186572
3.57153 0.566183 -0.185304
3.68503 0.58811 -0.184023
3.79334 0.603751 -0.183121
3.89722 0.611456 -0.182999
3.99666 0.610558 -0.183944
4.09076 0.601407 -0.185991
4.17804 0.585317 -0.188829
4.25687 0.564355 -0.191903
4.32582 0.541037 -0.194701
4.38376 0.518011 -0.196876
4.4296 0.49766 -0.198251
4.46242 0.481712 -0.198802
4.48183 0.470998 -0.198592
4.48847 0.465386 -0.197633
4.48439 0.463853 -0.195855
4.47238 0.464656 -0.19324
4.45516 0.465645 -0.18995
4.435 0.464625 -0.186308
4.41396 0.459693 -0.182713
4.39413 0.449499 -0.179536
4.3774 0.433364 -0.176988
4.36509 0.411348 -0.175021
4.35778 0.384288 -0.173376
4.35525 0.35372 -0.171778
4.35676 0.321671 -0.169943
4.36142 0.290346 -0.167531
4.36804 0.261786 -0.164224
4.37526 0.237533 -0.15984
4.38189 0.218378 -0.154328
4.38725 0.20428 -0.147729
4.39155 0.19443 -0.140196
4.3955 0.187393 -0.131999
4.39985 0.181322 -0.123484
4.40495 0.174261 -0.115048
4.41084 0.164516 -0.106997
4.41752 0.150954 -0.0994786
4.42488 0.133098 -0.0924804
4.43228 0.111169 -0.08587
4.43842 0.0860242 -0.0795402
4.44152 0.059025 -0.0734044
4.43959 0.0318247 -0.0674105
4.43044 0.00610179 -0.0615522
4.41163 -0.016687 -0.0558586
4.38055 -0.0354676 -0.0504426
4.33453 -0.0496427 -0.0454626
4.27116 -0.0591506 -0.0410829
4.18856 -0.0644525 -0.0374295
4.08549 -0.0664511 -0.0347795
3.96148 -0.0663847 -0.0334257
3.81683 -0.0657034 -0.0335175
3.65254 -0.0658851 -0.0350438
3.47036 -0.068211 -0.0377374
3.2727 -0.0735985 -0.041206
3.06238 -0.0824849 -0.0450124
2.84227 -0.0947173 -0.0487957
2.61517 -0.109558 -0.0523862
2.3836 -0.125838 -0.055798
2.14959 -0.142137 -0.0590073
1.91446 -0.15695 -0.0618662
1.67926 -0.168869 -0.0641054
1.44531 -0.17678 -0.0654185
1.21429 -0.180096 -0.065577
0.98847 -0.179005 -0.0643969
0.770521 -0.174456 -0.0617358
0.563019 -0.167678 -0.0576723
0.368302 -0.159824 -0.0523711
0.188583 -0.152212 -0.0458598
0.0256108 -0.1464 -0.0378522
-0.120076 -0.143669 -0.0282187
-0.249548 -0.144673 -0.0175502
-0.365662 -0.14941 -0.00637695
-0.472773 -0.1573 0.00520062
-0.575087 -0.167648 0.0173498
-0.675639 -0.179783 0.0304912
-0.777065 -0.192756 0.0445686
-0.88164 -0.205683 0.0600538
-0.99059 -0.218114 0.0783492
-1.10488 -0.229659 0.101135
-1.22553 -0.239745 0.129275
-1.35208 -0.247926 0.16107
-1.48247 -0.254149 0.194178
-1.61424 -0.258696 0.227456
-1.74523 -0.262052 0.260364
-1.87428 -0.264855 0.29221
-2.00126 -0.267696 0.322402
-2.12653 -0.271022 0.350921
-2.2508 -0.275191 0.377825
-2.3754 -0.280437 0.403099
-2.50169 -0.286776 0.426777
-2.62993 -0.294071 0.44885
-2.75906 -0.302254 0.469178
-2.88741 -0.311455 0.487396
-3.01333 -0.32197 0.503239
-3.13524 -0.334133 0.516841
-3.25127 -0.348205 0.528527
-3.35948 -0.364385 0.538612
-3.4584 -0.382925 0.54736
-3.54698 -0.404048 0.554723
-3.62519 -0.427356 0.560067
-3.69427 -0.451724 0.5631
-3.75579 -0.476271 0.56459
-3.81132 -0.500608 0.565169
-3.86265 -0.524424 0.564639
-3.91182 -0.547351 0.562937
-3.96115 -0.56882 0.560546
-4.01333 -0.588228 0.557898
-4.07087 -0.605065 0.555701
-4.13546 -0.618951 0.554899
-4.20771 -0.629651 0.555838
-4.28755 -0.637011 0.557747
-4.37433 -0.641039 0.559703
-4.46661 -0.641925 0.561611
-4.56195 -0.63994 0.563301
-4.65727 -0.635297 0.564553
-4.74918 -0.628145 0.565689
-4.83364 -0.618681 0.567276
-4.90691 -0.607155 0.569947
-4.96745 -0.593837 0.574118
-5.01592 -0.578947 0.579672
-5.05374 -0.562606 0.586202
-5.08239 -0.544972 0.593445
-5.10414 -0.526432 0.601717
-5.12267 -0.507555 0.611513
-5.14269 -0.488877 0.622635
-5.16913 -0.470742 0.634287
-5.20596 -0.453267 0.645782
-5.25526 -0.436484 0.656906
-5.31742 -0.42051 0.667795
-5.39182 -0.405583 0.678572
-5.477 -0.391895 0.689337
-5.57036 -0.379406 0.700202
-5.66815 -0.367785 0.711271
-5.76613 -0.356548 0.722485
-5.86067 -0.345229 0.73364
-5.94977 -0.333373 0.744662
-6.03296 -0.320563 0.75568
-6.11092 -0.306517 0.766893
-6.18489 -0.2911 0.778349
-6.25619 -0.2743 0.789985
-6.32621 -0.256201 0.801773
-6.39659 -0.236972 0.813589
-6.46922 -0.21687 0.8251
-6.54574 -0.196192 0.835965
-6.62665 -0.175279 0.846176
-6.711 -0.154565 0.856022
-6.79668 -0.134496 0.86572
-6.88107 -0.115436 0.875376
-6.96178 -0.0977275 0.885038
-7.03682 -0.0817419 0.894731
-7.10442 -0.0678385 0.904408
-7.16319 -0.0563119 0.91397
-7.21246 -0.0473957 0.923268
-7.25282 -0.0412549 0.932155
-7.28586 -0.0379464 0.940543
-7.31321 -0.0374418 0.948369
-7.33587 -0.0396851 0.955565
-7.35415 -0.0446584 0.961931
-7.36809 -0.0524246 0.967227
-7.37807 -0.0630931 0.971456
-7.3845 -0.0767557 0.974926
-7.38718 -0.0934139 0.97788
-7.38485 -0.112927 0.98039
-7.37552 -0.13503 0.982506
-7.35743 -0.159398 0.984276
-7.32978 -0.185702 0.985766
-7.29264 -0.213619 0.987005
-7.24653 -0.2428 0.987958
-7.1921 -0.27282 0.988546
-7.13044 -0.303176 0.988584
-7.06326 -0.333329 0.987909
-6.99258 -0.362799 0.986368
-6.92008 -0.391214 0.983753
-6.84646 -0.418322 0.979957
-6.77147 -0.444012 0.974916
-6.69422 -0.46833 0.968605
-6.61381 -0.491446 0.961064
-6.52928 -0.513605 0.95235
-6.43928 -0.535056 0.942502
-6.34202 -0.555996 0.931558
-6.23579 -0.576563 0.919555
-6.11979 -0.596853 0.906506
-5.99433 -0.616922 0.892364
-5.86035 -0.636778 0.877016
-5.71871 -0.656373 0.860342
-5.56982 -0.675604 0.842183
-5.414 -0.694324 0.82237
-5.25175 -0.71235 0.800777
-5.08373 -0.72946 0.777287
-4.91024 -0.745416 0.751896
-4.73101 -0.759985 0.724605
-4.54548 -0.772932 0.695336
-4.35327 -0.784026 0.664118
-4.15434 -0.793069 0.631123
-3.94924 -0.799869 0.596546
-3.73922 -0.804228 0.560444
-3.52627 -0.805943 0.52279
-3.31337 -0.80478 0.483901
-3.10425 -0.800529 0.44432
-2.90323 -0.793066 0.40454
-2.71522 -0.782169 0.365163
-2.54468 -0.767655 0.326202
-2.39487 -0.749839 0.287962
-2.26818 -0.729098 0.25283
-2.16595 -0.705944 0.225085
-2.08604 -0.681268 0.202177
-2.02407 -0.655821 0.182657
-1.97618 -0.630372 0.167691
-1.93904 -0.605188 0.154624
-1.91 -0.579357 0.142122
-1.88639 -0.551781 0.129351
-1.86497 -0.522089 0.116399
-1.84151 -0.490562 0.103474
-1.81103 -0.457803 0.0906999
-1.76833 -0.42388 0.0776024
-1.70895 -0.388229 0.0635546
-1.63006 -0.350329 0.0479931
-1.53027 -0.309921 0.0309803
-1.40953 -0.26718 0.0131215
-1.26925 -0.222654 -0.00471582
-1.11208 -0.176938 -0.0220756
-0.940608 -0.130519 -0.0387399
-0.756673 -0.0838143 -0.0543667
-0.561453 -0.0375262 -0.0684781
-0.357081 0.00711393 -0.0791283
-0.147476 0.0492952 -0.0854905
0.0649413 0.0888399 -0.088549
0.280102 0.126063 -0.0894242
0.498912 0.161463 -0.089316
0.722249 0.194535 -0.0878416
0.949127 0.224849 -0.0842892
1.1776 0.252876 -0.0784832
1.40591 0.279142 -0.0709474
1.63303 0.303961 -0.0631101
1.85835 0.327385 -0.0563334
2.08092 0.349371 -0.0512483
2.29941 0.369936 -0.0478738
2.51304 0.388948 -0.0458706
2.72195 0.406165 -0.0452258
2.92673 0.421587 -0.0465278
3.12797 0.435441 -0.050193
3.32581 0.447885 -0.0561587
3.51967 0.458995 -0.0639269
3.70826 0.46884 -0.0728761
3.88975 0.477318 -0.0824761
4.06187 0.484205 -0.0923648
4.22249 0.489362 -0.102094
4.37035 0.492708 -0.111243
4.50514 0.494111 -0.119429
4.62747 0.493344 -0.126496
4.73885 0.490133 -0.132359
4.84101 0.484289 -0.137131
4.93502 0.475746 -0.141311
5.02105 0.464549 -0.145082
5.09925 0.450902 -0.148515
5.17045 0.435201 -0.151656
5.23622 0.418016 -0.154397
5.29855 0.40005 -0.156611
5.35892 0.381999 -0.158125
5.41775 0.3645 -0.158802
5.47486 0.34814 -0.158631
5.52971 0.333341 -0.157604
5.58182 0.320287 -0.155759
5.63127 0.308948 -0.153173
5.6785 0.299122 -0.149895
5.72402 0.29045 -0.146039
5.76812 0.282464 -0.141762
5.8107 0.274673 -0.137288
5.85141 0.266618 -0.132871
5.88983 0.257936 -0.128615
5.92592 0.248434 -0.12494
5.95982 0.238096 -0.121089
5.98992 0.226987 -0.116914
6.01275 0.215291 -0.113565
6.02687 0.203288 -0.110631
6.03375 0.191256 -0.107434
6.03473 0.179479 -0.104113
6.02992 0.168276 -0.100853
6.01889 0.157921 -0.0973498
6.0016 0.148512 -0.093642
5.97894 0.139975 -0.0897685
5.95257 0.132144 -0.0855619
5.92388 0.124815 -0.0809055
5.89348 0.11773 -0.0756874
5.86153 0.110598 -0.069961
5.82804 0.103186 -0.0638628
5.79304 0.0953554 -0.0575372
5.75609 0.0870847 -0.0514155
5.71578 0.0785657 -0.0457491
5.67006 0.0702199 -0.0404863
5.61724 0.0625063 -0.0356851
5.55609 0.0558321 -0.0313491
5.48552 0.050605 -0.0275068
5.40393 0.0471718 -0.0241569
5.30847 0.0456841 -0.0214468
5.1959 0.0460827 -0.0194842
5.06387 0.0481411 -0.0183614
4.9112 0.0515034 -0.0182952
4.73735 0.0556863 -0.0194205
4.54217 0.0600752 -0.0217831
4.32617 0.0639963 -0.0252226
4.09089 0.0667997 -0.0292522
3.839 0.0678961 -0.0333038
3.57377 0.0668352 -0.0370505
3.2983 0.0634443 -0.0405086
3.01508 0.0578613 -0.0438832
2.72573 0.0504443 -0.0474028
2.4312 0.0416908 -0.0511129
2.13257 0.0322834 -0.0546794
1.83133 0.0231194 -0.0572498
1.52889 0.0150771 -0.0576637
1.22629 0.00861374 -0.0548019
0.924683 0.00367044 -0.0460305
0.626067 -0.000123903 -0.031846
0.332917 -0.00324006 -0.0147648
0.0478084 -0.00609327 0.00497217
-0.226768 -0.00921117 0.0264958
-0.488933 -0.0133464 0.0488531
-0.737882 -0.0192117 0.0714757
-0.973343 -0.0273086 0.0939329
-1.19498 -0.0380143 0.11579
-1.40263 -0.0515873 0.136848
-1.59642 -0.0680012 0.157478
-1.77705 -0.0869189 0.178471
-1.94551 -0.107901 0.2008
-2.10245 -0.130551 0.226541
-2.2483 -0.154349 0.259093
-2.38359 -0.17842 0.301406
-2.50843 -0.20197 0.351573
-2.62274 -0.224845 0.404848
-2.72694 -0.246875 0.458914
-2.82211 -0.2673 0.512937
-2.91005 -0.28554 0.566006
-2.99314 -0.301669 0.616968
-3.07386 -0.315971 0.665084
-3.1543 -0.328603 0.710085
-3.23618 -0.339708 0.751926
-3.32134 -0.349616 0.790714
-3.41162 -0.358819 0.826543
-3.50867 -0.367818 0.859501
-3.61347 -0.37711 0.889775
-3.72614 -0.387218 0.917558
-3.84596 -0.398677 0.943045
-3.97149 -0.412018 0.966273
-4.10097 -0.42775 0.987117
-4.2327 -0.446335 1.0056
-4.36536 -0.468157 1.02166
-4.49797 -0.493486 1.03449
-4.62974 -0.522446 1.04412
-4.76007 -0.555035 1.05093
-4.88845 -0.591105 1.05483
-5.01446 -0.630334 1.05614
-5.13751 -0.672294 1.05505
-5.25681 -0.716438 1.05184
-5.37162 -0.762031 1.04675
-5.48128 -0.808143 1.0402
-5.58514 -0.853726 1.0328
-5.68266 -0.897699 1.02542
-5.77349 -0.939076 1.01871
-5.85793 -0.977084 1.01222
-5.93712 -1.01095 1.0065
-6.01275 -1.03978 1.00294
-6.08609 -1.06288 1.00115
-6.15781 -1.07984 1.00028
-6.22826 -1.09052 1.00078
-6.29742 -1.09483 1.00298
-6.36452 -1.09276 1.00614
-6.42797 -1.08453 1.00971
-6.4863 -1.07066 1.01384
-6.53859 -1.05181 1.019
-6.58394 -1.02867 1.0253
-6.62084 -1.00195 1.03232
-6.64726 -0.972469 1.03947
-6.66138 -0.941177 1.04671
-6.6622 -0.908982 1.05445
-6.64954 -0.876652 1.06238
-6.62385 -0.844847 1.07024
-6.58592 -0.814109 1.07784
-6.53698 -0.784873 1.08454
-6.4789 -0.757569 1.09001
-6.41418 -0.732553 1.09386
-6.34531 -0.709963 1.09567
-6.2742 -0.689736 1.09502
-6.20243 -0.671713 1.09167
-6.13216 -0.655653 1.08571
-6.06585 -0.641252 1.07734
-6.00544 -0.62825 1.06682
-5.95178 -0.61649 1.05434
-5.90466 -0.60588 1.04002
-5.8634 -0.596364 1.02398
-5.82739 -0.587872 1.00624
-5.79604 -0.5803 0.986835
-5.76844 -0.573509 0.965778
-5.74307 -0.567376 0.943046
-5.71808 -0.561818 0.918595
-5.69188 -0.556783 0.89244
-5.66344 -0.552256 0.864669
-5.63197 -0.548262 0.835334
-5.59642 -0.544853 0.804473
-5.55516 -0.542125 0.77217
-5.50637 -0.54022 0.738726
-5.44858 -0.539325 0.704637
-5.38078 -0.539656 0.670314
-5.30234 -0.541398 0.63615
-5.21255 -0.544695 0.602593
-5.11043 -0.549562 0.570259
-4.99499 -0.555969 0.539867
-4.86575 -0.563918 0.512087
-4.72292 -0.573178 0.486556
-4.56709 -0.583238 0.462629
-4.39856 -0.593683 0.43918
-4.21738 -0.604294 0.415279
-4.02399 -0.614802 0.391337
-3.81924 -0.625059 0.367656
-3.60421 -0.635208 0.344696
-3.37998 -0.645445 0.322828
-3.1478 -0.655702 0.302005
-2.90918 -0.665565 0.282134
-2.66581 -0.67462 0.263058
-2.41944 -0.682636 0.244543
-2.17177 -0.689468 0.226483
-1.92449 -0.695131 0.20895
-1.67951 -0.699843 0.192259
-1.43854 -0.703765 0.176623
-1.20258 -0.706834 0.162023
-0.972451 -0.708919 0.148096
-0.74914 -0.709763 0.134577
-0.53374 -0.708847 0.121557
-0.327038 -0.705567 0.109488
-0.129182 -0.69959 0.0983342
0.0601674 -0.690771 0.0875021
0.241384 -0.678844 0.0768502
0.414632 -0.663574 0.0663786
0.579986 -0.645013 0.0560084
0.737829 -0.623387 0.045693
0.888987 -0.599027 0.0355101
1.03416 -0.57236 0.0254406
1.17359 -0.543766 0.0154288
1.30743 -0.513491 0.00548903
1.43594 -0.481651 -0.00441862
1.55946 -0.448256 -0.0143175
1.67827 -0.413219 -0.0241626
1.79252 -0.376364 -0.0339172
1.90213 -0.337477 -0.0435914
2.00685 -0.296403 -0.0531926
2.10644 -0.253108 -0.062673
2.20063 -0.207729 -0.0719884
2.28919 -0.160571 -0.0811111
2.37199 -0.112071 -0.0899953
2.44895 -0.0627116 -0.0986001
2.51993 -0.0129827 -0.106977
2.58481 0.0365927 -0.115245
2.64353 0.0854711 -0.123458
2.69607 0.133207 -0.131565
2.74257 0.179561 -0.139485
2.78336 0.224484 -0.147206
2.81902 0.268054 -0.154772
2.85023 0.310454 -0.162187
2.87771 0.351904 -0.169392
2.9022 0.392558 -0.176298
2.92444 0.432491 -0.182811
2.94523 0.471736 -0.188831
2.96536 0.510282 -0.194301
2.98564 0.548043 -0.199197
3.00675 0.584829 -0.203487
3.02909 0.620371 -0.207123
3.0526 0.65435 -0.210039
3.07678 0.686411 -0.212223
3.10092 0.716199 -0.213712
3.12443 0.743388 -0.214595
3.14681 0.767672 -0.215005
3.16758 0.788754 -0.215072
3.18617 0.806366 -0.214892
3.20188 0.820319 -0.21452
3.21395 0.830527 -0.213985
3.22161 0.837028 -0.213307
3.2242 0.839962 -0.212496
3.22117 0.839537 -0.211552
3.21203 0.83598 -0.210471
3.19639 0.829515 -0.209211
3.17393 0.820355 -0.2077
3.1443 0.808692 -0.205907
3.10718 0.794674 -0.20385
3.06249 0.778385 -0.201541
3.01053 0.759837 -0.198982
2.95204 0.738984 -0.196174
2.888 0.715729 -0.193109
2.81936 0.689951 -0.189798
2.74698 0.661559 -0.186258
2.67161 0.630523 -0.182508
2.59407 0.596906 -0.17858
2.51508 0.560868 -0.174476
2.43522 0.522656 -0.170147
2.35484 0.482588 -0.165523
2.27416 0.441035 -0.160521
2.19334 0.398406 -0.155045
2.1126 0.355132 -0.149035
2.03213 0.311624 -0.142476
1.95203 0.268241 -0.135368
1.87236 0.225259 -0.127745
1.79326 0.182874 -0.119639
1.7151 0.141212 -0.111103
1.63839 0.100325 -0.102199
1.5636 0.0601963 -0.0929412
1.49098 0.020775 -0.083318
1.42058 -0.018004 -0.0733192
1.35224 -0.0562201 -0.0628283
1.28558 -0.0939458 -0.0518247
1.21948 -0.13123 -0.0404392
1.15181 -0.168028 -0.0285915
1.0801 -0.20414 -0.0162555
1.00229 -0.239291 -0.00375026
0.916403 -0.273229 0.00864724
0.820161 -0.305744 0.0210035
0.711887 -0.336676 0.0334086
0.591189 -0.365934 0.0458208
0.458516 -0.393448 0.0581731
0.314463 -0.41913 0.0705099
0.159429 -0.442936 0.0830039
-0.00600707 -0.46486 0.0957992
-0.180621 -0.484948 0.108988
-0.362684 -0.503317 0.122687
-0.550634 -0.52006 0.136947
-0.743343 -0.535128 0.151734
-0.939937 -0.548343 0.166908
-1.13978 -0.559521 0.182119
-1.34182 -0.568519 0.197414
-1.54434 -0.575307 0.213233
-1.74562 -0.580107 0.229576
-1.94381 -0.583334 0.246439
-2.13693 -0.585386 0.264052
-2.32301 -0.58652 0.282533
-2.50031 -0.58692 0.301802
-2.66738 -0.586775 0.321564
-2.82309 -0.586249 0.341496
-2.96656 -0.585394 0.361299
-3.09745 -0.584178 0.380815
-3.21621 -0.58254 0.400093
-3.3239 -0.580425 0.419556
-3.42219 -0.577774 0.439897
-3.51306 -0.574505 0.461445
-3.59833 -0.570627 0.483963
-3.67955 -0.566268 0.507153
-3.75807 -0.561527 0.530757
-3.83499 -0.556447 0.554389
-3.91109 -0.551088 0.577788
-3.98702 -0.545582 0.600781
-4.06335 -0.540091 0.623138
-4.14036 -0.53472 0.644623
-4.21782 -0.52954 0.665009
-4.29494 -0.524669 0.684168
-4.37051 -0.520308 0.70199
-4.44309 -0.516698 0.718336
-4.51112 -0.51405 0.733078
-4.57319 -0.512512 0.746149
-4.62824 -0.512161 0.757563
-4.6756 -0.513008 0.767413
-4.71505 -0.515013 0.77582
-4.74679 -0.518088 0.782885
-4.77131 -0.522082 0.788665
-4.78926 -0.526789 0.793221
-4.80138 -0.531969 0.796645
-4.80844 -0.537382 0.799039
-4.81118 -0.542805 0.80047
-4.81028 -0.548031 0.800809
-4.80618 -0.552853 0.799832
-4.79902 -0.557075 0.797391
-4.78866 -0.56054 0.793481
-4.775 -0.563141 0.788215
-4.75832 -0.564821 0.781715
-4.73914 -0.565563 0.774092
-4.71796 -0.565372 0.765435
-4.69504 -0.564265 0.755831
-4.67048 -0.562266 0.745364
-4.64447 -0.559394 0.734081
-4.61726 -0.555651 0.721985
-4.58894 -0.551019 0.70909
-4.55918 -0.545466 0.695443
-4.52721 -0.538907 0.681084
-4.49209 -0.531236 0.666024
-4.45297 -0.522409 0.650291
-4.40929 -0.512437 0.633951
-4.36062 -0.501343 0.617163
-4.30662 -0.489157 0.600089
-4.24711 -0.475948 0.582762
-4.1822 -0.461832 0.565228
-4.11241 -0.446928 0.547572
-4.03844 -0.431328 0.529814
-3.96106 -0.415093 0.511918
-3.88087 -0.398259 0.493804
-3.79839 -0.380847 0.475399
-3.71409 -0.362866 0.456698
-3.6285 -0.344318 0.437704
-3.54201 -0.32519 0.418403
-3.45482 -0.305459 0.398957
-3.3669 -0.285079 0.37947
-3.27807 -0.264013 0.359887
-3.18818 -0.242286 0.340134
-3.09719 -0.21998 0.320419
-3.005 -0.197178 0.300799
-2.91146 -0.173975 0.281079
-2.81651 -0.150499 0.261449
-2.72008 -0.12721 0.241935
-2.62229 -0.104801 0.222566
-2.52364 -0.0835953 0.20351
-2.4247 -0.0637552 0.184771
-2.32569 -0.0456504 0.166435
-2.22675 -0.029725 0.14847
-2.12815 -0.0161619 0.130717
-2.03053 -0.00468015 0.113121
-1.93457 0.00514775 0.0957947
-1.84057 0.0135975 0.0789834
-1.74842 0.020909 0.0630366
-1.65785 0.0274341 0.048275
-1.56859 0.0335954 0.0348038
-1.48045 0.0397644 0.0225191
-1.3933 0.0462033 0.0112248
-1.30705 0.0530939 0.000785191
-1.22156 0.0604649 -0.00880344
-1.13661 0.0680889 -0.0175126
-1.0521 0.0755684 -0.0253328
-0.968075 0.0825076 -0.0323241
-0.884717 0.0885665 -0.0386272
-0.802145 0.0934324 -0.0443969
-0.720362 0.0968264 -0.0497716
-0.639305 0.0985423 -0.0548442
-0.558875 0.0984834 -0.0596644
-0.478989 0.0966897 -0.0641998
-0.399654 0.0933498 -0.0683935
-0.320973 0.088779 -0.0721988
-0.243107 0.0833487 -0.0755743
-0.166205 0.0774033 -0.0784229
-0.0903709 0.071213 -0.0806138
-0.01574 0.0649468 -0.0820619
0.0574586 0.0586601 -0.0827091
0.128912 0.0523151 -0.0825983
0.198315 0.0458043 -0.0819183
0.265475 0.0389803 -0.0807831
0.33026 0.0317002 -0.0792455
0.392491 0.0238728 -0.0774682
0.451862 0.0154894 -0.0755599
0.507931 0.00660065 -0.0736284
0.560262 -0.00272583 -0.0717836
0.608538 -0.0123938 -0.0700433
0.652577 -0.0222719 -0.0684259
0.692332 -0.0322279 -0.0669398
0.727884 -0.0421198 -0.0655933
0.759491 -0.051784 -0.0643936
0.787604 -0.0610731 -0.0633294
0.812831 -0.0698857 -0.0623852
0.835829 -0.0781615 -0.0615563
0.857196 -0.0858651 -0.0608445
0.877421 -0.0929759 -0.0602536
0.896887 -0.0994814 -0.0597837
0.915897 -0.105376 -0.0594266
0.934688 -0.110656 -0.0591688
0.953359 -0.115315 -0.0590061
0.971813 -0.119331 -0.0589397
0.989685 -0.122661 -0.0589775
1.00626 -0.125231 -0.0591379
1.02067 -0.126966 -0.0594408
1.03199 -0.127806 -0.0599056
1.03938 -0.127722 -0.0605419
1.04215 -0.126715 -0.061339
1.03984 -0.124814 -0.0622763
1.03219 -0.122068 -0.0633362
1.01915 -0.11854 -0.0645072
1.00081 -0.114302 -0.0657838
0.97733 -0.109432 -0.0671596
0.948878 -0.104006 -0.0686209
0.915694 -0.0980927 -0.0701464
0.878116 -0.0917411 -0.0717055
0.836563 -0.0849862 -0.0732574
0.791501 -0.0778498 -0.0747617
0.743426 -0.0703431 -0.0761824
0.692882 -0.0624724 -0.0774813
0.640498 -0.054245 -0.0786242
0.586933 -0.0456767 -0.0795913
0.532769 -0.0367989 -0.0803568
0.478436 -0.0276697 -0.080898
0.424172 -0.0183794 -0.0811966
0.370049 -0.00904084 -0.0812125
0.316023 0.000223791 -0.0808992
0.261942 0.00928937 -0.0802065
0.207564 0.0180475 -0.0790326
0.15258 0.026429 -0.0772945
0.0966324 0.0344193 -0.0749677
0.0393645 0.0420655 -0.0720937
-0.0194651 0.0494319 -0.0687717
-0.0799493 0.0565333 -0.0650853
-0.14211 0.0633373 -0.0610742
-0.205945 0.0697798 -0.0567376
-0.271407 0.0757549 -0.0521035
-0.338366 0.0811372 -0.0472162
-0.406653 0.0858238 -0.042089
-0.476121 0.0897295 -0.0366822
-0.546713 0.0927595 -0.0309802
-0.618487 0.0948163 -0.0250443
-0.691557 0.0958232 -0.0189166
-0.766018 0.0957477 -0.012605
-0.841861 0.0946096 -0.00614307
-0.918934 0.0924679 0.000414488
-0.99693 0.0893978 0.00706005
-1.07533 0.0854785 0.0138049
-1.15343 0.0807888 0.0206559
-1.23047 0.075403 0.0275946
-1.30566 0.0694039 0.0345717
-1.37835 0.0628854 0.0415652
-1.44819 0.0559285 0.0485722
-1.51522 0.0485819 0.0555744
-1.5797 0.0408668 0.0625825
-1.6419 0.0327914 0.0696786
-1.70208 0.0243554 0.0769164
-1.76045 0.0155487 0.0843235
-1.81727 0.00635501 0.0919266
-1.87275 -0.00323568 0.0997251
-1.92701 -0.013213 0.107692
-1.98 -0.0235473 0.115778
-2.03151 -0.0341939 0.123928
-2.08139 -0.0450926 0.132115
-2.12948 -0.0561692 0.140345
-2.17562 -0.0673447 0.148682
-2.21947 -0.0785444 0.157192
-2.26059 -0.0896941 0.165877
-2.2985 -0.100703 0.174722
-2.33278 -0.111463 0.183669
-2.36317 -0.12187 0.192639
-2.38963 -0.13183 0.201533
-2.41233 -0.141268 0.210231
-2.43163 -0.150135 0.218645
-2.44807 -0.158415 0.226742
-2.46225 -0.166127 0.234506
-2.47483 -0.173314 0.241917
-2.48634 -0.180034 0.248987
-2.49718 -0.186353 0.255681
-2.50756 -0.192335 0.261909
-2.5176 -0.198038 0.267595
-2.52739 -0.20351 0.272658
-2.53704 -0.208784 0.277005
-2.54666 -0.213876 0.280566
-2.55639 -0.218788 0.283298
-2.56628 -0.223508 0.285167
-2.57632 -0.228011 0.286166
-2.5864 -0.232264 0.286325
-2.59631 -0.236224 0.285688
-2.60579 -0.239842 0.284325
-2.61453 -0.243071 0.2823
-2.62212 -0.245868 0.27965
-2.62818 -0.248198 0.276414
-2.63239 -0.250038 0.27268
-2.6345 -0.251378 0.268533
-2.63427 -0.252224 0.264033
-2.6315 -0.252605 0.259287
-2.62598 -0.252567 0.25441
-2.61755 -0.25217 0.249475
-2.60619 -0.25148 0.244497
-2.59194 -0.250556 0.239478
-2.57486 -0.249449 0.234426
-2.55496 -0.248206 0.229346
-2.53217 -0.246873 0.224258
-2.50641 -0.245479 0.219193
-2.47762 -0.244047 0.214165
-2.44579 -0.242587 0.209171
-2.41089 -0.241095 0.204192
-2.37294 -0.239555 0.199199
-2.33199 -0.237942 0.194163
-2.28827 -0.236228 0.189067
-2.2421 -0.234395 0.183911
-2.19398 -0.232441 0.1787
-2.14442 -0.230392 0.173452
-2.09389 -0.22829 0.168184
-2.04275 -0.226189 0.162907
-1.99123 -0.224154 0.157618
-1.93946 -0.222252 0.152299
-1.88744 -0.220544 0.146909
-1.83508 -0.219074 0.141392
-1.78224 -0.217869 0.135691
-1.72878 -0.216934 0.129769
-1.67464 -0.216246 0.12361
-1.61988 -0.215758 0.11722
-1.56462 -0.215405 0.110635
-1.50901 -0.215104 0.103909
-1.45326 -0.21477 0.0970979
-1.39773 -0.214313 0.0902534
-1.34292 -0.213651 0.0834373
-1.28938 -0.212717 0.0767155
-1.23763 -0.211464 0.0701525
-1.18805 -0.209875 0.0638115
-1.14085 -0.207959 0.0577281
-1.09613 -0.205736 0.0519075
-1.0539 -0.203235 0.0463423
-1.01409 -0.200479 0.0411477
-0.976587 -0.197473 0.0363105
-0.941318 -0.194171 0.0316715
-0.908186 -0.190499 0.0271933
-0.877026 -0.186417 0.0228631
-0.847608 -0.181923 0.0187111
-0.819673 -0.177009 0.0147993
-0.792955 -0.171678 0.011168
-0.767188 -0.165946 0.00781431
-0.742188 -0.159806 0.00470915
-0.717945 -0.153223 0.00182597
-0.694581 -0.146178 -0.000846416
-0.672258 -0.138683 -0.00332717
-0.651113 -0.130763 -0.00564611
-0.631206 -0.122454 -0.00783462
-0.612528 -0.113797 -0.00993874
-0.595042 -0.104839 -0.0119964
-0.5787 -0.0956302 -0.0139984
-0.563433 -0.0862282 -0.0157667
-0.549141 -0.0766912 -0.0172102
-0.535767 -0.0670368 -0.0184358
-0.523365 -0.0572274 -0.0195103
-0.512072 -0.0472314 -0.0204918
-0.502026 -0.0370575 -0.0214138
-0.49332 -0.0267362 -0.0222742
-0.485959 -0.0163357 -0.0230678
-0.479821 -0.00596601 -0.0238153
-0.474739 0.0042715 -0.0245747
-0.470579 0.0143071 -0.025413
-0.467231 0.024078 -0.0263798
-0.46458 0.0335119 -0.0275069
-0.462507 0.0425392 -0.0288049
-0.460936 0.0511094 -0.0302678
-0.459886 0.0591992 -0.031884
-0.459495 0.0668153 -0.033639
-0.459971 0.0739869 -0.0355115
-0.46153 0.0807495 -0.0374692
-0.464336 0.0871275 -0.0394658
-0.468521 0.0931284 -0.0414413
-0.474213 0.0987469 -0.0433452
-0.481501 0.103967 -0.0451387
-0.490389 0.108756 -0.0467596
-0.500752 0.113063 -0.0481446
-0.512384 0.116813 -0.0492889
-0.525077 0.119907 -0.0502386
-0.538671 0.122249 -0.0510256
-0.553079 0.123789 -0.0516522
-0.568229 0.124531 -0.0521122
-0.584026 0.124522 -0.0523883
-0.600342 0.123843 -0.0524514
-0.617003 0.122592 -0.0522617
-0.63379 0.120861 -0.0517753
-0.650424 0.118728 -0.0509625
-0.66658 0.11627 -0.0498131
-0.681922 0.113554 -0.0483388
-0.696143 0.110628 -0.0465636
-0.709012 0.107506 -0.0445066
-0.720408 0.104171 -0.0421839
-0.7303 0.100576 -0.0396143
-0.738753 0.0966596 -0.0368214
-0.745946 0.0923652 -0.0338359
-0.752207 0.0876518 -0.0306821
-0.758059 0.0824943 -0.0273782
-0.76415 0.0768824 -0.0239048
-0.771169 0.0708168 -0.0201234
-0.77975 0.064295 -0.0159977
-0.790422 0.0572822 -0.0117131
-0.803619 0.0497127 -0.00739602
-0.819687 0.0415519 -0.00307206
-0.838884 0.0328316 0.00123123
-0.861359 0.0236201 0.00548438
-0.887147 0.0140133 0.00965175
-0.91619 0.00413613 0.0137052
-0.948365 -0.00589917 0.0176482
-0.983482 -0.0160232 0.0215078
-1.02127 -0.0261863 0.0253196
-1.06132 -0.0363338 0.0291151
-1.10312 -0.0464134 0.032913
-1.14605 -0.0563944 0.0367202
-1.18948 -0.0662747 0.0405393
-1.23287 -0.0760722 0.0443743
-1.27573 -0.085808 0.0482387
-1.31753 -0.0954972 0.052152
-1.35772 -0.10514 0.0561261
-1.39583 -0.114716 0.0601705
-1.43153 -0.124184 0.0642962
-1.46461 -0.133489 0.0685076
-1.49492 -0.142564 0.0728059
-1.52239 -0.151327 0.0771937
-1.54698 -0.159691 0.0816747
-1.56877 -0.167577 0.0862552
-1.58796 -0.174928 0.090942
-1.60479 -0.181712 0.0957407
-1.61953 -0.187923 0.100649
-1.63246 -0.193576 0.105651
-1.64389 -0.198708 0.11072
-1.65423 -0.203371 0.115811
-1.6639 -0.207629 0.120863
-1.67334 -0.211559 0.125811
-1.68284 -0.21524 0.130593
-1.69258 -0.218752 0.135158
-1.70269 -0.222162 0.139452
-1.71331 -0.225519 0.14341
-1.72457 -0.228845 0.146965
-1.73653 -0.232136 0.150057
-1.74916 -0.235369 0.152644
-1.76232 -0.238507 0.154705
-1.77588 -0.241507 0.156247
-1.78975 -0.244321 0.157297
-1.80384 -0.246897 0.157891
-1.818 -0.249184 0.158071
-1.83207 -0.25113 0.157878
-1.84583 -0.252693 0.157357
-1.85911 -0.253841 0.156562
-1.87173 -0.254561 0.155548
-1.88344 -0.254851 0.154373
-1.89393 -0.254721 0.153083
-1.90284 -0.254186 0.151715
-1.90981 -0.253258 0.150288
-1.91455 -0.251951 0.148818
-1.91685 -0.25027 0.147311
-1.91656 -0.248212 0.145767
-1.91358 -0.24577 0.14419
-1.90791 -0.242932 0.142583
-1.89966 -0.239683 0.140958
-1.88914 -0.236006 0.13933
-1.87675 -0.231887 0.137715
-1.86292 -0.227316 0.136118
-1.84816 -0.222296 0.134541
-1.833 -0.216841 0.132985
-1.81801 -0.210983 0.131452
-1.80373 -0.204774 0.129945
-1.79065 -0.19828 0.128461
-1.77906 -0.191583 0.126993
-1.76909 -0.184767 0.125532
-1.76075 -0.177916 0.12406
-1.75399 -0.171101 0.122555
-1.74871 -0.164373 0.120988
-1.74473 -0.157759 0.119335
-1.74176 -0.151267 0.117582
-1.73947 -0.144885 0.11573
-1.73749 -0.138587 0.113791
-1.73549 -0.132331 0.111784
-1.73309 -0.126069 0.109722
-1.72989 -0.119747 0.107613
-1.72548 -0.113314 0.105455
-1.71954 -0.106725 0.10324
-1.71185 -0.0999531 0.100962
-1.70229 -0.0929904 0.0986199
-1.69082 -0.0858552 0.0962175
-1.67739 -0.0785909 0.0937612
-1.66198 -0.071261 0.0912591
-1.64456 -0.0639402 0.0887181
-1.62517 -0.0567073 0.0861334
-1.60386 -0.0496362 0.0834878
-1.58073 -0.0427888 0.080755
-1.55588 -0.0362122 0.0779018
-1.52953 -0.0299368 0.0749011
-1.50203 -0.0239754 0.0717379
-1.47387 -0.0183245 0.0684154
-1.44562 -0.0129688 0.0649508
-1.41784 -0.00788763 0.0613738
-1.39096 -0.00305974 0.0577257
-1.36526 0.0015341 0.0540527
-1.34088 0.00590614 0.050389
-1.3178 0.0100584 0.0467368
-1.29587 0.0139843 0.0430829
-1.27484 0.0176737 0.0394213
-1.25441 0.0211149 0.0357518
-1.23438 0.0242927 0.0320731
-1.21466 0.0271945 0.0284077
-1.19525 0.0298152 0.024782
-1.17617 0.0321535 0.0212409
-1.15746 0.0342149 0.0178392
-1.13918 0.0360152 0.0146103
-1.12143 0.0375821 0.0115855
-1.10428 0.0389497 0.00878148
-1.08782 0.0401484 0.00626452
-1.07203 0.0411994 0.00406308
-1.05681 0.0420986 0.00211634
-1.04202 0.0428133 0.00036444
-1.02745 0.0433138 -0.00123095
-1.01296 0.0435945 -0.00268391
-0.998386 0.0436612 -0.00401273
-0.983579 0.0435293 -0.00523538
-0.968433 0.0432304 -0.00635434
-0.952891 0.042795 -0.00735283
-0.937001 0.0422386 -0.00820019
-0.920938 0.0415707 -0.00886272
-0.904958 0.0408005 -0.00929663
-0.889337 0.039929 -0.00946655
-0.874356 0.0389359 -0.00941393
-0.860321 0.0377715 -0.00920544
-0.847594 0.0363676 -0.00887077
-0.836596 0.034661 -0.00843077
-0.827739 0.0326008 -0.00791296
-0.821387 0.0301547 -0.0073546
-0.81782 0.0273187 -0.00678538
-0.817213 0.0241017 -0.00621492
-0.819606 0.0205064 -0.0056342
-0.824833 0.0165398 -0.00502529
-0.832531 0.0122324 -0.00437234
-0.842175 0.00763952 -0.0036682
-0.853207 0.00282921 -0.00291451
-0.865173 -0.00213105 -0.00211234
-0.877763 -0.00718603 -0.00124695
-0.89081 -0.0122993 -0.000290776
-0.904229 -0.0174506 0.000786059
-0.917985 -0.0226292 0.00200699
-0.932062 -0.0278317 0.00338433
-0.946393 -0.0330676 0.00492279
-0.960827 -0.038361 0.00661661
-0.975087 -0.043745 0.00844814
-0.988814 -0.0492498 0.0103919
-1.00167 -0.0548938 0.0124156
-1.01341 -0.0606777 0.0144872
-1.02391 -0.0665848 0.0165878
-1.03312 -0.0725862 0.0187193
-1.04102 -0.0786479 0.0208999
-1.04764 -0.0847312 0.0231538
-1.05314 -0.0907895 0.0255007
-1.05778 -0.0967686 0.0279506
-1.0619 -0.102616 0.0304968
-1.06587 -0.108291 0.0331187
-1.07003 -0.113775 0.0357911
-1.07468 -0.119074 0.0384867
-1.08008 -0.124223 0.0411804
-1.08644 -0.129273 0.0438458
-1.09393 -0.134277 0.0464516
-1.10262 -0.139283 0.0489632
-1.11256 -0.144325 0.0513487
-1.12381 -0.149419 0.0535879
-1.13645 -0.154562 0.0556762
-1.15061 -0.15973 0.0576202
-1.16635 -0.16488 0.0594361
-1.18364 -0.169958 0.0611455
-1.20243 -0.174907 0.0627745
-1.22263 -0.179666 0.0643523
-1.24415 -0.184179 0.0659073
-1.26691 -0.188395 0.0674648
-1.29076 -0.192273 0.0690468
-1.31547 -0.195786 0.070673
-1.34076 -0.19892 0.0723609
-1.36634 -0.201677 0.0741244
-1.39179 -0.204068 0.0759732
-1.41666 -0.206106 0.0779212
-1.44044 -0.207804 0.0799709
-1.46257 -0.209166 0.0820795
-1.4826 -0.210182 0.0842096
-1.50017 -0.210839 0.08638
-1.51509 -0.211126 0.0886032
-1.52736 -0.211023 0.0908759
-1.53713 -0.210497 0.0932033
-1.54474 -0.209515 0.0955805
-1.55065 -0.208057 0.0979903
-1.55543 -0.206109 0.100418
-1.5597 -0.203668 0.102848
-1.56405 -0.200756 0.105262
-1.56898 -0.197423 0.107638
-1.57487 -0.193744 0.109945
-1.58196 -0.189805 0.112155
-1.59038 -0.185701 0.114236
-1.60002 -0.181521 0.116149
-1.6106 -0.177344 0.117852
-1.62171 -0.173222 0.119298
-1.63289 -0.169181 0.120446
-1.64375 -0.16522 0.121251
-1.65397 -0.161309 0.121672
-1.66333 -0.157395 0.121681
-1.67168 -0.153413 0.121266
-1.67891 -0.149293 0.120447
-1.68501 -0.144973 0.119266
-1.69003 -0.140402 0.117784
-1.69408 -0.135542 0.116066
-1.6973 -0.130377 0.114171
-1.69981 -0.124912 0.112142
-1.70175 -0.119175 0.110013
-1.70327 -0.113215 0.107807
-1.70458 -0.107102 0.105548
-1.70587 -0.100918 0.103257
-1.70734 -0.0947484 0.100954
-1.70906 -0.0886738 0.0986678
-1.71104 -0.0827608 0.0964275
-1.71317 -0.0770552 0.0942589
-1.71524 -0.0715792 0.0921863
-1.71696 -0.0663267 0.0902227
-1.71803 -0.0612649 0.0883675
-1.71815 -0.0563385 0.0866139
-1.7171 -0.051476 0.0849587
-1.71484 -0.0466007 0.0834072
-1.71143 -0.0416431 0.0819748
-1.70705 -0.0365531 0.0806805
-1.70196 -0.0313069 0.0795409
-1.69642 -0.0259122 0.0785708
-1.6907 -0.02041 0.0777799
-1.68503 -0.0148732 0.0771671
-1.67958 -0.00940111 0.0767211
-1.67443 -0.00411084 0.0764205
-1.66959 0.000872227 0.0762277
-1.66507 0.0054291 0.0761011
-1.66091 0.00946104 0.0760045
-1.6572 0.0128979 0.0759119
-1.65406 0.0157032 0.0758111
-1.65159 0.0178755 0.0756926
-1.64987 0.0194431 0.0755531
-1.64895 0.0204591 0.0753985
-1.64883 0.0209954 0.075237
-1.64949 0.0211308 0.0750754
-1.65081 0.0209411 0.074919
-1.65259 0.0204898 0.074772
-1.6546 0.0198206 0.0746359
-1.65656 0.0189533 0.0745092
-1.65818 0.0178824 0.0743952
-1.65911 0.016581 0.0742947
-1.65899 0.0150075 0.0742031
-1.65743 0.0131147 0.0741098
-1.65409 0.0108588 0.0739992
-1.6487 0.00820775 0.073856
-1.6411 0.00514688 0.0736658
-1.63117 0.0016815 0.0734187
-1.61885 -0.0021629 0.0731101
-1.60415 -0.00634242 0.0727392
-1.58719 -0.0107981 0.0723056
-1.56822 -0.0154606 0.0718079
-1.54761 -0.020258 0.0712425
-1.52578 -0.0251239 0.0706092
-1.50309 -0.0300067 0.0699141
-1.47993 -0.0348761 0.0691649
-1.45663 -0.0397266 0.0683652
-1.43349 -0.0445735 0.0675121
-1.41081 -0.049447 0.0665951
-1.38882 -0.0543845 0.0655961
-1.36771 -0.0594227 0.064496
-1.34765 -0.0645916 0.0632858
-1.32876 -0.06991 0.0619711
-1.31116 -0.0753805 0.0605673
-1.29487 -0.0809868 0.0590953
-1.27985 -0.0866915 0.0575787
-1.26602 -0.0924346 0.0560356
-1.25331 -0.0981378 0.0544877
-1.24167 -0.103713 0.0529625
-1.23105 -0.10907 0.0514837
-1.22141 -0.114124 0.0500745
-1.21269 -0.118809 0.0487557
-1.20479 -0.12308 0.0475484
-1.19757 -0.126913 0.0464727
-1.19083 -0.130306 0.0455368
-1.18431 -0.133269 0.0447309
-1.17777 -0.135829 0.0440392
-1.17099 -0.138015 0.0434477
-1.16383 -0.139862 0.0429468
-1.15622 -0.141398 0.0425356
-1.14816 -0.142652 0.0422173
-1.1397 -0.14364 0.0419934
-1.13086 -0.144372 0.041862
-1.12169 -0.144848 0.0418185
-1.1122 -0.145058 0.0418533
-1.10245 -0.144985 0.0419505
-1.09252 -0.144613 0.0420899
-1.08251 -0.143932 0.042249
-1.07252 -0.14294 0.0424053
-1.06267 -0.141651 0.0425358
-1.05318 -0.140088 0.0426193
-1.04424 -0.138289 0.0426426
-1.03605 -0.136298 0.0425934
-1.02876 -0.134165 0.0424563
-1.02246 -0.131943 0.0422137
-1.01721 -0.129683 0.0418449
-1.01307 -0.127428 0.0413315
-1.01011 -0.125215 0.0406613
-1.00838 -0.123072 0.0398317
-1.00793 -0.121014 0.0388496
-1.00878 -0.119048 0.0377329
-1.01097 -0.11717 0.0365091
-1.01453 -0.115369 0.0352112
-1.01949 -0.113625 0.0338717
-1.02581 -0.111917 0.0325232
-1.03341 -0.110224 0.0311967
-1.04215 -0.10853 0.0299216
-1.05191 -0.106821 0.0287274
-1.06258 -0.105094 0.0276411
-1.07405 -0.103354 0.0266896
-1.08621 -0.101612 0.0259013
-1.09889 -0.0998838 0.0252991
-1.11192 -0.0981884 0.0249001
-1.12507 -0.0965434 0.0247174
-1.13809 -0.0949644 0.0247583
-1.15068 -0.0934623 0.0250197
-1.16253 -0.0920415 0.0254912
-1.17333 -0.0906995 0.0261605
-1.18281 -0.0894268 0.0270154
-1.19078 -0.0882084 0.028048
-1.19717 -0.0870254 0.0292552
-1.20195 -0.0858582 0.0306382
-1.20515 -0.084689 0.0321979
-1.20683 -0.0835054 0.0339301
-1.2071 -0.0823008 0.0358244
-1.20608 -0.0810741 0.0378673
-1.20391 -0.0798322 0.040038
-1.20075 -0.0785883 0.0422968
-1.19676 -0.077361 0.0445889
-1.19216 -0.0761757 0.0468479
-1.18728 -0.0750631 0.0490123
-1.18251 -0.0740559 0.0510278
-1.17832 -0.0731839 0.0528469
-1.17514 -0.072472 0.0544324
-1.17336 -0.0719399 0.0557473
-1.1733 -0.0716004 0.0567585
-1.17523 -0.071459 0.0574428
-1.17933 -0.071514 0.0577915
-1.18567 -0.0717562 0.0578127
-1.19421 -0.0721677 0.0575323
-1.20483 -0.072721 0.0569947
-1.21728 -0.0733814 0.0562528
-1.23125 -0.0741078 0.0553652
-1.24636 -0.0748522 0.0543866
-1.26219 -0.0755616 0.0533599
-1.27827 -0.0761811 0.0523294
-1.29419 -0.0766594 0.0513288
-1.3096 -0.0769493 0.0503957
-1.32423 -0.0770087 0.0495657
-1.33784 -0.0768057 0.0488574
-1.35023 -0.0763164 0.0482918
-1.36124 -0.0755247 0.0478897
-1.37077 -0.0744249 0.047666
-1.37878 -0.0730165 0.0476279
-1.38526 -0.0713014 0.0477787
-1.3902 -0.0692849 0.0481169
-1.39358 -0.0669763 0.0486368
-1.39543 -0.0643891 0.0493297
-1.3958 -0.0615416 0.0501881
-1.39482 -0.0584581 0.0512029
-1.39262 -0.0551676 0.052357
-1.38938 -0.0517038 0.0536439
-1.38531 -0.0481051 0.055051
-1.3807 -0.044411 0.0565367
-1.37592 -0.0406659 0.0580652
-1.37142 -0.0369211 0.0595985
-1.36766 -0.0332317 0.0610971
-1.36512 -0.0296547 0.0625196
-1.36422 -0.0262488 0.0638137
-1.36527 -0.0230735 0.0649349
-1.36851 -0.0201845 0.0658463
-1.37404 -0.0176252 0.0665173
-1.38183 -0.0154306 0.0669292
-1.39171 -0.0136276 0.0670772
-1.40345 -0.012227 0.0669695
-1.41676 -0.0112213 0.0666222
-1.43138 -0.0105876 0.0660597
-1.44706 -0.0102922 0.0653166
-1.46352 -0.0102945 0.0644392
-1.48048 -0.0105559 0.0634869
-1.4976 -0.0110477 0.0625207
-1.51449 -0.0117475 0.0615941
-1.53073 -0.0126349 0.0607626
-1.54581 -0.0136991 0.0600566
-1.55924 -0.0149379 0.0594744
-1.57051 -0.0163475 0.0590232
-1.57917 -0.0179228 0.0587096
-1.58491 -0.019663 0.0585294
-1.58758 -0.0215668 0.0584752
-1.58716 -0.0236283 0.0585457
-1.58379 -0.0258392 0.0587521
-1.57774 -0.0281902 0.059109
-1.56936 -0.0306726 0.0596325
-1.55903 -0.0332792 0.0603349
-1.54715 -0.0360056 0.0612172
-1.53408 -0.0388528 0.0622643
-1.52006 -0.0418305 0.0634507
-1.50531 -0.0449562 0.0647441
-1.49002 -0.048254 0.0661022
-1.47439 -0.0517496 0.0674735
-1.45864 -0.0554657 0.0688109
-1.44302 -0.059421 0.0700676
-1.4278 -0.0636257 0.0712011
-1.41321 -0.0680798 0.0721798
-1.39942 -0.0727749 0.0729801
-1.38652 -0.0776944 0.0735831
-1.37449 -0.082812 0.0739685
-1.36326 -0.0880894 0.0741179
-1.35266 -0.0934785 0.0740165
-1.34252 -0.0989255 0.0736555
-1.33264 -0.104373 0.0730355
-1.32287 -0.109766 0.0721694
-1.31313 -0.115053 0.0710807
-1.3034 -0.120186 0.0697981
-1.29374 -0.125122 0.068352
-1.28432 -0.129825 0.0667808
-1.27536 -0.134268 0.0651268
-1.26711 -0.13843 0.0634346
-1.25972 -0.142301 0.0617498
-1.25324 -0.145882 0.0601152
-1.24757 -0.149178 0.0585619
-1.24251 -0.15219 0.0571062
-1.23771 -0.154913 0.055749
-1.23276 -0.157336 0.0544832
-1.22723 -0.159434 0.053298
-1.22068 -0.161166 0.0521785
-1.21279 -0.162488 0.0511143
-1.20334 -0.163349 0.0501031
-1.19228 -0.1637 0.0491523
-1.17965 -0.163497 0.0482754
-1.16558 -0.162708 0.0474866
-1.15033 -0.161318 0.0467941
-1.1342 -0.159328 0.0461975
-1.11755 -0.156763 0.045689
-1.10072 -0.153673 0.0452531
-1.08404 -0.150127 0.0448658
-1.06778 -0.146212 0.0444948
-1.05222 -0.142028 0.0441008
-1.03766 -0.137672 0.0436406
-1.02441 -0.133234 0.0430725
-1.01276 -0.128779 0.0423625
-1.00299 -0.124349 0.0414918
-0.995312 -0.119966 0.0404576
-0.989902 -0.115634 0.0392685
-0.986858 -0.111337 0.0379397
-0.986237 -0.107048 0.0364873
-0.988059 -0.10273 0.0349262
-0.992311 -0.0983489 0.0332782
-0.998961 -0.0938863 0.0315755
-1.00797 -0.089343 0.0298595
-1.01926 -0.0847405 0.0281789
-1.03272 -0.0801161 0.0265729
-1.04815 -0.0755163 0.0250711
-1.06527 -0.0709931 0.0236982
-1.08373 -0.0665988 0.0224728
-1.10309 -0.0623805 0.021405
-1.12287 -0.0583766 0.0205041
-1.14255 -0.0546105 0.019786
-1.16165 -0.0510897 0.0193272
-1.17974 -0.0478093 0.019137
-1.19647 -0.0447664 0.0191407
-1.21163 -0.0419617 0.0193247
-1.22511 -0.0393704 0.0197164
-1.23692 -0.0369392 0.0203501
-1.24709 -0.0346193 0.0212391
-1.25574 -0.0323713 0.0223884
-1.26305 -0.0301609 0.0237926
-1.26922 -0.0279806 0.0254553
-1.27443 -0.0258629 0.0274077
-1.27885 -0.0238699 0.0296518
-1.28266 -0.0220828 0.0321332
-1.286 -0.0206008 0.0347946
-1.28904 -0.0195205 0.0375857
-1.29196 -0.0189188 0.0404588
-1.295 -0.0188541 0.0433677
-1.29837 -0.0193569 0.0462623
-1.30234 -0.0204186 0.0491035
-1.30715 -0.0220077 0.0518544
-1.31299 -0.0240783 0.0544796
-1.32001 -0.0265665 0.0569453
-1.32828 -0.0294004 0.0592166
-1.33779 -0.0325127 0.0612658
-1.34847 -0.0358446 0.0630736
-1.36019 -0.0393484 0.0646374
-1.3728 -0.0429935 0.0659666
-1.38612 -0.0467671 0.067079
-1.3999 -0.0506658 0.068
-1.41385 -0.0546889 0.0687594
-1.42765 -0.0588356 0.0693868
-1.44093 -0.0631026 0.0699077
-1.45339 -0.0674793 0.0703414
-1.46476 -0.0719396 0.0707043
-1.47486 -0.0764411 0.0710101
-1.48356 -0.0809268 0.0712788
-1.49081 -0.0853286 0.07154
-1.49665 -0.0895727 0.0718234
-1.50115 -0.0935834 0.0721583
-1.50436 -0.0972882 0.0725692
-1.50633 -0.100621 0.0730716
-1.50713 -0.103526 0.0736705
-1.50681 -0.105961 0.0743609
-1.50548 -0.107906 0.0751336
-1.50327 -0.10936 0.075979
-1.5003 -0.110344 0.076887
-1.49672 -0.110899 0.0778493
-1.49268 -0.111079 0.0788559
-1.48839 -0.110945 0.0798949
-1.48404 -0.110552 0.0809503
-1.47985 -0.10995 0.081999
-1.47604 -0.109173 0.0830104
-1.47285 -0.108249 0.0839475
-1.47055 -0.107193 0.0847757
-1.46938 -0.106012 0.0854739
-1.46953 -0.104709 0.0860313
-1.47111 -0.103283 0.0864434
-1.47411 -0.101735 0.0867116
-1.47848 -0.100065 0.0868347
-1.48413 -0.0982758 0.0868082
-1.49093 -0.0963728 0.086626
-1.49873 -0.094366 0.0862849
-1.50733 -0.0922707 0.0857898
-1.51647 -0.0901098 0.0851551
-1.5259 -0.0879118 0.0844019
-1.53533 -0.0857077 0.0835527
-1.54452 -0.0835248 0.082626
-1.5532 -0.0813837 0.0816354
-1.56119 -0.0792978 0.0805938
-1.5683 -0.0772752 0.0795172
-1.57443 -0.0753195 0.0784253
-1.57954 -0.0734322 0.0773418
-1.58357 -0.071617 0.0762926
-1.5865 -0.0698802 0.0753045
-1.58825 -0.0682307 0.0744018
-1.58873 -0.0666791 0.0735973
-1.58783 -0.0652376 0.0728915
-1.58544 -0.0639195 0.0722747
-1.5815 -0.062739 0.071732
-1.57592 -0.0617125 0.0712497
-1.56866 -0.0608598 0.0708185
-1.55965 -0.0602027 0.070432
-1.54888 -0.0597624 0.0700845
-1.53634 -0.0595569 0.0697673
-1.52204 -0.059598 0.0694656
-1.50601 -0.0598912 0.0691589
-1.48829 -0.0604361 0.0688221
-1.46893 -0.061228 0.0684245
-1.44808 -0.0622601 0.0679328
-1.42593 -0.0635257 0.0673172
-1.40273 -0.0650173 0.0665543
-1.37878 -0.0667273 0.0656294
-1.35439 -0.0686484 0.0645353
-1.32985 -0.0707739 0.063268
-1.30544 -0.0730979 0.0618264
-1.28137 -0.0756133 0.0602111
-1.25781 -0.078311 0.0584234
-1.23493 -0.0811774 0.0564632
-1.21287 -0.084192 0.0543349
-1.19177 -0.0873271 0.0520572
-1.17176 -0.0905497 0.0496595
-1.15297 -0.0938248 0.047177
-1.13537 -0.0971169 0.0446557
-1.11879 -0.100387 0.0421445
-1.10304 -0.103595 0.0396687
-1.08796 -0.106695 0.0372469
