6.73188e-07 -1.03699e-08 -0.0355954
-5.30555e-05 -9.56409e-08 -0.0355946
-0.0002628 -9.33431e-07 -0.0355921
-0.00065234 -3.96818e-06 -0.0355944
-0.00114548 -1.00205e-05 -0.035614
-0.00164191 -1.83086e-05 -0.0356492
-0.00207707 -2.75204e-05 -0.0356812
-0.00244472 -3.68325e-05 -0.0356992
-0.00276702 -4.619e-05 -0.0357051
-0.00309551 -5.56589e-05 -0.0357005
-0.00353398 -6.45904e-05 -0.0356865
-0.00419629 -7.2315e-05 -0.0356695
-0.00514932 -7.90061e-05 -0.035658
-0.00637556 -8.60055e-05 -0.0356588
-0.00777358 -9.57655e-05 -0.035675
-0.00920332 -0.000111048 -0.035708
-0.0105193 -0.00013391 -0.0357537
-0.0115982 -0.00016449 -0.0357946
-0.0123489 -0.000200266 -0.0358053
-0.0127165 -0.00023627 -0.0357683
-0.0126772 -0.000265624 -0.0356819
-0.0122628 -0.000280981 -0.0355538
-0.0115926 -0.000277267 -0.0353941
-0.0108471 -0.000254839 -0.0352191
-0.010235 -0.000220874 -0.0350563
-0.00988651 -0.000187774 -0.0349365
-0.00977004 -0.000169402 -0.0348805
-0.00978739 -0.000176516 -0.0348884
-0.00988975 -0.000214398 -0.0349358
-0.0101386 -0.000282443 -0.0349917
-0.0106865 -0.000373851 -0.0350446
-0.011637 -0.000476387 -0.0351022
-0.0129428 -0.00057385 -0.03518
-0.0144072 -0.00064933 -0.0352875
-0.0157265 -0.000690661 -0.0354112
-0.0166273 -0.000694495 -0.0355223
-0.0169997 -0.000667511 -0.0355979
-0.0168917 -0.00062411 -0.0356322
-0.0164495 -0.000580074 -0.0356362
-0.0157998 -0.000545607 -0.0356206
-0.0149547 -0.00052146 -0.0355808
-0.0138035 -0.000499171 -0.0355084
-0.0121278 -0.000465371 -0.0354074
-0.00980421 -0.000407534 -0.03529
-0.00700295 -0.000319546 -0.0351653
-0.00413518 -0.00020585 -0.035042
-0.0017025 -8.02366e-05 -0.0349398
-3.66541e-05 3.91414e-05 -0.0348809
0.000866828 0.000135691 -0.0348771
0.00118135 0.000199141 -0.0349328
0.00102843 0.000224985 -0.0350403
0.000467935 0.000212301 -0.0351904
-0.000408914 0.000164796 -0.0353933
-0.0014527 9.2891e-05 -0.0356532
-0.00250997 1.33435e-05 -0.0359372
-0.00342299 -5.48655e-05 -0.0361949
-0.00393039 -9.57103e-05 -0.0363872
-0.00366333 -9.89761e-05 -0.0364899
-0.00225987 -6.05801e-05 -0.0364928
0.000447099 1.79295e-05 -0.0364007
0.00430677 0.000129504 -0.0362265
0.00890172 0.000261644 -0.0359852
0.013637 0.000398072 -0.035702
0.0179433 0.000521885 -0.0354239
0.0214514 0.00061949 -0.0352142
0.0239711 0.000684133 -0.0351199
0.025437 0.000714549 -0.0351409
0.0257201 0.000710886 -0.0352477
0.0244619 0.000672099 -0.0354212
0.0214281 0.000595634 -0.0356678
0.0169332 0.000483272 -0.036017
0.0117931 0.000348093 -0.0364687
0.00703547 0.000212596 -0.0369334
0.00349879 0.000100926 -0.0372859
0.00164012 3.14738e-05 -0.0374538
0.00162721 1.38128e-05 -0.0374263
0.00340376 5.18984e-05 -0.0372346
0.00658375 0.000147339 -0.0369194
0.0103645 0.000296812 -0.0364916
0.0137821 0.000485469 -0.0359672
0.0160221 0.000684165 -0.0354309
0.0168125 0.000854842 -0.0350217
0.0166139 0.00096176 -0.0348613
0.0161246 0.000983993 -0.0349673
0.0158116 0.000918478 -0.0352073
0.0155711 0.000774778 -0.0353967
0.0146319 0.00057198 -0.0354513
0.0121279 0.000336439 -0.0354202
0.00766007 0.000102171 -0.0354249
0.00153216 -9.19781e-05 -0.0355629
-0.00532614 -0.000216818 -0.0358204
-0.0117895 -0.000267936 -0.0361141
-0.016944 -0.000272016 -0.0363886
-0.0203655 -0.00027754 -0.0366285
-0.0222481 -0.000331576 -0.0368204
-0.0230494 -0.000457228 -0.036921
-0.0229755 -0.000639013 -0.0368549
-0.0218883 -0.000823702 -0.0365527
-0.0194517 -0.000940705 -0.0360025
-0.0156658 -0.000931176 -0.03529
-0.0113315 -0.000774822 -0.0345728
-0.00760582 -0.000503978 -0.0340011
-0.00543077 -0.000192516 -0.033677
-0.00521553 7.08816e-05 -0.0336201
-0.00678975 0.000207731 -0.0337524
-0.00981319 0.000170716 -0.0339775
-0.0140196 -4.72827e-05 -0.0342433
-0.0192033 -0.000412039 -0.0345376
-0.0251917 -0.000849829 -0.0348832
-0.031635 -0.00126434 -0.035299
-0.0378198 -0.00156727 -0.035787
-0.0428115 -0.00172786 -0.036345
-0.0457168 -0.00172834 -0.0367994
-0.045984 -0.00155257 -0.0369232
-0.0434647 -0.00128186 -0.0367498
-0.038371 -0.00101569 -0.036364
-0.0312866 -0.000788546 -0.0357701
-0.022775 -0.000613626 -0.0350474
-0.0134412 -0.000498735 -0.0342983
-0.00447106 -0.000407966 -0.0335811
0.00262496 -0.000305709 -0.0330381
0.00669562 -0.000208101 -0.0328075
0.00715468 -0.000113708 -0.032929
0.00409852 -3.66886e-05 -0.0334267
-0.00183054 -3.59198e-05 -0.0342133
-0.0098561 -0.000137472 -0.0351341
-0.0188132 -0.00034594 -0.0361074
-0.0271142 -0.000664537 -0.0370468
-0.0332334 -0.00102869 -0.0378477
-0.0362175 -0.00133966 -0.0384397
-0.0361126 -0.00152692 -0.0386815
-0.033707 -0.00151752 -0.0384418
-0.0297575 -0.00127918 -0.0378592
-0.024528 -0.000868198 -0.0371956
-0.0181118 -0.000348965 -0.0365402
-0.0106555 0.000223184 -0.0358901
-0.00236261 0.000726046 -0.0352946
0.00601312 0.00106649 -0.0347068
0.0131618 0.0012284 -0.0341328
0.0179258 0.00118814 -0.0337451
0.0193459 0.000976722 -0.0336368
0.0167019 0.000696209 -0.0337928
0.0101026 0.000414462 -0.0341739
0.000292978 0.000162545 -0.0347514
-0.0116553 -2.51506e-05 -0.0355453
-0.024262 -0.000186412 -0.0365803
-0.0361113 -0.000385211 -0.0377277
-0.0462069 -0.000606775 -0.0388145
-0.0535528 -0.000838048 -0.0398768
-0.0574365 -0.00114133 -0.0407068
-0.0577333 -0.0014328 -0.0407011
-0.0542375 -0.00155901 -0.0399241
-0.046939 -0.00155069 -0.0388277
-0.0370692 -0.0013886 -0.0374317
-0.0260867 -0.00101283 -0.0357515
-0.014351 -0.000548623 -0.0341446
-0.00284188 -0.000119308 -0.0330186
0.00625037 0.000244116 -0.0323376
0.0116188 0.000472108 -0.0319492
0.0129131 0.000509757 -0.0318049
0.00980948 0.000389528 -0.0318905
0.00273887 0.000130439 -0.0322691
-0.00684791 -0.000297778 -0.0330186
-0.0172234 -0.000867212 -0.0342898
-0.0267526 -0.00148093 -0.0358371
-0.0350227 -0.00207647 -0.0372609
-0.0432333 -0.00257084 -0.0384129
-0.0523496 -0.00289505 -0.0392639
-0.0621847 -0.00305891 -0.0400272
-0.071669 -0.00297268 -0.0408069
-0.0791045 -0.00262155 -0.0413376
-0.0825973 -0.00212737 -0.0413974
-0.0806914 -0.00161789 -0.0411441
-0.0731398 -0.00121614 -0.0406399
-0.0615767 -0.000955461 -0.0396831
-0.048877 -0.000790066 -0.0382646
-0.0374932 -0.000681072 -0.0366484
-0.0288509 -0.000626762 -0.03508
-0.02343 -0.000557599 -0.033718
-0.0209107 -0.000361582 -0.03283
-0.0205412 -3.16331e-06 -0.0325223
-0.0216666 0.000457688 -0.0326405
-0.0237792 0.000891031 -0.0330213
-0.0265453 0.00108913 -0.0336795
-0.0303955 0.000934605 -0.0344601
-0.0359477 0.000486609 -0.0353064
-0.0430011 -0.000209008 -0.0362818
-0.0508517 -0.00105382 -0.0372051
-0.0585478 -0.0018705 -0.0379387
-0.0648428 -0.00253871 -0.0385888
-0.0689255 -0.00296233 -0.0392335
-0.0705996 -0.00305432 -0.0397157
-0.0694704 -0.00283818 -0.0399121
-0.0647821 -0.00248838 -0.0398469
-0.0560311 -0.00217253 -0.0394609
-0.0432163 -0.00193525 -0.0385128
-0.026822 -0.00180087 -0.036935
-0.00836338 -0.00174937 -0.0349133
0.0097515 -0.00162802 -0.0330542
0.0252078 -0.00142761 -0.0318617
0.0364213 -0.00112387 -0.0312113
0.0427461 -0.000629837 -0.0310321
0.0449976 -9.15099e-05 -0.0314589
0.0449462 0.0003976 -0.0323169
0.0440846 0.000786259 -0.0333472
0.0438191 0.000947802 -0.0343875
0.0442406 0.00079756 -0.0352011
0.0437084 0.000426904 -0.0357976
0.0408119 -2.61343e-05 -0.0362845
0.0351435 -0.000420609 -0.0367874
0.0271717 -0.000524453 -0.0372873
0.0185069 -0.00025872 -0.0378914
0.0114461 0.000290226 -0.038837
0.00762282 0.00104852 -0.040118
0.00815113 0.00187872 -0.0410384
0.0131257 0.00252429 -0.0412773
0.0203725 0.00288624 -0.0410337
0.0273086 0.00301423 -0.0403128
0.0329234 0.00295047 -0.0392617
0.0370458 0.002796 -0.0380981
0.0399274 0.00272966 -0.0370761
0.0423899 0.00289798 -0.036352
0.0453341 0.00332155 -0.035959
0.0489362 0.00397939 -0.035869
0.0519756 0.00470187 -0.035979
0.0524765 0.00519634 -0.036162
0.0485689 0.00526685 -0.0364239
0.0398066 0.00485601 -0.036613
0.0280688 0.0040037 -0.0366593
0.0158851 0.00287227 -0.0366252
0.00534944 0.00173311 -0.036725
-0.00219913 0.000754174 -0.037086
-0.00734215 5.15589e-06 -0.0377326
-0.0126079 -0.000514693 -0.0384005
-0.0207847 -0.000824688 -0.0387954
-0.0332736 -0.000999848 -0.0392875
-0.0495895 -0.00121205 -0.040036
-0.0674727 -0.00152369 -0.0405793
-0.0833041 -0.0019619 -0.0408406
-0.0937485 -0.00251954 -0.0411448
-0.0974289 -0.00312778 -0.0412961
-0.0946815 -0.0037213 -0.0409908
-0.0869493 -0.00423175 -0.0404855
-0.0764735 -0.00461871 -0.039976
-0.0657216 -0.00477725 -0.0390879
-0.0565241 -0.00459077 -0.037601
-0.0493195 -0.00412687 -0.0357719
-0.0440585 -0.003549 -0.0338862
-0.0414225 -0.00298775 -0.0322678
-0.0420052 -0.00259166 -0.0312352
-0.0457543 -0.00246928 -0.0309292
-0.0526744 -0.00257932 -0.0313328
-0.0624366 -0.00279279 -0.0323286
-0.0736634 -0.00306649 -0.0337838
-0.0848377 -0.003467 -0.0356366
-0.0955472 -0.00401656 -0.037709
-0.105825 -0.00470409 -0.0402777
-0.115957 -0.00554227 -0.0436541
-0.127402 -0.00628587 -0.0473926
-0.141058 -0.00660464 -0.0503588
-0.154923 -0.00657693 -0.0521282
-0.165799 -0.00650146 -0.053195
-0.172143 -0.00645979 -0.0533618
-0.17345 -0.00621211 -0.0522034
-0.168707 -0.00551439 -0.0501562
-0.157586 -0.004387 -0.0482587
-0.141817 -0.00303606 -0.0468666
-0.12342 -0.00176829 -0.0455755
-0.103342 -0.000856938 -0.0442924
-0.0833457 -0.000278476 -0.0430688
-0.0666613 0.000226925 -0.0414077
-0.0554484 0.00072587 -0.0392253
-0.0492249 0.000977606 -0.0374596
-0.0461343 0.000827455 -0.0368343
-0.0442293 0.000417194 -0.036903
-0.0416564 1.40269e-05 -0.0369866
-0.0374602 -0.000172666 -0.0370557
-0.0324423 -6.98017e-05 -0.0370822
-0.028039 0.000204011 -0.0368656
-0.0246448 0.000439567 -0.0367085
-0.0220571 0.000601926 -0.0372691
-0.0202644 0.000799698 -0.0385462
-0.0188808 0.00103518 -0.0397722
-0.0171829 0.00119012 -0.0405622
-0.0145899 0.00114895 -0.0405301
-0.0102129 0.000877364 -0.0394531
-0.00273871 0.000430387 -0.0379681
0.00846048 -7.30093e-05 -0.0370209
0.0225478 -0.00050844 -0.0366315
0.038544 -0.000763071 -0.0363477
0.055699 -0.000852818 -0.0359011
0.0725757 -0.000654828 -0.0348711
0.0873352 -5.56745e-05 -0.0333498
0.0985037 0.000729604 -0.0319229
0.105754 0.00157019 -0.0308321
0.109441 0.00233868 -0.0300752
0.110121 0.00293975 -0.0297898
0.108823 0.00338185 -0.0297895
0.106638 0.00359063 -0.0298463
0.10363 0.00354065 -0.0302356
0.0989267 0.0032775 -0.031266
0.0923811 0.00285633 -0.0326505
0.0846205 0.00239904 -0.0339857
0.0762023 0.00208987 -0.0352867
0.068068 0.0020115 -0.0363721
0.0608401 0.00211524 -0.0367782
0.0536534 0.00240953 -0.036754
0.0456939 0.00290607 -0.0368317
0.0376435 0.00352275 -0.0370792
0.0305647 0.00418997 -0.0374907
0.0249451 0.00479163 -0.038151
0.021224 0.00518094 -0.0388296
0.0196854 0.0052712 -0.0390878
0.0193532 0.00502429 -0.0387993
0.0183625 0.00449962 -0.0383008
0.0156943 0.00380664 -0.0378815
0.0114505 0.0030457 -0.0375567
0.00551653 0.00229864 -0.0373508
-0.00229997 0.00167392 -0.0372164
-0.0114557 0.001278 -0.0369269
-0.0216822 0.00108826 -0.0366894
-0.0329955 0.00104651 -0.0371834
-0.044742 0.000995303 -0.0384278
-0.0560788 0.000711205 -0.0400863
-0.0667639 0.00015808 -0.0418459
-0.07682 -0.000612945 -0.0433862
-0.0856985 -0.00160804 -0.044484
-0.0928638 -0.00279918 -0.0450412
-0.0980793 -0.00404077 -0.0451861
-0.10063 -0.00520159 -0.0450557
-0.0996554 -0.00618297 -0.0446661
-0.0948027 -0.00686276 -0.043833
-0.0857449 -0.00716084 -0.0424275
-0.07181 -0.0070805 -0.0403651
-0.0525611 -0.00666082 -0.0376314
-0.028248 -0.00600389 -0.0344444
0.000488447 -0.00526046 -0.0311171
0.0332612 -0.00451571 -0.0277528
0.0703459 -0.00378031 -0.0245243
0.111545 -0.00329348 -0.0211634
0.156677 -0.00296419 -0.0173775
0.206001 -0.00262567 -0.0132288
0.258769 -0.00235894 -0.00816159
0.313559 -0.00198318 -0.00266798
0.370139 -0.00148439 0.00277878
0.429309 -0.00101267 0.00843413
0.490814 -0.000605282 0.0142846
0.554067 -0.000193871 0.0199819
0.619245 0.000232756 0.0259332
0.686946 0.000703403 0.0328684
0.757411 0.00126346 0.0407401
0.831044 0.00192538 0.0497554
0.908699 0.00265498 0.0601899
0.990308 0.00351735 0.0717991
1.07488 0.0047567 0.0842134
1.16212 0.00643435 0.0975451
1.25308 0.00826411 0.111907
1.34905 0.00980835 0.126977
1.4511 0.010712 0.142522
1.5603 0.0107727 0.15874
1.67753 0.0099711 0.175926
1.80323 0.00841892 0.194369
1.93715 0.00625011 0.214219
2.07893 0.00360294 0.2357
2.22816 0.00063649 0.25898
2.38401 -0.0023887 0.283951
2.54548 -0.00511458 0.310394
2.7119 -0.00725852 0.338276
2.8828 -0.00869227 0.367496
3.05734 -0.00937386 0.397877
3.23403 -0.00932451 0.429329
3.41075 -0.00861305 0.461865
3.58436 -0.00732368 0.495308
3.75079 -0.00558762 0.529324
3.90555 -0.00361006 0.563488
4.04426 -0.00163688 0.597339
4.16296 9.93635e-05 0.630464
4.25821 0.00143412 0.662331
4.32732 0.00230096 0.692277
4.36885 0.00268288 0.719631
4.38263 0.00256243 0.743832
4.36935 0.00195354 0.764555
4.33021 0.000906194 0.781486
4.26715 -0.000493581 0.794161
4.18257 -0.0021762 0.80202
4.07941 -0.00404428 0.804667
3.96162 -0.00594764 0.802106
3.83337 -0.00779452 0.794588
3.69816 -0.00951582 0.782689
3.55899 -0.0110987 0.767155
3.4188 -0.0125546 0.74885
3.2794 -0.0138187 0.728846
3.14077 -0.0147647 0.707883
3.00401 -0.0152756 0.686471
2.87378 -0.0152629 0.664896
2.7579 -0.0146076 0.642863
2.6674 -0.0131944 0.619504
2.61292 -0.0110627 0.594611
2.60008 -0.00851336 0.569405
2.63015 -0.006058 0.54625
2.70046 -0.00411333 0.52841
2.80474 -0.00276902 0.518997
2.93411 -0.00242743 0.519351
3.07858 -0.00357157 0.529687
3.22882 -0.00609175 0.549868
3.37972 -0.00958373 0.575154
3.5284 -0.0146519 0.601171
3.67047 -0.0216839 0.624197
3.80068 -0.0300665 0.642102
3.91345 -0.0393895 0.657982
4.00116 -0.0490489 0.671375
4.05439 -0.0578862 0.680656
4.06889 -0.0652671 0.68595
4.04631 -0.0717799 0.688078
3.98833 -0.0771941 0.68632
3.89477 -0.0804689 0.678433
3.76644 -0.0813084 0.66508
3.60396 -0.0800336 0.647297
3.40346 -0.076957 0.623551
3.16075 -0.0725556 0.592007
2.87718 -0.067737 0.553065
2.55834 -0.0632024 0.507679
2.2109 -0.0597587 0.453744
1.84232 -0.0580309 0.394249
1.45739 -0.0584109 0.335116
1.05436 -0.0619155 0.27816
0.629358 -0.0685916 0.224315
0.183251 -0.0769189 0.174193
-0.273939 -0.0851177 0.131945
-0.727174 -0.0913137 0.102549
-1.15712 -0.0938118 0.0689299
-1.55083 -0.0936899 0.018395
-1.92032 -0.0924341 -0.021099
-2.28376 -0.0901707 -0.037118
-2.63819 -0.0881449 -0.0497866
-2.96746 -0.0877668 -0.0709645
-3.26229 -0.0882249 -0.0891857
-3.52171 -0.0890871 -0.0907811
-3.7392 -0.090553 -0.0782015
-3.90551 -0.0921117 -0.0620863
-4.02085 -0.0938031 -0.0476822
-4.08985 -0.0955111 -0.0304769
-4.11828 -0.097807 -0.00890745
-4.11411 -0.100877 0.0167467
-4.0874 -0.10425 0.0483942
-4.05011 -0.107933 0.0812634
-4.01278 -0.111396 0.111463
-3.98285 -0.113548 0.137209
-3.96343 -0.113736 0.158439
-3.95443 -0.112072 0.179124
-3.95686 -0.10938 0.197636
-3.97222 -0.106487 0.213246
-4.00026 -0.103731 0.228138
-4.0399 -0.100586 0.244204
-4.09086 -0.0961824 0.2622
-4.15216 -0.0899439 0.279969
-4.21965 -0.0818678 0.291218
-4.28805 -0.0726417 0.291942
-4.35427 -0.0631544 0.280354
-4.41785 -0.0541472 0.258814
-4.47982 -0.0458279 0.235574
-4.54209 -0.0379883 0.217039
-4.60615 -0.0304776 0.206892
-4.67169 -0.0235748 0.202052
-4.73772 -0.0182016 0.1957
-4.80458 -0.0155297 0.183306
-4.87399 -0.0164026 0.163965
-4.94705 -0.0210368 0.139421
-5.02364 -0.0293068 0.111187
-5.10317 -0.0409178 0.0815865
-5.18513 -0.0552842 0.0530631
-5.26995 -0.0716827 0.027445
-5.359 -0.0894772 0.005858
-5.45403 -0.108128 -0.0107911
-5.55828 -0.12706 -0.0222244
-5.67631 -0.14568 -0.0286365
-5.81139 -0.163543 -0.030249
-5.96374 -0.180339 -0.0282149
-6.13081 -0.195782 -0.024701
-6.30903 -0.209553 -0.0224392
-6.4948 -0.221278 -0.0228183
-6.68437 -0.230625 -0.0246113
-6.87385 -0.237294 -0.0259928
-7.05966 -0.241017 -0.0267359
-7.23871 -0.241655 -0.027648
-7.4078 -0.239177 -0.0292365
-7.56375 -0.23365 -0.0314475
-7.70416 -0.225287 -0.0341425
-7.827 -0.214452 -0.0374244
-7.93022 -0.201646 -0.0418022
-8.01257 -0.18754 -0.0477217
-8.07423 -0.172938 -0.055124
-8.11632 -0.158667 -0.0632985
-8.13971 -0.145485 -0.0716638
-8.14494 -0.134049 -0.0803999
-8.13284 -0.124874 -0.0894177
-8.10439 -0.118336 -0.097925
-8.05977 -0.114656 -0.10517
-7.99802 -0.113754 -0.111327
-7.91859 -0.115363 -0.116904
-7.82262 -0.119187 -0.121858
-7.71182 -0.124876 -0.125921
-7.58695 -0.13202 -0.129606
-7.44815 -0.140168 -0.134361
-7.29625 -0.149075 -0.139874
-7.13204 -0.158156 -0.144919
-6.95731 -0.166613 -0.149236
-6.77507 -0.174008 -0.152549
-6.58797 -0.179808 -0.155474
-6.39919 -0.183736 -0.159204
-6.21253 -0.185707 -0.164449
-6.03209 -0.185619 -0.171122
-5.86161 -0.183441 -0.178736
-5.70347 -0.179073 -0.187293
-5.55881 -0.172598 -0.197281
-5.42793 -0.164292 -0.209079
-5.31086 -0.154564 -0.222709
-5.20726 -0.143862 -0.238039
-5.11619 -0.132695 -0.25477
-5.03614 -0.121637 -0.27233
-4.96482 -0.111271 -0.290003
-4.89943 -0.102198 -0.306886
-4.83695 -0.0949681 -0.322539
-4.77427 -0.0900665 -0.336345
-4.70866 -0.0877942 -0.347791
-4.63808 -0.088226 -0.357277
-4.56061 -0.0914143 -0.364417
-4.47381 -0.0976292 -0.368133
-4.37551 -0.107104 -0.368541
-4.26443 -0.119621 -0.366741
-4.14028 -0.134551 -0.362841
-4.00389 -0.151063 -0.356951
-3.85841 -0.167775 -0.349623
-3.70843 -0.182701 -0.340744
-3.55799 -0.193993 -0.330302
-3.4102 -0.200298 -0.318793
-3.26685 -0.200838 -0.307351
-3.12847 -0.195303 -0.29719
-2.99458 -0.183658 -0.28874
-2.86387 -0.166241 -0.281869
-2.73446 -0.143981 -0.276404
-2.6043 -0.118366 -0.272231
-2.47186 -0.0912893 -0.268734
-2.33578 -0.0648976 -0.264887
-2.19429 -0.0414042 -0.259843
-2.0453 -0.0226998 -0.253291
-1.88643 -0.00993354 -0.245165
-1.71605 -0.00337498 -0.235346
-1.53429 -0.00249793 -0.223679
-1.34313 -0.00620603 -0.210403
-1.14597 -0.0130571 -0.19636
-0.946706 -0.0213886 -0.182421
-0.748948 -0.0293123 -0.169222
-0.555983 -0.0346697 -0.15693
-0.370537 -0.0353303 -0.145549
-0.194849 -0.0300402 -0.133594
-0.0309972 -0.0187681 -0.116392
0.120066 -0.00273341 -0.0958023
0.2588 0.015295 -0.0745484
0.386673 0.0322619 -0.0515535
0.506933 0.0458723 -0.0283756
0.623648 0.0540549 -0.00578746
0.739218 0.0556272 0.0163634
0.854805 0.0508283 0.0384297
0.971353 0.0408155 0.0605488
1.08894 0.0272536 0.0828853
1.20673 0.0118509 0.105245
1.32356 -0.00381642 0.127395
1.43804 -0.0182349 0.14889
1.54856 -0.0299256 0.169237
1.65345 -0.0376609 0.188212
1.75132 -0.0406313 0.205649
1.8413 -0.0385243 0.221474
1.9229 -0.0317966 0.235744
1.99594 -0.0215775 0.248479
2.06031 -0.00930561 0.259939
2.11629 0.00340858 0.270653
2.16458 0.0149473 0.281176
2.20611 0.023871 0.29189
2.24205 0.0290296 0.302999
2.27364 0.029766 0.314454
2.30166 0.0261321 0.325958
2.32617 0.0189249 0.337215
2.34635 0.00952847 0.34813
2.36066 -0.000418025 0.358597
2.3676 -0.00940034 0.368318
2.36643 -0.0162788 0.376856
2.35736 -0.020357 0.383628
2.3412 -0.0213644 0.388165
2.31901 -0.0194417 0.390488
2.292 -0.0151391 0.391122
2.26161 -0.00939715 0.390557
2.23001 -0.00350253 0.388987
2.20029 0.00105554 0.386628
2.17556 0.00287641 0.383884
2.15793 0.000962671 0.381326
2.14809 -0.00507344 0.37951
2.14592 -0.0149891 0.378734
2.15133 -0.0280251 0.378987
2.16431 -0.0430784 0.380054
2.18429 -0.0588627 0.381723
2.20956 -0.0740434 0.383899
2.23749 -0.0873922 0.386541
2.26558 -0.09797 0.389561
2.2925 -0.105309 0.392821
2.31809 -0.109537 0.396152
2.34291 -0.111375 0.399379
2.36769 -0.112003 0.402433
2.39332 -0.112815 0.40539
2.42093 -0.115162 0.40837
2.45145 -0.120121 0.411427
2.48513 -0.128302 0.414572
2.52133 -0.139741 0.417871
2.55875 -0.153974 0.421452
2.59554 -0.170191 0.425305
2.62948 -0.187401 0.429213
2.65828 -0.204598 0.432826
2.67972 -0.220868 0.435753
2.6916 -0.235438 0.437605
2.69158 -0.247722 0.437943
2.67708 -0.257361 0.43635
2.64556 -0.264253 0.432625
2.59501 -0.268544 0.426846
2.52435 -0.270593 0.418982
2.43396 -0.270961 0.408924
2.32587 -0.270309 0.396566
2.20329 -0.269253 0.38181
2.06977 -0.268298 0.364759
1.92853 -0.267821 0.345723
1.7824 -0.268048 0.325127
1.63392 -0.269048 0.303334
1.4855 -0.270728 0.280573
1.33907 -0.272796 0.257016
1.19555 -0.27478 0.232898
1.05488 -0.276105 0.208469
0.916583 -0.27618 0.183985
0.780415 -0.274508 0.159656
0.646677 -0.270803 0.135619
0.516134 -0.2651 0.112172
0.389625 -0.257766 0.0898649
0.268101 -0.249486 0.069166
0.153098 -0.241132 0.0504487
0.046671 -0.233463 0.0343707
-0.0491869 -0.226985 0.0222184
-0.132782 -0.222048 0.0148501
-0.202975 -0.218968 0.0115916
-0.259515 -0.21823 0.0113932
-0.303121 -0.220586 0.0135116
-0.336037 -0.226562 0.016754
-0.362759 -0.235901 0.019397
-0.388683 -0.247712 0.0210008
-0.417648 -0.260947 0.0225135
-0.451962 -0.274406 0.0246192
-0.492168 -0.286482 0.0283276
-0.536601 -0.295584 0.0345356
-0.583545 -0.30093 0.042403
-0.632151 -0.302281 0.0505391
-0.682197 -0.299635 0.0584536
-0.734185 -0.293416 0.0660166
-0.788675 -0.284099 0.0727843
-0.845756 -0.271927 0.0783513
-0.905173 -0.257101 0.0829407
-0.966305 -0.239896 0.086891
-1.02822 -0.220862 0.0902653
-1.09037 -0.201186 0.0930415
-1.15313 -0.182644 0.0951559
-1.21746 -0.167025 0.0965298
-1.28418 -0.155575 0.0970826
-1.35317 -0.148651 0.0968901
-1.42294 -0.145736 0.0962759
-1.49116 -0.145994 0.0956138
-1.55596 -0.148856 0.0951879
-1.61676 -0.154121 0.0952337
-1.67418 -0.161795 0.0960256
-1.72941 -0.171727 0.0977282
-1.78309 -0.18301 0.100039
-1.83538 -0.193837 0.102221
-1.88701 -0.202356 0.10371
-1.93909 -0.207625 0.104564
-1.99247 -0.209766 0.105084
-2.04767 -0.20956 0.10537
-2.10494 -0.207829 0.105071
-2.16431 -0.204996 0.104067
-2.22564 -0.201255 0.10266
-2.28889 -0.197061 0.100878
-2.35393 -0.19323 0.0981071
-2.41967 -0.190339 0.0934902
-2.48385 -0.188143 0.0869375
-2.54439 -0.186048 0.0786214
-2.60031 -0.183643 0.0687743
-2.65174 -0.180606 0.0582335
-2.69938 -0.176642 0.0483598
-2.74337 -0.171267 0.0407623
-2.78272 -0.16374 0.0366596
-2.81634 -0.153651 0.0363017
-2.84412 -0.14144 0.0389605
-2.86662 -0.12813 0.0436614
-2.88509 -0.114846 0.0499853
-2.90174 -0.102438 0.0577729
-2.91891 -0.0913454 0.0663624
-2.93831 -0.0819534 0.0745825
-2.96086 -0.0749492 0.0814301
-2.98687 -0.071051 0.0863421
-3.01652 -0.0704093 0.089178
-3.04993 -0.0723725 0.090197
-3.0865 -0.0757832 0.0899046
-3.1245 -0.0795238 0.0888546
-3.16186 -0.0828699 0.0875458
-3.19735 -0.0854398 0.0862348
-3.23101 -0.0868913 0.0850082
-3.26354 -0.0867986 0.0841009
-3.29566 -0.0848338 0.0839346
-3.32834 -0.0810331 0.0849794
-3.36303 -0.075907 0.0874293
-3.40136 -0.0702425 0.091071
-3.44469 -0.0647691 0.0954193
-3.49354 -0.0599393 0.0998494
-3.54752 -0.055906 0.103822
-3.60549 -0.0526554 0.106924
-3.66578 -0.0500876 0.108812
-3.7264 -0.047972 0.109343
-3.78511 -0.0459258 0.108614
-3.83938 -0.0434255 0.106852
-3.8869 -0.0398876 0.104241
-3.92602 -0.0348813 0.100979
-3.95609 -0.0283332 0.0973658
-3.97773 -0.0205835 0.0938806
-3.99258 -0.012286 0.0910849
-4.00296 -0.00423856 0.0894981
-4.0113 0.00272662 0.0894301
-4.01964 0.00779219 0.0908167
-4.02952 0.0102344 0.0933421
-4.04166 0.00955633 0.0965988
-4.05563 0.00556314 0.100267
-4.07021 -0.00163163 0.104231
-4.08371 -0.0115826 0.108554
-4.09427 -0.0235921 0.113171
-4.10005 -0.036832 0.117841
-4.09907 -0.0504318 0.122386
-4.08946 -0.0635767 0.126714
-4.0698 -0.0755871 0.130761
-4.03975 -0.0860008 0.134416
-4.00027 -0.0946252 0.137567
-3.95325 -0.101561 0.140259
-3.90131 -0.107183 0.142635
-3.84741 -0.112059 0.144911
-3.79447 -0.116807 0.147207
-3.74479 -0.121966 0.149386
-3.69943 -0.127895 0.151246
-3.658 -0.134719 0.152675
-3.61892 -0.142329 0.153674
-3.5801 -0.150419 0.154248
-3.53941 -0.158536 0.15428
-3.49478 -0.166172 0.153647
-3.44426 -0.172859 0.15238
-3.3862 -0.178257 0.15062
-3.3197 -0.182214 0.148443
-3.24481 -0.184798 0.145767
-3.16234 -0.186285 0.142444
-3.07343 -0.187121 0.138456
-2.97914 -0.187849 0.133887
-2.88035 -0.189036 0.128857
-2.77797 -0.191182 0.123499
-2.67302 -0.194648 0.117872
-2.56642 -0.199568 0.112041
-2.4585 -0.205829 0.105986
-2.34902 -0.213163 0.0996695
-2.23754 -0.22119 0.0931525
-2.12392 -0.22948 0.0864217
-2.00865 -0.237614 0.0795788
-1.89283 -0.245183 0.0725892
-1.77796 -0.251817 0.0651745
-1.66651 -0.257274 0.0571135
-1.56203 -0.261395 0.0488566
-1.46844 -0.263975 0.0407632
-1.38916 -0.264779 0.0321525
-1.32658 -0.263733 0.0226574
-1.28159 -0.261025 0.0125588
-1.25291 -0.256968 0.00260906
-1.23716 -0.251733 -0.00615835
-1.23089 -0.245296 -0.0146037
-1.23258 -0.237728 -0.0228831
-1.24182 -0.229367 -0.0297364
-1.2568 -0.22101 -0.0355482
-1.27303 -0.21375 -0.0418731
-1.28469 -0.208241 -0.0496858
-1.28711 -0.204075 -0.0586511
-1.27796 -0.199885 -0.0682818
-1.25638 -0.194276 -0.0780306
-1.2214 -0.186688 -0.0871534
-1.17194 -0.177388 -0.0950729
-1.10754 -0.166954 -0.101263
-1.02885 -0.155943 -0.10515
-0.937703 -0.144582 -0.106395
-0.836311 -0.13282 -0.104573
-0.726233 -0.120767 -0.0998602
-0.608162 -0.108911 -0.0932816
-0.482249 -0.0980615 -0.085828
-0.348316 -0.0889472 -0.0777299
-0.205845 -0.081853 -0.0668558
-0.0538121 -0.0768991 -0.0516442
0.107295 -0.0743483 -0.033226
0.273983 -0.0748036 -0.0130469
0.442007 -0.0790303 0.0079826
0.607995 -0.0864912 0.0303597
0.770447 -0.0950503 0.0544569
0.929081 -0.103195 0.0797653
1.08396 -0.110604 0.105809
1.23611 -0.11718 0.131957
1.38611 -0.122875 0.157682
1.53355 -0.127361 0.18271
1.67699 -0.130155 0.206749
1.81435 -0.130825 0.229601
1.94428 -0.129062 0.251108
2.06666 -0.124948 0.271084
2.18229 -0.11911 0.289408
2.29146 -0.112463 0.306341
2.39306 -0.105642 0.322449
2.48506 -0.0987801 0.337894
2.56578 -0.0917324 0.352617
2.63452 -0.0844939 0.366751
2.69158 -0.0773412 0.380436
2.73814 -0.0707875 0.393554
2.77577 -0.0653819 0.40593
2.80604 -0.0614765 0.417516
2.82979 -0.0592188 0.428499
2.84697 -0.0586245 0.439025
2.85744 -0.0597217 0.449118
2.86198 -0.0626156 0.458823
2.86221 -0.0673976 0.468036
2.85986 -0.0739791 0.476716
2.85624 -0.0819946 0.485027
2.8521 -0.0908463 0.493007
2.84793 -0.0997823 0.500558
2.84435 -0.108049 0.507584
2.8419 -0.115052 0.513997
2.84052 -0.120387 0.519843
2.8397 -0.123814 0.525325
2.83889 -0.125279 0.53058
2.83781 -0.12488 0.535688
2.83696 -0.122851 0.540828
2.83736 -0.119539 0.546225
2.83994 -0.115366 0.552004
2.8452 -0.110787 0.558153
2.85311 -0.106262 0.564586
2.86336 -0.102226 0.570936
2.87565 -0.0990321 0.577689
2.89047 -0.0969275 0.585364
2.90945 -0.0960699 0.593555
2.93391 -0.0965074 0.601282
2.96297 -0.0981792 0.606844
2.99469 -0.100979 0.609484
3.02815 -0.104824 0.609715
3.06359 -0.109628 0.608137
3.10131 -0.115278 0.60491
3.14102 -0.121723 0.600333
3.18146 -0.128941 0.594976
3.22086 -0.136907 0.589578
3.25774 -0.145637 0.58486
3.2911 -0.155145 0.580982
3.31999 -0.165393 0.577887
3.34339 -0.176239 0.575879
3.36045 -0.187393 0.57472
3.37031 -0.198479 0.573798
3.37152 -0.209135 0.572895
3.36181 -0.218996 0.571722
3.33902 -0.227733 0.569904
3.30174 -0.235196 0.567175
3.24953 -0.24131 0.563286
3.18314 -0.245826 0.557672
3.10359 -0.248399 0.549797
3.01122 -0.248789 0.539301
2.9062 -0.246936 0.525899
2.78955 -0.242981 0.509344
2.66329 -0.237222 0.489422
2.52953 -0.230101 0.466107
2.38937 -0.222165 0.43983
2.24264 -0.213998 0.411332
2.08863 -0.206155 0.381357
1.92694 -0.199148 0.350605
1.75756 -0.193469 0.319506
1.58055 -0.189494 0.288178
1.39582 -0.187443 0.256766
1.20325 -0.187269 0.225641
1.00308 -0.188509 0.195321
0.796456 -0.190389 0.166335
0.585709 -0.19204 0.139158
0.374317 -0.19285 0.116124
0.166333 -0.192453 0.0972204
-0.0347583 -0.190509 0.0810696
-0.226515 -0.18701 0.0684112
-0.406443 -0.182471 0.058776
-0.571534 -0.17766 0.0514844
-0.719239 -0.173416 0.0464145
-0.848207 -0.170539 0.0434447
-0.95819 -0.169627 0.041866
-1.04974 -0.170949 0.0410088
-1.1239 -0.174451 0.0409795
-1.18192 -0.179806 0.042482
-1.2254 -0.186401 0.0463611
-1.25676 -0.193405 0.0538188
-1.27847 -0.19983 0.0666289
-1.29232 -0.20487 0.0848183
-1.30026 -0.208089 0.105326
-1.30513 -0.209158 0.126011
-1.31023 -0.207803 0.14695
-1.31823 -0.203818 0.168082
-1.33068 -0.197118 0.188759
-1.34825 -0.187851 0.208135
-1.37117 -0.176496 0.225809
-1.39973 -0.163832 0.241866
-1.43442 -0.150654 0.256444
-1.47576 -0.137532 0.269447
-1.52393 -0.124849 0.280576
-1.5787 -0.112881 0.289579
-1.6395 -0.101809 0.296421
-1.70563 -0.0917434 0.301295
-1.77654 -0.0827945 0.304612
-1.8518 -0.0751234 0.306746
-1.93092 -0.068935 0.307894
-2.01315 -0.0644236 0.30822
-2.09733 -0.0617319 0.307754
-2.18205 -0.0609776 0.306033
-2.26606 -0.0623288 0.303167
-2.34867 -0.066053 0.299473
-2.42987 -0.0724722 0.294974
-2.5102 -0.0818401 0.289949
-2.59046 -0.094216 0.284524
-2.6714 -0.109428 0.278865
-2.7535 -0.127136 0.273254
-2.83697 -0.146904 0.268211
-2.92172 -0.168227 0.264246
-3.00745 -0.190559 0.262105
-3.09371 -0.213222 0.262365
-3.17947 -0.235273 0.263792
-3.26257 -0.255676 0.265238
-3.3407 -0.273605 0.26719
-3.41306 -0.288437 0.269487
-3.48067 -0.299667 0.271141
-3.54483 -0.307049 0.272052
-3.60469 -0.310501 0.272322
-3.65792 -0.30998 0.271361
-3.70325 -0.30564 0.268703
-3.74048 -0.297765 0.264576
-3.76935 -0.286779 0.259665
-3.78886 -0.273241 0.254403
-3.79792 -0.257801 0.248746
-3.79622 -0.241145 0.242627
-3.7846 -0.223907 0.236548
-3.76448 -0.206722 0.231316
-3.73718 -0.190228 0.226816
-3.70352 -0.175121 0.223338
-3.66355 -0.161931 0.221287
-3.61784 -0.150961 0.220147
-3.56817 -0.142481 0.219519
-3.51624 -0.136607 0.219055
-3.46352 -0.133415 0.218652
-3.4111 -0.132837 0.218171
-3.35993 -0.134512 0.217396
-3.31105 -0.137903 0.216103
-3.26532 -0.142399 0.213936
-3.22344 -0.147481 0.210497
-3.18575 -0.152702 0.205529
-3.1524 -0.157703 0.199072
-3.12371 -0.162189 0.191386
-3.10017 -0.1659 0.182715
-3.08207 -0.168692 0.173169
-3.06921 -0.170603 0.162799
-3.06104 -0.171853 0.151742
-3.05699 -0.17277 0.140258
-3.0569 -0.173718 0.128689
-3.06086 -0.175002 0.117307
-3.06851 -0.17685 0.106161
-3.07848 -0.179447 0.0951224
-3.08822 -0.182931 0.0840474
-3.09484 -0.187364 0.0730205
-3.09597 -0.192659 0.0622629
-3.08982 -0.198535 0.0518502
-3.07486 -0.204607 0.0417697
-3.04931 -0.210506 0.0319271
-3.01139 -0.215979 0.0221047
-2.95994 -0.22091 0.0119912
-2.89473 -0.225224 0.00177505
-2.81592 -0.22897 -0.00773504
-2.72353 -0.232571 -0.0157292
-2.618 -0.236508 -0.0223527
-2.50085 -0.240953 -0.0282932
-2.37442 -0.245837 -0.0334677
-2.24133 -0.250896 -0.0372898
-2.10394 -0.255743 -0.0390093
-1.96376 -0.260007 -0.0381795
-1.82133 -0.263555 -0.0354021
-1.67656 -0.266582 -0.0313945
-1.52964 -0.269419 -0.0263352
-1.38123 -0.272406 -0.0203866
-1.23204 -0.275757 -0.0137183
-1.08241 -0.279297 -0.00660224
-0.932253 -0.282447 0.000608065
-0.781796 -0.284597 0.00748497
-0.632007 -0.285388 0.0136719
-0.484541 -0.284775 0.0193964
-0.341325 -0.283032 0.02535
-0.204184 -0.280399 0.0318888
-0.074837 -0.276727 0.0392583
0.0453545 -0.271622 0.0472836
0.155673 -0.264795 0.0553938
0.256037 -0.256295 0.0633568
0.346849 -0.24644 0.0711341
0.428691 -0.235601 0.078871
0.502076 -0.224084 0.086667
0.56752 -0.212073 0.0945464
0.626146 -0.199698 0.102533
0.679918 -0.187127 0.110508
0.730943 -0.174529 0.118192
0.780873 -0.161988 0.125363
0.830773 -0.149467 0.131919
0.881091 -0.136865 0.137825
0.931741 -0.124072 0.143103
0.982176 -0.111029 0.147825
1.03153 -0.0977144 0.152129
1.07883 -0.0841013 0.156141
1.12332 -0.0701664 0.159947
1.16449 -0.0559487 0.163633
1.20195 -0.0415874 0.167309
1.23537 -0.0273234 0.17104
1.26449 -0.0134893 0.174758
1.28921 -0.000426176 0.178365
1.30962 0.011638 0.181867
1.32602 0.0226443 0.185293
1.33902 0.0326214 0.188573
1.34961 0.041594 0.191583
1.35896 0.049602 0.1942
1.36821 0.056748 0.196312
1.37832 0.0632211 0.197879
1.39005 0.0692773 0.198957
1.40399 0.0751674 0.199652
1.42064 0.0810671 0.200062
1.44037 0.087051 0.200242
1.46333 0.0931122 0.200299
1.48937 0.099205 0.200449
1.51797 0.105277 0.200945
1.54819 0.111268 0.201986
1.57877 0.117089 0.203631
1.60838 0.122609 0.205776
1.636 0.12766 0.208252
1.66099 0.132077 0.210931
1.68317 0.135731 0.213721
1.7026 0.138543 0.216525
1.71926 0.140469 0.219222
1.73294 0.141484 0.221691
1.74324 0.141563 0.223812
1.74966 0.140701 0.225487
1.75189 0.138936 0.226619
1.74977 0.136378 0.227081
1.74332 0.133205 0.226761
1.73253 0.129613 0.225606
1.71733 0.125787 0.223547
1.69755 0.121879 0.2205
1.67312 0.117973 0.216487
1.64421 0.114072 0.211621
1.61116 0.110117 0.206067
1.57427 0.105987 0.200016
1.53374 0.101525 0.193655
1.48976 0.0965451 0.187161
1.4426 0.0908579 0.180688
1.39268 0.0843075 0.174348
1.3406 0.0768271 0.168218
1.28696 0.0684713 0.162342
1.23236 0.0594047 0.156706
1.17745 0.0498648 0.15127
1.12306 0.0401168 0.146005
1.07011 0.0303993 0.140869
1.01945 0.0208909 0.13581
0.971776 0.0117097 0.130789
0.927631 0.00291876 0.125767
0.887408 -0.00548478 0.120724
0.851424 -0.0135955 0.115653
0.819911 -0.0215926 0.11062
0.792876 -0.0297037 0.105809
0.769959 -0.0381869 0.101429
0.750439 -0.0472802 0.0976731
0.733169 -0.0571616 0.0948309
0.716612 -0.067925 0.0930254
0.699239 -0.0795149 0.0921561
0.679678 -0.0917945 0.0921187
0.656311 -0.10474 0.092756
0.627129 -0.118424 0.0936849
0.590123 -0.132833 0.0943823
0.543632 -0.14781 0.0945468
0.486523 -0.163127 0.0940395
0.418442 -0.178496 0.0928341
0.339993 -0.193566 0.0909788
0.252593 -0.207899 0.0885404
0.158121 -0.220934 0.0856261
0.058471 -0.232145 0.0823303
-0.0448473 -0.241251 0.0787303
-0.150856 -0.248262 0.074954
-0.259083 -0.253387 0.0710101
-0.369538 -0.256922 0.06688
-0.482477 -0.259159 0.062601
-0.598102 -0.260312 0.0580514
-0.716535 -0.26058 0.0532972
-0.837702 -0.260226 0.0486895
-0.960858 -0.259622 0.0446587
-1.08455 -0.259166 0.0416375
-1.20713 -0.259066 0.0398255
-1.32686 -0.259289 0.0394143
-1.44176 -0.259645 0.0405707
-1.54967 -0.259928 0.0432658
-1.64851 -0.260084 0.0473927
-1.73664 -0.260143 0.052715
-1.81296 -0.260012 0.0589208
-1.87689 -0.259416 0.06573
-1.92856 -0.25796 0.0728679
-1.96906 -0.255251 0.0800198
-2.00059 -0.251159 0.0868823
-2.02615 -0.245877 0.0932349
-2.04889 -0.239732 0.0990977
-2.07148 -0.233067 0.104643
-2.09581 -0.22612 0.110056
-2.12298 -0.219043 0.11547
-2.15361 -0.212004 0.120912
-2.18807 -0.205246 0.126394
-2.22624 -0.199057 0.131815
-2.26736 -0.193637 0.136911
-2.30992 -0.188972 0.141448
-2.35184 -0.184834 0.145282
-2.39073 -0.180919 0.148304
-2.42449 -0.176999 0.150444
-2.45177 -0.172978 0.15172
-2.47221 -0.16886 0.152281
-2.4862 -0.164693 0.152406
-2.49466 -0.160538 0.152411
-2.49875 -0.1565 0.152538
-2.49967 -0.152765 0.152891
-2.49871 -0.149588 0.153472
-2.49717 -0.147231 0.154265
-2.49626 -0.145868 0.155282
-2.49692 -0.145522 0.156537
-2.4996 -0.146053 0.157896
-2.50409 -0.147222 0.159127
-2.50957 -0.148755 0.16004
-2.51486 -0.150358 0.160544
-2.51883 -0.151727 0.160592
-2.52072 -0.15256 0.160043
-2.52013 -0.15258 0.158733
-2.51688 -0.1516 0.156554
-2.51089 -0.149564 0.153501
-2.50229 -0.146559 0.149623
-2.49149 -0.142781 0.144991
-2.4791 -0.138483 0.139679
-2.46563 -0.133922 0.133787
-2.45124 -0.129332 0.127463
-2.43571 -0.124924 0.120888
-2.41872 -0.120857 0.114212
-2.40015 -0.117186 0.107511
-2.38009 -0.113837 0.100835
-2.35857 -0.11066 0.094237
-2.33523 -0.107477 0.0877397
-2.30942 -0.104113 0.0813336
-2.28049 -0.100436 0.0749955
-2.24805 -0.0963718 0.068656
-2.21195 -0.0919039 0.0621996
-2.17214 -0.0870746 0.055519
-2.12858 -0.0819751 0.0485195
-2.08128 -0.0767259 0.04114
-2.03054 -0.0714432 0.033443
-1.97705 -0.0662148 0.0255083
-1.92165 -0.061092 0.0173575
-1.86517 -0.0560759 0.00904234
-1.8084 -0.0511297 0.000662789
-1.75206 -0.0462012 -0.00757911
-1.69678 -0.0412364 -0.0156015
-1.6433 -0.0361864 -0.0228948
-1.59217 -0.0309825 -0.0293413
-1.54322 -0.0255774 -0.0355259
-1.49573 -0.020018 -0.0416043
-1.44886 -0.0144312 -0.0475323
-1.40197 -0.00894394 -0.0532905
-1.35463 -0.00371167 -0.0588706
-1.30659 0.00104492 -0.0642114
-1.25779 0.00508238 -0.0692959
-1.20839 0.00806364 -0.0740683
-1.15856 0.00957413 -0.0784817
-1.10856 0.0093685 -0.0826196
-1.05883 0.00755879 -0.0865691
-1.00995 0.00454281 -0.090138
-0.962457 0.000833179 -0.0929728
-0.916642 -0.00307757 -0.094919
-0.872503 -0.00682111 -0.0960144
-0.82975 -0.0101677 -0.0963597
-0.787976 -0.012961 -0.096069
-0.746904 -0.0150795 -0.0952378
-0.706366 -0.0164172 -0.0939104
-0.666149 -0.0169373 -0.0920954
-0.625915 -0.0167526 -0.0897899
-0.585197 -0.016133 -0.0870777
-0.543516 -0.0154438 -0.084106
-0.50047 -0.0150472 -0.0809841
-0.455771 -0.0152344 -0.0777717
-0.409269 -0.0161841 -0.0745089
-0.360957 -0.0179776 -0.0712258
-0.311006 -0.0206342 -0.0678496
-0.259786 -0.0241077 -0.0642861
-0.207787 -0.0282762 -0.0605146
-0.155541 -0.0329455 -0.0565545
-0.103568 -0.0378733 -0.0523443
-0.0523345 -0.0428218 -0.047757
-0.00225867 -0.0475976 -0.0426989
0.0463209 -0.0520666 -0.0371178
0.0931802 -0.0561683 -0.0310786
0.138202 -0.0599087 -0.0247757
0.181406 -0.0633396 -0.0183076
0.222932 -0.0665316 -0.0116895
0.262932 -0.0695472 -0.00506426
0.301453 -0.072453 0.00141184
0.338362 -0.075331 0.00757194
0.373308 -0.0782314 0.0132879
0.405784 -0.0811459 0.0185321
0.435319 -0.0840284 0.0232905
0.461635 -0.0868211 0.0275782
0.484668 -0.0894896 0.0313988
0.50453 -0.0920308 0.0347563
0.521428 -0.0944427 0.0376929
0.535638 -0.0967049 0.040305
0.547502 -0.0987896 0.0427182
0.5574 -0.100681 0.0450266
0.565788 -0.102389 0.0472741
0.573173 -0.103945 0.0494712
0.580046 -0.105377 0.0516176
0.586825 -0.106684 0.053716
0.593769 -0.107841 0.0557623
0.600939 -0.108814 0.0577377
0.608118 -0.109571 0.0596037
0.614715 -0.110093 0.061307
0.619911 -0.110362 0.0627947
0.622833 -0.110356 0.0639956
0.622756 -0.110045 0.0648055
0.619311 -0.109407 0.0651095
0.612459 -0.108439 0.0648062
0.602383 -0.107166 0.0638348
0.58935 -0.105628 0.0621967
0.573573 -0.103875 0.0599346
0.555183 -0.10195 0.0571022
0.534269 -0.099886 0.0537543
0.510972 -0.0977124 0.0499423
0.485546 -0.0954487 0.0457129
0.458342 -0.0931011 0.0411126
0.429773 -0.0906592 0.0361763
0.400237 -0.0880996 0.0309328
0.370106 -0.0853942 0.0254347
0.339753 -0.0825243 0.0197688
0.309536 -0.0794905 0.0140413
0.279759 -0.076322 0.00836354
0.250658 -0.0730654 0.00282063
0.222378 -0.069772 -0.00254016
0.194951 -0.0665155 -0.00768407
0.168356 -0.0633695 -0.0125831
0.142517 -0.0603818 -0.0172229
0.117283 -0.0575611 -0.021556
0.0924233 -0.0548563 -0.0255499
0.0676334 -0.0521907 -0.029245
0.0426524 -0.0494939 -0.032777
0.0173116 -0.0467143 -0.0363063
-0.00855214 -0.0438086 -0.0399029
-0.0351465 -0.0407104 -0.0435504
-0.0627222 -0.0373492 -0.047191
-0.0914949 -0.0336962 -0.0507967
-0.121599 -0.0297942 -0.0543322
-0.153146 -0.0257522 -0.0577205
-0.186306 -0.0217103 -0.0608441
-0.221334 -0.0178022 -0.0636263
-0.258517 -0.0141369 -0.066091
-0.298051 -0.0107932 -0.0682637
-0.340006 -0.00782737 -0.0701391
-0.384304 -0.00528559 -0.0717589
-0.43066 -0.0032061 -0.073214
-0.478588 -0.00159481 -0.0745287
-0.527394 -0.000404232 -0.0757135
-0.576255 0.000453872 -0.0767897
-0.624354 0.00108784 -0.0777614
-0.671031 0.00160701 -0.0786156
-0.715936 0.0021008 -0.0792908
-0.759029 0.00263138 -0.0797354
-0.800525 0.00322916 -0.0799395
-0.840745 0.00388207 -0.0798916
-0.879996 0.00453762 -0.0795402
-0.918473 0.00511198 -0.0788751
-0.956151 0.00549596 -0.0779255
-0.992879 0.00557899 -0.0767187
-1.02844 0.00528895 -0.0753032
-1.06255 0.00460974 -0.0737276
-1.09495 0.00356591 -0.0720177
-1.12547 0.00219204 -0.0701852
-1.15399 0.00052749 -0.0682436
-1.18037 -0.00136718 -0.066221
-1.20437 -0.00340808 -0.0640948
-1.22568 -0.00548998 -0.0618247
-1.24398 -0.00750337 -0.0593873
-1.25904 -0.00937052 -0.0567345
-1.27086 -0.0110646 -0.0538425
-1.27966 -0.0126039 -0.0506894
-1.28588 -0.0140393 -0.0472653
-1.29006 -0.0154324 -0.0436075
-1.29277 -0.0168261 -0.0397793
-1.29455 -0.0182518 -0.0358541
-1.2959 -0.0197512 -0.0319175
-1.29725 -0.0213655 -0.0280726
-1.29887 -0.0231223 -0.0244128
-1.30087 -0.0250208 -0.0210118
-1.30319 -0.0270283 -0.0179244
-1.30572 -0.0290999 -0.0151936
-1.30844 -0.0311973 -0.0128555
-1.31141 -0.0333052 -0.0109275
-1.31481 -0.0354356 -0.00941543
-1.31884 -0.0376206 -0.00831736
-1.32366 -0.0399002 -0.00762682
-1.32931 -0.0423119 -0.00732769
-1.3358 -0.0448884 -0.007396
-1.34308 -0.0476544 -0.00780382
-1.35115 -0.0506199 -0.00852004
-1.35995 -0.0537723 -0.00951473
-1.36937 -0.0570708 -0.0107519
-1.37917 -0.0604537 -0.0121888
-1.38902 -0.0638526 -0.0137881
-1.39846 -0.0672032 -0.0155169
-1.40695 -0.0704512 -0.0173417
-1.4139 -0.073553 -0.0192303
-1.41873 -0.0764721 -0.0211458
-1.42102 -0.0791769 -0.0230479
-1.42057 -0.0816467 -0.0249091
-1.41746 -0.0838871 -0.026708
-1.41181 -0.0859376 -0.0284143
-1.40369 -0.0878651 -0.0300045
-1.39302 -0.0897473 -0.0314598
-1.37966 -0.0916525 -0.0327682
-1.36349 -0.0936191 -0.0339311
-1.34452 -0.0956505 -0.0349447
-1.32296 -0.097727 -0.0357975
-1.29908 -0.0998137 -0.0364789
-1.27325 -0.101866 -0.0369871
-1.24581 -0.103833 -0.0373338
-1.21713 -0.105667 -0.037542
-1.18753 -0.107321 -0.0376501
-1.15734 -0.108754 -0.0376997
-1.12679 -0.109943 -0.0377277
-1.09603 -0.110884 -0.0377718
-1.06517 -0.1116 -0.0378616
-1.03415 -0.112141 -0.0380232
-1.00287 -0.112579 -0.0382847
-0.971196 -0.112989 -0.0386712
-0.939034 -0.113437 -0.0391933
-0.906408 -0.113968 -0.0398376
-0.873485 -0.114602 -0.0405796
-0.840567 -0.115331 -0.0413885
-0.808008 -0.116123 -0.0422205
-0.776126 -0.116928 -0.0430208
-0.745236 -0.117681 -0.0437491
-0.715709 -0.118309 -0.0443807
-0.68794 -0.118732 -0.0448859
-0.662297 -0.118874 -0.0452527
-0.638975 -0.11867 -0.0454937
-0.617862 -0.118075 -0.0456408
-0.598581 -0.11707 -0.0457585
-0.580607 -0.11567 -0.0459223
-0.56344 -0.11392 -0.0461918
-0.546733 -0.111885 -0.0464587
-0.530322 -0.109604 -0.0467318
-0.514185 -0.107109 -0.0471978
-0.498356 -0.104465 -0.0478837
-0.48293 -0.10175 -0.0487045
-0.468071 -0.0990054 -0.0495388
-0.453898 -0.096243 -0.0502943
-0.440415 -0.0934569 -0.0509045
-0.427517 -0.090643 -0.0513193
-0.415042 -0.0878047 -0.0515197
-0.402852 -0.0849365 -0.0515342
-0.390799 -0.0820113 -0.0514204
-0.37867 -0.0789871 -0.0512606
-0.366196 -0.0758225 -0.0511693
-0.35308 -0.0724923 -0.0512656
-0.339075 -0.069 -0.0516482
-0.324051 -0.0653752 -0.0523674
-0.308025 -0.0616543 -0.0533921
-0.291196 -0.0578573 -0.0544803
-0.273944 -0.0539649 -0.0554586
-0.256779 -0.0499434 -0.0563849
-0.240239 -0.045809 -0.0572831
-0.224865 -0.0416207 -0.0581211
-0.211181 -0.0374221 -0.0588591
-0.199582 -0.0332266 -0.0594895
-0.190218 -0.0290307 -0.0600155
-0.18295 -0.0248405 -0.0604465
-0.177443 -0.0206976 -0.0608264
-0.173279 -0.0166646 -0.0612369
-0.170035 -0.0127944 -0.0617559
-0.16737 -0.00911705 -0.0624245
-0.165071 -0.00563605 -0.0632533
-0.163125 -0.00233801 -0.0642375
-0.161711 0.000792044 -0.0653594
-0.16115 0.00376312 -0.0665949
-0.161832 0.00658391 -0.0679167
-0.164171 0.00927162 -0.0692879
-0.168551 0.0118511 -0.0706532
-0.17526 0.0143439 -0.0719458
-0.184425 0.016752 -0.0731285
-0.195928 0.0190514 -0.0741978
-0.209415 0.0211976 -0.0751363
-0.224334 0.0231311 -0.0759327
-0.240052 0.0247856 -0.0766291
-0.255987 0.0261142 -0.0772999
-0.271711 0.0270968 -0.0780001
-0.286974 0.0277321 -0.0787532
-0.301647 0.0280281 -0.07956
-0.315686 0.0280021 -0.0803999
-0.329077 0.0276923 -0.0812428
-0.341797 0.0271662 -0.0820543
-0.353785 0.0265132 -0.0827936
-0.364892 0.0258143 -0.0834213
-0.374876 0.0251229 -0.0839059
-0.383464 0.0244598 -0.0842283
-0.39041 0.0238224 -0.084376
-0.395522 0.0232002 -0.0843382
-0.398669 0.0225786 -0.0841191
-0.399762 0.0219343 -0.0837426
-0.398794 0.0212308 -0.0832467
-0.395924 0.0204181 -0.0826722
-0.39157 0.0194403 -0.0820344
-0.386439 0.0182484 -0.081327
-0.38139 0.0168074 -0.0805044
-0.377285 0.0150856 -0.0794098
-0.37485 0.0130381 -0.0780117
-0.374591 0.0106222 -0.0765023
-0.376863 0.00784704 -0.0749951
-0.381939 0.00477471 -0.0735364
-0.389994 0.00147271 -0.0722035
-0.401072 -0.00201204 -0.0710427
-0.415102 -0.00564123 -0.0700862
-0.431969 -0.00935983 -0.0693671
-0.45157 -0.0130842 -0.0688988
-0.473784 -0.0167233 -0.0686641
-0.498408 -0.0202153 -0.0686273
-0.525124 -0.0235418 -0.0687491
-0.553526 -0.0267233 -0.0689755
-0.583168 -0.0298062 -0.0692326
-0.613598 -0.0328462 -0.0694436
-0.644335 -0.0358991 -0.0695528
-0.674811 -0.0390202 -0.0695225
-0.704394 -0.0422616 -0.0693285
-0.732476 -0.0456618 -0.0689614
-0.758538 -0.0492328 -0.0684165
-0.782178 -0.0529519 -0.0676921
-0.803121 -0.056765 -0.0667927
-0.821203 -0.0605968 -0.0657151
-0.836394 -0.0643637 -0.0644436
-0.848786 -0.067985 -0.0629659
-0.858554 -0.0713869 -0.061284
-0.865915 -0.0745066 -0.0594227
-0.871076 -0.0772977 -0.0574151
-0.874257 -0.0797335 -0.0552862
-0.875777 -0.08181 -0.0530529
-0.876059 -0.0835474 -0.0507273
-0.875605 -0.0849905 -0.0483365
-0.87492 -0.0862022 -0.0459294
-0.874423 -0.0872561 -0.0435657
-0.874394 -0.0882294 -0.0413021
-0.874973 -0.089191 -0.0391813
-0.876269 -0.0901946 -0.037247
-0.878432 -0.0912743 -0.0355451
-0.881639 -0.0924425 -0.0341125
-0.886051 -0.0936933 -0.0329706
-0.891761 -0.0950044 -0.0321245
-0.89877 -0.0963412 -0.0315689
-0.907037 -0.0976596 -0.0312937
-0.916504 -0.0989117 -0.0312867
-0.927091 -0.100053 -0.0315297
-0.938685 -0.101047 -0.0319974
-0.951119 -0.101871 -0.0326559
-0.964168 -0.10251 -0.0334695
-0.977553 -0.102962 -0.0344079
-0.990911 -0.103228 -0.0354463
-1.00381 -0.103313 -0.0365632
-1.01576 -0.103228 -0.0377324
-1.02626 -0.102981 -0.0389235
-1.03491 -0.102582 -0.0401068
-1.04141 -0.102034 -0.041254
-1.0456 -0.10134 -0.0423411
-1.0474 -0.100501 -0.0433422
-1.04682 -0.0995119 -0.0442286
-1.04397 -0.0983653 -0.0449778
-1.03905 -0.0970504 -0.0455787
-1.03235 -0.0955542 -0.0460346
-1.02425 -0.0938653 -0.0463621
-1.01512 -0.0919772 -0.0465849
-1.00535 -0.0898893 -0.0467337
-0.995353 -0.0876064 -0.0468453
-0.985505 -0.0851393 -0.0469613
-0.976156 -0.082506 -0.0471291
-0.967563 -0.0797325 -0.0473967
-0.959856 -0.0768534 -0.0477993
-0.953035 -0.0739107 -0.0483555
-0.947047 -0.0709485 -0.049076
-0.94186 -0.0680073 -0.0499667
-0.93747 -0.0651194 -0.0510213
-0.933875 -0.0623058 -0.0522178
-0.93103 -0.0595759 -0.0535212
-0.928832 -0.0569269 -0.0548907
-0.927128 -0.0543445 -0.0562879
-0.925723 -0.0518057 -0.0576808
-0.924378 -0.0492817 -0.0590424
-0.922803 -0.0467422 -0.0603494
-0.92069 -0.0441589 -0.0615845
-0.917774 -0.041507 -0.062737
-0.913862 -0.0387672 -0.0638033
-0.908816 -0.0359285 -0.0647886
-0.902517 -0.0329912 -0.0657025
-0.894835 -0.0299676 -0.0665567
-0.885627 -0.0268808 -0.0673602
-0.874786 -0.023764 -0.068117
-0.862281 -0.0206557 -0.068832
-0.848175 -0.0175968 -0.0695092
-0.83262 -0.0146285 -0.0701484
-0.815848 -0.0117895 -0.0707485
-0.798184 -0.00911156 -0.0713079
-0.780065 -0.00661497 -0.0718312
-0.762019 -0.00430783 -0.0723296
-0.744607 -0.00218696 -0.0728207
-0.728315 -0.000239639 -0.0733225
-0.71346 0.00155375 -0.073849
-0.700157 0.00321671 -0.0744127
-0.688314 0.00477411 -0.0750299
-0.677692 0.00624719 -0.075731
-0.667958 0.00765157 -0.0765369
-0.658754 0.00899613 -0.0774443
-0.649779 0.0102762 -0.078432
-0.640862 0.0114764 -0.0794673
-0.632003 0.0125761 -0.080508
-0.623318 0.0135565 -0.0815193
-0.61497 0.0144032 -0.0824515
-0.607115 0.015101 -0.0832471
-0.599878 0.0156344 -0.0838681
-0.593338 0.015995 -0.0842908
-0.587505 0.0161854 -0.0845134
-0.582291 0.0162164 -0.0844943
-0.57745 0.0160975 -0.0842512
-0.572579 0.0158337 -0.0838904
-0.567193 0.0154423 -0.0835044
-0.560853 0.0149563 -0.0831678
-0.553262 0.0144008 -0.0829148
-0.544276 0.0137852 -0.0827512
-0.533883 0.0131075 -0.0826622
-0.522199 0.0123657 -0.0826056
-0.509484 0.0115702 -0.0825212
-0.496123 0.0107373 -0.0823409
-0.482577 0.00987278 -0.0820003
-0.469301 0.00896537 -0.081443
-0.45668 0.00798696 -0.0806341
-0.445004 0.00689837 -0.0796162
-0.434484 0.00567125 -0.0784605
-0.425307 0.00430059 -0.0772206
-0.417642 0.00278517 -0.0759626
-0.411615 0.00110833 -0.0747571
-0.40732 -0.000757599 -0.0736767
-0.40481 -0.00283155 -0.072791
-0.404108 -0.00510305 -0.0721521
-0.405198 -0.00753048 -0.0717839
-0.407979 -0.0100604 -0.0716759
-0.412257 -0.0126462 -0.0717857
-0.41777 -0.0152557 -0.0720455
-0.424282 -0.0178694 -0.0723726
-0.431674 -0.0204716 -0.0726841
-0.439947 -0.0230454 -0.0729025
-0.449169 -0.0255782 -0.0729656
-0.459366 -0.0280717 -0.0728376
-0.470464 -0.0305457 -0.0725186
-0.482251 -0.0330297 -0.0720451
-0.494361 -0.0355489 -0.0714728
-0.506304 -0.0381167 -0.0708569
-0.517507 -0.0407347 -0.070236
-0.527401 -0.0433989 -0.0696244
-0.535528 -0.0461068 -0.0690258
-0.54162 -0.0488577 -0.0684437
-0.545625 -0.0516453 -0.0678779
-0.547679 -0.0544509 -0.0673133
-0.548051 -0.0572445 -0.0667146
-0.547119 -0.0599915 -0.0660333
-0.545362 -0.0626624 -0.0652235
-0.543322 -0.0652373 -0.064249
-0.541545 -0.0677053 -0.063092
-0.540482 -0.0700601 -0.0617584
-0.540421 -0.072296 -0.0602809
-0.541469 -0.0744068 -0.0587243
-0.543568 -0.0763905 -0.0571731
-0.546567 -0.078256 -0.0557181
-0.550273 -0.0800249 -0.0544395
-0.554529 -0.0817262 -0.0533923
-0.559291 -0.0833873 -0.0525988
-0.564672 -0.0850256 -0.05205
-0.570954 -0.0866434 -0.0517169
-0.578505 -0.0882304 -0.0515595
-0.587651 -0.0897705 -0.051534
-0.598602 -0.0912457 -0.0515999
-0.611433 -0.0926384 -0.0517204
-0.626111 -0.0939306 -0.0518642
-0.642531 -0.0951007 -0.052011
-0.660499 -0.0961247 -0.0521521
-0.679689 -0.0969798 -0.0522892
-0.699637 -0.0976472 -0.0524352
-0.719769 -0.098115 -0.0526115
-0.739463 -0.0983806 -0.0528409
-0.758089 -0.0984492 -0.0531389
-0.775068 -0.0983319 -0.0534932
-0.789912 -0.0980418 -0.0538721
-0.802265 -0.097594 -0.0542675
-0.811946 -0.0970114 -0.0546483
-0.818985 -0.0963218 -0.0549061
-0.823625 -0.0955395 -0.0549416
-0.826259 -0.0946594 -0.0547151
-0.827337 -0.0936703 -0.0542171
-0.827311 -0.092561 -0.0534593
-0.826627 -0.0913164 -0.0524768
-0.82571 -0.0899155 -0.0513283
-0.824932 -0.0883293 -0.0500958
-0.824586 -0.0865242 -0.0488649
-0.824872 -0.0844748 -0.0477165
-0.825886 -0.0821765 -0.0467265
-0.827617 -0.0796526 -0.0459576
-0.829952 -0.0769556 -0.0454622
-0.832668 -0.0741583 -0.0452766
-0.835513 -0.0713375 -0.0454111
-0.838289 -0.06856 -0.0458457
-0.840932 -0.0658723 -0.04653
-0.843569 -0.0633012 -0.0473997
-0.846464 -0.0608605 -0.0483876
-0.849926 -0.058555 -0.0494339
-0.854212 -0.0563804 -0.0504951
-0.859449 -0.0543203 -0.051538
-0.86562 -0.052341 -0.0525447
-0.872573 -0.0503899 -0.0535146
-0.880064 -0.048401 -0.0544626
-0.88779 -0.0463066 -0.0554166
-0.895426 -0.0440524 -0.0564125
-0.90266 -0.0416086 -0.0574899
-0.909246 -0.0389752 -0.0586883
-0.915035 -0.0361805 -0.0600324
-0.919984 -0.0332764 -0.0615369
-0.924158 -0.0303297 -0.0631946
-0.927679 -0.0274123 -0.0649645
-0.930686 -0.0245955 -0.0667918
-0.933293 -0.0219397 -0.0686121
-0.935549 -0.0194873 -0.0703566
-0.937434 -0.0172591 -0.0719618
-0.938876 -0.0152536 -0.0733758
-0.939774 -0.0134466 -0.0745642
-0.940045 -0.0117926 -0.0755128
-0.939632 -0.0102313 -0.076229
-0.938502 -0.00869506 -0.0767406
-0.936632 -0.00711774 -0.0770898
-0.934026 -0.00544438 -0.0773268
-0.930702 -0.00363887 -0.0774991
-0.926714 -0.00169027 -0.0776454
-0.922142 0.000384793 -0.0777971
-0.917072 0.00254213 -0.0779715
-0.911595 0.00471321 -0.0781698
-0.905808 0.0068128 -0.0783855
-0.899856 0.00874798 -0.0786017
-0.893965 0.0104315 -0.0788026
-0.888423 0.0117939 -0.0789745
-0.883543 0.0127912 -0.0791026
-0.879596 0.0134075 -0.0791817
-0.876773 0.0136554 -0.0792119
-0.875168 0.0135748 -0.0791982
-0.874782 0.013227 -0.0791542
-0.875516 0.0126866 -0.0790992
-0.877171 0.0120328 -0.0790529
-0.879464 0.0113376 -0.0790312
-0.882057 0.0106575 -0.0790496
-0.884591 0.0100257 -0.079118
-0.886706 0.00944984 -0.0792309
-0.888059 0.00891211 -0.0793751
-0.888337 0.00837403 -0.079527
-0.887285 0.00778306 -0.0796507
-0.88475 0.0070804 -0.0797029
-0.880686 0.00620993 -0.0796392
-0.875138 0.00512534 -0.079422
-0.868185 0.00379644 -0.0790242
-0.85989 0.00221323 -0.0784317
-0.850301 0.00038804 -0.0776466
-0.839488 -0.00164533 -0.0766881
-0.827588 -0.00383565 -0.0755902
-0.814831 -0.00612108 -0.0743975
-0.801486 -0.00843807 -0.0731549
-0.787784 -0.0107303 -0.0719042
-0.773901 -0.0129556 -0.0706889
-0.75996 -0.0150906 -0.0695526
-0.746084 -0.0171337 -0.0685303
-0.732452 -0.0191047 -0.0676434
-0.719285 -0.0210421 -0.0668979
-0.706833 -0.0229967 -0.0662861
-0.695336 -0.0250218 -0.0657899
-0.685001 -0.0271634 -0.0653867
-0.675973 -0.0294533 -0.0650532
-0.668297 -0.0319061 -0.0647668
-0.661936 -0.0345169 -0.0645073
-0.656805 -0.0372616 -0.0642629
-0.652791 -0.0401001 -0.0640204
-0.649772 -0.042977 -0.0637679
-0.64761 -0.0458286 -0.0635056
-0.646135 -0.0485926 -0.0632395
-0.645142 -0.0512147 -0.0629841
-0.644381 -0.0536522 -0.0627551
-0.643566 -0.0558768 -0.0625603
-0.642386 -0.0578796 -0.0624028
-0.640555 -0.059671 -0.0622826
-0.637867 -0.0612774 -0.0621848
-0.634212 -0.0627358 -0.0620766
-0.629598 -0.0640888 -0.061919
-0.624112 -0.0653775 -0.0616791
-0.617862 -0.0666361 -0.0613393
-0.610949 -0.0678882 -0.0608976
-0.603439 -0.0691446 -0.0603629
-0.595367 -0.0704024 -0.0597491
-0.586761 -0.0716453 -0.0590751
-0.577664 -0.0728457 -0.0583626
-0.568167 -0.073968 -0.0576324
-0.558388 -0.0749768 -0.0569022
-0.548455 -0.0758416 -0.0561939
-0.538525 -0.076541 -0.055538
-0.52881 -0.0770667 -0.0549652
-0.519563 -0.0774219 -0.054496
-0.51106 -0.0776205 -0.0541401
-0.503563 -0.0776859 -0.0538981
-0.49728 -0.0776481 -0.0537648
-0.492366 -0.0775406 -0.0537337
-0.488936 -0.0773968 -0.0537996
-0.487069 -0.0772445 -0.053961
-0.486811 -0.0771034 -0.0542189
-0.488165 -0.0769832 -0.0545766
-0.491092 -0.076883 -0.055038
-0.495527 -0.0767924 -0.0556056
-0.501393 -0.0766923 -0.0562787
-0.508604 -0.0765583 -0.0570536
-0.517046 -0.0763633 -0.0579185
-0.52657 -0.0760808 -0.0588565
-0.536993 -0.0756882 -0.0598483
-0.548122 -0.0751708 -0.0608727
-0.559785 -0.0745225 -0.0619103
-0.571815 -0.073745 -0.062941
-0.584036 -0.0728472 -0.063943
-0.596237 -0.0718445 -0.0648999
-0.608171 -0.0707576 -0.0658011
-0.619554 -0.0696102 -0.0666378
-0.630062 -0.0684255 -0.0674028
-0.639352 -0.0672237 -0.0680908
-0.647105 -0.0660208 -0.0686952
-0.653051 -0.064827 -0.0692021
-0.657009 -0.0636471 -0.0695952
-0.658909 -0.0624809 -0.0698595
-0.658798 -0.0613227 -0.0699811
-0.656807 -0.0601618 -0.0699468
-0.653115 -0.058984 -0.0697474
-0.647927 -0.0577714 -0.0693796
-0.64145 -0.0565029 -0.0688478
-0.633904 -0.0551593 -0.0681566
-0.625524 -0.0537263 -0.0673132
-0.616546 -0.052196 -0.0663378
-0.607203 -0.050568 -0.0652629
-0.597759 -0.0488529 -0.0641381
-0.588555 -0.0470732 -0.0630148
-0.579996 -0.0452596 -0.0619561
-0.57253 -0.0434466 -0.0610219
-0.566595 -0.0416708 -0.0602573
-0.562584 -0.039966 -0.0597033
-0.560819 -0.0383591 -0.0593909
-0.561545 -0.036869 -0.0593408
-0.564921 -0.0355054 -0.0595589
-0.571004 -0.0342695 -0.0600376
-0.579722 -0.0331547 -0.0607554
-0.590863 -0.0321459 -0.0616837
-0.604092 -0.0312195 -0.0627907
-0.618958 -0.0303449 -0.0640408
-0.634956 -0.0294889 -0.0654001
-0.651571 -0.0286227 -0.0668343
-0.668311 -0.0277261 -0.0682926
-0.684726 -0.0267901 -0.0697315
-0.700418 -0.0258209 -0.0711085
-0.715076 -0.0248335 -0.0723861
-0.728461 -0.0238447 -0.0735432
-0.740387 -0.0228719 -0.0745562
-0.750702 -0.0219281 -0.0754035
-0.759292 -0.0210189 -0.0760711
-0.766069 -0.0201398 -0.0765527
-0.770972 -0.0192743 -0.0768457
-0.773947 -0.0183991 -0.0769531
-0.774926 -0.0174893 -0.0768865
-0.773848 -0.0165199 -0.0766702
-0.770696 -0.0154702 -0.0763327
-0.765528 -0.0143265 -0.0759018
-0.758495 -0.0130862 -0.0754007
-0.749855 -0.0117579 -0.0748295
-0.73998 -0.0103624 -0.0741858
-0.729363 -0.00893664 -0.0734859
-0.718602 -0.00752917 -0.0727382
-0.708347 -0.00619366 -0.0719558
-0.699244 -0.00498021 -0.0711581
-0.691864 -0.00392991 -0.0703821
-0.686656 -0.00307809 -0.0696889
-0.683933 -0.00244818 -0.0691194
-0.683854 -0.00205044 -0.0687167
-0.686418 -0.00188322 -0.0685276
-0.69146 -0.00193025 -0.0685794
-0.698704 -0.00216269 -0.0688877
-0.707822 -0.00254525 -0.069453
-0.718507 -0.0030399 -0.0702602
-0.730531 -0.00360982 -0.0712792
-0.743729 -0.00422491 -0.0724657
-0.757953 -0.00486581 -0.0737679
-0.773008 -0.0055252 -0.0751194
-0.788606 -0.00620529 -0.0764539
-0.804362 -0.00692104 -0.0777217
-0.819795 -0.007699 -0.0788767
-0.834357 -0.00856698 -0.079888
-0.847497 -0.00954556 -0.0807353
-0.858708 -0.0106433 -0.0813849
-0.867568 -0.0118561 -0.0818102
-0.873762 -0.0131691 -0.0820006
-0.877101 -0.0145609 -0.0819522
-0.877542 -0.0160046 -0.0816672
-0.875201 -0.0174703 -0.0811529
-0.870314 -0.0189282 -0.0804228
-0.863195 -0.0203525 -0.0794924
-0.854193 -0.0217239 -0.0783826
-0.843642 -0.0230333 -0.0771204
-0.831833 -0.0242822 -0.0757364
-0.819 -0.0254836 -0.0742597
-0.805346 -0.0266601 -0.0727166
-0.791076 -0.0278401 -0.0711368
-0.776435 -0.0290566 -0.0695569
-0.76173 -0.0303454 -0.0680041
-0.747312 -0.0317368 -0.0665017
-0.733552 -0.0332532 -0.0650758
-0.720792 -0.0349041 -0.0637487
-0.709286 -0.0366854 -0.0625364
-0.699193 -0.0385809 -0.0614511
-0.690562 -0.0405644 -0.0605011
-0.68334 -0.042603 -0.05969
-0.677386 -0.0446603 -0.0590181
-0.672511 -0.0467007 -0.0584834
-0.668498 -0.0486925 -0.0580844
-0.665145 -0.0506106 -0.0578162
-0.662299 -0.0524375 -0.057668
-0.659884 -0.0541664 -0.0576263
-0.657925 -0.0558011 -0.0576764
-0.656539 -0.0573525 -0.0577962
-0.655904 -0.058835 -0.0579633
-0.656174 -0.0602648 -0.0581573
-0.65738 -0.0616557 -0.0583592
-0.659393 -0.0630133 -0.0585557
-0.661897 -0.0643345 -0.0587443
-0.664447 -0.065611 -0.0589319
-0.66652 -0.0668292 -0.0591254
-0.667578 -0.0679685 -0.059324
-0.667128 -0.0690037 -0.0595211
-0.664786 -0.0699108 -0.0597079
-0.660328 -0.0706709 -0.0598684
-0.653713 -0.0712701 -0.0599791
-0.645088 -0.0716995 -0.0600116
-0.634741 -0.0719553 -0.0599345
-0.62304 -0.0720401 -0.0597208
-0.610382 -0.0719613 -0.0593565
-0.597156 -0.0717289 -0.0588447
-0.583709 -0.0713544 -0.0582039
-0.57031 -0.0708485 -0.0574675
-0.557143 -0.0702227 -0.0566826
-0.544315 -0.0694917 -0.0559059
-0.531907 -0.068675 -0.0551987
-0.520026 -0.0677994 -0.0546199
-0.508843 -0.0668993 -0.0542217
-0.498606 -0.0660073 -0.0540438
-0.489625 -0.0651438 -0.0541076
-0.482245 -0.0643107 -0.0544166
-0.476824 -0.0634941 -0.0549565
-0.473685 -0.0626716 -0.0556971
-0.473096 -0.0618218 -0.0566017
-0.475253 -0.0609278 -0.0576343
-0.480256 -0.0599765 -0.0587589
-0.488099 -0.0589562 -0.0599428
-0.498655 -0.0578575 -0.0611643
-0.511661 -0.0566755 -0.0624159
-0.526739 -0.0554138 -0.0637081
-0.54342 -0.0540872 -0.0650543
-0.561159 -0.052717 -0.0664599
-0.579364 -0.0513248 -0.0679275
-0.597431 -0.0499307 -0.0694536
-0.614784 -0.0485509 -0.0710164
-0.630913 -0.047198 -0.0725717
-0.645417 -0.0458849 -0.074013
-0.658027 -0.0446323 -0.0753017
-0.668626 -0.0434584 -0.0764682
-0.677254 -0.0423546 -0.0774695
-0.684083 -0.0412913 -0.078258
-0.689311 -0.0402443 -0.0788013
-0.693095 -0.0392004 -0.0790838
-0.695531 -0.0381505 -0.0791132
-0.696686 -0.0370795 -0.0789224
-0.696624 -0.0359603 -0.0785493
-0.695399 -0.034766 -0.0780002
-0.693038 -0.033492 -0.0772985
-0.689571 -0.0321607 -0.0765074
-0.685098 -0.0308077 -0.0756699
-0.679839 -0.0294737 -0.0748021
-0.67413 -0.0282063 -0.0739086
-0.668385 -0.02705 -0.072992
-0.663061 -0.02604 -0.0720708
-0.658624 -0.0252015 -0.0711641
-0.655539 -0.0245403 -0.0702816
-0.65422 -0.0240436 -0.0694397
-0.654955 -0.0236896 -0.0686643
-0.65787 -0.023453 -0.0679865
-0.662945 -0.0233066 -0.0674326
-0.670052 -0.0232224 -0.0670215
-0.678977 -0.0231737 -0.0667647
-0.689435 -0.0231382 -0.0666686
-0.701072 -0.0231041 -0.0667344
-0.713489 -0.023073 -0.066956
-0.726268 -0.0230574 -0.0673146
-0.739002 -0.0230768 -0.0677769
-0.751326 -0.0231525 -0.068299
-0.762945 -0.0233042 -0.0688355
-0.773643 -0.0235505 -0.0693454
-0.783309 -0.0239076 -0.0697884
-0.79191 -0.0243856 -0.0701224
-0.799469 -0.0249836 -0.0703154
-0.806015 -0.0256861 -0.0703541
-0.811533 -0.0264611 -0.0702401
-0.815948 -0.0272636 -0.0699852
-0.819143 -0.028041 -0.0696065
-0.821008 -0.0287402 -0.0691254
-0.821492 -0.0293136 -0.0685669
-0.820599 -0.0297227 -0.0679563
-0.818368 -0.0299434 -0.067316
-0.814861 -0.0299705 -0.0666656
-0.810168 -0.029819 -0.0660193
-0.804448 -0.0295236 -0.0653868
-0.79795 -0.0291339 -0.0647716
-0.791004 -0.0287085 -0.0641692
-0.783987 -0.0283074 -0.0635714
-0.777299 -0.0279844 -0.0629759
-0.771343 -0.0277807 -0.0623915
-0.766487 -0.0277197 -0.0618368
-0.763023 -0.027807 -0.0613359
-0.761125 -0.0280322 -0.060917
-0.760809 -0.028371 -0.0606114
-0.761981 -0.0287882 -0.060447
-0.764497 -0.0292415 -0.0604459
-0.768203 -0.0296894 -0.06062
-0.772963 -0.0300985 -0.0609712
-0.778638 -0.0304479 -0.0614928
-0.785061 -0.0307318 -0.0621711
-0.792037 -0.0309577 -0.0629833
-0.799346 -0.0311436 -0.063898
-0.806779 -0.0313149 -0.0648788
-0.814167 -0.0315003 -0.0658873
-0.821376 -0.0317296 -0.0668833
-0.82832 -0.0320282 -0.0678267
-0.834932 -0.0324134 -0.068683
-0.841149 -0.0328915 -0.0694282
-0.846886 -0.0334572 -0.0700506
-0.852006 -0.0340929 -0.0705516
-0.856317 -0.0347712 -0.0709402
-0.859572 -0.0354589 -0.0712292
-0.861524 -0.036122 -0.0714353
-0.861964 -0.0367327 -0.0715734
-0.860747 -0.0372733 -0.0716516
-0.857804 -0.0377375 -0.0716723
-0.853129 -0.0381304 -0.0716322
-0.846753 -0.0384669 -0.0715225
-0.838748 -0.03877 -0.0713328
-0.829217 -0.0390677 -0.0710525
-0.818299 -0.0393899 -0.0706716
-0.806165 -0.0397642 -0.0701802
-0.792992 -0.0402127 -0.0695704
-0.778954 -0.0407482 -0.0688412
-0.764213 -0.0413734 -0.0680036
-0.748927 -0.0420806 -0.0670817
-0.733266 -0.0428543 -0.0661089
-0.717422 -0.043674 -0.0651232
-0.701599 -0.0445174 -0.0641628
-0.686002 -0.045364 -0.0632642
-0.670816 -0.0461977 -0.0624622
-0.656177 -0.047008 -0.061786
-0.642192 -0.0477904 -0.0612559
-0.628959 -0.0485455 -0.0608815
-0.616599 -0.0492789 -0.0606629
-0.605272 -0.05 -0.0605881
-0.595157 -0.0507195 -0.0606325
-0.586408 -0.0514474 -0.0607695
-0.579122 -0.0521909 -0.0609752
-0.573229 -0.0529508 -0.0612201
-0.568464 -0.0537231 -0.0614772
-0.564517 -0.0544985 -0.0617385
-0.561111 -0.0552623 -0.0619856
