6.07942e-07 1.7888e-15 -0.0599348
-5.2177e-05 -1.38714e-08 -0.0599352
-0.000258484 -2.44059e-07 -0.0599371
-0.000656388 -1.59191e-06 -0.0599419
-0.00122616 -5.37837e-06 -0.0599503
-0.00194892 -1.02765e-05 -0.0599607
-0.00281048 -9.65172e-06 -0.0599711
-0.00380791 3.90707e-06 -0.0599847
-0.00493235 3.13661e-05 -0.0600153
-0.00616633 6.84489e-05 -0.0600838
-0.00753865 0.000112491 -0.0602054
-0.00915222 0.000165745 -0.0603799
-0.0111485 0.000233624 -0.0605923
-0.0136361 0.000320147 -0.0608238
-0.0166507 0.000425926 -0.0610591
-0.0201598 0.00055148 -0.0612914
-0.024058 0.000700052 -0.0615255
-0.0281725 0.000876271 -0.0617783
-0.032279 0.00108397 -0.0620761
-0.0361291 0.00132628 -0.0624461
-0.0394764 0.00160647 -0.0629048
-0.0421444 0.00192657 -0.0634493
-0.0440953 0.00228512 -0.0640522
-0.0454162 0.00267519 -0.0646648
-0.0462891 0.00308226 -0.0652262
-0.0468793 0.00348435 -0.0656757
-0.0472292 0.00385715 -0.0659624
-0.0473242 0.00418144 -0.0660527
-0.047158 0.00444765 -0.0659376
-0.0467487 0.00465393 -0.06564
-0.0461446 0.00479941 -0.0652157
-0.0453671 0.00488212 -0.0647392
-0.0444016 0.00490616 -0.0642754
-0.0432683 0.00488705 -0.0638583
-0.0420288 0.0048475 -0.0634896
-0.04078 0.00480554 -0.0631608
-0.0396448 0.00476209 -0.0628787
-0.0387049 0.00469955 -0.0626725
-0.0379959 0.00459363 -0.0625807
-0.0375176 0.00442858 -0.0626252
-0.0372202 0.00420721 -0.062794
-0.0369856 0.00394959 -0.0630448
-0.0365636 0.00368032 -0.0633244
-0.0356691 0.00341573 -0.0635907
-0.0341295 0.00315851 -0.0638219
-0.0319004 0.00289881 -0.0640082
-0.0290806 0.00261766 -0.0641373
-0.0258077 0.00229299 -0.0641803
-0.0221418 0.00191011 -0.0640855
-0.0181917 0.00146931 -0.0637878
-0.0142084 0.000983678 -0.0632332
-0.010427 0.000470247 -0.0624124
-0.00692148 -6.0401e-05 -0.061379
-0.00362739 -0.000602449 -0.0602352
-0.000421894 -0.00113826 -0.0590991
0.00281677 -0.00163333 -0.0580732
0.00622716 -0.00205338 -0.057232
0.0100047 -0.00238023 -0.0566274
0.0143925 -0.00261167 -0.056285
0.0195362 -0.00275383 -0.0561941
0.0253615 -0.00281729 -0.0563073
0.0316344 -0.00282086 -0.0565535
0.0380259 -0.00279659 -0.0568543
0.044229 -0.00278502 -0.0571294
0.0500476 -0.00282071 -0.0572945
0.0553336 -0.00292166 -0.0572654
0.0599521 -0.00309034 -0.0569728
0.063666 -0.00332137 -0.0563882
0.0660381 -0.00361082 -0.0555448
0.0667634 -0.00396067 -0.0545363
0.0659319 -0.00437149 -0.0534877
0.0638472 -0.00482434 -0.0525121
0.060874 -0.00526462 -0.0516856
0.0573292 -0.00561496 -0.0510651
0.0534916 -0.0058192 -0.0507319
0.0497953 -0.00586921 -0.050805
0.0468049 -0.00578839 -0.0513931
0.0447855 -0.00559858 -0.052517
0.0433743 -0.00530226 -0.054074
0.0418236 -0.00489787 -0.0558619
0.0393459 -0.00441358 -0.0576485
0.0355523 -0.00391302 -0.0592284
0.0307196 -0.00345752 -0.0604338
0.0253815 -0.00306751 -0.0611397
0.0200612 -0.00272073 -0.0612964
0.0151723 -0.00238314 -0.0609773
0.0108883 -0.00204738 -0.0603905
0.00733214 -0.00173891 -0.0598127
0.00453705 -0.00147616 -0.0594552
0.00218554 -0.00123045 -0.059355
-0.000377654 -0.000926096 -0.0593711
-0.00389676 -0.000485201 -0.0593069
-0.00883204 0.000109799 -0.0590675
-0.0151469 0.000797009 -0.0587422
-0.0224788 0.0014809 -0.0585637
-0.0303188 0.00209812 -0.0587786
-0.0380562 0.00265544 -0.0595311
-0.0450994 0.00321819 -0.0608267
-0.0508588 0.00386515 -0.0625596
-0.0550189 0.00464412 -0.0645631
-0.0579308 0.00554394 -0.0666576
-0.0602667 0.00649299 -0.0686616
-0.0626775 0.00738418 -0.0703867
-0.065667 0.00810921 -0.0716479
-0.0694029 0.0085944 -0.0722918
-0.0738587 0.00881774 -0.0722424
-0.0789443 0.00879026 -0.0715461
-0.0844276 0.00854244 -0.0703751
-0.0899835 0.00813557 -0.0689897
-0.0952576 0.00766646 -0.0676481
-0.0998322 0.00725385 -0.0665328
-0.103294 0.00700438 -0.0657494
-0.10525 0.00697509 -0.0653764
-0.105364 0.00716226 -0.065461
-0.103539 0.00750242 -0.0659897
-0.0998669 0.00789371 -0.0669061
-0.0944359 0.00825325 -0.0680983
-0.0873424 0.00853779 -0.069395
-0.0788287 0.00872032 -0.0705775
-0.0694262 0.00879452 -0.0714231
-0.0599765 0.00876093 -0.0717697
-0.0512163 0.00858295 -0.0715418
-0.043506 0.0082016 -0.0707197
-0.0371482 0.00758439 -0.0693058
-0.0325904 0.00674041 -0.0673152
-0.0301482 0.00570559 -0.0648219
-0.0296864 0.00451807 -0.0620308
-0.0305158 0.0032202 -0.0592541
-0.0314896 0.00189429 -0.0568301
-0.0317316 0.000674652 -0.0550396
-0.0311532 -0.000289838 -0.0540775
-0.029964 -0.000901708 -0.0540726
-0.0283097 -0.00116492 -0.0550619
-0.0262529 -0.00115754 -0.0569413
-0.0238639 -0.00096176 -0.0594405
-0.0215157 -0.00064052 -0.0621308
-0.0197673 -0.000256676 -0.0645423
-0.0189223 0.000103959 -0.0663719
-0.0189093 0.000335631 -0.0675206
-0.0194154 0.000359605 -0.0680328
-0.0201872 0.000171063 -0.0679884
-0.0213714 -0.000152117 -0.0674248
-0.0234501 -0.000487316 -0.0663588
-0.0268356 -0.000735492 -0.0648391
-0.0316223 -0.000858065 -0.0629819
-0.0376724 -0.000861792 -0.0609959
-0.044839 -0.000762053 -0.0591334
-0.0529935 -0.00054802 -0.0576063
-0.0618168 -0.000176862 -0.0566019
-0.0706311 0.000390624 -0.0563304
-0.0783971 0.00116053 -0.0570561
-0.0842096 0.00214533 -0.0588063
-0.0879073 0.0034094 -0.0613737
-0.0898358 0.00499822 -0.0645265
-0.0901514 0.00683055 -0.0680159
-0.0887732 0.00872012 -0.0715263
-0.0859739 0.0104933 -0.0746586
-0.0825853 0.0120489 -0.0769066
-0.079419 0.0133074 -0.0781613
-0.0765381 0.0141977 -0.07861
-0.0740376 0.0147255 -0.0782395
-0.0726288 0.0149428 -0.0768332
-0.0723914 0.0148681 -0.074408
-0.0726913 0.0145111 -0.0711864
-0.0729532 0.013917 -0.0674531
-0.0728778 0.0131617 -0.0636037
-0.0728895 0.01233 -0.0601244
-0.073845 0.0114967 -0.0576356
-0.0760498 0.0107169 -0.0563587
-0.0796538 0.010031 -0.0562573
-0.0850073 0.00949163 -0.0571385
-0.0920148 0.00915491 -0.0587277
-0.100322 0.00899798 -0.0607255
-0.109635 0.0089128 -0.0629413
-0.119549 0.0087959 -0.065386
-0.129609 0.00859935 -0.0682037
-0.139464 0.00834055 -0.0714391
-0.148601 0.00808649 -0.0749595
-0.156438 0.00793147 -0.0785468
-0.162938 0.0079783 -0.0816154
-0.168146 0.00830043 -0.0836933
-0.171836 0.00886606 -0.0846777
-0.174015 0.0095234 -0.0848103
-0.174845 0.0101312 -0.083946
-0.174548 0.0106299 -0.0821079
-0.173088 0.0109973 -0.0796062
-0.170156 0.0112415 -0.076715
-0.165632 0.0114202 -0.0737416
-0.159323 0.0116352 -0.0709627
-0.151191 0.0120351 -0.0684955
-0.141604 0.0127722 -0.0663052
-0.130723 0.0138734 -0.0646078
-0.118608 0.0151836 -0.0635392
-0.105475 0.0164813 -0.0631356
-0.0910141 0.0176096 -0.063328
-0.0747801 0.0184701 -0.0640114
-0.0570657 0.0189808 -0.0649506
-0.0383031 0.0191129 -0.0659544
-0.0190499 0.0188989 -0.0668459
-0.000117792 0.0183691 -0.0675228
0.0178601 0.0175003 -0.0679126
0.0346086 0.0162485 -0.0678718
0.0500218 0.014643 -0.0671101
0.064071 0.012724 -0.0653042
0.0775483 0.0104037 -0.0624196
0.0915386 0.00757113 -0.0586602
0.106347 0.00418859 -0.0543739
0.121442 0.000235949 -0.0498421
0.135759 -0.00415545 -0.0456956
0.148459 -0.00864315 -0.0422838
0.158743 -0.0129466 -0.0398191
0.165796 -0.0169446 -0.0381144
0.169688 -0.0205392 -0.0368393
0.170765 -0.0237043 -0.0357597
0.169065 -0.0265767 -0.0352002
0.165044 -0.0292846 -0.0352951
0.159431 -0.0318126 -0.0357634
0.152401 -0.0341461 -0.0368496
0.144116 -0.0363212 -0.0388782
0.135143 -0.0382291 -0.0417994
0.125657 -0.0395855 -0.0451918
0.115408 -0.0401462 -0.0485452
0.104933 -0.039792 -0.0512744
0.0953715 -0.0385543 -0.0532433
0.086785 -0.0366967 -0.0546171
0.0784245 -0.0345771 -0.0556136
0.069524 -0.0324205 -0.0563222
0.059661 -0.0302799 -0.0568125
0.0491926 -0.0280822 -0.057018
0.0387685 -0.0256534 -0.0568178
0.0289984 -0.0227741 -0.0560869
0.0200723 -0.0192911 -0.0549348
0.0115451 -0.0151809 -0.0536664
0.00263845 -0.0105378 -0.0527667
-0.00795006 -0.00555428 -0.0526852
-0.0215262 -0.000486871 -0.053664
-0.0387928 0.00444231 -0.0555966
-0.0602294 0.00914031 -0.0581983
-0.0858464 0.0136375 -0.0611574
-0.114895 0.0180201 -0.0639847
-0.146138 0.02237 -0.0665952
-0.177879 0.0266968 -0.0693246
-0.208243 0.0309247 -0.0722863
-0.2356 0.0349835 -0.0756871
-0.258923 0.038841 -0.0798516
-0.277984 0.0425058 -0.0846818
-0.292554 0.0460473 -0.0897053
-0.302605 0.0494438 -0.0940568
-0.309686 0.0524113 -0.0969623
-0.31535 0.054645 -0.0986145
-0.320056 0.0561553 -0.0999226
-0.324978 0.0570638 -0.100888
-0.332175 0.0573645 -0.100512
-0.342291 0.0571132 -0.0987406
-0.353799 0.056413 -0.0961731
-0.36557 0.0553098 -0.0929423
-0.377242 0.0539301 -0.0888335
-0.387249 0.0524004 -0.0843822
-0.393951 0.0507068 -0.0805581
-0.397586 0.0487162 -0.0781367
-0.398801 0.0463602 -0.0772096
-0.39712 0.043831 -0.0770266
-0.392832 0.0413018 -0.0773665
-0.38719 0.0386749 -0.0780186
-0.380154 0.0358687 -0.0787432
-0.371335 0.0329789 -0.0795617
-0.361798 0.0300613 -0.0803776
-0.352082 0.0271206 -0.0812408
-0.341688 0.0242773 -0.0821529
-0.331208 0.0216568 -0.0828443
-0.321427 0.0191993 -0.0832535
-0.311562 0.0167844 -0.0838573
-0.300341 0.0144274 -0.0847757
-0.287264 0.0121993 -0.0853964
-0.271342 0.0100623 -0.0853857
-0.251692 0.00798438 -0.0849044
-0.229573 0.00611823 -0.0836207
-0.206876 0.00461643 -0.0809053
-0.183658 0.00342517 -0.0770069
-0.15855 0.00239566 -0.0729298
-0.130718 0.00141096 -0.0690386
-0.100119 0.000405005 -0.0651231
-0.0669148 -0.000575136 -0.0614915
-0.0323237 -0.00135342 -0.0578911
0.00234575 -0.00181101 -0.0544871
0.0375398 -0.00202344 -0.0514443
0.0736842 -0.00220768 -0.0486405
0.110077 -0.00259683 -0.0465006
0.146091 -0.00327822 -0.0450089
0.180836 -0.00419196 -0.0435726
0.212701 -0.00522093 -0.0420023
0.240967 -0.00631281 -0.0405733
0.266157 -0.007641 -0.0392094
0.288346 -0.00946693 -0.0381257
0.307201 -0.0118363 -0.0377241
0.322758 -0.0145874 -0.0377384
0.334616 -0.0175349 -0.0374404
0.341813 -0.020556 -0.0366923
0.344222 -0.0236128 -0.0356069
0.342361 -0.026756 -0.0341071
0.336167 -0.0300227 -0.0324953
0.326006 -0.0333162 -0.0312928
0.313202 -0.0365079 -0.0305715
0.29839 -0.0395377 -0.0302458
0.281498 -0.0423194 -0.0304138
0.262772 -0.0446957 -0.0310955
0.242142 -0.0465578 -0.0321204
0.219307 -0.0479032 -0.0336556
0.194714 -0.0487459 -0.0358514
0.168824 -0.0490717 -0.0385376
0.141471 -0.0488365 -0.041429
0.112711 -0.047952 -0.0442971
0.0831342 -0.046369 -0.0470467
0.0532467 -0.0441668 -0.0497815
0.0236304 -0.0414785 -0.052783
-0.00455676 -0.0383764 -0.0561311
-0.0306698 -0.0348494 -0.0595668
-0.0553414 -0.0308568 -0.0626925
-0.0792108 -0.0263387 -0.0653446
-0.102155 -0.0212108 -0.0677727
-0.124434 -0.0155028 -0.0700576
-0.146886 -0.00939225 -0.0716996
-0.169521 -0.00304349 -0.0727847
-0.191764 0.00344568 -0.073757
-0.213749 0.0100062 -0.0745778
-0.235767 0.0166037 -0.0750052
-0.257009 0.0232194 -0.0752228
-0.276143 0.0297887 -0.0757142
-0.292303 0.0361909 -0.0765825
-0.304528 0.0423205 -0.0778562
-0.311576 0.0481646 -0.0796473
-0.312878 0.0537551 -0.0819413
-0.308426 0.0590389 -0.0843453
-0.297621 0.0638849 -0.0866043
-0.279415 0.0681429 -0.0887324
-0.253126 0.0716506 -0.0905765
-0.21795 0.0743029 -0.091734
-0.172574 0.0760556 -0.0920741
-0.116059 0.0768337 -0.0915981
-0.0482394 0.0765078 -0.0901764
0.0311139 0.0749983 -0.0876525
0.122618 0.0723844 -0.0836637
0.226532 0.0687789 -0.0779135
0.342617 0.0641467 -0.0699718
0.470799 0.058352 -0.0599855
0.611452 0.0512924 -0.0481682
0.765026 0.0429255 -0.0345098
0.931374 0.0332356 -0.0185641
1.1092 0.0222582 6.73521e-06
1.29775 0.010143 0.0208959
1.49752 -0.00303231 0.0438599
1.70811 -0.0174933 0.069653
1.92902 -0.0334106 0.09808
2.16076 -0.0504635 0.12918
2.40306 -0.0680759 0.16367
2.655 -0.0858908 0.201248
2.91686 -0.103853 0.241405
3.18966 -0.12198 0.283485
3.47405 -0.140233 0.327194
3.77045 -0.158577 0.372107
4.07944 -0.177079 0.418097
4.40128 -0.195893 0.465311
4.73522 -0.215095 0.513743
5.08059 -0.23466 0.563254
5.43724 -0.254559 0.614038
5.8052 -0.27478 0.665997
6.18449 -0.295294 0.718572
6.57515 -0.315986 0.771192
6.97698 -0.336672 0.823747
7.38886 -0.35719 0.876205
7.80859 -0.377424 0.928347
8.23331 -0.397272 0.979895
8.6593 -0.416663 1.03074
9.08212 -0.435576 1.08077
9.49716 -0.454008 1.12978
9.89996 -0.471953 1.17772
10.2863 -0.48941 1.22451
10.6521 -0.506367 1.26987
10.9942 -0.522778 1.31347
11.3095 -0.538592 1.35509
11.5955 -0.553776 1.39451
11.8496 -0.56828 1.43133
12.069 -0.582054 1.46522
12.2506 -0.595104 1.49621
12.3916 -0.607445 1.52437
12.4901 -0.619011 1.54989
12.5455 -0.629637 1.5731
12.5576 -0.639081 1.59443
12.5264 -0.647087 1.61372
12.453 -0.653422 1.63023
12.3399 -0.657855 1.64276
12.1895 -0.66019 1.64912
12.003 -0.66038 1.64619
11.7828 -0.658675 1.63063
11.5357 -0.655538 1.60178
11.2723 -0.65134 1.56254
11.0072 -0.646225 1.51786
10.7535 -0.640198 1.47204
10.5179 -0.63321 1.42644
10.3016 -0.625203 1.37795
10.1018 -0.616107 1.31943
9.9143 -0.605786 1.24583
9.73647 -0.593967 1.15903
9.56722 -0.58027 1.06371
9.40637 -0.564358 0.961165
9.25493 -0.546021 0.8526
9.1158 -0.525201 0.740921
8.99271 -0.502426 0.629314
8.88621 -0.47904 0.541721
8.78594 -0.458984 0.495123
8.67419 -0.445119 0.465145
8.53982 -0.433684 0.438233
8.38146 -0.419951 0.414327
8.20112 -0.403555 0.390591
7.99931 -0.386905 0.36774
7.77252 -0.372135 0.345867
7.5138 -0.359906 0.324058
7.2184 -0.349801 0.297638
6.88672 -0.341156 0.266664
6.52327 -0.33389 0.233042
6.13262 -0.327813 0.197489
5.71533 -0.322028 0.160978
5.26887 -0.31544 0.13007
4.78975 -0.308167 0.106716
4.27903 -0.301753 0.100426
3.74055 -0.297022 0.12443
3.17438 -0.292001 0.177097
2.58109 -0.283463 0.239832
1.97205 -0.270567 0.296792
1.36305 -0.254387 0.351193
0.75361 -0.236199 0.404973
0.133441 -0.217484 0.446661
-0.504189 -0.198707 0.468416
-1.16255 -0.178874 0.479666
-1.83916 -0.156485 0.482978
-2.52556 -0.130385 0.475245
-3.21289 -0.10068 0.45543
-3.89743 -0.0687829 0.42739
-4.57688 -0.03618 0.393627
-5.24744 -0.00369842 0.352373
-5.90803 0.0281097 0.305079
-6.55889 0.0585568 0.254652
-7.19765 0.0882169 0.205267
-7.8217 0.119673 0.155963
-8.43228 0.155235 0.106593
-9.03209 0.194973 0.0612472
-9.62097 0.237068 0.0186151
-10.1971 0.279721 -0.0206213
-10.7601 0.321872 -0.0578059
-11.3103 0.363024 -0.0950163
-11.8478 0.403549 -0.128468
-12.3744 0.444847 -0.155623
-12.8908 0.48821 -0.17682
-13.3918 0.533085 -0.196068
-13.8762 0.577311 -0.212802
-14.3547 0.619141 -0.222599
-14.8358 0.658175 -0.221803
-15.3213 0.694756 -0.214317
-15.8074 0.72978 -0.202397
-16.2856 0.763959 -0.188553
-16.7466 0.79716 -0.178032
-17.1857 0.828716 -0.169893
-17.6039 0.85782 -0.164952
-18.004 0.884311 -0.16148
-18.3859 0.908744 -0.158228
-18.7491 0.931366 -0.154405
-19.095 0.951886 -0.149696
-19.4242 0.970133 -0.145146
-19.7345 0.986078 -0.140626
-20.0226 0.99917 -0.136369
-20.2884 1.00851 -0.131474
-20.5333 1.01391 -0.12558
-20.7584 1.01604 -0.118166
-20.9646 1.01549 -0.109622
-21.1548 1.01226 -0.10064
-21.3332 1.00622 -0.0911715
-21.5019 0.997576 -0.0816152
-21.6613 0.986727 -0.0726524
-21.811 0.973835 -0.0646856
-21.9504 0.958958 -0.0573402
-22.0787 0.942429 -0.0504655
-22.1951 0.924867 -0.0439978
-22.2992 0.906746 -0.0376533
-22.3926 0.888109 -0.0307508
-22.4781 0.868723 -0.0224125
-22.5575 0.848426 -0.012137
-22.6308 0.827183 9.04233e-06
-22.6968 0.804941 0.0139457
-22.7543 0.781668 0.0297745
-22.8012 0.757395 0.0474541
-22.8353 0.732177 0.066211
-22.8547 0.706089 0.0853787
-22.8588 0.679248 0.104454
-22.847 0.651732 0.12259
-22.8191 0.623522 0.138954
-22.7741 0.594602 0.152586
-22.7116 0.565165 0.162878
-22.6306 0.535576 0.169373
-22.5305 0.506112 0.171727
-22.4106 0.476827 0.169769
-22.2707 0.447702 0.163599
-22.1104 0.418871 0.153483
-21.929 0.390552 0.140233
-21.7251 0.362843 0.124852
-21.4984 0.335785 0.108162
-21.2485 0.309474 0.0912143
-20.9758 0.283939 0.0751635
-20.681 0.259053 0.060812
-20.3665 0.234745 0.0490356
-20.0361 0.211126 0.0404137
-19.6941 0.188306 0.0351321
-19.3439 0.166274 0.0331836
-18.9868 0.14497 0.0340305
-18.6236 0.12438 0.0370614
-18.255 0.104528 0.0418566
-17.8808 0.0854862 0.0481219
-17.5 0.0673518 0.0554195
-17.1113 0.0502003 0.0635479
-16.7146 0.0340411 0.072492
-16.31 0.0187711 0.0823498
-15.8978 0.00417262 0.0931053
-15.4778 -0.0100064 0.104729
-15.0505 -0.0239415 0.117736
-14.6163 -0.0376883 0.132063
-14.1758 -0.0512491 0.147906
-13.7296 -0.0646803 0.166399
-13.2762 -0.0781776 0.187467
-12.814 -0.091991 0.209875
-12.3421 -0.106237 0.232479
-11.8623 -0.120921 0.254924
-11.3776 -0.136047 0.277121
-10.8893 -0.151595 0.29965
-10.3986 -0.167416 0.323281
-9.90761 -0.183168 0.348495
-9.41995 -0.198563 0.375711
-8.93892 -0.213612 0.405136
-8.46593 -0.228374 0.436065
-8.00096 -0.242672 0.466717
-7.54347 -0.256246 0.495946
-7.09338 -0.269127 0.523419
-6.65136 -0.281736 0.54903
-6.21916 -0.294633 0.572935
-5.79956 -0.308259 0.595274
-5.39507 -0.322916 0.616336
-5.00682 -0.338846 0.636135
-4.63449 -0.356223 0.654178
-4.27673 -0.375075 0.669982
-3.93188 -0.39526 0.682981
-3.59841 -0.416521 0.69278
-3.27454 -0.438524 0.699623
-2.95839 -0.460856 0.704386
-2.64836 -0.483082 0.708019
-2.34289 -0.504742 0.711248
-2.04001 -0.525364 0.714182
-1.73703 -0.544637 0.71652
-1.43154 -0.562439 0.718742
-1.12247 -0.578679 0.723412
-0.810692 -0.593304 0.731432
-0.498763 -0.606423 0.740703
-0.189766 -0.618259 0.750336
0.114207 -0.629184 0.760172
0.412455 -0.639823 0.769988
0.704754 -0.650837 0.779634
0.99087 -0.662656 0.789495
1.27136 -0.675471 0.800595
1.54766 -0.689334 0.813589
1.82128 -0.704169 0.828484
2.09344 -0.719745 0.844859
2.36476 -0.735732 0.86249
2.63493 -0.75179 0.881634
2.90321 -0.767638 0.902926
3.16898 -0.783065 0.927215
3.43193 -0.797961 0.955222
3.69196 -0.812343 0.986976
3.94874 -0.826338 1.0217
4.20137 -0.840151 1.05816
4.44861 -0.85404 1.09509
4.68919 -0.86828 1.13154
4.92187 -0.88313 1.16698
5.14534 -0.898798 1.20102
5.35818 -0.915421 1.23335
5.55898 -0.933084 1.2637
5.7468 -0.951818 1.29191
5.92138 -0.971578 1.31788
6.08292 -0.992204 1.34169
6.23172 -1.01339 1.36377
6.36789 -1.03471 1.38471
6.49119 -1.05566 1.40508
6.60116 -1.07583 1.42531
6.69762 -1.09496 1.44557
6.78096 -1.11295 1.46567
6.85173 -1.12984 1.48522
6.91013 -1.14578 1.50378
6.95584 -1.16099 1.52086
6.98821 -1.17579 1.536
7.00677 -1.19051 1.5489
7.01174 -1.20545 1.55924
7.00399 -1.22083 1.56655
6.98505 -1.23677 1.57015
6.95681 -1.25333 1.56957
6.92121 -1.27051 1.56467
6.8799 -1.28828 1.55535
6.83389 -1.30654 1.54134
6.78356 -1.32506 1.52256
6.72901 -1.34357 1.49936
6.67023 -1.36174 1.47236
6.60733 -1.37934 1.44228
6.54045 -1.3962 1.40977
6.46978 -1.41232 1.37544
6.39557 -1.42784 1.33988
6.31813 -1.44296 1.30362
6.23766 -1.45793 1.26697
6.1541 -1.47301 1.23026
6.06714 -1.48841 1.19412
5.97641 -1.50425 1.15894
5.8818 -1.52062 1.12508
5.78344 -1.53756 1.09294
5.68132 -1.55495 1.06271
5.57489 -1.57265 1.0347
5.46312 -1.5905 1.00913
5.34467 -1.60834 0.986219
5.21812 -1.62614 0.965875
5.08211 -1.64391 0.947485
4.93523 -1.66171 0.930502
4.77614 -1.67965 0.914609
4.60375 -1.69791 0.899543
4.41759 -1.71668 0.885176
4.21772 -1.73608 0.871452
4.0044 -1.75611 0.858175
3.77776 -1.77666 0.845182
3.53774 -1.79752 0.832627
3.28448 -1.81839 0.820794
3.01856 -1.83899 0.810068
2.74094 -1.85897 0.8008
2.45287 -1.87783 0.79318
2.15612 -1.89488 0.786972
1.85349 -1.90916 0.781424
1.54901 -1.91976 0.775246
1.24695 -1.92624 0.766742
0.950399 -1.92874 0.754446
0.660737 -1.92783 0.737354
0.377406 -1.92428 0.714491
0.0983648 -1.91861 0.685264
-0.17835 -1.91102 0.650265
-0.453471 -1.90136 0.610584
-0.72642 -1.88906 0.567128
-0.9965 -1.87317 0.520536
-1.26364 -1.85245 0.472365
-1.52807 -1.8258 0.424372
-1.78987 -1.79315 0.378149
-2.04947 -1.75573 0.333699
-2.30754 -1.7149 0.290594
-2.564 -1.67071 0.250292
-2.81852 -1.62253 0.214579
-3.07117 -1.57042 0.183851
-3.32274 -1.51551 0.156739
-3.57395 -1.45909 0.132695
-3.82427 -1.40121 0.112192
-4.07216 -1.34098 0.0957843
-4.31592 -1.27762 0.083473
-4.55423 -1.21099 0.0748516
-4.78653 -1.1421 0.0695898
-5.01264 -1.07272 0.0667844
-5.23141 -1.0037 0.0648487
-5.44076 -0.934376 0.0625583
-5.63866 -0.863554 0.059691
-5.82356 -0.790215 0.0562539
-5.99419 -0.713774 0.051493
-6.14964 -0.634339 0.0443712
-6.2894 -0.552803 0.0339207
-6.4132 -0.470562 0.0193244
-6.52107 -0.388781 0.000851277
-6.6135 -0.307484 -0.0195038
-6.69164 -0.225921 -0.0389763
-6.75822 -0.144152 -0.0557226
-6.81721 -0.0635141 -0.0692885
-6.8724 0.0143104 -0.0802299
-6.92686 0.0880014 -0.0894172
-6.98289 0.156859 -0.0973034
-7.04194 0.220994 -0.103617
-7.10463 0.28123 -0.107703
-7.17112 0.338474 -0.109091
-7.24149 0.393098 -0.107533
-7.31548 0.445104 -0.102828
-7.3919 0.494801 -0.0959175
-7.46901 0.542965 -0.0896538
-7.54524 0.590175 -0.0861927
-7.61976 0.636007 -0.0864534
-7.69241 0.679119 -0.0909275
-7.76312 0.718515 -0.0982727
-7.83075 0.75509 -0.106608
-7.89421 0.789824 -0.114523
-7.95508 0.82129 -0.120385
-8.01595 0.847614 -0.124434
-8.07857 0.86821 -0.12811
-8.14378 0.883138 -0.131464
-8.21206 0.892771 -0.13375
-8.284 0.898003 -0.13354
-8.36129 0.899504 -0.12992
-8.44645 0.897022 -0.125083
-8.54078 0.890391 -0.121086
-8.64385 0.880341 -0.118585
-8.75477 0.86792 -0.118128
-8.87332 0.853702 -0.119836
-8.99966 0.837647 -0.123775
-9.13331 0.819272 -0.129466
-9.27251 0.798109 -0.135861
-9.41496 0.774124 -0.14162
-9.5589 0.7477 -0.145418
-9.70368 0.719187 -0.146243
-9.84918 0.688527 -0.144094
-9.99474 0.655465 -0.139692
-10.1389 0.62008 -0.133879
-10.2802 0.583037 -0.127217
-10.4185 0.545338 -0.12007
-10.554 0.507875 -0.112859
-10.6866 0.471247 -0.106262
-10.8149 0.435773 -0.101042
-10.9375 0.401603 -0.0977263
-11.0546 0.368929 -0.0963981
-11.167 0.33805 -0.096696
-11.2756 0.309123 -0.0979135
-11.3796 0.281984 -0.0993045
-11.4775 0.256276 -0.100253
-11.5685 0.231673 -0.100233
-11.653 0.208029 -0.0987677
-11.7316 0.185412 -0.0955877
-11.8047 0.164044 -0.0907221
-11.8717 0.144196 -0.0845477
-11.9319 0.126108 -0.0777612
-11.9847 0.109981 -0.0712413
-12.0303 0.096036 -0.0658494
-12.0682 0.0845522 -0.0621823
-12.0975 0.0757927 -0.0605451
-12.1175 0.0699086 -0.0609759
-12.1279 0.0669025 -0.0632466
-12.1295 0.0666527 -0.0669461
-12.1235 0.0689282 -0.0715442
-12.11 0.0734128 -0.076374
-12.0882 0.0797817 -0.0807745
-12.0572 0.0877559 -0.0842135
-12.0163 0.0971003 -0.0863716
-11.9662 0.107642 -0.087192
-11.9075 0.119297 -0.0868274
-11.8403 0.132056 -0.0855768
-11.7647 0.145954 -0.0839104
-11.6806 0.161047 -0.0823922
-11.5881 0.177385 -0.0815588
-11.4875 0.194943 -0.0818561
-11.3783 0.213572 -0.0834829
-11.2598 0.233036 -0.086395
-11.131 0.253053 -0.0903303
-10.9915 0.273286 -0.0948614
-10.8418 0.293326 -0.0994887
-10.6825 0.312727 -0.103681
-10.514 0.331058 -0.106979
-10.3361 0.347931 -0.109068
-10.1489 0.363031 -0.109824
-9.95241 0.376133 -0.109296
-9.74682 0.387092 -0.107682
-9.532 0.395811 -0.105315
-9.30739 0.402233 -0.102617
-9.07227 0.406334 -0.100018
-8.82606 0.408112 -0.0978987
-8.56866 0.407544 -0.0964857
-8.30023 0.404558 -0.0958219
-8.02101 0.399029 -0.0957956
-7.73107 0.390794 -0.0961063
-7.43045 0.379661 -0.0962828
-7.1197 0.365433 -0.095832
-6.80037 0.34794 -0.0942609
-6.47495 0.327038 -0.0911872
-6.14667 0.302594 -0.0863283
-5.81891 0.274516 -0.0794387
-5.49488 0.242792 -0.0704317
-5.17759 0.20749 -0.0591868
-4.86973 0.168826 -0.0457241
-4.57363 0.127222 -0.0301329
-4.29118 0.0831432 -0.0120115
-4.02342 0.0368209 0.00934017
-3.77174 -0.0117926 0.0335255
-3.53939 -0.0628068 0.060695
-3.33093 -0.116274 0.0923237
-3.14967 -0.172053 0.127784
-2.99371 -0.229349 0.167013
-2.8552 -0.286919 0.210423
-2.72483 -0.344213 0.256043
-2.59649 -0.401736 0.301262
-2.46858 -0.460318 0.343637
-2.34248 -0.520436 0.381147
-2.22011 -0.582041 0.412753
-2.10236 -0.644641 0.438304
-1.98781 -0.707378 0.457661
-1.8732 -0.769277 0.470889
-1.75484 -0.829524 0.477991
-1.62941 -0.887561 0.478694
-1.49472 -0.943043 0.472775
-1.34945 -0.995733 0.460757
-1.19291 -1.04533 0.444232
-1.02472 -1.09143 0.426178
-0.844827 -1.13389 0.409866
-0.654151 -1.17343 0.397262
-0.454103 -1.21081 0.389123
-0.245649 -1.2456 0.384701
-0.0292951 -1.27675 0.383387
0.194781 -1.30391 0.385358
0.426816 -1.32759 0.390945
0.667058 -1.34859 0.401216
0.915327 -1.36776 0.41581
1.17131 -1.38593 0.433388
1.43489 -1.40384 0.453259
1.70634 -1.42177 0.475071
1.98613 -1.4395 0.500977
2.27439 -1.45659 0.531017
2.5709 -1.47272 0.562921
2.87522 -1.48784 0.596491
3.18672 -1.50197 0.631816
3.5047 -1.51484 0.669161
3.8283 -1.52599 0.709015
4.15648 -1.53512 0.751399
4.48789 -1.54236 0.796125
4.82099 -1.54821 0.843036
5.15417 -1.55311 0.891811
5.48559 -1.55733 0.942219
5.81341 -1.56092 0.993771
6.13586 -1.56385 1.04594
6.4513 -1.56606 1.09862
6.75813 -1.56746 1.15183
7.05466 -1.56796 1.20543
7.33938 -1.56748 1.25899
7.61124 -1.56597 1.31194
7.86988 -1.56345 1.36374
8.11561 -1.55993 1.41373
8.34887 -1.55543 1.46119
8.56989 -1.55005 1.50559
8.77859 -1.54415 1.54645
8.97457 -1.53822 1.58351
9.15725 -1.53282 1.61654
9.32598 -1.52843 1.64529
9.47993 -1.52545 1.66948
9.61797 -1.52407 1.68894
9.73864 -1.52438 1.70344
9.84014 -1.52632 1.7131
9.92083 -1.52973 1.71867
9.97956 -1.5344 1.72089
10.016 -1.54001 1.72143
10.0306 -1.54618 1.71863
10.0243 -1.55261 1.7095
9.99868 -1.55912 1.69593
9.95491 -1.56554 1.67913
9.89363 -1.57165 1.65771
9.81592 -1.57737 1.6317
9.72405 -1.58269 1.60252
9.62081 -1.58765 1.57007
9.50791 -1.59228 1.53391
9.38552 -1.59665 1.49432
9.25343 -1.60091 1.45165
9.11224 -1.60519 1.40636
8.96368 -1.60964 1.35881
8.80963 -1.61434 1.30936
8.65126 -1.61941 1.25845
8.48889 -1.62498 1.2063
8.32288 -1.63117 1.15315
8.15408 -1.63809 1.09961
7.98344 -1.64582 1.04669
7.81114 -1.65429 0.996248
7.63595 -1.6634 0.95072
7.45565 -1.673 0.911297
7.26795 -1.68298 0.877072
7.07131 -1.69321 0.846666
6.86476 -1.70363 0.819522
6.64735 -1.71424 0.794823
6.41783 -1.72509 0.77134
6.17492 -1.73617 0.748379
5.91797 -1.74744 0.725485
5.6472 -1.75883 0.702521
5.3633 -1.77023 0.679603
5.0666 -1.7814 0.657177
4.75687 -1.79201 0.635729
4.43387 -1.80172 0.616097
4.09815 -1.81033 0.599402
3.75102 -1.81769 0.586275
3.39408 -1.82335 0.576542
3.02884 -1.82635 0.568882
2.65738 -1.82559 0.561219
2.28277 -1.8203 0.552102
1.9079 -1.81036 0.540874
1.53419 -1.79623 0.527701
1.16118 -1.77867 0.512688
0.78712 -1.75835 0.494528
0.410217 -1.73561 0.472488
0.0295537 -1.71043 0.44611
-0.354419 -1.68233 0.415357
-0.740216 -1.65035 0.380909
-1.12587 -1.61336 0.343645
-1.50962 -1.57046 0.304598
-1.89031 -1.52133 0.264011
-2.26714 -1.46649 0.222735
-2.63938 -1.40704 0.182031
-3.00591 -1.34376 0.14312
-3.36518 -1.2767 0.107688
-3.71563 -1.20565 0.0771679
-4.05565 -1.13104 0.0511912
-4.38318 -1.05384 0.0280224
-4.69584 -0.974067 0.00697212
-4.99266 -0.89082 -0.012053
-5.27494 -0.804311 -0.0288655
-5.54473 -0.715805 -0.042975
-5.80338 -0.626017 -0.0546454
-6.05137 -0.534986 -0.0646676
-6.28874 -0.442915 -0.0737861
-6.51531 -0.350264 -0.0825412
-6.7309 -0.257305 -0.0913365
-6.93572 -0.16417 -0.100524
-7.13042 -0.0711535 -0.110307
-7.31588 0.0212808 -0.120655
-7.49286 0.112743 -0.131252
-7.66178 0.202995 -0.141648
-7.8229 0.291803 -0.15139
-7.97667 0.378861 -0.160276
-8.1239 0.463799 -0.168376
-8.26564 0.54618 -0.175762
-8.40253 0.625464 -0.182188
-8.53411 0.701123 -0.187953
-8.66001 0.772875 -0.192861
-8.78038 0.840739 -0.196406
-8.89538 0.904821 -0.19846
-9.00519 0.965135 -0.199256
-9.10958 1.02154 -0.19949
-9.20816 1.07378 -0.19945
-9.30086 1.12163 -0.199338
-9.38797 1.16502 -0.199248
-9.46999 1.20403 -0.199051
-9.54737 1.2388 -0.198523
-9.62073 1.26948 -0.197538
-9.69096 1.29601 -0.196221
-9.7591 1.31817 -0.194756
-9.826 1.33582 -0.192926
-9.89218 1.34904 -0.190653
-9.95807 1.35807 -0.188078
-10.0239 1.36301 -0.185187
-10.0894 1.3637 -0.18202
-10.1532 1.35996 -0.178804
-10.2146 1.3518 -0.175724
-10.273 1.33936 -0.172899
-10.3279 1.32279 -0.170263
-10.3782 1.30218 -0.167777
-10.4225 1.27754 -0.165533
-10.4605 1.24891 -0.16368
-10.4925 1.21637 -0.162383
-10.5185 1.1801 -0.161616
-10.5373 1.14029 -0.161499
-10.547 1.09709 -0.161851
-10.5462 1.05055 -0.162556
-10.5351 1.00085 -0.163552
-10.5151 0.948447 -0.164439
-10.4877 0.893936 -0.164987
-10.4539 0.837717 -0.16495
-10.4145 0.7799 -0.164152
-10.3706 0.720576 -0.162389
-10.3232 0.659919 -0.159529
-10.2729 0.598164 -0.155572
-10.2188 0.535681 -0.150548
-10.1595 0.472935 -0.144513
-10.0938 0.41032 -0.137568
-10.0213 0.348101 -0.129807
-9.94171 0.28651 -0.121335
-9.85441 0.225874 -0.112214
-9.75845 0.166616 -0.102489
-9.65292 0.109169 -0.0923258
-9.5375 0.0539141 -0.0819699
-9.41238 0.00114572 -0.0715917
-9.27774 -0.0489331 -0.0613165
-9.13325 -0.0961755 -0.0512261
-8.97802 -0.140425 -0.0413144
-8.81139 -0.181498 -0.0315591
-8.63343 -0.21924 -0.0219927
-8.44479 -0.253568 -0.0126099
-8.24616 -0.284445 -0.00332929
-8.03796 -0.311819 0.00594967
-7.82035 -0.335623 0.0153731
-7.59356 -0.355798 0.0250023
-7.35796 -0.372291 0.0347374
-7.11393 -0.385051 0.0442431
-6.86167 -0.394033 0.0530735
-6.60129 -0.399232 0.0606806
-6.33305 -0.400731 0.0664304
-6.0573 -0.398719 0.0699982
-5.77447 -0.393441 0.0711524
-5.48501 -0.385175 0.0697347
-5.1892 -0.37422 0.065817
-4.88708 -0.360855 0.0597769
-4.57885 -0.345314 0.0525129
-4.26526 -0.32778 0.0451638
-3.9476 -0.308431 0.0387495
-3.62724 -0.287453 0.0339741
-3.30528 -0.265051 0.0310151
-2.98275 -0.241615 0.0301351
-2.66083 -0.217849 0.0316161
-2.34092 -0.194606 0.0352239
-2.02471 -0.172514 0.0408141
-1.71364 -0.151715 0.0487443
-1.40816 -0.132032 0.0595479
-1.10786 -0.113372 0.0734877
-0.812076 -0.0959899 0.0901847
-0.520234 -0.0803381 0.109092
-0.232096 -0.0666917 0.130028
0.052141 -0.0550494 0.152898
0.331821 -0.0453202 0.177604
0.606202 -0.0374999 0.204053
0.874573 -0.0316683 0.232257
1.13618 -0.0279036 0.262056
1.39041 -0.026249 0.293328
1.637 -0.0267371 0.325671
1.87609 -0.0293649 0.358638
2.10792 -0.0340156 0.392215
2.33246 -0.0404753 0.426386
2.54914 -0.048513 0.461197
2.75703 -0.0579364 0.496556
2.95533 -0.0686201 0.5323
3.14351 -0.0805085 0.568079
3.32132 -0.0936066 0.603175
3.4886 -0.107951 0.636914
3.64512 -0.12358 0.668807
3.79065 -0.140524 0.698399
3.92501 -0.158774 0.725328
4.04817 -0.178265 0.749321
4.16012 -0.19889 0.77019
4.2609 -0.220505 0.787887
4.35056 -0.242924 0.80256
4.42935 -0.265912 0.814514
4.49767 -0.289197 0.824112
4.55625 -0.312488 0.831798
4.60612 -0.335505 0.837983
4.64836 -0.358002 0.842922
4.68399 -0.379774 0.846802
4.71396 -0.400675 0.84978
4.73912 -0.420602 0.851956
4.7602 -0.439463 0.853373
4.77783 -0.457188 0.854032
4.79238 -0.47374 0.853872
4.80397 -0.48912 0.85272
4.81244 -0.503363 0.85037
4.81759 -0.516532 0.846628
4.8194 -0.528706 0.841286
4.81794 -0.539966 0.834211
4.81326 -0.550372 0.825408
4.80526 -0.559961 0.815031
4.79362 -0.568715 0.803467
4.77793 -0.576549 0.791334
4.75777 -0.583334 0.779233
4.73275 -0.588924 0.767601
4.70253 -0.593205 0.756673
4.66686 -0.596099 0.746501
4.62564 -0.597555 0.737056
4.5789 -0.597597 0.728184
4.52671 -0.59632 0.719659
4.46919 -0.593837 0.711342
4.40644 -0.590269 0.703159
4.3385 -0.585742 0.695051
4.26548 -0.580379 0.687007
4.18751 -0.574281 0.679025
4.10483 -0.567508 0.671057
4.01765 -0.560076 0.663006
3.9262 -0.551974 0.654709
3.83068 -0.543179 0.645895
3.73133 -0.533677 0.636295
3.62832 -0.523489 0.62569
3.52174 -0.512697 0.613867
3.41151 -0.501435 0.600679
3.29744 -0.489868 0.586107
3.17935 -0.478157 0.570102
3.0571 -0.46644 0.552678
2.9307 -0.45481 0.533863
2.80025 -0.443325 0.513589
2.66596 -0.432024 0.491876
2.52809 -0.42095 0.468734
2.38689 -0.410165 0.444177
2.24256 -0.399766 0.418313
2.09529 -0.389873 0.391344
1.94522 -0.380626 0.363343
1.79229 -0.372181 0.334491
1.63622 -0.364718 0.305488
1.47661 -0.358288 0.277632
1.3131 -0.352748 0.25225
1.14497 -0.348312 0.22927
0.970971 -0.345875 0.20675
0.790065 -0.346323 0.183943
0.602078 -0.349394 0.161704
0.407484 -0.353567 0.140393
0.206408 -0.357742 0.120105
-0.00192011 -0.362229 0.101183
-0.218806 -0.367974 0.0842458
-0.445296 -0.375654 0.0694698
-0.681586 -0.385498 0.0565671
-0.926952 -0.397504 0.0453694
-1.17985 -0.411363 0.0362346
-1.43826 -0.426259 0.0298658
-1.70037 -0.441128 0.0266632
-1.96513 -0.45528 0.0264889
-2.23219 -0.468681 0.0288976
-2.50113 -0.481701 0.0327317
-2.77032 -0.494655 0.037117
-3.03671 -0.507427 0.0413459
-3.29732 -0.519446 0.044369
-3.55092 -0.530033 0.0456273
-3.79763 -0.538774 0.0446816
-4.03783 -0.545611 0.0412425
-4.27158 -0.550657 0.0355014
-4.49858 -0.553858 0.0284812
-4.71845 -0.554656 0.0210729
-4.9312 -0.552422 0.0137216
-5.1375 -0.547201 0.00684857
-5.33797 -0.53957 0.000699351
-5.53278 -0.530115 -0.00470439
-5.72179 -0.519054 -0.00955915
-5.90507 -0.506183 -0.0139615
-6.08289 -0.491072 -0.0179234
-6.25545 -0.473397 -0.0215197
-6.42272 -0.453159 -0.0250181
-6.58461 -0.430609 -0.0288021
-6.74122 -0.406014 -0.0331941
-6.8928 -0.379446 -0.0382457
-7.03937 -0.350771 -0.0438042
-7.18047 -0.319864 -0.0496874
-7.31532 -0.286832 -0.0557408
-7.443 -0.252032 -0.0618424
-7.56272 -0.215901 -0.067873
-7.67382 -0.178768 -0.0736424
-7.77572 -0.140769 -0.078911
-7.86789 -0.101937 -0.0834807
-7.94985 -0.0623557 -0.087287
-8.02135 -0.022221 -0.0904539
-8.08233 0.0182285 -0.0932426
-8.13281 0.0588229 -0.0959525
-8.17276 0.0994993 -0.0988596
-8.20217 0.140256 -0.102161
-8.22113 0.181066 -0.105987
-8.22995 0.221804 -0.110395
-8.22924 0.262234 -0.115335
-8.21971 0.302069 -0.120663
-8.20205 0.341048 -0.126112
-8.17692 0.378964 -0.131345
-8.14503 0.41563 -0.13601
-8.10721 0.450849 -0.139816
-8.06422 0.484408 -0.142618
-8.01664 0.516099 -0.144394
-7.96485 0.545764 -0.145225
-7.90906 0.573316 -0.145253
-7.84935 0.598728 -0.14467
-7.78559 0.621985 -0.143721
-7.71745 0.643051 -0.142691
-7.64452 0.661874 -0.141837
-7.56657 0.678392 -0.141322
-7.48362 0.692547 -0.141196
-7.39594 0.704269 -0.141423
-7.30379 0.713464 -0.1419
-7.20739 0.720009 -0.142475
-7.10691 0.723778 -0.142968
-7.00264 0.724672 -0.143196
-6.89495 0.722651 -0.142986
-6.78415 0.717725 -0.142204
-6.67043 0.70995 -0.140809
-6.55395 0.69941 -0.13886
-6.43497 0.68621 -0.136486
-6.31385 0.670476 -0.133842
-6.19086 0.652349 -0.131065
-6.066 0.631976 -0.12827
-5.93898 0.609499 -0.125548
-5.80943 0.585042 -0.122907
-5.67711 0.558709 -0.120294
-5.54193 0.530591 -0.117628
-5.40383 0.500776 -0.114787
-5.26271 0.469346 -0.111577
-5.11838 0.436399 -0.107824
-4.97082 0.402057 -0.103457
-4.82016 0.366469 -0.0983506
-4.66677 0.329816 -0.0924004
-4.51103 0.292301 -0.0855967
-4.35303 0.254131 -0.0780237
-4.1926 0.215535 -0.0698426
-4.03002 0.176766 -0.0612071
-3.86627 0.13807 -0.0522863
-3.70237 0.0996692 -0.0431675
-3.53897 0.0617569 -0.0339384
-3.37631 0.0244578 -0.0246586
-3.21445 -0.0121371 -0.0152495
-3.05337 -0.0478979 -0.00548957
-2.89305 -0.0826593 0.00487998
-2.7336 -0.116284 0.0160711
-2.57539 -0.148716 0.0281652
-2.41895 -0.180005 0.0410012
-2.26491 -0.21023 0.0544029
-2.11386 -0.239394 0.0682095
-1.96639 -0.267441 0.0822196
-1.82293 -0.294308 0.0962287
-1.68363 -0.319927 0.110031
-1.54846 -0.344223 0.123398
-1.41745 -0.367147 0.1361
-1.29077 -0.388687 0.147932
-1.16867 -0.408847 0.158708
-1.05126 -0.427615 0.168302
-0.938364 -0.44496 0.176687
-0.829616 -0.460837 0.183911
-0.724591 -0.475227 0.190045
-0.622935 -0.488155 0.195174
-0.524385 -0.499695 0.199448
-0.428694 -0.50995 0.203074
-0.335655 -0.519032 0.206274
-0.245184 -0.527037 0.209274
-0.157398 -0.534051 0.212257
-0.0725574 -0.54014 0.215295
0.00910817 -0.545354 0.218414
0.0875 -0.549743 0.221651
0.162611 -0.553362 0.225016
0.234388 -0.556263 0.228547
0.302648 -0.558484 0.232284
0.367191 -0.560063 0.236223
0.427981 -0.561051 0.240342
0.485228 -0.561518 0.244568
0.539278 -0.561529 0.248824
0.59047 -0.561136 0.253067
0.639112 -0.56038 0.257289
0.685507 -0.559294 0.26152
0.729996 -0.557908 0.265779
0.77293 -0.556256 0.270058
0.814548 -0.554378 0.274348
0.854939 -0.552314 0.278647
0.894107 -0.550099 0.282946
0.93208 -0.547776 0.287222
0.968971 -0.545391 0.291441
1.00485 -0.542996 0.295547
1.03957 -0.540634 0.299495
1.07262 -0.538338 0.303273
1.1031 -0.53613 0.306891
1.13001 -0.534026 0.310342
1.15247 -0.532036 0.313592
1.16979 -0.530174 0.316574
1.18155 -0.528461 0.319203
1.18746 -0.526926 0.321416
1.18726 -0.52559 0.323186
1.18075 -0.524447 0.324496
1.16763 -0.523459 0.325331
1.14755 -0.522562 0.32568
1.12011 -0.521692 0.325532
1.08508 -0.520801 0.324861
1.04249 -0.519858 0.323613
0.992748 -0.518849 0.321696
0.936458 -0.517763 0.318987
0.874244 -0.51658 0.31535
0.806592 -0.515269 0.310658
0.733852 -0.51378 0.304817
0.656299 -0.512035 0.297776
0.574212 -0.509935 0.28956
0.487907 -0.507376 0.280196
0.397726 -0.504252 0.269775
0.304016 -0.500466 0.258405
0.207111 -0.495942 0.246169
0.107274 -0.490653 0.233275
0.00467247 -0.484642 0.220032
-0.100611 -0.477986 0.206573
-0.208495 -0.470687 0.192933
-0.318817 -0.462631 0.179241
-0.431367 -0.453704 0.165577
-0.545956 -0.443892 0.152023
-0.66236 -0.433239 0.138683
-0.780285 -0.421773 0.125674
-0.89939 -0.409508 0.113099
-1.0193 -0.396454 0.101052
-1.13958 -0.382617 0.0896511
-1.25974 -0.36798 0.0789545
-1.37933 -0.352513 0.0689559
-1.49796 -0.336197 0.0596387
-1.61542 -0.319046 0.0509316
-1.73155 -0.301082 0.0427578
-1.84623 -0.282307 0.0350362
-1.95923 -0.262689 0.0277053
-2.07026 -0.242196 0.0207608
-2.17897 -0.220807 0.0142295
-2.28501 -0.198529 0.0081183
-2.38808 -0.17539 0.00239742
-2.48798 -0.151449 -0.00298905
-2.58469 -0.126797 -0.00806873
-2.67827 -0.101548 -0.0128514
-2.76897 -0.0757978 -0.0173552
-2.85702 -0.0496328 -0.0215951
-2.94264 -0.0231361 -0.0255894
-3.02602 0.00361246 -0.0293904
-3.10726 0.0305365 -0.0330933
-3.18654 0.0575618 -0.0368142
-3.26415 0.0846005 -0.040674
-3.34049 0.111519 -0.044755
-3.41602 0.138136 -0.0490941
-3.49114 0.164278 -0.0536733
-3.56599 0.18984 -0.0584054
-3.64042 0.214749 -0.0631526
-3.71406 0.238889 -0.0677716
-3.78636 0.26209 -0.0721891
-3.85672 0.284171 -0.0763816
-3.92456 0.304973 -0.0803479
-3.98939 0.324382 -0.0840863
-4.05088 0.342326 -0.0875705
-4.10882 0.358758 -0.0908464
-4.16307 0.373627 -0.0939836
-4.21359 0.386858 -0.0970359
-4.2604 0.398345 -0.100051
-4.30357 0.408002 -0.10303
-4.34317 0.4158 -0.105938
-4.37923 0.421733 -0.1087
-4.41182 0.425765 -0.111214
-4.44113 0.427837 -0.11337
-4.46744 0.427884 -0.11506
-4.49108 0.425861 -0.116182
-4.51237 0.421754 -0.116657
-4.53148 0.415582 -0.116441
-4.54839 0.407391 -0.11553
-4.56298 0.397228 -0.113966
-4.57502 0.385141 -0.111837
-4.58423 0.371197 -0.109255
-4.59027 0.355494 -0.106331
-4.59287 0.338165 -0.10316
-4.59184 0.319349 -0.0998128
-4.58717 0.299179 -0.0963395
-4.57899 0.277769 -0.0927739
-4.56746 0.255227 -0.0891222
-4.55267 0.231661 -0.0853728
-4.53459 0.207196 -0.0815042
-4.51315 0.181966 -0.077489
-4.48837 0.156109 -0.0733026
-4.46044 0.129756 -0.0689348
-4.42974 0.103034 -0.0644098
-4.39661 0.0760806 -0.0597732
-4.3613 0.0490491 -0.0550867
-4.32391 0.0221048 -0.0504315
-4.28439 -0.00458674 -0.0458923
-4.24259 -0.030865 -0.041553
-4.19827 -0.0565827 -0.0374987
-4.1512 -0.0816092 -0.0337903
-4.10123 -0.105823 -0.030456
-4.04836 -0.129109 -0.0274926
-3.99273 -0.151362 -0.0248613
-3.93454 -0.172494 -0.0224919
-3.87394 -0.192436 -0.020295
-3.811 -0.21113 -0.0181946
-3.74582 -0.228523 -0.0161244
-3.67856 -0.244581 -0.0140306
-3.60941 -0.259281 -0.0118745
-3.53853 -0.272599 -0.0096305
-3.46597 -0.284509 -0.00729453
-3.39168 -0.294987 -0.00487746
-3.31558 -0.304017 -0.00240604
-3.23764 -0.311599 8.71229e-05
-3.15785 -0.317754 0.00257124
-3.07618 -0.32252 0.00502546
-2.99255 -0.325955 0.00744498
-2.90688 -0.32813 0.00984041
-2.81918 -0.329122 0.012237
-2.72967 -0.329015 0.014683
-2.63884 -0.327898 0.0172473
-2.5474 -0.325862 0.020005
-2.45613 -0.323004 0.0230351
-2.3659 -0.319417 0.0264119
-2.27745 -0.315185 0.0301929
-2.19143 -0.310375 0.0343896
-2.10834 -0.305036 0.0389474
-2.0285 -0.299198 0.0437646
-1.95215 -0.292876 0.0487387
-1.87947 -0.286095 0.0537403
-1.81067 -0.27892 0.0585773
-1.74592 -0.271446 0.0631136
-1.68529 -0.26376 0.0672785
-1.6287 -0.25593 0.0710126
-1.57597 -0.248019 0.0742813
-1.52701 -0.240077 0.0770503
-1.48182 -0.232142 0.0792808
-1.44055 -0.224251 0.0809458
-1.40336 -0.216445 0.0820468
-1.37044 -0.20876 0.0826045
-1.34184 -0.201222 0.0826343
-1.31753 -0.193855 0.0821523
-1.29739 -0.186667 0.081179
-1.2812 -0.179658 0.079721
-1.26866 -0.172822 0.0777916
-1.2594 -0.166165 0.0754562
-1.25306 -0.159706 0.0728642
-1.24924 -0.153472 0.0701736
-1.2476 -0.147498 0.0674216
-1.24777 -0.141809 0.0646457
-1.24938 -0.136409 0.061922
-1.25203 -0.131296 0.0593155
-1.25536 -0.126476 0.0568722
-1.25905 -0.121952 0.0546262
-1.26281 -0.117707 0.0525962
-1.26636 -0.113716 0.0507849
-1.26939 -0.109954 0.0492172
-1.27164 -0.106389 0.0479129
-1.27296 -0.10299 0.0468977
-1.27328 -0.0997354 0.0461947
-1.27257 -0.0966186 0.0458233
-1.27082 -0.0936404 0.045792
-1.26799 -0.0908059 0.0461052
-1.26411 -0.0881246 0.0467625
-1.25936 -0.0856071 0.0477597
-1.25404 -0.0832585 0.0490884
-1.24853 -0.0810726 0.0507356
-1.24318 -0.0790319 0.0526731
-1.23827 -0.0771079 0.0548667
-1.23404 -0.075266 0.0572862
-1.23077 -0.0734708 0.0598789
-1.22875 -0.0716913 0.062558
-1.2283 -0.0699032 0.0651922
-1.2297 -0.0680923 0.0676507
-1.23318 -0.0662489 0.0698444
-1.239 -0.0643598 0.0716958
-1.24742 -0.0624166 0.0731512
-1.25863 -0.0604261 0.0741663
-1.2726 -0.0584061 0.0746946
-1.28914 -0.0563806 0.0746863
-1.30796 -0.0543672 0.0741015
-1.32883 -0.0523679 0.0729135
-1.35163 -0.0503726 0.071104
-1.37627 -0.0483665 0.0686866
-1.4026 -0.046337 0.0656967
-1.43038 -0.0442817 0.0621828
-1.45929 -0.0422103 0.0581967
-1.48904 -0.0401422 0.0538137
-1.51945 -0.0381006 0.0491001
-1.55042 -0.036108 0.0441272
-1.58199 -0.0341879 0.0389835
-1.61429 -0.0323651 0.0338003
-1.6475 -0.0306661 0.0287377
-1.68184 -0.0291214 0.0239113
-1.71743 -0.0277641 0.0193447
-1.75429 -0.026631 0.0150402
-1.79228 -0.0257587 0.0110422
-1.83135 -0.0251701 0.00739504
-1.87154 -0.0248689 0.0041655
-1.91303 -0.0248518 0.00141074
-1.95588 -0.0251207 -0.000836947
-2 -0.0256802 -0.00257717
-2.04518 -0.0265345 -0.00381725
-2.09118 -0.0276837 -0.00455541
-2.13782 -0.0291175 -0.00484003
-2.18497 -0.0308127 -0.00474082
-2.23252 -0.0327394 -0.00433173
-2.28031 -0.0348702 -0.00372652
-2.32818 -0.0371772 -0.00303872
-2.37592 -0.0396246 -0.00236244
-2.42334 -0.0421707 -0.00178953
-2.47026 -0.044773 -0.00141959
-2.51651 -0.0473906 -0.00134402
-2.56192 -0.049993 -0.00162574
-2.60642 -0.0525628 -0.00229455
-2.65007 -0.055092 -0.00334867
-2.69298 -0.0575755 -0.00475417
-2.73526 -0.0600088 -0.00645434
-2.7769 -0.0623892 -0.00838991
-2.81776 -0.0647166 -0.0105072
-2.85758 -0.0669895 -0.0127446
-2.89617 -0.0692012 -0.0150347
-2.93342 -0.0713418 -0.0173244
-2.96934 -0.0734028 -0.0195693
-3.00396 -0.075377 -0.0217379
-3.03731 -0.0772568 -0.0238114
-3.0694 -0.0790345 -0.0257699
-3.1002 -0.0807019 -0.0275919
-3.12961 -0.0822488 -0.0292565
-3.1575 -0.0836652 -0.0307471
-3.18376 -0.0849457 -0.0320489
-3.20833 -0.0860895 -0.0331412
-3.23122 -0.0870978 -0.0340012
-3.25245 -0.087974 -0.034607
-3.27195 -0.0887222 -0.0349401
-3.28962 -0.0893446 -0.034991
-3.30528 -0.0898397 -0.0347607
-3.31882 -0.0902015 -0.0342626
-3.33026 -0.0904211 -0.0335185
-3.33966 -0.0904866 -0.0325606
-3.34717 -0.0903844 -0.0314299
-3.35286 -0.0900985 -0.0301726
-3.35674 -0.0896122 -0.0288404
-3.3588 -0.0889096 -0.0274853
-3.35905 -0.087978 -0.0261597
-3.35753 -0.0868097 -0.0249139
-3.35432 -0.0854034 -0.0237947
-3.34946 -0.0837638 -0.0228406
-3.343 -0.0818995 -0.0220781
-3.33502 -0.0798208 -0.0215245
-3.32562 -0.0775395 -0.0211881
-3.31496 -0.07507 -0.0210702
-3.30315 -0.0724293 -0.0211654
-3.29032 -0.0696346 -0.0214618
-3.27659 -0.0667014 -0.0219411
-3.26219 -0.0636414 -0.0225771
-3.24746 -0.0604628 -0.023337
-3.23278 -0.0571726 -0.0241834
-3.21849 -0.0537794 -0.0250775
-3.20487 -0.0502946 -0.0259821
-3.19215 -0.0467298 -0.0268644
-3.18053 -0.0430949 -0.0276959
-3.17012 -0.039399 -0.0284542
-3.16093 -0.0356501 -0.0291203
-3.1529 -0.031856 -0.0296786
-3.1459 -0.0280261 -0.0301187
-3.13979 -0.0241715 -0.0304378
-3.13437 -0.0203043 -0.0306414
-3.12937 -0.0164354 -0.0307421
-3.12439 -0.0125715 -0.0307586
-3.11896 -0.00871414 -0.0307158
-3.1126 -0.0048602 -0.0306437
-3.10493 -0.00100389 -0.0305714
-3.09567 0.00286197 -0.030525
-3.08469 0.00674332 -0.0305219
-3.07188 0.0106425 -0.0305709
-3.05715 0.0145576 -0.0306758
-3.04043 0.0184825 -0.0308341
-3.02166 0.0224083 -0.0310377
-3.0008 0.0263225 -0.0312741
-2.97777 0.0302099 -0.0315267
-2.95252 0.0340521 -0.0317771
-2.92501 0.0378288 -0.0320074
-2.89527 0.0415207 -0.0321975
-2.86345 0.0451107 -0.0323242
-2.82976 0.0485825 -0.0323653
-2.79442 0.0519165 -0.0322978
-2.75761 0.0550885 -0.0320998
-2.71958 0.0580737 -0.0317503
-2.68061 0.0608496 -0.0312277
-2.64096 0.0633958 -0.0305159
-2.60088 0.0656944 -0.0295947
-2.56051 0.0677302 -0.0284417
-2.51994 0.0694904 -0.0270531
-2.47928 0.0709676 -0.0254307
-2.43867 0.0721592 -0.0235824
-2.39827 0.0730595 -0.0215044
-2.35822 0.0736533 -0.0192024
-2.31859 0.0739189 -0.0167005
-2.27943 0.0738302 -0.014034
-2.24077 0.0733601 -0.0112333
-2.20272 0.0724851 -0.00833557
-2.16549 0.0711958 -0.00538639
-2.12932 0.0694992 -0.002422
-2.09447 0.0674066 0.0005109
-2.06118 0.0649305 0.00340059
-2.02968 0.0620903 0.00622512
-2.00012 0.0589098 0.00890528
-1.97256 0.0554051 0.0113597
-1.94693 0.0515854 0.0135286
-1.9231 0.047465 0.0153768
-1.90096 0.0430606 0.0168965
-1.88046 0.0383802 0.0180989
-1.86154 0.0334183 0.0190142
-1.84408 0.0281621 0.0196874
-1.82786 0.0226001 0.0201691
-1.81269 0.016724 0.0205076
-1.79848 0.0105323 0.0207609
-1.78525 0.00403349 0.0209866
-1.77311 -0.00275752 0.0212128
-1.76218 -0.00982429 0.0214433
-1.75264 -0.017148 0.0216911
-1.74471 -0.0247024 0.0219806
-1.7387 -0.0324524 0.022336
-1.73493 -0.0403613 0.0227751
-1.7336 -0.0484001 0.0233026
-1.7347 -0.0565491 0.0239137
-1.73807 -0.0647958 0.0245998
-1.74344 -0.07313 0.0253585
-1.75053 -0.0815377 0.0261993
-1.75907 -0.0899959 0.0271375
-1.76885 -0.0984733 0.0281888
-1.77968 -0.106937 0.0293616
-1.79142 -0.115361 0.0306478
-1.80402 -0.123719 0.0320188
-1.81745 -0.131989 0.0334238
-1.83168 -0.140137 0.0347911
-1.84663 -0.148123 0.0360417
-1.86218 -0.155901 0.037103
-1.87824 -0.163418 0.0379117
-1.89479 -0.17062 0.0384275
-1.91188 -0.177457 0.0386304
-1.92957 -0.183886 0.0385163
-1.94786 -0.189875 0.0380969
-1.96661 -0.195406 0.0373926
-1.98558 -0.200482 0.0364302
-2.00449 -0.20512 0.0352354
-2.02308 -0.209343 0.0338406
-2.04117 -0.213165 0.0322894
-2.05872 -0.216591 0.0306337
-2.0758 -0.219617 0.0289352
-2.09256 -0.222239 0.0272463
-2.10921 -0.224448 0.0256026
-2.12589 -0.226236 0.0240211
-2.14268 -0.2276 0.0225078
-2.15959 -0.228538 0.0210694
-2.17661 -0.229046 0.0197122
-2.19375 -0.229111 0.0184503
-2.21114 -0.228727 0.0173055
-2.22894 -0.227897 0.0163043
-2.24731 -0.226646 0.0154688
-2.26633 -0.225008 0.0148041
-2.28601 -0.223021 0.0143006
-2.30632 -0.22072 0.0139381
-2.32721 -0.218121 0.0136937
-2.34868 -0.215227 0.0135471
-2.37081 -0.212028 0.0134763
-2.39371 -0.208511 0.0134541
-2.41754 -0.204669 0.0134474
-2.44249 -0.200497 0.0134154
-2.46863 -0.195987 0.0133116
-2.49595 -0.191132 0.0130853
-2.52424 -0.18592 0.0126838
-2.55325 -0.180347 0.0120555
-2.5827 -0.174412 0.0111554
-2.61229 -0.168127 0.00994163
-2.64178 -0.161508 0.00838967
-2.67089 -0.154578 0.00650979
-2.69935 -0.147365 0.00432071
-2.72693 -0.139903 0.00183593
-2.75345 -0.132225 -0.000918412
-2.77881 -0.124362 -0.00390553
-2.80303 -0.116338 -0.0070709
-2.82617 -0.108175 -0.0103435
-2.8484 -0.0998977 -0.0136428
-2.87003 -0.0915329 -0.0168834
-2.89139 -0.0831122 -0.0199894
-2.9128 -0.0746618 -0.0228946
-2.93444 -0.0661978 -0.0255501
-2.95628 -0.05773 -0.0279247
-2.97805 -0.0492693 -0.0300048
-2.99937 -0.0408311 -0.0317894
-3.01976 -0.0324392 -0.0332899
-3.03876 -0.0241269 -0.0345343
-3.05595 -0.0159344 -0.0355634
-3.07098 -0.00790126 -0.0364231
-3.08353 -5.70006e-05 -0.0371553
-3.09337 0.00758134 -0.0377964
-3.10034 0.0150048 -0.0383713
-3.10435 0.0222054 -0.0388889
-3.10543 0.0291711 -0.0393419
-3.10378 0.0358841 -0.0397076
-3.09977 0.0423252 -0.0399521
-3.09392 0.0484793 -0.0400423
-3.08683 0.0543391 -0.0399509
-3.07903 0.0599032 -0.0396687
-3.07099 0.0651697 -0.0392017
-3.06306 0.0701303 -0.0385724
-3.05555 0.0747677 -0.0378203
-3.04866 0.0790589 -0.0369918
-3.04247 0.0829807 -0.0361396
-3.03695 0.0865176 -0.0353123
-3.03195 0.0896638 -0.0345551
-3.02727 0.0924236 -0.0339081
-3.02279 0.094809 -0.0334041
-3.01841 0.0968345 -0.0330695
-3.01411 0.0985131 -0.0329173
-3.00989 0.0998557 -0.032945
-3.00577 0.100873 -0.0331384
-3.00181 0.101578 -0.0334729
-2.99811 0.101987 -0.0339179
-2.99481 0.102113 -0.0344391
-2.99204 0.101973 -0.0350035
-2.98987 0.101578 -0.0355818
-2.98838 0.100942 -0.0361481
-2.98759 0.100079 -0.0366825
-2.98749 0.0990033 -0.0371715
-2.98804 0.0977317 -0.0376092
-2.98912 0.0962785 -0.0379918
-2.99061 0.0946568 -0.0383194
-2.99235 0.0928785 -0.0385943
-2.99424 0.0909565 -0.0388177
-2.99613 0.0889069 -0.0389888
-2.99791 0.0867501 -0.0390989
-2.99944 0.0845089 -0.0391352
-3.00062 0.0822073 -0.0390809
-3.00138 0.0798673 -0.0389189
-3.0017 0.0775084 -0.0386358
-3.00151 0.0751476 -0.0382237
-3.0007 0.0727992 -0.0376839
-2.99908 0.0704749 -0.0370271
-2.9964 0.0681822 -0.0362732
-2.99238 0.0659235 -0.0354525
-2.98679 0.0636974 -0.0346012
-2.9794 0.0615011 -0.0337575
-2.97003 0.0593313 -0.0329582
-2.95851 0.0571855 -0.0322348
-2.94468 0.0550609 -0.0316121
-2.92846 0.0529543 -0.0311047
-2.90976 0.0508599 -0.0307141
-2.88859 0.0487691 -0.0304257
-2.86504 0.0466701 -0.030209
-2.83933 0.0445486 -0.0300223
-2.81178 0.042387 -0.0298164
-2.78274 0.0401652 -0.0295425
-2.75251 0.0378602 -0.0291533
-2.72134 0.0354482 -0.0286068
-2.68943 0.0329049 -0.0278702
-2.657 0.0302065 -0.0269232
-2.62431 0.0273284 -0.0257588
-2.59167 0.0242445 -0.024378
-2.55933 0.0209285 -0.0227891
-2.52746 0.0173543 -0.0210056
-2.49614 0.0134984 -0.0190465
-2.46538 0.00934216 -0.0169387
-2.43523 0.00487449 -0.0147111
-2.4058 9.20566e-05 -0.0123903
-2.37725 -0.00500358 -0.00998959
-2.34977 -0.0104083 -0.00751672
-2.32357 -0.0161172 -0.00498321
-2.29884 -0.0221243 -0.00241504
-2.27575 -0.0284205 0.000158599
-2.25439 -0.0349939 0.002716
-2.23479 -0.0418355 0.00523198
-2.21686 -0.0489386 0.00764742
-2.20052 -0.056288 0.00989994
-2.18574 -0.0638593 0.0119593
-2.17252 -0.071628 0.0138007
-2.16089 -0.0795746 0.0154096
-2.15082 -0.08768 0.0167753
-2.14219 -0.095922 0.0178872
-2.13482 -0.104277 0.0187357
-2.12848 -0.112719 0.0193184
-2.123 -0.121221 0.0196451
-2.11818 -0.129749 0.0197412
-2.11389 -0.138263 0.0196451
-2.11007 -0.14673 0.0194103
-2.10666 -0.155118 0.0190997
-2.10362 -0.163399 0.0187689
-2.10087 -0.171544 0.0184606
-2.09828 -0.179532 0.0182196
-2.0957 -0.187342 0.0180895
-2.09298 -0.194958 0.0181006
-2.09006 -0.202364 0.0182761
-2.08688 -0.209537 0.018634
-2.08344 -0.216453 0.0191853
-2.07975 -0.223081 0.0199388
-2.07581 -0.229388 0.0208969
-2.07167 -0.235341 0.0220523
-2.06742 -0.24091 0.0233897
-2.06315 -0.246063 0.0248895
-2.05897 -0.250771 0.0265323
-2.05498 -0.255003 0.0283002
-2.05134 -0.25873 0.0301693
-2.04824 -0.261924 0.0321127
-2.04591 -0.264561 0.0341051
-2.04457 -0.26662 0.0361128
-2.04442 -0.268083 0.0380983
-2.04562 -0.268933 0.0400189
-2.04834 -0.269155 0.0418248
-2.05271 -0.268737 0.0434653
-2.05885 -0.26767 0.0448756
-2.06684 -0.265945 0.04599
-2.07666 -0.26355 0.0467458
-2.08821 -0.260468 0.0470803
-2.10135 -0.256684 0.0469387
-2.11593 -0.25219 0.0462742
-2.13181 -0.246978 0.0450568
-2.14878 -0.241049 0.0432765
-2.16661 -0.234414 0.0409475
-2.18506 -0.227092 0.0381051
-2.20388 -0.219113 0.0348082
-2.22281 -0.210515 0.0311275
-2.24155 -0.201341 0.0271377
-2.25981 -0.191639 0.0229255
-2.27731 -0.181457 0.0185898
-2.29381 -0.170841 0.0142324
-2.30917 -0.159838 0.00994048
-2.32327 -0.148497 0.00578763
-2.33605 -0.136877 0.00182731
-2.34749 -0.125034 -0.00189317
-2.35757 -0.113019 -0.00532872
-2.36629 -0.100886 -0.00844993
-2.37371 -0.0886933 -0.0112358
-2.3799 -0.0765062 -0.0136736
-2.38498 -0.0643843 -0.0157593
-2.38908 -0.0523833 -0.0174899
-2.39238 -0.0405569 -0.0188569
-2.3951 -0.0289548 -0.0198504
-2.39744 -0.0176227 -0.0204624
-2.39961 -0.00660165 -0.0206924
-2.40173 0.00407064 -0.0205498
-2.40383 0.0143584 -0.0200528
-2.40594 0.0242295 -0.0192386
-2.40811 0.0336589 -0.0181647
-2.41041 0.042628 -0.0169041
-2.41294 0.0511209 -0.0155477
-2.41578 0.0591212 -0.0141536
-2.419 0.0666127 -0.0128033
-2.4227 0.0735779 -0.0116138
-2.42696 0.0799972 -0.0106795
-2.43189 0.0858508 -0.0100751
-2.4376 0.0911209 -0.00985322
-2.44421 0.0957906 -0.0100539
-2.45185 0.0998435 -0.0106873
-2.46062 0.103263 -0.0117342
-2.47057 0.106033 -0.0131523
-2.48168 0.108148 -0.0148865
-2.49385 0.109608 -0.0168669
-2.5069 0.110421 -0.0190216
-2.52059 0.110597 -0.0212831
-2.53469 0.110148 -0.0235673
-2.54899 0.109086 -0.0258154
-2.56331 0.107431 -0.028
-2.57752 0.10521 -0.0300735
-2.5915 0.102455 -0.0319879
-2.60517 0.0991897 -0.0336942
-2.61852 0.0954377 -0.0351782
-2.63155 0.0912239 -0.0364268
-2.64427 0.0865745 -0.0374053
-2.65669 0.08152 -0.0380865
-2.66881 0.0760967 -0.0384365
-2.68061 0.0703438 -0.0384263
-2.69208 0.0642996 -0.0380268
-2.70317 0.0580015 -0.0372176
-2.71385 0.0514889 -0.0359941
-2.72409 0.0448058 -0.0343705
-2.73389 0.037998 -0.0323791
-2.74322 0.0311116 -0.0300725
-2.75204 0.0241921 -0.0275234
-2.76023 0.017286 -0.0248213
-2.76763 0.0104433 -0.0220657
-2.77402 0.00372119 -0.0193531
-2.77921 -0.00281708 -0.0167744
-2.78314 -0.00911133 -0.0144194
-2.78578 -0.0151133 -0.0123583
-2.78718 -0.0207891 -0.0106409
-2.78742 -0.0261162 -0.00930363
-2.78658 -0.0310792 -0.00836189
-2.78474 -0.0356677 -0.00780807
-2.78202 -0.0398766 -0.00761483
-2.77856 -0.0437057 -0.00774376
-2.77446 -0.0471592 -0.00814919
-2.76981 -0.0502435 -0.0087813
-2.76465 -0.0529642 -0.00959401
-2.75901 -0.0553243 -0.0105464
-2.75286 -0.0573257 -0.0115981
-2.74615 -0.0589697 -0.0127134
-2.7388 -0.0602582 -0.0138626
-2.73072 -0.0611986 -0.0150162
-2.72186 -0.061806 -0.0161399
-2.71217 -0.0621048 -0.0172028
-2.70163 -0.0621297 -0.0181738
-2.6902 -0.0619233 -0.0190173
-2.67775 -0.0615295 -0.0196983
-2.66415 -0.0609897 -0.0201789
-2.64931 -0.0603421 -0.0204236
-2.63317 -0.0596226 -0.0204035
-2.61571 -0.058865 -0.0200972
-2.59692 -0.0581009 -0.0194937
-2.5768 -0.0573583 -0.0185945
-2.55537 -0.0566612 -0.0174121
-2.53268 -0.0560304 -0.0159681
-2.50884 -0.0554842 -0.0142973
-2.48407 -0.055043 -0.0124399
-2.45866 -0.0547289 -0.0104362
-2.433 -0.054565 -0.00832748
-2.40752 -0.0545738 -0.00614887
-2.38262 -0.0547763 -0.00392915
-2.35865 -0.0551914 -0.00169914
-2.33583 -0.0558362 0.000512368
-2.3143 -0.0567237 0.00267338
-2.29414 -0.0578565 0.00474732
-2.27535 -0.0592297 0.00669553
-2.25788 -0.0608438 0.00846888
-2.24164 -0.0627057 0.0100192
-2.22645 -0.0648206 0.0113093
-2.21212 -0.0671864 0.012314
-2.19843 -0.0698001 0.0130195
-2.18521 -0.0726639 0.0134259
-2.17233 -0.0757793 0.0135456
-2.15974 -0.0791434 0.0134029
-2.1474 -0.0827504 0.013036
-2.13534 -0.0865926 0.0124957
-2.1236 -0.0906594 0.0118395
-2.11231 -0.0949387 0.0111271
-2.10157 -0.0994187 0.0104153
-2.09152 -0.104085 0.00975844
-2.08228 -0.10892 0.00920893
-2.07396 -0.113901 0.00881621
-2.06662 -0.119005 0.00862682
-2.06027 -0.124215 0.00867759
-2.05485 -0.129517 0.00899327
-2.05024 -0.134903 0.00958433
-2.04638 -0.140359 0.0104544
-2.04323 -0.145865 0.0116034
-2.04085 -0.151386 0.0130267
-2.03937 -0.156877 0.0147173
-2.03892 -0.162287 0.016662
-2.03968 -0.167564 0.0188379
-2.0418 -0.17266 0.0212088
-2.04543 -0.177525 0.0237223
-2.0507 -0.182105 0.0263092
-2.05774 -0.186341 0.0288915
-2.06663 -0.190174 0.0313893
-2.07738 -0.19355 0.0337177
-2.08996 -0.196427 0.0358007
-2.10425 -0.198765 0.0375674
-2.12009 -0.200523 0.0389649
-2.1373 -0.201669 0.0399351
-2.15571 -0.202177 0.0403928
-2.17516 -0.202026 0.0402769
-2.19552 -0.20119 0.0395554
-2.21667 -0.199649 0.038223
-2.23851 -0.197383 0.0363014
-2.26097 -0.194385 0.0338351
-2.28393 -0.190653 0.0308856
-2.30726 -0.186189 0.0275278
-2.33084 -0.180997 0.0238489
-2.35457 -0.175086 0.0199324
-2.37836 -0.168478 0.0158586
-2.40217 -0.161203 0.0117215
-2.42588 -0.153292 0.00761013
-2.4494 -0.144783 0.00360371
-2.47261 -0.135719 -0.000237516
-2.49535 -0.126156 -0.00387043
-2.51742 -0.116148 -0.00726135
-2.5386 -0.105752 -0.0103894
-2.55864 -0.0950213 -0.0132488
-2.57736 -0.0840058 -0.0158446
-2.59466 -0.0727493 -0.0181746
-2.61046 -0.0612887 -0.0202321
-2.62479 -0.0496612 -0.0220067
-2.63766 -0.0379101 -0.0234929
-2.64916 -0.0260837 -0.0246915
-2.65934 -0.014233 -0.0256079
-2.66827 -0.0024097 -0.0262528
-2.67595 0.00933224 -0.0266434
-2.68241 0.0209368 -0.0268096
-2.68763 0.0323458 -0.0267955
-2.69166 0.0434989 -0.0266567
-2.69458 0.0543366 -0.0264481
-2.69653 0.0648033 -0.0262271
-2.69765 0.0748467 -0.0260484
-2.69813 0.0844128 -0.0259608
-2.69812 0.0934462 -0.0260141
-2.69775 0.101892 -0.0262473
-2.69716 0.109695 -0.0266799
-2.69651 0.116803 -0.0273102
-2.69598 0.123171 -0.0281191
-2.6958 0.128763 -0.0290724
-2.69618 0.133549 -0.0301283
-2.6973 0.137496 -0.0312439
-2.69924 0.140574 -0.0323805
-2.70201 0.142753 -0.0335077
-2.70552 0.144014 -0.0346025
-2.70968 0.144348 -0.0356386
-2.71439 0.143757 -0.0365933
-2.71957 0.142246 -0.0374553
-2.7252 0.139832 -0.038221
-2.73127 0.136533 -0.0388834
-2.73779 0.132375 -0.0394321
-2.74473 0.127386 -0.0398476
-2.75204 0.121601 -0.0401072
-2.7596 0.115061 -0.0401902
-2.76732 0.107814 -0.0400657
-2.77512 0.0999095 -0.0397031
-2.78297 0.0913996 -0.0390773
-2.79088 0.0823395 -0.0381721
-2.79883 0.0727893 -0.0369826
-2.80674 0.0628112 -0.0355181
-2.81447 0.0524667 -0.0338049
-2.82183 0.041818 -0.031885
-2.82855 0.0309304 -0.0298118
-2.83445 0.019874 -0.0276446
-2.83937 0.00872253 -0.0254427
-2.8433 -0.00244778 -0.0232605
-2.84624 -0.0135612 -0.0211436
-2.84827 -0.0245449 -0.0191272
-2.84944 -0.0353311 -0.0172376
-2.84977 -0.0458582 -0.015491
-2.84928 -0.0560688 -0.013894
-2.84799 -0.0659094 -0.0124492
-2.8459 -0.075329 -0.0111545
-2.84302 -0.0842782 -0.0100031
-2.83937 -0.0927093 -0.00898753
-2.83492 -0.100579 -0.00810103
-2.82965 -0.107851 -0.00734025
-2.82342 -0.114497 -0.00670758
-2.81602 -0.120498 -0.00620896
-2.80717 -0.125836 -0.00585022
-2.79657 -0.1305 -0.00563519
-2.78397 -0.134477 -0.00556086
-2.76916 -0.137764 -0.00561746
-2.75204 -0.140362 -0.00578706
-2.73251 -0.142282 -0.00604148
-2.71056 -0.143541 -0.00634493
-2.68622 -0.14416 -0.00665255
-2.65958 -0.144171 -0.0069151
-2.63079 -0.143607 -0.00708304
-2.60006 -0.142509 -0.00711187
-2.56758 -0.140922 -0.00696157
-2.5335 -0.138891 -0.00659928
-2.498 -0.136463 -0.006002
-2.46125 -0.133682 -0.0051531
-2.4235 -0.130594 -0.00404827
-2.38501 -0.127246 -0.00269237
-2.34608 -0.123689 -0.00109586
-2.30697 -0.119974 0.000723861
-2.26793 -0.116153 0.00274546
-2.22911 -0.112274 0.00494226
-2.19056 -0.108383 0.00727959
-2.15237 -0.104518 0.00972275
-2.11475 -0.10071 0.0122525
