-8.51022e-07 1.09191e-15 -0.0526169
-5.36931e-05 -6.78763e-08 -0.0526174
-0.000260492 -5.47242e-07 -0.0526199
-0.000660648 -1.28488e-06 -0.0526252
-0.0012371 1.61856e-06 -0.0526334
-0.00196766 1.70062e-05 -0.0526469
-0.0028049 5.16199e-05 -0.0526739
-0.00367491 0.000102681 -0.0527217
-0.00452071 0.000160383 -0.0527905
-0.00536042 0.000214225 -0.0528796
-0.00628796 0.000256673 -0.0529913
-0.00741455 0.000285725 -0.0531269
-0.00885484 0.000306964 -0.0532853
-0.0107201 0.00033502 -0.0534684
-0.0130698 0.00039083 -0.0536802
-0.0158588 0.000493176 -0.0539222
-0.0189133 0.000651253 -0.0541959
-0.0219831 0.000861645 -0.0545056
-0.0248038 0.00110784 -0.0548548
-0.027124 0.00136248 -0.0552425
-0.0287357 0.00159449 -0.0556625
-0.0295573 0.00177956 -0.0561031
-0.0296931 0.00190755 -0.0565476
-0.0293792 0.00198353 -0.0569739
-0.0289247 0.00202689 -0.0573544
-0.0286002 0.00207101 -0.0576585
-0.0285283 0.00215785 -0.0578603
-0.0287049 0.00232494 -0.0579447
-0.0290359 0.00258846 -0.0579093
-0.0294026 0.00293097 -0.057764
-0.0297584 0.00330517 -0.0575264
-0.0301223 0.00365282 -0.0572192
-0.0305176 0.00392473 -0.0568713
-0.0309263 0.00409507 -0.0565169
-0.0312571 0.0041649 -0.056191
-0.0314076 0.00415284 -0.0559234
-0.0313337 0.00408219 -0.0557325
-0.0310291 0.00397099 -0.0556204
-0.030516 0.00382834 -0.0555772
-0.0298157 0.00365879 -0.0555903
-0.028913 0.00346598 -0.0556519
-0.0277382 0.00325049 -0.0557568
-0.0261283 0.00300796 -0.0558967
-0.0239642 0.00272863 -0.0560542
-0.0212928 0.00239791 -0.0562039
-0.0182582 0.00200005 -0.0563132
-0.0150846 0.00152946 -0.0563417
-0.0120089 0.00100741 -0.0562493
-0.00918001 0.000486296 -0.0560098
-0.00672327 3.35e-05 -0.0556156
-0.00479247 -0.000294971 -0.0550747
-0.00348189 -0.000479252 -0.0544108
-0.00275909 -0.000539801 -0.0536564
-0.00248274 -0.00052005 -0.0528494
-0.0024067 -0.000472224 -0.0520408
-0.00215166 -0.000450429 -0.0512915
-0.00125513 -0.000499448 -0.0506506
0.000665664 -0.000643003 -0.0501485
0.00385206 -0.000880582 -0.0498013
0.00839432 -0.00119418 -0.0496069
0.0141802 -0.00155954 -0.0495379
0.0208744 -0.00195377 -0.0495509
0.027903 -0.00235634 -0.049595
0.0346231 -0.00274581 -0.0496107
0.04053 -0.00309593 -0.0495394
0.0452652 -0.00337448 -0.0493404
0.0486077 -0.00355103 -0.0489989
0.0503719 -0.00361459 -0.0485212
0.0502757 -0.00358277 -0.0479302
0.0481751 -0.00349047 -0.0472616
0.0442955 -0.00336602 -0.0465632
0.0391546 -0.00321187 -0.0458997
0.0335293 -0.00301593 -0.0453593
0.0283305 -0.00278766 -0.0450371
0.0243605 -0.00257369 -0.0449986
0.0221533 -0.00244254 -0.0452637
0.0219358 -0.00245886 -0.045817
0.0235759 -0.0026572 -0.0466171
0.0264766 -0.00302938 -0.0476032
0.029671 -0.00352659 -0.0486998
0.0319495 -0.00405879 -0.0498175
0.0322889 -0.00449693 -0.0508516
0.0304179 -0.0046973 -0.0517066
0.0267739 -0.00454375 -0.0523297
0.0222556 -0.00399701 -0.0527172
0.0177885 -0.00313607 -0.0528963
0.0138095 -0.00214655 -0.0529001
0.0102527 -0.0012452 -0.0527551
0.0067041 -0.000589395 -0.0524956
0.00263964 -0.000212485 -0.0521828
-0.00228674 -1.94776e-05 -0.0519033
-0.00815168 0.000152516 -0.051747
-0.0147464 0.00046034 -0.0517733
-0.0216686 0.000997207 -0.0519969
-0.0284452 0.0017605 -0.0524073
-0.0344108 0.00265869 -0.052998
-0.0387206 0.00354897 -0.0537739
-0.0407486 0.00428816 -0.0547474
-0.0402941 0.00477036 -0.0559241
-0.0378036 0.00493566 -0.0572719
-0.0344919 0.00477502 -0.0587056
-0.0317555 0.00434563 -0.0601007
-0.0306934 0.0037814 -0.0613143
-0.0318814 0.00328741 -0.0622178
-0.0352169 0.00308855 -0.0627321
-0.040217 0.00333634 -0.0628418
-0.0463717 0.00404636 -0.0625789
-0.0533099 0.00509164 -0.0620128
-0.060803 0.00624417 -0.0612616
-0.0685001 0.00725804 -0.0604707
-0.0757311 0.0079459 -0.0597705
-0.0816307 0.00822573 -0.0592627
-0.0853141 0.00813362 -0.0590505
-0.0861132 0.00777495 -0.0591866
-0.0837286 0.00726408 -0.0596082
-0.0781051 0.00670913 -0.0602085
-0.0694929 0.00619367 -0.0608807
-0.058586 0.00576291 -0.0615199
-0.046379 0.00542733 -0.0620257
-0.0341224 0.00513683 -0.0623103
-0.0233227 0.00479825 -0.0622936
-0.0153457 0.0043565 -0.061914
-0.0110613 0.00383369 -0.0611339
-0.0107265 0.00332054 -0.0599576
-0.0139713 0.00294446 -0.058443
-0.0199561 0.00281117 -0.0566852
-0.0275203 0.00296271 -0.0548227
-0.035282 0.00336583 -0.0530161
-0.0416872 0.00390552 -0.0514343
-0.0454025 0.00439682 -0.0502466
-0.0458585 0.0046139 -0.0496049
-0.0432304 0.0043424 -0.0495965
-0.0381665 0.00347755 -0.0501867
-0.0315326 0.00209407 -0.0512566
-0.0241249 0.000427881 -0.0526595
-0.0165052 -0.00119819 -0.0542291
-0.00910959 -0.00248432 -0.0557644
-0.00246658 -0.00324546 -0.0570932
0.00279796 -0.00344272 -0.0580697
0.00606225 -0.00317286 -0.0585751
0.00677083 -0.00261521 -0.0585633
0.00452906 -0.00196393 -0.0580774
-0.000877784 -0.00136963 -0.0572329
-0.00946008 -0.000889253 -0.056165
-0.0208254 -0.000477354 -0.054993
-0.0341113 -2.01364e-05 -0.0538395
-0.0481388 0.00061259 -0.052839
-0.0614696 0.00150178 -0.052094
-0.0725771 0.00261535 -0.0516966
-0.0802741 0.00379886 -0.0517543
-0.0839037 0.0048684 -0.0524438
-0.0833909 0.00569917 -0.0537699
-0.0791297 0.00620825 -0.0556099
-0.0717082 0.00634121 -0.0578761
-0.0619849 0.00611838 -0.0604084
-0.0512182 0.00566483 -0.0629124
-0.0407922 0.00516264 -0.0650415
-0.0317646 0.00474122 -0.066482
-0.0249452 0.00446731 -0.0671724
-0.0212798 0.00443579 -0.0672594
-0.0217411 0.00477248 -0.0668182
-0.0264371 0.00556862 -0.0657814
-0.0342115 0.00682466 -0.0641912
-0.0437455 0.00844096 -0.0621614
-0.0538971 0.0102599 -0.0598847
-0.0633912 0.012037 -0.0575861
-0.0715411 0.0134125 -0.0554278
-0.0785391 0.0140517 -0.053701
-0.0848909 0.0138176 -0.0525084
-0.0909292 0.0128366 -0.0518973
-0.0965744 0.0114312 -0.0519885
-0.101323 0.00996288 -0.0529062
-0.104425 0.00872981 -0.0545654
-0.105444 0.00788877 -0.0567305
-0.104492 0.00740431 -0.0591767
-0.101778 0.00710385 -0.0617675
-0.0977072 0.00673964 -0.0643538
-0.0931244 0.0060734 -0.0667629
-0.0891595 0.0050093 -0.0689286
-0.0869701 0.00365726 -0.07065
-0.0869984 0.00228486 -0.0718491
-0.08898 0.00120061 -0.0725489
-0.0928371 0.000684282 -0.0728619
-0.0982846 0.000957111 -0.0726092
-0.10426 0.00211567 -0.0717266
-0.109648 0.00407594 -0.0702871
-0.113988 0.006562 -0.0683584
-0.117179 0.00916887 -0.0661526
-0.118983 0.0115007 -0.0639343
-0.119191 0.013292 -0.0618772
-0.117703 0.0144286 -0.0600852
-0.114353 0.0149194 -0.0588103
-0.108852 0.0148868 -0.0580828
-0.100587 0.0145389 -0.0577736
-0.0884877 0.0141111 -0.0577911
-0.0717231 0.013811 -0.0580888
-0.0505739 0.0137339 -0.0584901
-0.0263886 0.0137509 -0.0588617
-0.00121033 0.0135402 -0.0590288
0.0224499 0.0127666 -0.0588857
0.0420031 0.0112553 -0.0584418
0.0558398 0.00911316 -0.057667
0.0641192 0.00664749 -0.0565354
0.0684512 0.00421455 -0.0549804
0.0712132 0.00219663 -0.0529236
0.0743189 0.00083096 -0.050417
0.0785874 4.03738e-05 -0.0475369
0.0841665 -0.000502672 -0.0441887
0.0903092 -0.0012929 -0.0406525
0.095377 -0.00275008 -0.0373049
0.0975742 -0.00495818 -0.0346537
0.09604 -0.00776107 -0.0327778
0.0918154 -0.0109307 -0.0316073
0.0868788 -0.0141797 -0.0309104
0.0826027 -0.017181 -0.0308042
0.0802085 -0.0196757 -0.0313043
0.0806006 -0.0216002 -0.0320486
0.0834873 -0.0230778 -0.0330053
0.0874653 -0.0243126 -0.0342149
0.0907017 -0.0255399 -0.0357294
0.0921296 -0.0269301 -0.0374871
0.0914865 -0.0284478 -0.0394542
0.0891258 -0.0298683 -0.0414652
0.0853392 -0.0309173 -0.043452
0.0797795 -0.0313668 -0.0453203
0.072594 -0.0310823 -0.0468501
0.0642217 -0.0299859 -0.0477702
0.0546948 -0.0279636 -0.048122
0.0442071 -0.0249246 -0.0480649
0.0332349 -0.020954 -0.0477818
0.0223555 -0.0163454 -0.0474026
0.0117444 -0.0115128 -0.047146
0.000921953 -0.00687434 -0.0471367
-0.0108002 -0.0027719 -0.047503
-0.0241861 0.000587817 -0.0483508
-0.0396705 0.00323775 -0.0495207
-0.0573369 0.00549467 -0.0508799
-0.0770717 0.00782417 -0.0525239
-0.0979917 0.0106633 -0.0545738
-0.118541 0.0142644 -0.0569567
-0.13738 0.0185507 -0.0597971
-0.154033 0.0231438 -0.0632265
-0.168349 0.0275122 -0.0668397
-0.179923 0.0310404 -0.0702838
-0.188089 0.0332093 -0.073692
-0.191708 0.0339021 -0.0772072
-0.190129 0.033466 -0.0806997
-0.184816 0.0324518 -0.0836133
-0.178835 0.0313195 -0.0853511
-0.174641 0.0303793 -0.0860901
-0.173877 0.029946 -0.0865983
-0.178076 0.0304437 -0.0869938
-0.187911 0.0321315 -0.0867228
-0.202893 0.0347249 -0.085827
-0.221874 0.0375919 -0.0846187
-0.243549 0.0401807 -0.083081
-0.266396 0.0421178 -0.0808601
-0.288709 0.0431208 -0.0780843
-0.308944 0.0429076 -0.0754074
-0.325475 0.0413849 -0.0735494
-0.336474 0.0388306 -0.0724769
-0.340878 0.0356822 -0.0715569
-0.338623 0.0323926 -0.0710029
-0.330244 0.0293481 -0.071023
-0.317193 0.0266913 -0.0712748
-0.301133 0.0244041 -0.0715329
-0.283352 0.0224664 -0.071967
-0.265122 0.0207736 -0.0727022
-0.247251 0.0190503 -0.0734141
-0.229933 0.016956 -0.0738574
-0.213491 0.0142815 -0.0741564
-0.198135 0.0110651 -0.0744437
-0.183693 0.00755876 -0.0746077
-0.170366 0.00412776 -0.0743893
-0.158244 0.00117495 -0.0737203
-0.146437 -0.000983436 -0.0727235
-0.134014 -0.00223652 -0.0713208
-0.121028 -0.00258912 -0.0692678
-0.108185 -0.00209633 -0.0666503
-0.0957187 -0.000985061 -0.0639271
-0.0831545 0.000365032 -0.0611887
-0.0698018 0.00159513 -0.0581562
-0.0545832 0.00247291 -0.0550072
-0.0365939 0.00286003 -0.0517599
-0.0159963 0.00269316 -0.0487711
0.00718889 0.00203183 -0.0461762
0.0327465 0.00102722 -0.04365
0.0591793 -0.000173707 -0.0413726
0.08565 -0.00146149 -0.0394429
0.112419 -0.00269439 -0.0375827
0.139034 -0.00378206 -0.0359141
0.164419 -0.00482014 -0.0347547
0.187884 -0.00597714 -0.0337767
0.20833 -0.00739939 -0.0327739
0.224398 -0.00917447 -0.031996
0.235833 -0.0111958 -0.031471
0.243371 -0.0132345 -0.030791
0.247261 -0.0152172 -0.0299685
0.247225 -0.0172376 -0.0291693
0.243248 -0.01933 -0.0281763
0.235155 -0.021425 -0.0270704
0.223171 -0.0234436 -0.0262795
0.208696 -0.0253158 -0.0259181
0.193507 -0.0270249 -0.0258066
0.178683 -0.0286188 -0.0259677
0.164528 -0.0301027 -0.0265711
0.150787 -0.0314008 -0.0275195
0.136696 -0.032451 -0.0287875
0.121273 -0.0332501 -0.0304883
0.104213 -0.0337939 -0.0325961
0.0864378 -0.0340468 -0.0348837
0.0690158 -0.0339079 -0.0372571
0.052277 -0.0332442 -0.0398145
0.0362691 -0.0320532 -0.0425599
0.0208171 -0.0304489 -0.0454702
0.00577374 -0.028474 -0.0484502
-0.00877703 -0.0261413 -0.0512327
-0.0231022 -0.023527 -0.0536653
-0.0376749 -0.0206606 -0.0558094
-0.0530944 -0.0174866 -0.0579173
-0.0701067 -0.0139047 -0.0600411
-0.0891979 -0.00982166 -0.061766
-0.110413 -0.00519591 -0.0631772
-0.133294 -2.23604e-05 -0.0644899
-0.156759 0.00564972 -0.0656876
-0.179258 0.0116862 -0.0667465
-0.199448 0.0178664 -0.0677263
-0.216401 0.0238863 -0.0688202
-0.229331 0.029426 -0.0700701
-0.237517 0.0342602 -0.0714619
-0.240344 0.0382716 -0.0729744
-0.237176 0.041433 -0.0746857
-0.227257 0.0438225 -0.0765174
-0.210145 0.0455609 -0.0782525
-0.185673 0.0467678 -0.0797634
-0.153371 0.0476089 -0.0809789
-0.112723 0.0482256 -0.0815926
-0.0637988 0.0485973 -0.0814438
-0.00684649 0.0485116 -0.080531
0.0579566 0.0477108 -0.0787258
0.129932 0.0461011 -0.0758726
0.208343 0.0437139 -0.0716917
0.293373 0.0405709 -0.0660642
0.385575 0.0366129 -0.0585402
0.484763 0.0316885 -0.049107
0.590613 0.025724 -0.0378487
0.703198 0.0188587 -0.0247079
0.822819 0.0113432 -0.00930119
0.949632 0.00333471 0.00838502
1.08411 -0.00516388 0.027727
1.22689 -0.0142143 0.0488061
1.37788 -0.0239015 0.072944
1.53659 -0.0344561 0.100522
1.70273 -0.0462191 0.131302
1.87669 -0.0593806 0.165474
2.05877 -0.0739198 0.202827
2.24843 -0.0896737 0.242815
2.44538 -0.106433 0.284581
2.65027 -0.124046 0.32788
2.86406 -0.142471 0.372395
3.08742 -0.161747 0.417821
3.32117 -0.18192 0.46425
3.56582 -0.202997 0.511907
3.82116 -0.224896 0.560658
4.0868 -0.247398 0.610278
4.3627 -0.27021 0.660559
4.64877 -0.293021 0.711309
4.94466 -0.315513 0.762121
5.25018 -0.337357 0.812678
5.56494 -0.358209 0.862921
5.88731 -0.377753 0.912713
6.21431 -0.395753 0.961522
6.54205 -0.412043 1.00888
6.8659 -0.426564 1.05469
7.18066 -0.439384 1.09885
7.48118 -0.450643 1.14114
7.76268 -0.460527 1.1815
8.02051 -0.469289 1.21985
8.25025 -0.477212 1.25599
8.4481 -0.484522 1.2896
8.61105 -0.491361 1.32052
8.73642 -0.497837 1.34852
8.82193 -0.503981 1.37334
8.86666 -0.509642 1.39492
8.87142 -0.51449 1.41338
8.83825 -0.518152 1.42892
8.77008 -0.52027 1.44151
8.67045 -0.520488 1.45117
8.54275 -0.518496 1.45758
8.39017 -0.514095 1.45998
8.21603 -0.507221 1.45747
8.02336 -0.497963 1.44864
7.81386 -0.486576 1.43178
7.5903 -0.473442 1.40514
7.35932 -0.459061 1.36877
7.13109 -0.444029 1.32533
6.9186 -0.428884 1.2787
6.73324 -0.4139 1.23158
6.58078 -0.399059 1.18426
6.46352 -0.384251 1.13511
6.38222 -0.369554 1.08058
6.33703 -0.355296 1.01788
6.32805 -0.341846 0.94864
6.35513 -0.329463 0.875796
6.41634 -0.318453 0.799161
6.50565 -0.309376 0.720176
6.61259 -0.303414 0.641834
6.72176 -0.302049 0.566687
6.81538 -0.306427 0.507602
6.88478 -0.31535 0.468786
6.9291 -0.326261 0.441077
6.94292 -0.339187 0.419911
6.91909 -0.353609 0.400119
6.85385 -0.366408 0.378583
6.7454 -0.375003 0.35587
6.59135 -0.378393 0.335074
6.38778 -0.376219 0.315195
6.13047 -0.368069 0.2908
5.81714 -0.353549 0.260921
5.45003 -0.331976 0.227288
5.03453 -0.30325 0.190187
4.57499 -0.268856 0.149711
4.07449 -0.231164 0.111978
3.53625 -0.192423 0.0801987
2.96461 -0.155294 0.0644107
2.37063 -0.122073 0.0752768
1.76701 -0.0934993 0.106294
1.15878 -0.070264 0.143107
0.543694 -0.0527642 0.179707
-0.0827952 -0.0403734 0.217794
-0.719403 -0.0321256 0.256199
-1.35585 -0.0272547 0.289304
-1.97921 -0.024992 0.312856
-2.5835 -0.0242469 0.332389
-3.17108 -0.0232927 0.346699
-3.74239 -0.0199151 0.351147
-4.28815 -0.0123571 0.342859
-4.80041 0.000679571 0.324185
-5.28044 0.0194133 0.298889
-5.73079 0.042444 0.266997
-6.14861 0.0678866 0.229656
-6.52966 0.0945877 0.188712
-6.87486 0.12186 0.147135
-7.1882 0.148994 0.103971
-7.47391 0.175484 0.0579043
-7.73637 0.201096 0.0123688
-7.98201 0.224714 -0.0299297
-8.21734 0.244188 -0.0643699
-8.44383 0.258389 -0.0913803
-8.66341 0.268547 -0.114048
-8.8831 0.277788 -0.130856
-9.10689 0.289355 -0.143228
-9.33583 0.305044 -0.153751
-9.57246 0.325208 -0.163705
-9.81891 0.349435 -0.172284
-10.0754 0.376963 -0.177423
-10.3415 0.407254 -0.17629
-10.6177 0.440183 -0.170353
-10.9033 0.475584 -0.160424
-11.1942 0.512874 -0.149728
-11.485 0.550566 -0.142416
-11.7739 0.58623 -0.137539
-12.0643 0.617581 -0.134812
-12.3598 0.643147 -0.132127
-12.66 0.662587 -0.128928
-12.9595 0.676792 -0.125614
-13.254 0.686747 -0.122184
-13.5414 0.692685 -0.119168
-13.8191 0.694715 -0.116426
-14.0831 0.693656 -0.11403
-14.3306 0.690831 -0.111057
-14.5615 0.687402 -0.107244
-14.7771 0.684238 -0.102438
-14.978 0.68203 -0.0970806
-15.1645 0.681188 -0.0916507
-15.3391 0.68151 -0.0862136
-15.5048 0.682112 -0.080886
-15.6637 0.681854 -0.0753288
-15.8178 0.679838 -0.0688491
-15.9693 0.675577 -0.0608018
-16.1201 0.668813 -0.0515481
-16.2702 0.659406 -0.0418001
-16.4189 0.647381 -0.0320126
-16.5661 0.63299 -0.0222228
-16.7113 0.616713 -0.0123048
-16.8536 0.599111 -0.0023669
-16.9905 0.580819 0.00730387
-17.1193 0.562672 0.0164719
-17.2376 0.545541 0.0251322
-17.3431 0.530068 0.0335738
-17.4337 0.516596 0.0418352
-17.5074 0.505141 0.0499755
-17.5622 0.49533 0.0580569
-17.5964 0.486438 0.0660622
-17.6085 0.477582 0.0740103
-17.5968 0.467912 0.0814749
-17.5597 0.456615 0.0878763
-17.4961 0.442908 0.0926847
-17.4057 0.426136 0.0955871
-17.2879 0.405911 0.096388
-17.143 0.382229 0.0950662
-16.971 0.355424 0.0918068
-16.7731 0.326161 0.0872164
-16.5508 0.295464 0.0821014
-16.3065 0.26451 0.0769599
-16.0431 0.234396 0.0723297
-15.7639 0.206077 0.0684902
-15.4725 0.180295 0.0652372
-15.1726 0.157473 0.0627395
-14.8677 0.137788 0.0611998
-14.5616 0.121276 0.0606298
-14.2579 0.107764 0.0611331
-13.9599 0.0967592 0.0626886
-13.6696 0.0874899 0.0651948
-13.3886 0.0791427 0.0686048
-13.1178 0.0710855 0.0728471
-12.8575 0.062917 0.077696
-12.6066 0.0544126 0.0830165
-12.3629 0.0454391 0.0887268
-12.1238 0.0359442 0.0947991
-11.887 0.0259904 0.1012
-11.6502 0.0157838 0.107777
-11.4116 0.00565156 0.114747
-11.1691 -0.00403526 0.122012
-10.9202 -0.012894 0.129888
-10.6622 -0.0206384 0.139367
-10.3921 -0.0271651 0.150624
-10.1086 -0.0325849 0.163342
-9.81094 -0.0373209 0.177482
-9.49825 -0.0420408 0.193473
-9.17071 -0.0474659 0.211498
-8.83081 -0.0542134 0.231993
-8.48299 -0.0627225 0.255376
-8.13161 -0.073318 0.281792
-7.78001 -0.086083 0.311481
-7.4313 -0.100635 0.344499
-7.08818 -0.116211 0.379734
-6.75234 -0.131978 0.414712
-6.42408 -0.147269 0.447647
-6.10256 -0.161626 0.478073
-5.78658 -0.174812 0.50621
-5.47522 -0.186866 0.532583
-5.16818 -0.198092 0.557508
-4.8652 -0.208922 0.581238
-4.56552 -0.219777 0.603718
-4.26777 -0.231028 0.624514
-3.96985 -0.243001 0.643342
-3.66996 -0.255981 0.659841
-3.36772 -0.270148 0.673607
-3.06419 -0.285584 0.684578
-2.76134 -0.302296 0.693207
-2.46121 -0.320239 0.700146
-2.16552 -0.339394 0.706029
-1.8754 -0.359771 0.71107
-1.59102 -0.38134 0.715209
-1.31239 -0.403962 0.71918
-1.04 -0.427492 0.725428
-0.773899 -0.451873 0.734761
-0.513349 -0.477082 0.74511
-0.256661 -0.503221 0.755327
-0.00175347 -0.530434 0.765274
0.252103 -0.558602 0.775075
0.503887 -0.587398 0.784906
0.752189 -0.616579 0.795286
0.995989 -0.645941 0.807147
1.23491 -0.675148 0.820964
1.4693 -0.703728 0.836583
1.69933 -0.731161 0.853435
1.92424 -0.756947 0.871156
2.14221 -0.780634 0.889871
2.35069 -0.801875 0.910122
2.54777 -0.820472 0.93274
2.73314 -0.836343 0.958448
2.9078 -0.849467 0.98731
3.07369 -0.859915 1.01852
3.233 -0.867857 1.0507
3.38744 -0.873555 1.08256
3.53784 -0.877355 1.11319
3.68415 -0.879663 1.14222
3.82578 -0.880927 1.16968
3.96209 -0.881635 1.19575
4.09237 -0.882279 1.22053
4.21564 -0.883289 1.24407
4.33041 -0.884965 1.26634
4.43465 -0.887424 1.28727
4.52622 -0.890597 1.30705
4.60326 -0.894292 1.3259
4.66465 -0.898252 1.34403
4.71014 -0.902208 1.36148
4.74053 -0.905917 1.37811
4.75763 -0.909224 1.39356
4.76375 -0.912095 1.40746
4.7612 -0.914627 1.41957
4.75232 -0.917008 1.42967
4.73932 -0.919476 1.43758
4.72417 -0.922298 1.44325
4.70839 -0.925783 1.44671
4.69324 -0.930257 1.44789
4.68006 -0.936018 1.44658
4.66993 -0.943272 1.4427
4.66303 -0.952112 1.43638
4.65839 -0.962531 1.42769
4.65432 -0.974471 1.41652
4.64945 -0.987859 1.40278
4.6434 -1.0026 1.38656
4.63645 -1.01854 1.36801
4.62898 -1.03551 1.34731
4.62111 -1.05329 1.32461
4.6128 -1.07165 1.30009
4.60418 -1.09038 1.27393
4.59544 -1.10927 1.24637
4.58668 -1.12821 1.21769
4.57772 -1.14711 1.18817
4.56794 -1.16599 1.1582
4.55626 -1.18488 1.12822
4.54124 -1.20371 1.0986
4.52121 -1.22236 1.06963
4.49409 -1.24068 1.04177
4.45756 -1.2585 1.01544
4.4092 -1.27571 0.991013
4.34677 -1.29224 0.969012
4.26845 -1.30793 0.94944
4.17288 -1.32265 0.931546
4.05909 -1.33631 0.91469
3.92644 -1.34885 0.898587
3.77469 -1.3602 0.883064
3.60423 -1.37027 0.868119
3.41595 -1.37898 0.853838
3.2113 -1.3862 0.840133
2.99198 -1.39179 0.826872
2.75975 -1.39557 0.814192
2.51649 -1.39735 0.802231
2.26435 -1.39687 0.790919
2.00575 -1.39392 0.780013
1.74335 -1.38838 0.76894
1.4798 -1.38022 0.756822
1.21763 -1.36958 0.742868
0.959241 -1.35665 0.726376
0.707036 -1.34158 0.706674
0.463639 -1.3246 0.683559
0.23172 -1.30608 0.65742
0.0136128 -1.28663 0.628607
-0.188898 -1.26723 0.597601
-0.374981 -1.24886 0.565523
-0.54538 -1.23214 0.533317
-0.702318 -1.21733 0.501049
-0.848602 -1.20467 0.467824
-0.987282 -1.19464 0.433009
-1.12194 -1.18748 0.396728
-1.25583 -1.18256 0.358861
-1.3912 -1.17866 0.319329
-1.52951 -1.17449 0.27958
-1.6715 -1.16928 0.242658
-1.81798 -1.16309 0.211267
-1.96994 -1.15578 0.185657
-2.12771 -1.14586 0.164627
-2.2902 -1.13061 0.147327
-2.45527 -1.10731 0.13298
-2.62008 -1.07348 0.120833
-2.782 -1.0275 0.109759
-2.93976 -0.96959 0.0990806
-3.09337 -0.901526 0.0892026
-3.24391 -0.826218 0.080729
-3.39311 -0.747392 0.0738497
-3.54217 -0.668394 0.0680069
-3.69059 -0.591122 0.0623543
-3.83686 -0.516581 0.0561796
-3.97951 -0.445984 0.0485222
-4.11734 -0.381144 0.0387066
-4.24918 -0.324096 0.0269228
-4.37357 -0.275999 0.0140271
-4.48886 -0.236199 0.000934797
-4.59372 -0.202334 -0.012166
-4.68722 -0.170831 -0.0255361
-4.76875 -0.137754 -0.0388242
-4.83852 -0.100651 -0.0508895
-4.89856 -0.0592753 -0.0611047
-4.95213 -0.0141965 -0.0696421
-5.00217 0.0343989 -0.0766933
-5.05083 0.0868872 -0.0823317
-5.10001 0.143579 -0.0867494
-5.15187 0.20373 -0.0901325
-5.20888 0.265252 -0.0920647
-5.27315 0.325405 -0.0914909
-5.34565 0.381697 -0.0885257
-5.42618 0.432095 -0.0858283
-5.51375 0.474614 -0.0854263
-5.60707 0.507473 -0.0872243
-5.70416 0.530265 -0.0902374
-5.80132 0.544524 -0.0942164
-5.89448 0.552719 -0.0994979
-5.97993 0.5581 -0.105717
-6.0547 0.563989 -0.111789
-6.1182 0.571708 -0.116492
-6.17125 0.581237 -0.119611
-6.21458 0.592913 -0.121333
-6.24917 0.607329 -0.121688
-6.27762 0.624137 -0.120715
-6.30431 0.641373 -0.118773
-6.33438 0.655876 -0.116194
-6.37267 0.664481 -0.113316
-6.42217 0.665391 -0.110935
-6.48411 0.658425 -0.109957
-6.55917 0.644156 -0.110725
-6.64758 0.623159 -0.112985
-6.74803 0.59622 -0.116195
-6.85714 0.56495 -0.119582
-6.97029 0.532004 -0.122341
-7.08317 0.500408 -0.123888
-7.19309 0.472387 -0.123976
-7.29863 0.448732 -0.122507
-7.39892 0.428981 -0.119448
-7.49351 0.412146 -0.115012
-7.58284 0.397255 -0.10959
-7.66835 0.383337 -0.103714
-7.752 0.369204 -0.0979054
-7.83559 0.353345 -0.0925353
-7.92039 0.334282 -0.0878636
-8.00707 0.311201 -0.0840598
-8.09583 0.284289 -0.0812422
-8.18665 0.254634 -0.0794596
-8.27895 0.223887 -0.0785497
-8.371 0.193836 -0.078126
-8.45996 0.166096 -0.0777116
-8.54282 0.142011 -0.0768781
-8.6175 0.122614 -0.0752888
-8.68352 0.108506 -0.0728308
-8.74124 0.0996552 -0.0695876
-8.79096 0.095285 -0.0657641
-8.83272 0.0940105 -0.0616633
-8.86673 0.0942086 -0.0576743
-8.89387 0.0943653 -0.0541986
-8.91529 0.0932929 -0.0515345
-8.93174 0.0902582 -0.0498956
-8.9433 0.0850162 -0.0494091
-8.94955 0.0778071 -0.05006
-8.95006 0.0693673 -0.0516746
-8.94465 0.0608802 -0.0539794
-8.93292 0.0537836 -0.0566273
-8.91389 0.0494758 -0.0592786
-8.88607 0.0490523 -0.0616461
-8.8483 0.0531375 -0.0635365
-8.80064 0.0617899 -0.0648773
-8.74431 0.0745042 -0.0656918
-8.68095 0.0903222 -0.0660479
-8.6118 0.108015 -0.0661216
-8.53761 0.126281 -0.0662092
-8.45904 0.143917 -0.0666329
-8.37684 0.159958 -0.0676609
-8.29158 0.173811 -0.0693754
-8.20301 0.185312 -0.0717303
-8.11 0.194723 -0.0746056
-8.011 0.202661 -0.0778058
-7.9047 0.209965 -0.0810868
-7.79039 0.217513 -0.0841707
-7.66779 0.226037 -0.0868048
-7.53657 0.235994 -0.0888011
-7.39627 0.247479 -0.0900702
-7.24668 0.260176 -0.0906089
-7.08829 0.273399 -0.0904709
-6.92199 0.286191 -0.0897738
-6.74853 0.297466 -0.0886966
-6.56798 0.306175 -0.0874636
-6.37996 0.311451 -0.0863159
-6.18425 0.312709 -0.0854075
-5.98104 0.3097 -0.0847731
-5.77072 0.302526 -0.0843492
-5.55337 0.291589 -0.0839493
-5.3286 0.277526 -0.0832619
-5.09627 0.261103 -0.0819828
-4.85741 0.243065 -0.0798097
-4.61441 0.223997 -0.0764927
-4.37093 0.204271 -0.0718137
-4.13095 0.184036 -0.0655435
-3.89807 0.163257 -0.0575766
-3.67573 0.141881 -0.0477893
-3.46764 0.119929 -0.0363201
-3.27766 0.0973564 -0.0235614
-3.1094 0.0738458 -0.00941631
-2.96584 0.0487981 0.00691056
-2.84773 0.0215353 0.0258796
-2.75243 -0.00848095 0.0487301
-2.6747 -0.0411675 0.0773168
-2.60927 -0.0753733 0.110391
-2.55275 -0.109639 0.145686
-2.50337 -0.143072 0.181007
-2.45925 -0.175234 0.213904
-2.4165 -0.206143 0.243616
-2.3697 -0.236349 0.270479
-2.31326 -0.266742 0.294948
-2.24274 -0.298207 0.31736
-2.15581 -0.331326 0.337887
-2.05199 -0.366426 0.356175
-1.93138 -0.403657 0.371651
-1.79393 -0.442944 0.383695
-1.63986 -0.48406 0.391752
-1.47026 -0.526788 0.395578
-1.28689 -0.571087 0.395671
-1.09124 -0.617316 0.39324
-0.884709 -0.666399 0.390132
-0.669527 -0.71932 0.387583
-0.448795 -0.776201 0.38532
-0.225616 -0.835261 0.383548
-0.0011514 -0.893769 0.384036
0.225838 -0.950226 0.387427
0.457173 -1.00369 0.392711
0.6933 -1.05309 0.400042
0.932127 -1.09802 0.411077
1.17053 -1.1386 0.42609
1.40653 -1.17502 0.444136
1.63998 -1.20717 0.464637
1.87195 -1.23478 0.486998
2.10334 -1.25762 0.513126
2.33434 -1.27561 0.542855
2.56464 -1.28884 0.573738
2.79413 -1.29734 0.605694
3.02318 -1.30108 0.638911
3.25198 -1.30034 0.673525
3.47945 -1.29604 0.709917
3.70342 -1.28949 0.748208
3.92158 -1.28199 0.788534
4.13203 -1.27458 0.831144
4.33333 -1.26808 0.876009
4.52424 -1.26308 0.923001
4.70353 -1.25979 0.971468
4.87017 -1.25813 1.02046
5.02363 -1.25776 1.06944
5.16409 -1.25819 1.11826
5.29249 -1.25886 1.1665
5.41027 -1.25922 1.21348
5.51923 -1.25873 1.25855
5.62119 -1.25696 1.30099
5.71781 -1.25363 1.34023
5.81024 -1.2486 1.3759
5.89909 -1.24187 1.40788
5.98456 -1.23347 1.43621
6.06655 -1.2234 1.46109
6.14487 -1.21179 1.48273
6.21954 -1.19888 1.50132
6.29073 -1.18507 1.51699
6.3588 -1.17084 1.52985
6.42403 -1.1567 1.53985
6.48632 -1.14312 1.54704
6.54497 -1.13046 1.55187
6.59849 -1.11899 1.55472
6.6444 -1.10898 1.55712
6.67966 -1.10067 1.55752
6.70316 -1.09416 1.55263
6.71698 -1.08946 1.54375
6.72211 -1.08666 1.53185
6.71705 -1.08585 1.51539
6.70156 -1.08712 1.49428
6.67691 -1.09056 1.46993
6.64416 -1.09627 1.44229
6.60417 -1.10431 1.41101
6.55768 -1.11471 1.37647
6.50534 -1.12744 1.33913
6.44833 -1.14242 1.29956
6.38851 -1.15951 1.25826
6.32766 -1.17852 1.21581
6.26652 -1.1992 1.17288
6.20462 -1.22125 1.12984
6.14099 -1.24434 1.0869
6.07484 -1.26807 1.04457
6.00563 -1.29193 1.00338
5.93246 -1.31527 0.963597
5.85358 -1.33714 0.925111
5.76626 -1.35622 0.888783
5.66755 -1.37164 0.85591
5.55512 -1.38322 0.826048
5.42691 -1.39093 0.79861
5.28042 -1.39486 0.773065
5.11304 -1.39527 0.748345
4.92289 -1.39259 0.723962
4.70949 -1.38739 0.699694
4.47394 -1.38018 0.675589
4.21814 -1.37137 0.651861
3.94409 -1.3613 0.629019
3.65381 -1.35021 0.607559
3.34981 -1.33823 0.588174
3.03533 -1.32522 0.571169
2.71392 -1.31078 0.555755
2.38873 -1.29466 0.540936
2.06214 -1.27683 0.525897
1.73524 -1.25748 0.509498
1.40846 -1.23712 0.490983
1.08302 -1.2164 0.470755
0.760842 -1.19586 0.450302
0.443465 -1.17598 0.431097
0.131481 -1.15719 0.412898
-0.175214 -1.13983 0.395149
-0.476284 -1.12356 0.377054
-0.770049 -1.10735 0.3575
-1.05453 -1.09006 0.335429
-1.32873 -1.07063 0.309814
-1.59263 -1.0483 0.279998
-1.84669 -1.02265 0.245871
-2.09064 -0.993374 0.209429
-2.32362 -0.960417 0.172716
-2.545 -0.924206 0.137073
-2.75458 -0.885597 0.105057
-2.95199 -0.845479 0.0781308
-3.13665 -0.80385 0.0562269
-3.30926 -0.75953 0.0378179
-3.47131 -0.711295 0.0206237
-3.62335 -0.658828 0.00404224
-3.76509 -0.601959 -0.0112132
-3.89705 -0.540608 -0.024586
-4.02092 -0.475467 -0.036269
-4.13879 -0.407735 -0.046863
-4.2528 -0.338418 -0.0569686
-4.36524 -0.268257 -0.0668651
-4.4785 -0.198084 -0.0767686
-4.59455 -0.128711 -0.0869255
-4.71469 -0.0607159 -0.0973849
-4.83939 0.00562777 -0.107941
-4.9685 0.0702842 -0.11828
-5.10145 0.133411 -0.128189
-5.23753 0.195297 -0.137474
-5.37601 0.25618 -0.146046
-5.51623 0.316045 -0.153945
-5.6574 0.374581 -0.161142
-5.79858 0.431327 -0.167278
-5.93861 0.485873 -0.172458
-6.07617 0.537973 -0.176667
-6.2101 0.587533 -0.179907
-6.33959 0.634496 -0.182397
-6.46394 0.67871 -0.184126
-6.58276 0.719848 -0.185302
-6.69571 0.75752 -0.185983
-6.80223 0.791482 -0.186175
-6.90194 0.82174 -0.185916
-6.99495 0.848532 -0.185202
-7.08184 0.872164 -0.184049
-7.16343 0.892798 -0.182466
-7.2405 0.910398 -0.180616
-7.314 0.924887 -0.178607
-7.38536 0.936381 -0.176129
-7.4561 0.945179 -0.173273
-7.52666 0.951532 -0.17051
-7.59614 0.955512 -0.167924
-7.6635 0.957027 -0.165362
-7.72839 0.95592 -0.162814
-7.7903 0.952085 -0.160443
-7.84758 0.945502 -0.158506
-7.89786 0.936221 -0.156985
-7.93926 0.92428 -0.155752
-7.97084 0.909589 -0.154727
-7.99188 0.891968 -0.153932
-8.00117 0.87128 -0.153443
-7.99753 0.847479 -0.153034
-7.98067 0.82059 -0.152659
-7.95141 0.790642 -0.152079
-7.91116 0.757662 -0.151167
-7.86135 0.721729 -0.150068
-7.80324 0.683045 -0.148791
-7.73863 0.64201 -0.147374
-7.67016 0.599182 -0.145648
-7.60093 0.555065 -0.143439
-7.53357 0.509957 -0.140548
-7.46956 0.464187 -0.136876
-7.40951 0.41829 -0.132383
-7.35394 0.37287 -0.127091
-7.30326 0.328431 -0.121125
-7.25731 0.285265 -0.114608
-7.21513 0.243429 -0.107555
-7.17513 0.202824 -0.0999464
-7.13576 0.163343 -0.0918143
-7.09576 0.124964 -0.0832518
-7.05411 0.0877565 -0.0744075
-7.00982 0.0518175 -0.0654504
-6.9618 0.0171949 -0.0564858
-6.90879 -0.0160785 -0.0475505
-6.84944 -0.0478821 -0.0386552
-6.78242 -0.0779507 -0.0297811
-6.7067 -0.105923 -0.0209301
-6.62142 -0.13144 -0.0121777
-6.52578 -0.154206 -0.00358257
-6.41913 -0.174019 0.00487742
-6.30105 -0.190765 0.0132488
-6.17128 -0.204404 0.0215966
-6.02963 -0.214951 0.029871
-5.8759 -0.222495 0.037841
-5.70988 -0.227206 0.0450859
-5.53156 -0.229341 0.0511813
-5.34114 -0.229244 0.0557675
-5.13898 -0.227304 0.058569
-4.92546 -0.223926 0.0596643
-4.70089 -0.219513 0.0592382
-4.4654 -0.214423 0.0575206
-4.21936 -0.208925 0.0548347
-3.96395 -0.203226 0.0515476
-3.70124 -0.197486 0.0480754
-3.43374 -0.191735 0.0446397
-3.16367 -0.185704 0.0413242
-2.89278 -0.178853 0.0384581
-2.62242 -0.170743 0.0364743
-2.35374 -0.161317 0.0357302
-2.08805 -0.150794 0.0366531
-1.82713 -0.139458 0.0395333
-1.57282 -0.127446 0.0445684
-1.32638 -0.11471 0.052034
-1.08817 -0.101208 0.062025
-0.857957 -0.0870755 0.074441
-0.63533 -0.072597 0.088958
-0.420059 -0.0581588 0.105337
-0.212033 -0.0442334 0.123585
-0.0109125 -0.0312871 0.143531
0.183814 -0.0196746 0.164923
0.372551 -0.00960305 0.187768
0.55553 -0.00121639 0.212437
0.732782 0.00533267 0.239117
0.904176 0.00990368 0.267891
1.06941 0.0124747 0.298407
1.22816 0.0131929 0.330012
1.38021 0.0122649 0.362304
1.52553 0.00986938 0.394876
1.66422 0.00613112 0.427451
1.79631 0.00110863 0.45974
1.92188 -0.00519687 0.49156
2.04096 -0.0128382 0.522737
2.15357 -0.0219239 0.552888
2.25977 -0.0325859 0.581681
2.35956 -0.0449542 0.608963
2.4528 -0.05915 0.634668
2.53924 -0.0752659 0.658743
2.61874 -0.0933555 0.681097
2.6913 -0.113434 0.701628
2.75708 -0.13547 0.720295
2.81625 -0.159363 0.737125
2.86901 -0.184932 0.752184
2.91548 -0.211901 0.76557
2.95587 -0.239938 0.777386
2.99055 -0.268666 0.787713
3.02016 -0.297685 0.796601
3.04561 -0.326591 0.804073
3.06796 -0.354982 0.8101
3.08831 -0.38249 0.814656
3.10762 -0.408825 0.817791
3.1266 -0.43379 0.819599
3.14568 -0.45727 0.820145
3.16504 -0.479222 0.819422
3.18464 -0.499668 0.817431
3.20422 -0.518684 0.814214
3.2234 -0.536377 0.809813
3.24174 -0.552878 0.804318
3.25876 -0.568299 0.797863
3.2739 -0.582702 0.790633
3.28644 -0.596062 0.7828
3.29552 -0.608255 0.774406
3.30023 -0.619037 0.765479
3.29972 -0.628045 0.756304
3.29326 -0.634892 0.747122
3.28026 -0.639341 0.738001
3.26027 -0.641324 0.729062
3.23291 -0.640869 0.720301
3.1978 -0.63809 0.711565
3.15475 -0.633187 0.702773
3.10381 -0.626419 0.693921
3.04535 -0.618026 0.685002
2.98002 -0.608198 0.676026
2.90873 -0.597056 0.666989
2.8326 -0.584657 0.657807
2.7528 -0.571013 0.648335
2.67036 -0.556117 0.638415
2.58602 -0.539989 0.627785
2.50022 -0.522707 0.616187
2.41329 -0.504397 0.603492
2.32556 -0.485238 0.589637
2.23734 -0.465459 0.574641
2.14873 -0.445324 0.5586
2.05956 -0.425102 0.541523
1.96956 -0.405037 0.523432
1.87854 -0.385325 0.504313
1.78655 -0.366124 0.483998
1.69388 -0.347556 0.462382
1.60093 -0.329715 0.439376
1.50809 -0.312688 0.414931
1.41572 -0.296574 0.389137
1.3242 -0.281503 0.362264
1.23386 -0.26763 0.334484
1.14483 -0.255148 0.306003
1.0569 -0.244272 0.277564
0.969271 -0.235483 0.25007
0.880224 -0.229818 0.224342
0.787508 -0.228287 0.201516
0.688934 -0.230974 0.181498
0.582506 -0.236997 0.163438
0.466513 -0.245535 0.146274
0.339628 -0.256117 0.129124
0.201216 -0.267856 0.111891
0.0511131 -0.279622 0.0948134
-0.110794 -0.290663 0.0789932
-0.28461 -0.300853 0.0653227
-0.470091 -0.310224 0.053891
-0.666225 -0.318311 0.0445273
-0.871347 -0.324155 0.0371535
-1.08366 -0.326944 0.0316617
-1.30163 -0.326629 0.0278261
-1.52383 -0.324035 0.0254831
-1.74855 -0.320625 0.0247183
-1.97383 -0.317911 0.0251832
-2.1979 -0.316851 0.0264791
-2.41901 -0.317653 0.0283533
-2.63551 -0.32013 0.0302472
-2.84616 -0.324188 0.031678
-3.04959 -0.329821 0.0322572
-3.24417 -0.336899 0.0318457
-3.42845 -0.34499 0.0304698
-3.60158 -0.353191 0.0279341
-3.7633 -0.360262 0.0241105
-3.91406 -0.365083 0.0193107
-4.05478 -0.366852 0.0140455
-4.18638 -0.365234 0.0089052
-4.30994 -0.360415 0.00425616
-4.42651 -0.352617 6.52138e-05
-4.53703 -0.341867 -0.00387081
-4.64244 -0.328192 -0.00776113
-4.74383 -0.311914 -0.0117438
-4.84241 -0.293777 -0.0158766
-4.93923 -0.274778 -0.0201112
-5.03499 -0.255748 -0.0244
-5.13007 -0.237031 -0.0287554
-5.22446 -0.218497 -0.0332666
-5.31769 -0.199764 -0.0380445
-5.409 -0.180443 -0.0430986
-5.49745 -0.16025 -0.0482857
-5.5819 -0.138947 -0.0534008
-5.66107 -0.116216 -0.0582856
-5.73369 -0.0916904 -0.0628854
-5.79879 -0.0651181 -0.0672139
-5.85571 -0.036548 -0.0712851
-5.90417 -0.00639877 -0.0750979
-5.94418 0.0246426 -0.0786676
-5.97598 0.0558297 -0.082072
-6 0.0865384 -0.0854657
-6.01681 0.116326 -0.0890163
-6.02699 0.144886 -0.0928528
-6.03113 0.171999 -0.0970021
-6.02968 0.19755 -0.101353
-6.02305 0.221596 -0.105756
-6.01169 0.244409 -0.110033
-5.99615 0.266437 -0.114031
-5.97697 0.288185 -0.117616
-5.95454 0.310052 -0.120672
-5.92921 0.332228 -0.123142
-5.90132 0.354672 -0.124999
-5.87136 0.377149 -0.126275
-5.83975 0.399275 -0.12705
-5.80672 0.420555 -0.127445
-5.77211 0.440426 -0.127599
-5.73553 0.458311 -0.127656
-5.69651 0.473704 -0.127732
-5.65458 0.486257 -0.127891
-5.6092 0.495833 -0.128152
-5.55969 0.502507 -0.128496
-5.50534 0.506515 -0.128855
-5.4456 0.508197 -0.129123
-5.38024 0.507939 -0.129177
-5.30938 0.506125 -0.128911
-5.23335 0.503087 -0.12825
-5.15259 0.499042 -0.127152
-5.0676 0.494049 -0.125629
-4.97906 0.487999 -0.123743
-4.88779 0.480643 -0.121588
-4.79464 0.471658 -0.119266
-4.70024 0.460728 -0.116857
-4.60486 0.447603 -0.114423
-4.50848 0.432146 -0.112005
-4.41101 0.414356 -0.109576
-4.3124 0.394381 -0.107058
-4.21259 0.372498 -0.104365
-4.11131 0.34909 -0.101388
-4.00819 0.324604 -0.0979737
-3.90291 0.299496 -0.0940089
-3.79538 0.274168 -0.0894839
-3.68584 0.248922 -0.0843427
-3.57467 0.223927 -0.0785402
-3.46196 0.199215 -0.0720934
-3.34785 0.174716 -0.0650884
-3.23276 0.150265 -0.0576714
-3.11712 0.125641 -0.0499238
-3.00143 0.100648 -0.0419353
-2.88639 0.0751209 -0.0337282
-2.77269 0.0489443 -0.0252776
-2.66067 0.0221452 -0.0165515
-2.55033 -0.00504558 -0.00746709
-2.44152 -0.0322655 0.00212079
-2.334 -0.059097 0.0123374
-2.22755 -0.0851584 0.0232647
-2.12205 -0.110194 0.0349493
-2.01746 -0.134051 0.0472877
-1.91385 -0.156636 0.0601552
-1.81138 -0.17792 0.0734148
-1.71013 -0.197899 0.0868822
-1.61015 -0.216551 0.100337
-1.51147 -0.233879 0.113536
-1.41421 -0.24997 0.12623
-1.31851 -0.264973 0.138197
-1.22455 -0.279078 0.149283
-1.13243 -0.292473 0.159388
-1.04219 -0.305314 0.168455
-0.953677 -0.317703 0.176475
-0.866701 -0.329688 0.18348
-0.781061 -0.341279 0.189511
-0.696657 -0.352454 0.194636
-0.613513 -0.363172 0.199001
-0.531729 -0.373373 0.202811
-0.451423 -0.382979 0.206272
-0.372671 -0.391899 0.209577
-0.29556 -0.400019 0.21287
-0.220283 -0.40722 0.21617
-0.147163 -0.413395 0.219464
-0.0766074 -0.418456 0.222761
-0.00903023 -0.422348 0.226062
0.0551953 -0.425063 0.229399
0.115706 -0.426651 0.232809
0.17217 -0.42722 0.236306
0.224332 -0.426916 0.239898
0.272065 -0.425906 0.243547
0.315432 -0.424365 0.247209
0.354675 -0.422454 0.250863
0.390189 -0.420309 0.254512
0.422485 -0.418037 0.258201
0.452164 -0.415723 0.261959
0.47984 -0.413422 0.265788
0.50606 -0.411169 0.269686
0.531265 -0.408974 0.273643
0.555767 -0.406836 0.27764
0.579775 -0.404746 0.281642
0.603435 -0.402698 0.285604
0.626783 -0.400685 0.28947
0.649676 -0.398708 0.293191
0.671699 -0.396773 0.296757
0.692081 -0.394892 0.300183
0.709902 -0.393082 0.303468
0.724272 -0.391363 0.306581
0.734436 -0.389758 0.309452
0.739851 -0.388281 0.311996
0.740069 -0.386929 0.314148
0.734675 -0.385679 0.315877
0.723348 -0.384495 0.317159
0.705929 -0.383333 0.317965
0.682471 -0.382156 0.318264
0.653197 -0.380933 0.318019
0.61841 -0.379639 0.317193
0.578435 -0.378258 0.315745
0.533621 -0.376782 0.313597
0.484435 -0.375207 0.310633
0.431467 -0.373538 0.306748
0.375376 -0.371787 0.301878
0.316828 -0.369961 0.295996
0.256414 -0.368072 0.2891
0.19465 -0.366126 0.281244
0.131973 -0.364119 0.272435
0.06869 -0.362037 0.262723
0.0049333 -0.359875 0.252154
-0.0593386 -0.357652 0.240749
-0.124339 -0.355413 0.22871
-0.190369 -0.353178 0.216375
-0.257665 -0.350882 0.203948
-0.326335 -0.348379 0.191497
-0.396476 -0.345525 0.179054
-0.468267 -0.342145 0.166619
-0.541862 -0.338001 0.154224
-0.61729 -0.332873 0.141938
-0.694494 -0.326612 0.12987
-0.773323 -0.319125 0.1181
-0.85354 -0.310352 0.106704
-0.934905 -0.300263 0.0957914
-1.01722 -0.288894 0.0854071
-1.1003 -0.276357 0.0755538
-1.18407 -0.262831 0.0662607
-1.26849 -0.248525 0.057521
-1.35361 -0.233641 0.0493257
-1.4395 -0.218347 0.0416558
-1.52612 -0.202742 0.034475
-1.61321 -0.186847 0.027763
-1.70025 -0.17062 0.02151
-1.78656 -0.153982 0.0156808
-1.87147 -0.136858 0.0102043
-1.95436 -0.119189 0.00500243
-2.0347 -0.100935 5.37772e-05
-2.11211 -0.0820725 -0.00463614
-2.1865 -0.0626195 -0.00908253
-2.25803 -0.042632 -0.0133045
-2.32698 -0.0222085 -0.0173248
-2.39366 -0.00149595 -0.0211855
-2.45831 0.0193133 -0.02496
-2.52114 0.0399884 -0.0287517
-2.58236 0.0602642 -0.0326553
-2.64226 0.0798824 -0.0366879
-2.70106 0.0986693 -0.040811
-2.75885 0.116579 -0.0449876
-2.81557 0.133671 -0.0491991
-2.871 0.150058 -0.0534198
-2.92473 0.165876 -0.0575964
-2.97632 0.18123 -0.0616896
-3.02528 0.19615 -0.0656608
-3.07111 0.210602 -0.0694775
-3.11339 0.22451 -0.0731184
-3.15171 0.237748 -0.0765471
-3.1859 0.250138 -0.0797993
-3.21601 0.261439 -0.0829183
-3.24242 0.271371 -0.0858987
-3.26565 0.279691 -0.0887169
-3.28626 0.286255 -0.0913452
-3.30475 0.291024 -0.093779
-3.32152 0.294046 -0.0959995
-3.33691 0.295446 -0.0979625
-3.35122 0.29538 -0.0996042
-3.36474 0.29401 -0.100846
-3.37766 0.291498 -0.10162
-3.39013 0.288001 -0.101884
-3.40222 0.28364 -0.101625
-3.41396 0.278468 -0.100856
-3.42535 0.272457 -0.0996015
-3.43634 0.265507 -0.0978968
-3.44676 0.257486 -0.0957904
-3.45637 0.248258 -0.093341
-3.46482 0.237724 -0.0906108
-3.47178 0.225833 -0.0876525
-3.47699 0.212585 -0.0845028
-3.48023 0.198041 -0.0811838
-3.48131 0.182324 -0.0776985
-3.47999 0.165627 -0.0740502
-3.47601 0.148196 -0.0702531
-3.46915 0.130296 -0.0663249
-3.45929 0.112172 -0.0622798
-3.44644 0.0940166 -0.058128
-3.43068 0.075958 -0.0538922
-3.4121 0.0580645 -0.0496064
-3.39074 0.0403529 -0.0453147
-3.36663 0.022806 -0.0410737
-3.33976 0.00539072 -0.0369429
-3.31008 -0.0119334 -0.0329788
-3.27749 -0.0291964 -0.0292326
-3.24185 -0.0463949 -0.0257365
-3.20308 -0.0634793 -0.0225044
-3.16118 -0.0803508 -0.0195343
-3.11624 -0.0968674 -0.0168046
-3.06847 -0.112858 -0.0142692
-3.01812 -0.128134 -0.0118686
-2.96552 -0.142522 -0.00956361
-2.91109 -0.155882 -0.00732134
-2.85531 -0.168114 -0.00511231
-2.7986 -0.179165 -0.00291577
-2.74127 -0.189019 -0.000718066
-2.68346 -0.197696 0.00148204
-2.62515 -0.205244 0.00368194
-2.5663 -0.211733 0.00587527
-2.50685 -0.217246 0.00805711
-2.44672 -0.221875 0.0102273
-2.38581 -0.225706 0.0123927
-2.32403 -0.228805 0.0145654
-2.26134 -0.231213 0.0167606
-2.19778 -0.232946 0.0189957
-2.13359 -0.233993 0.0213018
-2.06918 -0.234332 0.0237255
-2.00506 -0.233939 0.0263222
-1.94183 -0.232796 0.0291566
-1.88007 -0.230891 0.0322939
-1.82032 -0.228221 0.0357832
-1.76305 -0.224793 0.0396263
-1.70856 -0.220623 0.0437602
-1.65701 -0.215751 0.0480732
-1.60839 -0.210257 0.0524544
-1.56264 -0.20428 0.0567908
-1.51967 -0.197987 0.0609425
-1.4794 -0.191548 0.0648294
-1.44169 -0.185128 0.0684173
-1.40628 -0.17887 0.0716693
-1.37279 -0.172874 0.0745687
-1.34086 -0.1672 0.077092
-1.31023 -0.161876 0.0792045
-1.28086 -0.156903 0.0808729
-1.25288 -0.152263 0.082081
-1.22645 -0.14792 0.0828297
-1.20173 -0.143823 0.0831167
-1.17887 -0.139908 0.0829376
-1.15798 -0.136106 0.0822811
-1.13915 -0.132363 0.0811226
-1.12235 -0.128647 0.0794605
-1.10742 -0.124955 0.0773601
-1.09412 -0.121315 0.0749791
-1.08221 -0.117779 0.0724968
-1.07153 -0.114401 0.0699778
-1.06199 -0.111221 0.0674665
-1.05357 -0.108271 0.0650284
-1.04623 -0.105577 0.0627249
-1.03987 -0.103149 0.0606078
-1.03439 -0.100983 0.0587061
-1.0297 -0.0990613 0.0570251
-1.02573 -0.0973424 0.0555512
-1.02243 -0.0957647 0.0542965
-1.01972 -0.0942659 0.0532764
-1.01751 -0.0927884 0.0525108
-1.01575 -0.0912808 0.052012
-1.01442 -0.0896987 0.0517895
-1.01352 -0.0880093 0.0518444
-1.01307 -0.0861954 0.0521773
-1.01311 -0.0842556 0.0527896
-1.01375 -0.0822039 0.0536822
-1.01518 -0.0800657 0.0548563
-1.01756 -0.0778709 0.0563089
-1.02106 -0.0756456 0.05802
-1.02577 -0.0734096 0.0599621
-1.03174 -0.0711793 0.0621072
-1.03904 -0.0689703 0.0644063
-1.04769 -0.0667983 0.0667835
-1.0577 -0.0646782 0.0691229
-1.06899 -0.0626162 0.0713098
-1.08147 -0.060607 0.0732617
-1.09511 -0.0586455 0.0748961
-1.10987 -0.0567275 0.0761581
-1.12571 -0.054847 0.0770041
-1.14243 -0.0530046 0.0773942
-1.15976 -0.0512026 0.0772893
-1.17735 -0.0494415 0.0766534
-1.1949 -0.0477226 0.0754619
-1.21216 -0.0460453 0.0736977
-1.22894 -0.0444102 0.0713704
-1.24503 -0.0428253 0.0685129
-1.26025 -0.0413065 0.0651739
-1.27445 -0.0398742 0.0614043
-1.28764 -0.0385508 0.0572777
-1.29996 -0.0373616 0.0528587
-1.31171 -0.036335 0.0482163
-1.32326 -0.0354971 0.0434402
-1.33509 -0.0348699 0.0386583
-1.3477 -0.0344644 0.0340218
-1.36167 -0.0342736 0.0296343
-1.37752 -0.0342727 0.0255077
-1.39569 -0.0344171 0.0216322
-1.41647 -0.0346437 0.0180366
-1.44006 -0.034878 0.014744
-1.46662 -0.0350483 0.0117995
-1.49625 -0.0350879 0.00924354
-1.529 -0.0349424 0.00709169
-1.56476 -0.0345804 0.00533376
-1.60328 -0.0339955 0.00396253
-1.64419 -0.0332072 0.00298464
-1.68709 -0.0322637 0.00236225
-1.7315 -0.031243 0.00204319
-1.77692 -0.0302478 0.00198566
-1.82279 -0.0293872 0.00212278
-1.86854 -0.0287586 0.00238628
-1.91367 -0.0284416 0.00271199
-1.95775 -0.0284898 0.00302131
-2.00038 -0.0289277 0.00321828
-2.04122 -0.0297568 0.00320932
-2.07993 -0.0309573 0.00292776
-2.11627 -0.0324889 0.00234021
-2.15011 -0.0342956 0.00144592
-2.1815 -0.036309 0.000270983
-2.21051 -0.038453 -0.00114112
-2.23721 -0.0406473 -0.00274545
-2.26161 -0.0428133 -0.00450664
-2.28378 -0.044882 -0.00638634
-2.30385 -0.0468052 -0.00834053
-2.32212 -0.0485628 -0.010329
-2.33893 -0.050162 -0.0123076
-2.35458 -0.0516318 -0.0142348
-2.36934 -0.0530138 -0.0160788
-2.3835 -0.0543474 -0.0178121
-2.39739 -0.0556571 -0.0194117
-2.41124 -0.0569513 -0.0208597
-2.42521 -0.0582223 -0.0221426
-2.43939 -0.0594471 -0.0232472
-2.45379 -0.0605913 -0.0241588
-2.46842 -0.0616134 -0.0248635
-2.48327 -0.0624673 -0.0253495
-2.49829 -0.0631058 -0.0256087
-2.51335 -0.0634879 -0.0256407
-2.52827 -0.063585 -0.0254529
-2.54284 -0.0633866 -0.0250601
-2.55693 -0.0629035 -0.0244786
-2.57047 -0.0621651 -0.0237294
-2.58339 -0.0612141 -0.0228383
-2.59555 -0.0600989 -0.0218353
-2.60674 -0.0588666 -0.0207599
-2.6167 -0.0575577 -0.0196554
-2.62524 -0.0562043 -0.0185671
-2.63216 -0.0548285 -0.0175389
-2.63725 -0.0534432 -0.0166102
-2.64026 -0.0520512 -0.0158128
-2.64093 -0.0506463 -0.015171
-2.63912 -0.0492162 -0.0147026
-2.63479 -0.0477459 -0.0144172
-2.62802 -0.0462224 -0.0143155
-2.61894 -0.0446384 -0.0143896
-2.60773 -0.0429934 -0.0146249
-2.59465 -0.0412919 -0.0150044
-2.58009 -0.0395402 -0.0155076
-2.56461 -0.0377454 -0.0161103
-2.54882 -0.035914 -0.0167857
-2.53326 -0.0340509 -0.0175042
-2.5184 -0.0321565 -0.018235
-2.50467 -0.0302251 -0.0189522
-2.4924 -0.0282431 -0.0196357
-2.48183 -0.0261913 -0.0202698
-2.47305 -0.0240484 -0.0208415
-2.46599 -0.0217972 -0.0213376
-2.46044 -0.0194293 -0.0217486
-2.45618 -0.0169461 -0.0220697
-2.45291 -0.0143584 -0.0223006
-2.45034 -0.0116845 -0.0224468
-2.44808 -0.0089479 -0.0225203
-2.44565 -0.00617535 -0.0225404
-2.44257 -0.00339524 -0.0225304
-2.43842 -0.000635864 -0.0225131
-2.43287 0.00207669 -0.0225078
-2.42571 0.00472007 -0.022525
-2.41673 0.00727856 -0.0225685
-2.40578 0.00974525 -0.0226413
-2.39277 0.0121234 -0.022744
-2.37768 0.0144257 -0.0228765
-2.36056 0.0166704 -0.0230366
-2.34144 0.0188757 -0.0232175
-2.3203 0.0210545 -0.023407
-2.29713 0.023212 -0.0235897
-2.27196 0.0253452 -0.0237469
-2.24496 0.0274415 -0.0238552
-2.21637 0.0294789 -0.02389
-2.18652 0.0314287 -0.0238236
-2.15579 0.0332598 -0.0236288
-2.12462 0.0349436 -0.0232835
-2.09352 0.0364591 -0.0227676
-2.06295 0.0377981 -0.0220695
-2.03327 0.0389661 -0.0211782
-2.00467 0.0399803 -0.0200799
-1.97716 0.0408689 -0.0187796
-1.95061 0.0416621 -0.01729
-1.92489 0.0423812 -0.0156264
-1.89987 0.0430355 -0.0137856
-1.87542 0.0436198 -0.0117682
-1.85139 0.0441092 -0.00958775
-1.8277 0.0444585 -0.00726517
-1.80428 0.0446096 -0.00481325
-1.78116 0.0445042 -0.00225152
-1.75848 0.0440878 0.000386867
-1.73636 0.0433105 0.00307534
-1.71489 0.0421382 0.0057771
-1.69415 0.0405608 0.00848452
-1.67422 0.0385868 0.0111682
-1.65517 0.0362374 0.0137414
-1.63698 0.0335509 0.0161204
-1.61955 0.0305767 0.0182375
-1.60272 0.0273575 0.0200429
-1.58631 0.0239242 0.0215194
-1.57018 0.0202947 0.0226793
-1.55418 0.0164739 0.0235626
-1.53824 0.0124525 0.0242228
-1.52228 0.00821017 0.0247156
-1.5063 0.00372527 0.0250957
-1.4904 -0.00101838 0.0254236
-1.47477 -0.00603203 0.025752
-1.45975 -0.0113203 0.026104
-1.44567 -0.0168762 0.0264816
-1.43289 -0.0226782 0.0268941
-1.42178 -0.0286891 0.0273596
-1.41279 -0.0348575 0.0278938
-1.40639 -0.0411178 0.0285037
-1.40295 -0.0473955 0.0291781
-1.40266 -0.0536162 0.0298941
-1.40547 -0.0597127 0.0306282
-1.41114 -0.0656293 0.0313677
-1.41928 -0.0713269 0.0321167
-1.42941 -0.0767889 0.0328905
-1.44101 -0.082025 0.0337121
-1.4536 -0.0870703 0.0346092
-1.46676 -0.0919771 0.0356034
-1.48027 -0.0968044 0.0366989
-1.49403 -0.101607 0.0378717
-1.50809 -0.106424 0.0390641
-1.52248 -0.111268 0.0401994
-1.53712 -0.116129 0.0411965
-1.55188 -0.12097 0.04198
-1.56659 -0.125744 0.0424986
-1.58109 -0.130393 0.0427248
-1.59523 -0.134859 0.0426494
-1.60882 -0.139091 0.0422799
-1.62164 -0.143047 0.041632
-1.63352 -0.146702 0.0407306
-1.64431 -0.150047 0.0396022
-1.65401 -0.153092 0.0382853
-1.66265 -0.155856 0.0368308
-1.67036 -0.158363 0.0352951
-1.67733 -0.160638 0.0337458
-1.68387 -0.16269 0.0322341
-1.69033 -0.164517 0.030788
-1.69712 -0.166105 0.0294171
-1.70454 -0.167422 0.028117
-1.71282 -0.16842 0.0268819
-1.72212 -0.169046 0.0257032
-1.73255 -0.169246 0.0245752
-1.74427 -0.168981 0.0235042
-1.75738 -0.168238 0.0225118
-1.77195 -0.167025 0.0216264
-1.78796 -0.165376 0.0208693
-1.80534 -0.163337 0.0202481
-1.82401 -0.160954 0.0197557
-1.84394 -0.158265 0.0193767
-1.86505 -0.1553 0.0190918
-1.8873 -0.152084 0.0188797
-1.91057 -0.148641 0.0187174
-1.93479 -0.144986 0.0185775
-1.95987 -0.141132 0.0184269
-1.98572 -0.137079 0.0182211
-2.01215 -0.13282 0.0179061
-2.03882 -0.128348 0.0174217
-2.06529 -0.123662 0.0167103
-2.09106 -0.118781 0.0157288
-2.11567 -0.113738 0.0144453
-2.13868 -0.108583 0.0128523
-2.1597 -0.103379 0.0109792
-2.17843 -0.0981924 0.00886715
-2.19467 -0.0930819 0.00655192
-2.20844 -0.0880829 0.00407097
-2.21997 -0.0832035 0.00145519
-2.22965 -0.078423 -0.001263
-2.238 -0.073696 -0.00404388
-2.24555 -0.0689646 -0.00684056
-2.25288 -0.0641672 -0.00959795
-2.26059 -0.0592447 -0.0122619
-2.26918 -0.0541442 -0.014783
-2.27901 -0.0488253 -0.0171261
-2.2902 -0.043263 -0.0192711
-2.30261 -0.0374548 -0.0212099
-2.31594 -0.031427 -0.0229432
-2.32976 -0.0252389 -0.0244734
-2.34359 -0.0189795 -0.0258051
-2.35691 -0.0127549 -0.0269462
-2.36925 -0.00667127 -0.0279062
-2.38021 -0.000818641 -0.0287045
-2.38953 0.00474072 -0.0293689
-2.39708 0.00997661 -0.0299236
-2.40284 0.0148883 -0.0303819
-2.40687 0.019497 -0.030745
-2.40932 0.0238392 -0.0310039
-2.41045 0.0279618 -0.0311427
-2.41059 0.0319182 -0.0311478
-2.4101 0.0357615 -0.0310109
-2.4093 0.0395355 -0.0307383
-2.40847 0.0432661 -0.0303462
-2.40783 0.0469533 -0.0298583
-2.40759 0.0505684 -0.0293038
-2.40786 0.0540577 -0.0287093
-2.40863 0.0573515 -0.028105
-2.40972 0.0603746 -0.0275173
-2.41083 0.063058 -0.0269721
-2.4116 0.065348 -0.0264947
-2.41173 0.0672094 -0.0261057
-2.41096 0.0686269 -0.0258208
-2.40917 0.0696049 -0.0256456
-2.40631 0.0701665 -0.025578
-2.40241 0.0703537 -0.0256131
-2.39766 0.0702246 -0.0257449
-2.39234 0.0698472 -0.0259665
-2.38678 0.06929 -0.0262687
-2.38127 0.0686129 -0.0266372
-2.37601 0.0678603 -0.0270537
-2.37114 0.0670596 -0.0274959
-2.36672 0.0662222 -0.027943
-2.3628 0.065345 -0.028377
-2.35938 0.0644119 -0.0287841
-2.35646 0.0633968 -0.0291492
-2.35399 0.062268 -0.0294592
-2.35197 0.0609958 -0.0297041
-2.35044 0.0595611 -0.0298773
-2.34946 0.0579615 -0.029976
-2.34904 0.0562138 -0.0299959
-2.34918 0.0543525 -0.0299332
-2.34982 0.0524256 -0.029783
-2.35087 0.0504886 -0.0295414
-2.35221 0.0485984 -0.0292062
-2.3537 0.0468081 -0.0287798
-2.35515 0.0451611 -0.0282717
-2.35623 0.0436846 -0.0276972
-2.35661 0.042385 -0.0270761
-2.3559 0.0412461 -0.0264315
-2.35374 0.0402294 -0.0257863
-2.34982 0.0392796 -0.0251601
-2.34382 0.0383311 -0.024568
-2.3355 0.0373173 -0.0240224
-2.32467 0.0361796 -0.0235324
-2.31124 0.0348743 -0.0231033
-2.29524 0.0333778 -0.0227348
-2.2768 0.0316875 -0.0224174
-2.25614 0.0298201 -0.0221329
-2.23361 0.0278072 -0.0218544
-2.20962 0.0256905 -0.0215493
-2.18462 0.0235168 -0.0211855
-2.15902 0.0213334 -0.0207329
-2.13319 0.019183 -0.0201666
-2.10743 0.0170956 -0.0194687
-2.08203 0.0150816 -0.0186263
-2.05723 0.0131285 -0.0176294
-2.03326 0.0112016 -0.0164699
-2.01027 0.00924988 -0.0151422
-1.98838 0.00721385 -0.0136454
-1.96763 0.00503352 -0.0119861
-1.948 0.00265486 -0.010179
-1.92948 3.39763e-05 -0.0082445
-1.91205 -0.00286014 -0.0062032
-1.89571 -0.00604444 -0.00406359
-1.88043 -0.00952194 -0.00183138
-1.8662 -0.0132821 0.000483995
-1.85303 -0.0173003 0.00285431
-1.84095 -0.0215423 0.00524193
-1.82994 -0.0259754 0.00761586
-1.81992 -0.0305707 0.00994769
-1.81069 -0.0353025 0.0121762
-1.802 -0.0401566 0.0142362
-1.79364 -0.0451367 0.0161014
-1.78547 -0.0502602 0.0177571
-1.77736 -0.0555527 0.0192042
-1.76923 -0.0610445 0.0204503
-1.76098 -0.0667655 0.0214986
-1.75257 -0.0727351 0.0223462
-1.74399 -0.078955 0.0229899
-1.73527 -0.0854079 0.0234346
-1.72642 -0.0920615 0.0236972
-1.71746 -0.0988716 0.0238067
-1.70843 -0.105783 0.0238076
-1.6994 -0.11273 0.0237533
-1.69049 -0.119643 0.0236872
-1.68181 -0.126453 0.0236402
-1.67351 -0.133094 0.0236424
-1.6657 -0.139506 0.0237222
-1.65847 -0.145645 0.0239007
-1.65191 -0.151478 0.0241989
-1.64611 -0.156986 0.0246359
-1.64112 -0.162157 0.0252253
-1.63699 -0.166988 0.0259798
-1.63374 -0.171479 0.026908
-1.63142 -0.175629 0.0280093
-1.63009 -0.179437 0.0292754
-1.62983 -0.182894 0.0306908
-1.63071 -0.185987 0.032237
-1.63279 -0.188694 0.0338935
-1.63609 -0.19099 0.0356336
-1.6406 -0.192852 0.0374289
-1.64632 -0.194256 0.0392544
-1.65321 -0.195182 0.0410794
-1.6612 -0.195615 0.0428699
-1.67022 -0.195544 0.0445864
-1.68017 -0.194968 0.046183
-1.69098 -0.193896 0.0476168
-1.70258 -0.19234 0.0488334
-1.71483 -0.190318 0.0497757
-1.72757 -0.187851 0.0503848
-1.74057 -0.184962 0.0506008
-1.75354 -0.181676 0.0503731
-1.76625 -0.178018 0.0496597
-1.77843 -0.174017 0.0484366
-1.78986 -0.169704 0.0467012
-1.80031 -0.165107 0.044475
-1.80962 -0.160254 0.0418001
-1.81768 -0.155163 0.0387389
-1.82444 -0.149841 0.0353607
-1.82988 -0.144287 0.0317315
-1.834 -0.13849 0.0279245
-1.83684 -0.132433 0.0240233
-1.83843 -0.126094 0.0201097
-1.83889 -0.11946 0.0162511
-1.83836 -0.112529 0.0125098
-1.83707 -0.105304 0.00893305
-1.83527 -0.0977965 0.00555924
-1.83328 -0.0900276 0.00242368
-1.83146 -0.0820277 -0.000452894
-1.83021 -0.0738324 -0.00305107
-1.8299 -0.0654815 -0.0053567
-1.83084 -0.0570196 -0.00736279
-1.83326 -0.0484899 -0.00906225
-1.83732 -0.0399287 -0.0104467
-1.84312 -0.0313661 -0.0115075
-1.85067 -0.0228267 -0.0122384
-1.85992 -0.0143334 -0.0126438
-1.87071 -0.00591117 -0.0127362
-1.88274 0.00241032 -0.0125328
-1.89571 0.0105934 -0.012065
-1.90926 0.0185876 -0.0113814
-1.92306 0.0263293 -0.0105393
-1.93679 0.0337447 -0.00960702
-1.95015 0.0407528 -0.00862129
-1.96292 0.0472683 -0.00764452
-1.97488 0.0532069 -0.00677263
-1.98591 0.0584975 -0.0060799
-1.99592 0.0630897 -0.00563034
-2.00486 0.066958 -0.00547149
-2.01272 0.0701033 -0.00564002
-2.01948 0.072549 -0.00615022
-2.0252 0.0743394 -0.0069924
-2.02991 0.0755371 -0.00814032
-2.03366 0.0762134 -0.00955943
-2.03647 0.0764386 -0.0112016
-2.03839 0.0762726 -0.0130176
-2.03948 0.0757536 -0.0149589
-2.03981 0.0748948 -0.0169436
-2.03953 0.0736882 -0.0189083
-2.03881 0.0721108 -0.0208198
-2.0379 0.0701309 -0.0226249
-2.03711 0.067716 -0.0242705
-2.03679 0.0648442 -0.0257006
-2.03731 0.0615113 -0.0268984
-2.03903 0.0577373 -0.0278495
-2.04227 0.0535743 -0.0285259
-2.04724 0.0491053 -0.028916
-2.05406 0.0444345 -0.0290072
-2.0627 0.0396772 -0.0287938
-2.07309 0.0349476 -0.0282681
-2.08505 0.0303479 -0.0274279
-2.09837 0.0259559 -0.0262794
-2.11278 0.0218174 -0.0248404
-2.12802 0.0179408 -0.0231369
-2.14382 0.0142982 -0.0212019
-2.15988 0.0108335 -0.0190777
-2.17588 0.00747508 -0.0168196
-2.19148 0.0041512 -0.0144954
-2.20625 0.000799946 -0.0121815
-2.21974 -0.0026237 -0.00995523
-2.23152 -0.00614463 -0.00789342
-2.24122 -0.00976647 -0.00605597
-2.24854 -0.0134713 -0.00448428
-2.25325 -0.0172182 -0.00320988
-2.25523 -0.0209466 -0.00225324
-2.25448 -0.0245839 -0.00162064
-2.25115 -0.0280539 -0.00130285
-2.24548 -0.031289 -0.00127915
-2.23775 -0.0342396 -0.00151683
-2.22827 -0.0368749 -0.00197682
-2.21735 -0.0391848 -0.00262268
-2.20528 -0.0411776 -0.00341929
-2.19231 -0.0428746 -0.00432892
-2.17866 -0.0443069 -0.00531562
-2.16448 -0.0455123 -0.00634507
-2.14991 -0.0465292 -0.00738071
-2.13513 -0.0473913 -0.00838462
-2.12032 -0.0481264 -0.00932227
-2.1057 -0.0487502 -0.0101605
-2.09144 -0.0492623 -0.0108677
-2.07763 -0.0496458 -0.0114184
-2.06428 -0.0498715 -0.0117921
-2.05136 -0.0499048 -0.0119718
-2.03881 -0.049715 -0.0119431
-2.02651 -0.0492842 -0.0116944
-2.01433 -0.0486122 -0.0112181
-2.0021 -0.047718 -0.0105129
-1.9897 -0.0466384 -0.00958529
-1.97706 -0.0454265 -0.0084499
-1.9642 -0.0441502 -0.00712963
-1.95122 -0.0428873 -0.00564766
-1.9383 -0.0417199 -0.00402498
-1.92568 -0.0407243 -0.00228314
-1.9136 -0.0399617 -0.000442254
-1.90227 -0.039472 0.00147644
-1.89183 -0.0392711 0.00344285
-1.88228 -0.0393503 0.00542594
-1.87351 -0.0396793 0.00738601
-1.86526 -0.0402198 0.00927144
-1.85723 -0.040942 0.0110317
-1.84908 -0.0418287 0.0126178
-1.84047 -0.0428754 0.0139882
-1.83108 -0.0440942 0.0151138
-1.82067 -0.0455176 0.0159772
-1.80909 -0.0471929 0.0165757
-1.79628 -0.0491722 0.016925
-1.78229 -0.0515059 0.0170515
-1.76727 -0.0542354 0.0169899
-1.75145 -0.0573815 0.0167791
-1.73511 -0.0609392 0.016461
-1.71856 -0.0648777 0.0160809
-1.70213 -0.0691431 0.0156834
-1.68614 -0.0736625 0.0153062
-1.67092 -0.0783539 0.014985
-1.65676 -0.0831309 0.0147584
-1.64398 -0.0879065 0.0146595
-1.63284 -0.0926012 0.0147144
-1.62357 -0.097152 0.0149432
-1.61632 -0.101519 0.0153629
-1.61119 -0.105686 0.0159872
-1.60818 -0.109656 0.0168291
-1.60728 -0.113441 0.0179004
-1.60847 -0.117059 0.0192085
-1.61174 -0.120523 0.0207558
-1.6171 -0.12384 0.0225372
-1.62455 -0.127009 0.0245389
-1.63407 -0.130014 0.0267332
-1.64561 -0.132825 0.0290714
-1.6591 -0.135401 0.0314823
-1.67438 -0.137693 0.0338793
-1.6912 -0.139659 0.0361769
-1.70923 -0.141262 0.0382941
-1.72807 -0.142472 0.0401616
-1.74725 -0.143278 0.0417155
-1.76634 -0.143682 0.0429107
-1.78496 -0.143702 0.0436994
-1.80278 -0.143364 0.0440147
-1.81953 -0.142703 0.0438144
-1.83503 -0.14176 0.0430827
-1.84924 -0.140567 0.0418276
-1.86216 -0.139146 0.04008
-1.87385 -0.137494 0.0378859
-1.88446 -0.135584 0.0352947
-1.89416 -0.13337 0.0323586
-1.9031 -0.130794 0.0291369
-1.91144 -0.127794 0.0256891
-1.91932 -0.124315 0.0220793
-1.92687 -0.120303 0.0183856
-1.93425 -0.115729 0.0146821
-1.94162 -0.110583 0.0110398
-1.94908 -0.104878 0.00751684
-1.95675 -0.0986419 0.00415757
-1.96475 -0.0919238 0.00099742
-1.97321 -0.0847809 -0.00193986
-1.98224 -0.0772732 -0.00464498
-1.99192 -0.0694555 -0.00711761
-2.00225 -0.0613736 -0.00935243
-2.01322 -0.053065 -0.0113472
-2.02482 -0.0445597 -0.0130988
-2.037 -0.035881 -0.0146044
-2.04967 -0.0270483 -0.0158658
-2.06268 -0.0180814 -0.0168921
-2.07586 -0.00900538 -0.0176976
-2.089 0.000144562 -0.018303
-2.10183 0.00931704 -0.0187361
-2.11406 0.0184427 -0.0190288
-2.12539 0.0274362 -0.0192174
-2.13559 0.0361996 -0.0193366
-2.1445 0.0446274 -0.0194254
-2.15204 0.0526129 -0.0195193
-2.15821 0.0600588 -0.0196501
-2.16302 0.0668848 -0.0198554
-2.16653 0.0730323 -0.020165
-2.16886 0.0784713 -0.0205977
-2.1701 0.0832043 -0.0211603
-2.1704 0.0872608 -0.0218483
-2.1699 0.0906867 -0.0226486
-2.16872 0.0935296 -0.0235414
-2.16702 0.0958296 -0.0244988
-2.16492 0.0976136 -0.0254921
-2.16256 0.0988912 -0.0264967
-2.16004 0.099653 -0.0274908
-2.15749 0.0998728 -0.0284466
-2.15503 0.0995107 -0.0293351
-2.15278 0.0985185 -0.0301336
-2.15088 0.0968489 -0.0308256
-2.14953 0.0944653 -0.0313927
-2.14895 0.09135 -0.0318168
-2.14933 0.0875136 -0.0320764
-2.15082 0.0829985 -0.0321552
-2.15348 0.0778747 -0.0320469
-2.15733 0.0722319 -0.0317414
-2.16238 0.0661722 -0.0312273
-2.16857 0.0598 -0.0304952
-2.1758 0.0532109 -0.0295401
-2.18392 0.0464825 -0.0283639
-2.19274 0.0396705 -0.0269785
-2.20203 0.0328081 -0.0254052
-2.21151 0.0259066 -0.023675
-2.2209 0.0189591 -0.0218256
-2.2299 0.0119462 -0.0198966
-2.23825 0.00484461 -0.0179272
-2.24576 -0.00236455 -0.0159526
-2.25228 -0.00968732 -0.0140026
-2.25774 -0.0171108 -0.0121022
-2.2621 -0.0246 -0.0102739
-2.26533 -0.0320968 -0.0085377
-2.26744 -0.0395242 -0.00690979
-2.26839 -0.0467915 -0.00540725
-2.26816 -0.0538024 -0.0040449
-2.2667 -0.0604645 -0.00283184
-2.26393 -0.0667006 -0.00177349
-2.25979 -0.0724571 -0.000869294
-2.2542 -0.0777062 -0.0001146
-2.24709 -0.0824451 0.000495594
-2.23835 -0.0866913 0.000966279
-2.22788 -0.0904765 0.00130255
-2.21558 -0.0938394 0.00150965
-2.20137 -0.0968199 0.00159842
-2.18522 -0.0994525 0.0015855
-2.16714 -0.101761 0.00149367
-2.14716 -0.103754 0.00135104
-2.12539 -0.105424 0.00118758
-2.10199 -0.106747 0.0010356
-2.07721 -0.107689 0.00092832
-2.05136 -0.108215 0.000898087
-2.02476 -0.108287 0.000973958
-1.99772 -0.107878 0.00118208
-1.97049 -0.106969 0.00154232
-1.94329 -0.10556 0.00206919
-1.91633 -0.103669 0.00277364
-1.88978 -0.101334 0.00366218
-1.86383 -0.0986167 0.0047408
-1.83862 -0.095592 0.00601321
-1.81426 -0.0923436 0.00747762
-1.79086 -0.0889544 0.00912791
-1.76843 -0.0854988 0.0109492
-1.74685 -0.0820383 0.0129139
-1.72601 -0.0786225 0.0149914
-1.70583 -0.0752939 0.0171653
