4.44686e-07 -1.30778e-07 -0.0173672
-4.58865e-05 -1.22336e-08 -0.0173614
-0.000195517 3.17593e-07 -0.0173326
-0.000396656 1.77539e-06 -0.0172767
-0.000569394 4.75744e-06 -0.017219
-0.000707906 7.52871e-06 -0.0171775
-0.000822483 9.75889e-06 -0.0171485
-0.000916782 1.20582e-05 -0.0171283
-0.00100642 1.42314e-05 -0.0171142
-0.00112463 1.66704e-05 -0.0170987
-0.00132102 1.94628e-05 -0.0170697
-0.00162293 2.23739e-05 -0.0170151
-0.00202439 2.54175e-05 -0.0169321
-0.00249654 2.85397e-05 -0.0168293
-0.00298141 3.20316e-05 -0.0167237
-0.003401 3.61356e-05 -0.0166377
-0.0036801 4.10409e-05 -0.0165883
-0.00379694 4.73433e-05 -0.016581
-0.00379141 5.48228e-05 -0.0166107
-0.00370431 6.25594e-05 -0.0166717
-0.00352782 6.89578e-05 -0.0167657
-0.00326048 7.1786e-05 -0.0168949
-0.00296393 6.89451e-05 -0.017047
-0.00270408 6.02515e-05 -0.0171983
-0.00252487 4.82285e-05 -0.0173255
-0.00241422 3.61169e-05 -0.0174126
-0.00230081 2.80413e-05 -0.0174629
-0.00218531 2.68655e-05 -0.0174872
-0.0021585 3.37805e-05 -0.0174698
-0.00232671 5.05509e-05 -0.0173796
-0.00278444 7.65787e-05 -0.0171949
-0.00352361 0.000108489 -0.0169169
-0.00440261 0.000141476 -0.016586
-0.00524458 0.000168747 -0.0162658
-0.00589515 0.000184708 -0.0160124
-0.00628501 0.000187818 -0.0158608
-0.00644733 0.000179792 -0.0158128
-0.0064135 0.000165844 -0.0158425
-0.00620482 0.000152338 -0.0159231
-0.00586069 0.000142495 -0.0160323
-0.00540883 0.000136721 -0.0161603
-0.00483352 0.000132015 -0.0163221
-0.00402397 0.000123132 -0.0165555
-0.00291988 0.000105928 -0.0168952
-0.00164049 7.76179e-05 -0.0173185
-0.000369419 4.09899e-05 -0.0177473
0.000680524 2.96984e-06 -0.0180997
0.00135313 -3.06834e-05 -0.0183143
0.00166518 -5.43518e-05 -0.0183801
0.00165892 -6.6204e-05 -0.0183312
0.00132748 -6.79454e-05 -0.0181841
0.000762302 -5.91964e-05 -0.0179418
0.000132415 -4.01284e-05 -0.0176401
-0.000467372 -1.48044e-05 -0.0173269
-0.00101576 1.14668e-05 -0.0170282
-0.0014743 3.40615e-05 -0.0167607
-0.00174808 4.86201e-05 -0.0165578
-0.00172032 5.15763e-05 -0.0164722
-0.0012537 4.09406e-05 -0.0165553
-0.000255091 1.72228e-05 -0.0168334
0.00121241 -1.77218e-05 -0.0172819
0.00294223 -5.94779e-05 -0.0178239
0.00463069 -0.000101011 -0.0183629
0.00605648 -0.000136999 -0.0188154
0.00719656 -0.000163355 -0.0191473
0.00805248 -0.000179204 -0.0193599
0.00855124 -0.000185957 -0.0194413
0.0084966 -0.000182911 -0.0193596
0.00760068 -0.000169311 -0.0190587
0.00590832 -0.000142944 -0.0184999
0.00388055 -0.000102209 -0.0177693
0.00193405 -5.48884e-05 -0.0170386
0.000338869 -1.18081e-05 -0.0164361
-0.000729071 2.15694e-05 -0.0160379
-0.00120718 4.01314e-05 -0.0158849
-0.00101547 4.17711e-05 -0.0159892
-5.62368e-05 2.72924e-05 -0.0163595
0.00151481 -4.24635e-06 -0.0169634
0.00319808 -5.21526e-05 -0.0176694
0.0045058 -0.000110038 -0.0183021
0.00518179 -0.000166825 -0.0187566
0.00540885 -0.000214633 -0.0190343
0.00580669 -0.000246392 -0.0192438
0.00668735 -0.000258712 -0.0195011
0.00775454 -0.000253384 -0.0197704
0.00835381 -0.00022582 -0.0199008
0.00777141 -0.000174773 -0.0197314
0.00583521 -0.000104961 -0.0191667
0.00297091 -2.44542e-05 -0.0182762
-0.000275188 4.79526e-05 -0.0172465
-0.0034174 9.65124e-05 -0.0162614
-0.00607353 0.000116802 -0.0154708
-0.0079581 0.000114194 -0.0149716
-0.00889689 0.000104646 -0.0147853
-0.00899445 0.000105659 -0.0148399
-0.0085438 0.000129213 -0.0149987
-0.00782032 0.000176845 -0.015175
-0.00707565 0.000232817 -0.0153818
-0.00627605 0.000270964 -0.0156989
-0.00519113 0.000270068 -0.0162297
-0.00383992 0.00021843 -0.0169696
-0.00230726 0.000125722 -0.0177677
-0.000785027 2.16808e-05 -0.0184716
0.000266444 -6.75582e-05 -0.0189498
0.000493384 -0.000117608 -0.019088
-0.000280918 -0.000110429 -0.0188478
-0.00211134 -4.57185e-05 -0.0182338
-0.00480109 6.71762e-05 -0.0172981
-0.0079864 0.000207009 -0.0161744
-0.0111884 0.000342998 -0.0150315
-0.013866 0.000434316 -0.0140084
-0.0156848 0.000435848 -0.0132163
-0.0163636 0.000386957 -0.0128601
-0.0157433 0.000336671 -0.013095
-0.0141709 0.000262824 -0.0137632
-0.0119265 0.000187329 -0.0146431
-0.00896092 0.000136842 -0.0156812
-0.0055633 0.000112244 -0.0168112
-0.00230766 9.9334e-05 -0.0178938
0.000462323 7.38873e-05 -0.0188141
0.00242804 4.55156e-05 -0.0194525
0.00328313 1.79557e-05 -0.019693
0.00309714 -9.14704e-06 -0.0195498
0.00194573 -2.22831e-05 -0.0190556
-0.000352134 -1.84082e-05 -0.0181784
-0.00367582 5.44687e-06 -0.016934
-0.00750708 5.73205e-05 -0.0154251
-0.0111812 0.000137865 -0.0139039
-0.013808 0.000241466 -0.0127073
-0.0150151 0.000341171 -0.0119987
-0.0152569 0.000388198 -0.0117775
-0.0147481 0.000385559 -0.0120178
-0.0134351 0.00033893 -0.0126645
-0.0112612 0.000233693 -0.0136715
-0.00788778 9.56506e-05 -0.0150613
-0.00340764 -5.25444e-05 -0.0167904
0.00123542 -0.000201411 -0.018522
0.00521989 -0.000324583 -0.0199644
0.00824664 -0.000375819 -0.0210269
0.00992652 -0.000361087 -0.0215682
0.00994676 -0.000303999 -0.0215157
0.00837729 -0.000207416 -0.0208925
0.00514254 -9.95214e-05 -0.0197249
0.000354037 -1.13275e-05 -0.0181499
-0.00506094 4.17965e-05 -0.016387
-0.0101317 6.46092e-05 -0.0146383
-0.0143893 8.28908e-05 -0.0131011
-0.017753 0.000150188 -0.0117708
-0.0205012 0.000216708 -0.0104757
-0.0223811 0.000262994 -0.00940254
-0.0224518 0.000334964 -0.00921092
-0.020644 0.000379084 -0.010014
-0.0177349 0.000380345 -0.0113582
-0.0136942 0.000320934 -0.0131655
-0.00823627 0.000230904 -0.0154955
-0.00240124 0.00012422 -0.0179719
0.00247755 -2.79429e-05 -0.0199391
0.00630166 -0.000160892 -0.0213495
0.0089418 -0.000228767 -0.0221939
0.00921011 -0.000252079 -0.0222309
0.00687894 -0.000216987 -0.0215252
0.0030905 -0.000118871 -0.0202221
-0.00125176 3.88991e-06 -0.018524
-0.00566642 0.000135156 -0.0165589
-0.00991656 0.000279593 -0.0144796
-0.0142222 0.000434541 -0.0124845
-0.0190615 0.00055828 -0.010606
-0.0244171 0.000647277 -0.00864535
-0.0300139 0.00069993 -0.0064883
-0.0353233 0.000740595 -0.00448362
-0.0387885 0.000745542 -0.00327366
-0.0389065 0.000662129 -0.00341411
-0.0355983 0.0005153 -0.00484731
-0.0297077 0.000337522 -0.00721795
-0.0224304 0.000212603 -0.0102163
-0.0153726 0.000161751 -0.0132718
-0.00979345 0.000146637 -0.0157328
-0.00592222 0.000137826 -0.0174698
-0.00355105 0.000107832 -0.0187029
-0.00252661 1.2032e-05 -0.0194309
-0.00198189 -0.000135764 -0.0198908
-0.00100471 -0.000263121 -0.0203543
-0.000252568 -0.000366697 -0.0206974
-0.000589805 -0.000398342 -0.0206018
-0.00206854 -0.000323538 -0.0199219
-0.00491508 -0.000155736 -0.0185625
-0.00951032 3.95886e-05 -0.0163439
-0.0153271 0.000252431 -0.0135845
-0.0211376 0.000495578 -0.0109358
-0.0261786 0.00065581 -0.00874218
-0.0297307 0.000715866 -0.00717421
-0.0309734 0.000691291 -0.00649945
-0.0299104 0.000592161 -0.00679949
-0.0270312 0.000461695 -0.0077871
-0.0223402 0.000344173 -0.00931943
-0.0160863 0.00028935 -0.0114507
-0.00951167 0.000277285 -0.0138902
-0.00354511 0.000295087 -0.0162482
0.00154113 0.000379277 -0.0180941
0.00557088 0.000392277 -0.0193106
0.00882617 0.000337038 -0.0202481
0.0112627 0.00023831 -0.0210076
0.0127893 2.86301e-05 -0.0215223
0.0141655 -0.000142496 -0.0218399
0.015752 -0.000295876 -0.0220298
0.0168092 -0.000376354 -0.0219987
0.016272 -0.000359163 -0.0215423
0.0140038 -0.000245739 -0.020455
0.0101986 -3.77502e-05 -0.018731
0.00512155 0.000156038 -0.0166072
-0.000359674 0.00024529 -0.0145759
-0.0049686 0.000191592 -0.0130719
-0.00685267 6.93307e-05 -0.0123583
-0.00506005 -0.000109757 -0.0127649
-0.000834883 -0.000282701 -0.0142608
0.00379089 -0.00045599 -0.0161813
0.00758646 -0.000622223 -0.0178914
0.0101969 -0.000735462 -0.0191121
0.01175 -0.000736063 -0.0198269
0.0124678 -0.000672218 -0.02023
0.0130544 -0.00064293 -0.020666
0.0144847 -0.000675553 -0.0214256
0.0171202 -0.000863864 -0.0227065
0.0205094 -0.00118061 -0.0245576
0.023432 -0.0015018 -0.0265394
0.0248852 -0.0017166 -0.0278467
0.0243128 -0.00174483 -0.0277971
0.0210738 -0.00155644 -0.0263196
0.0152355 -0.00121552 -0.0237659
0.00832042 -0.000792773 -0.0208269
0.00248546 -0.000340294 -0.0182169
-0.00160451 -2.14033e-05 -0.0163826
-0.00482498 0.000111394 -0.0151445
-0.00770996 0.00016995 -0.0141611
-0.0112044 0.000181696 -0.013166
-0.0167381 0.000172389 -0.0114935
-0.0241543 0.000196147 -0.0089639
-0.0319744 0.000300714 -0.00621759
-0.0388859 0.000473686 -0.00387574
-0.0436667 0.000658313 -0.00220052
-0.0446986 0.000839244 -0.00176238
-0.0413315 0.000976143 -0.00290251
-0.0352201 0.00102148 -0.00508322
-0.0284198 0.000993261 -0.00764212
-0.0215428 0.000968876 -0.0103079
-0.0153248 0.000928731 -0.0129467
-0.0111365 0.000811753 -0.0152534
-0.00920498 0.000613359 -0.0169372
-0.00897305 0.000387674 -0.0179246
-0.0103592 0.000201628 -0.0181396
-0.0132358 0.000133936 -0.0174784
-0.0169348 0.000229502 -0.0160912
-0.021013 0.000416249 -0.0142368
-0.0256826 0.0006683 -0.011997
-0.0307103 0.000985115 -0.00944939
-0.0353417 0.00130716 -0.00701222
-0.0396977 0.00150755 -0.00474716
-0.0442771 0.00151003 -0.0022932
-0.0489257 0.00138373 0.000331547
-0.0533357 0.00126156 0.00271724
-0.0576459 0.0011904 0.00474013
-0.0621385 0.00105493 0.00645755
-0.066189 0.000820415 0.00751028
-0.0684923 0.000597132 0.00753174
-0.0681787 0.000513765 0.00654448
-0.0646108 0.000642322 0.00464751
-0.0571321 0.000880219 0.00170336
-0.0460752 0.0010031 -0.00215503
-0.0337581 0.00091265 -0.00633026
-0.0233547 0.000741336 -0.0103297
-0.0162667 0.000600992 -0.0136456
-0.0118428 0.000454344 -0.015931
-0.00937264 0.000252757 -0.0173022
-0.00804597 -3.38539e-05 -0.017984
-0.00638265 -0.000364624 -0.0184905
-0.004132 -0.000621237 -0.0191253
-0.00255153 -0.000722207 -0.0195758
-0.00216026 -0.000653377 -0.0195476
-0.00250646 -0.000459659 -0.0191435
-0.00327401 -0.000234248 -0.0184325
-0.00405107 -2.83665e-05 -0.0174383
-0.0040665 0.000202183 -0.0164596
-0.0033385 0.000446751 -0.0156308
-0.00333679 0.000608652 -0.0146762
-0.00490879 0.000636307 -0.0137342
-0.00674401 0.000530089 -0.0132141
-0.00712126 0.000343852 -0.0132557
-0.00508952 0.000146686 -0.0139965
-3.1159e-05 -4.40535e-06 -0.0154767
0.00701376 -0.000119677 -0.0173406
0.0131613 -0.000294643 -0.0192125
0.0172056 -0.000473559 -0.0209458
0.0200645 -0.000540537 -0.0221811
0.0220475 -0.000513887 -0.0228949
0.0232085 -0.000406863 -0.0234396
0.0242394 -0.000282154 -0.0238082
0.025104 -0.000216437 -0.0238447
0.0247793 -0.000240563 -0.0236415
0.0234352 -0.00032643 -0.0233558
0.0222537 -0.000395227 -0.022981
0.0212105 -0.000509737 -0.0225659
0.020238 -0.000690316 -0.0222608
0.0199693 -0.000855595 -0.0220399
0.0197799 -0.000980781 -0.0217678
0.0184332 -0.00105344 -0.0214009
0.0160366 -0.00105463 -0.020902
0.0132726 -0.000998937 -0.0202406
0.0105403 -0.000934994 -0.019591
0.00851548 -0.000857791 -0.0191959
0.00787359 -0.000777175 -0.0191841
0.00860608 -0.000732622 -0.0195753
0.00996784 -0.000736053 -0.0203204
0.0110632 -0.000806771 -0.0212085
0.0115394 -0.000910573 -0.0219758
0.0114597 -0.000997576 -0.0225449
0.0110604 -0.00103724 -0.0228954
0.0104364 -0.0010359 -0.0229199
0.0090287 -0.00101046 -0.0225181
0.00617104 -0.000946155 -0.021683
0.0020763 -0.000831482 -0.0204877
-0.00259584 -0.000627461 -0.01904
-0.00754122 -0.000444297 -0.0173314
-0.0122176 -0.000288971 -0.015462
-0.0161067 -5.95565e-05 -0.0134835
-0.0197069 0.000168677 -0.011479
-0.0237273 0.000399354 -0.0095
-0.0281036 0.000602116 -0.00744043
-0.0322865 0.000775812 -0.0054906
-0.0358127 0.000910873 -0.00400157
-0.0378632 0.000973934 -0.00316572
-0.0376003 0.00100244 -0.00305557
-0.0351311 0.000964907 -0.00383587
-0.0307576 0.000889598 -0.00559248
-0.0244534 0.000814126 -0.00819295
-0.0163198 0.000795476 -0.0114934
-0.00659242 0.000875478 -0.0154409
0.00425352 0.000992153 -0.0197985
0.0151735 0.000948068 -0.0241242
0.0261564 0.000897044 -0.0285325
0.0379912 0.000921033 -0.033426
0.0507485 0.000847651 -0.0386537
0.064736 0.000804534 -0.0435346
0.0803609 0.000651116 -0.0476116
0.0977628 0.00037492 -0.0507587
0.116614 3.55159e-05 -0.0531723
0.136396 -0.000367896 -0.0550948
0.157033 -0.000824546 -0.0563753
0.17825 -0.00137923 -0.0568577
0.199284 -0.00200469 -0.0564851
0.219623 -0.00267286 -0.0553674
0.239324 -0.0033123 -0.0536197
0.258912 -0.00398096 -0.0509002
0.279138 -0.00464805 -0.04753
0.30065 -0.00529935 -0.0437823
0.324213 -0.00583738 -0.0394348
0.350261 -0.00629379 -0.0349737
0.378763 -0.00699424 -0.0311358
0.409341 -0.00817862 -0.0284927
0.441628 -0.00992761 -0.0273906
0.475726 -0.0120556 -0.0281082
0.51148 -0.0144472 -0.0307824
0.548443 -0.0170464 -0.0354458
0.586208 -0.0196833 -0.0417158
0.624381 -0.0221937 -0.0488865
0.662641 -0.0244563 -0.0564599
0.70083 -0.0264237 -0.0643408
0.739145 -0.0280464 -0.0725463
0.777908 -0.0293152 -0.0810972
0.817201 -0.0302862 -0.0899786
0.856521 -0.0310249 -0.09913
0.894693 -0.0315575 -0.108359
0.930011 -0.0318855 -0.11728
0.960259 -0.0320228 -0.125265
0.983474 -0.0320027 -0.131382
0.998404 -0.0318925 -0.134898
1.00432 -0.0317986 -0.135439
1.00113 -0.0318341 -0.13312
0.989593 -0.0320542 -0.128232
0.970975 -0.0324558 -0.121027
0.946448 -0.0329509 -0.112176
0.916928 -0.0333755 -0.102356
0.883139 -0.0335835 -0.0920789
0.845349 -0.0334966 -0.0815293
0.80382 -0.0330326 -0.0707148
0.759291 -0.0319856 -0.0597011
0.712811 -0.0304836 -0.0487971
0.666237 -0.0288315 -0.0385251
0.621131 -0.0271483 -0.0291507
0.577649 -0.0256246 -0.0209355
0.535961 -0.0242634 -0.0141666
0.495864 -0.0231949 -0.00859739
0.456167 -0.0224106 -0.00415183
0.415724 -0.0216663 -0.000766819
0.375844 -0.0209365 0.00173008
0.342074 -0.0201038 0.00240507
0.322362 -0.0190441 -0.00019211
0.324421 -0.0176539 -0.00730028
0.350751 -0.0159938 -0.0202606
0.396772 -0.0142299 -0.0392484
0.453797 -0.0120417 -0.0617711
0.511052 -0.00936955 -0.0848189
0.562848 -0.00748654 -0.105636
0.610561 -0.00740115 -0.122069
0.654212 -0.00809944 -0.133858
0.691688 -0.00895547 -0.144328
0.725961 -0.0101464 -0.155637
0.761386 -0.0111348 -0.165874
0.795157 -0.0124973 -0.17583
0.824522 -0.0148027 -0.189459
0.851608 -0.0178045 -0.207954
0.877555 -0.0213934 -0.22742
0.900766 -0.0258385 -0.244379
0.917359 -0.0306354 -0.257092
0.922182 -0.034426 -0.265196
0.911585 -0.037444 -0.270244
0.883836 -0.0401701 -0.272175
0.838965 -0.0415504 -0.270482
0.778929 -0.0403029 -0.265514
0.705223 -0.0367107 -0.257461
0.62012 -0.0318595 -0.246287
0.52765 -0.0263982 -0.231494
0.430368 -0.0205754 -0.212701
0.327634 -0.0150294 -0.186811
0.217232 -0.0102072 -0.153534
0.101626 -0.0067053 -0.111921
-0.00775025 -0.00547348 -0.0609269
-0.106738 -0.00520913 -0.00770898
-0.21325 -0.0054705 0.0437093
-0.337627 -0.00667021 0.0978796
-0.48406 -0.00742088 0.153432
-0.657499 -0.00793792 0.223288
-0.83058 -0.00685281 0.307353
-0.979335 -0.00519954 0.38096
-1.11137 -0.00512297 0.443033
-1.24385 -0.00494195 0.50328
-1.38184 -0.00505173 0.56646
-1.5084 -0.00515455 0.624482
-1.61031 -0.00545912 0.670917
-1.68728 -0.00567584 0.707434
-1.74413 -0.00527062 0.735528
-1.78289 -0.0042673 0.755345
-1.79872 -0.00200969 0.766333
-1.79096 0.000714111 0.77077
-1.76705 0.00307411 0.769616
-1.73729 0.0045318 0.762787
-1.70799 0.00469984 0.752322
-1.67893 0.00354321 0.739568
-1.64858 0.00185835 0.725758
-1.61853 0.0008164 0.712365
-1.59246 0.000703486 0.700638
-1.57255 0.000469367 0.691713
-1.55813 -0.000543704 0.684728
-1.54841 -0.00202094 0.679748
-1.54473 -0.00326669 0.678501
-1.54932 -0.00345384 0.682095
-1.5625 -0.00188394 0.690552
-1.58151 0.00163963 0.703974
-1.60287 0.00649171 0.721412
-1.62475 0.0116552 0.741512
-1.64753 0.0163695 0.761889
-1.67131 0.0203068 0.77981
-1.69334 0.0236133 0.794004
-1.71151 0.0266296 0.804852
-1.72691 0.029586 0.815151
-1.74064 0.0322755 0.826201
-1.75194 0.0339199 0.837069
-1.75921 0.0339096 0.846553
-1.76223 0.032255 0.854492
-1.76264 0.0295572 0.862222
-1.76267 0.0263525 0.870897
-1.76477 0.0226022 0.881223
-1.77262 0.018322 0.893712
-1.79157 0.0139461 0.909411
-1.82639 0.00991407 0.929356
-1.87965 0.00616525 0.954299
-1.95124 0.00248589 0.984781
-2.03844 -0.000861248 1.02087
-2.1375 -0.00346552 1.06221
-2.24523 -0.00520811 1.10806
-2.35901 -0.00629036 1.1571
-2.4758 -0.00703778 1.20712
-2.5919 -0.00755758 1.25594
-2.70421 -0.00789531 1.30213
-2.81156 -0.00813067 1.345
-2.91412 -0.00817989 1.38445
-3.01111 -0.0077811 1.42029
-3.10046 -0.00666848 1.45201
-3.18023 -0.00473258 1.47917
-3.24895 -0.00200641 1.50142
-3.30553 0.00132334 1.51861
-3.34948 0.00500058 1.5309
-3.38084 0.00882696 1.53866
-3.40005 0.0126563 1.54252
-3.40768 0.0162867 1.54325
-3.40457 0.0194331 1.5418
-3.3917 0.0217677 1.53855
-3.36998 0.0230689 1.53279
-3.3406 0.0233804 1.52357
-3.30532 0.0228016 1.51068
-3.26579 0.0213767 1.4943
-3.22287 0.0192037 1.47462
-3.17673 0.0164011 1.45197
-3.12813 0.0128414 1.42629
-3.07775 0.00861473 1.39805
-3.02474 0.00404555 1.36767
-2.96778 -0.000696373 1.33521
-2.90627 -0.00517337 1.30117
-2.84171 -0.00909994 1.26598
-2.77705 -0.0123125 1.23046
-2.71497 -0.0146403 1.19579
-2.6573 -0.0161026 1.16295
-2.60454 -0.0167288 1.13235
-2.55643 -0.0166294 1.10421
-2.51249 -0.0158735 1.07883
-2.47193 -0.0145128 1.05652
-2.43423 -0.012709 1.03722
-2.39924 -0.0107451 1.02044
-2.36675 -0.00889786 1.00563
-2.33636 -0.0073024 0.992361
-2.30776 -0.00599005 0.980576
-2.28112 -0.00495208 0.970433
-2.2572 -0.00419636 0.962019
-2.23707 -0.00375749 0.955307
-2.22133 -0.00364495 0.949977
-2.20972 -0.00380372 0.945671
-2.20126 -0.00413017 0.942044
-2.19462 -0.00457157 0.938409
-2.18837 -0.00520136 0.93391
-2.18115 -0.00628201 0.92771
-2.17189 -0.00814037 0.919229
-2.15956 -0.0107265 0.908301
-2.14361 -0.0135296 0.895083
-2.12452 -0.0160107 0.880185
-2.10315 -0.0176981 0.865144
-2.07985 -0.018351 0.851947
-2.05427 -0.0183822 0.84208
-2.02554 -0.0183323 0.83507
-1.99252 -0.0181262 0.82838
-1.95414 -0.0173501 0.820219
-1.90997 -0.0158019 0.810139
-1.86046 -0.0135828 0.798054
-1.80689 -0.0109143 0.784274
-1.75116 -0.0079971 0.769253
-1.69473 -0.00502954 0.753835
-1.63782 -0.0023051 0.738519
-1.57961 -0.000119924 0.72281
-1.51886 0.00133744 0.706154
-1.45463 0.00198884 0.687919
-1.38686 0.00185548 0.667626
-1.31601 0.000933187 0.645353
-1.24264 -0.000754368 0.621345
-1.16698 -0.00309083 0.595872
-1.08886 -0.00587029 0.569123
-1.00758 -0.0087455 0.541106
-0.922088 -0.0114196 0.511694
-0.831949 -0.013553 0.480988
-0.738326 -0.0149635 0.449952
-0.644022 -0.016191 0.4193
-0.552628 -0.017587 0.389168
-0.467274 -0.0192307 0.360466
-0.389919 -0.0216048 0.33391
-0.321275 -0.0252348 0.309586
-0.260916 -0.0304809 0.287369
-0.207287 -0.0371304 0.267106
-0.158046 -0.044607 0.248693
-0.110755 -0.0522878 0.231693
-0.0634807 -0.0597261 0.215588
-0.0148894 -0.0666769 0.199884
0.0356747 -0.0729483 0.184295
0.0879703 -0.078467 0.168914
0.14087 -0.083028 0.15421
0.192592 -0.0864699 0.141107
0.241212 -0.0887266 0.13059
0.285122 -0.089819 0.123075
0.323478 -0.0899243 0.118308
0.356102 -0.0893469 0.115662
0.383118 -0.0884023 0.114502
0.40454 -0.0873381 0.114435
0.419774 -0.0864209 0.115408
0.427885 -0.0858436 0.117564
0.428044 -0.085686 0.121079
0.420003 -0.0858821 0.126103
0.404855 -0.0861969 0.132656
0.384942 -0.0863575 0.140402
0.362842 -0.0861141 0.148751
0.340343 -0.0852914 0.157241
0.318053 -0.0838686 0.165667
0.295967 -0.0819276 0.174028
0.27427 -0.0796119 0.182323
0.25393 -0.0770937 0.190266
0.236592 -0.0745574 0.197278
0.223454 -0.0722234 0.202811
0.214457 -0.0703502 0.206679
0.20862 -0.0692082 0.209003
0.20482 -0.0690085 0.21
0.202528 -0.0698338 0.209837
0.201929 -0.0716001 0.208579
0.203452 -0.0740922 0.206261
0.207381 -0.0770411 0.202964
0.21359 -0.080175 0.198845
0.221718 -0.0832467 0.194067
0.231546 -0.0860433 0.188697
0.242955 -0.0883961 0.182732
0.255849 -0.0901955 0.17624
0.270116 -0.0914072 0.169357
0.285626 -0.0921015 0.162147
0.302475 -0.0924708 0.154502
0.321059 -0.0928185 0.146128
0.341893 -0.0935115 0.136681
0.365309 -0.0948866 0.125921
0.391219 -0.0971695 0.113737
0.419221 -0.100453 0.100151
0.448821 -0.104706 0.0853446
0.479513 -0.109784 0.0697605
0.51076 -0.115462 0.0539113
0.541888 -0.121469 0.0381215
0.571906 -0.127521 0.0226318
0.599297 -0.133366 0.00782073
0.621959 -0.138799 -0.00568062
0.637498 -0.143666 -0.0169792
0.64367 -0.147846 -0.0251838
0.638958 -0.151265 -0.0298342
0.623192 -0.153888 -0.0311943
0.597687 -0.155719 -0.0297748
0.564257 -0.156804 -0.0258582
0.52398 -0.157172 -0.0197097
0.477277 -0.15689 -0.0117843
0.425025 -0.156119 -0.00257323
0.369243 -0.155009 0.00749185
0.312274 -0.153639 0.0179305
0.255582 -0.152032 0.0284291
0.19955 -0.150208 0.0389187
0.144124 -0.148212 0.0493985
0.0895666 -0.146111 0.0597425
0.0367097 -0.143974 0.0696666
-0.0133155 -0.141855 0.0788864
-0.0596853 -0.139774 0.0872568
-0.102319 -0.137741 0.0946864
-0.141598 -0.135721 0.101158
-0.177952 -0.133657 0.106819
-0.211724 -0.131611 0.111839
-0.243 -0.129732 0.116249
-0.271685 -0.128074 0.120063
-0.297851 -0.126436 0.123377
-0.321733 -0.12451 0.126192
-0.343549 -0.12227 0.128273
-0.363289 -0.120146 0.129211
-0.380276 -0.118797 0.128569
-0.393111 -0.118856 0.12592
-0.399989 -0.120767 0.120917
-0.399299 -0.124687 0.113498
-0.39073 -0.130539 0.104213
-0.376178 -0.138129 0.0941839
-0.359297 -0.146929 0.084737
-0.343982 -0.155427 0.0774426
-0.33384 -0.161271 0.0738577
-0.331996 -0.163265 0.0741669
-0.339334 -0.162123 0.0773528
-0.354596 -0.158608 0.0832137
-0.376434 -0.153021 0.0920598
-0.403519 -0.14558 0.103678
-0.434791 -0.136259 0.117648
-0.469566 -0.12497 0.13369
-0.506786 -0.111736 0.151509
-0.545506 -0.0971254 0.170554
-0.584878 -0.0825068 0.190253
-0.623612 -0.0697737 0.209805
-0.660404 -0.0602817 0.227944
-0.694402 -0.0540072 0.243938
-0.725216 -0.0502168 0.257881
-0.752753 -0.0482745 0.269962
-0.777526 -0.0477448 0.280367
-0.800877 -0.0483701 0.289394
-0.824485 -0.0500932 0.297553
-0.850088 -0.0528869 0.305591
-0.879169 -0.0563098 0.31461
-0.912866 -0.0590414 0.325881
-0.952164 -0.0593224 0.34033
-0.997542 -0.0562576 0.358093
-1.04858 -0.0502852 0.378445
-1.10398 -0.0423318 0.4003
-1.16196 -0.0331498 0.423029
-1.22058 -0.0233429 0.446692
-1.27735 -0.0136512 0.471878
-1.32894 -0.00524673 0.498066
-1.37222 0.000959926 0.522034
-1.40567 0.00490998 0.541512
-1.42966 0.00678022 0.556414
-1.44566 0.00690245 0.566961
-1.45543 0.00590393 0.573775
-1.46071 0.00427678 0.577598
-1.46321 0.00228368 0.579382
-1.46457 0.000358457 0.580249
-1.46675 -0.000508517 0.581655
-1.47183 0.00095681 0.584955
-1.481 0.00510541 0.590659
-1.49412 0.0108098 0.598573
-1.51048 0.0167053 0.608153
-1.52947 0.0222567 0.618489
-1.54976 0.0274096 0.628331
-1.5692 0.0319407 0.636631
-1.58568 0.0352199 0.642902
-1.59731 0.0363354 0.646666
-1.60284 0.0346811 0.647349
-1.60235 0.0306176 0.645047
-1.59666 0.0253593 0.640445
-1.58681 0.0200191 0.634404
-1.57433 0.0150553 0.627913
-1.5615 0.0106125 0.621888
-1.55072 0.00692518 0.617119
-1.54363 0.00443191 0.614336
-1.5411 0.00354742 0.614048
-1.54374 0.00433564 0.616517
-1.55192 0.00638446 0.621784
-1.56573 0.00887563 0.629453
-1.58433 0.0109808 0.638641
-1.60566 0.0122287 0.648178
-1.62707 0.0124895 0.656925
-1.64631 0.011803 0.664037
-1.66207 0.0101954 0.669198
-1.67359 0.00771986 0.67254
-1.68049 0.00462253 0.674231
-1.68271 0.00135561 0.674453
-1.68045 -0.00145826 0.673535
-1.6744 -0.00323615 0.671871
-1.66593 -0.00368069 0.670034
-1.65692 -0.00279601 0.668608
-1.64934 -0.000808958 0.66799
-1.64482 0.00191356 0.66845
-1.64422 0.00494417 0.670211
-1.64738 0.00782804 0.673365
-1.65353 0.0100886 0.677551
-1.66169 0.0112697 0.681998
-1.67069 0.0110581 0.685889
-1.67951 0.00940774 0.688701
-1.68749 0.00651016 0.690397
-1.69437 0.00273527 0.691174
-1.69991 -0.00146159 0.691045
-1.70329 -0.0056235 0.689808
-1.70312 -0.00930028 0.687294
-1.69833 -0.0121054 0.68364
-1.68921 -0.0137847 0.67921
-1.67723 -0.0142584 0.674341
-1.66404 -0.0136325 0.669232
-1.65089 -0.0121873 0.66414
-1.63845 -0.010329 0.659399
-1.62718 -0.00848448 0.655222
-1.6176 -0.00703536 0.651692
-1.60981 -0.00626379 0.648694
-1.60312 -0.00631361 0.645843
-1.5964 -0.00717597 0.642609
-1.58867 -0.00867275 0.638622
-1.57941 -0.0105223 0.63374
-1.5684 -0.0123974 0.627883
-1.5554 -0.0139697 0.620989
-1.54003 -0.0149625 0.613071
-1.52205 -0.0152043 0.604281
-1.50152 -0.0146682 0.594833
-1.47871 -0.0134586 0.58484
-1.45389 -0.0118007 0.574267
-1.42707 -0.0100047 0.562987
-1.39819 -0.00841178 0.550889
-1.36731 -0.00734464 0.53789
-1.33477 -0.00705001 0.523892
-1.30115 -0.00769815 0.508806
-1.26705 -0.00937109 0.492624
-1.2329 -0.0119924 0.475467
-1.19896 -0.015339 0.457597
-1.16523 -0.0191375 0.439385
-1.13184 -0.0231049 0.421122
-1.0994 -0.0269754 0.403197
-1.06882 -0.0305474 0.386249
-1.04137 -0.0336504 0.371016
-1.01817 -0.0361297 0.358104
-0.999906 -0.0379466 0.347848
-0.986808 -0.0392418 0.340308
-0.978679 -0.0401556 0.335326
-0.974994 -0.0406901 0.332768
-0.975155 -0.0408153 0.332574
-0.978891 -0.0406653 0.334741
-0.985997 -0.0404022 0.33892
-0.995488 -0.0397693 0.344468
-1.00523 -0.0385074 0.350782
-1.01232 -0.0371623 0.35679
-1.01404 -0.0366414 0.361077
-1.00925 -0.0373802 0.362685
-0.998117 -0.0391916 0.361423
-0.980894 -0.0415087 0.357554
-0.957405 -0.0436411 0.35142
-0.927254 -0.0450063 0.3433
-0.891014 -0.0455494 0.333583
-0.85074 -0.0455836 0.322876
-0.809019 -0.0453483 0.311804
-0.767263 -0.0449593 0.300677
-0.724779 -0.0444576 0.289276
-0.679491 -0.0439579 0.277064
-0.629246 -0.0438085 0.263327
-0.572463 -0.0444786 0.247389
-0.508143 -0.0462759 0.228874
-0.435926 -0.0491517 0.207928
-0.356301 -0.0527706 0.184807
-0.270677 -0.0570672 0.159456
-0.180677 -0.0624764 0.131845
-0.0870702 -0.0695131 0.101874
0.0099238 -0.0787944 0.0696268
0.109586 -0.0907207 0.0357806
0.209731 -0.104435 0.00211832
0.306884 -0.118088 -0.0293128
0.398363 -0.130181 -0.0580352
0.483007 -0.140243 -0.0841818
0.560504 -0.148377 -0.107473
0.631183 -0.154578 -0.127581
0.694356 -0.158201 -0.142355
0.746768 -0.158635 -0.151962
0.786097 -0.156791 -0.158237
0.814745 -0.154018 -0.160586
0.836765 -0.150815 -0.15942
0.853811 -0.147317 -0.155917
0.865778 -0.143574 -0.150664
0.872508 -0.13964 -0.143882
0.874041 -0.135647 -0.135662
0.870784 -0.131768 -0.126091
0.863327 -0.128161 -0.115392
0.852108 -0.124882 -0.103641
0.837729 -0.121896 -0.0911585
0.821176 -0.119257 -0.078437
0.803482 -0.117045 -0.0657899
0.784877 -0.115363 -0.0535027
0.764936 -0.11436 -0.0416752
0.743776 -0.114122 -0.0301743
0.722362 -0.114656 -0.0190448
0.701938 -0.115867 -0.00865282
0.6836 -0.117536 0.000688181
0.667878 -0.119386 0.00886013
0.654577 -0.121169 0.0159276
0.643067 -0.122662 0.0221235
0.632473 -0.123694 0.027773
0.622072 -0.124136 0.0331563
0.611552 -0.123879 0.0384541
0.600861 -0.122866 0.0437891
0.590146 -0.121096 0.0492173
0.579592 -0.118602 0.0546706
0.569303 -0.115454 0.0600277
0.559326 -0.111778 0.065203
0.549652 -0.107752 0.0700762
0.540306 -0.103607 0.0748071
0.531434 -0.0995973 0.0788974
0.523602 -0.0959677 0.081523
0.518079 -0.0929299 0.0827885
0.516587 -0.0906506 0.0823743
0.520976 -0.0892657 0.0792217
0.532824 -0.0889094 0.0728129
0.552926 -0.0897041 0.0632935
0.581079 -0.0916727 0.0507575
0.616081 -0.0946861 0.0355052
0.656038 -0.0985394 0.0182129
0.698894 -0.103035 -0.000484418
0.74288 -0.108008 -0.0201498
0.786659 -0.113311 -0.0404077
0.828788 -0.11877 -0.060748
0.866718 -0.124175 -0.0805224
0.897485 -0.129444 -0.0990306
0.92014 -0.134604 -0.115257
0.935669 -0.139555 -0.128497
0.944669 -0.144124 -0.138967
0.947096 -0.148131 -0.147042
0.943231 -0.151432 -0.152943
0.933442 -0.1541 -0.156882
0.917549 -0.1564 -0.159089
0.894884 -0.158636 -0.159696
0.865391 -0.160919 -0.158971
0.830603 -0.16299 -0.157222
0.792856 -0.164365 -0.154435
0.753713 -0.164524 -0.150466
0.713429 -0.163194 -0.145229
0.671301 -0.160442 -0.13865
0.62641 -0.156578 -0.130849
0.57856 -0.152035 -0.121928
0.528246 -0.147168 -0.111873
0.47543 -0.142296 -0.101013
0.419088 -0.137825 -0.0895868
0.358146 -0.134085 -0.0774875
0.292223 -0.131204 -0.0646551
0.22187 -0.129167 -0.0512294
0.148449 -0.127823 -0.0371015
0.0736939 -0.126852 -0.0219261
-0.000771764 -0.125874 -0.00553908
-0.0738394 -0.124634 0.0124907
-0.144685 -0.122886 0.0325429
-0.212635 -0.120529 0.0540841
-0.277233 -0.117619 0.076213
-0.338083 -0.114146 0.0979831
-0.394653 -0.110298 0.118415
-0.446103 -0.106513 0.136729
-0.491495 -0.103312 0.152334
-0.529906 -0.101094 0.164849
-0.560496 -0.0999905 0.174075
-0.582735 -0.0999242 0.180035
-0.59651 -0.100653 0.183007
-0.602274 -0.10176 0.183639
-0.601269 -0.102568 0.18274
-0.595298 -0.102545 0.181
-0.586068 -0.10173 0.179081
-0.575286 -0.100299 0.177682
-0.565197 -0.0979658 0.17725
-0.558224 -0.0943058 0.177842
-0.556204 -0.0893901 0.179593
-0.560168 -0.0835591 0.183082
-0.570494 -0.0768751 0.188906
-0.586968 -0.0692599 0.197159
-0.608668 -0.060928 0.20735
-0.634254 -0.0523471 0.218885
-0.662616 -0.0438947 0.231415
-0.693105 -0.0356896 0.244706
-0.725329 -0.0277653 0.258573
-0.758875 -0.0202275 0.273003
-0.793222 -0.0131801 0.288201
-0.82786 -0.00671865 0.304403
-0.862398 -0.000982608 0.321707
-0.896655 0.00392463 0.339988
-0.930652 0.00806727 0.359057
-0.964579 0.0116699 0.378726
-0.998754 0.014945 0.398941
-1.03357 0.0179458 0.41963
-1.06944 0.0205871 0.440743
-1.10675 0.022703 0.462257
-1.14579 0.0240863 0.484113
-1.18681 0.0245836 0.506426
-1.22999 0.0242065 0.529442
-1.27569 0.0231342 0.553534
-1.32448 0.021578 0.578895
-1.37675 0.0196366 0.60512
-1.43252 0.0173729 0.631193
-1.49299 0.0146624 0.655511
-1.55784 0.0119428 0.679425
-1.62326 0.00968526 0.704141
-1.6866 0.00760571 0.728023
-1.74683 0.00601252 0.750247
-1.80312 0.0050588 0.770048
-1.85371 0.00463345 0.786805
-1.89592 0.00471474 0.8006
-1.92818 0.00514587 0.81177
-1.94985 0.00605895 0.820317
-1.96059 0.00752545 0.825952
-1.96022 0.00945942 0.828446
-1.94936 0.0115507 0.827839
-1.93004 0.0136018 0.824122
-1.90506 0.0156312 0.817595
-1.87675 0.0175677 0.808663
-1.84675 0.0193182 0.797546
-1.81617 0.0208391 0.78501
-1.7855 0.0220166 0.771498
-1.75482 0.0226784 0.757244
-1.72431 0.0227665 0.742552
-1.69444 0.0222256 0.727255
-1.66559 0.0210334 0.711213
-1.63821 0.0191571 0.694631
-1.61282 0.0165358 0.678074
-1.58941 0.013262 0.662131
-1.56752 0.00958429 0.647115
-1.54675 0.00580342 0.632997
-1.52713 0.00208316 0.619752
-1.50876 -0.00155288 0.607468
-1.49155 -0.00506316 0.59625
-1.47508 -0.00832332 0.586142
-1.45895 -0.0112045 0.57714
-1.4432 -0.0136172 0.569267
-1.42859 -0.0155295 0.562606
-1.41643 -0.0170499 0.557291
-1.40788 -0.018398 0.553406
-1.40363 -0.0197785 0.550969
-1.4039 -0.0213089 0.549986
-1.40856 -0.0230386 0.55037
-1.41716 -0.0249839 0.551822
-1.42853 -0.0271492 0.553847
-1.44108 -0.0295122 0.555897
-1.45303 -0.0319709 0.557455
-1.46262 -0.0343861 0.558074
-1.4685 -0.0366491 0.55737
-1.46976 -0.0386773 0.555065
-1.46589 -0.0404152 0.551
-1.45657 -0.0418549 0.545026
-1.4416 -0.0430393 0.537
-1.4209 -0.0440234 0.52681
-1.39478 -0.044862 0.514466
-1.36401 -0.0456668 0.500096
-1.3297 -0.0466174 0.483963
-1.29276 -0.0478058 0.466507
-1.25352 -0.049143 0.448159
-1.2121 -0.0504547 0.429261
-1.16877 -0.051588 0.410071
-1.12409 -0.0524849 0.390798
-1.07865 -0.0532446 0.371614
-1.03275 -0.0540764 0.352512
-0.986173 -0.0551807 0.333309
-0.938462 -0.0567732 0.313819
-0.889101 -0.0589933 0.294079
-0.837789 -0.0615813 0.274549
-0.784721 -0.063874 0.255885
-0.730709 -0.0653611 0.238551
-0.677111 -0.0659853 0.222928
-0.625319 -0.0658316 0.209514
-0.576366 -0.0649955 0.198812
-0.531123 -0.0635636 0.191064
-0.490338 -0.0615066 0.186025
-0.454699 -0.0588207 0.183369
-0.424817 -0.0556166 0.183008
-0.400839 -0.0520367 0.184788
-0.382349 -0.0482511 0.188375
-0.368472 -0.0444607 0.193247
-0.357931 -0.0408424 0.19876
-0.349209 -0.0375023 0.204341
-0.340842 -0.0344702 0.209563
-0.33166 -0.031722 0.214158
-0.320792 -0.0291928 0.218013
-0.307681 -0.0268209 0.22107
-0.292095 -0.0245931 0.223279
-0.274117 -0.022517 0.224595
-0.254272 -0.020611 0.225097
-0.233422 -0.0188794 0.225015
-0.212522 -0.0172903 0.224565
-0.192402 -0.0157986 0.223905
-0.173597 -0.0143586 0.223179
-0.156408 -0.012963 0.2225
-0.141058 -0.0116789 0.221906
-0.127678 -0.0106082 0.221386
-0.116239 -0.00980729 0.220887
-0.106539 -0.00926492 0.22035
-0.0982444 -0.00895551 0.219722
-0.0908938 -0.00887927 0.218932
-0.0838608 -0.00904565 0.217874
-0.0764365 -0.0094774 0.216395
-0.0679048 -0.0102045 0.214299
-0.0575784 -0.0112299 0.211394
-0.0448675 -0.0125199 0.207499
-0.0293258 -0.0140253 0.20248
-0.0106972 -0.0157166 0.196282
0.0110001 -0.0175964 0.188934
0.0354626 -0.0196709 0.180537
0.0621154 -0.0219204 0.171269
0.0901049 -0.0242957 0.161398
0.118413 -0.0267264 0.151251
0.145949 -0.0291364 0.141165
0.171792 -0.0314582 0.131449
0.195416 -0.0336404 0.122334
0.216584 -0.035643 0.113984
0.235212 -0.0374294 0.106504
0.251236 -0.0389669 0.09995
0.264501 -0.0402385 0.0943315
0.274809 -0.0412536 0.0896296
0.282028 -0.042051 0.085825
0.286181 -0.0427024 0.0828707
0.287509 -0.0432999 0.08069
0.286404 -0.0439254 0.0792141
0.283318 -0.0446167 0.0783176
0.278663 -0.045346 0.0778099
0.272677 -0.0460345 0.0776058
0.265388 -0.0465727 0.0777804
0.256658 -0.0468461 0.0784389
0.246238 -0.0467747 0.0796503
0.233847 -0.0463334 0.0814636
0.219196 -0.0455521 0.0839016
0.202039 -0.0445073 0.0869561
0.18221 -0.0433083 0.0905914
0.159629 -0.0420738 0.0947471
0.13438 -0.0409065 0.0993453
0.106761 -0.0398654 0.104315
0.0772871 -0.0389569 0.109533
0.0466769 -0.0381466 0.114834
0.015757 -0.037363 0.120087
-0.0147028 -0.0365225 0.125126
-0.0440338 -0.0355872 0.129753
-0.0716539 -0.0345493 0.133852
-0.0970649 -0.033418 0.1373
-0.119742 -0.0322378 0.139944
-0.139187 -0.0310678 0.141687
-0.155128 -0.0299964 0.14243
-0.167568 -0.0291255 0.142102
-0.176795 -0.028558 0.14073
-0.183364 -0.0283809 0.138418
-0.187987 -0.028643 0.135306
-0.191463 -0.0293762 0.131592
-0.194721 -0.0305675 0.127506
-0.198833 -0.0321422 0.123203
-0.204881 -0.0339952 0.118739
-0.213561 -0.0360844 0.114104
-0.22486 -0.0385576 0.109405
-0.238329 -0.0416466 0.105002
-0.253838 -0.0454109 0.101247
-0.271765 -0.0497552 0.0982841
-0.292516 -0.0546284 0.0961664
-0.316315 -0.0600085 0.095074
-0.3433 -0.0655396 0.0957797
-0.373422 -0.0703662 0.0991872
-0.406211 -0.0736343 0.10541
-0.440937 -0.0750985 0.113952
-0.476856 -0.075141 0.124257
-0.513487 -0.0743352 0.136014
-0.550913 -0.0730876 0.148992
-0.589472 -0.0715313 0.163062
-0.629324 -0.069628 0.17831
-0.670437 -0.0673672 0.194597
-0.712623 -0.064912 0.211617
-0.75565 -0.0626326 0.229089
-0.799143 -0.0609506 0.246563
-0.842208 -0.060028 0.263519
-0.883334 -0.0596901 0.279538
-0.920914 -0.0596681 0.294321
-0.953924 -0.0597855 0.307616
-0.982188 -0.059927 0.319247
-1.0061 -0.0600875 0.329094
-1.02606 -0.0603847 0.337104
-1.04219 -0.0607766 0.343411
-1.05455 -0.0609135 0.348301
-1.06328 -0.0603275 0.352171
-1.069 -0.0587155 0.355505
-1.0728 -0.0561736 0.358664
-1.0759 -0.0531476 0.361812
-1.07919 -0.0500421 0.365106
-1.08321 -0.0470005 0.368798
-1.0884 -0.0440015 0.37314
-1.09528 -0.04103 0.378279
-1.10433 -0.0382081 0.384247
-1.11554 -0.0357785 0.390902
-1.12817 -0.0339265 0.397921
-1.14113 -0.0326146 0.404976
-1.15341 -0.0315831 0.411875
-1.16436 -0.0304899 0.418543
-1.17359 -0.0290869 0.42492
-1.18093 -0.0273063 0.430888
-1.18637 -0.0252102 0.436281
-1.19004 -0.022887 0.441012
-1.19238 -0.0203826 0.445136
-1.19407 -0.0177208 0.448851
-1.19593 -0.0149809 0.452393
-1.19861 -0.0123482 0.455916
-1.20244 -0.0100651 0.459466
-1.20749 -0.00831732 0.463033
-1.21369 -0.00715402 0.466635
-1.22105 -0.0064911 0.47037
-1.22962 -0.00616877 0.474362
-1.23938 -0.00601517 0.478686
-1.25012 -0.00589465 0.4833
-1.26138 -0.00569208 0.48806
-1.27259 -0.0052798 0.492793
-1.28316 -0.00452518 0.497331
-1.29253 -0.00333734 0.501546
-1.30019 -0.0017119 0.505368
-1.30576 0.000263615 0.508762
-1.30899 0.00244176 0.511648
-1.30973 0.00465294 0.513858
-1.30798 0.00673393 0.515181
-1.30391 0.00855095 0.51548
-1.29797 0.0100093 0.514764
-1.29091 0.0110587 0.513165
-1.28351 0.0117043 0.510857
-1.27639 0.0120108 0.507988
-1.26971 0.0120931 0.504669
-1.26327 0.0120886 0.501005
-1.25676 0.012121 0.497084
-1.24984 0.0122813 0.492911
-1.242 0.012615 0.488347
-1.23256 0.013111 0.483157
-1.22078 0.0137105 0.477125
-1.20618 0.0143268 0.470123
-1.18866 0.0148644 0.462094
-1.16843 0.0152283 0.453002
-1.14576 0.015331 0.442823
-1.12092 0.0151169 0.431603
-1.09432 0.0145838 0.419518
-1.06664 0.0137669 0.406878
-1.03877 0.0127632 0.394067
-1.01151 0.0117278 0.381437
-0.98541 0.0107738 0.369275
-0.960698 0.00994905 0.357775
-0.937422 0.00926972 0.34703
-0.915569 0.00877019 0.337073
-0.895033 0.00849652 0.327842
-0.875548 0.00841388 0.319182
-0.856717 0.00842272 0.310915
-0.838144 0.00840104 0.302873
-0.819567 0.00819253 0.294975
-0.800925 0.00766212 0.28713
-0.78235 0.00670129 0.279279
-0.764118 0.00516661 0.271483
-0.746478 0.00298826 0.263838
-0.729527 0.000286055 0.25649
-0.713213 -0.0027348 0.249631
-0.697423 -0.00590902 0.243389
-0.682127 -0.00909669 0.237819
-0.667385 -0.0121548 0.232911
-0.653293 -0.0149715 0.228563
-0.639918 -0.01744 0.22468
-0.627247 -0.019456 0.221222
-0.615142 -0.020976 0.218152
-0.603279 -0.0220254 0.215391
-0.591206 -0.0227316 0.21279
-0.578451 -0.0232861 0.210138
-0.564578 -0.0238464 0.20723
-0.549301 -0.0245234 0.20394
-0.532568 -0.0253906 0.200219
-0.514518 -0.0264959 0.196069
-0.49536 -0.0278687 0.191522
-0.475301 -0.029524 0.186626
-0.454528 -0.0314608 0.18142
-0.433269 -0.03364 0.175953
-0.411858 -0.0359836 0.170328
-0.390704 -0.0383868 0.164691
-0.370221 -0.0407342 0.159205
-0.350707 -0.0429254 0.153996
-0.332281 -0.0448879 0.149138
-0.314915 -0.0465796 0.144625
-0.298502 -0.0479818 0.140426
-0.282952 -0.0490908 0.136558
-0.26827 -0.0499342 0.133047
-0.254565 -0.0505735 0.129919
-0.241974 -0.0510658 0.127215
-0.230573 -0.0514468 0.124965
-0.220359 -0.0517398 0.123177
-0.211281 -0.0519517 0.121839
-0.203311 -0.0520819 0.120936
-0.196496 -0.0521373 0.120459
-0.190909 -0.0521403 0.120391
-0.186586 -0.052123 0.120697
-0.183476 -0.0521047 0.121309
-0.181447 -0.0520836 0.122148
-0.180377 -0.0520479 0.123151
-0.180162 -0.0519906 0.124277
-0.180677 -0.0519164 0.125487
-0.18169 -0.0518395 0.12673
-0.182835 -0.0517698 0.127933
-0.183756 -0.0517009 0.129024
-0.1843 -0.0516158 0.129974
-0.184656 -0.0515003 0.130827
-0.185372 -0.0513475 0.131701
-0.186987 -0.0511527 0.132741
-0.189759 -0.0509043 0.134035
-0.193639 -0.0505915 0.13558
-0.198336 -0.050211 0.1373
-0.203573 -0.0497726 0.139092
-0.209233 -0.049298 0.140892
-0.215303 -0.0488082 0.142676
-0.221821 -0.0483158 0.144448
-0.228837 -0.0478262 0.146218
-0.236404 -0.0473412 0.147988
-0.244542 -0.0468638 0.149757
-0.253183 -0.0463973 0.151503
-0.262146 -0.0459414 0.153175
-0.27113 -0.0454906 0.154701
-0.279836 -0.0450347 0.156005
-0.288074 -0.0445629 0.157042
-0.295785 -0.044068 0.157807
-0.303029 -0.0435463 0.15832
-0.309904 -0.0429977 0.158594
-0.31647 -0.0424339 0.158624
-0.322708 -0.0418756 0.158387
-0.328564 -0.0413364 0.157857
-0.333974 -0.0408463 0.157002
-0.338848 -0.0404581 0.155793
-0.343086 -0.040215 0.154192
-0.346614 -0.0401082 0.152225
-0.349424 -0.0400546 0.149985
-0.351564 -0.0399745 0.147538
-0.353137 -0.0398414 0.144971
-0.35432 -0.0396302 0.142423
-0.355389 -0.0392796 0.140047
-0.356753 -0.0387044 0.138008
-0.358859 -0.0378232 0.136447
-0.362085 -0.0366041 0.135473
-0.366743 -0.0350884 0.135167
-0.373073 -0.0333552 0.135604
-0.38128 -0.0314779 0.136853
-0.391544 -0.0295054 0.138942
-0.403944 -0.027471 0.141897
-0.418463 -0.0254116 0.145739
-0.434959 -0.0233762 0.150433
-0.453107 -0.0214155 0.155872
-0.472462 -0.0195777 0.161934
-0.492526 -0.0178932 0.168456
-0.512882 -0.0163398 0.17525
-0.533242 -0.0148522 0.182199
-0.553392 -0.0133596 0.189219
-0.573255 -0.0118067 0.19628
-0.592929 -0.0101603 0.20342
-0.612651 -0.00840399 0.210694
-0.632624 -0.00654223 0.218174
-0.652838 -0.00461538 0.225888
-0.673051 -0.00270876 0.233792
-0.69286 -0.000925293 0.241742
-0.711927 0.00066331 0.249518
-0.730113 0.00203844 0.256936
-0.747354 0.00321895 0.263922
-0.763569 0.00422295 0.270449
-0.77863 0.00506054 0.276476
-0.792376 0.00574531 0.281983
-0.804674 0.00629499 0.286975
-0.815411 0.00674345 0.291459
-0.8245 0.00715057 0.295418
-0.831884 0.00758764 0.298845
-0.83759 0.00810752 0.301757
-0.841769 0.00871552 0.304191
-0.844681 0.00936116 0.306228
-0.846657 0.00997613 0.307878
-0.848035 0.0105233 0.309144
-0.849114 0.0109773 0.310092
-0.85007 0.0113059 0.310775
-0.85095 0.0114827 0.311231
-0.851724 0.0114828 0.311469
-0.8523 0.0112935 0.311485
-0.852601 0.0109257 0.311291
-0.852624 0.0104204 0.310934
-0.852461 0.00984374 0.310495
-0.852302 0.00925734 0.310072
-0.852364 0.00869207 0.309757
-0.852835 0.00815035 0.309616
-0.853829 0.00761983 0.309686
-0.855361 0.00708094 0.309974
-0.857374 0.00650964 0.310456
-0.859762 0.0058761 0.31108
-0.862429 0.00514458 0.311773
-0.865342 0.00427626 0.312466
-0.868504 0.00324067 0.313116
-0.87195 0.00202964 0.313704
-0.875686 0.000663782 0.314226
-0.879629 -0.000817305 0.314675
-0.883581 -0.00237087 0.315016
-0.887232 -0.00395986 0.315181
-0.89024 -0.00555196 0.315086
-0.892321 -0.00711158 0.314663
-0.893318 -0.00860397 0.313887
-0.893234 -0.0100048 0.312757
-0.892105 -0.0113034 0.311288
-0.889904 -0.0125138 0.309476
-0.886543 -0.0136754 0.307284
-0.881877 -0.0148371 0.304657
-0.875791 -0.016044 0.301527
-0.868235 -0.0173266 0.297837
-0.859234 -0.0186974 0.293577
-0.848914 -0.020152 0.288789
-0.83749 -0.0216707 0.283559
-0.825256 -0.0232256 0.278015
-0.812519 -0.0247877 0.272296
-0.79954 -0.0263271 0.266532
-0.786513 -0.02781 0.260815
-0.773573 -0.0291974 0.25522
-0.760793 -0.0304557 0.249805
-0.74817 -0.0315659 0.244593
-0.735647 -0.032529 0.239579
-0.72311 -0.0333648 0.234731
-0.710468 -0.0341076 0.230003
-0.697701 -0.0348002 0.225357
-0.684872 -0.0354801 0.220779
-0.67212 -0.0361739 0.216284
-0.659614 -0.0368921 0.211914
-0.647538 -0.0376313 0.207728
-0.636083 -0.0383773 0.203793
-0.625433 -0.0391061 0.200176
-0.615835 -0.0397863 0.19695
-0.607605 -0.0403768 0.194209
-0.601014 -0.0408292 0.192052
-0.596212 -0.0410945 0.190558
-0.593162 -0.0411318 0.189763
-0.591581 -0.0409161 0.189628
-0.591034 -0.0404522 0.190035
-0.591 -0.0397807 0.190804
-0.590961 -0.0389593 0.191739
-0.590475 -0.0380281 0.192694
-0.589247 -0.0370143 0.193571
-0.587211 -0.0359738 0.194295
-0.584482 -0.0349636 0.194843
-0.58126 -0.0340078 0.195225
-0.577772 -0.0331169 0.195466
-0.57419 -0.032296 0.195589
-0.570606 -0.0315429 0.195604
-0.567053 -0.0308486 0.195506
-0.563542 -0.0302047 0.195282
-0.560085 -0.029605 0.194922
-0.556603 -0.0290346 0.194413
-0.552855 -0.02847 0.193705
-0.548484 -0.0278977 0.192721
-0.543095 -0.0273201 0.19137
-0.536353 -0.0267467 0.189574
-0.528087 -0.0261896 0.187302
-0.518333 -0.0256556 0.184584
-0.507321 -0.0251229 0.181535
-0.495411 -0.0245475 0.178308
-0.483055 -0.0239147 0.175017
-0.470748 -0.0232357 0.171762
-0.458985 -0.0225228 0.168654
-0.448205 -0.0217896 0.165798
-0.438737 -0.0210454 0.163281
-0.430714 -0.0202883 0.16115
-0.424025 -0.0195086 0.159398
-0.418443 -0.0187142 0.157971
-0.413727 -0.0179377 0.156799
-0.409663 -0.0172086 0.155827
-0.406098 -0.0165338 0.155032
-0.402937 -0.0159035 0.154414
-0.400169 -0.0153039 0.15399
-0.397875 -0.0147218 0.153796
-0.396248 -0.0141446 0.153884
-0.395572 -0.0135618 0.15432
-0.396186 -0.0129612 0.155178
-0.398388 -0.012327 0.156526
-0.402355 -0.0116457 0.158401
-0.408101 -0.0109169 0.160791
-0.415458 -0.0101585 0.163629
-0.424116 -0.00940495 0.166811
-0.433653 -0.008698 0.170221
-0.443597 -0.00806988 0.173722
-0.453483 -0.00753476 0.177173
-0.462932 -0.007095 0.180457
-0.471735 -0.00675254 0.183487
-0.479836 -0.00650934 0.18623
-0.487287 -0.00635981 0.18869
-0.494144 -0.00628908 0.190874
-0.500376 -0.00627188 0.192778
-0.505897 -0.00627443 0.194379
-0.510603 -0.00626293 0.195652
-0.514435 -0.00621808 0.196571
-0.517395 -0.00614212 0.197126
-0.519474 -0.00604621 0.197309
-0.520606 -0.00594219 0.197106
-0.52068 -0.00584136 0.196483
-0.519575 -0.00575257 0.195404
-0.517235 -0.00568975 0.193848
-0.513713 -0.0056728 0.19183
-0.509198 -0.0057173 0.189417
-0.50406 -0.00583671 0.186733
-0.498785 -0.00604114 0.183951
-0.493916 -0.00634103 0.18128
-0.48998 -0.00675411 0.178914
-0.48733 -0.00727373 0.176965
-0.486126 -0.00786491 0.175487
-0.486433 -0.00849669 0.17452
-0.488303 -0.00913961 0.174112
-0.491844 -0.00976762 0.174316
-0.497143 -0.0103659 0.175166
-0.50416 -0.0109182 0.176679
-0.512752 -0.0114021 0.178825
-0.522735 -0.0117839 0.181573
-0.533958 -0.0120362 0.184876
-0.546325 -0.0121601 0.188659
-0.559689 -0.0121775 0.192869
-0.573827 -0.0121229 0.197439
-0.588493 -0.0120386 0.202247
-0.603433 -0.0119655 0.207166
-0.618376 -0.0119502 0.212072
-0.632977 -0.0120406 0.216826
-0.646804 -0.0122739 0.221266
-0.659408 -0.0126727 0.225239
-0.670428 -0.0132346 0.228629
-0.679703 -0.0139368 0.23137
-0.687251 -0.0147405 0.233453
-0.693196 -0.0155989 0.234921
-0.69765 -0.0164675 0.23584
-0.700652 -0.0173062 0.236263
-0.702228 -0.0180831 0.23622
-0.702443 -0.0187747 0.235744
-0.701453 -0.0193664 0.234897
-0.699528 -0.0198525 0.233768
-0.696963 -0.0202366 0.232464
-0.694041 -0.0205319 0.231086
-0.691027 -0.0207599 0.229719
-0.688164 -0.020948 0.228437
-0.685639 -0.0211248 0.2273
-0.683547 -0.0213158 0.226345
-0.681937 -0.0215371 0.225586
-0.680886 -0.021795 0.225044
-0.680497 -0.0220856 0.224757
-0.680904 -0.022396 0.224776
-0.682232 -0.0227084 0.225152
-0.68454 -0.0230015 0.225915
-0.687828 -0.0232554 0.227065
-0.692059 -0.0234528 0.228587
-0.697173 -0.0235807 0.230456
-0.703118 -0.0236332 0.232651
-0.709823 -0.0236115 0.235146
-0.717162 -0.0235231 0.237896
-0.724928 -0.0233807 0.240825
-0.732818 -0.0231999 0.243825
-0.740498 -0.0229963 0.24677
-0.747648 -0.0227838 0.249537
-0.753985 -0.0225718 0.252021
-0.759278 -0.022365 0.254133
-0.76336 -0.0221635 0.255808
-0.76614 -0.0219641 0.257004
-0.767612 -0.0217625 0.25771
-0.767857 -0.0215528 0.257947
-0.767011 -0.0213275 0.257759
-0.765223 -0.021078 0.257199
-0.762638 -0.0207958 0.256321
-0.759387 -0.0204749 0.255181
-0.755616 -0.0201126 0.253836
-0.751519 -0.0197096 0.252362
-0.747277 -0.0192681 0.250835
-0.743014 -0.0187902 0.249316
-0.738795 -0.0182785 0.247847
-0.734649 -0.0177365 0.246454
-0.730583 -0.0171698 0.245157
-0.726591 -0.0165859 0.243966
-0.722696 -0.0159934 0.242884
-0.718962 -0.0153998 0.241919
-0.715468 -0.0148098 0.241089
-0.712307 -0.0142251 0.240414
-0.709565 -0.0136452 0.239914
-0.707283 -0.0130684 0.239595
-0.705441 -0.0124926 0.239438
-0.703933 -0.011916 0.239398
-0.702603 -0.0113381 0.239411
-0.701283 -0.010759 0.239411
-0.699842 -0.0101778 0.239342
-0.698201 -0.00959335 0.239161
-0.696279 -0.00900347 0.238839
-0.693959 -0.00840558 0.238341
-0.691106 -0.00779875 0.237631
-0.68759 -0.00718388 0.236678
-0.68331 -0.00656363 0.235459
-0.678207 -0.00594155 0.233965
-0.672273 -0.00532194 0.2322
-0.665568 -0.00471193 0.23018
-0.658237 -0.00412094 0.227944
-0.65052 -0.00355846 0.225562
-0.642715 -0.00303291 0.22312
-0.63513 -0.00255112 0.220715
-0.628034 -0.00211747 0.218438
-0.621639 -0.001732 0.21637
-0.616068 -0.00139038 0.214577
-0.611352 -0.0010856 0.213096
-0.607442 -0.000812079 0.211931
-0.604193 -0.000564713 0.211057
-0.601413 -0.000335894 0.210412
-0.598916 -0.000119209 0.209926
-0.596566 9.13564e-05 0.209542
-0.594334 0.000295806 0.20924
-0.592256 0.000491247 0.209009
-0.590401 0.00067677 0.208851
-0.588821 0.000848547 0.208781
-0.587537 0.000999591 0.208807
-0.586604 0.00112027 0.208942
-0.586116 0.00120258 0.209197
-0.586126 0.00124015 0.209563
-0.586589 0.00122175 0.21001
-0.587339 0.00113281 0.210495
-0.588105 0.000960788 0.210943
-0.588548 0.000708561 0.211255
-0.588287 0.000391307 0.211311
-0.586996 1.47347e-05 0.210997
-0.58447 -0.000415135 0.210252
-0.580656 -0.000889237 0.209066
-0.575653 -0.001402 0.207468
-0.56967 -0.00195 0.20552
-0.562981 -0.0025255 0.203302
-0.555891 -0.00311098 0.200907
-0.548718 -0.00369328 0.198429
-0.541765 -0.00427559 0.195962
-0.535284 -0.00487488 0.193589
-0.52944 -0.00550585 0.191363
-0.524308 -0.00617048 0.189309
-0.51992 -0.00686571 0.187446
-0.516309 -0.00758916 0.185789
-0.5135 -0.00834172 0.184356
-0.511492 -0.00913193 0.183163
-0.510221 -0.00996961 0.182216
-0.509559 -0.0108527 0.181509
-0.509368 -0.0117602 0.181025
-0.509539 -0.0126607 0.180747
-0.510047 -0.0135281 0.180661
-0.510954 -0.0143478 0.180769
-0.512401 -0.0151109 0.181082
-0.514595 -0.0158113 0.181624
-0.517728 -0.0164452 0.182421
-0.521924 -0.0170125 0.183487
-0.527158 -0.0175218 0.184808
-0.533233 -0.0179928 0.186338
-0.539793 -0.0184549 0.187986
-0.546361 -0.0189396 0.189625
-0.552458 -0.0194693 0.191113
-0.557694 -0.0200548 0.192331
-0.561816 -0.0206976 0.193192
-0.564723 -0.0213938 0.193651
-0.566408 -0.022137 0.193694
-0.566912 -0.0229186 0.19333
-0.56631 -0.0237259 0.192588
-0.564735 -0.0245395 0.191525
-0.562421 -0.0253367 0.190224
-0.559715 -0.0260974 0.188798
-0.557034 -0.0268091 0.187373
-0.554782 -0.0274666 0.186062
-0.553267 -0.0280692 0.184963
-0.552657 -0.0286169 0.184141
-0.552948 -0.0291045 0.183613
-0.553963 -0.0295291 0.183348
-0.555427 -0.0298956 0.183284
-0.557063 -0.0302144 0.183356
-0.558706 -0.0304978 0.183522
-0.56039 -0.0307544 0.183788
-0.562309 -0.0309842 0.184207
-0.564757 -0.031177 0.184863
-0.568016 -0.0313151 0.185843
-0.572288 -0.0313803 0.187212
-0.577709 -0.031363 0.189006
-0.584367 -0.031263 0.19124
-0.592283 -0.0310851 0.193901
-0.601393 -0.0308367 0.196953
-0.611511 -0.0305237 0.200338
-0.622332 -0.0301506 0.203973
-0.633476 -0.0297224 0.207752
-0.644518 -0.0292464 0.211545
-0.654997 -0.0287333 0.215209
-0.664434 -0.0281971 0.218595
-0.672411 -0.0276514 0.221561
-0.678655 -0.0271062 0.224
-0.683084 -0.0265734 0.225853
-0.685809 -0.0260666 0.227115
-0.687067 -0.0255887 0.22783
-0.687151 -0.0251326 0.228076
-0.686365 -0.0246936 0.227946
-0.684987 -0.0242691 0.227534
-0.683275 -0.0238541 0.226933
-0.681455 -0.0234411 0.226228
-0.679705 -0.0230179 0.2255
-0.678133 -0.0225655 0.224818
-0.676786 -0.0220597 0.22424
-0.67567 -0.0214754 0.223805
-0.674748 -0.0207956 0.22354
-0.673941 -0.0200185 0.223445
-0.673126 -0.0191592 0.223493
-0.672142 -0.0182469 0.223631
-0.670887 -0.0173144 0.223804
-0.669382 -0.0163883 0.223988
-0.667798 -0.0154838 0.224204
-0.666445 -0.0146091 0.22451
-0.665675 -0.0137701 0.224984
-0.665791 -0.012975 0.225696
-0.666989 -0.0122342 0.226686
-0.669328 -0.0115562 0.227966
-0.672736 -0.0109409 0.229516
-0.677031 -0.0103754 0.231294
-0.681961 -0.00983435 0.233241
-0.68725 -0.00928684 0.235289
-0.692612 -0.00870426 0.237369
-0.697771 -0.00806862 0.239415
-0.70249 -0.0073751 0.241364
-0.706585 -0.00662866 0.243158
-0.709948 -0.00584365 0.244761
-0.712563 -0.00504193 0.24616
-0.714484 -0.00424631 0.247369
-0.715803 -0.00347833 0.248408
-0.71664 -0.00275877 0.249301
-0.717103 -0.00210749 0.250055
-0.717298 -0.00154152 0.250667
-0.717319 -0.00107046 0.25113
-0.717229 -0.000693773 0.25144
-0.717054 -0.000401837 0.251592
-0.716754 -0.000176007 0.251581
-0.716218 8.69872e-06 0.25139
-0.715306 0.000178494 0.251003
-0.71389 0.000357429 0.250405
-0.71187 0.000564231 0.249596
-0.709184 0.000811624 0.248584
-0.705816 0.00110494 0.247386
-0.701808 0.00143987 0.246025
-0.697266 0.00180197 0.244533
-0.692366 0.00216817 0.242954
-0.687339 0.00251093 0.241339
-0.682446 0.00280183 0.23975
-0.677934 0.0030163 0.238254
-0.674013 0.0031378 0.236914
-0.670841 0.00315845 0.235785
-0.668513 0.00307985 0.234901
-0.667058 0.00291258 0.23428
-0.666438 0.00267384 0.23392
-0.666546 0.00238734 0.233798
-0.667226 0.00208124 0.23388
-0.668293 0.00178325 0.234117
-0.669559 0.00151664 0.234457
-0.670823 0.00129667 0.234841
-0.671873 0.00112835 0.235203
-0.672517 0.00100691 0.235473
-0.672609 0.00091912 0.235591
-0.672087 0.000845634 0.235516
-0.670984 0.000763252 0.235228
-0.669388 0.000647171 0.234732
-0.667397 0.000473862 0.234034
-0.665091 0.000223932 0.233146
-0.662501 -0.000115382 0.232071
-0.659643 -0.000548404 0.230811
-0.656534 -0.00106975 0.229376
-0.653203 -0.00166441 0.227784
-0.649712 -0.0023102 0.226075
-0.646108 -0.00298099 0.2243
-0.642396 -0.00365038 0.222505
-0.638576 -0.00429629 0.220719
-0.634648 -0.00490374 0.218965
-0.630653 -0.00546606 0.21726
-0.62669 -0.00598548 0.215632
-0.622905 -0.00647126 0.214125
-0.619475 -0.00693751 0.212794
-0.616587 -0.00740175 0.211687
-0.614398 -0.00788181 0.210841
-0.612996 -0.00839359 0.210271
-0.612375 -0.00894925 0.209965
-0.612479 -0.00955506 0.209892
-0.613252 -0.010212 0.210024
-0.614627 -0.0109149 0.210337
-0.616517 -0.0116518 0.2108
-0.618799 -0.0124091 0.211376
-0.621301 -0.0131698 0.212014
-0.623813 -0.0139148 0.212654
-0.626097 -0.0146266 0.21324
-0.62792 -0.0152971 0.21371
-0.629045 -0.0159278 0.213988
-0.629302 -0.0165229 0.213999
-0.628645 -0.0170899 0.213704
-0.627137 -0.0176417 0.213108
-0.624912 -0.0181957 0.212231
-0.622097 -0.018768 0.211101
-0.618759 -0.0193731 0.209741
-0.6149 -0.0200218 0.208156
-0.610487 -0.0207234 0.20634
-0.605495 -0.0214829 0.204295
-0.599927 -0.0222964 0.20203
-0.593834 -0.0231528 0.199572
-0.587309 -0.0240343 0.19696
-0.580464 -0.0249194 0.194245
-0.573407 -0.0257863 0.191478
-0.566262 -0.0266153 0.188713
-0.55918 -0.0273887 0.186007
-0.552314 -0.0280948 0.183423
-0.545821 -0.0287269 0.181026
-0.539873 -0.0292814 0.17888
-0.534654 -0.029759 0.177039
-0.530352 -0.0301645 0.175551
-0.527136 -0.0305048 0.174453
-0.525123 -0.030788 0.173767
-0.524352 -0.0310216 0.1735
-0.524797 -0.0312112 0.173641
-0.526377 -0.0313604 0.174171
-0.528984 -0.0314704 0.175064
-0.532509 -0.0315397 0.17629
-0.536839 -0.0315637 0.177818
-0.541857 -0.0315342 0.179614
-0.547446 -0.0314425 0.18164
-0.553496 -0.0312812 0.183859
-0.559907 -0.031045 0.186229
-0.566592 -0.0307308 0.188712
-0.573443 -0.0303396 0.191262
-0.58032 -0.0298775 0.193828
-0.587058 -0.0293543 0.196355
-0.593473 -0.0287843 0.198776
-0.599367 -0.0281842 0.201022
-0.604524 -0.0275719 0.203016
-0.608742 -0.0269657 0.204679
-0.611864 -0.0263814 0.205946
-0.613792 -0.0258313 0.206771
-0.614488 -0.0253222 0.20713
-0.61396 -0.0248566 0.207021
-0.612261 -0.0244332 0.206461
-0.609465 -0.0240486 0.205478
-0.60566 -0.0236957 0.204115
-0.600951 -0.0233623 0.202427
-0.595472 -0.0230329 0.200478
-0.589395 -0.0226893 0.198344
-0.582931 -0.0223101 0.196111
-0.576318 -0.0218736 0.193868
-0.569797 -0.0213645 0.191695
-0.563601 -0.0207769 0.189661
-0.557956 -0.0201114 0.187838
-0.553077 -0.0193764 0.186304
-0.549158 -0.0185867 0.185124
-0.546366 -0.0177569 0.184359
-0.544846 -0.0169012 0.184064
-0.544722 -0.0160307 0.184286
-0.546103 -0.0151513 0.185063
-0.549074 -0.014267 0.186414
-0.55368 -0.0133799 0.188349
-0.559898 -0.0124908 0.190857
-0.567615 -0.0115974 0.193908
-0.576632 -0.0106963 0.197439
-0.586657 -0.00978442 0.20136
-0.597347 -0.00886019 0.205554
-0.608358 -0.00792497 0.209901
-0.619363 -0.00698731 0.214288
-0.630077 -0.00606558 0.218606
-0.640252 -0.00518249 0.222746
-0.649678 -0.00436056 0.226616
-0.65817 -0.00362248 0.230127
-0.665545 -0.00298418 0.233188
-0.671668 -0.00245503 0.235736
-0.676476 -0.00203742 0.237729
-0.679943 -0.00172154 0.239148
-0.682075 -0.00149201 0.239995
-0.682869 -0.00132827 0.240281
-0.6823 -0.00120726 0.240012
-0.680342 -0.00110959 0.239198
-0.676996 -0.00101884 0.237856
-0.672294 -0.000920891 0.236017
-0.666313 -0.00080743 0.233731
-0.659199 -0.00067841 0.231062
-0.651188 -0.000538657 0.228096
-0.642623 -0.00040246 0.224947
-0.633921 -0.00029337 0.221741
-0.625502 -0.000231724 0.21861
-0.617744 -0.000235107 0.215685
-0.610985 -0.000317169 0.213092
-0.605485 -0.000480857 0.210915
-0.601396 -0.000720938 0.20921
-0.598784 -0.00103151 0.208026
-0.59763 -0.00139963 0.20737
-0.597846 -0.00180327 0.20723
-0.599332 -0.00221955 0.20758
-0.601977 -0.00262163 0.208389
-0.605691 -0.00298712 0.209623
-0.610423 -0.00329869 0.211258
-0.616118 -0.00354451 0.213269
-0.622696 -0.00372297 0.215625
-0.630022 -0.0038407 0.218273
-0.637883 -0.00391486 0.221135
-0.645993 -0.00397177 0.224096
-0.653999 -0.00404528 0.227017
-0.661542 -0.00417069 0.22975
-0.668306 -0.00437407 0.232161
-0.674035 -0.0046683 0.234142
-0.67855 -0.00505295 0.23562
-0.681741 -0.00551451 0.236552
-0.683557 -0.00603452 0.23692
-0.684005 -0.00659355 0.236735
-0.683154 -0.00717065 0.236033
-0.681106 -0.00774454 0.234874
-0.677972 -0.00829554 0.233323
-0.673873 -0.00880891 0.231447
-0.668927 -0.00927684 0.229308
-0.663256 -0.00970002 0.226957
-0.656974 -0.0100862 0.224439
-0.650202 -0.0104485 0.221789
-0.643079 -0.0108041 0.219048
-0.635772 -0.0111697 0.216263
-0.628491 -0.0115588 0.213498
-0.621469 -0.0119812 0.210831
-0.614947 -0.0124389 0.208346
-0.609128 -0.012927 0.206119
-0.604146 -0.0134349 0.204212
-0.600093 -0.0139468 0.202662
-0.597031 -0.0144455 0.20149
-0.594988 -0.0149133 0.200702
-0.593952 -0.015334 0.200292
-0.59387 -0.0156934 0.200239
-0.59464 -0.0159831 0.200504
-0.596139 -0.016203 0.201037
-0.598243 -0.0163599 0.20179
-0.600849 -0.0164665 0.202719
-0.603901 -0.0165388 0.203798
-0.60738 -0.0165951 0.205016
-0.611302 -0.0166512 0.206377
-0.615656 -0.0167202 0.20788
-0.620352 -0.0168109 0.209506
-0.62522 -0.0169279 0.211206
-0.630009 -0.0170758 0.2129
-0.634418 -0.0172563 0.214489
-0.638133 -0.0174629 0.215864
-0.640866 -0.0176836 0.216922
-0.642393 -0.017911 0.217581
-0.642578 -0.0181428 0.217773
-0.641371 -0.0183763 0.217464
-0.638799 -0.0186094 0.216651
-0.634962 -0.0188443 0.215361
-0.630012 -0.0190894 0.213642
-0.624134 -0.019353 0.211556
-0.617539 -0.0196426 0.209178
-0.610444 -0.0199628 0.206581
-0.603036 -0.0203147 0.203836
-0.595444 -0.0206964 0.200998
-0.587749 -0.0211009 0.198116
-0.579999 -0.021516 0.195229
-0.572248 -0.0219285 0.192371
-0.564586 -0.0223291 0.189584
-0.557141 -0.0227126 0.18692
-0.550074 -0.0230783 0.18444
-0.543581 -0.0234263 0.182215
-0.537877 -0.0237491 0.180321
-0.533194 -0.024031 0.178834
-0.529765 -0.0242548 0.177826
-0.527814 -0.0244078 0.177352
-0.527552 -0.0244838 0.177459
-0.529124 -0.0244821 0.178173
-0.532571 -0.0244041 0.179494
-0.537792 -0.024251 0.181389
-0.544537 -0.0240254 0.183791
-0.552444 -0.0237338 0.186595
-0.561095 -0.02339 0.189674
-0.57005 -0.0230095 0.192898
-0.578885 -0.0226021 0.196134
-0.587236 -0.0221779 0.199257
-0.594818 -0.0217508 0.202154
-0.601437 -0.0213292 0.20474
-0.606992 -0.0209214 0.206956
-0.611452 -0.020542 0.208768
-0.614839 -0.0201951 0.210152
-0.617209 -0.0198729 0.211113
-0.618662 -0.0195694 0.211676
-0.61932 -0.0192816 0.211876
-0.619273 -0.0190094 0.211749
-0.618556 -0.0187556 0.211315
-0.61715 -0.0185217 0.210578
-0.614999 -0.0183027 0.209539
-0.612034 -0.0180867 0.208208
-0.608234 -0.0178627 0.206613
-0.603642 -0.0176185 0.204799
-0.598383 -0.0173405 0.202828
-0.59269 -0.0170205 0.200784
-0.586884 -0.0166533 0.19877
-0.581338 -0.0162378 0.196902
-0.576426 -0.0157802 0.195288
-0.572476 -0.0152859 0.194035
-0.569759 -0.0147581 0.193232
-0.568459 -0.0141964 0.192931
-0.568683 -0.0136016 0.193165
-0.570471 -0.0129788 0.193948
-0.573794 -0.0123294 0.195271
-0.578566 -0.0116534 0.197105
-0.58463 -0.0109506 0.199406
-0.591768 -0.0102198 0.202109
-0.59973 -0.00946103 0.205143
-0.608259 -0.00867848 0.208427
-0.617095 -0.00788302 0.211879
-0.625975 -0.00708828 0.215412
-0.634674 -0.00630914 0.218939
-0.64304 -0.00556298 0.222385
-0.651002 -0.00486888 0.225696
-0.658546 -0.00424605 0.22883
-0.66566 -0.00371282 0.231758
-0.672296 -0.00328348 0.234448
-0.678365 -0.00296357 0.236862
-0.683748 -0.00274672 0.238953
-0.688317 -0.00261572 0.240679
-0.691954 -0.00254992 0.242009
-0.694569 -0.00252878 0.242926
-0.696121 -0.00253041 0.243424
-0.696601 -0.00253251 0.243516
-0.696021 -0.00251609 0.243225
-0.694419 -0.00246881 0.24258
-0.691856 -0.00238674 0.241611
-0.688429 -0.00227608 0.240351
-0.684295 -0.00215279 0.238848
-0.679653 -0.00204049 0.237165
-0.674746 -0.00196566 0.235371
-0.669859 -0.00195353 0.233548
-0.665291 -0.00202339 0.23178
-0.661288 -0.0021849 0.230142
-0.657997 -0.00244067 0.228692
-0.655459 -0.00278672 0.227461
-0.653621 -0.00321034 0.226455
-0.652403 -0.0036911 0.225665
-0.65174 -0.0042049 0.225084
-0.651586 -0.00472752 0.22471
-0.65191 -0.00523699 0.224542
-0.652685 -0.00571663 0.224578
-0.653859 -0.00615747 0.224805
-0.655362 -0.00655861 0.225194
-0.657091 -0.00692643 0.225703
-0.658947 -0.00727303 0.22628
-0.66086 -0.00761486 0.226882
-0.662796 -0.00797058 0.227475
-0.66476 -0.00835799 0.228042
-0.66676 -0.00879102 0.22857
-0.668775 -0.00927737 0.229043
-0.670729 -0.00981723 0.229437
-0.672486 -0.0104022 0.229722
-0.673871 -0.0110169 0.22986
-0.67469 -0.0116421 0.229806
-0.674771 -0.012259 0.229518
-0.673998 -0.0128507 0.228965
-0.672316 -0.0134037 0.228132
-0.669738 -0.0139101 0.227023
-0.666319 -0.0143675 0.225655
-0.662119 -0.0147793 0.224047
-0.657201 -0.0151543 0.222216
-0.651626 -0.0155056 0.220178
-0.645477 -0.0158489 0.217955
-0.638874 -0.0161994 0.215582
-0.631967 -0.0165688 0.213102
-0.624907 -0.0169633 0.210561
-0.617843 -0.0173827 0.208002
-0.610903 -0.0178206 0.205468
-0.604206 -0.0182648 0.203002
-0.597858 -0.0186991 0.200649
-0.591947 -0.0191061 0.198457
-0.58653 -0.0194686 0.196468
-0.581637 -0.0197727 0.194715
-0.577275 -0.0200089 0.193219
-0.573464 -0.0201732 0.191991
-0.570265 -0.0202664 0.191043
-0.567771 -0.0202925 0.190393
-0.566098 -0.0202584 0.190065
-0.56535 -0.0201734 0.190086
-0.565582 -0.020048 0.190469
-0.566803 -0.0198925 0.191206
-0.568885 -0.0197187 0.192263
-0.571554 -0.0195404 0.193558
-0.574601 -0.0193686 0.195
-0.577904 -0.0192081 0.196525
