1.22202e-06 2.04309e-15 -0.0613396
-5.15438e-05 -8.15354e-09 -0.0613399
-0.000257533 -1.56978e-07 -0.0613415
-0.000653426 -1.19636e-06 -0.0613455
-0.00121641 -4.98843e-06 -0.0613535
-0.00192516 -1.30745e-05 -0.0613696
-0.00276954 -2.32537e-05 -0.0613996
-0.00376426 -2.8955e-05 -0.0614471
-0.00493526 -2.29692e-05 -0.0615138
-0.00630396 -5.20744e-09 -0.0616054
-0.00791893 4.38753e-05 -0.0617287
-0.00988053 0.000111978 -0.0618813
-0.0123117 0.000205572 -0.0620519
-0.0152818 0.000320316 -0.0622341
-0.0187834 0.000446957 -0.062431
-0.0227733 0.000578466 -0.0626503
-0.0271713 0.000714795 -0.062903
-0.0318536 0.000863192 -0.0632023
-0.0366644 0.00103793 -0.0635582
-0.0414261 0.00125838 -0.06397
-0.045941 0.00154444 -0.0644245
-0.0500378 0.00190976 -0.0648966
-0.0536254 0.00235528 -0.0653529
-0.0566824 0.00286637 -0.0657559
-0.0592484 0.00341246 -0.0660705
-0.0613374 0.00394958 -0.0662742
-0.0628587 0.00442843 -0.0663631
-0.0637062 0.00480681 -0.0663479
-0.0638474 0.00506192 -0.0662451
-0.0633474 0.00519564 -0.0660704
-0.0623584 0.00522979 -0.0658392
-0.0610297 0.0051962 -0.0655672
-0.0594584 0.0051288 -0.0652678
-0.0577246 0.00505652 -0.064949
-0.0559026 0.00499688 -0.0646161
-0.0540849 0.00495243 -0.064283
-0.0523993 0.00491011 -0.063982
-0.050964 0.00484724 -0.0637581
-0.0498703 0.00474232 -0.0636535
-0.0491482 0.00458293 -0.0636906
-0.0487315 0.00437072 -0.0638595
-0.0484496 0.00412157 -0.0641185
-0.0479859 0.0038581 -0.0644091
-0.0470089 0.00360117 -0.0646756
-0.0453281 0.00336375 -0.0648775
-0.0428879 0.00314678 -0.0649887
-0.039762 0.00293653 -0.0649902
-0.0360207 0.00270318 -0.0648693
-0.0316048 0.00240645 -0.0646231
-0.026487 0.00200993 -0.0642521
-0.0208239 0.00149427 -0.063756
-0.0148465 0.000863916 -0.0631425
-0.00873 0.000144703 -0.0624376
-0.00260392 -0.000621956 -0.0616842
0.00340389 -0.0013799 -0.0609372
0.00917501 -0.00206449 -0.0602465
0.0146573 -0.00261922 -0.0596427
0.0199152 -0.00301 -0.0591462
0.0251498 -0.00323038 -0.058779
0.0305481 -0.00329579 -0.0585515
0.0361253 -0.00323415 -0.0584458
0.0417929 -0.0030844 -0.0584233
0.0474248 -0.00289702 -0.0584386
0.0529308 -0.00272752 -0.0584396
0.0583194 -0.00262738 -0.0583718
0.0636321 -0.00263785 -0.0581899
0.068879 -0.00278534 -0.0578645
0.073878 -0.00307719 -0.0573859
0.0781328 -0.00350231 -0.0567721
0.0811723 -0.00403757 -0.0560749
0.0828615 -0.00465317 -0.0553733
0.0832806 -0.0053115 -0.0547555
0.0825879 -0.00595796 -0.0542978
0.0808876 -0.00651777 -0.0540527
0.0782129 -0.00691364 -0.0540544
0.0747258 -0.00708705 -0.0543348
0.0707881 -0.00700571 -0.0549196
0.0666439 -0.00666264 -0.0557909
0.0621114 -0.00607363 -0.056863
0.0568156 -0.00528547 -0.0580006
0.0504866 -0.00439089 -0.0590731
0.0432455 -0.00351915 -0.0599939
0.0357608 -0.00279751 -0.0607217
0.0288107 -0.00231009 -0.0612514
0.0229373 -0.00207018 -0.0615938
0.0182958 -0.00201737 -0.0617687
0.0146084 -0.00204631 -0.0618128
0.0114938 -0.00204508 -0.0617716
0.00862781 -0.00192215 -0.0616747
0.00567326 -0.00162538 -0.0615146
0.00225126 -0.00115045 -0.0612518
-0.00203297 -0.000538741 -0.0608703
-0.00743479 0.000127834 -0.0604417
-0.0140237 0.000753783 -0.0601385
-0.0218261 0.00127795 -0.0601757
-0.0307797 0.00170714 -0.0607098
-0.0406041 0.00212172 -0.0617561
-0.0508257 0.00264487 -0.0631939
-0.060725 0.00338903 -0.0648286
-0.0696954 0.00441631 -0.066445
-0.077713 0.00571143 -0.0678571
-0.0850006 0.00716798 -0.0689438
-0.0917155 0.00860393 -0.0696604
-0.09789 0.00979994 -0.0700368
-0.103343 0.0105581 -0.070157
-0.107908 0.0107646 -0.0701192
-0.11161 0.0104182 -0.0699929
-0.114592 0.00963038 -0.069803
-0.117064 0.00860209 -0.0695568
-0.119224 0.00757453 -0.0692461
-0.121158 0.00677213 -0.0688464
-0.122814 0.00634796 -0.0683664
-0.123984 0.00634749 -0.0679038
-0.124418 0.00672014 -0.0676032
-0.123983 0.00734827 -0.0675712
-0.122555 0.00807913 -0.0678603
-0.119929 0.00877926 -0.068456
-0.115843 0.00936198 -0.0692652
-0.11005 0.0097761 -0.0701023
-0.102618 0.0100142 -0.0707218
-0.0940684 0.0100962 -0.0708986
-0.084908 0.010009 -0.0705057
-0.0753454 0.00969415 -0.069535
-0.0656207 0.00907917 -0.068077
-0.0562377 0.00810303 -0.0662762
-0.047738 0.00674318 -0.0643112
-0.0404011 0.0050314 -0.0624079
-0.0341704 0.00306746 -0.0607943
-0.0286622 0.00103474 -0.0596423
-0.0237005 -0.000817459 -0.0590241
-0.0197696 -0.00222479 -0.0589024
-0.017458 -0.00298177 -0.0591849
-0.0169525 -0.00302263 -0.0597802
-0.0180134 -0.00244204 -0.060631
-0.0200969 -0.00144503 -0.0617042
-0.0226959 -0.000291961 -0.0629217
-0.0254778 0.000755947 -0.0641542
-0.028101 0.00149178 -0.065311
-0.0302013 0.00179597 -0.0663327
-0.0315128 0.00166093 -0.0671591
-0.0319568 0.00118896 -0.0676823
-0.0318113 0.000549829 -0.0677522
-0.0316809 -7.84189e-05 -0.0672463
-0.032125 -0.000574875 -0.0661468
-0.0334731 -0.000908397 -0.0645879
-0.0359678 -0.00111402 -0.0628599
-0.0399181 -0.00124399 -0.0613149
-0.0456747 -0.00131528 -0.0602368
-0.0534019 -0.00127603 -0.0598064
-0.0628471 -0.00101314 -0.0600949
-0.0732591 -0.000400651 -0.0611372
-0.0837805 0.00065949 -0.062808
-0.0940395 0.00224111 -0.0648785
-0.104028 0.00436351 -0.0671256
-0.113363 0.00691466 -0.069327
-0.121142 0.00964654 -0.0713057
-0.126793 0.0122705 -0.0729112
-0.130648 0.0145744 -0.0738014
-0.133025 0.0164259 -0.0739263
-0.133358 0.017719 -0.0735818
-0.131434 0.0183886 -0.0729377
-0.128069 0.0184112 -0.0718944
-0.123567 0.0177971 -0.070437
-0.117496 0.0166133 -0.0686881
-0.10999 0.0149977 -0.0667843
-0.101918 0.0131682 -0.0648544
-0.0948023 0.0114138 -0.0630108
-0.0903565 0.0100058 -0.0615334
-0.0894074 0.00909293 -0.0604933
-0.0920419 0.00868121 -0.0599234
-0.0980993 0.00866097 -0.0598962
-0.106877 0.00885966 -0.0605254
-0.117329 0.00908122 -0.0618198
-0.128889 0.00915572 -0.0637155
-0.141389 0.00902095 -0.0661865
-0.154709 0.0087434 -0.0692029
-0.168849 0.00849294 -0.0725255
-0.183344 0.0084775 -0.0757292
-0.197068 0.00884767 -0.0784683
-0.209154 0.00963569 -0.0802709
-0.219002 0.0107348 -0.0809424
-0.225851 0.0119307 -0.0806911
-0.229052 0.0129572 -0.0800368
-0.228706 0.0135821 -0.0790456
-0.225626 0.0136921 -0.0778531
-0.220341 0.0133161 -0.0766899
-0.213201 0.0126136 -0.0755628
-0.204678 0.0118427 -0.0743966
-0.194892 0.0113009 -0.0730661
-0.184078 0.0112563 -0.0714256
-0.172939 0.0118726 -0.0694044
-0.161751 0.0131418 -0.0672979
-0.150496 0.0148677 -0.0653396
-0.13928 0.0167359 -0.0637782
-0.127492 0.0184338 -0.0628637
-0.114323 0.0197176 -0.0627716
-0.0997596 0.0204429 -0.0633748
-0.0839596 0.020627 -0.0643766
-0.0670423 0.020431 -0.0653552
-0.0496025 0.020033 -0.0658999
-0.0319973 0.019508 -0.0657145
-0.0136807 0.0187789 -0.0647248
0.0058671 0.0176823 -0.0629957
0.0268905 0.016014 -0.0606388
0.0502532 0.0135188 -0.0579453
0.0766636 0.0100119 -0.0553199
0.105466 0.00551175 -0.0530614
0.135027 0.000239825 -0.0509885
0.163457 -0.0053631 -0.0491523
0.189205 -0.0107471 -0.0474943
0.211194 -0.0155598 -0.0460466
0.228865 -0.0197277 -0.0446836
0.242427 -0.0233148 -0.0433367
0.25228 -0.0264604 -0.0421139
0.258598 -0.0293826 -0.0415431
0.261559 -0.0322786 -0.0419367
0.260961 -0.0351612 -0.0431213
0.256473 -0.0379089 -0.0450888
0.248321 -0.0403574 -0.0477751
0.237309 -0.0422343 -0.0508646
0.22427 -0.04323 -0.0538191
0.209633 -0.0431818 -0.0561687
0.194469 -0.0421091 -0.0575379
0.180198 -0.0401994 -0.0581282
0.166991 -0.0377847 -0.0583088
0.153992 -0.0352181 -0.0583383
0.140179 -0.0327513 -0.0583955
0.125148 -0.0305142 -0.0587139
0.109457 -0.0285029 -0.0593528
0.0939837 -0.0265421 -0.0601415
0.0794515 -0.0243273 -0.0607323
0.0656987 -0.0215363 -0.06086
0.0516281 -0.0179387 -0.0604421
0.0359587 -0.0134495 -0.0596645
0.0167444 -0.0081557 -0.0588241
-0.00780338 -0.00231483 -0.0582288
-0.0379286 0.00368977 -0.0580961
-0.0731236 0.00946472 -0.0587036
-0.112542 0.0147468 -0.0602635
-0.15477 0.0194308 -0.0625879
-0.198179 0.0235841 -0.0655839
-0.241412 0.0274124 -0.0692255
-0.283651 0.0311717 -0.0730528
-0.323977 0.0351469 -0.0766594
-0.361444 0.0395523 -0.0798777
-0.395711 0.044415 -0.0825178
-0.426072 0.0495733 -0.0845084
-0.451689 0.0546872 -0.0856161
-0.472986 0.0592746 -0.0854554
-0.490547 0.0629241 -0.0843887
-0.504118 0.0654309 -0.0837829
-0.514053 0.0666287 -0.0842491
-0.521819 0.0664188 -0.0849215
-0.527915 0.0649862 -0.0854454
-0.531079 0.0626988 -0.085898
-0.531024 0.0599224 -0.085771
-0.529129 0.0570178 -0.0844153
-0.5259 0.054285 -0.0821029
-0.521075 0.05187 -0.0795138
-0.51548 0.049732 -0.0772628
-0.509733 0.0477397 -0.0756166
-0.502798 0.0458062 -0.0743198
-0.494522 0.0437815 -0.0737575
-0.485565 0.0414418 -0.0739149
-0.475155 0.0387092 -0.0745538
-0.463252 0.0356629 -0.0757789
-0.450864 0.0323856 -0.0773752
-0.437925 0.028998 -0.0791776
-0.424047 0.0257477 -0.0809736
-0.409952 0.0228713 -0.0822325
-0.396598 0.0204388 -0.0825981
-0.38327 0.0183961 -0.0824637
-0.36886 0.0166593 -0.0821887
-0.352889 0.0151084 -0.0815212
-0.33368 0.0135424 -0.080445
-0.309342 0.0117879 -0.0794024
-0.280581 0.00985611 -0.0782736
-0.24943 0.0078346 -0.076487
-0.216318 0.00573248 -0.0742066
-0.180715 0.00358397 -0.072173
-0.143037 0.00150725 -0.0703206
-0.104014 -0.000372782 -0.0680548
-0.0637789 -0.00192147 -0.0655099
-0.0228982 -0.00299515 -0.0624697
0.0175917 -0.00353604 -0.0591569
0.0577508 -0.00364613 -0.0557951
0.0980691 -0.00357315 -0.0524057
0.138019 -0.00357896 -0.0494968
0.177143 -0.00382841 -0.0472003
0.21513 -0.00441921 -0.0451892
0.250704 -0.00536123 -0.0434568
0.282988 -0.00661317 -0.0422963
0.312361 -0.00822033 -0.0414286
0.338909 -0.0102538 -0.0407464
0.362245 -0.0126856 -0.0405234
0.382608 -0.0154607 -0.0406838
0.400087 -0.0185416 -0.0407331
0.414021 -0.021848 -0.0405713
0.424414 -0.025305 -0.0402261
0.431713 -0.0288932 -0.0395003
0.435255 -0.0325846 -0.0386092
0.434529 -0.0362904 -0.0381167
0.43033 -0.0399083 -0.0381429
0.422957 -0.0433468 -0.0385389
0.411925 -0.0464701 -0.0393323
0.397257 -0.0491209 -0.0405605
0.378736 -0.0512056 -0.0420667
0.355818 -0.0526826 -0.0439539
0.329021 -0.0535172 -0.0462548
0.299232 -0.0536933 -0.0487595
0.266659 -0.0531936 -0.0512422
0.231668 -0.0520055 -0.0536053
0.195014 -0.0501787 -0.0559032
0.157076 -0.0477821 -0.0582366
0.118131 -0.0448489 -0.0607554
0.0790468 -0.0413988 -0.0634728
0.040509 -0.0374126 -0.0661208
0.00212088 -0.0328401 -0.0682103
-0.0363425 -0.027648 -0.0695966
-0.0741564 -0.0218278 -0.0706945
-0.111268 -0.015473 -0.0717283
-0.148449 -0.00879003 -0.0722348
-0.185545 -0.00197481 -0.0723491
-0.221743 0.00483381 -0.0726638
-0.257165 0.0115456 -0.0731762
-0.292224 0.0181373 -0.0735595
-0.326233 0.02464 -0.0739176
-0.358266 0.0311111 -0.0745536
-0.38796 0.037596 -0.0752277
-0.414543 0.0440952 -0.0757544
-0.436662 0.0506088 -0.0762622
-0.453479 0.057113 -0.0768397
-0.464481 0.0634575 -0.0772159
-0.468372 0.0694166 -0.0773213
-0.463551 0.0747505 -0.0773927
-0.448968 0.0792077 -0.0774339
-0.423432 0.0825941 -0.077204
-0.385175 0.0848207 -0.076693
-0.332779 0.0858705 -0.0757844
-0.265505 0.085732 -0.0740664
-0.182425 0.0843788 -0.0712691
-0.0824789 0.0818223 -0.0671946
0.034636 0.0781007 -0.0616716
0.168785 0.073198 -0.0542067
0.320105 0.0670679 -0.0447807
0.488798 0.059662 -0.0335239
0.674852 0.0508901 -0.0205353
0.877976 0.0406374 -0.00558647
1.09707 0.0288294 0.0114291
1.33065 0.0155249 0.0301238
1.57856 0.000786699 0.0501978
1.84075 -0.015397 0.0728663
2.11639 -0.0328441 0.0986272
2.40553 -0.0511162 0.127722
2.7074 -0.0697073 0.160733
3.02025 -0.0882766 0.197125
3.34445 -0.106745 0.236411
3.68142 -0.125151 0.278077
4.03132 -0.143498 0.32178
4.3943 -0.161757 0.366963
4.77128 -0.179977 0.413605
5.16222 -0.198243 0.462076
5.56592 -0.216546 0.512454
5.98174 -0.234856 0.564591
6.40959 -0.253204 0.618671
6.84904 -0.27165 0.674494
7.29943 -0.290255 0.731285
7.76025 -0.309031 0.788222
8.23083 -0.327946 0.84487
8.70969 -0.347006 0.900782
9.1947 -0.366239 0.955403
9.68316 -0.38565 1.00831
10.1712 -0.405232 1.0593
10.6544 -0.424961 1.10827
11.1282 -0.444764 1.15515
11.5881 -0.464524 1.20013
12.0299 -0.484103 1.24343
12.4495 -0.503336 1.28505
12.8436 -0.522039 1.32495
13.2093 -0.540046 1.36317
13.5439 -0.557232 1.39973
13.8454 -0.573485 1.43447
14.1112 -0.588729 1.46722
14.3392 -0.603008 1.49796
14.5273 -0.616414 1.52666
14.674 -0.629008 1.55328
14.7778 -0.640852 1.57755
14.8375 -0.651997 1.59914
14.8521 -0.66245 1.61723
14.8211 -0.672156 1.63066
14.7447 -0.680976 1.63802
14.6226 -0.688731 1.63699
14.4536 -0.695278 1.62431
14.2385 -0.700565 1.59687
13.9835 -0.704544 1.55495
13.6994 -0.707025 1.5028
13.4017 -0.707777 1.44652
13.1039 -0.706671 1.39099
12.8121 -0.703708 1.33759
12.5265 -0.69893 1.28267
12.2432 -0.692245 1.21831
11.9582 -0.683401 1.13913
11.6701 -0.672071 1.0474
11.3791 -0.658008 0.948307
11.0859 -0.641101 0.84303
10.7919 -0.621213 0.732305
10.5007 -0.598124 0.619025
10.2173 -0.571816 0.507449
9.94587 -0.542522 0.423973
9.6864 -0.512311 0.393907
9.43008 -0.484541 0.391986
9.16387 -0.458049 0.395337
8.88261 -0.42994 0.399824
8.59292 -0.401858 0.398859
8.30237 -0.376557 0.393048
8.00975 -0.355461 0.383505
7.70808 -0.339459 0.368523
7.39005 -0.328684 0.342507
7.05268 -0.322992 0.305099
6.6988 -0.322324 0.258404
6.33193 -0.32617 0.203607
5.95067 -0.333132 0.142478
5.54794 -0.341414 0.0831133
5.11641 -0.350105 0.0291611
4.65748 -0.358534 -0.0053761
4.17725 -0.365395 -0.00250305
3.66924 -0.369175 0.0358098
3.11854 -0.367236 0.0903345
2.52812 -0.357821 0.145366
1.91971 -0.342145 0.202514
1.30219 -0.321846 0.263518
0.661567 -0.297773 0.317136
-0.0151251 -0.270292 0.355019
-0.728133 -0.239453 0.386091
-1.47224 -0.205571 0.410991
-2.23876 -0.16939 0.42259
-3.01586 -0.13231 0.415607
-3.7961 -0.0959282 0.393379
-4.57855 -0.0609983 0.360807
-5.36107 -0.0272941 0.318392
-6.13903 0.00572601 0.269427
-6.91072 0.0383229 0.219246
-7.67722 0.0708241 0.171826
-8.4383 0.105191 0.126702
-9.19376 0.143731 0.0835734
-9.94589 0.186421 0.0453457
-10.6952 0.23259 0.0131246
-11.4407 0.282227 -0.00990766
-12.1818 0.33486 -0.0239308
-12.9164 0.389492 -0.0319953
-13.6422 0.44491 -0.0343848
-14.3588 0.500049 -0.0344781
-15.0697 0.554406 -0.0350077
-15.7742 0.607233 -0.0390949
-16.4623 0.657221 -0.0467834
-17.1313 0.703354 -0.0534025
-17.7848 0.745135 -0.0519265
-18.4234 0.782742 -0.0447161
-19.0472 0.817053 -0.0348509
-19.6507 0.848763 -0.0258257
-20.2269 0.878446 -0.0220494
-20.7719 0.906635 -0.0197571
-21.2838 0.933538 -0.0178565
-21.7639 0.959671 -0.0136949
-22.2145 0.985529 -0.0062373
-22.6383 1.01086 0.00447171
-23.0358 1.03501 0.0183009
-23.4055 1.05768 0.0338523
-23.7461 1.07869 0.0507022
-24.0574 1.0971 0.0678537
-24.3391 1.11163 0.0854067
-24.5905 1.12158 0.102308
-24.8134 1.12693 0.117482
-25.0117 1.12769 0.12959
-25.1899 1.12376 0.13788
-25.352 1.1153 0.143081
-25.501 1.10302 0.145771
-25.6388 1.08787 0.146504
-25.7666 1.07065 0.146124
-25.8847 1.05193 0.145805
-25.9923 1.03228 0.145901
-26.0877 1.01234 0.146466
-26.17 0.992542 0.147945
-26.2397 0.972867 0.151257
-26.2982 0.952956 0.157328
-26.3467 0.93238 0.166385
-26.3847 0.910737 0.177814
-26.4111 0.887557 0.190773
-26.4248 0.862379 0.20445
-26.4248 0.834912 0.217871
-26.4103 0.805058 0.229451
-26.3807 0.772919 0.238168
-26.3361 0.738796 0.243828
-26.2768 0.703153 0.246495
-26.203 0.666516 0.246572
-26.1148 0.629433 0.244158
-26.0118 0.592564 0.239501
-25.894 0.556636 0.232947
-25.7602 0.522243 0.224908
-25.6095 0.48972 0.215878
-25.4413 0.45919 0.206288
-25.2557 0.430682 0.196226
-25.0524 0.404102 0.185962
-24.8293 0.379116 0.175483
-24.5854 0.355238 0.16449
-24.3201 0.332033 0.152972
-24.0331 0.309042 0.141014
-23.7238 0.285765 0.128504
-23.392 0.261913 0.115731
-23.0401 0.237466 0.103325
-22.6714 0.212514 0.0918837
-22.2884 0.187182 0.0818633
-21.8923 0.161717 0.0733237
-21.4837 0.136512 0.0665155
-21.0633 0.111998 0.0619156
-20.6313 0.0885603 0.0598071
-20.1874 0.0664721 0.0598776
-19.7313 0.0458795 0.0618258
-19.2627 0.0268097 0.0656121
-18.7819 0.00915549 0.0714288
-18.2891 -0.00733411 0.0792387
-17.7839 -0.0230146 0.0887305
-17.2667 -0.0382522 0.0998821
-16.7382 -0.0533781 0.112015
-16.2 -0.0687011 0.124864
-15.652 -0.0844892 0.139465
-15.0922 -0.100962 0.15557
-14.5196 -0.118245 0.171711
-13.9362 -0.136208 0.187019
-13.3451 -0.154502 0.201945
-12.749 -0.172759 0.217402
-12.1495 -0.190608 0.234708
-11.549 -0.207713 0.254904
-10.9509 -0.223757 0.278418
-10.3588 -0.238521 0.305735
-9.77633 -0.252145 0.337027
-9.20567 -0.264978 0.371051
-8.64734 -0.277295 0.405029
-8.10058 -0.289344 0.436684
-7.56452 -0.301483 0.464946
-7.0391 -0.314197 0.489545
-6.52531 -0.327957 0.510841
-6.02469 -0.343062 0.529313
-5.53801 -0.359659 0.545627
-5.06458 -0.377813 0.560213
-4.60298 -0.397501 0.573005
-4.15152 -0.418575 0.583858
-3.70902 -0.440757 0.592467
-3.27496 -0.463685 0.598653
-2.84887 -0.486928 0.602872
-2.43034 -0.509981 0.606215
-2.01916 -0.532337 0.609845
-1.61544 -0.55349 0.614553
-1.2192 -0.572923 0.620402
-0.829536 -0.590241 0.627108
-0.444892 -0.605271 0.635141
-0.0643585 -0.618009 0.646907
0.311628 -0.628536 0.663018
0.681426 -0.637061 0.681186
1.04378 -0.643925 0.700431
1.39918 -0.649539 0.72062
1.74896 -0.654449 0.74173
2.09415 -0.659255 0.763759
2.43554 -0.664396 0.787052
2.77392 -0.670175 0.812422
3.11028 -0.676818 0.840212
3.44573 -0.684465 0.870011
3.78118 -0.693169 0.900832
4.11679 -0.702887 0.931836
4.45148 -0.713548 0.962701
4.78314 -0.725093 0.993566
5.11005 -0.737473 1.02489
5.43152 -0.750671 1.05715
5.74729 -0.764725 1.0903
6.05698 -0.77972 1.12364
6.35979 -0.795785 1.15612
6.65486 -0.81305 1.18684
6.94167 -0.831621 1.21524
7.21981 -0.851561 1.24121
7.48858 -0.872855 1.26482
7.74675 -0.895401 1.28616
7.99273 -0.919024 1.30546
8.22519 -0.94351 1.32304
8.44339 -0.968617 1.33924
8.64697 -0.994091 1.35435
8.83557 -1.01967 1.36873
9.00842 -1.04507 1.38259
9.16439 -1.07003 1.39602
9.30241 -1.09438 1.40895
9.42209 -1.11803 1.42111
9.524 -1.14102 1.43211
9.60913 -1.16341 1.44148
9.67814 -1.18531 1.4489
9.7312 -1.20684 1.45406
9.76803 -1.22814 1.45687
9.78848 -1.24934 1.45746
9.79286 -1.27054 1.45592
9.78187 -1.29173 1.45218
9.75651 -1.31285 1.44591
9.71767 -1.33384 1.43688
9.66616 -1.3546 1.42509
9.60281 -1.37504 1.41049
9.52835 -1.39504 1.39273
9.4432 -1.41443 1.37156
9.34758 -1.43305 1.34706
9.24178 -1.45079 1.31956
9.12653 -1.46762 1.28942
9.00319 -1.4836 1.25693
8.87358 -1.49891 1.2224
8.73966 -1.5138 1.18625
8.60318 -1.52856 1.14903
8.4654 -1.54341 1.11121
8.32705 -1.55854 1.07326
8.18851 -1.57413 1.03589
8.04999 -1.59023 0.999555
7.91164 -1.60682 0.964736
7.77356 -1.62392 0.931821
7.63541 -1.64146 0.900934
7.49627 -1.65933 0.872263
7.35489 -1.67749 0.845771
7.20987 -1.69592 0.821382
7.05985 -1.71466 0.798832
6.90352 -1.73383 0.777355
6.73965 -1.75353 0.756309
6.56729 -1.7739 0.735371
6.38609 -1.79509 0.714341
6.19638 -1.81724 0.693194
5.99873 -1.84043 0.671988
5.79363 -1.86464 0.650611
5.58112 -1.88975 0.628926
5.36088 -1.91552 0.607069
5.13249 -1.94166 0.58533
4.89562 -1.96781 0.564141
4.6498 -1.99362 0.543884
4.39438 -2.01867 0.524665
4.12865 -2.04246 0.505932
3.85235 -2.06432 0.486561
3.5661 -2.0835 0.465007
3.27152 -2.09943 0.439394
2.97059 -2.11189 0.408505
2.66432 -2.1209 0.372263
2.35217 -2.12639 0.331133
2.03293 -2.12815 0.286075
1.70632 -2.12581 0.238996
1.37315 -2.11893 0.191834
1.0346 -2.10696 0.145599
0.691216 -2.08923 0.100429
0.342879 -2.06498 0.0571971
-0.0105682 -2.03339 0.0172554
-0.368707 -1.99407 -0.0173811
-0.730582 -1.94748 -0.0449983
-1.09595 -1.89473 -0.0653051
-1.46503 -1.83642 -0.0782405
-1.83721 -1.77251 -0.0833207
-2.21109 -1.70364 -0.081388
-2.5848 -1.63166 -0.0751985
-2.95668 -1.55884 -0.0672198
-3.32553 -1.48672 -0.059955
-3.69037 -1.41605 -0.0560279
-4.05008 -1.34727 -0.0579559
-4.40336 -1.28048 -0.0665878
-4.74877 -1.21551 -0.079855
-5.08491 -1.15209 -0.094625
-5.41084 -1.08914 -0.108722
-5.72596 -1.02483 -0.121044
-6.02954 -0.957543 -0.130913
-6.32057 -0.885973 -0.137807
-6.59814 -0.809121 -0.141643
-6.86156 -0.726401 -0.142076
-7.11029 -0.637791 -0.138277
-7.34347 -0.543976 -0.12973
-7.5599 -0.446246 -0.116547
-7.759 -0.34611 -0.0994928
-7.94181 -0.24523 -0.0804033
-8.11101 -0.145714 -0.061677
-8.26948 -0.0499061 -0.0449229
-8.41933 0.0403306 -0.0310476
-8.56201 0.123807 -0.0206852
-8.69871 0.199821 -0.0142878
-8.83081 0.268229 -0.0120951
-8.95967 0.329545 -0.0140551
-9.08616 0.38484 -0.0193541
-9.2104 0.435464 -0.0257591
-9.33199 0.482878 -0.0301084
-9.45034 0.528695 -0.0307738
-9.56496 0.574565 -0.0289054
-9.67566 0.621823 -0.0251184
-9.78222 0.670961 -0.0184804
-9.88401 0.721322 -0.00827516
-9.98039 0.771417 0.00545198
-10.0719 0.820002 0.0210786
-10.1593 0.865902 0.0358499
-10.2425 0.906558 0.0486851
-10.3217 0.93966 0.0584174
-10.3984 0.964574 0.0632937
-10.473 0.980945 0.0626574
-10.546 0.98884 0.0565609
-10.6186 0.989232 0.0466828
-10.692 0.98366 0.0358871
-10.7671 0.973712 0.0255959
-10.8447 0.960933 0.0171766
-10.9254 0.946969 0.0117922
-11.0092 0.932913 0.00890135
-11.0963 0.919143 0.00802109
-11.1864 0.905466 0.00877684
-11.2783 0.891122 0.0111074
-11.3703 0.874991 0.0147888
-11.4612 0.855827 0.0187246
-11.5505 0.832571 0.021329
-11.6382 0.804493 0.0214856
-11.7242 0.771293 0.0186917
-11.8085 0.733181 0.0131425
-11.891 0.690914 0.00531108
-11.9721 0.645756 -0.00425448
-12.0525 0.599273 -0.0148036
-12.1336 0.553062 -0.0252342
-12.2155 0.508604 -0.0343983
-12.2971 0.467096 -0.0413385
-12.3775 0.429256 -0.0454643
-12.4566 0.395295 -0.0468167
-12.5347 0.364999 -0.0460426
-12.6118 0.337717 -0.0440366
-12.6863 0.312463 -0.0416918
-12.7565 0.288165 -0.0398194
-12.8216 0.263894 -0.0391061
-12.8819 0.239023 -0.0400268
-12.9383 0.213343 -0.0428623
-12.9913 0.187106 -0.0475778
-13.0413 0.160987 -0.0537532
-13.0886 0.135947 -0.0606772
-13.1339 0.113057 -0.067539
-13.1779 0.0933738 -0.0735774
-13.2206 0.0778103 -0.0781238
-13.2611 0.0670078 -0.0807203
-13.2985 0.0612268 -0.081157
-13.3323 0.0603155 -0.0794557
-13.3624 0.0637484 -0.0759562
-13.3889 0.0706837 -0.0713494
-13.411 0.0800726 -0.0664509
-13.4268 0.0908628 -0.0620528
-13.435 0.102182 -0.0588078
-13.4349 0.113438 -0.0571138
-13.4269 0.124386 -0.0570655
-13.4116 0.135138 -0.0584269
-13.3896 0.146107 -0.0606697
-13.3614 0.157888 -0.0631538
-13.3275 0.17112 -0.0652853
-13.2884 0.186374 -0.0665787
-13.2444 0.204022 -0.0666931
-13.1949 0.224138 -0.0653937
-13.1382 0.246475 -0.062649
-13.0725 0.270501 -0.0586763
-12.9964 0.295442 -0.0538971
-12.9091 0.32035 -0.0488763
-12.81 0.344222 -0.0441917
-12.698 0.36614 -0.0403525
-12.5722 0.385373 -0.0377297
-12.4318 0.401449 -0.0365072
-12.2767 0.414196 -0.0366401
-12.1069 0.423712 -0.0378451
-11.9224 0.430294 -0.0396805
-11.7225 0.434348 -0.0416518
-11.5065 0.436298 -0.0433056
-11.2739 0.436496 -0.0443145
-11.0248 0.435143 -0.0444586
-10.7591 0.432231 -0.0436488
-10.4768 0.427537 -0.0419623
-10.1772 0.420652 -0.0395822
-9.85988 0.411032 -0.0367385
-9.52472 0.398073 -0.0337462
-9.17285 0.381212 -0.0308976
-8.80625 0.359997 -0.0284267
-8.42767 0.334112 -0.02641
-8.04008 0.303404 -0.0247178
-7.64652 0.267895 -0.023194
-7.25023 0.227731 -0.0215492
-6.85435 0.183191 -0.0196648
-6.46138 0.134733 -0.0175214
-6.07281 0.0829461 -0.0144042
-5.68957 0.028374 -0.00888957
-5.31332 -0.0285957 -0.00042467
-4.94652 -0.087672 0.0119508
-4.59254 -0.148734 0.0298597
-4.25516 -0.211853 0.0517886
-3.93539 -0.276895 0.0761211
-3.62995 -0.343398 0.102397
-3.33279 -0.411173 0.128609
-3.03851 -0.480492 0.152189
-2.74594 -0.551417 0.171693
-2.4576 -0.623503 0.186768
-2.17626 -0.695992 0.197647
-1.90299 -0.767964 0.204988
-1.63702 -0.838474 0.208915
-1.37661 -0.906697 0.209393
-1.12028 -0.971961 0.206187
-0.866612 -1.03376 0.198808
-0.614208 -1.09173 0.186988
-0.361601 -1.14546 0.17145
-0.107681 -1.19436 0.15443
0.148234 -1.23772 0.139744
0.407255 -1.27497 0.132254
0.671256 -1.30645 0.135302
0.941955 -1.33336 0.148194
1.21965 -1.35625 0.167802
1.5034 -1.3751 0.191294
1.79247 -1.39062 0.21645
2.08742 -1.40401 0.242335
2.38978 -1.41624 0.269796
2.70129 -1.42803 0.298776
3.02288 -1.44003 0.328451
3.35426 -1.4528 0.358503
3.69455 -1.46668 0.388508
4.04303 -1.48169 0.420134
4.39946 -1.49763 0.452859
4.76385 -1.51429 0.484179
5.13593 -1.53149 0.51409
5.51491 -1.54906 0.543081
5.8995 -1.56661 0.571766
6.28805 -1.58344 0.601007
6.67897 -1.59886 0.631551
7.07079 -1.61238 0.664393
7.46196 -1.62382 0.700781
7.85076 -1.63307 0.741621
8.23556 -1.64005 0.78742
8.61494 -1.64473 0.837876
8.98763 -1.64719 0.892198
9.35219 -1.64764 0.949683
9.70692 -1.6464 1.00959
10.0499 -1.6438 1.07091
10.3797 -1.64021 1.13234
10.6952 -1.63598 1.19245
10.996 -1.6315 1.24998
11.2819 -1.6271 1.3037
11.5523 -1.62301 1.35246
11.806 -1.6194 1.39543
12.0419 -1.61657 1.4321
12.2587 -1.61486 1.46245
12.4556 -1.6146 1.48669
12.6321 -1.61602 1.50505
12.7874 -1.61923 1.51781
12.9209 -1.62418 1.5253
13.0316 -1.63072 1.52777
13.1185 -1.63865 1.52567
13.1806 -1.64771 1.52
13.2179 -1.65762 1.51162
13.2307 -1.66803 1.50214
13.2202 -1.67856 1.48994
13.1867 -1.68884 1.47234
13.1312 -1.6987 1.45131
13.0546 -1.70798 1.42798
12.9585 -1.71642 1.40105
12.8447 -1.72384 1.37086
12.7148 -1.73016 1.33889
12.5711 -1.7354 1.30509
12.4151 -1.7395 1.26918
12.2476 -1.74251 1.2315
12.0692 -1.74455 1.19241
11.8808 -1.74581 1.15227
11.6841 -1.74649 1.11133
11.4807 -1.74676 1.06977
11.2721 -1.74683 1.02777
11.059 -1.74695 0.985333
10.8424 -1.74737 0.942487
10.6236 -1.74834 0.899669
10.4036 -1.7501 0.85771
10.1832 -1.75292 0.817929
9.96205 -1.75705 0.78191
9.73923 -1.76275 0.750004
9.5135 -1.77017 0.720571
9.2841 -1.77946 0.69171
9.05074 -1.79068 0.662627
8.81314 -1.80382 0.632614
8.57072 -1.81877 0.600763
8.32268 -1.83532 0.566812
8.06835 -1.85313 0.530863
7.80735 -1.87182 0.493423
7.53938 -1.89097 0.455208
7.26373 -1.9101 0.417162
6.97902 -1.92867 0.380153
6.68349 -1.94615 0.34536
6.37565 -1.96209 0.314298
6.05456 -1.9762 0.287894
5.71951 -1.98818 0.265816
5.36954 -1.99738 0.246232
5.00389 -2.00298 0.226529
4.62288 -2.00429 0.204955
4.22784 -2.00084 0.181267
3.82004 -1.99241 0.156872
3.39954 -1.97897 0.133348
2.96574 -1.96058 0.110557
2.51851 -1.93724 0.0885446
2.05867 -1.90886 0.0671227
1.58777 -1.8754 0.0457751
1.10742 -1.83669 0.0237981
0.618974 -1.79248 0.000125612
0.123928 -1.74252 -0.0257535
-0.376218 -1.6867 -0.0540023
-0.880124 -1.62519 -0.0830335
-1.38649 -1.5585 -0.110365
-1.89405 -1.48701 -0.134
-2.40151 -1.41062 -0.152008
-2.90753 -1.32914 -0.162986
-3.41062 -1.243 -0.167299
-3.90876 -1.15341 -0.167173
-4.39929 -1.06139 -0.165175
-4.88004 -0.966965 -0.162898
-5.35051 -0.870521 -0.160476
-5.81123 -0.773248 -0.157573
-6.26241 -0.675606 -0.15409
-6.70335 -0.577339 -0.150189
-7.13277 -0.478388 -0.146044
-7.5493 -0.37887 -0.14152
-7.95181 -0.278808 -0.136507
-8.33956 -0.178185 -0.131033
-8.7122 -0.0771923 -0.125096
-9.06982 0.0237487 -0.118593
-9.41259 0.124159 -0.111409
-9.74041 0.223543 -0.103623
-10.0528 0.321356 -0.0954053
-10.3492 0.417033 -0.0870735
-10.6296 0.510056 -0.0790006
-10.8944 0.599979 -0.0713055
-11.144 0.686388 -0.0635141
-11.3781 0.768897 -0.0556303
-11.5963 0.847251 -0.0474032
-11.799 0.921365 -0.0385241
-11.9873 0.99121 -0.029079
-12.1625 1.05677 -0.0192909
-12.3251 1.11808 -0.0095832
-12.4753 1.17507 0.000125704
-12.6137 1.22768 0.00985818
-12.7411 1.2758 0.0194854
-12.8584 1.31938 0.0288647
-12.9668 1.35839 0.0378722
-13.0671 1.39284 0.0464006
-13.1602 1.42267 0.0543139
-13.247 1.44772 0.0615566
-13.3284 1.46782 0.0683151
-13.405 1.4829 0.0743353
-13.4771 1.49303 0.0791023
-13.5448 1.49822 0.0825249
-13.6078 1.4984 0.0847268
-13.6655 1.49354 0.0857211
-13.7167 1.48368 0.085444
-13.7606 1.46898 0.0837783
-13.7973 1.44959 0.0807637
-13.826 1.42557 0.0764629
-13.8456 1.39704 0.0709555
-13.8551 1.3642 0.0643852
-13.855 1.32725 0.0568358
-13.8457 1.28641 0.0484755
-13.8268 1.24195 0.0393121
-13.7963 1.19414 0.02973
-13.7525 1.14323 0.0201197
-13.6951 1.08948 0.0107079
-13.6249 1.03322 0.00179668
-13.5433 0.974855 -0.00668796
-13.4509 0.914632 -0.0148434
-13.3475 0.852598 -0.0226028
-13.2334 0.788854 -0.0297272
-13.1095 0.723555 -0.0361619
-12.9765 0.656845 -0.0421284
-12.8344 0.588953 -0.0479474
-12.6823 0.520217 -0.0538813
-12.5199 0.451025 -0.0600285
-12.3474 0.381785 -0.0662128
-12.1655 0.312954 -0.072118
-11.9747 0.245055 -0.0774152
-11.7754 0.178642 -0.0818711
-11.5678 0.114236 -0.0854733
-11.3525 0.052294 -0.088317
-11.1306 -0.00679132 -0.0903934
-10.9033 -0.0627164 -0.0916375
-10.6713 -0.115274 -0.0920225
-10.4343 -0.164331 -0.0915945
-10.192 -0.209797 -0.0905194
-9.94429 -0.251631 -0.0890538
-9.69188 -0.289844 -0.0873735
-9.43559 -0.324456 -0.0855006
-9.17601 -0.355447 -0.08338
-8.91333 -0.382763 -0.0808807
-8.64761 -0.406338 -0.0779243
-8.37921 -0.426093 -0.074562
-8.10872 -0.441925 -0.0710322
-7.83666 -0.453712 -0.0675958
-7.56324 -0.461335 -0.0645347
-7.28857 -0.464729 -0.062179
-7.01302 -0.463917 -0.0605616
-6.7372 -0.458985 -0.0596609
-6.4616 -0.450075 -0.0594295
-6.18617 -0.437406 -0.0596815
-5.91024 -0.421245 -0.0600327
-5.63291 -0.401887 -0.0596971
-5.35343 -0.37968 -0.0578184
-5.07143 -0.35507 -0.0538164
-4.78678 -0.328601 -0.0475503
-4.49936 -0.300843 -0.0395447
-4.20878 -0.272439 -0.0301856
-3.91446 -0.244169 -0.0194457
-3.61601 -0.216847 -0.00748139
-3.31349 -0.191131 0.00553092
-3.00747 -0.167369 0.0195806
-2.69872 -0.145639 0.034688
-2.38765 -0.125998 0.0508212
-2.07395 -0.108595 0.067844
-1.75721 -0.0935933 0.0858285
-1.4376 -0.081014 0.105127
-1.11575 -0.070713 0.125923
-0.792304 -0.0624987 0.148273
-0.467713 -0.0562289 0.172298
-0.142361 -0.0518423 0.198247
0.183239 -0.0493185 0.226122
0.508641 -0.0486516 0.255891
0.833691 -0.0498805 0.287159
1.15856 -0.0530755 0.319364
1.48333 -0.0582632 0.352237
1.80752 -0.0653853 0.385488
2.1299 -0.0743342 0.418931
2.44884 -0.0849832 0.452345
2.76282 -0.0971913 0.4856
3.07068 -0.11081 0.51853
3.37145 -0.125692 0.550709
3.66414 -0.141693 0.581804
3.94762 -0.158663 0.611677
4.22082 -0.176455 0.640189
4.48289 -0.194931 0.667208
4.73332 -0.213927 0.692637
4.97172 -0.233265 0.716411
5.19767 -0.25277 0.738542
5.41074 -0.272277 0.759152
5.61071 -0.291632 0.778414
5.79775 -0.310686 0.796477
5.97235 -0.329313 0.813471
6.13516 -0.347419 0.829454
6.28676 -0.36493 0.844389
6.42759 -0.381803 0.858184
6.55802 -0.39803 0.870676
6.6785 -0.41362 0.881696
6.78943 -0.428562 0.891103
6.89107 -0.442832 0.898788
6.98327 -0.456404 0.90466
7.06557 -0.469251 0.908594
7.13728 -0.481348 0.910505
7.19791 -0.492667 0.910374
7.24737 -0.503178 0.908203
7.28582 -0.512843 0.904083
7.31337 -0.521624 0.898226
7.33005 -0.529493 0.890946
7.33584 -0.536436 0.882696
7.33079 -0.542454 0.873977
7.31502 -0.54755 0.865119
7.28859 -0.551724 0.856242
7.25149 -0.554992 0.847284
7.20368 -0.55739 0.838044
7.14528 -0.558928 0.828358
7.07654 -0.559615 0.818097
6.99776 -0.559481 0.807167
6.90915 -0.55855 0.795633
6.81076 -0.556828 0.783658
6.70257 -0.554338 0.771406
6.58463 -0.551124 0.759032
6.45708 -0.547238 0.746611
6.32003 -0.542745 0.73408
6.17353 -0.537707 0.721236
6.01756 -0.532184 0.707766
5.85222 -0.526235 0.69325
5.67779 -0.519903 0.677301
5.49461 -0.513224 0.659672
5.30298 -0.506242 0.640208
5.10308 -0.499006 0.618908
4.8951 -0.491573 0.595972
4.67932 -0.483994 0.571573
4.45625 -0.476319 0.545903
4.22645 -0.468592 0.519092
3.99056 -0.460859 0.491099
3.74915 -0.453175 0.461917
3.50287 -0.44561 0.431504
3.25246 -0.438255 0.399829
2.99868 -0.431211 0.366982
2.74224 -0.42459 0.333169
2.4837 -0.418494 0.298535
2.22344 -0.413013 0.26342
1.96169 -0.408202 0.228771
1.69848 -0.404003 0.196071
1.43363 -0.400092 0.167005
1.16684 -0.396179 0.142526
0.898053 -0.392531 0.121886
0.627598 -0.389798 0.10467
0.356139 -0.388346 0.0905721
0.0840285 -0.387823 0.0779951
-0.188921 -0.387914 0.0655251
-0.462796 -0.389279 0.0526216
-0.737356 -0.392935 0.0396779
-1.01231 -0.399456 0.0270221
-1.28722 -0.409085 0.0143202
-1.56142 -0.421982 0.00107967
-1.83402 -0.438178 -0.0129958
-2.1044 -0.457292 -0.0280251
-2.37256 -0.478465 -0.0439586
-2.63895 -0.500659 -0.0601745
-2.90434 -0.522912 -0.0752512
-3.16962 -0.544381 -0.0880068
-3.43527 -0.564423 -0.0975355
-3.70054 -0.582534 -0.103899
-3.96362 -0.598126 -0.108124
-4.22323 -0.610635 -0.110862
-4.47948 -0.619721 -0.112655
-4.73292 -0.625318 -0.113854
-4.98334 -0.627642 -0.114546
-5.22984 -0.627106 -0.114618
-5.47166 -0.623979 -0.114667
-5.70873 -0.61829 -0.115509
-5.94136 -0.610346 -0.117364
-6.16979 -0.600702 -0.120016
-6.39404 -0.589717 -0.122992
-6.61408 -0.577477 -0.126139
-6.83006 -0.563812 -0.129522
-7.04246 -0.548348 -0.133234
-7.25192 -0.530645 -0.137114
-7.45883 -0.510336 -0.140685
-7.66325 -0.487152 -0.14331
-7.86501 -0.460924 -0.144507
-8.06387 -0.431579 -0.144104
-8.25942 -0.399131 -0.142254
-8.45085 -0.363746 -0.139332
-8.63693 -0.325799 -0.135695
-8.81615 -0.285824 -0.131565
-8.98696 -0.244403 -0.127124
-9.14793 -0.20208 -0.122626
-9.29803 -0.15927 -0.118403
-9.4366 -0.116244 -0.114718
-9.56332 -0.0731499 -0.11161
-9.67809 -0.0300323 -0.10888
-9.78099 0.0131648 -0.106209
-9.87219 0.0565789 -0.103298
-9.95193 0.100378 -0.0999695
-10.0205 0.144697 -0.096148
-10.0783 0.189588 -0.0918112
-10.1256 0.234973 -0.0869346
-10.1628 0.280615 -0.0814738
-10.1899 0.326129 -0.0754799
-10.2072 0.371039 -0.0691125
-10.2147 0.414826 -0.0626468
-10.2124 0.45697 -0.0563884
-10.2004 0.496991 -0.0505966
-10.179 0.534506 -0.0454685
-10.1484 0.569263 -0.0410813
-10.1087 0.601161 -0.0374096
-10.0603 0.630244 -0.0343317
-10.0035 0.656672 -0.0316618
-9.93849 0.680659 -0.0291876
-9.86532 0.702415 -0.0267086
-9.78391 0.722104 -0.0240543
-9.69435 0.739804 -0.0211133
-9.59695 0.755489 -0.0178722
-9.49213 0.769019 -0.0144385
-9.38023 0.780156 -0.0109998
-9.26138 0.788592 -0.00777277
-9.13564 0.793997 -0.00498123
-9.00311 0.796077 -0.00283818
-8.86394 0.79462 -0.0015037
-8.71817 0.789532 -0.00105336
-8.56576 0.780843 -0.00147905
-8.40669 0.768708 -0.00268235
-8.24117 0.75338 -0.00448504
-8.06958 0.735179 -0.00666052
-7.8923 0.714447 -0.00897157
-7.70954 0.691503 -0.0112238
-7.52132 0.66661 -0.0132856
-7.32766 0.639948 -0.0150492
-7.12875 0.611607 -0.0164705
-6.92494 0.5816 -0.0176057
-6.7165 0.549882 -0.0185779
-6.50352 0.516382 -0.0194944
-6.28598 0.481038 -0.0204878
-6.06391 0.443843 -0.0217288
-5.83751 0.404869 -0.0232228
-5.60704 0.364286 -0.0248695
-5.37265 0.322359 -0.0265415
-5.13443 0.279417 -0.0280996
-4.89272 0.235846 -0.0294052
-4.64824 0.192089 -0.0302561
-4.40194 0.148583 -0.0304741
-4.15487 0.105718 -0.0298411
-3.90804 0.063831 -0.0281688
-3.66224 0.0231244 -0.0253606
-3.41813 -0.0163354 -0.0213666
-3.17647 -0.0545384 -0.0161736
-2.93811 -0.0915002 -0.009859
-2.70392 -0.127261 -0.00256281
-2.47465 -0.161876 0.00555859
-2.25096 -0.195428 0.0142667
-2.03353 -0.228001 0.0233623
-1.82317 -0.259606 0.0326517
-1.62059 -0.290191 0.0419116
-1.42624 -0.319694 0.0509271
-1.2402 -0.348037 0.0595166
-1.06237 -0.375101 0.0675508
-0.892644 -0.400759 0.0749761
-0.731052 -0.424893 0.0818053
-0.577736 -0.447395 0.0880714
-0.432742 -0.46817 0.0938074
-0.295915 -0.487139 0.0990632
-0.166981 -0.50425 0.103905
-0.0456718 -0.519491 0.108387
0.0682146 -0.532908 0.112569
0.174879 -0.544594 0.11656
0.274624 -0.554685 0.120511
0.367819 -0.563338 0.124553
0.454799 -0.570724 0.128777
0.535786 -0.577016 0.133184
0.61097 -0.582382 0.137636
0.680696 -0.586975 0.141961
0.745502 -0.590922 0.146044
0.805978 -0.594332 0.149797
0.862561 -0.597286 0.153207
0.915445 -0.599824 0.156304
0.96472 -0.601959 0.159131
1.01055 -0.603689 0.161771
1.05324 -0.605009 0.164303
1.09317 -0.605908 0.166806
1.13065 -0.606371 0.169376
1.16595 -0.606391 0.172106
1.19934 -0.605966 0.175093
1.23119 -0.605108 0.178382
1.26194 -0.603848 0.181971
1.29189 -0.602231 0.18583
1.32123 -0.600314 0.189915
1.35006 -0.598158 0.194166
1.37853 -0.595829 0.198512
1.40689 -0.593396 0.202881
1.43535 -0.590922 0.207192
1.46388 -0.588466 0.211377
1.49206 -0.58607 0.215405
1.51907 -0.583767 0.219264
1.54398 -0.581578 0.22293
1.56599 -0.579515 0.226361
1.58443 -0.577588 0.229497
1.59885 -0.575809 0.232274
1.6089 -0.574195 0.234657
1.61433 -0.572766 0.236633
1.61498 -0.571529 0.238175
1.61059 -0.57047 0.23922
1.60079 -0.569556 0.239689
1.58504 -0.568745 0.239505
1.56287 -0.567994 0.238609
1.53402 -0.567266 0.236961
1.49855 -0.566519 0.234524
1.45671 -0.565709 0.231254
1.40873 -0.56478 0.227106
1.35469 -0.563664 0.222031
1.29455 -0.562276 0.215996
1.2283 -0.560516 0.208985
1.15597 -0.558272 0.201035
1.07768 -0.555431 0.192175
0.993532 -0.551884 0.182501
0.903623 -0.54752 0.172156
0.808067 -0.542229 0.161299
0.707029 -0.535926 0.150261
0.600705 -0.528582 0.139493
0.489283 -0.520227 0.12921
0.372922 -0.510909 0.119368
0.251808 -0.500633 0.10987
0.126228 -0.48941 0.100546
-0.00337275 -0.477339 0.0912543
-0.136473 -0.464556 0.0819169
-0.272605 -0.45116 0.0725185
-0.411358 -0.437211 0.0630693
-0.552295 -0.422744 0.0536156
-0.694922 -0.407766 0.0442754
-0.838703 -0.39224 0.0351504
-0.98316 -0.376079 0.0263476
-1.12798 -0.359173 0.0180417
-1.27301 -0.341417 0.0104046
-1.41813 -0.322715 0.00358995
-1.56315 -0.30298 -0.0023141
-1.70777 -0.282141 -0.00728949
-1.85167 -0.260167 -0.0113543
-1.99448 -0.237079 -0.014559
-2.13586 -0.21294 -0.017015
-2.27553 -0.187846 -0.0188878
-2.41327 -0.161913 -0.0203594
-2.54903 -0.135279 -0.0215556
-2.683 -0.108087 -0.0225562
-2.81554 -0.0804535 -0.0234184
-2.94705 -0.052467 -0.0241513
-3.07779 -0.0241951 -0.0247289
-3.20788 0.00431643 -0.0251268
-3.33733 0.0330436 -0.0253337
-3.46612 0.0619707 -0.0253461
-3.59431 0.0910744 -0.0251537
-3.72195 0.12029 -0.0247081
-3.84904 0.149479 -0.0239774
-3.97553 0.178447 -0.0230147
-4.1013 0.206988 -0.0219514
-4.22609 0.234888 -0.0209335
-4.34942 0.2619 -0.0200697
-4.4706 0.287756 -0.0194629
-4.58881 0.312214 -0.0191849
-4.70328 0.33509 -0.0192716
-4.8134 0.356261 -0.0197277
-4.91881 0.375669 -0.0204996
-5.01923 0.393308 -0.0215529
-5.11443 0.409201 -0.0228143
-5.20416 0.423376 -0.0241382
-5.28818 0.435829 -0.0253734
-5.36627 0.446528 -0.0264136
-5.43825 0.455432 -0.027238
-5.50387 0.462477 -0.0278758
-5.56283 0.467549 -0.0283818
-5.61489 0.470496 -0.0288297
-5.65997 0.471169 -0.0292971
-5.69813 0.469436 -0.0298651
-5.7295 0.465204 -0.0306195
-5.75419 0.458438 -0.0316296
-5.77223 0.449163 -0.0329247
-5.78358 0.437462 -0.0344733
-5.78824 0.423465 -0.0361951
-5.7862 0.407343 -0.037985
-5.77751 0.389301 -0.039738
-5.76223 0.369558 -0.0413679
-5.7405 0.348323 -0.0428111
-5.7126 0.325775 -0.0440309
-5.67895 0.302054 -0.0450217
-5.63998 0.277264 -0.0458047
-5.59603 0.25148 -0.0464407
-5.54726 0.224761 -0.0470298
-5.49378 0.197169 -0.0476813
-5.43577 0.168779 -0.048483
-5.37363 0.13969 -0.0494853
-5.30794 0.11003 -0.0507105
-5.2393 0.0799676 -0.05215
-5.16821 0.0497116 -0.0537694
-5.09503 0.0194996 -0.055518
-5.01999 -0.0104217 -0.0573245
-4.94322 -0.0398091 -0.0591047
-4.86476 -0.0684378 -0.0607808
-4.78461 -0.0961175 -0.0622878
-4.70281 -0.122695 -0.0635892
-4.61956 -0.148053 -0.0646822
-4.53513 -0.172113 -0.0655854
-4.44983 -0.194831 -0.0663182
-4.36385 -0.21619 -0.0668942
-4.27725 -0.236189 -0.0673387
-4.19001 -0.254822 -0.0676647
-4.10216 -0.272079 -0.0678647
-4.01377 -0.287946 -0.0679173
-3.92485 -0.302395 -0.067792
-3.83529 -0.315382 -0.0674601
-3.74487 -0.326859 -0.0668917
-3.65335 -0.336781 -0.0660601
-3.56058 -0.345114 -0.0649346
-3.46656 -0.351841 -0.0634792
-3.3713 -0.356973 -0.0616551
-3.27481 -0.36055 -0.0594292
-3.17712 -0.362642 -0.0567837
-3.0783 -0.363345 -0.0537206
-2.97863 -0.36278 -0.0502508
-2.87859 -0.361079 -0.0463872
-2.7788 -0.358382 -0.0421486
-2.67991 -0.354832 -0.0375531
-2.58252 -0.350564 -0.0326223
-2.48713 -0.345702 -0.0273887
-2.39412 -0.340346 -0.0219179
-2.30376 -0.334577 -0.0163232
-2.21621 -0.328443 -0.0107414
-2.13158 -0.321961 -0.0052738
-2.05011 -0.315125 9.09027e-06
-1.97215 -0.307934 0.00503497
-1.8981 -0.300405 0.00982448
-1.82828 -0.292552 0.014452
-1.76284 -0.284392 0.0189674
-1.70184 -0.275957 0.0233982
-1.64535 -0.267292 0.0277175
-1.5935 -0.258446 0.0318558
-1.54639 -0.249478 0.0357381
-1.50412 -0.240457 0.0393092
-1.46664 -0.231454 0.0425216
-1.43377 -0.222535 0.0453114
-1.40529 -0.213765 0.0476078
-1.38087 -0.2052 0.0493411
-1.36013 -0.196882 0.0504385
-1.34261 -0.188838 0.0508622
-1.32784 -0.181084 0.0506565
-1.31542 -0.173629 0.0499859
-1.30501 -0.166475 0.0490589
-1.29642 -0.159622 0.0479775
-1.28943 -0.153067 0.0468359
-1.28375 -0.146798 0.0457507
-1.27907 -0.140796 0.0448248
-1.27503 -0.135056 0.0441378
-1.27134 -0.129575 0.0437331
-1.26763 -0.124344 0.0436114
-1.26345 -0.119359 0.0437363
-1.25826 -0.114623 0.0440758
-1.25159 -0.110136 0.0445869
-1.24312 -0.105899 0.0452317
-1.23274 -0.101917 0.0459755
-1.22046 -0.0981987 0.0467991
-1.20636 -0.0947547 0.0476943
-1.19057 -0.0915895 0.0486712
-1.17334 -0.088702 0.0497571
-1.15509 -0.0860841 0.0509898
-1.1364 -0.0837181 0.0524081
-1.11785 -0.0815763 0.0540405
-1.09997 -0.079623 0.0558904
-1.08314 -0.0778166 0.0579475
-1.06766 -0.0761117 0.0602006
-1.05386 -0.0744638 0.0626153
-1.04206 -0.0728326 0.0651199
-1.0326 -0.0711852 0.0675947
-1.02584 -0.0695001 0.0699165
-1.02214 -0.0677658 0.0719941
-1.02196 -0.0659727 0.0737412
-1.02578 -0.0641141 0.0751001
-1.03403 -0.0621937 0.0760305
-1.04694 -0.0602219 0.0765003
-1.06455 -0.0582113 0.0764841
-1.08677 -0.0561735 0.0759588
-1.11344 -0.0541113 0.0748997
-1.14449 -0.05202 0.0732754
-1.17978 -0.0498932 0.0710754
-1.21906 -0.0477233 0.0683166
-1.26191 -0.045507 0.0650439
-1.30788 -0.0432484 0.0613196
-1.35649 -0.0409582 0.0572411
-1.40735 -0.0386511 0.0528998
-1.46012 -0.0363432 0.0483899
-1.51457 -0.0340525 0.0438171
-1.57055 -0.0318034 0.0393163
-1.62798 -0.0296275 0.0350384
-1.68677 -0.0275678 0.0310757
-1.74676 -0.0256793 0.0274109
-1.80764 -0.024026 0.0239984
-1.86907 -0.0226799 0.0208226
-1.9307 -0.0217103 0.0178419
-1.99236 -0.0211711 0.0150214
-2.05401 -0.0211029 0.0123205
-2.11562 -0.0215415 0.00969476
-2.17709 -0.0225102 0.00710372
-2.23827 -0.0240138 0.00454317
-2.29903 -0.0260369 0.00205187
-2.3594 -0.0285391 -0.000354861
-2.41947 -0.0314525 -0.00265938
-2.47933 -0.0346877 -0.00482445
-2.53903 -0.0381477 -0.00683425
-2.59861 -0.041737 -0.00867318
-2.65808 -0.0453623 -0.010326
-2.71745 -0.0489408 -0.0118035
-2.77669 -0.0524065 -0.0131557
-2.83572 -0.0557103 -0.0144574
-2.89447 -0.0588245 -0.0157803
-2.95289 -0.061746 -0.0171839
-3.01102 -0.0644892 -0.0187148
-3.06898 -0.067079 -0.0204015
-3.12683 -0.0695465 -0.0222597
-3.18449 -0.0719252 -0.0243043
-3.24177 -0.0742484 -0.0265483
-3.29835 -0.0765431 -0.0289809
-3.35394 -0.0788229 -0.0315628
-3.40831 -0.0810847 -0.0342427
-3.46129 -0.083312 -0.0369543
-3.51271 -0.0854775 -0.0396282
-3.5624 -0.0875475 -0.0421998
-3.61017 -0.0894893 -0.0446042
-3.65581 -0.0912777 -0.0467842
-3.69899 -0.0928956 -0.048699
-3.73939 -0.0943351 -0.05033
-3.77675 -0.0956005 -0.0516801
-3.81089 -0.0967069 -0.0527636
-3.84176 -0.0976763 -0.0536024
-3.86936 -0.0985344 -0.0542225
-3.89368 -0.0993072 -0.0546485
-3.91465 -0.100015 -0.0549043
-3.93221 -0.100667 -0.0550096
-3.94637 -0.10126 -0.0549786
-3.95728 -0.101777 -0.0548127
-3.96517 -0.102187 -0.0545069
-3.9703 -0.10245 -0.054055
-3.97287 -0.102524 -0.0534529
-3.97302 -0.102363 -0.0527042
-3.97086 -0.101931 -0.051818
-3.96651 -0.101195 -0.0508124
-3.96011 -0.100139 -0.0497156
-3.95182 -0.098754 -0.048567
-3.94177 -0.0970454 -0.0474113
-3.93012 -0.0950276 -0.046293
-3.91704 -0.0927214 -0.0452533
-3.90275 -0.0901512 -0.0443235
-3.88748 -0.0873434 -0.043525
-3.87138 -0.0843228 -0.0428647
-3.85462 -0.081111 -0.042335
-3.83731 -0.0777257 -0.0419172
-3.81965 -0.0741796 -0.0415834
-3.80189 -0.0704823 -0.0413011
-3.78428 -0.0666424 -0.0410369
-3.76698 -0.0626698 -0.0407585
-3.75011 -0.058579 -0.0404388
-3.73373 -0.0543883 -0.040061
-3.71785 -0.0501193 -0.0396184
-3.70244 -0.045796 -0.0391165
-3.68737 -0.041443 -0.0385678
-3.67253 -0.0370822 -0.0379851
-3.6578 -0.0327321 -0.037378
-3.64309 -0.0284064 -0.0367505
-3.62834 -0.024113 -0.0361011
-3.61344 -0.0198535 -0.0354234
-3.59817 -0.0156224 -0.0347078
-3.58227 -0.0114075 -0.0339469
-3.56543 -0.0071917 -0.0331374
-3.54744 -0.00295583 -0.0322785
-3.52815 0.00131906 -0.0313732
-3.50748 0.00564842 -0.0304251
-3.48538 0.0100405 -0.029439
-3.46177 0.0144943 -0.0284239
-3.43656 0.0189994 -0.0273901
-3.40968 0.0235362 -0.0263495
-3.38102 0.0280787 -0.0253135
-3.35045 0.0325963 -0.0242904
-3.31783 0.0370579 -0.0232841
-3.28304 0.0414336 -0.0222944
-3.24607 0.045698 -0.0213147
-3.207 0.049831 -0.0203308
-3.16601 0.0538181 -0.0193202
-3.12326 0.0576461 -0.0182476
-3.07893 0.0613004 -0.0170698
-3.03323 0.0647648 -0.0157431
-2.98642 0.0680214 -0.0142305
-2.93873 0.0710474 -0.012515
-2.89032 0.0738151 -0.0105936
-2.84124 0.0762919 -0.00847767
-2.7915 0.0784416 -0.00621279
-2.74111 0.0802289 -0.00386264
-2.69017 0.0816253 -0.00149582
-2.63884 0.0826067 0.000846626
-2.58734 0.0831518 0.00314161
-2.53586 0.0832472 0.00538279
-2.48464 0.0828889 0.00758306
-2.43396 0.082081 0.00978111
-2.38414 0.080835 0.0120156
-2.33556 0.0791718 0.0143047
-2.28859 0.0771212 0.0166586
-2.24354 0.0747119 0.0190608
-2.20069 0.0719638 0.021507
-2.16024 0.0688918 0.0239593
-2.12229 0.0655065 0.0263073
-2.08679 0.0618062 0.0284333
-2.05361 0.0577787 0.0302355
-2.02259 0.0534156 0.0316358
-1.99365 0.0487161 0.0325927
-1.96675 0.043679 0.0330977
-1.9419 0.0383025 0.0331826
-1.91908 0.0325873 0.0329168
-1.8982 0.0265393 0.0323908
-1.87914 0.0201698 0.0316999
-1.86188 0.0134936 0.0309421
-1.84642 0.00653111 0.0302011
-1.83275 -0.000695125 0.0295216
-1.82083 -0.00816559 0.0289141
-1.81062 -0.0158657 0.0283823
-1.80212 -0.0237836 0.0279199
-1.79537 -0.0319078 0.0275014
-1.79048 -0.040231 0.0270843
-1.78746 -0.0487543 0.0266124
-1.78626 -0.057485 0.0260318
-1.78671 -0.0664311 0.0253006
-1.78862 -0.075596 0.0243962
-1.79186 -0.0849722 0.023318
-1.79632 -0.0945345 0.0220828
-1.80196 -0.104238 0.0207273
-1.80883 -0.114021 0.019308
-1.81702 -0.123815 0.0178929
-1.82673 -0.133546 0.0165497
-1.83813 -0.143138 0.0153281
-1.85135 -0.152518 0.0142436
-1.86639 -0.161619 0.0132773
-1.88314 -0.170384 0.0123823
-1.90146 -0.178765 0.0114866
-1.92122 -0.186726 0.0105131
-1.94232 -0.19424 0.00938621
-1.96471 -0.20129 0.00803921
-1.98828 -0.207867 0.006428
-2.0129 -0.21397 0.00453857
-2.03842 -0.219602 0.00239606
-2.06468 -0.224771 5.53042e-05
-2.09155 -0.229483 -0.00240531
-2.11897 -0.233733 -0.00489521
-2.14693 -0.23751 -0.00732719
-2.17547 -0.240798 -0.00961641
-2.20466 -0.243586 -0.0117021
-2.2345 -0.24587 -0.0135569
-2.26494 -0.24765 -0.0151836
-2.29574 -0.24894 -0.0166101
-2.32661 -0.249766 -0.0178788
-2.35724 -0.250153 -0.0190439
-2.38745 -0.250123 -0.0201589
-2.41717 -0.2497 -0.0212611
-2.44649 -0.248904 -0.0223572
-2.47554 -0.247754 -0.0234241
-2.50451 -0.24627 -0.0244238
-2.53354 -0.244463 -0.0253135
-2.56279 -0.242341 -0.0260575
-2.59239 -0.239902 -0.0266315
-2.62246 -0.237136 -0.0270261
-2.65317 -0.234026 -0.0272484
-2.68469 -0.230554 -0.0273173
-2.71722 -0.226707 -0.0272633
-2.7509 -0.222474 -0.0271293
-2.7858 -0.217852 -0.0269716
-2.82183 -0.212838 -0.0268567
-2.85881 -0.207432 -0.0268535
-2.8965 -0.201631 -0.0270208
-2.93468 -0.195432 -0.0273967
-2.97319 -0.188831 -0.0279995
-3.01187 -0.181825 -0.0288163
-3.05058 -0.17441 -0.0297883
-3.08918 -0.166586 -0.0308442
-3.12757 -0.158364 -0.0319238
-3.16566 -0.149768 -0.0329735
-3.20336 -0.140832 -0.0339572
-3.24057 -0.131603 -0.0348501
-3.27717 -0.122137 -0.0356367
-3.31307 -0.1125 -0.036312
-3.3482 -0.10276 -0.0368766
-3.38254 -0.0929894 -0.0373421
-3.41599 -0.0832538 -0.0377298
-3.44835 -0.0736063 -0.0380707
-3.47929 -0.0640863 -0.038395
-3.50835 -0.0547194 -0.0387202
-3.53507 -0.0455191 -0.0390399
-3.55902 -0.0364879 -0.0393212
-3.57989 -0.0276203 -0.0395125
-3.59747 -0.018907 -0.0395549
-3.6117 -0.010337 -0.0393952
-3.62259 -0.0019005 -0.0389968
-3.63019 0.00640776 -0.0383477
-3.63457 0.0145828 -0.0374555
-3.63578 0.0226068 -0.0363371
-3.63386 0.0304485 -0.0350129
-3.62893 0.0380658 -0.033507
-3.62125 0.0454096 -0.0318521
-3.61117 0.05243 -0.0300989
-3.59907 0.059082 -0.0283121
-3.58533 0.0653288 -0.0265671
-3.5703 0.0711433 -0.0249279
-3.5543 0.0765083 -0.0234346
-3.53769 0.0814176 -0.0221002
-3.52081 0.0858755 -0.0209094
-3.50396 0.0898968 -0.019834
-3.48734 0.0935059 -0.0188388
-3.47108 0.0967334 -0.0178951
-3.45527 0.0996102 -0.0169879
-3.43999 0.102165 -0.0161153
-3.42533 0.104421 -0.0152863
-3.41137 0.106392 -0.014515
-3.39819 0.108083 -0.0138173
-3.38583 0.109488 -0.0132138
-3.37433 0.110599 -0.012728
-3.36374 0.1114 -0.0123845
-3.35409 0.111879 -0.0122048
-3.34537 0.112025 -0.0122034
-3.33756 0.111833 -0.0123848
-3.33059 0.111308 -0.0127424
-3.32441 0.110464 -0.0132587
-3.31895 0.109324 -0.0139053
-3.31413 0.107919 -0.0146453
-3.30985 0.106285 -0.0154287
-3.30602 0.104464 -0.0162
-3.30261 0.102492 -0.0169062
-3.29956 0.100404 -0.0175023
-3.29684 0.0982281 -0.0179583
-3.29436 0.0959854 -0.0182587
-3.29203 0.0936893 -0.0184064
-3.28975 0.0913458 -0.0184207
-3.28743 0.0889548 -0.0183336
-3.28501 0.0865116 -0.0181863
-3.28241 0.0840095 -0.0180238
-3.2795 0.0814441 -0.0178893
-3.27608 0.0788156 -0.0178179
-3.27195 0.0761311 -0.0178296
-3.26691 0.0734048 -0.01793
-3.26079 0.0706582 -0.0181084
-3.25348 0.067919 -0.0183404
-3.2449 0.0652187 -0.0185934
-3.23495 0.0625885 -0.0188319
-3.22359 0.0600544 -0.0190241
-3.21075 0.0576327 -0.0191445
-3.19634 0.0553265 -0.0191746
-3.18032 0.0531245 -0.0191022
-3.16265 0.0510009 -0.0189225
-3.14339 0.0489182 -0.0186399
-3.12268 0.0468289 -0.018268
-3.10064 0.0446787 -0.0178294
-3.07737 0.0424094 -0.0173499
-3.05288 0.0399641 -0.016853
-3.02716 0.0372909 -0.0163572
-3.00027 0.034348 -0.0158735
-2.97233 0.0311052 -0.0154045
-2.94356 0.0275437 -0.0149388
-2.91417 0.0236546 -0.0144539
-2.88435 0.0194358 -0.013917
-2.8542 0.0148898 -0.0132922
-2.82379 0.0100219 -0.0125526
-2.79322 0.0048398 -0.0116853
-2.76267 -0.000647748 -0.0106926
-2.73235 -0.00643386 -0.00958137
-2.70248 -0.0125158 -0.0083685
-2.67329 -0.0188954 -0.00708488
-2.64502 -0.0255782 -0.00578433
-2.61786 -0.0325714 -0.0045296
-2.59196 -0.0398786 -0.00337269
-2.56738 -0.0475008 -0.00235652
-2.54408 -0.0554358 -0.00154711
-2.52203 -0.0636695 -0.00100777
-2.50127 -0.0721707 -0.000757953
-2.48187 -0.0808993 -0.00079448
-2.46393 -0.0898118 -0.00108867
-2.44747 -0.0988608 -0.0015981
-2.43247 -0.107996 -0.00227779
-2.41881 -0.117168 -0.00308534
-2.40633 -0.126336 -0.00398339
-2.39482 -0.135464 -0.00494152
-2.38408 -0.144521 -0.00593663
-2.37389 -0.15348 -0.00695212
-2.3641 -0.162324 -0.00797264
-2.35455 -0.171043 -0.0089844
-2.34508 -0.179633 -0.00998381
-2.33553 -0.18809 -0.010975
-2.32571 -0.196413 -0.0119513
-2.31543 -0.204599 -0.0128943
-2.30455 -0.212639 -0.0137827
-2.29298 -0.220517 -0.0145907
-2.28068 -0.228208 -0.0152904
-2.26766 -0.235677 -0.0158562
-2.25393 -0.242884 -0.0162595
-2.23954 -0.249784 -0.0164745
-2.22458 -0.256331 -0.0164838
-2.20918 -0.262481 -0.016279
-2.19351 -0.268193 -0.0158605
-2.17776 -0.273432 -0.0152351
-2.16216 -0.278165 -0.014416
-2.14697 -0.282365 -0.0134297
-2.13252 -0.286007 -0.0123106
-2.11916 -0.289069 -0.0110938
-2.10726 -0.291533 -0.00981965
-2.09717 -0.293381 -0.00852835
-2.08923 -0.294593 -0.00725941
-2.08376 -0.295147 -0.00605038
-2.08107 -0.29502 -0.00493083
-2.08143 -0.29419 -0.0039367
-2.08503 -0.292632 -0.0031043
-2.09197 -0.290318 -0.00246957
-2.10226 -0.287221 -0.00207066
-2.11581 -0.283314 -0.00194087
-2.13253 -0.278576 -0.00210717
-2.15228 -0.27299 -0.00258156
-2.17488 -0.266547 -0.00335656
-2.2001 -0.259247 -0.0044017
-2.2277 -0.251104 -0.00566906
-2.2574 -0.242145 -0.00709471
-2.28888 -0.232412 -0.00861328
-2.32178 -0.221962 -0.0101691
-2.35567 -0.210861 -0.0117094
-2.39007 -0.199184 -0.0131831
-2.42452 -0.18701 -0.0145483
-2.45861 -0.174419 -0.015782
-2.49191 -0.161488 -0.0168676
-2.52406 -0.148296 -0.0177974
-2.55471 -0.13492 -0.0185623
-2.58358 -0.121426 -0.0191473
-2.61045 -0.107877 -0.0195405
-2.63515 -0.0943378 -0.0197212
-2.6576 -0.0808717 -0.0196713
-2.67775 -0.067539 -0.019383
-2.69561 -0.054397 -0.0188543
-2.71127 -0.0415048 -0.0180888
-2.72488 -0.0289209 -0.0170962
-2.73662 -0.0167012 -0.0158921
-2.74669 -0.00489837 -0.0145015
-2.75526 0.00644107 -0.0129539
-2.76246 0.0172782 -0.0112759
-2.76843 0.0275837 -0.00950009
-2.77336 0.0373423 -0.00766659
-2.77752 0.0465536 -0.0058155
-2.78119 0.0552285 -0.00398935
-2.78466 0.0633836 -0.00218715
-2.78824 0.0710375 -0.00042539
-2.79219 0.0782073 0.00124652
-2.7968 0.084903 0.0027919
-2.8023 0.0911224 0.00417034
-2.80891 0.0968516 0.00533771
-2.81678 0.102065 0.00623692
-2.82601 0.106725 0.00681676
-2.83666 0.110789 0.00704059
-2.84869 0.114207 0.00688239
-2.86198 0.116934 0.00631993
-2.8763 0.118935 0.00534924
-2.89135 0.120186 0.00398415
-2.90679 0.120681 0.00226087
-2.92228 0.12043 0.000267379
-2.9375 0.11946 -0.00190656
-2.95222 0.117813 -0.00418744
-2.96622 0.115544 -0.00647238
-2.97933 0.112712 -0.00865391
-2.99139 0.109369 -0.0106258
-3.00231 0.105556 -0.0123315
-3.01199 0.101303 -0.0137412
-3.02034 0.0966292 -0.0148358
-3.02724 0.0915372 -0.0156375
-3.03261 0.0860249 -0.0161894
-3.03634 0.0800864 -0.0165545
-3.0384 0.0737168 -0.0167933
-3.03878 0.0669179 -0.0169593
-3.03754 0.0597059 -0.0170959
-3.03483 0.0521187 -0.0172308
-3.03087 0.0442171 -0.0173693
-3.02596 0.0360833 -0.017494
-3.02041 0.0278168 -0.0175713
-3.01447 0.0195271 -0.0175631
-3.00829 0.0113284 -0.0174397
-3.00198 0.00333278 -0.0171867
-2.99563 -0.00435578 -0.0168144
-2.98937 -0.0116498 -0.0163628
-2.98338 -0.0184856 -0.0158794
-2.97779 -0.0248259 -0.0154167
-2.97275 -0.030658 -0.0150383
-2.96836 -0.0359883 -0.0148077
-2.96476 -0.0408369 -0.0147777
-2.96205 -0.0452322 -0.0149827
-2.96034 -0.0492045 -0.0154378
-2.95969 -0.0527794 -0.0161347
-2.96009 -0.0559764 -0.0170447
-2.96147 -0.0588057 -0.0181283
-2.96367 -0.0612672 -0.0193367
-2.96649 -0.0633545 -0.0206118
-2.96964 -0.065058 -0.0218964
-2.97283 -0.0663674 -0.0231384
-2.97575 -0.0672781 -0.0242882
-2.97814 -0.0677975 -0.025296
-2.97979 -0.0679456 -0.0261222
-2.98051 -0.0677588 -0.0267353
-2.98011 -0.0672901 -0.0271158
-2.97836 -0.0666037 -0.0272632
-2.97503 -0.0657695 -0.0271911
-2.96992 -0.0648593 -0.0269258
-2.96286 -0.0639412 -0.0265006
-2.95373 -0.063075 -0.0259478
-2.94246 -0.062309 -0.0252949
-2.92897 -0.0616775 -0.0245616
-2.91326 -0.0612002 -0.023757
-2.89537 -0.060884 -0.0228775
-2.87548 -0.0607252 -0.0219127
-2.85384 -0.0607143 -0.0208418
-2.83081 -0.0608403 -0.0196389
-2.80684 -0.0610953 -0.0182833
-2.78244 -0.0614779 -0.0167644
-2.75804 -0.0619969 -0.0150874
-2.73402 -0.0626711 -0.0132834
-2.7106 -0.0635293 -0.0114042
-2.68791 -0.0646063 -0.00952628
-2.66601 -0.0659336 -0.00774696
-2.64488 -0.067533 -0.00616197
-2.62453 -0.0694197 -0.00485674
-2.60489 -0.0716042 -0.00389182
-2.5859 -0.0740845 -0.00329434
-2.56746 -0.0768426 -0.00305756
-2.54954 -0.0798494 -0.00314057
-2.53209 -0.0830744 -0.00347438
-2.5151 -0.086487 -0.00397878
-2.49855 -0.090057 -0.00457241
-2.48241 -0.0937618 -0.00518023
-2.46661 -0.0975906 -0.00574222
-2.45104 -0.101544 -0.00621934
-2.43558 -0.105633 -0.00659588
-2.42009 -0.109878 -0.00688374
-2.40441 -0.114307 -0.00711067
-2.38838 -0.118943 -0.0073075
-2.37191 -0.123802 -0.00750674
-2.35493 -0.128899 -0.007731
-2.33742 -0.134237 -0.00798429
-2.31937 -0.139809 -0.00824634
-2.30081 -0.145597 -0.00847892
-2.28183 -0.151567 -0.00863351
-2.26261 -0.157672 -0.00865962
-2.24339 -0.163852 -0.00851275
-2.2245 -0.170039 -0.00815641
-2.20628 -0.176161 -0.0075663
-2.18908 -0.182149 -0.00673397
-2.17319 -0.18794 -0.00567234
-2.15891 -0.193479 -0.00442104
-2.14653 -0.198712 -0.00305031
-2.13629 -0.203586 -0.00165129
-2.12844 -0.208049 -0.000318491
-2.12317 -0.212047 0.000857252
-2.12063 -0.215534 0.00180557
-2.12094 -0.218455 0.0024743
-2.12421 -0.220753 0.0028459
-2.13053 -0.22237 0.00291279
-2.14001 -0.22325 0.00265006
-2.15274 -0.223337 0.00205839
-2.16882 -0.222581 0.00116215
-2.18832 -0.220933 5.15599e-06
-2.21122 -0.21836 -0.00135599
-2.23741 -0.214848 -0.00286379
-2.26671 -0.210401 -0.00447083
-2.29882 -0.205044 -0.00614256
-2.33341 -0.198814 -0.00785452
-2.37009 -0.191763 -0.00960201
-2.40846 -0.183953 -0.0113875
-2.44814 -0.175452 -0.013196
-2.48874 -0.166327 -0.0150041
-2.52986 -0.156636 -0.0167772
-2.57119 -0.146436 -0.0184761
-2.61242 -0.13578 -0.0200549
-2.65326 -0.124714 -0.0214568
-2.69341 -0.113279 -0.0226263
-2.73258 -0.101515 -0.0235222
-2.77048 -0.0894632 -0.0241227
-2.80693 -0.0771653 -0.0244202
-2.84176 -0.0646637 -0.0244227
-2.87485 -0.0520071 -0.0241467
-2.90612 -0.0392529 -0.0236191
-2.9355 -0.0264655 -0.0228768
-2.96295 -0.0137122 -0.0219629
-2.98847 -0.00105911 -0.0209186
-3.01205 0.011431 -0.0197788
-3.03372 0.0237013 -0.0185736
-3.0535 0.0357026 -0.0173284
-3.0715 0.0473938 -0.0160635
-3.08791 0.0587413 -0.0147859
-3.10295 0.0697179 -0.0134991
-3.11691 0.0802987 -0.0122045
-3.13004 0.090454 -0.0109059
-3.14254 0.100144 -0.00962236
-3.15456 0.10932 -0.00838025
-3.16622 0.117918 -0.00721114
-3.17757 0.125865 -0.00615556
-3.18868 0.133078 -0.00526502
-3.1996 0.139479 -0.004597
-3.21039 0.14499 -0.00420504
-3.22106 0.149546 -0.00412507
-3.23153 0.153089 -0.00437072
-3.24168 0.155577 -0.00493391
-3.25133 0.156991 -0.0057859
-3.2603 0.157334 -0.0068721
-3.26844 0.156627 -0.00812248
-3.27565 0.154906 -0.00946605
-3.28188 0.152217 -0.0108368
-3.28711 0.148608 -0.0121719
-3.29133 0.144126 -0.0134194
-3.29448 0.138809 -0.0145387
-3.29647 0.132687 -0.0155114
-3.29716 0.125784 -0.016348
-3.29643 0.118122 -0.0170689
-3.2942 0.109718 -0.0177058
-3.29045 0.100594 -0.0182963
-3.28519 0.0907801 -0.0188788
-3.27851 0.0803201 -0.0194845
-3.27048 0.0692748 -0.0201299
-3.26115 0.0577191 -0.0208157
-3.25053 0.0457422 -0.0215279
-3.23863 0.0334465 -0.0222415
-3.22551 0.0209455 -0.0229256
-3.21131 0.00835812 -0.023549
-3.19625 -0.00419809 -0.0240861
-3.18061 -0.0166134 -0.0245198
-3.16463 -0.0287913 -0.024843
-3.14855 -0.0406527 -0.0250605
-3.13252 -0.0521365 -0.0251901
-3.11665 -0.0631979 -0.0252601
-3.10101 -0.0738044 -0.0253136
-3.08564 -0.0839312 -0.0254003
-3.07057 -0.0935559 -0.0255688
-3.05581 -0.102653 -0.0258594
-3.04137 -0.111191 -0.026294
-3.02725 -0.119134 -0.0268715
-3.01336 -0.126441 -0.0275695
-2.99955 -0.133067 -0.0283463
-2.98561 -0.13897 -0.0291466
-2.9713 -0.144106 -0.0299107
-2.95638 -0.148439 -0.0305784
-2.94066 -0.151945 -0.0310973
-2.92397 -0.154614 -0.0314271
-2.90613 -0.156455 -0.0315401
-2.88699 -0.157497 -0.0314241
-2.86642 -0.157783 -0.0310783
-2.84431 -0.157374 -0.0305126
-2.82062 -0.15634 -0.0297444
-2.79534 -0.154756 -0.0287979
-2.76844 -0.152699 -0.0276977
-2.73992 -0.150243 -0.0264668
-2.70977 -0.147457 -0.0251238
-2.67807 -0.144398 -0.0236771
-2.64496 -0.141115 -0.0221279
-2.61064 -0.137648 -0.020467
-2.57539 -0.13403 -0.0186742
-2.53949 -0.130291 -0.0167259
-2.50324 -0.126459 -0.0145987
-2.46684 -0.122564 -0.0122789
-2.43037 -0.118638 -0.00977186
-2.39397 -0.114715 -0.00710038
-2.35786 -0.110826 -0.00428743
