-8.52507e-07 3.80621e-16 -0.0355989
-5.48964e-05 1.97525e-07 -0.0356001
-0.000269458 2.62193e-06 -0.0356066
-0.000680938 1.26702e-05 -0.0356239
-0.00122294 3.41433e-05 -0.0356531
-0.00178558 6.33731e-05 -0.0356917
-0.00228967 9.46434e-05 -0.035737
-0.00272686 0.000126408 -0.0357866
-0.00311993 0.000158743 -0.0358396
-0.00351828 0.000190999 -0.0358995
-0.0040226 0.000221267 -0.0359722
-0.00474343 0.00024754 -0.0360632
-0.0057513 0.000271002 -0.0361761
-0.00703937 0.000296457 -0.0363143
-0.00852105 0.000331401 -0.0364804
-0.0100749 0.000384916 -0.0366725
-0.0115702 0.000464143 -0.0368843
-0.012884 0.000569735 -0.0371071
-0.0139046 0.00069292 -0.0373301
-0.0145385 0.00081638 -0.0375429
-0.0147145 0.000917352 -0.0377369
-0.0144143 0.00097143 -0.0379051
-0.0137193 0.000960669 -0.0380441
-0.0128118 0.000885594 -0.0381542
-0.011955 0.000770888 -0.038239
-0.0113698 0.000658687 -0.0383021
-0.0111231 0.000595619 -0.0383429
-0.0111924 0.000618126 -0.0383539
-0.0115609 0.000743471 -0.038326
-0.0122855 0.00097046 -0.038256
-0.0134765 0.00127826 -0.0381517
-0.0151524 0.00162586 -0.0380303
-0.0171552 0.00195962 -0.0379108
-0.019172 0.00222324 -0.0378043
-0.0208064 0.00237328 -0.0377123
-0.0217547 0.00239613 -0.0376313
-0.0219493 0.00231266 -0.0375603
-0.0215377 0.00217046 -0.037505
-0.0207835 0.0020239 -0.0374732
-0.019888 0.0019076 -0.0374685
-0.0188648 0.00182286 -0.0374867
-0.017543 0.00174157 -0.037515
-0.01561 0.00161995 -0.0375365
-0.0128553 0.00141736 -0.0375356
-0.00940689 0.00111392 -0.0375028
-0.00570823 0.000724867 -0.0374385
-0.0023682 0.000298989 -0.037345
0.000150528 -0.000102303 -0.0372234
0.0017385 -0.000424078 -0.037072
0.00249575 -0.000631324 -0.0368831
0.00252138 -0.000711956 -0.0366535
0.00187291 -0.000665108 -0.0363932
0.000658237 -0.000501645 -0.0361195
-0.000897789 -0.000257426 -0.0358481
-0.00251605 9.55041e-06 -0.0355905
-0.00390685 0.000236522 -0.0353502
-0.00469695 0.00037042 -0.0351224
-0.00444031 0.000376087 -0.0348991
-0.00274232 0.000239572 -0.0346751
0.000551443 -3.25348e-05 -0.0344449
0.0052358 -0.000414501 -0.0342009
0.0108013 -0.000862774 -0.0339405
0.0165343 -0.00132163 -0.0336702
0.0217437 -0.0017347 -0.0334011
0.0259606 -0.00205701 -0.0331418
0.0289411 -0.00226553 -0.0328933
0.0306173 -0.00235827 -0.0326519
0.0308703 -0.00233853 -0.0324172
0.0293358 -0.00220398 -0.0322044
0.0257588 -0.00194623 -0.0320476
0.0204495 -0.00156749 -0.0319773
0.0143152 -0.00111088 -0.0319975
0.0085673 -0.000656745 -0.0320901
0.00422163 -0.000285324 -0.0322267
0.00186141 -5.55743e-05 -0.0323841
0.00172748 -6.68117e-07 -0.0325588
0.00378481 -0.000132889 -0.0327582
0.0076539 -0.000457569 -0.0329815
0.0125143 -0.000965227 -0.0332212
0.0172903 -0.0016037 -0.0334753
0.0209466 -0.00227142 -0.0337565
0.0229373 -0.00284082 -0.034082
0.0234673 -0.00319297 -0.034448
0.0230869 -0.00325793 -0.034813
0.0222706 -0.00303174 -0.0351116
0.0210056 -0.00255028 -0.0352932
0.0186448 -0.00187309 -0.035355
0.014495 -0.00108573 -0.0353507
0.00836992 -0.000297496 -0.0353545
0.000831429 0.000363288 -0.0354147
-0.00696377 0.000793417 -0.0355422
-0.0138487 0.000977763 -0.0357218
-0.0190902 0.0010055 -0.0359388
-0.0225973 0.00103682 -0.0361981
-0.0249032 0.00123101 -0.0365137
-0.0266307 0.0016655 -0.0368916
-0.0278769 0.00228857 -0.0373108
-0.0281205 0.00291996 -0.037728
-0.0265034 0.00331536 -0.0381058
-0.0226107 0.00327596 -0.0384333
-0.0171216 0.00273764 -0.0387303
-0.0114351 0.00181039 -0.0390355
-0.00704164 0.000749799 -0.0393706
-0.00498179 -0.000142654 -0.0397147
-0.00560862 -0.000609202 -0.0400221
-0.00891619 -0.00048712 -0.0402459
-0.014687 0.000247347 -0.040367
-0.0224592 0.0014726 -0.0404098
-0.0315595 0.00294685 -0.0404279
-0.0409752 0.00435319 -0.0404707
-0.0493789 0.00539254 -0.0405346
-0.0555673 0.00588038 -0.0405581
-0.0585268 0.00577763 -0.0405742
-0.0575872 0.00518914 -0.0406536
-0.05313 0.00433272 -0.0407201
-0.0461696 0.00344663 -0.0407107
-0.0374533 0.00270944 -0.0406291
-0.027615 0.00218217 -0.0404627
-0.0174101 0.00180657 -0.0401868
-0.00768495 0.00148696 -0.0397968
0.000267422 0.00115561 -0.0393272
0.00507036 0.000796774 -0.0388494
0.00621366 0.000457371 -0.0384171
0.00371113 0.000231954 -0.0380387
-0.00229448 0.000230721 -0.037705
-0.0111078 0.00055959 -0.0373776
-0.0216032 0.00127547 -0.0370469
-0.0322803 0.00232452 -0.0367451
-0.0410425 0.00352189 -0.0364928
-0.0462365 0.00457298 -0.0362708
-0.0474726 0.00516678 -0.0360967
-0.0449477 0.00510507 -0.0360387
-0.0391928 0.00434267 -0.0361183
-0.0310079 0.00297347 -0.0363316
-0.0208717 0.00120764 -0.0366615
-0.00927567 -0.000673827 -0.0370489
0.00260738 -0.00235613 -0.0373563
0.013396 -0.00354819 -0.0375285
0.0217585 -0.00406829 -0.0375994
0.0262616 -0.00390147 -0.0375929
0.0261203 -0.00319973 -0.037544
0.0214807 -0.0022179 -0.037472
0.0128269 -0.00121671 -0.0374049
0.00111476 -0.00037459 -0.0373697
-0.0122058 0.000265165 -0.0373684
-0.0260164 0.000787803 -0.0374101
-0.0393968 0.00134686 -0.0375274
-0.0512106 0.00205745 -0.0376529
-0.0608607 0.00293138 -0.0376694
-0.0678748 0.00388722 -0.0376194
-0.0705149 0.00474964 -0.0378337
-0.0675345 0.00528299 -0.0383448
-0.0599062 0.00527628 -0.0388809
-0.0486336 0.00464693 -0.0394292
-0.0343106 0.00349523 -0.0400687
-0.0187689 0.00204351 -0.0406499
-0.00420093 0.000565124 -0.0409239
0.00757943 -0.000648732 -0.040948
0.0146842 -0.00137976 -0.0408289
0.0161578 -0.00155801 -0.040646
0.0122891 -0.00119599 -0.0404596
0.00351017 -0.000316069 -0.0402139
-0.00916922 0.00105524 -0.0399119
-0.023682 0.00284912 -0.0394156
-0.0380049 0.0048718 -0.0387499
-0.0511403 0.00683725 -0.03805
-0.0632296 0.00848539 -0.0373695
-0.0749469 0.00962104 -0.0368652
-0.0863063 0.0101289 -0.0365287
-0.095831 0.00995226 -0.0363586
-0.101602 0.00911852 -0.0365161
-0.102265 0.00780496 -0.0371315
-0.0969892 0.00628793 -0.0380732
-0.0862783 0.00487279 -0.0391396
-0.0722852 0.00378924 -0.0402314
-0.0576792 0.00309486 -0.0413541
-0.0448101 0.00269359 -0.0424542
-0.0350335 0.00235743 -0.0434486
-0.0280763 0.00178965 -0.0443707
-0.0231309 0.000783162 -0.0451048
-0.0198683 -0.000622328 -0.0456057
-0.0179731 -0.00211005 -0.0459178
-0.0175585 -0.00322284 -0.0461214
-0.019745 -0.00354465 -0.046111
-0.0254531 -0.00285006 -0.0458137
-0.0347817 -0.00114999 -0.0452357
-0.0474708 0.00134433 -0.0443465
-0.0620391 0.00424332 -0.0432914
-0.0758291 0.00702938 -0.0422844
-0.0867964 0.00916294 -0.0413223
-0.09373 0.010246 -0.0403542
-0.0956969 0.0102036 -0.0395472
-0.0926114 0.00931108 -0.0389767
-0.0852135 0.00803947 -0.0385191
-0.0738992 0.0068604 -0.0381227
-0.0587881 0.00607585 -0.0378045
-0.0407727 0.00574422 -0.0374185
-0.0213079 0.0057375 -0.0368988
-0.00213831 0.0057576 -0.0361426
0.0144885 0.00542151 -0.0351986
0.0273141 0.0045055 -0.0344102
0.036701 0.00300203 -0.0338349
0.0428904 0.00111873 -0.0333856
0.0464166 -0.000748444 -0.032942
0.0487085 -0.0022111 -0.0322927
0.0501079 -0.00294219 -0.0314429
0.0498192 -0.00273822 -0.0304283
0.0471637 -0.00168598 -0.0292028
0.0413465 -0.000181955 -0.027958
0.0328304 0.00111601 -0.0269181
0.0240874 0.00152888 -0.0262864
0.0172679 0.000755552 -0.0260355
0.0137055 -0.00105265 -0.0261027
0.014795 -0.00347939 -0.0263767
0.0208634 -0.00600155 -0.0268808
0.0301982 -0.00814503 -0.0274795
0.040289 -0.00959543 -0.0279892
0.0488512 -0.0102498 -0.0284705
0.0543938 -0.0102736 -0.0290348
0.0573866 -0.0100691 -0.0298642
0.0598638 -0.010139 -0.0309028
0.0635602 -0.0109159 -0.0319897
0.0694575 -0.0125621 -0.0329881
0.0776323 -0.0148471 -0.0338475
0.0856479 -0.0171636 -0.0345857
0.0893608 -0.0186903 -0.0352232
0.0856831 -0.0187413 -0.03563
0.0739566 -0.0171049 -0.0358267
0.0561207 -0.014059 -0.0358886
0.0359254 -0.0101767 -0.035811
0.0174614 -0.00614978 -0.0355448
0.00299288 -0.00261658 -0.035221
-0.00774854 -3.17575e-06 -0.0348817
-0.0168088 0.00158839 -0.034653
-0.027201 0.00241935 -0.0347678
-0.04133 0.00295175 -0.0351116
-0.059745 0.00363753 -0.0356174
-0.0805934 0.00479523 -0.0363667
-0.100384 0.00651887 -0.0373334
-0.115958 0.0086916 -0.0382877
-0.125477 0.0110728 -0.0393294
-0.128302 0.0133581 -0.040655
-0.125247 0.0151848 -0.0419196
-0.118242 0.016239 -0.0429015
-0.108732 0.0164074 -0.0439457
-0.0974676 0.0156744 -0.0452862
-0.0855147 0.0140301 -0.0466321
-0.0743957 0.0117145 -0.0475443
-0.0658707 0.00935289 -0.0478952
-0.0619121 0.00770952 -0.047984
-0.0642674 0.00728603 -0.0481789
-0.0730492 0.00807917 -0.0484346
-0.0866762 0.00982978 -0.0484609
-0.103556 0.0123343 -0.0482346
-0.122065 0.0153235 -0.0479009
-0.140311 0.0182959 -0.0475635
-0.157689 0.0206192 -0.0468464
-0.174948 0.0218414 -0.0455751
-0.192018 0.0219551 -0.0442847
-0.207451 0.0212358 -0.0437667
-0.219983 0.0199175 -0.0439028
-0.228772 0.0181913 -0.0439025
-0.23208 0.016309 -0.0438652
-0.228154 0.0145578 -0.0441491
-0.217381 0.0131848 -0.0445411
-0.201284 0.0122398 -0.0447799
-0.180835 0.0115157 -0.0451552
-0.157292 0.0107086 -0.0458164
-0.132593 0.00954504 -0.0462761
-0.108311 0.00789405 -0.0463702
-0.0859505 0.00585237 -0.0465441
-0.0678348 0.00360441 -0.0469285
-0.055692 0.00128304 -0.0472315
-0.0485434 -0.000940442 -0.0473169
-0.0436643 -0.00281778 -0.0472823
-0.0392259 -0.00410005 -0.047046
-0.0345607 -0.00461689 -0.0464073
-0.0295026 -0.00438409 -0.0453357
-0.0251542 -0.00355522 -0.0439256
-0.0229712 -0.00228476 -0.0423598
-0.0228431 -0.000715217 -0.0407744
-0.0237917 0.000940914 -0.0391508
-0.0248482 0.00236835 -0.0375144
-0.0246151 0.00326393 -0.0357523
-0.0216076 0.00347606 -0.0340489
-0.0152055 0.00306366 -0.0324997
-0.00575052 0.00225523 -0.0308912
0.00620536 0.00132273 -0.0293215
0.0207219 0.000457212 -0.0279821
0.0376642 -0.00034084 -0.0266426
0.0558011 -0.0012238 -0.0252957
0.073809 -0.00225202 -0.0242071
0.0898969 -0.00329416 -0.023295
0.102038 -0.00414774 -0.0226529
0.109877 -0.00471183 -0.0225245
0.114269 -0.00512374 -0.0227153
0.116277 -0.00565447 -0.0227584
0.116739 -0.00641095 -0.0226936
0.115965 -0.00728354 -0.0227376
0.114213 -0.00814748 -0.0227644
0.111202 -0.00895907 -0.0227607
0.106177 -0.00973517 -0.0230193
0.0995261 -0.0104803 -0.0235906
0.092656 -0.0111353 -0.0242184
0.086213 -0.0116382 -0.0248961
0.0798619 -0.0120138 -0.0258151
0.0734741 -0.0123554 -0.0268351
0.0671761 -0.0127223 -0.0278432
0.0609055 -0.0131092 -0.0290229
0.055152 -0.0134832 -0.0304504
0.0511595 -0.0138098 -0.0318877
0.0493368 -0.0140907 -0.0331967
0.0485942 -0.0143246 -0.0344706
0.0476489 -0.0143829 -0.0357522
0.045589 -0.0140794 -0.0370271
0.0413764 -0.0133837 -0.0383137
0.0343671 -0.0123849 -0.03952
0.0251787 -0.0111683 -0.0405234
0.0148193 -0.00986046 -0.0413232
0.00324415 -0.00855401 -0.0420262
-0.00988026 -0.00720731 -0.042657
-0.0243086 -0.00567114 -0.0429585
-0.0403466 -0.00373832 -0.043079
-0.0584063 -0.00128713 -0.0431318
-0.077351 0.00164325 -0.0430952
-0.0957525 0.00490785 -0.0430316
-0.113381 0.00829452 -0.0428455
-0.129535 0.011578 -0.0426146
-0.14245 0.0145532 -0.042514
-0.151147 0.0170087 -0.0425566
-0.15512 0.0187532 -0.0425947
-0.152979 0.0196777 -0.0426771
-0.143575 0.0198111 -0.042833
-0.127173 0.019357 -0.0428813
-0.104436 0.0186161 -0.0427308
-0.0757379 0.0178287 -0.0424009
-0.0419246 0.0170715 -0.0416459
-0.00456707 0.0163015 -0.0403587
0.0349878 0.0155531 -0.0388254
0.0766004 0.0148971 -0.0371831
0.121345 0.0141612 -0.0352049
0.169648 0.0129961 -0.0324683
0.221151 0.0111607 -0.0287992
0.276288 0.00865391 -0.0236979
0.33487 0.0056569 -0.0171071
0.396089 0.00233543 -0.00927185
0.46025 -0.00128695 1.2619e-06
0.527752 -0.00523235 0.0112302
0.597974 -0.00943983 0.0244751
0.670382 -0.013797 0.0392054
0.745477 -0.0182097 0.0555641
0.824351 -0.0226803 0.0749025
0.90777 -0.0274137 0.0976557
0.996215 -0.0328221 0.12341
1.09032 -0.0393668 0.151868
1.19041 -0.0473712 0.182441
1.29672 -0.0570064 0.214426
1.40984 -0.0683032 0.247161
1.53056 -0.0811644 0.28059
1.65924 -0.0953887 0.314416
1.79546 -0.110606 0.348035
1.93854 -0.126325 0.381014
2.08769 -0.142077 0.413466
2.24185 -0.157501 0.445508
2.39982 -0.172326 0.476951
2.56077 -0.186324 0.507574
2.72455 -0.19934 0.537481
2.89104 -0.211299 0.566802
3.05981 -0.222182 0.595484
3.23016 -0.231975 0.623479
3.40077 -0.240642 0.650872
3.56921 -0.248115 0.67749
3.73189 -0.254335 0.702918
3.88468 -0.259263 0.726954
4.02325 -0.262861 0.74964
4.14326 -0.265156 0.771048
4.24082 -0.26628 0.790978
4.31299 -0.266397 0.809096
4.35797 -0.265668 0.825228
4.37513 -0.264261 0.839062
4.36502 -0.26232 0.850185
4.32914 -0.259882 0.858225
4.26937 -0.256878 0.863098
4.18782 -0.253229 0.864985
4.08715 -0.248894 0.86395
3.97076 -0.243857 0.860088
3.84232 -0.238149 0.853443
3.7052 -0.231897 0.844227
3.56264 -0.225304 0.832458
3.41751 -0.218575 0.817899
3.27217 -0.211808 0.800565
3.12797 -0.204933 0.780105
2.98452 -0.197737 0.756047
2.84202 -0.18993 0.727791
2.70444 -0.181211 0.695275
2.57977 -0.17133 0.659824
2.47966 -0.160251 0.62324
2.41574 -0.148351 0.586583
2.39507 -0.136386 0.550498
2.41924 -0.125194 0.51708
2.48434 -0.115257 0.487217
2.58259 -0.106654 0.459836
2.70326 -0.0998455 0.436611
2.83448 -0.0956461 0.419739
2.9676 -0.0945482 0.406776
3.09912 -0.0968281 0.396749
3.22915 -0.102377 0.390191
3.35855 -0.110882 0.384653
3.48347 -0.121684 0.375995
3.59461 -0.134873 0.359138
3.68178 -0.150921 0.338694
3.73811 -0.167904 0.321424
3.76258 -0.184594 0.305134
3.75277 -0.201394 0.287633
3.70597 -0.216424 0.268591
3.62426 -0.226319 0.250475
3.5054 -0.228839 0.232891
3.34261 -0.223046 0.210572
3.13284 -0.208942 0.182569
2.87785 -0.187762 0.151734
2.57955 -0.161402 0.119367
2.24111 -0.131507 0.0849823
1.86828 -0.0995128 0.0536781
1.46507 -0.0667864 0.0274028
1.03563 -0.0350607 0.00746153
0.589391 -0.00646144 -0.00350777
0.14084 0.0171632 -0.00714537
-0.294615 0.0349203 -0.00721766
-0.708822 0.0466755 -0.00532545
-1.10976 0.0524489 -0.00182304
-1.51576 0.0534787 0.00809968
-1.93947 0.0518842 0.0286319
-2.37022 0.0493436 0.0465604
-2.77735 0.0466207 0.055102
-3.14967 0.0436271 0.0598346
-3.49893 0.0406577 0.0685599
-3.82403 0.0384327 0.0796116
-4.11187 0.0377172 0.08548
-4.35471 0.0396962 0.0850065
-4.55262 0.0459875 0.0805603
-4.70778 0.0575391 0.0737745
-4.82024 0.0735129 0.0647397
-4.89284 0.091675 0.0562739
-4.93091 0.108964 0.0493386
-4.9416 0.122346 0.0434099
-4.93477 0.130042 0.0389724
-4.91841 0.132425 0.0349454
-4.89765 0.131785 0.0316616
-4.87791 0.1301 0.0277604
-4.86477 0.127829 0.0225369
-4.86104 0.124612 0.0185939
-4.86881 0.120133 0.0164193
-4.89165 0.115358 0.0159592
-4.9315 0.112768 0.0165908
-4.98842 0.115329 0.0179566
-5.06217 0.125115 0.0204123
-5.15278 0.142361 0.025336
-5.25921 0.165391 0.0327757
-5.37648 0.191362 0.0432512
-5.49797 0.217433 0.055183
-5.61817 0.241737 0.066066
-5.7335 0.26373 0.0758575
-5.84302 0.28322 0.0839069
-5.94853 0.299447 0.0912889
-6.05368 0.311174 0.0989585
-6.16124 0.3171 0.107524
-6.27258 0.316812 0.117133
-6.38902 0.311412 0.127103
-6.51195 0.302818 0.136979
-6.64213 0.292944 0.146279
-6.77899 0.283612 0.155353
-6.92109 0.276387 0.163976
-7.06799 0.272109 0.171709
-7.22119 0.270905 0.178345
-7.38321 0.272609 0.183978
-7.55566 0.276897 0.188508
-7.73922 0.283142 0.191628
-7.93445 0.290389 0.193858
-8.14064 0.297529 0.196408
-8.35413 0.303488 0.200138
-8.56864 0.307247 0.204699
-8.77801 0.307919 0.209479
-8.97754 0.305151 0.214204
-9.16331 0.29929 0.218832
-9.33272 0.291142 0.223399
-9.48492 0.281796 0.227732
-9.61928 0.27238 0.231506
-9.73456 0.263807 0.234422
-9.83 0.256752 0.236402
-9.90598 0.25166 0.237753
-9.96352 0.248651 0.238677
-10.0034 0.24748 0.239257
-10.0262 0.247691 0.239535
-10.0332 0.248769 0.23956
-10.0253 0.25009 0.239537
-10.0023 0.250829 0.239354
-9.96281 0.250012 0.238706
-9.90535 0.246718 0.237364
-9.82914 0.240369 0.235242
-9.73385 0.230786 0.232311
-9.61945 0.218049 0.228431
-9.48668 0.202467 0.223444
-9.33744 0.184493 0.217448
-9.17407 0.164726 0.210942
-8.99916 0.143981 0.20397
-8.81445 0.123255 0.19683
-8.62095 0.103624 0.189948
-8.42101 0.0861016 0.183307
-8.21781 0.0715035 0.177114
-8.01517 0.0602934 0.171421
-7.81677 0.0524763 0.166249
-7.62531 0.0476952 0.161685
-7.44297 0.045394 0.157834
-7.27137 0.0448916 0.15468
-7.11169 0.0453962 0.152231
-6.96418 0.0460382 0.150504
-6.82808 0.0459819 0.149486
-6.70241 0.0446186 0.149238
-6.58643 0.0417008 0.149768
-6.47958 0.0373553 0.150963
-6.38094 0.0319844 0.152571
-6.28916 0.0261203 0.154256
-6.20274 0.020313 0.155995
-6.11992 0.0150414 0.157664
-6.03856 0.0106506 0.159436
-5.95643 0.00736318 0.161882
-5.87165 0.00529134 0.164926
-5.78276 0.00438347 0.168148
-5.68866 0.00444117 0.171407
-5.5885 0.00521164 0.174904
-5.4815 0.00641683 0.17874
-5.3673 0.00770087 0.183444
-5.24602 0.0085952 0.190161
-5.11744 0.00863582 0.200254
-4.98091 0.00751344 0.21469
-4.8359 0.00497816 0.233936
-4.68205 0.000734363 0.257191
-4.51919 -0.0054378 0.282058
-4.34728 -0.013487 0.306666
-4.16659 -0.0230287 0.330319
-3.97787 -0.033444 0.352812
-3.78255 -0.0439912 0.374244
-3.58302 -0.0539348 0.39451
-3.38197 -0.0626905 0.413656
-3.18147 -0.0699532 0.431666
-2.98257 -0.075683 0.448011
-2.78488 -0.0800237 0.462384
-2.58712 -0.0832811 0.4744
-2.38791 -0.0859314 0.483874
-2.1859 -0.0886399 0.491109
-1.97997 -0.0921943 0.496547
-1.76933 -0.0973716 0.500731
-1.55358 -0.104827 0.504122
-1.33237 -0.115038 0.506803
-1.1053 -0.128334 0.508665
-0.872682 -0.144966 0.510141
-0.636273 -0.165034 0.512779
-0.398945 -0.188436 0.517216
-0.164845 -0.214946 0.522316
0.0614804 -0.243955 0.527329
0.276312 -0.274461 0.532132
0.476862 -0.305604 0.536815
0.661864 -0.336596 0.541446
0.832 -0.366506 0.546256
0.989498 -0.394509 0.551618
1.13736 -0.420089 0.557665
1.27858 -0.443045 0.564329
1.41576 -0.463392 0.571416
1.55075 -0.481277 0.578889
1.6844 -0.496912 0.586991
1.81615 -0.510522 0.596147
1.94438 -0.522274 0.607029
2.06712 -0.532261 0.620364
2.18259 -0.540592 0.636338
2.28971 -0.547365 0.654487
2.38787 -0.552598 0.67387
2.47632 -0.556241 0.693336
2.5538 -0.558203 0.711917
2.61842 -0.558368 0.729096
2.66827 -0.556605 0.744742
2.70222 -0.552786 0.75893
2.72035 -0.546816 0.771792
2.72413 -0.538706 0.783414
2.71592 -0.528642 0.793659
2.69849 -0.517031 0.80232
2.67453 -0.504494 0.809468
2.64627 -0.49178 0.815403
2.61526 -0.479663 0.820548
2.58246 -0.468858 0.825288
2.54892 -0.45993 0.829784
2.51645 -0.45323 0.833875
2.48711 -0.448879 0.837311
2.46204 -0.446793 0.839964
2.44098 -0.446725 0.841737
2.42274 -0.448314 0.842521
2.40642 -0.451135 0.842247
2.39203 -0.454733 0.840849
2.38028 -0.458673 0.838228
2.37198 -0.462607 0.834257
2.36765 -0.466331 0.828944
2.36776 -0.469829 0.822445
2.37311 -0.473245 0.814906
2.38448 -0.476833 0.806382
2.40216 -0.480886 0.796915
2.42565 -0.485699 0.786588
2.45399 -0.491563 0.775475
2.48643 -0.498745 0.763651
2.5227 -0.507457 0.751175
2.56262 -0.517818 0.738065
2.60565 -0.52983 0.724279
2.65069 -0.543384 0.70974
2.69634 -0.558245 0.694385
2.74121 -0.574053 0.678216
2.78403 -0.590367 0.661368
2.82368 -0.606764 0.643998
2.85913 -0.622939 0.626179
2.88941 -0.638734 0.607963
2.91328 -0.654079 0.589479
2.92911 -0.668922 0.571067
2.93477 -0.683184 0.553315
2.92766 -0.696738 0.536746
2.90501 -0.709365 0.52141
2.86454 -0.720705 0.506679
2.80468 -0.730249 0.491727
2.72449 -0.737449 0.476008
2.62352 -0.741814 0.459238
2.50222 -0.74292 0.441453
2.36247 -0.740451 0.422839
2.20764 -0.734332 0.403442
2.04188 -0.724765 0.383216
1.86895 -0.712182 0.36215
1.6918 -0.697174 0.3404
1.51282 -0.680378 0.318302
1.33427 -0.662442 0.296276
1.15851 -0.644044 0.274686
0.987935 -0.625867 0.253556
0.824471 -0.608563 0.232823
0.669197 -0.592653 0.212383
0.522482 -0.578478 0.192056
0.384566 -0.566188 0.172115
0.255869 -0.555728 0.153167
0.136558 -0.546681 0.135177
0.0265642 -0.538386 0.117848
-0.0738051 -0.530382 0.101131
-0.163979 -0.52253 0.0848704
-0.243144 -0.515064 0.068667
-0.310272 -0.50878 0.0522462
-0.365103 -0.50489 0.0355716
-0.408751 -0.50476 0.0184045
-0.443397 -0.509668 0.000526811
-0.471743 -0.520345 -0.0180597
-0.496557 -0.53675 -0.0366677
-0.520416 -0.557892 -0.0537019
-0.546045 -0.58074 -0.0672507
-0.576558 -0.600639 -0.0766516
-0.614141 -0.614149 -0.0834669
-0.659788 -0.619258 -0.0891378
-0.714719 -0.614622 -0.0933146
-0.780273 -0.600393 -0.0953459
-0.857655 -0.577405 -0.0953355
-0.947687 -0.546045 -0.0935588
-1.04969 -0.506457 -0.0900303
-1.16155 -0.459007 -0.0851342
-1.28089 -0.404819 -0.0796236
-1.40528 -0.346628 -0.074061
-1.53177 -0.288841 -0.0683492
-1.65713 -0.236259 -0.0619488
-1.77834 -0.192577 -0.0550535
-1.89278 -0.159362 -0.0484346
-1.9986 -0.135893 -0.0426123
-2.09475 -0.120292 -0.0376297
-2.18119 -0.110907 -0.0333169
-2.25922 -0.10662 -0.0295768
-2.33142 -0.106432 -0.0261159
-2.40166 -0.108581 -0.0221739
-2.47485 -0.109548 -0.0169017
-2.55579 -0.104537 -0.010507
-2.6475 -0.0896638 -0.0042836
-2.75052 -0.0636426 0.00104852
-2.86388 -0.0278035 0.00605838
-2.98587 0.014882 0.0114681
-3.11388 0.061258 0.0174925
-3.24421 0.10884 0.0243542
-3.37251 0.155344 0.0328411
-3.49434 0.197791 0.0431355
-3.60581 0.232591 0.0533394
-3.70379 0.257249 0.0618955
-3.78615 0.271673 0.0685158
-3.85237 0.27716 0.0733035
-3.90367 0.275272 0.0765141
-3.94256 0.267878 0.0783964
-3.97203 0.257242 0.0796676
-3.9951 0.246537 0.0810898
-4.01458 0.239881 0.0829346
-4.0328 0.240401 0.0845407
-4.05187 0.248593 0.0855557
-4.07381 0.262831 0.0867216
-4.0993 0.28051 0.0886274
-4.12694 0.299032 0.0910371
-4.15435 0.316374 0.0932863
-4.17952 0.330526 0.0947271
-4.20146 0.338855 0.0948498
-4.22012 0.338819 0.0935366
-4.23529 0.329394 0.0910168
-4.24603 0.31167 0.0874038
-4.25207 0.28832 0.0826051
-4.255 0.26245 0.0768361
-4.25747 0.236643 0.0708436
-4.2618 0.21278 0.0655192
-4.26951 0.192541 0.0613524
-4.28156 0.177612 0.0582193
-4.29886 0.169151 0.0557187
-4.32238 0.166994 0.0534715
-4.3524 0.169377 0.051322
-4.38797 0.173521 0.0493299
-4.42709 0.1766 0.047551
-4.46723 0.176495 0.0458688
-4.50593 0.172017 0.0439799
-4.54121 0.162679 0.0416293
-4.57169 0.14853 0.0387642
-4.59682 0.130212 0.0354773
-4.61657 0.109075 0.0319868
-4.63102 0.0871481 0.0285391
-4.64051 0.0668204 0.0253048
-4.64592 0.0502618 0.022401
-4.64857 0.0389186 0.020018
-4.65024 0.0332819 0.0183101
-4.65291 0.0329541 0.0173251
-4.6586 0.0369116 0.0169865
-4.66876 0.043727 0.0170873
-4.68366 0.0516881 0.017342
-4.70228 0.0589619 0.0175057
-4.72273 0.0638722 0.0174841
-4.74325 0.0652015 0.0172595
-4.76275 0.0624453 0.0168031
-4.78027 0.055922 0.0160819
-4.79456 0.0466604 0.0151284
-4.80434 0.0361513 0.0140574
-4.8087 0.0260891 0.013061
-4.8073 0.0181256 0.0123309
-4.80006 0.0136206 0.0120191
-4.78712 0.0134243 0.012212
-4.76914 0.0177549 0.0129113
-4.74744 0.0261954 0.0140604
-4.72384 0.037785 0.0156096
-4.70016 0.0511683 0.0174701
-4.67757 0.0647982 0.0194894
-4.65636 0.0771927 0.0214922
-4.63604 0.0872007 0.0232998
-4.61569 0.0941766 0.0248446
-4.59406 0.098027 0.0261338
-4.56952 0.0991778 0.0271934
-4.54031 0.0984812 0.0280725
-4.50491 0.0970607 0.0288456
-4.46257 0.0961192 0.0296154
-4.41329 0.0967239 0.0304754
-4.35753 0.0996065 0.0314921
-4.29576 0.105039 0.0326781
-4.22831 0.112798 0.0339982
-4.15553 0.122211 0.0353881
-4.0779 0.132275 0.0367569
-3.9959 0.141805 0.0379988
-3.90957 0.149611 0.0389773
-3.81847 0.154655 0.0395331
-3.72195 0.156215 0.0395536
-3.61958 0.154001 0.0389974
-3.51148 0.148175 0.0378795
-3.39805 0.13931 0.0362828
-3.27969 0.128265 0.0343794
-3.15701 0.116013 0.0323317
-3.0315 0.103495 0.0303312
-2.90583 0.0915306 0.0285472
-2.78389 0.080722 0.0271231
-2.66989 0.0714278 0.0262432
-2.56736 0.0637811 0.0260755
-2.47843 0.0575621 0.0269402
-2.40357 0.0520756 0.0289501
-2.34209 0.0464326 0.0317738
-2.29303 0.0400055 0.035389
-2.25508 0.032568 0.0404052
-2.22599 0.0241957 0.0471323
-2.20322 0.0150331 0.0560188
-2.18466 0.00505195 0.067375
-2.16842 -0.00604683 0.0794184
-2.15229 -0.0185774 0.0903075
-2.13315 -0.0325568 0.0989861
-2.1069 -0.047523 0.104893
-2.06931 -0.06254 0.10856
-2.01736 -0.0766603 0.110626
-1.94993 -0.0892791 0.111522
-1.86733 -0.100271 0.111792
-1.77003 -0.110057 0.112332
-1.65802 -0.119543 0.11405
-1.53106 -0.129877 0.117533
-1.38904 -0.142162 0.122704
-1.23243 -0.157331 0.128852
-1.06225 -0.176067 0.134954
-0.879704 -0.198745 0.140176
-0.685705 -0.225352 0.144022
-0.480784 -0.255517 0.146575
-0.265224 -0.288807 0.147933
-0.0393687 -0.325232 0.14783
0.195792 -0.365668 0.146574
0.438375 -0.411691 0.144943
0.685493 -0.46352 0.144388
0.9325 -0.517886 0.146347
1.17502 -0.571482 0.150489
1.4113 -0.622736 0.156743
1.64003 -0.669691 0.16509
1.85904 -0.710588 0.17504
2.06617 -0.744297 0.186623
2.25975 -0.770495 0.199826
2.43881 -0.789445 0.217014
2.60292 -0.801355 0.237902
2.75177 -0.806195 0.259402
2.88442 -0.804453 0.281562
2.99965 -0.797626 0.3051
3.09747 -0.787385 0.330111
3.17947 -0.774807 0.356488
3.24788 -0.760525 0.383911
3.30434 -0.745202 0.41205
3.34941 -0.729496 0.440661
3.38302 -0.714034 0.469414
3.40518 -0.699388 0.498041
3.41647 -0.685963 0.525983
3.41832 -0.674037 0.552588
3.41304 -0.663857 0.577872
3.40304 -0.655611 0.602304
3.39013 -0.649386 0.6262
3.37518 -0.645131 0.649561
3.35839 -0.642661 0.672151
3.34011 -0.641654 0.693664
3.32144 -0.641646 0.713878
3.30366 -0.642053 0.732665
3.28756 -0.642241 0.74998
3.27323 -0.64162 0.765813
3.26012 -0.639679 0.780189
3.24752 -0.635973 0.793099
3.23473 -0.630138 0.804485
3.22109 -0.621901 0.814279
3.20609 -0.611123 0.82237
3.18958 -0.597863 0.828584
3.17188 -0.582411 0.832869
3.15387 -0.565286 0.835465
3.13669 -0.547191 0.836639
3.1214 -0.528937 0.8373
3.10886 -0.51138 0.836736
3.09998 -0.495385 0.833335
3.09583 -0.4818 0.827913
3.09763 -0.471405 0.821029
3.107 -0.464819 0.81192
3.12587 -0.462411 0.800749
3.15521 -0.464316 0.788367
3.19422 -0.470507 0.77454
3.24077 -0.48082 0.758754
3.29254 -0.494923 0.741033
3.34781 -0.51232 0.721579
3.40536 -0.532392 0.700668
3.46372 -0.554457 0.67855
3.52072 -0.577825 0.655615
3.5738 -0.601821 0.63247
3.62048 -0.625755 0.609302
3.65855 -0.648946 0.586062
3.68598 -0.670861 0.563009
3.70119 -0.691162 0.540371
3.70331 -0.709591 0.518047
3.69179 -0.726 0.495637
3.66583 -0.740533 0.47285
3.62452 -0.753361 0.449954
3.56727 -0.764012 0.427734
3.49367 -0.771555 0.406765
3.40359 -0.775227 0.386849
3.29785 -0.774555 0.367135
3.17766 -0.76933 0.346787
3.04374 -0.759559 0.325298
2.89653 -0.745507 0.302625
2.73709 -0.727759 0.278994
2.56692 -0.707185 0.254716
2.38715 -0.6848 0.230275
2.19806 -0.661659 0.206156
1.99962 -0.638876 0.182489
1.79199 -0.61746 0.159244
1.57598 -0.598331 0.136661
1.35366 -0.582266 0.114777
1.12723 -0.569499 0.093473
0.898426 -0.559717 0.0729144
0.669111 -0.552199 0.0532318
0.4415 -0.545925 0.0350981
0.218443 -0.53963 0.0192354
0.00313487 -0.53192 0.00541105
-0.201856 -0.521951 -0.00667329
-0.394478 -0.509815 -0.0174285
-0.572705 -0.496283 -0.0274266
-0.734901 -0.48249 -0.0370737
-0.879906 -0.469584 -0.0466585
-1.00695 -0.458422 -0.056349
-1.11604 -0.449279 -0.0661647
-1.20792 -0.441901 -0.0759136
-1.2842 -0.435616 -0.0850166
-1.34747 -0.429391 -0.0926118
-1.4011 -0.422182 -0.0984355
-1.44865 -0.413054 -0.102666
-1.4931 -0.401416 -0.105099
-1.53631 -0.387028 -0.10569
-1.57917 -0.36961 -0.105082
-1.62231 -0.348888 -0.10366
-1.6667 -0.324615 -0.101085
-1.71394 -0.296653 -0.0971471
-1.76601 -0.265159 -0.0922687
-1.82475 -0.230717 -0.0871251
-1.89115 -0.194405 -0.0820519
-1.96513 -0.15744 -0.076928
-2.04576 -0.120784 -0.0716645
-2.13201 -0.0850733 -0.0663842
-2.22326 -0.0506893 -0.0611209
-2.31936 -0.0177531 -0.0556837
-2.42038 0.013773 -0.0497354
-2.52633 0.0439482 -0.0429674
-2.63701 0.0727848 -0.0351261
-2.75203 0.100293 -0.0261767
-2.87088 0.126625 -0.0163708
-2.99312 0.15214 -0.0060916
-3.11835 0.177271 0.00448753
-3.2463 0.202277 0.0150997
-3.37687 0.227043 0.02568
-3.51024 0.251116 0.0362296
-3.6468 0.273963 0.0466132
-3.787 0.295231 0.05685
-3.93092 0.314898 0.0667707
-4.07768 0.333154 0.0760969
-4.22533 0.350123 0.0845703
-4.37182 0.365775 0.092168
-4.51519 0.37994 0.0990692
-4.65342 0.392356 0.10549
-4.78526 0.40292 0.111667
-4.9107 0.411923 0.117376
-5.02979 0.419801 0.122279
-5.14054 0.426701 0.126727
-5.23934 0.432434 0.130855
-5.32384 0.436773 0.134284
-5.39406 0.439667 0.136989
-5.45069 0.441273 0.13915
-5.49339 0.441772 0.140688
-5.52077 0.441172 0.141338
-5.53168 0.439339 0.140869
-5.52589 0.436073 0.139449
-5.50391 0.431243 0.137332
-5.4668 0.424875 0.134599
-5.41615 0.417095 0.131154
-5.35399 0.407979 0.126853
-5.28256 0.397477 0.121911
-5.20451 0.385481 0.116254
-5.12193 0.371917 0.110024
-5.03566 0.356775 0.103397
-4.94631 0.340066 0.0962675
-4.85488 0.321754 0.0887488
-4.76334 0.301779 0.0809494
-4.67398 0.280228 0.0731433
-4.58853 0.257527 0.0654665
-4.50793 0.234398 0.0579425
-4.43231 0.211524 0.050545
-4.36174 0.189303 0.0433625
-4.29675 0.1679 0.036593
-4.23805 0.147373 0.0303723
-4.18587 0.127789 0.0247408
-4.13977 0.109299 0.0196936
-4.099 0.0920298 0.015152
-4.0631 0.0759221 0.0110067
-4.03218 0.0607107 0.00721521
-4.00656 0.0460271 0.00380553
-3.98621 0.0315676 0.0008157
-3.97046 0.0172284 -0.00173663
-3.95826 0.00311279 -0.00384265
-3.94875 -0.0105713 -0.00548136
-3.94103 -0.0236041 -0.00659393
-3.93373 -0.035775 -0.00714864
-3.92471 -0.0468484 -0.00721111
-3.91128 -0.0565641 -0.0068969
-3.89105 -0.0646935 -0.00631428
-3.86232 -0.0710853 -0.00554588
-3.82399 -0.0757011 -0.00463506
-3.77514 -0.0786279 -0.00360147
-3.7147 -0.0800566 -0.0024466
-3.64174 -0.0802752 -0.00122948
-3.55627 -0.0796361 -2.26572e-05
-3.45945 -0.0784735 0.00109726
-3.35297 -0.077061 0.00205114
-3.23856 -0.0755807 0.00290108
-3.11756 -0.0741087 0.00371841
-2.99091 -0.0726764 0.00456942
-2.85939 -0.071316 0.00552308
-2.72381 -0.0700675 0.00664779
-2.58497 -0.0690136 0.00803313
-2.44334 -0.0683552 0.00965652
-2.29896 -0.0684391 0.0115057
-2.15168 -0.0695936 0.0138147
-2.00161 -0.0717209 0.0170891
-1.84977 -0.0740716 0.0218234
-1.69803 -0.0756132 0.0280921
-1.54827 -0.075475 0.0356724
-1.40202 -0.0732205 0.0445488
-1.26063 -0.0690551 0.0550279
-1.1253 -0.0635179 0.067395
-0.997021 -0.0569946 0.081681
-0.87647 -0.0496128 0.0975573
-0.764007 -0.0414119 0.114772
-0.659851 -0.0325867 0.133344
-0.564084 -0.0235415 0.153145
-0.47648 -0.0148016 0.173949
-0.396207 -0.00688012 0.195609
-0.321894 -0.000122227 0.218043
-0.25193 0.00536475 0.240944
-0.184657 0.00964752 0.264024
-0.118508 0.0128209 0.286902
-0.0520262 0.0149615 0.309152
0.0160229 0.0161165 0.330567
0.0864788 0.0162721 0.351116
0.159701 0.0153915 0.370898
0.235561 0.0134303 0.389913
0.313499 0.0103392 0.408173
0.392522 0.00611532 0.425726
0.471337 0.000823424 0.442471
0.548589 -0.00543918 0.458204
0.623092 -0.0125866 0.4728
0.693945 -0.0205464 0.48617
0.760555 -0.0292631 0.498247
0.822638 -0.0387118 0.508951
0.880169 -0.04888 0.518198
0.93336 -0.0597608 0.525952
0.982696 -0.0713687 0.532247
1.029 -0.0837549 0.537174
1.07343 -0.096999 0.54089
1.11736 -0.111192 0.543582
1.16234 -0.126413 0.545434
1.20983 -0.142707 0.546603
1.26106 -0.160067 0.547217
1.3169 -0.178432 0.547371
1.37774 -0.197686 0.547141
1.44338 -0.217646 0.546623
1.51305 -0.238056 0.545896
1.58548 -0.258608 0.544994
1.65901 -0.278962 0.543864
1.73173 -0.29876 0.542409
1.80168 -0.31763 0.540559
1.86708 -0.335207 0.538242
1.92642 -0.351162 0.535391
1.97857 -0.365237 0.531974
2.02275 -0.377275 0.527986
2.0586 -0.387243 0.523469
2.08617 -0.395235 0.518472
2.10576 -0.401463 0.513068
2.1178 -0.406217 0.507387
2.12269 -0.409781 0.50162
2.12065 -0.412333 0.496012
2.11176 -0.413906 0.490696
2.09594 -0.414425 0.485537
2.07306 -0.413716 0.480279
2.04311 -0.411551 0.474727
2.00609 -0.407723 0.46873
1.96188 -0.402087 0.46217
1.91037 -0.394601 0.454985
1.85158 -0.385329 0.447167
1.78576 -0.374421 0.438767
1.71337 -0.362089 0.429858
1.63486 -0.34859 0.420486
1.55074 -0.334191 0.410678
1.46163 -0.319122 0.400489
1.36844 -0.30356 0.389969
1.2724 -0.287643 0.379131
1.17494 -0.271483 0.367976
1.07747 -0.255165 0.356595
0.981297 -0.238793 0.344987
0.887785 -0.222542 0.33316
0.798242 -0.206628 0.321125
0.713811 -0.191279 0.308719
0.635362 -0.176743 0.295839
0.563445 -0.163287 0.282442
0.498278 -0.151154 0.268534
0.439729 -0.140537 0.254248
0.38746 -0.13161 0.239829
0.340805 -0.124471 0.225371
0.298485 -0.119102 0.210937
0.258796 -0.115449 0.196414
0.219772 -0.113337 0.181411
0.179313 -0.112464 0.165665
0.135366 -0.112811 0.149099
0.0859682 -0.114625 0.132117
0.0297649 -0.11813 0.115297
-0.0338144 -0.123548 0.0987322
-0.104968 -0.131076 0.0823161
-0.183706 -0.140646 0.0661735
-0.270186 -0.151597 0.0506757
-0.364668 -0.162586 0.0364734
-0.467154 -0.171818 0.0237809
-0.577195 -0.17768 0.0120529
-0.693762 -0.179454 0.00103476
-0.815384 -0.17751 -0.00887516
-0.94064 -0.172846 -0.0170967
-1.0685 -0.166529 -0.0234079
-1.19824 -0.159334 -0.0279972
-1.32939 -0.151635 -0.0311586
-1.4617 -0.143707 -0.0335174
-1.59471 -0.136187 -0.035599
-1.72713 -0.130169 -0.0374418
-1.85684 -0.126669 -0.0389885
-1.98156 -0.126048 -0.040236
-2.09932 -0.128006 -0.0414284
-2.20851 -0.131845 -0.0428201
-2.30798 -0.136756 -0.0444693
-2.39671 -0.142206 -0.0463815
-2.4739 -0.14796 -0.0484806
-2.53953 -0.153648 -0.0505102
-2.59455 -0.158479 -0.0522281
-2.64067 -0.161348 -0.0535707
-2.68016 -0.16114 -0.0546133
-2.71523 -0.157369 -0.0555259
-2.74745 -0.150498 -0.056307
-2.77807 -0.141533 -0.0567373
-2.80839 -0.131509 -0.0566667
-2.83988 -0.121142 -0.0561389
-2.87387 -0.110783 -0.0553148
-2.91116 -0.100704 -0.0543209
-2.95176 -0.0913036 -0.0531622
-2.99507 -0.0830041 -0.0517473
-3.04005 -0.0759546 -0.0500112
-3.08562 -0.0698253 -0.047973
-3.13083 -0.0638381 -0.0456966
-3.17489 -0.057076 -0.0432381
-3.21699 -0.0488525 -0.0405906
-3.25629 -0.0388801 -0.0376881
-3.29209 -0.0271987 -0.0344565
-3.32401 -0.0140034 -0.0308671
-3.35215 0.000454353 -0.026972
-3.37703 0.0158323 -0.0228901
-3.3994 0.0316188 -0.0187602
-3.42004 0.0471263 -0.0146872
-3.43964 0.0616291 -0.0107192
-3.45873 0.0745783 -0.00688551
-3.47765 0.0857657 -0.00321179
-3.49661 0.0953468 0.000298057
-3.5157 0.103734 0.00364653
-3.53487 0.11144 0.00688783
-3.55385 0.118976 0.0101084
-3.57207 0.126812 0.0134065
-3.58869 0.135358 0.0168496
-3.6029 0.144917 0.0204302
-3.61428 0.155605 0.024109
-3.62282 0.167272 0.0278244
-3.6286 0.179499 0.0315132
-3.63147 0.191672 0.0351048
-3.63094 0.203113 0.0385149
-3.6264 0.213201 0.0416397
-3.61748 0.22146 0.0443796
-3.60421 0.227594 0.0466731
-3.58682 0.23151 0.0485044
-3.56551 0.23333 0.0498936
-3.54035 0.233383 0.0508838
-3.51139 0.232158 0.0515261
-3.47888 0.230204 0.0518766
-3.4431 0.228015 0.0519916
-3.40412 0.225931 0.0519283
-3.36165 0.224098 0.0517318
-3.31511 0.222472 0.0514096
-3.26402 0.220843 0.0509229
-3.20814 0.218878 0.0502014
-3.14745 0.216169 0.049175
-3.08194 0.212296 0.047803
-3.01164 0.206902 0.0460692
-2.93679 0.199762 0.0439737
-2.85806 0.190833 0.0415631
-2.77656 0.180271 0.0389157
-2.69362 0.168402 0.0361197
-2.61049 0.155676 0.0332759
-2.52815 0.14259 0.0305163
-2.44729 0.129619 0.0279464
-2.36841 0.117158 0.025594
-2.29172 0.105455 0.0235008
-2.21714 0.0946011 0.0217094
-2.14419 0.0845249 0.0202297
-2.07228 0.0749994 0.0190208
-2.00091 0.0657035 0.0180238
-1.92988 0.0562574 0.017251
-1.85929 0.0462468 0.0167039
-1.78947 0.0353457 0.0164214
-1.72083 0.0234551 0.0164527
-1.65362 0.0106648 0.0168462
-1.58794 -0.00283979 0.0177134
-1.52378 -0.0168187 0.0192743
-1.46114 -0.0310295 0.0217388
-1.40003 -0.0452059 0.0252161
-1.34038 -0.0589942 0.0296858
-1.28207 -0.0720117 0.0349179
-1.22492 -0.0839652 0.0406927
-1.16881 -0.094677 0.0468336
-1.11363 -0.10411 0.0531753
-1.05927 -0.112378 0.0596504
-1.00551 -0.119683 0.0661954
-0.951957 -0.126257 0.0726565
-0.898164 -0.132335 0.0788547
-0.843794 -0.138138 0.084646
-0.788728 -0.143867 0.0899634
-0.733004 -0.149707 0.0948038
-0.676702 -0.155827 0.0992183
-0.619879 -0.162346 0.103286
-0.562578 -0.169306 0.107068
-0.504937 -0.176654 0.110598
-0.447305 -0.184252 0.113923
-0.390245 -0.191896 0.11711
-0.334468 -0.199343 0.120203
-0.280647 -0.206343 0.123236
-0.229259 -0.212675 0.126217
-0.180542 -0.218161 0.129096
-0.134552 -0.22269 0.131835
-0.0913008 -0.226217 0.134485
-0.0508338 -0.228761 0.137104
-0.0132663 -0.230386 0.139755
0.0212221 -0.231185 0.142509
0.0524552 -0.231264 0.145394
0.0802741 -0.23073 0.148405
0.104524 -0.229691 0.151501
0.125088 -0.228253 0.154629
0.141946 -0.226531 0.157764
0.155253 -0.224639 0.160896
0.165375 -0.222675 0.164046
0.172848 -0.22071 0.167213
0.178282 -0.218795 0.170386
0.182248 -0.216968 0.173566
0.185234 -0.215256 0.176761
0.187628 -0.213667 0.179982
0.189776 -0.21219 0.183216
0.192063 -0.210797 0.186418
0.194858 -0.209463 0.189538
0.198363 -0.208166 0.192544
0.202433 -0.206892 0.195442
0.206427 -0.205633 0.198263
0.209421 -0.20439 0.201008
0.210475 -0.203156 0.203617
0.208871 -0.201919 0.205971
0.204298 -0.200667 0.207925
0.196751 -0.199393 0.209369
0.186378 -0.198099 0.210255
0.173383 -0.196802 0.210582
0.15795 -0.195523 0.210375
0.140241 -0.19428 0.209662
0.120373 -0.193081 0.208464
0.0984358 -0.191927 0.206791
0.0745444 -0.190804 0.204632
0.0489197 -0.189691 0.20195
0.0219503 -0.188563 0.198693
-0.00586569 -0.187402 0.194813
-0.0340264 -0.186204 0.190309
-0.0621191 -0.184977 0.185229
-0.0898384 -0.183754 0.179651
-0.116864 -0.182603 0.173743
-0.142832 -0.181601 0.167609
-0.167473 -0.180816 0.161228
-0.190656 -0.180345 0.154561
-0.212423 -0.180267 0.147578
-0.233012 -0.180584 0.140272
-0.252721 -0.181233 0.132697
-0.271853 -0.182079 0.124888
-0.290736 -0.183 0.11679
-0.309746 -0.183869 0.108389
-0.329432 -0.184496 0.0997372
-0.350464 -0.18467 0.090965
-0.373358 -0.18415 0.0822125
-0.398448 -0.182706 0.0736292
-0.426058 -0.180157 0.0653318
-0.456532 -0.176419 0.0573969
-0.490207 -0.171499 0.049957
-0.527365 -0.165489 0.0430821
-0.568147 -0.15853 0.0367922
-0.6126 -0.150798 0.0311181
-0.660742 -0.14247 0.0260484
-0.712535 -0.13372 0.021562
-0.767763 -0.124722 0.0176424
-0.825945 -0.115636 0.0142748
-0.886346 -0.106586 0.0114738
-0.948045 -0.0976312 0.00926448
-1.0101 -0.0887572 0.00763803
-1.0717 -0.0798783 0.0065255
-1.13234 -0.0708455 0.00582631
-1.1918 -0.0614993 0.00548961
-1.25009 -0.0517163 0.00549179
-1.30743 -0.0414345 0.00580296
-1.36412 -0.0306775 0.00640486
-1.42041 -0.0195516 0.00728368
-1.47634 -0.00823366 0.00841328
-1.53169 0.00302892 0.0097398
-1.586 0.0139469 0.0111691
-1.63874 0.0242745 0.0125839
-1.68945 0.0338851 0.0139113
-1.73788 0.0427604 0.0151266
-1.78389 0.0509272 0.0162262
-1.82736 0.058441 0.0172133
-1.86819 0.0654051 0.0181103
-1.9062 0.071972 0.0189546
-1.94123 0.0783328 0.0197381
-1.97314 0.0846751 0.0204391
-2.00184 0.0911081 0.0210376
-2.02725 0.0976161 0.0215321
-2.04937 0.104059 0.0219733
-2.06827 0.110207 0.0223461
-2.08416 0.115808 0.0226069
-2.09737 0.120661 0.0227305
-2.1083 0.12462 0.0226985
-2.11735 0.127561 0.0225091
-2.12484 0.129404 0.0221589
-2.13098 0.130149 0.0216634
-2.136 0.129895 0.0210472
-2.14013 0.128844 0.0203374
-2.1437 0.127251 0.0195626
-2.14705 0.125363 0.0187531
-2.15053 0.12336 0.0179423
-2.15441 0.121334 0.0171567
-2.15893 0.119302 0.0164041
-2.16422 0.117219 0.0156751
-2.17029 0.114986 0.0149446
-2.17697 0.112457 0.0141792
-2.18395 0.109446 0.0133499
-2.19084 0.105759 0.0124402
-2.19728 0.101241 0.0114495
-2.20299 0.0958192 0.0103859
-2.20776 0.0895263 0.00925794
-2.21138 0.0824814 0.00808026
-2.21357 0.0748579 0.00686635
-2.21397 0.0668512 0.00562797
-2.21225 0.0586564 0.00437569
-2.20815 0.0504538 0.00311947
-2.20151 0.0423985 0.00186884
-2.19233 0.0345957 0.000622788
-2.18068 0.0270785 -0.000625688
-2.1666 0.0198078 -0.00188545
-2.15005 0.0126818 -0.00316703
-2.1309 0.00556139 -0.00448062
-2.10895 -0.00168672 -0.0058362
-2.08399 -0.00916251 -0.00724505
-2.05591 -0.0169158 -0.00870667
-2.02483 -0.0249405 -0.0102061
-1.99109 -0.0331764 -0.011718
-1.95518 -0.0415089 -0.0132068
-1.91765 -0.0497812 -0.0146195
-1.87904 -0.0578236 -0.0158957
-1.83981 -0.0654756 -0.0170015
-1.80043 -0.0725994 -0.0179165
-1.7613 -0.0790909 -0.0186291
-1.72271 -0.0848912 -0.0191357
-1.68481 -0.0899951 -0.0194333
-1.64753 -0.0944475 -0.0195241
-1.6107 -0.0983317 -0.0194037
-1.57413 -0.101752 -0.0190676
-1.5377 -0.104811 -0.0185114
-1.50143 -0.107592 -0.0177321
-1.46542 -0.110147 -0.0167276
-1.42989 -0.112497 -0.015495
-1.39511 -0.114628 -0.014033
-1.36139 -0.1165 -0.0123407
-1.32907 -0.118049 -0.0104049
-1.29856 -0.119194 -0.00820174
-1.2703 -0.119841 -0.005706
-1.24462 -0.119895 -0.00288885
-1.22172 -0.119281 0.000279929
-1.20148 -0.117961 0.00382312
-1.18353 -0.115946 0.00773306
-1.1673 -0.113309 0.0119623
-1.15215 -0.110177 0.0164303
-1.13753 -0.106711 0.0210418
-1.12306 -0.103062 0.0256958
-1.10861 -0.0993581 0.0302582
-1.09421 -0.0957176 0.0346325
-1.07991 -0.0922481 0.038769
-1.06575 -0.089035 0.0426398
-1.05167 -0.0861417 0.0462505
-1.03764 -0.0836024 0.0496052
-1.02357 -0.0814186 0.0527045
-1.00939 -0.0795641 0.0555393
-0.994974 -0.0779933 0.0581027
-0.980187 -0.0766511 0.0603875
-0.964812 -0.0754824 0.062363
-0.948604 -0.0744441 0.063981
-0.931301 -0.0735073 0.0651862
-0.912709 -0.072655 0.0659289
-0.892761 -0.071878 0.0661901
-0.871544 -0.0711691 0.0660108
-0.849316 -0.0705167 0.0655123
-0.826493 -0.0699008 0.0648368
-0.803597 -0.0693053 0.0640378
-0.781203 -0.0687386 0.0631461
-0.759897 -0.0682181 0.0622273
-0.740178 -0.0677509 0.0613479
-0.722435 -0.0673357 0.0605451
-0.706885 -0.0669633 0.0598401
-0.693467 -0.0666256 0.0592397
-0.681899 -0.0663223 0.0587414
-0.671774 -0.0660538 0.0583715
-0.662697 -0.0658125 0.0581586
-0.654421 -0.0655784 0.0581291
-0.646866 -0.0653207 0.0582981
-0.640111 -0.0650003 0.0586746
-0.63435 -0.0645744 0.0592596
-0.629887 -0.0639997 0.0600508
-0.627132 -0.0632358 0.0610425
-0.626563 -0.0622506 0.0622275
-0.628621 -0.0610258 0.0635977
-0.633581 -0.0595649 0.0651442
-0.64148 -0.0578995 0.0668492
-0.652098 -0.0560863 0.0686936
-0.665043 -0.0541928 0.0706641
-0.679806 -0.0522899 0.0727283
-0.695823 -0.0504407 0.0748257
-0.71255 -0.0486853 0.0768578
-0.729494 -0.0470533 0.0787242
-0.746304 -0.0455625 0.0803529
-0.762821 -0.04421 0.0816855
-0.779035 -0.0429813 0.0826819
-0.794971 -0.0418488 0.0833161
-0.81055 -0.0407751 0.0835655
-0.825558 -0.0397221 0.083407
-0.839696 -0.0386651 0.0828273
-0.852637 -0.037601 0.0818385
-0.8641 -0.0365448 0.0804774
-0.873821 -0.035526 0.0787893
-0.88154 -0.0345773 0.0768114
-0.887032 -0.0337282 0.0745563
-0.890174 -0.0330079 0.0720203
-0.891047 -0.0324425 0.0691897
-0.889971 -0.0320525 0.0660742
-0.88748 -0.0318543 0.0627223
-0.884329 -0.0318537 0.059203
-0.881398 -0.0320404 0.0556324
-0.879624 -0.0323908 0.052135
-0.8799 -0.0328671 0.0487865
-0.882902 -0.0334197 0.0455865
-0.889063 -0.0339854 0.0425221
-0.898597 -0.0344946 0.0396074
-0.911604 -0.0348762 0.0368596
-0.928165 -0.035061 0.0343198
-0.948322 -0.0349878 0.0320224
-0.972023 -0.0346026 0.0299769
-0.99907 -0.0338626 0.0281679
-1.02913 -0.0327468 0.0265843
-1.06185 -0.0312642 0.0252337
-1.09686 -0.0294577 0.0240853
-1.1338 -0.0274012 0.0230991
-1.17217 -0.0251897 0.0222508
-1.21137 -0.0229422 0.0215043
-1.25068 -0.0207956 0.020834
-1.2894 -0.0188841 0.020223
-1.32686 -0.0173303 0.0196382
-1.36242 -0.0162292 0.0190215
-1.39549 -0.015634 0.0183111
-1.42552 -0.0155532 0.017461
-1.45213 -0.0159517 0.0164488
-1.47515 -0.0167582 0.0152761
-1.49463 -0.0178773 0.0139592
-1.51079 -0.0192027 0.0125241
-1.52381 -0.0206281 0.0109933
-1.53391 -0.0220575 0.00938142
-1.54129 -0.0234171 0.0077085
-1.54624 -0.0246601 0.00600889
-1.54921 -0.0257654 0.00431396
-1.55072 -0.0267358 0.00265498
-1.55127 -0.0275928 0.00105885
-1.55132 -0.028369 -0.00045987
-1.55133 -0.0291046 -0.00188644
-1.55168 -0.02984 -0.00320615
-1.55266 -0.0306041 -0.00440608
-1.55447 -0.0314059 -0.00547775
-1.55727 -0.0322301 -0.00641281
-1.56121 -0.0330382 -0.00720327
-1.56652 -0.0337724 -0.00784319
-1.57342 -0.0343672 -0.00832735
-1.58199 -0.0347602 -0.00865215
-1.59221 -0.0349009 -0.00881717
-1.60393 -0.0347581 -0.00882562
-1.61697 -0.0343231 -0.00868451
-1.63115 -0.033609 -0.00840129
-1.64628 -0.0326495 -0.00798557
-1.66211 -0.0314967 -0.00745041
-1.67824 -0.030216 -0.00681048
-1.69415 -0.0288789 -0.00608759
-1.70926 -0.0275556 -0.00530608
-1.72302 -0.0263056 -0.00449186
-1.73496 -0.02517 -0.00367253
-1.74467 -0.0241689 -0.00287482
-1.75184 -0.0233029 -0.00212138
-1.75624 -0.0225583 -0.00142994
-1.75777 -0.0219119 -0.00081301
-1.75651 -0.0213362 -0.000276446
-1.75267 -0.0208028 0.000179486
-1.7465 -0.0202852 0.000558712
-1.73827 -0.0197633 0.000867221
-1.72828 -0.0192264 0.00111196
-1.71688 -0.0186752 0.00130327
-1.70452 -0.0181177 0.00145556
-1.69166 -0.0175635 0.00158402
-1.6787 -0.0170172 0.00170338
-1.66596 -0.016477 0.00182698
-1.65372 -0.0159353 0.00196385
-1.64217 -0.0153799 0.0021202
-1.63149 -0.0147956 0.00230231
-1.62174 -0.0141651 0.0025176
-1.61298 -0.0134694 0.00277532
-1.60522 -0.0126883 0.00308212
-1.59848 -0.0118041 0.00344071
-1.59279 -0.0108066 0.00385125
-1.58808 -0.00969716 0.0043107
-1.58418 -0.00849071 0.00481369
-1.58077 -0.007215 0.00535083
-1.57747 -0.00590641 0.00591051
-1.57384 -0.00460499 0.0064828
-1.56952 -0.00334911 0.00705956
-1.5642 -0.00216982 0.00763891
-1.55764 -0.00108734 0.00822128
-1.54961 -0.000109752 0.00880363
-1.53996 0.00076535 0.009383
-1.52859 0.00154785 0.00995546
-1.51547 0.00225381 0.0105178
-1.50063 0.00290379 0.0110699
-1.48412 0.00352063 0.0116146
-1.46606 0.0041247 0.0121571
-1.44663 0.00472727 0.0127075
-1.42616 0.0053279 0.0132819
-1.40507 0.00591761 0.0138987
-1.38383 0.00648331 0.0145769
-1.36292 0.0070113 0.0153325
-1.34283 0.00749044 0.0161748
-1.324 0.0079132 0.017111
-1.30673 0.00827625 0.0181415
-1.29117 0.0085836 0.0192677
-1.2772 0.00884749 0.0204989
-1.26454 0.00908198 0.0218303
-1.25283 0.00930059 0.0232532
-1.24172 0.00951787 0.0247587
-1.23095 0.00974444 0.0263563
-1.22042 0.0099852 0.0280514
-1.21015 0.0102371 0.0298357
-1.20024 0.0104899 0.0316881
-1.19082 0.0107252 0.0335933
-1.18201 0.0109061 0.0355312
-1.17391 0.0109792 0.0374751
-1.16655 0.0108924 0.0394072
-1.15987 0.0106012 0.0413013
-1.15367 0.0100681 0.0431616
-1.14762 0.00927179 0.0449641
-1.14134 0.00820756 0.0466327
-1.13436 0.00688008 0.0480998
-1.12623 0.00530526 0.0493115
-1.11662 0.00350636 0.0502328
-1.10533 0.00150981 0.0508547
-1.09242 -0.000654733 0.05119
-1.0781 -0.00295718 0.0512721
-1.0627 -0.00536914 0.0511402
-1.0466 -0.00786949 0.0508321
-1.03022 -0.0104506 0.0503872
-1.01401 -0.0131162 0.0498527
-0.998399 -0.0158747 0.0492705
-0.98378 -0.018734 0.0486595
-0.970436 -0.0216973 0.0480164
-0.958546 -0.0247614 0.0473442
-0.948242 -0.0279174 0.0466574
-0.939678 -0.0311485 0.0459714
-0.93306 -0.034428 0.0452954
-0.928594 -0.0377146 0.0446213
-0.926401 -0.0409514 0.043925
-0.926469 -0.044072 0.0431804
-0.928662 -0.0470126 0.0423732
-0.932781 -0.0497223 0.0415091
-0.938608 -0.0521708 0.0406098
-0.945933 -0.0543517 0.0397065
-0.954572 -0.0562811 0.0388404
-0.964377 -0.0579953 0.038048
-0.975262 -0.0595456 0.037348
-0.987181 -0.0609934 0.036733
-1.00004 -0.062404 0.0361633
-1.01363 -0.0638396 0.035582
-1.02752 -0.0653503 0.0349288
-1.04113 -0.0669683 0.0341497
-1.05386 -0.0687064 0.0332169
-1.06516 -0.070557 0.0321248
-1.07464 -0.0724973 0.030884
-1.0821 -0.0744929 0.0295147
-1.0875 -0.0764989 0.0280341
-1.09096 -0.0784643 0.0264568
-1.09283 -0.0803388 0.0247917
-1.09355 -0.0820834 0.0230566
-1.09362 -0.0836771 0.0212817
-1.09355 -0.0851139 0.0195132
-1.09379 -0.086399 0.017815
-1.09473 -0.0875407 0.0162329
-1.09666 -0.0885417 0.014785
-1.09976 -0.0893956 0.0134675
-1.10403 -0.0900872 0.0122651
-1.10932 -0.0905981 0.0111645
-1.11544 -0.0909121 0.010156
-1.1223 -0.0910161 0.00923725
-1.12995 -0.090895 0.00841764
-1.13862 -0.0905271 0.00771551
-1.14863 -0.0898819 0.00714643
-1.16036 -0.0889267 0.00671296
-1.1741 -0.0876383 0.00640317
-1.19005 -0.0860138 0.00620134
-1.20826 -0.0840768 0.00609724
-1.22863 -0.0818708 0.00608645
-1.25092 -0.0794462 0.00616708
-1.2748 -0.0768492 0.00633243
-1.2998 -0.0741171 0.00656708
-1.32543 -0.0712797 0.006848
-1.35107 -0.0683674 0.00714334
-1.37607 -0.0654147 0.00741689
-1.39971 -0.0624588 0.00763079
-1.42133 -0.0595359 0.00774714
-1.44039 -0.0566804 0.00773804
-1.45651 -0.0539249 0.00758606
-1.46954 -0.0513012 0.00729377
-1.4795 -0.0488377 0.00688989
-1.48659 -0.0465518 0.00640456
-1.49114 -0.0444495 0.00585767
-1.49362 -0.042527 0.00526698
-1.49452 -0.040767 0.00464435
-1.49436 -0.0391362 0.00400589
-1.4936 -0.0375856 0.00337352
-1.49265 -0.0360492 0.0027673
-1.49188 -0.0344478 0.00220728
-1.4916 -0.0327043 0.00171223
-1.492 -0.0307597 0.00130117
-1.49317 -0.0285828 0.000989366
-1.49507 -0.0261739 0.000789011
-1.49751 -0.0235601 0.000707562
-1.50026 -0.0207847 0.000747331
-1.50318 -0.0178988 0.000907481
-1.50623 -0.0149531 0.00118151
-1.50952 -0.0119964 0.00155909
-1.51322 -0.00907898 0.00203179
-1.51752 -0.00625364 0.00258767
-1.52258 -0.00357081 0.00321256
-1.52845 -0.00107021 0.00389743
-1.53505 0.00123107 0.00463915
-1.54218 0.00334538 0.00543728
-1.54955 0.00531159 0.00629144
-1.55682 0.00718365 0.00720326
-1.56368 0.00901535 0.00817252
-1.56987 0.0108483 0.00919922
-1.57521 0.0127055 0.0102751
-1.57958 0.0145908 0.011386
-1.58296 0.0164942 0.0125107
-1.58548 0.018396 0.0136206
-1.58734 0.0202658 0.0146892
-1.58875 0.0220625 0.0156875
-1.58986 0.0237353 0.016596
-1.59065 0.0252266 0.0174018
-1.59102 0.0264802 0.0180981
-1.59082 0.0274497 0.0186855
-1.58988 0.0281091 0.0191652
-1.58807 0.0284581 0.0195412
-1.58526 0.0285203 0.019819
-1.58136 0.0283369 0.02
-1.57629 0.0279582 0.0200837
-1.57008 0.0274376 0.0200702
-1.5628 0.0268282 0.019961
-1.55458 0.0261794 0.0197606
-1.5456 0.0255319 0.0194768
-1.53602 0.0249127 0.0191213
-1.52605 0.024331 0.018709
-1.51594 0.0237781 0.0182581
-1.50596 0.0232323 0.0177853
-1.49645 0.0226657 0.017308
-1.48774 0.0220505 0.0168407
-1.48014 0.0213649 0.0163933
-1.47394 0.0205944 0.0159723
-1.46931 0.0197335 0.0155821
-1.46632 0.0187889 0.0152299
-1.46488 0.0177796 0.0149232
-1.46481 0.0167382 0.0146694
-1.46585 0.0157075 0.0144736
-1.46767 0.0147346 0.0143386
-1.46995 0.0138629 0.0142638
-1.47234 0.0131251 0.014244
-1.47448 0.0125386 0.0142692
-1.47603 0.0121038 0.0143263
-1.47671 0.011803 0.0143995
-1.47628 0.0116017 0.014474
-1.47466 0.0114513 0.0145392
-1.47179 0.0112936 0.0145891
-1.46766 0.0110674 0.0146206
-1.46228 0.0107152 0.0146324
-1.45566 0.0101912 0.0146241
-1.4478 0.00946784 0.0145977
-1.43874 0.00853917 0.0145601
-1.42856 0.00742219 0.0145217
-1.41743 0.00615493 0.0144968
-1.40559 0.00479119 0.0145001
-1.39328 0.00339274 0.0145433
-1.38073 0.00201833 0.0146372
-1.36813 0.000714946 0.0147915
-1.35562 -0.000486346 0.0150131
-1.34341 -0.00157097 0.0153069
-1.33178 -0.00253933 0.0156756
-1.32105 -0.00340529 0.01612
-1.31152 -0.0041949 0.0166386
-1.30342 -0.00494469 0.0172276
-1.29686 -0.00569843 0.0178799
-1.29182 -0.00650313 0.0185843
-1.28817 -0.00740337 0.0193274
-1.28577 -0.00843603 0.0200971
-1.2844 -0.00962523 0.0208929
-1.28384 -0.010979 0.0217169
-1.28385 -0.0124892 0.0225694
-1.28416 -0.0141405 0.0234313
-1.28452 -0.015915 0.0242709
-1.28468 -0.0177881 0.0250619
-1.28433 -0.0197346 0.0257798
-1.28318 -0.0217395 0.0263752
-1.28093 -0.0238043 0.0267981
-1.2774 -0.0259437 0.0270352
-1.2725 -0.0281824 0.0270859
-1.26625 -0.030552 0.0269642
-1.25876 -0.0330864 0.0266871
-1.25013 -0.0358173 0.0262619
-1.24044 -0.0387714 0.025688
-1.22976 -0.0419676 0.0249633
-1.21812 -0.0454113 0.0240945
-1.20556 -0.0490914 0.023098
-1.19213 -0.0529767 0.0219995
-1.17794 -0.0570185 0.0208389
-1.16311 -0.0611565 0.0196622
-1.14786 -0.0653215 0.0185039
-1.13242 -0.0694421 0.0173847
-1.11711 -0.073452 0.0163241
-1.1023 -0.0772908 0.0153385
-1.08833 -0.0809053 0.0144409
-1.07557 -0.0842555 0.013646
-1.06432 -0.0873172 0.0129681
-1.0548 -0.0900818 0.0124214
-1.04718 -0.0925538 0.012023
-1.04156 -0.0947449 0.0117871
-1.03797 -0.0966691 0.0117205
-1.03641 -0.0983399 0.011822
-1.03683 -0.0997672 0.012085
-1.03917 -0.100957 0.0125007
-1.04332 -0.101908 0.0130598
-1.04915 -0.102617 0.0137476
-1.05652 -0.10307 0.0145452
-1.06526 -0.103254 0.0154377
-1.0752 -0.103151 0.016407
-1.08615 -0.102751 0.0174303
-1.09794 -0.102053 0.0184789
-1.11038 -0.101062 0.0195183
-1.12326 -0.0997898 0.0205177
-1.13637 -0.0982602 0.0214392
-1.14947 -0.0965063 0.0222395
-1.16224 -0.0945712 0.0228776
-1.1743 -0.0925049 0.0233171
-1.18522 -0.0903608 0.023534
-1.1946 -0.0881919 0.0235146
-1.20213 -0.0860448 0.0232567
-1.20757 -0.0839563 0.0227698
-1.21083 -0.0819508 0.0220728
-1.21191 -0.0800381 0.0211907
-1.21092 -0.0782126 0.0201581
-1.20808 -0.0764528 0.0190104
-1.20365 -0.0747214 0.0177799
-1.19791 -0.0729654 0.0165092
-1.19114 -0.0711279 0.0152581
-1.18361 -0.069157 0.0140845
-1.17561 -0.0670032 0.0130292
-1.16745 -0.0646237 0.0121203
-1.15949 -0.0619887 0.0113734
-1.15212 -0.0590889 0.010803
-1.14578 -0.0559329 0.0104194
-1.1409 -0.0525377 0.0102247
-1.13795 -0.0489281 0.0102207
-1.13733 -0.0451284 0.0104056
-1.13939 -0.041158 0.0107753
-1.14436 -0.0370336 0.0113244
-1.15236 -0.0327695 0.0120501
-1.16344 -0.0283767 0.0129526
-1.1775 -0.023864 0.0140302
-1.19434 -0.0192393 0.015275
-1.21359 -0.0145131 0.0166734
-1.23472 -0.00970374 0.0182117
-1.25711 -0.00484223 0.019867
-1.28012 2.13295e-05 0.0216071
-1.30315 0.00481773 0.0233916
-1.32559 0.00946138 0.0251783
-1.34689 0.0138538 0.0269609
-1.36659 0.0178957 0.0286913
-1.38431 0.0214974 0.0302879
-1.39977 0.0245867 0.0317033
-1.41275 0.0271176 0.032881
-1.4231 0.0290708 0.0337802
-1.43078 0.0304606 0.034376
-1.43573 0.0313342 0.0346554
-1.43797 0.0317609 0.0346211
-1.43751 0.0318205 0.0342781
-1.43441 0.0315935 0.0336403
-1.42876 0.0311512 0.0327325
-1.42067 0.0305473 0.0315919
-1.41035 0.0298163 0.0302556
-1.39809 0.0289725 0.0287813
-1.38431 0.0280086 0.0272236
-1.36954 0.0268931 0.0256179
-1.35439 0.0255831 0.0240057
-1.33951 0.0240385 0.0224377
-1.32557 0.0222329 0.0209648
-1.31321 0.0201643 0.019589
-1.30298 0.0178548 0.0183147
-1.29529 0.0153495 0.0171598
-1.29041 0.0127144 0.0161334
-1.28845 0.0100327 0.0152483
-1.28936 0.00739901 0.0145126
-1.29297 0.00491043 0.0139364
-1.29906 0.00265616 0.0135267
-1.30738 0.000705855 0.0132851
-1.31773 -0.000899353 0.0132037
-1.3299 -0.00215142 0.0132697
-1.34367 -0.00307582 0.0134656
-1.35874 -0.00373208 0.0137705
-1.37473 -0.00420955 0.0141574
-1.39108 -0.00461869 0.0145938
-1.40715 -0.00507847 0.0150454
-1.42224 -0.00569904 0.0154761
-1.43571 -0.00656439 0.0158521
-1.44698 -0.00771681 0.0161445
-1.45562 -0.0091545 0.0163274
-1.46134 -0.0108399 0.0163831
-1.46399 -0.0127086 0.0163036
-1.46361 -0.0146805 0.0160865
-1.46039 -0.0166728 0.0157353
-1.45468 -0.0186066 0.0152579
-1.44687 -0.0204137 0.0146681
-1.43737 -0.0220475 0.0139807
-1.42651 -0.0234868 0.0132136
-1.4146 -0.0247359 0.0123914
-1.40185 -0.0258226 0.0115413
-1.38845 -0.0267904 0.0106886
-1.37458 -0.0276875 0.00986015
-1.36047 -0.0285587 0.00908613
-1.34641 -0.0294359 0.00839242
-1.33279 -0.0303285 0.00779703
-1.32003 -0.0312212 0.00731273
-1.30857 -0.0320784 0.00694915
-1.29873 -0.0328517 0.00671189
-1.2907 -0.0334868 0.0066055
-1.28455 -0.033931 0.00663689
-1.28025 -0.0341372 0.00681177
-1.27768 -0.0340686 0.00713402
-1.27664 -0.0337064 0.00760448
-1.27684 -0.0330555 0.00822027
-1.27799 -0.0321478 0.00897587
-1.27981 -0.03104 0.00986199
-1.28211 -0.0298059 0.0108648
-1.2848 -0.0285256 0.0119696
-1.28789 -0.0272772 0.0131622
-1.29148 -0.0261285 0.0144257
-1.29564 -0.0251332 0.0157437
-1.30036 -0.0243264 0.0170972
-1.30552 -0.0237202 0.018457
-1.31082 -0.023309 0.0198019
-1.31583 -0.0230799 0.0211027
-1.32001 -0.0230167 0.022314
-1.32281 -0.0230999 0.023396
-1.32372 -0.0233122 0.0243157
-1.32232 -0.0236471 0.0250467
-1.31834 -0.0241174 0.0255709
-1.31166 -0.0247517 0.0258815
-1.30234 -0.0255895 0.0259842
-1.29059 -0.0266762 0.0258952
-1.27671 -0.0280555 0.0256367
-1.26108 -0.0297606 0.0252333
-1.24409 -0.0318085 0.024711
-1.22611 -0.0341952 0.0240987
-1.20747 -0.0368903 0.0234283
-1.18847 -0.0398398 0.0227288
-1.16937 -0.0429722 0.0220186
-1.15042 -0.0462041 0.0213135
-1.13191 -0.0494517 0.0206337
-1.11416 -0.0526421 0.0200007
-1.09754 -0.0557141 0.0194353
-1.0825 -0.0586135 0.0189566
-1.06947 -0.0612943 0.0185775
-1.05884 -0.0637201 0.0183059
-1.05093 -0.0658678 0.0181516
-1.04597 -0.0677323 0.018126
-1.0441 -0.0693264 0.0182436
-1.04536 -0.0706744 0.0185185
-1.0497 -0.0718029 0.018961
-1.05696 -0.0727353 0.0195737
-1.06684 -0.0734869 0.0203452
-1.07893 -0.0740658 0.0212516
-1.0928 -0.0744786 0.0222469
-1.10796 -0.0747289 0.0232625
-1.12386 -0.074815 0.0242308
-1.13994 -0.0747374 0.0251048
-1.15562 -0.0744994 0.0258408
-1.17038 -0.0741121 0.0263921
-1.18378 -0.0735994 0.0267417
-1.19553 -0.072994 0.0268783
-1.20546 -0.0723312 0.0267771
-1.21354 -0.071649 0.0264314
-1.21981 -0.0709839 0.0258517
-1.22436 -0.0703656 0.025057
-1.22731 -0.0698136 0.0240743
-1.22877 -0.0693344 0.0229281
-1.22883 -0.0689163 0.0216348
-1.22754 -0.0685264 0.020214
-1.22497 -0.068111 0.0186983
-1.22128 -0.0675964 0.017127
-1.21673 -0.0669002 0.0155404
-1.21162 -0.0659511 0.0139897
-1.20628 -0.0646918 0.0125299
-1.20115 -0.0630796 0.0112093
-1.19674 -0.0610893 0.0100551
-1.1936 -0.0587131 0.00908817
-1.19229 -0.0559581 0.00832236
-1.19324 -0.0528447 0.00775917
-1.19673 -0.049404 0.00739241
-1.20291 -0.0456751 0.00721376
-1.21182 -0.0416993 0.00722467
-1.22335 -0.0375152 0.00742469
-1.23731 -0.0331528 0.00781366
-1.25341 -0.0286319 0.00838981
-1.27126 -0.023965 0.00914574
-1.29049 -0.0191633 0.0100693
-1.31069 -0.014242 0.0111446
-1.33147 -0.00922469 0.0123499
-1.35239 -0.00414595 0.0136596
-1.37305 0.000946114 0.0150451
-1.39304 0.00598802 0.0164747
-1.41204 0.0109004 0.0179216
-1.42986 0.0155935 0.0193563
-1.44633 0.0199761 0.0207517
-1.46134 0.0239648 0.02208
-1.47476 0.0274964 0.0233055
-1.48645 0.0305369 0.0243929
-1.49625 0.0330837 0.025311
-1.50403 0.0351618 0.0260418
-1.50968 0.0368158 0.0265791
-1.51316 0.0381019 0.026924
-1.51449 0.039083 0.0270827
-1.51374 0.0398208 0.0270662
-1.51107 0.0403655 0.0268848
-1.50668 0.0407459 0.0265466
-1.50079 0.0409636 0.0260622
-1.49369 0.0409934 0.0254507
-1.48569 0.0407917 0.0247371
-1.4772 0.040307 0.023944
-1.46863 0.0394885 0.0230877
-1.46043 0.0382956 0.0221844
-1.45294 0.0367074 0.0212506
-1.44645 0.0347266 0.0203065
-1.44115 0.0323789 0.019368
-1.43709 0.0297122 0.0184416
-1.43425 0.0267935 0.0175388
-1.43256 0.0237029 0.0166744
-1.43191 0.0205237 0.0158635
-1.43224 0.0173333 0.0151191
-1.43345 0.0141941 0.0144484
-1.43544 0.0111463 0.0138512
-1.43808 0.0082052 0.0133211
-1.44116 0.00536045 0.0128461
-1.44447 0.00258003 0.0124107
-1.44776 -0.000184557 0.0120011
-1.45088 -0.00298915 0.0116065
-1.4537 -0.0058873 0.0112203
-1.45612 -0.00892056 0.0108397
-1.45806 -0.0121097 0.0104631
-1.45941 -0.0154505 0.0100872
-1.46005 -0.0189135 0.00970687
-1.45981 -0.0224469 0.00931653
-1.45852 -0.0259833 0.0089069
-1.45601 -0.0294497 0.00847048
-1.45212 -0.0327786 0.008006
-1.44676 -0.0359143 0.00751568
-1.4399 -0.0388178 0.00700673
-1.43158 -0.0414697 0.00648822
-1.42187 -0.0438705 0.00596789
-1.41085 -0.0460403 0.00545302
-1.39861 -0.0480152 0.00495152
-1.38526 -0.0498404 0.00447169
-1.37092 -0.0515604 0.00402658
-1.35578 -0.0532099 0.00363177
-1.33999 -0.0548063 0.00330439
-1.32375 -0.0563467 0.0030626
-1.30723 -0.0578093 0.00292286
-1.29062 -0.0591568 0.00290165
-1.27416 -0.060339 0.00301413
-1.25812 -0.0612982 0.0032715
-1.24277 -0.0619759 0.00368109
-1.22835 -0.0623229 0.00424843
-1.21501 -0.0623053 0.00497657
-1.20287 -0.0619095 0.00586837
-1.19202 -0.0611425 0.006927
-1.18255 -0.0600285 0.0081529
-1.1746 -0.0586047 0.00954574
-1.16828 -0.0569169 0.0111023
-1.16366 -0.055018 0.0128136
-1.16077 -0.0529654 0.0146709
-1.15945 -0.0508176 0.0166598
-1.15934 -0.0486317 0.0187557
-1.16004 -0.046465 0.0209372
-1.16116 -0.0443671 0.0232042
