-2.64203e-05 2.57117e-15 -0.0626005
-7.92714e-05 -8.14708e-09 -0.0626009
-0.000285992 -6.42766e-08 -0.0626025
-0.000685259 -4.94721e-07 -0.0626065
-0.00125867 -3.34411e-06 -0.0626144
-0.00198805 -1.47659e-05 -0.0626277
-0.00285305 -4.29139e-05 -0.0626469
-0.00384578 -8.71499e-05 -0.0626728
-0.00500372 -0.00012925 -0.0627126
-0.00643824 -0.0001403 -0.0627848
-0.00829865 -9.71796e-05 -0.0629088
-0.0106687 5.61365e-06 -0.0630831
-0.0135507 0.000154509 -0.0632866
-0.0169276 0.000325277 -0.0635006
-0.0207811 0.000492651 -0.0637195
-0.0250695 0.000635474 -0.0639437
-0.0297236 0.000744267 -0.0641794
-0.0346803 0.00083115 -0.0644437
-0.0398798 0.000932837 -0.0647603
-0.0452244 0.00110273 -0.0651479
-0.0505434 0.00139446 -0.0656118
-0.0556301 0.00184416 -0.0661387
-0.0602989 0.00245744 -0.0666966
-0.0643801 0.00320333 -0.0672374
-0.0677426 0.00401745 -0.0677058
-0.0702744 0.00481241 -0.0680536
-0.0718452 0.00549234 -0.0682515
-0.0723653 0.00597233 -0.0682887
-0.0718246 0.00620191 -0.0681675
-0.0703352 0.00618611 -0.067906
-0.068177 0.00599155 -0.0675449
-0.0656954 0.00572412 -0.0671405
-0.063147 0.00548357 -0.0667425
-0.0606217 0.00532394 -0.0663726
-0.0580552 0.00524272 -0.066023
-0.0554078 0.00519986 -0.0656831
-0.0528442 0.00515174 -0.0653691
-0.050698 0.00507372 -0.0651278
-0.0493335 0.00496004 -0.0650134
-0.0489555 0.00481287 -0.065059
-0.0494574 0.004632 -0.0652532
-0.0504245 0.00441564 -0.0655425
-0.0512366 0.00417262 -0.0658571
-0.0513577 0.00392915 -0.0661408
-0.0505537 0.00372154 -0.0663657
-0.0488184 0.00357883 -0.0665222
-0.0462629 0.00350212 -0.0665999
-0.0429558 0.00344967 -0.0665797
-0.0387925 0.00333499 -0.0664335
-0.0336061 0.00304674 -0.0661213
-0.0273366 0.00249156 -0.0656007
-0.0200854 0.00163947 -0.0648587
-0.0121374 0.000547118 -0.0639379
-0.00393203 -0.00066097 -0.0629281
0.0040725 -0.00184425 -0.0619331
0.0115623 -0.00288422 -0.0610357
0.0184407 -0.00369068 -0.0602851
0.0247335 -0.00420343 -0.0597148
0.0305127 -0.00440151 -0.0593561
0.0358989 -0.00431126 -0.0592157
0.0410422 -0.00400092 -0.0592532
0.0460567 -0.00355689 -0.0594019
0.0509373 -0.00306086 -0.0595981
0.0556951 -0.0025881 -0.0597775
0.0605051 -0.00221953 -0.0598669
0.0656167 -0.00204397 -0.0597932
0.0712407 -0.00213977 -0.0594974
0.0773293 -0.00254586 -0.0589511
0.0833545 -0.00324101 -0.0581772
0.0885785 -0.00414721 -0.0572586
0.0924379 -0.00516153 -0.0563178
0.094648 -0.00619843 -0.0554732
0.0952704 -0.00721025 -0.0547993
0.0945378 -0.00815577 -0.0543312
0.0925287 -0.00893794 -0.0541111
0.0890768 -0.00938946 -0.0542292
0.0839536 -0.00933711 -0.0548008
0.0771128 -0.00869243 -0.0558648
0.0687832 -0.00750709 -0.0572994
0.0594213 -0.00595582 -0.0588884
0.0494499 -0.00426893 -0.0604236
0.0393282 -0.00268649 -0.0617509
0.0298486 -0.00144817 -0.0627687
0.0219219 -0.000762733 -0.0634059
0.0162749 -0.00073325 -0.0636269
0.0130263 -0.00127248 -0.0634676
0.011355 -0.0020765 -0.0630769
0.00997441 -0.00272258 -0.0626747
0.00784945 -0.00286416 -0.0624337
0.00470502 -0.00239762 -0.062373
0.00108861 -0.00149846 -0.0623444
-0.00227608 -0.000507167 -0.0621566
-0.00527433 0.000267645 -0.0617543
-0.00873561 0.000691785 -0.0612977
-0.0141378 0.000823849 -0.0610864
-0.0226459 0.000850979 -0.0613899
-0.034292 0.000999947 -0.062312
-0.0480773 0.00147468 -0.0637682
-0.062438 0.00242975 -0.065569
-0.0759462 0.00394407 -0.0674995
-0.0879387 0.00599049 -0.0693586
-0.0982924 0.00840652 -0.0709884
-0.107078 0.0108791 -0.0722724
-0.11435 0.0129823 -0.0731326
-0.119942 0.0142753 -0.0735274
-0.123716 0.0144475 -0.0734571
-0.125841 0.0134646 -0.0729768
-0.1268 0.0116071 -0.0721988
-0.127254 0.0093677 -0.0712876
-0.127655 0.00728048 -0.0703938
-0.127999 0.00576042 -0.0695916
-0.128076 0.00502117 -0.0689206
-0.127772 0.00507843 -0.0684637
-0.127215 0.00579246 -0.0683242
-0.126748 0.00694628 -0.0685678
-0.126555 0.00831448 -0.0692105
-0.126402 0.00967417 -0.0701886
-0.125694 0.0108387 -0.0713573
-0.12356 0.0117166 -0.0725011
-0.119143 0.0122944 -0.073353
-0.112098 0.0125959 -0.0736785
-0.1026 0.0126614 -0.073373
-0.0910975 0.0124727 -0.0724524
-0.0781751 0.0118892 -0.0709788
-0.0644442 0.010694 -0.0690143
-0.0506108 0.00872 -0.0666604
-0.0375855 0.00598165 -0.0641426
-0.0262692 0.00271896 -0.061775
-0.0171527 -0.000667619 -0.0598476
-0.0104531 -0.00370829 -0.058547
-0.00642839 -0.00594183 -0.0579526
-0.00533584 -0.0069876 -0.0580873
-0.00741376 -0.00662875 -0.0589437
-0.0125765 -0.00493598 -0.0604613
-0.0200026 -0.00234209 -0.0624454
-0.0282712 0.000470197 -0.064598
-0.0358775 0.00281252 -0.0665688
-0.0418848 0.00422448 -0.0681179
-0.0462029 0.00459315 -0.0691967
-0.049133 0.00410428 -0.0698537
-0.050824 0.00309311 -0.0701116
-0.0511008 0.00189602 -0.0698984
-0.0496543 0.000755112 -0.0691133
-0.0465343 -0.000203202 -0.0677311
-0.0424825 -0.000956448 -0.0658816
-0.0387853 -0.0015696 -0.0638547
-0.0368959 -0.00215027 -0.061992
-0.0380337 -0.00277338 -0.0605501
-0.0428697 -0.00338589 -0.0597088
-0.051462 -0.00374319 -0.0596298
-0.0633353 -0.0034701 -0.0605072
-0.0777201 -0.00225505 -0.0623349
-0.0936056 -1.50172e-05 -0.0648649
-0.109597 0.00313808 -0.0677427
-0.12436 0.00700829 -0.070705
-0.137181 0.0113027 -0.0735695
-0.147664 0.0155674 -0.0761003
-0.155055 0.0193089 -0.0778249
-0.158622 0.0222613 -0.0785749
-0.1585 0.0243438 -0.0786302
-0.155162 0.0253632 -0.0781415
-0.148454 0.0250615 -0.0769107
-0.138074 0.0233927 -0.0748589
-0.124411 0.0205599 -0.0721659
-0.108598 0.0169219 -0.0691043
-0.0925808 0.0129921 -0.0659749
-0.0788291 0.00943287 -0.0630908
-0.0696393 0.00689772 -0.0609078
-0.0668217 0.00576734 -0.0596778
-0.070709 0.00598338 -0.0594744
-0.0797446 0.00707756 -0.0601304
-0.0920719 0.00836998 -0.0613989
-0.106294 0.00928567 -0.0630785
-0.121745 0.00956993 -0.0650941
-0.139321 0.00929318 -0.0675073
-0.16009 0.00878914 -0.0704542
-0.183576 0.00854056 -0.0738623
-0.208403 0.009022 -0.0774365
-0.232601 0.0105097 -0.0808642
-0.253316 0.012877 -0.0835659
-0.267954 0.0155851 -0.0851088
-0.275393 0.0180005 -0.0854799
-0.275758 0.0196701 -0.0851213
-0.270183 0.0202513 -0.0840562
-0.260673 0.0195324 -0.0823836
-0.248812 0.0176334 -0.0803823
-0.235594 0.0150316 -0.0782292
-0.221965 0.0124239 -0.0760796
-0.207647 0.0104953 -0.0739959
-0.191648 0.00967379 -0.071907
-0.174256 0.0100783 -0.0697274
-0.1564 0.0116286 -0.0677214
-0.138911 0.0140914 -0.0660997
-0.122962 0.017028 -0.0650564
-0.108923 0.0198213 -0.0647031
-0.0960659 0.0219046 -0.0650617
-0.0840312 0.0230236 -0.0659337
-0.0724891 0.0233127 -0.0670736
-0.0604968 0.0231723 -0.0681795
-0.0474427 0.0230467 -0.068959
-0.0330735 0.0232182 -0.0691974
-0.01641 0.0236042 -0.0688019
0.00398282 0.023627 -0.0676299
0.0291423 0.0224735 -0.0654861
0.0594919 0.0195493 -0.0624782
0.0936428 0.0146255 -0.0589994
0.12847 0.00788262 -0.0554774
0.161561 6.90606e-05 -0.052026
0.191489 -0.00775342 -0.0489816
0.216989 -0.0147274 -0.0464611
0.237771 -0.020357 -0.044569
0.254583 -0.0246178 -0.0430896
0.268236 -0.0279865 -0.0417223
0.27909 -0.0310458 -0.0403532
0.286701 -0.0341546 -0.0394403
0.289503 -0.0375207 -0.0393225
0.285732 -0.0412314 -0.039954
0.27455 -0.0449637 -0.0415389
0.255818 -0.0479642 -0.0442681
0.230806 -0.0495953 -0.04791
0.203432 -0.0496496 -0.0516752
0.178456 -0.0482458 -0.0548374
0.158776 -0.045783 -0.0569498
0.144788 -0.0427557 -0.0581115
0.134567 -0.0394928 -0.0587016
0.124974 -0.0362123 -0.059066
0.11358 -0.033201 -0.0593796
0.0996221 -0.0307519 -0.0598141
0.0838158 -0.0289921 -0.060351
0.0683884 -0.0278114 -0.0607697
0.0564017 -0.0268345 -0.0607276
0.0489403 -0.0254628 -0.0600884
0.0441782 -0.0230419 -0.0589897
0.0390462 -0.0190707 -0.0578399
0.0294367 -0.0133441 -0.0570679
0.0115197 -0.00609284 -0.0570796
-0.0159272 0.00200493 -0.0580534
-0.0520319 0.0100028 -0.0599677
-0.094421 0.0169493 -0.0625427
-0.139407 0.0222466 -0.0652547
-0.184148 0.0258949 -0.0680188
-0.228256 0.0285035 -0.0710441
-0.272612 0.0311077 -0.0743019
-0.317352 0.0347857 -0.0778288
-0.361282 0.0402563 -0.0817023
-0.402512 0.0475404 -0.0856904
-0.439052 0.0559011 -0.0894013
-0.470062 0.0643391 -0.0922873
-0.496606 0.0721904 -0.0938427
-0.519719 0.0789144 -0.0943226
-0.539683 0.083604 -0.0948079
-0.556205 0.0854464 -0.0956308
-0.567462 0.0842668 -0.0958286
-0.571192 0.0804482 -0.0951524
-0.566615 0.0748599 -0.0939131
-0.554745 0.0685937 -0.0919131
-0.537973 0.0624999 -0.0888033
-0.520103 0.0571876 -0.0850791
-0.505494 0.0531946 -0.0815704
-0.495856 0.0508265 -0.0790953
-0.489408 0.0498087 -0.077879
-0.484624 0.0492573 -0.0772763
-0.481169 0.0483075 -0.0773122
-0.477873 0.046616 -0.0778366
-0.473817 0.0441196 -0.0786414
-0.469704 0.0407621 -0.0797699
-0.46604 0.0367421 -0.081048
-0.461978 0.0325176 -0.0824765
-0.456597 0.0284904 -0.0839349
-0.449614 0.0250423 -0.0849505
-0.441049 0.0225932 -0.0853297
-0.431236 0.0213158 -0.0855781
-0.420698 0.0209069 -0.0859531
-0.409138 0.0208062 -0.0860151
-0.394669 0.0205385 -0.0856168
-0.374311 0.0196996 -0.0850395
-0.345173 0.0178304 -0.0839066
-0.306337 0.0146793 -0.0815031
-0.260471 0.0104965 -0.0781129
-0.211956 0.00587125 -0.0747575
-0.163714 0.00146843 -0.071673
-0.11678 -0.00213002 -0.0684685
-0.070498 -0.00466031 -0.0653662
-0.0229235 -0.00618712 -0.0620626
0.0264796 -0.00686375 -0.0586111
0.0759491 -0.00686605 -0.0552037
0.123829 -0.00636771 -0.0519337
0.169 -0.00555661 -0.0493771
0.210623 -0.00479035 -0.0476083
0.249582 -0.00455485 -0.0460683
0.287164 -0.00524919 -0.0444836
0.322505 -0.00695726 -0.0430734
0.353903 -0.00932167 -0.0417822
0.380373 -0.0118273 -0.0408466
0.401139 -0.0142985 -0.0406518
0.416748 -0.0169774 -0.0409503
0.429446 -0.0201771 -0.0410032
0.440698 -0.023991 -0.0405933
0.450654 -0.0282662 -0.039794
0.458919 -0.0327397 -0.0385096
0.463772 -0.0372059 -0.0370305
0.463283 -0.0416092 -0.0359259
0.45737 -0.0459176 -0.0353512
0.446687 -0.0499631 -0.035264
0.431581 -0.0535696 -0.0356993
0.412535 -0.056702 -0.0366333
0.389317 -0.0593083 -0.0379146
0.36085 -0.0611868 -0.0397267
0.326852 -0.0621262 -0.0421841
0.288572 -0.0620351 -0.0450914
0.248079 -0.0609966 -0.0481076
0.207156 -0.059274 -0.0509031
0.166603 -0.0570985 -0.0534426
0.125894 -0.0544464 -0.0559256
0.0838384 -0.0511341 -0.0586554
0.0400577 -0.047035 -0.0617512
-0.00451314 -0.0421133 -0.0649674
-0.0483908 -0.0363279 -0.0677668
-0.090138 -0.0297154 -0.0699154
-0.128383 -0.0225193 -0.0717329
-0.162617 -0.0150064 -0.0733954
-0.19407 -0.00734129 -0.0744278
-0.22434 0.000282287 -0.0749395
-0.253599 0.00763494 -0.0755239
-0.281458 0.014565 -0.0761571
-0.308116 0.0210348 -0.0764654
-0.333538 0.0271634 -0.0766085
-0.357515 0.0332676 -0.0770634
-0.380724 0.0397626 -0.0777577
-0.403393 0.0469601 -0.0786381
-0.423963 0.0548684 -0.0798704
-0.440538 0.0632167 -0.0814437
-0.451621 0.0716554 -0.082931
-0.455448 0.0797901 -0.0841741
-0.450551 0.0871935 -0.0853525
-0.436424 0.0934712 -0.0863662
-0.412371 0.0982808 -0.0868953
-0.376663 0.101431 -0.0869131
-0.327212 0.102999 -0.0863431
-0.262028 0.103232 -0.0848584
-0.179111 0.102253 -0.0822566
-0.0768351 0.0999075 -0.0782842
0.0457565 0.0959896 -0.072655
0.189345 0.0905307 -0.0648835
0.354163 0.0837121 -0.0550524
0.539311 0.0755976 -0.0433582
0.742904 0.0660517 -0.0298786
0.963382 0.0548157 -0.0143172
1.20046 0.0415791 0.00354469
1.4537 0.0259715 0.0235426
1.72125 0.00796806 0.0453696
2.00158 -0.011633 0.0699473
2.29484 -0.0317253 0.0974078
2.60218 -0.0517173 0.127814
2.92444 -0.0715528 0.1619
3.26182 -0.0912118 0.199253
3.61463 -0.110516 0.239421
3.98297 -0.129346 0.281865
4.36641 -0.147774 0.326113
4.76501 -0.165893 0.371623
5.1793 -0.183577 0.418409
5.60893 -0.200587 0.466674
6.05315 -0.216849 0.516277
6.51163 -0.232429 0.567122
6.98352 -0.247417 0.619673
7.46709 -0.261924 0.673877
7.96089 -0.276101 0.728989
8.464 -0.290253 0.78428
8.97559 -0.30483 0.839463
9.49454 -0.320258 0.894187
10.0192 -0.336865 0.948036
10.547 -0.354895 1.00078
11.0742 -0.374444 1.05234
11.5961 -0.395425 1.10255
12.1081 -0.41759 1.15125
12.6057 -0.440573 1.19856
13.0845 -0.463915 1.24455
13.5404 -0.487128 1.28905
13.9702 -0.509757 1.33191
14.3711 -0.531398 1.37307
14.7411 -0.551726 1.4125
15.0781 -0.570534 1.45002
15.3806 -0.587754 1.4855
15.6475 -0.60344 1.51899
15.8781 -0.617802 1.55067
16.0725 -0.631206 1.58071
16.231 -0.644121 1.60915
16.3534 -0.657134 1.636
16.4387 -0.670827 1.66068
16.4852 -0.685631 1.68211
16.4908 -0.70186 1.69879
16.4518 -0.719651 1.70794
16.363 -0.738746 1.70541
16.2211 -0.758251 1.68704
16.0289 -0.776823 1.65263
15.794 -0.793226 1.60667
15.5263 -0.806558 1.55576
15.2345 -0.816261 1.50497
14.9225 -0.82208 1.45563
14.5907 -0.82393 1.40383
14.2369 -0.821752 1.34086
13.8607 -0.815556 1.26069
13.4671 -0.805535 1.16599
13.0617 -0.791994 1.063
12.6455 -0.775165 0.95344
12.2178 -0.755115 0.837671
11.7809 -0.731547 0.718201
11.3384 -0.703443 0.598887
10.8932 -0.668785 0.504603
10.454 -0.623731 0.459255
10.0322 -0.565961 0.438716
9.62794 -0.502376 0.422718
9.23536 -0.443549 0.410517
8.85711 -0.393213 0.397159
8.50478 -0.351429 0.382517
8.18614 -0.31848 0.366569
7.89316 -0.295163 0.347317
7.60626 -0.283205 0.320257
7.30913 -0.283867 0.285734
6.99931 -0.29693 0.246054
6.68311 -0.321081 0.202117
6.35993 -0.354587 0.155413
6.01627 -0.395211 0.113875
5.6427 -0.438294 0.0788346
5.24798 -0.476488 0.0612695
4.84112 -0.50385 0.0783253
4.41477 -0.519165 0.128297
3.95592 -0.525013 0.192703
3.455 -0.522828 0.255735
2.9026 -0.510764 0.318435
2.29565 -0.486712 0.380381
1.64065 -0.450243 0.428215
0.944026 -0.402853 0.454963
0.21066 -0.348235 0.472475
-0.555442 -0.291799 0.484872
-1.35652 -0.238598 0.487038
-2.19517 -0.191239 0.472824
-3.06383 -0.149687 0.444439
-3.95051 -0.112619 0.406928
-4.84841 -0.0783641 0.360494
-5.75215 -0.0446823 0.306918
-6.65462 -0.00869037 0.251164
-7.55317 0.0316672 0.197499
-8.45012 0.0752311 0.144991
-9.34765 0.119657 0.0952856
-10.2466 0.166385 0.0539606
-11.1456 0.219474 0.0188606
-12.0418 0.281998 -0.00935049
-12.9339 0.355262 -0.0305911
-13.8226 0.437797 -0.0487641
-14.7095 0.525002 -0.0630912
-15.5972 0.610481 -0.0756886
-16.4846 0.688574 -0.0878945
-17.3673 0.757249 -0.100206
-18.2419 0.817831 -0.11209
-19.1107 0.871689 -0.121831
-19.9713 0.919136 -0.125364
-20.7981 0.959632 -0.125653
-21.562 0.992165 -0.120323
-22.2548 1.01736 -0.109169
-22.8863 1.03771 -0.099022
-23.4709 1.05681 -0.089315
-24.0093 1.07819 -0.0827866
-24.4963 1.10326 -0.0770303
-24.9373 1.13145 -0.0694028
-25.3444 1.16185 -0.0594806
-25.7212 1.19381 -0.0479817
-26.0597 1.22623 -0.0364248
-26.3589 1.25754 -0.0236912
-26.6272 1.28664 -0.0102444
-26.8713 1.31253 0.0034153
-27.0905 1.33331 0.0158757
-27.2839 1.34646 0.027387
-27.4564 1.35037 0.0381807
-27.6159 1.34516 0.0474633
-27.7678 1.33201 0.055013
-27.9117 1.3125 0.060806
-28.0455 1.28855 0.0654801
-28.1701 1.26231 0.0695925
-28.2883 1.23581 0.0734355
-28.4005 1.21027 0.0764458
-28.5021 1.1861 0.0784697
-28.5866 1.16329 0.0804308
-28.6496 1.1417 0.0837791
-28.6908 1.12095 0.0896399
-28.7109 1.10015 0.0983802
-28.7091 1.07798 0.1098
-28.6845 1.05301 0.123678
-28.6382 1.02391 0.139799
-28.5749 0.989668 0.15743
-28.5009 0.949883 0.174742
-28.4206 0.904736 0.190407
-28.3354 0.854977 0.203987
-28.2446 0.801898 0.215207
-28.1485 0.747237 0.224081
-28.0485 0.692903 0.230111
-27.9454 0.640567 0.232867
-27.8375 0.591539 0.232361
-27.721 0.546974 0.228929
-27.5925 0.50789 0.222866
-27.4506 0.47487 0.214403
-27.2951 0.447715 0.203731
-27.1256 0.425504 0.191461
-26.9401 0.406972 0.177976
-26.7356 0.390632 0.163407
-26.5102 0.374754 0.148445
-26.2636 0.357761 0.133977
-25.996 0.338593 0.119776
-25.7048 0.316512 0.105778
-25.3863 0.290958 0.0931716
-25.0386 0.261791 0.0831839
-24.6624 0.229509 0.0761812
-24.2583 0.195156 0.0716475
-23.8256 0.160059 0.0692878
-23.3632 0.125543 0.0693432
-22.8718 0.0926498 0.0719611
-22.3542 0.0620494 0.0764852
-21.8134 0.0340687 0.0821689
-21.2507 0.00873835 0.0887953
-20.6662 -0.0141003 0.096758
-20.0608 -0.0347314 0.106291
-19.437 -0.0536334 0.117176
-18.7983 -0.0715729 0.129396
-18.1475 -0.0895406 0.142532
-17.4865 -0.108543 0.156865
-16.8172 -0.12934 0.17371
-16.1423 -0.152143 0.192737
-15.4655 -0.17657 0.211981
-14.7903 -0.20188 0.230067
-14.119 -0.22705 0.247375
-13.4532 -0.250822 0.264681
-12.7937 -0.272089 0.282915
-12.1412 -0.290233 0.30279
-11.4964 -0.305211 0.324843
-10.8603 -0.317346 0.349964
-10.2345 -0.327032 0.378664
-9.62092 -0.335003 0.40993
-9.02025 -0.342588 0.441287
-8.4325 -0.351296 0.470894
-7.85797 -0.362224 0.497985
-7.29825 -0.37581 0.522318
-6.75601 -0.392056 0.544128
-6.23392 -0.410832 0.56375
-5.733 -0.431917 0.581716
-5.25243 -0.454938 0.598294
-4.79081 -0.479404 0.613203
-4.34684 -0.504811 0.626098
-3.91959 -0.530668 0.636532
-3.50782 -0.556423 0.644219
-3.10918 -0.581433 0.649516
-2.72071 -0.604993 0.653439
-2.3401 -0.62638 0.657108
-1.96611 -0.644993 0.661295
-1.59798 -0.66047 0.666046
-1.23397 -0.672565 0.67092
-0.871782 -0.681142 0.676199
-0.510222 -0.686375 0.684339
-0.149919 -0.688727 0.696119
0.206928 -0.688665 0.709372
0.558027 -0.686539 0.723305
0.902729 -0.682607 0.737951
1.24209 -0.677003 0.753284
1.57755 -0.669891 0.76915
1.90965 -0.661642 0.785763
2.23834 -0.652768 0.80401
2.56455 -0.643845 0.824463
2.89128 -0.635517 0.846984
3.22252 -0.628493 0.870893
3.56101 -0.623513 0.89569
3.90696 -0.621266 0.92137
4.25843 -0.622315 0.948305
4.61328 -0.627089 0.977092
4.97013 -0.635863 1.00827
5.32769 -0.648755 1.04179
5.68381 -0.66574 1.07689
6.03511 -0.686652 1.11243
6.37789 -0.711199 1.1474
6.70939 -0.738951 1.18112
7.02797 -0.769363 1.21327
7.33243 -0.80182 1.24363
7.62147 -0.835662 1.27199
7.89378 -0.870197 1.29828
8.14899 -0.904733 1.32261
8.38819 -0.938674 1.34516
8.61316 -0.971642 1.36616
8.82525 -1.00358 1.38601
9.02447 -1.03478 1.40509
9.20989 -1.06572 1.42374
9.38044 -1.09694 1.44211
9.53575 -1.12884 1.46015
9.67618 -1.16163 1.47753
9.80181 -1.19539 1.49385
9.91176 -1.23004 1.5087
10.0043 -1.26535 1.52167
10.0775 -1.30094 1.53244
10.1301 -1.33634 1.54087
10.1614 -1.37102 1.54679
10.1716 -1.40454 1.54986
10.1613 -1.43649 1.54953
10.1306 -1.46654 1.54539
10.0794 -1.49438 1.53733
10.0072 -1.51977 1.52523
9.91427 -1.54263 1.50876
9.80228 -1.56311 1.48772
9.67375 -1.58156 1.46238
9.53088 -1.59848 1.43332
9.37521 -1.61449 1.40121
9.20832 -1.63015 1.36665
9.0324 -1.64587 1.33015
8.84997 -1.66186 1.29227
8.66295 -1.67824 1.25359
8.47236 -1.69503 1.21458
8.27899 -1.71217 1.17567
8.08429 -1.72954 1.13748
7.89044 -1.74705 1.10047
7.69959 -1.76462 1.06499
7.51282 -1.78219 1.03136
7.32989 -1.79987 0.9998
7.14987 -1.81789 0.970592
6.97191 -1.83657 0.943824
6.79514 -1.85621 0.919541
6.61822 -1.87711 0.897532
6.43907 -1.89952 0.877105
6.25527 -1.92363 0.857712
6.06497 -1.94957 0.839068
5.86744 -1.97734 0.82095
5.66288 -2.00682 0.803271
5.45165 -2.03788 0.786024
5.23397 -2.07037 0.769075
5.01012 -2.10411 0.75231
4.78082 -2.13891 0.735895
4.54728 -2.17443 0.7201
4.31056 -2.21024 0.705288
4.07065 -2.24587 0.691797
3.82622 -2.28102 0.679789
3.57508 -2.31563 0.668929
3.31451 -2.34998 0.658413
3.0411 -2.38435 0.646854
2.75043 -2.41854 0.632101
2.43797 -2.4515 0.612325
2.10084 -2.4814 0.586686
1.7396 -2.50613 0.554734
1.35837 -2.5237 0.516613
0.962739 -2.5325 0.473719
0.556938 -2.53154 0.427823
0.142849 -2.52051 0.380121
-0.278739 -2.49964 0.331223
-0.706262 -2.46938 0.282641
-1.13676 -2.42996 0.23611
-1.56684 -2.38078 0.193226
-1.99403 -2.32015 0.154724
-2.4171 -2.24656 0.120524
-2.8354 -2.16051 0.0913975
-3.24819 -2.06485 0.0686723
-3.65375 -1.96292 0.0522766
-4.04993 -1.8575 0.0401933
-4.43596 -1.7518 0.0308579
-4.81319 -1.65051 0.023237
-5.18349 -1.55876 0.0163423
-5.5471 -1.47988 0.00886376
-5.90238 -1.41442 0.000124927
-6.24722 -1.35959 -0.00897844
-6.5802 -1.30992 -0.0174973
-6.90079 -1.25999 -0.0253315
-7.20807 -1.20622 -0.0325227
-7.49942 -1.14637 -0.0387797
-7.77101 -1.07877 -0.0438028
-8.01991 -1.00173 -0.0478866
-8.24515 -0.913222 -0.0513866
-8.44704 -0.8112 -0.0544451
-8.62584 -0.694555 -0.0573646
-8.78197 -0.564489 -0.0602175
-8.91741 -0.425571 -0.0622436
-9.03664 -0.284965 -0.062703
-9.14589 -0.149485 -0.0618188
-9.25097 -0.0233089 -0.0602313
-9.35537 0.0916945 -0.0587527
-9.46042 0.194742 -0.0581868
-9.56679 0.285283 -0.0590154
-9.67568 0.362573 -0.0612045
-9.78815 0.426175 -0.0643116
-9.90337 0.477211 -0.0676169
-10.0178 0.519084 -0.06988
-10.1266 0.556579 -0.0694703
-10.226 0.59408 -0.0660982
-10.3146 0.634825 -0.0617543
-10.3921 0.681426 -0.0577474
-10.4581 0.736311 -0.0540801
-10.5127 0.800836 -0.050889
-10.5581 0.873343 -0.0480156
-10.5995 0.947763 -0.0447333
-10.6448 1.01636 -0.0410387
-10.7001 1.07491 -0.0371255
-10.7673 1.12191 -0.0341782
-10.8466 1.15566 -0.0336937
-10.9388 1.17503 -0.0358931
-11.0458 1.17966 -0.0404712
-11.1678 1.17017 -0.0456348
-11.3021 1.1496 -0.0493274
-11.4433 1.12371 -0.0521078
-11.5859 1.09835 -0.0544525
-11.7271 1.07667 -0.0560476
-11.8667 1.0596 -0.0574207
-12.004 1.047 -0.0588445
-12.1372 1.03833 -0.0605346
-12.2651 1.03252 -0.0623247
-12.3888 1.02727 -0.0638325
-12.5111 1.0188 -0.064914
-12.6353 1.00271 -0.0656205
-12.7631 0.975874 -0.0659309
-12.8943 0.937527 -0.0661079
-13.0288 0.889062 -0.0664735
-13.1679 0.832844 -0.0673049
-13.313 0.771321 -0.0687244
-13.4633 0.707031 -0.0705382
-13.6155 0.642968 -0.0722675
-13.7653 0.582489 -0.0736073
-13.9096 0.528674 -0.0745139
-14.0475 0.483538 -0.0750303
-14.1778 0.447389 -0.0752452
-14.2992 0.41878 -0.0752325
-14.4097 0.395251 -0.0750108
-14.5084 0.374136 -0.0746352
-14.5962 0.352948 -0.07421
-14.6749 0.329546 -0.0738263
-14.7463 0.302319 -0.0734837
-14.8121 0.270439 -0.0731572
-14.8734 0.234155 -0.0728006
-14.9321 0.194923 -0.0723979
-14.9901 0.155224 -0.0720321
-15.0483 0.118066 -0.0718612
-15.1063 0.0863362 -0.072011
-15.1626 0.0623032 -0.0724613
-15.2148 0.0473646 -0.0731093
-15.2614 0.0419877 -0.0738354
-15.3013 0.0456862 -0.0744898
-15.3335 0.0570239 -0.0749486
-15.3562 0.0738091 -0.0752229
-15.3677 0.0934797 -0.0753834
-15.367 0.113499 -0.0755042
-15.3538 0.131748 -0.0756403
-15.3287 0.146887 -0.0758278
-15.293 0.158527 -0.0760953
-15.2476 0.167202 -0.0764208
-15.1935 0.174197 -0.0767086
-15.1315 0.181275 -0.076894
-15.0624 0.190322 -0.0769947
-14.9868 0.203007 -0.0770747
-14.9046 0.220534 -0.0772109
-14.8149 0.243473 -0.0774001
-14.7158 0.27159 -0.0776093
-14.6055 0.303818 -0.0777856
-14.4826 0.338417 -0.0778636
-14.3461 0.373279 -0.0778282
-14.1951 0.406239 -0.0776868
-14.0288 0.435367 -0.0774581
-13.8468 0.459224 -0.0771661
-13.6492 0.477033 -0.0768381
-13.4366 0.488725 -0.076483
-13.2102 0.494912 -0.0760769
-12.9704 0.496735 -0.0755999
-12.7169 0.495606 -0.075053
-12.4489 0.492902 -0.0744468
-12.1656 0.48972 -0.0738133
-11.867 0.486707 -0.0731536
-11.5529 0.483984 -0.0724433
-11.2228 0.481116 -0.0716533
-10.876 0.477163 -0.0707
-10.5118 0.470828 -0.0694411
-10.1306 0.460664 -0.0677785
-9.73431 0.445286 -0.0656074
-9.32516 0.42358 -0.0628458
-8.90586 0.394871 -0.0593868
-8.47918 0.358912 -0.0550429
-8.04813 0.315793 -0.04969
-7.61609 0.265841 -0.04312
-7.18629 0.209462 -0.0352697
-6.76117 0.14709 -0.0261096
-6.34225 0.0794023 -0.0149568
-5.93076 0.00755133 -0.000581942
-5.52802 -0.0669769 0.0172826
-5.13464 -0.142844 0.0393268
-4.7502 -0.21926 0.0669431
-4.37413 -0.296443 0.0985558
-4.00735 -0.376082 0.132863
-3.65473 -0.460438 0.1701
-3.32404 -0.550314 0.209065
-3.02102 -0.64428 0.246931
-2.74592 -0.73983 0.280858
-2.49324 -0.834537 0.309373
-2.25483 -0.926498 0.331981
-2.0246 -1.01456 0.348904
-1.80119 -1.09815 0.360364
-1.58705 -1.17695 0.366652
-1.38562 -1.25065 0.367804
-1.19861 -1.31873 0.363395
-1.02488 -1.38049 0.352954
-0.860957 -1.43517 0.336941
-0.702624 -1.48205 0.317502
-0.546197 -1.52038 0.298359
-0.388047 -1.54895 0.283992
-0.223106 -1.56616 0.277298
-0.0448928 -1.57161 0.277997
0.151826 -1.56803 0.284089
0.368806 -1.56009 0.293909
0.605123 -1.55147 0.306312
0.85948 -1.54417 0.321033
1.13185 -1.53916 0.33916
1.42326 -1.53678 0.360532
1.73381 -1.53694 0.384008
2.06125 -1.53955 0.408996
2.40224 -1.54493 0.43511
2.7549 -1.55376 0.464289
3.11992 -1.56669 0.496267
3.49912 -1.5839 0.52861
3.893 -1.60495 0.561161
4.30003 -1.62907 0.594219
4.71815 -1.65545 0.62832
5.14632 -1.68325 0.664204
5.58471 -1.71127 0.7022
6.03306 -1.73778 0.742587
6.48917 -1.76084 0.785835
6.94949 -1.7789 0.832286
7.41109 -1.79107 0.882184
7.87289 -1.7972 0.93519
8.33488 -1.79772 0.990615
8.79624 -1.79345 1.04799
9.25434 -1.78552 1.10695
9.70562 -1.77524 1.16699
10.1473 -1.76397 1.22735
10.578 -1.75297 1.28704
10.9968 -1.74338 1.3451
11.4019 -1.73623 1.40055
11.7897 -1.73243 1.45248
12.156 -1.73261 1.50008
12.4964 -1.73699 1.54266
12.8068 -1.74532 1.5799
13.084 -1.75714 1.61171
13.3256 -1.7718 1.63797
13.5305 -1.78868 1.65864
13.6985 -1.80715 1.67379
13.8303 -1.82664 1.68349
13.9274 -1.84665 1.688
13.9917 -1.86678 1.68818
14.025 -1.88673 1.68486
14.0287 -1.90623 1.67967
14.0035 -1.92506 1.6711
13.95 -1.94296 1.65666
13.8695 -1.95959 1.63834
13.7644 -1.97463 1.61713
13.6377 -1.98788 1.5918
13.4922 -1.9991 1.56267
13.3295 -2.00802 1.5311
13.1496 -2.01439 1.49692
12.9531 -2.01812 1.45983
12.7418 -2.01923 1.42021
12.5178 -2.01779 1.37835
12.2826 -2.01394 1.33459
12.0366 -2.00801 1.28918
11.7796 -2.00039 1.24243
11.5121 -1.99152 1.19464
11.2353 -1.98179 1.14586
10.9507 -1.97159 1.0962
10.6593 -1.96133 1.04622
10.3616 -1.95151 0.996962
10.0588 -1.94285 0.95008
9.7531 -1.93639 0.907547
9.44717 -1.93338 0.87009
9.14325 -1.93494 0.836422
8.8423 -1.94187 0.804981
8.5443 -1.95451 0.775254
8.24932 -1.97277 0.746654
7.9581 -1.99619 0.718198
7.67136 -2.024 0.689395
7.389 -2.05526 0.660036
7.10983 -2.08889 0.63027
6.83202 -2.12377 0.6005
6.55384 -2.15886 0.571413
6.2736 -2.19327 0.543633
5.98916 -2.22613 0.518044
5.6974 -2.2565 0.495794
5.39462 -2.28357 0.477507
5.07731 -2.30696 0.462894
4.74254 -2.32692 0.450492
4.38745 -2.34386 0.43797
4.00857 -2.35761 0.423535
3.60263 -2.36718 0.406634
3.16862 -2.37093 0.38811
2.7091 -2.36696 0.36871
2.22936 -2.35355 0.347462
1.7349 -2.32973 0.323969
1.22939 -2.29541 0.298122
0.714844 -2.25137 0.270031
0.192812 -2.19916 0.239986
-0.334841 -2.14068 0.207848
-0.866137 -2.07744 0.173725
-1.39976 -2.01001 0.137667
-1.93524 -1.93774 0.100914
-2.47233 -1.8591 0.065201
-3.01024 -1.77284 0.0319673
-3.54742 -1.67873 0.00300295
-4.08207 -1.57717 -0.0202013
-4.61294 -1.46865 -0.0379299
-5.1395 -1.35413 -0.0523195
-5.66151 -1.23616 -0.0650257
-6.17773 -1.11846 -0.0761741
-6.68483 -1.00292 -0.0853793
-7.1784 -0.888992 -0.0928194
-7.65544 -0.776064 -0.0989476
-8.11515 -0.663936 -0.103946
-8.55724 -0.551976 -0.108028
-8.98052 -0.439293 -0.111427
-9.38328 -0.325362 -0.114336
-9.76425 -0.2101 -0.116965
-10.123 -0.0935417 -0.119406
-10.4597 0.0241282 -0.121647
-10.7747 0.142265 -0.123542
-11.0679 0.259769 -0.124947
-11.339 0.375395 -0.125732
-11.5876 0.488041 -0.125954
-11.814 0.596879 -0.125831
-12.0189 0.701418 -0.125468
-12.2034 0.801543 -0.124552
-12.3691 0.897348 -0.123302
-12.5175 0.988726 -0.121506
-12.6503 1.07526 -0.118722
-12.7697 1.15657 -0.114888
-12.879 1.2326 -0.110182
-12.9811 1.30357 -0.105158
-13.0778 1.36997 -0.0999969
-13.1695 1.43215 -0.0948938
-13.2565 1.49011 -0.0900243
-13.3398 1.54345 -0.085386
-13.4207 1.5916 -0.0808341
-13.4995 1.63407 -0.0762406
-13.5756 1.67074 -0.0716887
-13.6482 1.70175 -0.0673442
-13.7175 1.72709 -0.0630971
-13.7844 1.74633 -0.0590499
-13.8493 1.75886 -0.0554041
-13.9121 1.76443 -0.0520978
-13.9714 1.76333 -0.0491954
-14.0267 1.75596 -0.0469692
-14.0788 1.74254 -0.0455162
-14.1281 1.72308 -0.0448179
-14.1746 1.69758 -0.044795
-14.2178 1.66625 -0.0454908
-14.2575 1.62948 -0.0469758
-14.2938 1.58775 -0.0492276
-14.3266 1.54157 -0.0522753
-14.3557 1.49137 -0.056064
-14.3816 1.43754 -0.0606832
-14.4041 1.38062 -0.0658675
-14.4223 1.32125 -0.0714265
-14.4344 1.25998 -0.0772926
-14.4383 1.19689 -0.0830041
-14.4323 1.1316 -0.0882223
-14.4144 1.06379 -0.0927621
-14.3825 0.993598 -0.0965334
-14.3342 0.921265 -0.0993804
-14.2678 0.846929 -0.101277
-14.1825 0.770618 -0.102403
-14.0787 0.692237 -0.102935
-13.9567 0.611743 -0.102952
-13.8159 0.529455 -0.102518
-13.6555 0.446144 -0.101626
-13.476 0.362814 -0.100224
-13.2786 0.280417 -0.0981977
-13.065 0.199732 -0.0954321
-12.8365 0.121412 -0.0919806
-12.5942 0.0460597 -0.0880077
-12.3398 -0.0257414 -0.0836033
-12.0757 -0.0934563 -0.0788148
-11.8046 -0.156717 -0.0736919
-11.5277 -0.21544 -0.0682503
-11.2453 -0.269798 -0.0625083
-10.9569 -0.320037 -0.056562
-10.6627 -0.366308 -0.0505082
-10.3635 -0.408665 -0.0443401
-10.0604 -0.447137 -0.0379573
-9.75305 -0.481725 -0.0311941
-9.44071 -0.512369 -0.0240003
-9.12308 -0.538943 -0.0165138
-8.8011 -0.561269 -0.00907697
-8.47667 -0.579115 -0.00201483
-8.15157 -0.5922 0.00434769
-7.82677 -0.600179 0.00954937
-7.50273 -0.602666 0.0133028
-7.18014 -0.599328 0.015334
-6.86023 -0.589962 0.0154719
-6.54412 -0.57452 0.0138159
-6.23191 -0.553149 0.0107673
-5.92228 -0.526207 0.00718695
-5.61318 -0.494297 0.00406054
-5.30278 -0.458374 0.00221696
-4.98973 -0.419861 0.00226074
-4.67263 -0.380524 0.00424659
-4.34968 -0.341888 0.00817998
-4.01916 -0.304763 0.0141671
-3.68028 -0.269464 0.0219616
-3.33344 -0.236424 0.0314051
-2.9797 -0.206536 0.0427626
-2.62017 -0.180869 0.0563918
-2.25599 -0.159991 0.07239
-1.88865 -0.143665 0.0904448
-1.52018 -0.131148 0.110275
-1.15269 -0.121688 0.131902
-0.787691 -0.114777 0.155266
-0.42566 -0.110052 0.180263
-0.0662895 -0.107153 0.206867
0.290895 -0.105733 0.235161
0.64594 -0.105559 0.265034
0.998445 -0.106567 0.296424
1.34791 -0.108811 0.328984
1.69407 -0.112462 0.362265
2.03684 -0.117824 0.396178
2.37593 -0.125267 0.43062
2.71049 -0.135077 0.465551
3.03916 -0.14735 0.500816
3.36048 -0.161959 0.53627
3.6731 -0.178564 0.571647
3.97567 -0.196663 0.606348
4.26648 -0.215675 0.639823
4.54341 -0.235003 0.67171
4.80442 -0.254073 0.701662
5.04817 -0.272377 0.729385
5.27416 -0.289517 0.754661
5.4825 -0.305197 0.777356
5.67344 -0.319214 0.797454
5.8473 -0.331485 0.815105
6.00484 -0.34206 0.830608
6.14748 -0.351121 0.844298
6.27707 -0.358933 0.856499
6.3954 -0.365808 0.867441
6.50366 -0.372076 0.877273
6.60257 -0.378044 0.886081
6.69267 -0.383972 0.89385
6.77459 -0.390068 0.900519
6.84896 -0.396494 0.906026
6.91596 -0.403346 0.910297
6.97499 -0.410627 0.913225
7.02474 -0.418246 0.914644
7.06368 -0.426023 0.914397
7.09065 -0.433707 0.912359
7.10519 -0.440999 0.908402
7.10727 -0.4476 0.902479
7.09708 -0.453249 0.894693
7.07494 -0.457757 0.885299
7.04158 -0.46106 0.874764
6.99831 -0.463272 0.863696
6.94684 -0.464684 0.852583
6.88876 -0.465693 0.841723
6.82521 -0.466682 0.831209
6.75692 -0.467943 0.820986
6.68455 -0.469651 0.810992
6.60878 -0.471819 0.801118
6.53005 -0.474305 0.791214
6.44826 -0.476892 0.781243
6.3627 -0.47935 0.771253
6.27246 -0.481462 0.761298
6.17682 -0.483067 0.751435
6.0753 -0.484103 0.741661
5.96731 -0.484624 0.731865
5.85183 -0.484787 0.721844
5.72746 -0.484813 0.711332
5.5929 -0.484931 0.699984
5.44745 -0.485326 0.687484
5.29103 -0.486099 0.673601
5.12389 -0.487227 0.658125
4.94635 -0.488584 0.640957
4.75878 -0.489982 0.622182
4.56182 -0.491229 0.60188
4.35646 -0.49219 0.580177
4.14376 -0.492813 0.557161
3.92446 -0.493144 0.532784
3.6989 -0.493299 0.507067
3.46722 -0.493433 0.480014
3.22973 -0.493705 0.451637
2.98683 -0.494232 0.422026
2.73876 -0.495077 0.39135
2.48528 -0.496242 0.359691
2.22579 -0.49765 0.327307
1.95978 -0.499115 0.295015
1.68712 -0.500329 0.264144
1.40818 -0.50079 0.236177
1.12365 -0.499455 0.211561
0.83435 -0.494786 0.188804
0.540967 -0.485877 0.167035
0.243982 -0.47381 0.146528
-0.0559177 -0.461654 0.127363
-0.357403 -0.452512 0.109481
-0.658741 -0.447704 0.0925498
-0.958472 -0.447302 0.0766961
-1.2555 -0.451407 0.0621335
-1.54885 -0.460407 0.0486328
-1.83786 -0.47483 0.0358779
-2.12249 -0.495313 0.0238828
-2.40339 -0.522534 0.0130057
-2.68154 -0.556597 0.00363096
-2.95766 -0.59615 -0.00385781
-3.23216 -0.638203 -0.0089788
-3.5057 -0.678989 -0.011962
-3.77988 -0.715213 -0.0132758
-4.05739 -0.744967 -0.0137436
-4.3405 -0.767739 -0.0143713
-4.62899 -0.78363 -0.015358
-4.91988 -0.792748 -0.017007
-5.20959 -0.795179 -0.0198459
-5.49614 -0.791251 -0.0240363
-5.77911 -0.781966 -0.0289616
-6.0581 -0.769307 -0.0341414
-6.33195 -0.755577 -0.0394034
-6.59935 -0.742038 -0.0447
-6.85999 -0.728617 -0.0500697
-7.11494 -0.714752 -0.0553717
-7.36582 -0.700056 -0.0605415
-7.61363 -0.684522 -0.0654976
-7.85846 -0.668216 -0.0701951
-8.10002 -0.650708 -0.0746177
-8.3383 -0.630788 -0.0787437
-8.57341 -0.60682 -0.0824862
-8.80488 -0.577468 -0.085791
-9.03139 -0.542289 -0.08863
-9.25101 -0.501799 -0.0910074
-9.46207 -0.457028 -0.092989
-9.66345 -0.408987 -0.0946374
-9.85425 -0.358491 -0.095981
-10.0332 -0.306308 -0.0970636
-10.1987 -0.253354 -0.0979515
-10.3492 -0.20068 -0.0987165
-10.4842 -0.149173 -0.0993831
-10.6041 -0.0991795 -0.099908
-10.7096 -0.0503787 -0.10024
-10.8014 -0.00199189 -0.100377
-10.8795 0.0468473 -0.100361
-10.9446 0.0968127 -0.100265
-10.9979 0.148292 -0.100127
-11.0407 0.201431 -0.0999698
-11.074 0.256198 -0.099794
-11.0976 0.312379 -0.0995683
-11.1111 0.369463 -0.0992798
-11.114 0.426552 -0.0988862
-11.1063 0.482436 -0.0983295
-11.0879 0.535828 -0.09754
-11.0584 0.585629 -0.096477
-11.0173 0.631097 -0.0951863
-10.9642 0.671908 -0.0937379
-10.8995 0.708101 -0.0921799
-10.8241 0.739997 -0.0905039
-10.7388 0.768129 -0.0886865
-10.6443 0.793185 -0.0867338
-10.5409 0.815911 -0.0847038
-10.4295 0.836961 -0.0826637
-10.3111 0.856744 -0.0806439
-10.1866 0.875323 -0.0786604
-10.0571 0.89241 -0.0767611
-9.92323 0.907456 -0.0750174
-9.78545 0.919767 -0.0734909
-9.64445 0.928597 -0.0722104
-9.50086 0.933237 -0.0711712
-9.35502 0.933103 -0.0703353
-9.2067 0.927839 -0.0696472
-9.05513 0.9174 -0.0690657
-8.89936 0.902072 -0.068563
-8.73849 0.882422 -0.0681166
-8.57181 0.859187 -0.0677031
-8.39871 0.833141 -0.0672933
-8.21874 0.804974 -0.0668692
-8.03172 0.775211 -0.0664225
-7.83802 0.74416 -0.0658967
-7.63858 0.711895 -0.0652222
-7.43462 0.678268 -0.0643605
-7.2272 0.642957 -0.0632963
-7.01699 0.605553 -0.0619834
-6.80433 0.565655 -0.0604055
-6.58933 0.52296 -0.0586072
-6.37189 0.477353 -0.0565122
-6.15163 0.428958 -0.0540034
-5.9279 0.378153 -0.0510118
-5.70007 0.325551 -0.0475224
-5.46785 0.271926 -0.0435472
-5.23127 0.218114 -0.0390436
-4.99056 0.164957 -0.0340237
-4.74615 0.113222 -0.0284534
-4.49877 0.0635037 -0.0222795
-4.24948 0.0161898 -0.0154878
-3.99972 -0.0286131 -0.00802623
-3.75126 -0.0711432 0.000238344
-3.50582 -0.111876 0.00941938
-3.26469 -0.151319 0.0195434
-3.02871 -0.18983 0.0305339
-2.79845 -0.227552 0.0421417
-2.57456 -0.264485 0.054136
-2.35781 -0.300631 0.0663338
-2.14888 -0.336009 0.0785404
-1.94817 -0.370581 0.0905506
-1.75578 -0.404232 0.102174
-1.57171 -0.436769 0.113251
-1.39599 -0.467893 0.12366
-1.22864 -0.497229 0.133318
-1.06952 -0.524401 0.14215
-0.918283 -0.54912 0.150095
-0.774484 -0.571226 0.157149
-0.63787 -0.590683 0.163366
-0.508462 -0.607534 0.168819
-0.386444 -0.621868 0.173586
-0.271939 -0.633806 0.177794
-0.164861 -0.643515 0.181609
-0.0649783 -0.651228 0.185194
0.0280005 -0.657261 0.188702
0.114405 -0.661987 0.192233
0.194706 -0.665805 0.19576
0.269644 -0.669088 0.199231
0.340189 -0.672145 0.202642
0.407341 -0.675193 0.205987
0.471891 -0.67836 0.209295
0.534304 -0.681699 0.212612
0.594829 -0.685181 0.215968
0.65364 -0.688688 0.219393
0.710872 -0.692037 0.222887
0.766568 -0.695032 0.226442
0.820625 -0.697506 0.230074
0.872891 -0.699337 0.233812
0.923335 -0.700458 0.237709
0.972153 -0.700852 0.241786
1.01967 -0.700544 0.246019
1.06612 -0.699596 0.250376
1.11151 -0.698106 0.254819
1.15572 -0.69619 0.259314
1.19867 -0.69397 0.263819
1.24043 -0.691546 0.268285
1.2811 -0.689006 0.272647
1.32057 -0.686424 0.276846
1.3584 -0.683867 0.280862
1.3938 -0.681392 0.284699
1.42596 -0.679042 0.288346
1.4542 -0.676846 0.291767
1.47793 -0.674811 0.294895
1.49657 -0.672923 0.297653
1.50955 -0.671155 0.299993
1.51639 -0.669492 0.301907
1.51691 -0.66795 0.30339
1.51112 -0.666581 0.304418
1.49905 -0.665454 0.304946
1.48052 -0.664618 0.30492
1.45509 -0.66407 0.304281
1.42226 -0.663746 0.302976
1.38159 -0.663533 0.300938
1.33278 -0.663283 0.298077
1.27553 -0.662833 0.294294
1.20959 -0.662015 0.289488
1.13486 -0.66068 0.283585
1.05159 -0.658703 0.276542
0.960266 -0.655981 0.268379
0.861409 -0.652416 0.259113
0.755302 -0.647901 0.248835
0.641999 -0.642303 0.237677
0.521573 -0.635455 0.225779
0.394342 -0.627139 0.213415
0.260886 -0.617124 0.200943
0.121853 -0.605262 0.188501
-0.022214 -0.591624 0.176078
-0.170806 -0.57654 0.163743
-0.323259 -0.560441 0.151509
-0.4787 -0.543678 0.139365
-0.636241 -0.526517 0.127324
-0.795223 -0.509186 0.11545
-0.955222 -0.491865 0.103814
-1.11586 -0.474644 0.0924926
-1.27663 -0.457518 0.0816117
-1.43693 -0.440391 0.0712488
-1.59623 -0.42307 0.0614463
-1.75424 -0.405258 0.0522807
-1.91079 -0.386572 0.0437943
-2.06564 -0.366626 0.036012
-2.21832 -0.34513 0.0289345
-2.36821 -0.321946 0.0225451
-2.5147 -0.297075 0.0168361
-2.65735 -0.270639 0.0118006
-2.79593 -0.242839 0.0073962
-2.93026 -0.213925 0.00353667
-3.06028 -0.184158 0.000102751
-3.18619 -0.15377 -0.00300134
-3.30865 -0.122946 -0.00584713
-3.42879 -0.0918372 -0.00848978
-3.54778 -0.060539 -0.0109466
-3.6665 -0.0290725 -0.0132179
-3.78534 0.00261118 -0.015329
-3.90436 0.0346052 -0.0173397
-4.02349 0.0670222 -0.0193152
-4.14263 0.0999698 -0.0212978
-4.26148 0.133526 -0.0232853
-4.37955 0.167683 -0.0252819
-4.49628 0.202238 -0.0273234
-4.61135 0.236746 -0.0294375
-4.72479 0.270615 -0.0316099
-4.83675 0.303279 -0.0337992
-4.94728 0.334294 -0.0360056
-5.05616 0.36334 -0.0382476
-5.16297 0.390198 -0.0405475
-5.26733 0.414737 -0.0429191
-5.36888 0.43691 -0.0453328
-5.46727 0.456778 -0.0478003
-5.56202 0.474512 -0.0503264
-5.65257 0.490371 -0.0528766
-5.7384 0.504618 -0.0554132
-5.81916 0.517393 -0.0578862
-5.89462 0.52862 -0.0602385
-5.96444 0.538051 -0.0623983
-6.02808 0.545366 -0.0643088
-6.08491 0.550232 -0.0659437
-6.13438 0.552312 -0.0672915
-6.17625 0.551292 -0.0683504
-6.21051 0.546906 -0.0691277
-6.23729 0.538981 -0.0696306
-6.25667 0.527489 -0.0698671
-6.26878 0.512585 -0.0698462
-6.27385 0.494594 -0.0695832
-6.27218 0.473944 -0.0690894
-6.26412 0.451077 -0.0683666
-6.24988 0.426396 -0.0674149
-6.22952 0.400244 -0.0662422
-6.20317 0.372896 -0.0648726
-6.17108 0.344551 -0.0633427
-6.13366 0.31531 -0.0616813
-6.09138 0.285177 -0.0599153
-6.04458 0.254067 -0.0580752
-5.99357 0.221868 -0.0561864
-5.93868 0.188505 -0.0542671
-5.8804 0.153994 -0.0523314
-5.8193 0.118474 -0.0504042
-5.75586 0.0821838 -0.0485126
-5.69033 0.0454476 -0.0466842
-5.62281 0.00864752 -0.0449513
-5.55337 -0.0277948 -0.0433364
-5.4822 -0.0634515 -0.0418416
-5.40949 -0.097925 -0.0404611
-5.33535 -0.130883 -0.0391864
-5.25977 -0.162095 -0.0380177
-5.18276 -0.19145 -0.0369637
-5.10443 -0.218941 -0.0360265
-5.02499 -0.244631 -0.0351854
-4.94464 -0.268625 -0.0343963
-4.86345 -0.291039 -0.0336168
-4.78134 -0.311974 -0.0327991
-4.69818 -0.331483 -0.0318975
-4.61373 -0.349561 -0.0308753
-4.52765 -0.366165 -0.029698
-4.43944 -0.381226 -0.0283394
-4.34845 -0.394656 -0.0267805
-4.25408 -0.40635 -0.0250157
-4.156 -0.416203 -0.0230451
-4.05419 -0.424123 -0.0208686
-3.94893 -0.430049 -0.0184814
-3.84066 -0.43397 -0.0158768
-3.72988 -0.435941 -0.0130516
-3.61719 -0.436083 -0.0100065
-3.50337 -0.434578 -0.00673234
-3.38928 -0.43165 -0.00320546
-3.27572 -0.427546 0.00060164
-3.16329 -0.42251 0.00471776
-3.05233 -0.416774 0.00916536
-2.94298 -0.410551 0.0139567
-2.83539 -0.404026 0.0190743
-2.72966 -0.39735 0.0244556
-2.62588 -0.390625 0.0300087
-2.52418 -0.383896 0.0356551
-2.42487 -0.377123 0.0412993
-2.32862 -0.370166 0.0467849
-2.23642 -0.362826 0.0520194
-2.14936 -0.354921 0.0569766
-2.06841 -0.346329 0.0616301
-1.99425 -0.336998 0.0659531
-1.92734 -0.326947 0.0698841
-1.86795 -0.316259 0.073342
-1.81622 -0.305052 0.0762634
-1.77212 -0.293458 0.0786277
-1.73529 -0.281627 0.08044
-1.70513 -0.269721 0.0816952
-1.68095 -0.257911 0.0823814
-1.66207 -0.246362 0.0824923
-1.64781 -0.235223 0.0820254
-1.63749 -0.224604 0.0810013
-1.63038 -0.214554 0.0794911
-1.62588 -0.205057 0.0776503
-1.62363 -0.196047 0.0756518
-1.62355 -0.187435 0.0735489
-1.62563 -0.179134 0.0713932
-1.62978 -0.171083 0.0692743
-1.63579 -0.163236 0.0672741
-1.6433 -0.155549 0.0654526
-1.65179 -0.147997 0.0638465
-1.66054 -0.140603 0.06247
-1.66865 -0.133415 0.0613177
-1.67507 -0.126503 0.0604066
-1.67883 -0.119954 0.0597524
-1.67915 -0.113856 0.0593696
-1.67563 -0.10828 0.0592596
-1.66818 -0.103272 0.0594234
-1.65703 -0.0988508 0.0598616
-1.6426 -0.0950106 0.0605804
-1.62553 -0.0917157 0.0615864
-1.60667 -0.0889052 0.0628843
-1.5869 -0.0865042 0.0644748
-1.567 -0.0844349 0.0663511
-1.54751 -0.0826244 0.0684883
-1.52877 -0.0810068 0.070856
-1.51101 -0.0795228 0.0734324
-1.49445 -0.078117 0.07618
-1.4793 -0.0767387 0.0790282
-1.46578 -0.075344 0.0818565
-1.4542 -0.0738983 0.0845355
-1.44504 -0.0723821 0.0869677
-1.43898 -0.0707967 0.0890664
-1.43685 -0.0691504 0.0907718
-1.43946 -0.0674384 0.0920302
-1.44747 -0.065641 0.0927848
-1.4613 -0.0637321 0.0929792
-1.4812 -0.0616925 0.0925683
-1.50718 -0.0595242 0.0915212
-1.53912 -0.0572473 0.0898111
-1.57665 -0.0548874 0.0874357
-1.61923 -0.052465 0.0844193
-1.66622 -0.0499855 0.0808102
-1.71701 -0.0474381 0.0766704
-1.77109 -0.0448035 0.0720932
-1.82801 -0.0420636 0.0671682
-1.88737 -0.03921 0.0619914
-1.94875 -0.036248 0.0566712
-2.01175 -0.0332 0.051347
-2.07604 -0.0301118 0.0461813
-2.14131 -0.0270546 0.0412893
-2.20725 -0.0241244 0.0366881
-2.27346 -0.021438 0.0323725
-2.33943 -0.0191307 0.0283733
-2.40464 -0.01736 0.0247062
-2.46859 -0.0163029 0.0214008
-2.53087 -0.0161249 0.0184734
-2.59122 -0.0169458 0.0159155
-2.64955 -0.0188288 0.0137063
-2.70595 -0.0217787 0.0118445
-2.76071 -0.0257396 0.0103511
-2.81419 -0.0305992 0.00920219
-2.86683 -0.036196 0.00835798
-2.91897 -0.0423222 0.00778104
-2.97091 -0.0487318 0.00739849
-3.02296 -0.0551687 0.00713716
-3.07543 -0.0614055 0.00693549
-3.12865 -0.067264 0.00672616
-3.18285 -0.0726221 0.00642799
-3.23813 -0.0774164 0.00595489
-3.29445 -0.0816337 0.00523316
-3.35177 -0.0853005 0.00421101
-3.41012 -0.0884794 0.00286379
-3.46954 -0.0912653 0.0011966
-3.53001 -0.0937735 -0.000764849
-3.59138 -0.0961231 -0.00299386
-3.65336 -0.0984212 -0.00546833
-3.71567 -0.100751 -0.00814842
-3.77805 -0.103166 -0.0109685
-3.84023 -0.105675 -0.0138578
-3.90181 -0.108246 -0.0167457
-3.96226 -0.110807 -0.0195767
-4.02097 -0.113271 -0.0223109
-4.07737 -0.115552 -0.0249052
-4.13099 -0.117583 -0.0273106
-4.18136 -0.119328 -0.0294773
-4.22797 -0.120787 -0.0313664
-4.27036 -0.121989 -0.0329607
-4.30818 -0.122989 -0.0342571
-4.3413 -0.123855 -0.0352588
-4.36971 -0.124666 -0.0359696
-4.3935 -0.125493 -0.036393
-4.41277 -0.126393 -0.0365366
-4.42769 -0.127397 -0.0364133
-4.43851 -0.128506 -0.03604
-4.44558 -0.129681 -0.0354323
-4.44925 -0.130852 -0.0346091
-4.44983 -0.131927 -0.0335961
-4.44754 -0.1328 -0.0324254
-4.44253 -0.133371 -0.0311359
-4.43503 -0.133552 -0.029764
-4.42532 -0.133276 -0.0283453
-4.41367 -0.132499 -0.0269176
-4.40032 -0.131204 -0.0255277
-4.38549 -0.129395 -0.0242281
-4.36946 -0.127099 -0.0230682
-4.35262 -0.124358 -0.0220877
-4.33543 -0.121223 -0.0213104
-4.31832 -0.117741 -0.0207499
-4.30163 -0.113948 -0.0204107
-4.28558 -0.109871 -0.0202873
-4.27033 -0.105527 -0.0203635
-4.25602 -0.100931 -0.0206091
-4.24271 -0.096098 -0.0209832
-4.23034 -0.0910461 -0.0214401
-4.21874 -0.0857959 -0.0219342
-4.20764 -0.080373 -0.0224238
-4.19678 -0.0748135 -0.0228731
-4.18595 -0.0691662 -0.0232487
-4.17491 -0.0634899 -0.023525
-4.16341 -0.0578457 -0.0236857
-4.15125 -0.0522894 -0.0237231
-4.13831 -0.0468609 -0.0236387
-4.12461 -0.0415784 -0.0234395
-4.11027 -0.0364364 -0.023136
-4.09541 -0.031409 -0.0227408
-4.08011 -0.0264556 -0.0222682
-4.06435 -0.0215275 -0.0217364
-4.0481 -0.0165729 -0.0211667
-4.03122 -0.0115423 -0.0205805
-4.01357 -0.00639454 -0.0199977
-3.99494 -0.00110055 -0.0194344
-3.97506 0.00435379 -0.0189035
-3.95369 0.00996464 -0.0184162
-3.93064 0.0157084 -0.017976
-3.9058 0.0215431 -0.0175786
-3.87909 0.0274135 -0.0172136
-3.85037 0.0332597 -0.0168669
-3.81949 0.0390245 -0.0165247
-3.78629 0.0446588 -0.0161753
-3.7507 0.0501238 -0.0158058
-3.7127 0.0553917 -0.0153989
-3.67237 0.0604482 -0.0149336
-3.62982 0.065295 -0.0143816
-3.58527 0.0699449 -0.0137106
-3.53896 0.0744087 -0.0128858
-3.49119 0.0786831 -0.0118725
-3.44215 0.0827436 -0.0106467
-3.3919 0.0865413 -0.00918889
-3.34031 0.0900027 -0.00748566
-3.28717 0.0930359 -0.00555114
-3.23231 0.0955371 -0.00341283
-3.17564 0.0974048 -0.00110532
-3.1173 0.0985611 0.00135166
-3.0576 0.0989698 0.0039373
-2.99714 0.0986409 0.0066291
-2.93667 0.0976288 0.00940671
-2.87703 0.0960239 0.0122605
-2.81906 0.0939343 0.015174
-2.76344 0.0914619 0.0181174
-2.71065 0.0886872 0.0210653
-2.66098 0.0856679 0.0239763
-2.61452 0.0824362 0.0268362
-2.57124 0.0789875 0.0296165
-2.53099 0.0752853 0.0322326
-2.49353 0.0712803 0.0345987
-2.45862 0.066919 0.0366454
-2.42605 0.0621413 0.0383263
-2.39572 0.0568915 0.0396254
-2.36764 0.0511418 0.0405446
-2.34192 0.0449019 0.0411041
-2.31874 0.0382128 0.0413446
-2.29831 0.0311345 0.0413247
-2.28087 0.0237346 0.0411113
-2.26653 0.016077 0.0407785
-2.2553 0.00821272 0.0403926
-2.24698 0.000177289 0.0399897
-2.2412 -0.00800756 0.0395845
-2.2375 -0.0163389 0.0391991
-2.23538 -0.0248414 0.0388588
-2.23436 -0.0335703 0.0385823
-2.23411 -0.0426001 0.0383774
-2.23438 -0.0520058 0.0382347
-2.23506 -0.0618508 0.0381382
-2.23615 -0.0721807 0.0380739
-2.23771 -0.0830185 0.0380348
-2.23984 -0.0943632 0.0380219
-2.24262 -0.106186 0.0380398
-2.24617 -0.118421 0.0380977
-2.25071 -0.130956 0.0382074
-2.25655 -0.143632 0.0383756
-2.26416 -0.156253 0.0385991
-2.274 -0.168621 0.0388602
-2.28645 -0.180558 0.0391223
-2.30164 -0.19193 0.0393356
-2.31944 -0.202658 0.0394446
-2.33952 -0.212714 0.0393906
-2.36139 -0.222114 0.0391263
-2.38454 -0.230905 0.0386158
-2.40849 -0.23915 0.0378335
-2.43293 -0.246907 0.0367676
-2.45775 -0.254212 0.0354212
-2.48311 -0.261067 0.0338172
-2.50934 -0.267436 0.0319915
-2.53681 -0.273258 0.0299937
-2.56579 -0.278469 0.0278811
-2.59637 -0.283012 0.0257102
-2.62851 -0.28685 0.023542
-2.66201 -0.289963 0.0214263
-2.69655 -0.292357 0.0194002
-2.73168 -0.294069 0.0174894
-2.76675 -0.295153 0.0157042
-2.80107 -0.29569 0.0140483
-2.834 -0.295779 0.01252
-2.86504 -0.295534 0.0111203
-2.894 -0.295053 0.00985613
-2.9209 -0.294399 0.00874259
-2.946 -0.293584 0.00779732
-2.96977 -0.292576 0.00702957
-2.99282 -0.291313 0.00643921
-3.01579 -0.289726 0.00601857
-3.03928 -0.287754 0.00575799
-3.06373 -0.285356 0.00564457
-3.08943 -0.282506 0.00565613
-3.11649 -0.279183 0.0057604
-3.14496 -0.275368 0.00591663
-3.17479 -0.271055 0.00607953
-3.20591 -0.266247 0.00620103
-3.23817 -0.260964 0.00623108
-3.2714 -0.255229 0.00611859
-3.30547 -0.249056 0.00581546
-3.34031 -0.24244 0.00528031
-3.37591 -0.235346 0.00447383
-3.41232 -0.227718 0.0033741
-3.44964 -0.219488 0.00199697
-3.48801 -0.210586 0.000368006
-3.52762 -0.200954 -0.00149575
-3.56865 -0.19057 -0.0035695
-3.61115 -0.179466 -0.00582152
-3.65504 -0.16773 -0.00820467
-3.7 -0.1555 -0.0106572
-3.74556 -0.142945 -0.0131116
-3.79107 -0.130244 -0.0155016
-3.83576 -0.11757 -0.0177731
-3.87882 -0.105085 -0.0198802
-3.9194 -0.0929312 -0.0217878
-3.95669 -0.0812217 -0.0234716
-3.99 -0.0700225 -0.0249169
-4.01887 -0.0593444 -0.0261126
-4.04308 -0.0491395 -0.0270495
-4.06267 -0.039308 -0.0277254
-4.07788 -0.0297161 -0.0281498
-4.08915 -0.0202258 -0.0283468
-4.09699 -0.0107253 -0.0283502
-4.10195 -0.0011499 -0.0281988
-4.10449 0.00851277 -0.027924
-4.1049 0.0182272 -0.0275424
-4.10331 0.0279199 -0.0270562
-4.09963 0.0374888 -0.0264583
-4.09371 0.046809 -0.0257395
-4.08532 0.055739 -0.0248994
-4.07427 0.0641323 -0.0239455
-4.06048 0.0718571 -0.0228974
-4.04404 0.0788186 -0.0217759
-4.02534 0.0849783 -0.0206003
-4.00502 0.0903591 -0.019389
-3.98383 0.0950392 -0.0181583
-3.96257 0.0991331 -0.0169315
-3.94194 0.102769 -0.015735
-3.92252 0.106066 -0.0146008
-3.90474 0.109125 -0.0135646
-3.88894 0.112016 -0.01266
-3.87529 0.114779 -0.011916
-3.86383 0.117424 -0.0113546
-3.85447 0.119937 -0.010989
-3.84705 0.122272 -0.0108238
-3.84139 0.12436 -0.0108507
-3.83733 0.126116 -0.0110507
-3.83467 0.127456 -0.0113984
-3.83317 0.128309 -0.0118662
-3.83253 0.12863 -0.0124278
-3.83246 0.128401 -0.0130585
-3.83271 0.127636 -0.013735
-3.8331 0.126377 -0.0144337
-3.83353 0.124693 -0.0151319
-3.83397 0.122674 -0.0158032
-3.83445 0.120424 -0.0164242
-3.83504 0.118046 -0.0169768
-3.83582 0.115631 -0.0174462
-3.83681 0.113237 -0.0178208
-3.83795 0.110891 -0.0180867
-3.83905 0.108579 -0.0182343
-3.83984 0.106262 -0.0182601
-3.83999 0.103879 -0.0181677
-3.83917 0.101361 -0.0179673
-3.83708 0.0986424 -0.0176733
-3.8335 0.0956723 -0.0173028
-3.82824 0.0924221 -0.0168747
-3.82123 0.0888972 -0.0164076
-3.81248 0.0851407 -0.015922
-3.8021 0.0812305 -0.0154383
-3.79022 0.0772698 -0.0149746
-3.77701 0.0733732 -0.0145466
-3.76262 0.0696524 -0.0141676
-3.74715 0.0662011 -0.0138481
-3.73064 0.0630831 -0.0135928
-3.71309 0.0603244 -0.0133975
-3.69439 0.057909 -0.0132461
-3.6744 0.0557787 -0.0131139
-3.65298 0.0538387 -0.0129725
-3.62997 0.0519669 -0.0127936
-3.60521 0.050026 -0.0125531
-3.57851 0.0478756 -0.0122279
-3.54972 0.0453846 -0.0117952
-3.51878 0.0424424 -0.011233
-3.48572 0.0389693 -0.010524
-3.45069 0.0349234 -0.00965881
-3.41395 0.0303018 -0.00863464
-3.37582 0.025136 -0.0074538
-3.33666 0.019483 -0.00611782
-3.2969 0.0134126 -0.00462603
-3.25693 0.00699431 -0.0029822
-3.21711 0.000284439 -0.00119777
-3.17774 -0.00668172 0.000706725
-3.13904 -0.0138908 0.00271241
-3.10121 -0.0213492 0.00479868
-3.06444 -0.0290803 0.00693948
-3.02895 -0.0371207 0.00909321
-2.99501 -0.0455149 0.0112152
-2.96285 -0.0543053 0.0132721
-2.93269 -0.0635169 0.0152327
-2.90464 -0.073151 0.0170337
-2.8788 -0.0831901 0.0186099
-2.85528 -0.0935975 0.0199332
-2.83422 -0.104306 0.0209854
-2.81574 -0.115216 0.0217623
-2.79996 -0.126212 0.0222687
-2.78693 -0.137174 0.0225133
-2.77664 -0.147993 0.0225071
-2.769 -0.158582 0.0222662
-2.76378 -0.168882 0.0218162
-2.76059 -0.178871 0.0211908
-2.75893 -0.188563 0.0204281
-2.75824 -0.197991 0.0195697
-2.75798 -0.207201 0.0186599
-2.75764 -0.21625 0.0177373
-2.75684 -0.225194 0.0168346
-2.7553 -0.234078 0.0159903
-2.75283 -0.242927 0.0152446
-2.74932 -0.251742 0.0146296
-2.74468 -0.260504 0.0141728
-2.73881 -0.269171 0.0138964
-2.73162 -0.277693 0.0138156
-2.72303 -0.286008 0.0139472
-2.71299 -0.294045 0.0143049
-2.7015 -0.301733 0.0148941
-2.68864 -0.309001 0.0157111
-2.67455 -0.315788 0.0167453
-2.65944 -0.322042 0.0179842
-2.64361 -0.32773 0.019414
-2.62737 -0.33283 0.0210111
-2.61111 -0.337329 0.0227432
-2.59524 -0.341216 0.024575
-2.58022 -0.344479 0.0264622
-2.56655 -0.347099 0.028359
-2.55475 -0.349053 0.0302179
-2.54539 -0.350306 0.0319894
-2.53898 -0.35081 0.0336258
-2.53599 -0.350503 0.0350677
-2.53678 -0.349324 0.0362543
-2.54158 -0.347211 0.0371292
-2.55045 -0.344115 0.0376383
-2.56334 -0.339987 0.0377349
-2.58013 -0.334788 0.0373798
-2.60062 -0.328481 0.0365503
-2.62458 -0.32104 0.0352432
-2.65175 -0.312447 0.0334783
-2.68188 -0.302697 0.031294
-2.71474 -0.291808 0.0287482
-2.75005 -0.279821 0.0259072
-2.78747 -0.26681 0.022838
-2.82656 -0.252879 0.0196161
-2.86672 -0.238161 0.0163248
-2.90728 -0.222806 0.0130467
-2.9475 -0.206972 0.00984987
-2.98661 -0.190805 0.0067935
-3.02386 -0.174434 0.00392069
-3.05856 -0.157972 0.0012711
-3.0902 -0.141522 -0.00111263
-3.1184 -0.125172 -0.00319727
-3.14296 -0.108986 -0.00495201
-3.16378 -0.0930153 -0.00635442
-3.18083 -0.0773149 -0.00739221
-3.19413 -0.0619465 -0.0080597
-3.20377 -0.0469786 -0.00835685
-3.20993 -0.032488 -0.00828697
-3.21288 -0.0185567 -0.00785628
-3.21295 -0.00526427 -0.00707909
-3.21048 0.00732053 -0.00597769
-3.20584 0.0191499 -0.00457976
-3.19944 0.0302025 -0.0029268
-3.19177 0.0404837 -0.00107547
-3.18339 0.0500274 0.000908441
-3.17485 0.0588974 0.00294516
-3.16673 0.0671819 0.00498703
-3.15964 0.0749819 0.00696374
-3.1542 0.0823974 0.00877606
-3.15101 0.0895103 0.0103447
-3.15059 0.0963677 0.0115969
-3.15334 0.102972 0.0124735
-3.15952 0.109279 0.0129222
-3.16924 0.115208 0.0129109
-3.18246 0.120652 0.0124313
-3.19902 0.125483 0.0114962
-3.2186 0.129568 0.0101323
-3.24076 0.13278 0.00838479
-3.26502 0.135025 0.00630771
-3.29082 0.136253 0.00396514
-3.31764 0.136474 0.00145672
-3.34495 0.135749 -0.0011343
-3.37223 0.134175 -0.00375333
-3.39903 0.131863 -0.00632107
-3.42496 0.128932 -0.00875461
-3.4497 0.125496 -0.0109708
-3.47294 0.121647 -0.0129273
-3.49438 0.117431 -0.0145928
-3.51369 0.112847 -0.015931
-3.5305 0.107841 -0.0169295
-3.54447 0.10232 -0.0175808
-3.55527 0.0961693 -0.0178905
-3.56267 0.0892805 -0.0178678
-3.56655 0.081575 -0.0175263
-3.567 0.0730178 -0.0168834
-3.56428 0.0636297 -0.0159605
-3.55884 0.0534986 -0.0147827
-3.55128 0.0427828 -0.0133799
-3.54224 0.0317012 -0.0117866
-3.53234 0.0205115 -0.0100463
-3.52212 0.00947768 -0.0082113
-3.51199 -0.0011619 -0.0063388
-3.50226 -0.0112155 -0.00449279
-3.49314 -0.0205434 -0.00275133
-3.48478 -0.0290564 -0.00118732
-3.47733 -0.0367144 0.000136048
-3.47088 -0.0435279 0.00116132
-3.4656 -0.0495529 0.00184597
-3.46171 -0.054878 0.00216778
-3.45946 -0.0596037 0.0021279
-3.45907 -0.0638235 0.00174556
-3.46061 -0.0676102 0.00105465
-3.46402 -0.0710083 9.85606e-05
-3.46908 -0.0740344 -0.00107602
-3.4754 -0.0766829 -0.00241587
-3.48248 -0.0789309 -0.00386017
-3.4897 -0.0807467 -0.00534959
-3.49638 -0.0820997 -0.00683146
-3.50191 -0.0829659 -0.00825736
-3.50577 -0.0833344 -0.00957915
-3.50762 -0.0832148 -0.0107553
-3.50727 -0.0826424 -0.0117481
-3.50461 -0.0816823 -0.0125257
-3.49952 -0.0804341 -0.0130675
-3.4919 -0.0790259 -0.0133588
-3.48165 -0.0776005 -0.0133922
-3.46865 -0.0762978 -0.0131673
-3.45278 -0.0752381 -0.012689
-3.43388 -0.0745105 -0.0119677
-3.41182 -0.0741674 -0.0110181
-3.38659 -0.0742228 -0.0098551
-3.35836 -0.0746552 -0.0084906
-3.32745 -0.0754116 -0.00693765
-3.29436 -0.0764154 -0.00520772
-3.25966 -0.0775789 -0.00331445
-3.22403 -0.0788203 -0.00127852
-3.18817 -0.0800808 0.00087644
-3.15274 -0.0813364 0.00312379
-3.11828 -0.0826021 0.00542768
-3.08518 -0.0839299 0.00774683
-3.05365 -0.0854012 0.0100268
-3.02376 -0.0871164 0.0122014
-2.99552 -0.0891723 0.0142052
-2.96891 -0.0916325 0.01597
-2.94394 -0.0945141 0.0174353
-2.92066 -0.0977949 0.0185606
-2.89921 -0.10142 0.0193294
-2.8798 -0.105302 0.019747
-2.86262 -0.109326 0.0198364
-2.84784 -0.113373 0.0196315
-2.83548 -0.117346 0.0191765
-2.82544 -0.121179 0.0185245
-2.81746 -0.124856 0.0177345
-2.81112 -0.128406 0.0168685
-2.80588 -0.131903 0.0159844
-2.80109 -0.135451 0.0151249
-2.79607 -0.139169 0.0143246
-2.79017 -0.143186 0.0136181
-2.78288 -0.14762 0.0130324
-2.77393 -0.152564 0.012591
-2.76327 -0.158066 0.0123185
-2.75103 -0.164124 0.0122436
-2.73748 -0.170687 0.012393
-2.72287 -0.177662 0.0127867
-2.70749 -0.184938 0.0134371
-2.69167 -0.192399 0.0143499
-2.67575 -0.199929 0.0155295
-2.66007 -0.207419 0.0169749
-2.64495 -0.214768 0.0186736
-2.63068 -0.221885 0.0205968
-2.61756 -0.228699 0.0226962
-2.60589 -0.235158 0.0249035
-2.59598 -0.241232 0.0271385
-2.58811 -0.246892 0.029318
-2.58252 -0.252101 0.0313517
-2.57946 -0.256797 0.0331573
-2.57923 -0.260901 0.0346624
-2.58222 -0.264319 0.035823
-2.58884 -0.266933 0.0365954
-2.59948 -0.268613 0.0369074
-2.61451 -0.269227 0.0367091
-2.63418 -0.268652 0.0359792
-2.65864 -0.26679 0.0347252
-2.68785 -0.263575 0.0329811
-2.72157 -0.258974 0.0307973
-2.75937 -0.253007 0.0282311
-2.80069 -0.245744 0.0253471
-2.84483 -0.237309 0.0222226
-2.89106 -0.227852 0.0189284
-2.93859 -0.217537 0.0155263
-2.98664 -0.206515 0.0120859
-3.03449 -0.194927 0.00867778
-3.08156 -0.182884 0.00537226
-3.12739 -0.170461 0.00222684
-3.17167 -0.157699 -0.00071282
-3.21417 -0.144611 -0.00340369
-3.25475 -0.131198 -0.00580809
-3.29323 -0.11746 -0.00790067
-3.32939 -0.103408 -0.00967121
-3.36298 -0.0890773 -0.0111145
-3.39371 -0.0745332 -0.0122322
-3.42132 -0.0598603 -0.0130277
-3.44558 -0.0451542 -0.0135086
-3.46633 -0.0305168 -0.0136903
-3.48356 -0.0160525 -0.0135964
-3.49738 -0.00186122 -0.0132519
-3.50806 0.0119737 -0.0126823
-3.51591 0.025395 -0.0119187
-3.52133 0.0383766 -0.0110014
-3.52475 0.0509235 -0.00998104
-3.52671 0.0630642 -0.00890645
-3.52781 0.074838 -0.00782583
-3.52863 0.0862842 -0.00678276
-3.52973 0.0974321 -0.0058199
-3.53154 0.108289 -0.00498722
-3.53441 0.118825 -0.00432675
-3.53859 0.128967 -0.00386605
-3.54419 0.138592 -0.00362025
-3.55118 0.14754 -0.00359736
-3.55945 0.155621 -0.00380101
-3.56878 0.162645 -0.00423057
-3.57899 0.168453 -0.00487636
-3.58991 0.172932 -0.00571934
-3.60138 0.176022 -0.00673167
-3.61328 0.17771 -0.00787827
-3.62546 0.178029 -0.00911283
-3.63778 0.177053 -0.0103872
-3.6501 0.174883 -0.0116616
-3.66228 0.171636 -0.0129047
-3.67416 0.167424 -0.0140843
-3.68558 0.162339 -0.0151702
-3.69631 0.156444 -0.0161295
-3.70614 0.149761 -0.0169354
-3.71477 0.142273 -0.0175709
-3.72191 0.133934 -0.0180188
-3.72726 0.124685 -0.0182694
-3.73058 0.114473 -0.0183222
-3.73174 0.103268 -0.0181841
-3.73068 0.0910729 -0.0178673
-3.72747 0.0779364 -0.0173873
-3.72228 0.0639624 -0.0167616
-3.71531 0.0493052 -0.0160097
-3.70683 0.0341572 -0.015152
-3.69714 0.0187325 -0.0142107
-3.68655 0.00325045 -0.0132114
-3.67536 -0.012081 -0.0121829
-3.66386 -0.0270796 -0.0111544
-3.65229 -0.0415998 -0.0101524
-3.64087 -0.0555382 -0.00919873
-3.62977 -0.0688361 -0.00831051
-3.61908 -0.0814768 -0.00750024
-3.60883 -0.0934778 -0.00678338
-3.59892 -0.104878 -0.00617637
-3.58921 -0.115721 -0.00569385
-3.57956 -0.12604 -0.00534758
-3.56982 -0.135841 -0.00514187
-3.55989 -0.145091 -0.00507375
-3.54968 -0.15372 -0.00513428
-3.53909 -0.161626 -0.00530844
-3.52802 -0.168694 -0.00557443
-3.51636 -0.17481 -0.00590631
-3.50395 -0.179876 -0.00627404
-3.4906 -0.18382 -0.0066485
-3.47601 -0.186609 -0.00700313
-3.45985 -0.188252 -0.00731159
-3.44178 -0.188801 -0.00754782
-3.42148 -0.188352 -0.00768199
-3.3987 -0.187033 -0.00768276
-3.37326 -0.184992 -0.00752062
-3.34499 -0.182382 -0.00717345
-3.31376 -0.179351 -0.00662403
-3.27946 -0.176037 -0.00586006
-3.24208 -0.172552 -0.00487299
-3.20171 -0.168982 -0.00365307
-3.15855 -0.165384 -0.00219599
-3.11289 -0.16178 -0.000501356
-3.06514 -0.158166 0.00142833
-3.0158 -0.15452 0.00358643
-2.96542 -0.150815 0.00596429
-2.91454 -0.147029 0.00854776
-2.86355 -0.143158 0.0113116
-2.8128 -0.13922 0.0142225
-2.76268 -0.135252 0.0172534
