2.64203e-05 -2.57335e-15 -0.0626005
-2.64308e-05 8.20962e-09 -0.0626004
-0.000233152 6.44629e-08 -0.0625994
-0.000632419 4.92091e-07 -0.0625961
-0.00120583 3.32402e-06 -0.0625892
-0.00193521 1.47017e-05 -0.062577
-0.00280022 4.27919e-05 -0.0625588
-0.00379295 8.69908e-05 -0.0625339
-0.00495089 0.000129089 -0.0624951
-0.0063854 0.000140147 -0.0624239
-0.00824582 9.70103e-05 -0.0623011
-0.0106159 -5.83519e-06 -0.0621283
-0.0134979 -0.000154796 -0.0619268
-0.0168748 -0.000325613 -0.0617154
-0.0207282 -0.000493003 -0.0614994
-0.0250167 -0.000635809 -0.0612785
-0.0296708 -0.000744566 -0.0610463
-0.0346275 -0.000831448 -0.0607859
-0.039827 -0.000933225 -0.0604737
-0.0451716 -0.00110332 -0.0600904
-0.0504906 -0.00139539 -0.0596308
-0.0555774 -0.00184566 -0.0591082
-0.0602462 -0.00245968 -0.0585547
-0.0643274 -0.00320605 -0.0580182
-0.06769 -0.00401977 -0.0575538
-0.0702219 -0.00481302 -0.057209
-0.0717928 -0.00548982 -0.0570129
-0.0723129 -0.00596532 -0.0569766
-0.0717722 -0.0061895 -0.0570982
-0.0702829 -0.00616803 -0.0573599
-0.0681246 -0.00596825 -0.0577213
-0.065643 -0.00569668 -0.0581264
-0.0630946 -0.00545349 -0.0585256
-0.0605693 -0.00529274 -0.0588971
-0.0580028 -0.0052116 -0.0592483
-0.0553554 -0.00516951 -0.0595893
-0.0527918 -0.00512194 -0.0599037
-0.0506455 -0.0050428 -0.0601456
-0.049281 -0.00492535 -0.0602602
-0.0489031 -0.00477202 -0.0602147
-0.049405 -0.0045834 -0.0600205
-0.050372 -0.0043582 -0.0597312
-0.0511841 -0.00410577 -0.0594166
-0.0513052 -0.00385305 -0.0591329
-0.0505013 -0.00363714 -0.0589081
-0.048766 -0.00348792 -0.058752
-0.0462105 -0.00340698 -0.058675
-0.0429034 -0.00335237 -0.0586958
-0.03874 -0.00323675 -0.0588424
-0.0335536 -0.00294774 -0.059155
-0.0272841 -0.00239119 -0.0596758
-0.0200329 -0.00153701 -0.0604178
-0.0120849 -0.000441881 -0.0613386
-0.00387952 0.000770144 -0.0623485
0.00412498 0.00195886 -0.0633463
0.0116146 0.00300529 -0.0642503
0.0184929 0.00381869 -0.0650075
0.0247856 0.00433865 -0.0655827
0.0305649 0.00454367 -0.065945
0.035951 0.00445908 -0.066089
0.0410944 0.00415245 -0.0660566
0.0461089 0.00370995 -0.0659141
0.0509894 0.00321309 -0.0657247
0.0557473 0.00273722 -0.0655524
0.0605573 0.0023637 -0.0654695
0.0656688 0.00218239 -0.0655486
0.0712929 0.00227325 -0.0658484
0.0773814 0.00267683 -0.0663976
0.0834066 0.00337267 -0.0671741
0.0886306 0.00428262 -0.068096
0.09249 0.00530302 -0.069041
0.0947 0.00634741 -0.0698922
0.0953223 0.00736701 -0.0705745
0.0945897 0.00832008 -0.0710495
0.0925825 0.00911025 -0.0712711
0.0891359 0.00956997 -0.0711482
0.0840169 0.00952378 -0.0705737
0.0771695 0.00888172 -0.0695174
0.0688309 0.00769618 -0.0680875
0.0594728 0.00614352 -0.0664979
0.0495038 0.00445526 -0.0649632
0.0393767 0.00287228 -0.0636367
0.0298995 0.00163482 -0.0626216
0.0219756 0.000951881 -0.061985
0.0163238 0.000926793 -0.0617648
0.0130764 0.00147268 -0.0619256
0.0114084 0.00228558 -0.0623165
0.0100237 0.002942 -0.0627188
0.00789924 0.0030935 -0.0629599
0.00475823 0.00263409 -0.0630206
0.00113833 0.0017383 -0.0630493
-0.00222653 0.000747488 -0.0632383
-0.00522125 -2.86196e-05 -0.0636423
-0.00868552 -0.000455655 -0.0641003
-0.0140884 -0.000591888 -0.0643122
-0.0225906 -0.000623215 -0.0640065
-0.0342372 -0.000775191 -0.063086
-0.0480281 -0.00125111 -0.0616353
-0.0623876 -0.00220523 -0.0598369
-0.0758939 -0.00371729 -0.0579077
-0.0878895 -0.00576183 -0.0560523
-0.0982418 -0.0081775 -0.0544324
-0.10702 -0.0106517 -0.0531541
-0.114282 -0.0127566 -0.0522878
-0.119862 -0.0140475 -0.0518868
-0.12364 -0.0142145 -0.0519647
-0.125785 -0.0132267 -0.0524655
-0.126754 -0.0113649 -0.0532562
-0.127203 -0.00912203 -0.0541742
-0.127605 -0.00703345 -0.0550775
-0.127953 -0.00551442 -0.0558889
-0.128025 -0.00477994 -0.0565676
-0.127722 -0.00484825 -0.057028
-0.127169 -0.00557818 -0.0571684
-0.126698 -0.00674575 -0.0569251
-0.126505 -0.00811905 -0.0562824
-0.126355 -0.00947498 -0.0553043
-0.125645 -0.0106302 -0.0541357
-0.123509 -0.0114953 -0.0529917
-0.119087 -0.0120566 -0.0521286
-0.112011 -0.0123379 -0.0517769
-0.102487 -0.0123825 -0.0520623
-0.090996 -0.0121785 -0.0529878
-0.0780967 -0.0115894 -0.0544873
-0.0643842 -0.0103959 -0.0564804
-0.0505674 -0.00842604 -0.0588433
-0.0375369 -0.00569145 -0.0613601
-0.0262144 -0.00243074 -0.0637285
-0.0171019 0.000955901 -0.0656472
-0.0103718 0.00400061 -0.0669254
-0.00630977 0.00624583 -0.0674933
-0.00522375 0.00731089 -0.0673514
-0.00732057 0.00697518 -0.066519
-0.0125103 0.00530687 -0.0650445
-0.0199665 0.00273611 -0.0630757
-0.0282225 -5.74321e-05 -0.0609205
-0.0358199 -0.00238691 -0.0589511
-0.0418426 -0.00379255 -0.0573953
-0.0461426 -0.00416189 -0.0563123
-0.0490629 -0.00368079 -0.0556545
-0.0507714 -0.00268191 -0.0553946
-0.051033 -0.00149583 -0.0556024
-0.0495788 -0.000359894 -0.0563892
-0.0464887 0.000599666 -0.0577865
-0.0424406 0.0013586 -0.0596422
-0.0387293 0.00198143 -0.0616674
-0.0368508 0.00257542 -0.0635318
-0.0379844 0.00321389 -0.0649645
-0.0427795 0.00384182 -0.0657749
-0.0513412 0.00421066 -0.0658186
-0.0632154 0.00393926 -0.0649357
-0.077623 0.00271591 -0.0631433
-0.0935515 0.00046258 -0.0606633
-0.109564 -0.00270641 -0.0577942
-0.124304 -0.00659474 -0.0548278
-0.137127 -0.0109072 -0.0519665
-0.147609 -0.0151838 -0.0494124
-0.154911 -0.0189201 -0.0475862
-0.158328 -0.0218444 -0.0466556
-0.157978 -0.0238888 -0.0464764
-0.154458 -0.0248825 -0.0469641
-0.147878 -0.0245761 -0.0482694
-0.1377 -0.0229181 -0.0504625
-0.124132 -0.0201032 -0.0533341
-0.108533 -0.0164782 -0.0564862
-0.0926101 -0.0125584 -0.0596168
-0.0787066 -0.00901982 -0.0624848
-0.0695242 -0.00651918 -0.0646098
-0.0667385 -0.00542933 -0.0657657
-0.0705053 -0.00568046 -0.0659205
-0.0796511 -0.00680072 -0.0652374
-0.0921157 -0.00813631 -0.0639957
-0.106194 -0.00915972 -0.0624232
-0.121671 -0.00959826 -0.060525
-0.139365 -0.00938466 -0.0581437
-0.159999 -0.00872293 -0.0551953
-0.183506 -0.00813363 -0.0517942
-0.208438 -0.0082548 -0.0482219
-0.232374 -0.00948969 -0.0447398
-0.252818 -0.0117183 -0.0418049
-0.267327 -0.0143318 -0.0399255
-0.274417 -0.0166684 -0.0393348
-0.274623 -0.0183306 -0.03972
-0.269457 -0.0190295 -0.0409975
-0.260195 -0.0185441 -0.0429471
-0.248369 -0.0169107 -0.0451847
-0.235529 -0.0144839 -0.0474605
-0.222035 -0.0119107 -0.0496274
-0.207494 -0.00992244 -0.0517089
-0.19163 -0.00899962 -0.0538043
-0.174327 -0.00927831 -0.0559742
-0.156242 -0.0106766 -0.0579727
-0.138866 -0.0129682 -0.0595955
-0.123035 -0.015758 -0.0606462
-0.10877 -0.018495 -0.0610014
-0.0960028 -0.0206343 -0.0606475
-0.0840991 -0.0218719 -0.0597766
-0.0722799 -0.0222913 -0.058636
-0.0602744 -0.0222922 -0.0575292
-0.0473736 -0.0223209 -0.0567246
-0.0326973 -0.0226287 -0.0563845
-0.0157988 -0.0231036 -0.0566341
0.00449712 -0.0231529 -0.0577469
0.0297293 -0.0219584 -0.0599601
0.0600028 -0.0189507 -0.0631182
0.0937293 -0.01394 -0.066727
0.128465 -0.00713088 -0.0702707
0.161696 0.000719823 -0.0737176
0.191517 0.00854284 -0.0767626
0.217014 0.0154676 -0.0792847
0.237921 0.0209915 -0.0812003
0.254615 0.0251122 -0.0826818
0.268245 0.0283588 -0.0839877
0.279321 0.0313397 -0.0852217
0.286979 0.0343811 -0.0859525
0.289931 0.0376742 -0.0858621
0.28668 0.0413251 -0.085122
0.275672 0.045026 -0.0836275
0.256551 0.0480406 -0.0811474
0.231254 0.0497156 -0.0778045
0.203686 0.0498061 -0.0742135
0.17838 0.0484083 -0.0710543
0.158729 0.0459039 -0.0689203
0.144945 0.0428127 -0.0677761
0.134537 0.0394908 -0.0672066
0.124899 0.0361437 -0.0668434
0.113753 0.033052 -0.0665292
0.0996527 0.0305198 -0.0661047
0.0837246 0.0286942 -0.0655689
0.068563 0.027493 -0.0651508
0.0564642 0.026566 -0.065193
0.0488256 0.0253051 -0.0658302
0.0444938 0.0230048 -0.0669295
0.0395342 0.019128 -0.0680565
0.0297127 0.0134842 -0.0687419
0.0120424 0.00630828 -0.0686321
-0.0153656 -0.00174479 -0.0676411
-0.0520311 -0.00973402 -0.0657477
-0.0944965 -0.0167091 -0.0631261
-0.139177 -0.022082 -0.0603242
-0.184059 -0.0258516 -0.0575868
-0.228329 -0.0286101 -0.0547459
-0.272468 -0.0313511 -0.0516401
-0.317181 -0.0350824 -0.0481468
-0.361362 -0.0404094 -0.0442508
-0.40239 -0.0472229 -0.040224
-0.438425 -0.0548101 -0.0362502
-0.469065 -0.0624494 -0.0326755
-0.494453 -0.069744 -0.0301262
-0.515535 -0.0762502 -0.0285134
-0.53358 -0.0811595 -0.0270666
-0.548287 -0.0837688 -0.0257126
-0.558178 -0.083845 -0.0256938
-0.562142 -0.0813559 -0.0274412
-0.559242 -0.0765027 -0.0301414
-0.549511 -0.0700778 -0.0329632
-0.535248 -0.0633414 -0.0365174
-0.519751 -0.0572186 -0.0404551
-0.505865 -0.0519647 -0.0436241
-0.495533 -0.0477979 -0.045819
-0.489083 -0.0448834 -0.0469252
-0.484928 -0.0429504 -0.0474911
-0.481091 -0.0415996 -0.0474631
-0.477098 -0.040454 -0.0469752
-0.47314 -0.0390229 -0.04623
-0.468793 -0.0368942 -0.0452757
-0.464064 -0.0342507 -0.0444103
-0.459298 -0.0316724 -0.0434265
-0.453744 -0.0293665 -0.0420793
-0.446322 -0.0270985 -0.0409153
-0.437281 -0.0246335 -0.0403811
-0.427475 -0.021969 -0.0399643
-0.416922 -0.0193427 -0.039376
-0.404795 -0.0170687 -0.039152
-0.389396 -0.0151466 -0.039539
-0.368245 -0.0130705 -0.0401513
-0.339038 -0.0103069 -0.0413611
-0.3013 -0.0068658 -0.0439428
-0.257316 -0.00327737 -0.0475548
-0.210583 -0.000165324 -0.0511923
-0.16358 0.00218271 -0.0545347
-0.116923 0.00384752 -0.0578015
-0.0700858 0.00507619 -0.0608967
-0.0225204 0.00606029 -0.0642078
0.026366 0.00682386 -0.0676502
0.0761447 0.00745031 -0.0710384
0.12437 0.00811666 -0.0742446
0.169151 0.00890664 -0.0767598
0.210758 0.00984453 -0.0785476
0.24995 0.0109508 -0.0801291
0.287191 0.0122457 -0.0817508
0.322523 0.0137018 -0.0831728
0.354382 0.0151318 -0.0844351
0.38067 0.0162855 -0.0853623
0.401194 0.0171864 -0.0856035
0.41701 0.018252 -0.0853659
0.429505 0.0200497 -0.085323
0.440546 0.0229897 -0.0856828
0.450859 0.0271237 -0.0864738
0.45921 0.0321532 -0.0877673
0.463989 0.0376604 -0.0891748
0.46393 0.0433148 -0.0901133
0.458279 0.0488324 -0.090474
0.447518 0.0538572 -0.09038
0.432692 0.0580265 -0.0898316
0.413956 0.0610975 -0.0888682
0.390605 0.0629275 -0.0876608
0.362015 0.0634634 -0.0859942
0.328066 0.0628176 -0.0836989
0.28959 0.0612357 -0.0809712
0.248792 0.0590334 -0.0781313
0.207867 0.0565814 -0.0754382
0.167304 0.0541692 -0.0729278
0.126446 0.0518164 -0.0704476
0.0844666 0.049297 -0.0677167
0.0407924 0.0463155 -0.0646218
-0.0038954 0.0425605 -0.0614061
-0.0475049 0.0376885 -0.0586003
-0.0881254 0.0315305 -0.0564104
-0.125421 0.0242758 -0.0545231
-0.159974 0.0162504 -0.0528012
-0.19192 0.00772218 -0.0517376
-0.221819 -0.000990105 -0.0512446
-0.251064 -0.00948017 -0.0507192
-0.279718 -0.0173644 -0.0501434
-0.306675 -0.0243885 -0.0498827
-0.332132 -0.030553 -0.0497639
-0.356982 -0.0361846 -0.0493037
-0.38081 -0.0417938 -0.0485497
-0.402885 -0.047851 -0.0476148
-0.42287 -0.0546142 -0.0464004
-0.439172 -0.0620449 -0.0448505
-0.449331 -0.0699125 -0.0433207
-0.452083 -0.0778707 -0.0419455
-0.446834 -0.0854553 -0.0405428
-0.432247 -0.0921799 -0.0392168
-0.407047 -0.0976472 -0.0383358
-0.370319 -0.101587 -0.0376581
-0.320244 -0.103893 -0.0367869
-0.25434 -0.104666 -0.0361318
-0.170836 -0.104032 -0.0363701
-0.0685729 -0.101791 -0.0377897
0.0537371 -0.097564 -0.040365
0.196978 -0.0913148 -0.0445492
0.360927 -0.0833263 -0.0499852
0.544571 -0.0738331 -0.0561149
0.746729 -0.0628702 -0.0626078
0.966356 -0.0501855 -0.0694877
1.20268 -0.0353552 -0.0766695
1.45481 -0.0180693 -0.0838639
1.72141 0.00146924 -0.0907596
2.00152 0.022243 -0.0968685
2.29526 0.0431721 -0.101655
2.60293 0.0639459 -0.105476
2.92517 0.0846574 -0.108974
3.26292 0.105351 -0.112
3.61619 0.126021 -0.114643
3.98468 0.146656 -0.117177
4.3688 0.167337 -0.119379
4.76866 0.188426 -0.120823
5.18431 0.210528 -0.121833
5.61615 0.234132 -0.122781
6.06386 0.259219 -0.123515
6.52607 0.285243 -0.123987
7.00107 0.311553 -0.124501
7.48714 0.337591 -0.124751
7.9828 0.362768 -0.124436
8.48711 0.386549 -0.123614
8.9995 0.408527 -0.122451
9.51914 0.428321 -0.120884
10.0445 0.445687 -0.118963
10.573 0.460712 -0.116877
11.1009 0.473736 -0.114778
11.6238 0.485103 -0.112685
12.1369 0.495042 -0.110699
12.6356 0.50372 -0.108817
13.1154 0.51127 -0.106783
13.5725 0.517802 -0.104384
14.0037 0.52342 -0.101607
14.4061 0.528209 -0.0985027
14.7775 0.532176 -0.0951041
15.1164 0.535236 -0.0914624
15.421 0.537253 -0.087828
15.6902 0.538131 -0.0844641
15.9237 0.537822 -0.0816826
16.1219 0.53623 -0.0800389
16.2852 0.533183 -0.0800423
16.414 0.528455 -0.081824
16.5074 0.521668 -0.0851446
16.5639 0.512336 -0.0898083
16.5815 0.500087 -0.0952694
16.5581 0.48464 -0.100249
16.4915 0.465744 -0.104272
16.3804 0.44323 -0.107736
16.2249 0.41712 -0.111062
16.0261 0.387679 -0.114346
15.7878 0.355267 -0.117507
15.5148 0.320262 -0.120055
15.2091 0.283048 -0.121215
14.8728 0.243854 -0.11918
14.5114 0.202563 -0.112873
14.1307 0.159028 -0.10409
13.7334 0.113456 -0.095895
13.3201 0.0662734 -0.0898163
12.8945 0.0180566 -0.0837679
12.4601 -0.0302052 -0.0739542
12.0172 -0.077219 -0.0580196
11.5642 -0.122403 -0.0357474
11.1031 -0.166905 0.00930343
10.6415 -0.211803 0.079263
10.1901 -0.256278 0.149164
9.76117 -0.298931 0.21081
9.36499 -0.338671 0.266513
9.00376 -0.374794 0.313069
8.66901 -0.407283 0.345377
8.34826 -0.436211 0.360976
8.03646 -0.460915 0.361743
7.73625 -0.480232 0.350137
7.44697 -0.493068 0.324478
7.15701 -0.498607 0.284518
6.84977 -0.49646 0.23365
6.51765 -0.486497 0.175024
6.16819 -0.468148 0.11063
5.8094 -0.442171 0.0528004
5.43504 -0.411369 0.011713
5.03502 -0.377928 -0.0102003
4.61086 -0.345583 -0.0155167
4.16667 -0.320622 -0.00575009
3.68669 -0.304359 0.0207847
3.14432 -0.292536 0.0665764
2.53334 -0.284306 0.122458
1.86836 -0.281777 0.172931
1.16524 -0.286031 0.225722
0.433012 -0.296787 0.284647
-0.331207 -0.310881 0.341389
-1.13475 -0.325067 0.393032
-1.97646 -0.338235 0.444177
-2.85 -0.349217 0.498486
-3.74578 -0.356483 0.557303
-4.65148 -0.360105 0.617655
-5.56025 -0.361998 0.675212
-6.47203 -0.364172 0.733606
-7.38493 -0.36775 0.795457
-8.29368 -0.373185 0.86081
-9.19668 -0.380403 0.932586
-10.0953 -0.389232 1.00818
-10.9888 -0.39977 1.0884
-11.8764 -0.411984 1.17299
-12.7596 -0.425873 1.2612
-13.6412 -0.441996 1.35929
-14.5253 -0.461594 1.46411
-15.4162 -0.486052 1.56826
-16.3156 -0.516162 1.66801
-17.2174 -0.552683 1.76475
-18.1045 -0.596691 1.86328
-18.9479 -0.648055 1.95807
-19.725 -0.705848 2.02282
-20.4462 -0.768752 2.04762
-21.1305 -0.833435 2.04404
-21.7808 -0.895687 2.02861
-22.3874 -0.952105 2.02465
-22.9425 -1.00093 2.03667
-23.4566 -1.04207 2.06018
-23.9429 -1.07549 2.09078
-24.3975 -1.10055 2.12139
-24.8083 -1.11722 2.1442
-25.1756 -1.12691 2.15407
-25.512 -1.13115 2.15558
-25.821 -1.13028 2.15391
-26.0966 -1.12451 2.15151
-26.3373 -1.11493 2.14784
-26.5515 -1.10299 2.14296
-26.7478 -1.08956 2.13735
-26.9283 -1.0751 2.13146
-27.0922 -1.06018 2.12606
-27.2408 -1.04563 2.12062
-27.3794 -1.03228 2.11479
-27.5135 -1.02074 2.10846
-27.6436 -1.0115 2.10198
-27.7657 -1.00519 2.09491
-27.8754 -1.00265 2.08635
-27.9714 -1.00461 2.07648
-28.0534 -1.01141 2.06622
-28.1193 -1.02292 2.05522
-28.1643 -1.03881 2.04156
-28.1846 -1.05868 2.0238
-28.1802 -1.08211 2.00247
-28.1545 -1.10855 1.97903
-28.1116 -1.13732 1.95418
-28.0541 -1.16779 1.92819
-27.9833 -1.19943 1.9026
-27.9016 -1.23167 1.87902
-27.8131 -1.26371 1.85802
-27.722 -1.29453 1.83941
-27.6295 -1.32293 1.82228
-27.5334 -1.34777 1.8068
-27.4306 -1.36817 1.79341
-27.3196 -1.38346 1.78169
-27.2001 -1.39326 1.77076
-27.0718 -1.3975 1.76011
-26.9322 -1.39632 1.74992
-26.7781 -1.38998 1.74089
-26.6068 -1.37898 1.73279
-26.4174 -1.36415 1.72495
-26.2104 -1.34661 1.71776
-25.9856 -1.32753 1.71155
-25.7399 -1.30821 1.70486
-25.4695 -1.29028 1.69653
-25.1733 -1.27544 1.68638
-24.8517 -1.26499 1.67292
-24.5039 -1.25967 1.65402
-24.1276 -1.2598 1.62818
-23.721 -1.26537 1.59546
-23.285 -1.27606 1.55631
-22.8218 -1.29118 1.51019
-22.3332 -1.30962 1.45613
-21.8192 -1.33013 1.39423
-21.2798 -1.35149 1.32527
-20.7166 -1.37256 1.25028
-20.1327 -1.39218 1.16992
-19.5306 -1.40924 1.08503
-18.9112 -1.42277 0.997422
-18.2756 -1.43194 0.908424
-17.626 -1.43583 0.820309
-16.9657 -1.43329 0.736759
-16.2985 -1.42307 0.661138
-15.6277 -1.4034 0.594622
-14.9561 -1.37098 0.533391
-14.2859 -1.32231 0.475466
-13.6187 -1.25693 0.421947
-12.9555 -1.17741 0.373254
-12.2977 -1.08709 0.331148
-11.6477 -0.990133 0.29503
-11.0073 -0.892498 0.263533
-10.3765 -0.801462 0.236278
-9.75475 -0.722842 0.212008
-9.14246 -0.659332 0.18934
-8.54135 -0.611597 0.166848
-7.95379 -0.579138 0.144026
-7.38158 -0.559868 0.121135
-6.82547 -0.549755 0.0988017
-6.28577 -0.543345 0.0774972
-5.76369 -0.534919 0.0574557
-5.26127 -0.519329 0.0387142
-4.78017 -0.492279 0.0211164
-4.32024 -0.450536 0.00417025
-3.87899 -0.392183 -0.0127937
-3.45299 -0.316678 -0.0303555
-3.03994 -0.224797 -0.0487688
-2.63905 -0.118872 -0.0677617
-2.24985 -0.00329566 -0.0863818
-1.87085 0.115147 -0.103202
-1.49924 0.228151 -0.117426
-1.13188 0.328097 -0.12943
-0.766505 0.409787 -0.140316
-0.402603 0.471145 -0.149455
-0.0411237 0.513469 -0.152897
0.317006 0.540801 -0.152244
0.671215 0.558815 -0.150236
1.02127 0.573722 -0.146437
1.36725 0.591281 -0.14057
1.70852 0.61634 -0.133053
2.0439 0.652046 -0.126036
2.37358 0.699323 -0.120342
2.70014 0.757692 -0.115927
3.02698 0.825487 -0.112144
3.35632 0.899102 -0.108575
3.68917 0.973395 -0.105272
4.02686 1.0428 -0.102348
4.37129 1.10249 -0.100334
4.72302 1.14936 -0.0998943
5.08043 1.18174 -0.101146
5.44036 1.19915 -0.103848
5.79936 1.20269 -0.107488
6.15499 1.19474 -0.111518
6.50591 1.17874 -0.115256
6.85047 1.1589 -0.118272
7.18576 1.13967 -0.12034
7.50799 1.12494 -0.121589
7.81411 1.11737 -0.122371
8.10316 1.11796 -0.123015
8.37585 1.1261 -0.123672
8.63335 1.13989 -0.124277
8.87614 1.15658 -0.124657
9.10404 1.17266 -0.12475
9.31709 1.18432 -0.124709
9.51606 1.18793 -0.124844
9.70193 1.18068 -0.12549
9.87491 1.16124 -0.126863
10.0341 1.13 -0.128874
10.1783 1.08894 -0.131245
10.3062 1.04113 -0.133791
10.4169 0.990003 -0.136459
10.5097 0.938855 -0.139297
10.5838 0.890405 -0.142249
10.6381 0.846623 -0.145161
10.6714 0.808613 -0.147981
10.683 0.776461 -0.150686
10.6723 0.749163 -0.153117
10.6397 0.724712 -0.15492
10.586 0.700379 -0.155749
10.5127 0.673213 -0.155478
10.4207 0.640616 -0.154169
10.3101 0.600773 -0.151893
10.1814 0.552862 -0.148563
10.0365 0.497142 -0.14407
9.87878 0.434933 -0.138588
9.71137 0.36846 -0.132462
9.53595 0.300573 -0.125773
9.35321 0.234353 -0.118295
9.16419 0.17266 -0.10982
8.97093 0.117734 -0.100514
8.77599 0.0708736 -0.0908776
8.58128 0.0322595 -0.0813253
8.38773 0.000966842 -0.0720751
8.19594 -0.024845 -0.0632082
8.00693 -0.0475843 -0.0548451
7.82193 -0.0697749 -0.0472149
7.64132 -0.0936142 -0.040505
7.46406 -0.120641 -0.034844
7.2878 -0.151553 -0.0302324
7.11013 -0.186204 -0.0266501
6.92941 -0.223752 -0.0241969
6.74463 -0.262813 -0.0231121
6.55475 -0.301614 -0.0235141
6.35845 -0.338182 -0.0253511
6.1546 -0.370509 -0.0285652
5.94297 -0.39675 -0.0331336
5.72455 -0.415485 -0.0391804
5.5009 -0.425963 -0.0468508
5.27314 -0.428245 -0.0561529
5.04161 -0.423259 -0.0668671
4.80619 -0.412817 -0.0785914
4.56668 -0.399484 -0.0907999
4.32262 -0.386253 -0.102771
4.0726 -0.376063 -0.113714
3.81349 -0.371157 -0.122671
3.5402 -0.372508 -0.128804
3.24673 -0.379889 -0.131687
2.92961 -0.39252 -0.131281
2.59016 -0.409168 -0.128188
2.23139 -0.428133 -0.123239
1.85456 -0.447912 -0.116577
1.46065 -0.467201 -0.107562
1.05239 -0.4845 -0.0960722
0.633944 -0.498557 -0.0829744
0.20941 -0.509043 -0.0688971
-0.218515 -0.516683 -0.0535897
-0.648694 -0.522769 -0.0365044
-1.08031 -0.528439 -0.0171435
-1.51157 -0.534354 0.00422177
-1.93948 -0.541111 0.0274942
-2.36102 -0.549622 0.0530969
-2.77446 -0.560831 0.0818702
-3.17962 -0.575383 0.114377
-3.57686 -0.593732 0.148881
-3.96595 -0.616054 0.183281
-4.34598 -0.641915 0.2167
-4.71623 -0.670276 0.248862
-5.0771 -0.699854 0.279416
-5.42979 -0.72953 0.308185
-5.77455 -0.758515 0.335531
-6.10946 -0.786461 0.361576
-6.43119 -0.813397 0.386035
-6.73692 -0.83937 0.408607
-7.0252 -0.864273 0.429086
-7.29525 -0.887897 0.447232
-7.54553 -0.909864 0.462503
-7.77328 -0.92952 0.474315
-7.97586 -0.945977 0.482404
-8.15269 -0.958286 0.486811
-8.30624 -0.965841 0.488298
-8.44123 -0.968776 0.488626
-8.5625 -0.967758 0.489286
-8.67397 -0.963277 0.491092
-8.77895 -0.955459 0.494425
-8.88112 -0.944376 0.49888
-8.98442 -0.930329 0.504009
-9.09161 -0.913925 0.509256
-9.20317 -0.896022 0.514105
-9.31747 -0.877631 0.518592
-9.4321 -0.85972 0.522677
-9.5448 -0.843036 0.526543
-9.65327 -0.82802 0.530597
-9.75454 -0.814766 0.534629
-9.84533 -0.803039 0.537284
-9.92316 -0.792296 0.537441
-9.98768 -0.781806 0.535724
-10.0411 -0.770897 0.533637
-10.0874 -0.759161 0.532219
-10.1316 -0.746452 0.531782
-10.1784 -0.732775 0.532771
-10.2321 -0.718319 0.535679
-10.2967 -0.703444 0.540551
-10.3755 -0.688305 0.546994
-10.4698 -0.672722 0.554653
-10.5786 -0.65641 0.56353
-10.6996 -0.638971 0.574241
-10.831 -0.619876 0.587606
-10.9702 -0.598466 0.60349
-11.1139 -0.573967 0.621268
-11.2574 -0.545687 0.640363
-11.3969 -0.513261 0.659682
-11.5309 -0.476735 0.677976
-11.6605 -0.436504 0.694441
-11.7877 -0.393199 0.708904
-11.9134 -0.347539 0.721903
-12.0375 -0.300355 0.734473
-12.1607 -0.252664 0.747492
-12.2853 -0.205626 0.761436
-12.4144 -0.160424 0.776258
-12.5499 -0.118108 0.791586
-12.6914 -0.079538 0.807309
-12.8371 -0.0453839 0.823446
-12.9851 -0.016032 0.840013
-13.1345 0.00847353 0.857024
-13.2837 0.0283432 0.874413
-13.4299 0.0438607 0.891993
-13.5695 0.0552808 0.90938
-13.6993 0.062839 0.925824
-13.8186 0.0667768 0.940561
-13.9275 0.067483 0.953159
-14.0267 0.0655717 0.963428
-14.116 0.0616715 0.971405
-14.1953 0.0562218 0.977447
-14.2654 0.0494266 0.98216
-14.329 0.0412663 0.986236
-14.3893 0.0315598 0.99031
-14.4487 0.020071 0.994839
-14.5081 0.00663531 1.00013
-14.5667 -0.00878378 1.00625
-14.6239 -0.0261146 1.01305
-14.6787 -0.0451777 1.02027
-14.7306 -0.0657289 1.02755
-14.7781 -0.087526 1.03469
-14.8193 -0.110337 1.04159
-14.8518 -0.133927 1.04794
-14.874 -0.158044 1.05315
-14.885 -0.182465 1.0568
-14.8841 -0.207112 1.05867
-14.8713 -0.232148 1.05874
-14.8464 -0.257986 1.05717
-14.8102 -0.285241 1.05421
-14.7638 -0.314617 1.05017
-14.709 -0.346764 1.04532
-14.6472 -0.382227 1.03983
-14.5789 -0.421403 1.03379
-14.504 -0.464492 1.02707
-14.4217 -0.511458 1.01947
-14.3314 -0.561971 1.01089
-14.232 -0.615448 1.00124
-14.1225 -0.67115 0.990416
-14.0011 -0.728232 0.978282
-13.8657 -0.785785 0.964618
-13.715 -0.842895 0.949242
-13.5484 -0.898718 0.932041
-13.3662 -0.952584 0.912988
-13.1691 -1.00407 0.89214
-12.9574 -1.053 0.869628
-12.7314 -1.09936 0.845658
-12.4912 -1.1432 0.820378
-12.2372 -1.18462 0.793831
-11.9696 -1.22359 0.765994
-11.6878 -1.25999 0.73674
-11.3908 -1.29358 0.705998
-11.0773 -1.32405 0.673708
-10.747 -1.35109 0.639828
-10.4 -1.37446 0.604411
-10.0367 -1.39407 0.567542
-9.65723 -1.40998 0.529318
-9.2622 -1.42234 0.489738
-8.85325 -1.43137 0.448774
-8.43354 -1.4373 0.406723
-8.00703 -1.44034 0.36406
-7.57732 -1.44067 0.321077
-7.14712 -1.43842 0.27823
-6.71851 -1.43364 0.235673
-6.29357 -1.42658 0.193918
-5.87456 -1.4172 0.155374
-5.46351 -1.40387 0.123834
-5.06065 -1.38265 0.0983824
-4.6643 -1.35056 0.0775675
-4.27437 -1.3076 0.0600301
-3.89309 -1.25505 0.0434666
-3.52407 -1.19578 0.028115
-3.17447 -1.13265 0.0154242
-2.85081 -1.06593 0.00633832
-2.5519 -0.99509 -0.00031823
-2.27309 -0.91987 -0.0059913
-2.01195 -0.840714 -0.011786
-1.76664 -0.759258 -0.0184161
-1.53529 -0.677363 -0.0268219
-1.31637 -0.596372 -0.0371613
-1.10838 -0.51682 -0.0492314
-0.910784 -0.43863 -0.062151
-0.724183 -0.361818 -0.0750088
-0.549161 -0.286854 -0.0872976
-0.384951 -0.214375 -0.0984626
-0.228618 -0.144579 -0.107402
-0.0751762 -0.0767953 -0.111076
0.0813148 -0.00978533 -0.1083
0.246462 0.0570608 -0.0992542
0.424583 0.123173 -0.084261
0.618631 0.187837 -0.0664512
0.830932 0.25112 -0.0480585
1.0637 0.313548 -0.0302407
1.31805 0.375432 -0.0139393
1.59287 0.436122 0.000844552
1.88565 0.493868 0.0141157
2.19438 0.547075 0.0256542
2.51859 0.595439 0.035152
2.85863 0.639842 0.0422703
3.21402 0.681449 0.0473376
3.58284 0.720761 0.0506753
3.96319 0.757407 0.0518277
4.35495 0.790531 0.0506132
4.75972 0.819243 0.0470804
5.17877 0.843137 0.0412913
5.61091 0.862517 0.0336286
6.05299 0.877984 0.0247239
6.50191 0.889939 0.0150597
6.95622 0.898535 0.00500996
7.41574 0.903776 -0.00525372
7.87989 0.905691 -0.0155987
8.3465 0.904647 -0.0260446
8.81231 0.901472 -0.0365117
9.27463 0.897214 -0.0468597
9.73231 0.892756 -0.0572617
10.1849 0.888488 -0.0677324
10.631 0.884222 -0.0784241
11.0677 0.879384 -0.0891241
11.4911 0.873299 -0.0993382
11.8982 0.865326 -0.108881
12.2866 0.854833 -0.117554
12.6533 0.841205 -0.125286
12.9944 0.823948 -0.131607
13.3057 0.802801 -0.135952
13.5835 0.777807 -0.138237
13.8259 0.749361 -0.138661
14.0324 0.718135 -0.137683
14.2034 0.684908 -0.13572
14.3395 0.650467 -0.132958
14.4411 0.615588 -0.129498
14.5089 0.581032 -0.125532
14.5434 0.547437 -0.121224
14.5458 0.515199 -0.117222
14.5181 0.484427 -0.113085
14.4627 0.455031 -0.109041
14.382 0.42687 -0.106025
14.2778 0.399784 -0.103509
14.1518 0.37347 -0.101211
14.005 0.34748 -0.0992321
13.8394 0.321414 -0.0973364
13.6576 0.295063 -0.0952143
13.4616 0.268395 -0.0932685
13.2517 0.241551 -0.0914307
13.0278 0.214892 -0.0891209
12.7906 0.188962 -0.0860186
12.5421 0.164331 -0.0821859
12.284 0.141495 -0.0778243
12.0168 0.120873 -0.0728364
11.7402 0.102766 -0.0668134
11.4541 0.0872687 -0.0595192
11.1598 0.074232 -0.0506496
10.8595 0.0632911 -0.0398726
10.5554 0.053852 -0.0272736
10.2492 0.0451783 -0.0130292
9.94215 0.0366168 0.00244734
9.63561 0.0277182 0.0181973
9.33127 0.0182476 0.0328043
9.03079 0.00820012 0.0450614
8.73512 -0.00218648 0.0539581
8.44418 -0.0124789 0.0586594
8.15732 -0.0221392 0.058845
7.87409 -0.0305742 0.0544009
7.59435 -0.0371501 0.0453197
7.31749 -0.0412165 0.0319811
7.04174 -0.0421708 0.015275
6.76412 -0.039572 -0.00347346
6.48128 -0.0332538 -0.0226283
6.19023 -0.023468 -0.0405195
5.88842 -0.011093 -0.0560055
5.57298 0.00219695 -0.0687488
5.23995 0.0140337 -0.0788733
4.88444 0.0221279 -0.0858691
4.5024 0.0252714 -0.0885177
4.09328 0.0231699 -0.0858794
3.65947 0.0157015 -0.0764327
3.20319 0.00299064 -0.0613261
2.72605 -0.0144241 -0.0428096
2.23092 -0.0356803 -0.0213576
1.7222 -0.0597789 0.00158717
1.20455 -0.0858425 0.0245522
0.681321 -0.112943 0.0466856
0.153828 -0.140019 0.0676333
-0.377932 -0.16636 0.0873452
-0.913843 -0.191829 0.106075
-1.45279 -0.216577 0.124623
-1.99292 -0.2409 0.144094
-2.53268 -0.265296 0.165641
-3.07157 -0.290422 0.191444
-3.60955 -0.316894 0.224805
-4.14561 -0.345262 0.267976
-4.67721 -0.376401 0.318987
-5.20191 -0.411535 0.374048
-5.71849 -0.451125 0.431514
-6.22562 -0.494265 0.490684
-6.72073 -0.539969 0.550702
-7.20068 -0.588126 0.61045
-7.66272 -0.638924 0.668726
-8.10488 -0.692405 0.724498
-8.52633 -0.748464 0.776894
-8.92711 -0.80674 0.825387
-9.3074 -0.866583 0.869663
-9.66677 -0.927053 0.90947
-10.0043 -0.986927 0.944739
-10.3194 -1.04484 0.975459
-10.6119 -1.09942 1.00174
-10.8822 -1.14941 1.02364
-11.131 -1.19371 1.04118
-11.3585 -1.23144 1.05467
-11.565 -1.2619 1.06432
-11.7505 -1.28459 1.06918
-11.9161 -1.29935 1.06973
-12.0639 -1.30648 1.06729
-12.1968 -1.30654 1.06226
-12.3177 -1.30014 1.05551
-12.4286 -1.28795 1.04817
-12.5311 -1.27085 1.04093
-12.6269 -1.24987 1.03424
-12.7183 -1.226 1.02865
-12.8065 -1.20027 1.02414
-12.8918 -1.1737 1.02111
-12.9738 -1.14722 1.01973
-13.0523 -1.1217 1.01903
-13.1277 -1.09799 1.01904
-13.2007 -1.07677 1.02047
-13.2713 -1.05874 1.0227
-13.3393 -1.04474 1.02493
-13.4041 -1.03557 1.02733
-13.4658 -1.03167 1.0299
-13.5247 -1.03298 1.03202
-13.5806 -1.03914 1.03349
-13.6333 -1.04966 1.03465
-13.6824 -1.06386 1.03603
-13.7281 -1.08075 1.03783
-13.7706 -1.09915 1.04
-13.8101 -1.11789 1.04252
-13.8463 -1.13593 1.04576
-13.879 -1.1523 1.05035
-13.9079 -1.16605 1.0562
-13.9327 -1.17636 1.06346
-13.9534 -1.18273 1.07239
-13.9698 -1.18502 1.08272
-13.9813 -1.18339 1.09407
-13.9857 -1.17818 1.10602
-13.9803 -1.1699 1.11795
-13.962 -1.1591 1.12887
-13.9286 -1.14636 1.13787
-13.8789 -1.13219 1.14398
-13.8122 -1.11698 1.14633
-13.7272 -1.10095 1.14437
-13.6231 -1.08431 1.13772
-13.4997 -1.06738 1.12617
-13.3577 -1.05053 1.10968
-13.1977 -1.03416 1.08832
-13.0199 -1.01873 1.06226
-12.8238 -1.0047 1.03192
-12.6102 -0.992551 0.997846
-12.3808 -0.982772 0.960655
-12.1385 -0.975761 0.920952
-11.8857 -0.971767 0.879501
-11.624 -0.970937 0.837083
-11.3542 -0.973368 0.794135
-11.0772 -0.97903 0.751167
-10.7943 -0.987695 0.708687
-10.5067 -0.999004 0.666763
-10.2147 -1.01244 0.62551
-9.91748 -1.02732 0.58528
-9.61447 -1.04292 0.546535
-9.30576 -1.05876 0.509952
-8.99234 -1.07459 0.475979
-8.6752 -1.09057 0.444754
-8.35473 -1.10722 0.415734
-8.03104 -1.12529 0.388496
-7.7049 -1.14547 0.362216
-7.37819 -1.16807 0.335961
-7.0532 -1.19264 0.309816
-6.73136 -1.21832 0.283814
-6.41284 -1.24429 0.258176
-6.09708 -1.26998 0.233108
-5.78375 -1.29492 0.20857
-5.47284 -1.31887 0.184623
-5.16383 -1.34194 0.161434
-4.85493 -1.36442 0.139134
-4.54328 -1.38633 0.117905
-4.22611 -1.40703 0.097925
-3.90187 -1.42524 0.0794809
-3.57044 -1.43932 0.0626709
-3.23216 -1.44806 0.0470413
-2.88659 -1.4516 0.0320354
-2.53279 -1.45102 0.017441
-2.17157 -1.44691 0.003273
-1.80585 -1.43909 -0.00991348
-1.43822 -1.42733 -0.0220936
-1.06994 -1.41146 -0.0336834
-0.701897 -1.39146 -0.0446734
-0.335045 -1.36746 -0.055005
0.0297582 -1.33936 -0.0646123
0.391794 -1.30663 -0.0735351
0.75068 -1.26838 -0.0817674
1.10652 -1.22382 -0.0893846
1.45973 -1.17257 -0.0964186
1.81054 -1.11457 -0.102812
2.15861 -1.04992 -0.108615
2.5031 -0.978865 -0.113906
2.84315 -0.901808 -0.118704
3.17816 -0.819392 -0.123034
3.50756 -0.732477 -0.126987
3.83031 -0.64194 -0.130661
4.14462 -0.54847 -0.134068
4.4482 -0.452468 -0.137149
4.73903 -0.354128 -0.139809
5.01563 -0.253576 -0.141917
5.27688 -0.150954 -0.143373
5.52173 -0.0464344 -0.144168
5.74906 0.059791 -0.144341
5.95814 0.167558 -0.143903
6.14901 0.276724 -0.14285
6.32263 0.387013 -0.14126
6.48049 0.497781 -0.139284
6.62405 0.608028 -0.137088
6.75444 0.716662 -0.134821
6.87273 0.822721 -0.13261
6.98018 0.925394 -0.130564
7.07828 1.02396 -0.128806
7.16825 1.11776 -0.127405
7.25071 1.20624 -0.126343
7.32555 1.28888 -0.125544
7.39232 1.36536 -0.124885
7.45043 1.43554 -0.124232
7.49927 1.49951 -0.12345
7.53791 1.55735 -0.122425
7.56515 1.60914 -0.121008
7.57991 1.65495 -0.119069
7.58159 1.69488 -0.116565
7.57039 1.72911 -0.113524
7.5473 1.7579 -0.110018
7.51353 1.78144 -0.106119
7.47022 1.79985 -0.10191
7.41837 1.81305 -0.0975238
7.3592 1.82082 -0.0931891
7.29424 1.82287 -0.089226
7.22501 1.81894 -0.0860162
7.15252 1.80876 -0.0838305
7.07705 1.79215 -0.0827677
6.99838 1.76896 -0.0828336
6.91619 1.73915 -0.0839467
6.8303 1.70275 -0.0859612
6.74042 1.65998 -0.0886823
6.64588 1.61122 -0.0918735
6.54556 1.55699 -0.0953163
6.43824 1.49787 -0.0987919
6.32288 1.43444 -0.102132
6.19862 1.36713 -0.105228
6.06466 1.29629 -0.107976
5.9202 1.22212 -0.110287
5.76452 1.14479 -0.112105
5.59745 1.06445 -0.113416
5.41954 0.981188 -0.114221
5.23179 0.895052 -0.114573
5.03517 0.806082 -0.114569
4.8303 0.714344 -0.114312
4.6176 0.619991 -0.113853
4.39767 0.523312 -0.113242
4.17133 0.424754 -0.112508
3.93935 0.324892 -0.111686
3.70207 0.224386 -0.110763
3.45932 0.123958 -0.109609
3.21075 0.0244066 -0.108002
2.95622 -0.0734068 -0.105735
2.69573 -0.16862 -0.102539
2.42917 -0.260423 -0.098243
2.15619 -0.34808 -0.0928086
1.87642 -0.430996 -0.0860131
1.59014 -0.508814 -0.0777013
1.29853 -0.581502 -0.0681136
1.00306 -0.649251 -0.0573901
0.704637 -0.712219 -0.0452409
0.403563 -0.770403 -0.0317084
0.100549 -0.823706 -0.0174446
-0.202623 -0.872156 -0.00335471
-0.503835 -0.916004 0.009817
-0.801622 -0.955551 0.0217508
-1.0953 -0.991005 0.0323383
-1.3847 -1.02245 0.0415578
-1.66985 -1.04994 0.0496024
-1.95106 -1.07359 0.05689
-2.22901 -1.09369 0.0641806
-2.50452 -1.11072 0.0729663
-2.77847 -1.12534 0.0848574
-3.0524 -1.13824 0.0982028
-3.32864 -1.14982 0.112692
-3.6087 -1.16018 0.129068
-3.89221 -1.1693 0.14645
-4.17858 -1.1772 0.164776
-4.4677 -1.18371 0.183852
-4.75825 -1.18857 0.203585
-5.04728 -1.19171 0.223658
-5.33187 -1.19315 0.24398
-5.61062 -1.19302 0.264444
-5.88373 -1.19148 0.285009
-6.15174 -1.18875 0.305701
-6.41451 -1.18516 0.326834
-6.67157 -1.18109 0.349115
-6.92297 -1.17691 0.37301
-7.16981 -1.17296 0.398348
-7.41373 -1.1695 0.424644
-7.65573 -1.1665 0.451416
-7.89544 -1.16375 0.47845
-8.13146 -1.16102 0.50566
-8.36244 -1.15825 0.532842
-8.58763 -1.1554 0.559758
-8.80656 -1.15244 0.586108
-9.01815 -1.14924 0.611459
-9.22052 -1.14563 0.635484
-9.41155 -1.14136 0.657976
-9.58964 -1.13619 0.6787
-9.75402 -1.12988 0.697395
-9.90431 -1.1222 0.713873
-10.0401 -1.11297 0.72812
-10.1608 -1.10207 0.740303
-10.2662 -1.08947 0.750672
-10.357 -1.07522 0.759461
-10.4343 -1.05949 0.766855
-10.4995 -1.04253 0.773038
-10.5534 -1.02466 0.778224
-10.5967 -1.0062 0.782616
-10.6296 -0.987457 0.786344
-10.6527 -0.968676 0.789289
-10.6662 -0.95003 0.791188
-10.6699 -0.931619 0.791813
-10.663 -0.913487 0.791037
-10.6448 -0.895638 0.788793
-10.6148 -0.878034 0.784959
-10.5732 -0.860598 0.779385
-10.5203 -0.843226 0.771933
-10.4563 -0.825811 0.762582
-10.3814 -0.808282 0.751458
-10.296 -0.790593 0.738804
-10.201 -0.772732 0.724851
-10.0976 -0.754703 0.709786
-9.98661 -0.736508 0.693814
-9.86879 -0.718121 0.677239
-9.74467 -0.699485 0.660358
-9.61502 -0.680549 0.643283
-9.48083 -0.66128 0.626064
-9.34307 -0.641636 0.608796
-9.20241 -0.621544 0.591577
-9.05916 -0.600944 0.574426
-8.91332 -0.579825 0.557347
-8.76469 -0.558216 0.54033
-8.61288 -0.536148 0.523295
-8.45719 -0.513635 0.506122
-8.29662 -0.490687 0.488659
-8.13007 -0.467326 0.470769
-7.95672 -0.443592 0.452383
-7.77631 -0.419549 0.433455
-7.58905 -0.395289 0.413968
-7.3955 -0.37093 0.394106
-7.19637 -0.34662 0.374021
-6.99248 -0.322548 0.35375
-6.78478 -0.29894 0.333271
-6.57419 -0.27603 0.312748
-6.3614 -0.253996 0.292191
-6.1466 -0.232919 0.271432
-5.92939 -0.212807 0.25073
-5.70906 -0.193626 0.230326
-5.48494 -0.175199 0.21041
-5.2567 -0.15676 0.191079
-5.02438 -0.136807 0.172285
-4.78798 -0.114188 0.153927
-4.54726 -0.0889985 0.135875
-4.30228 -0.0618852 0.118155
-4.05398 -0.0334466 0.100909
-3.80392 -0.00431097 0.0842361
-3.55375 0.0248961 0.0682664
-3.3049 0.0535984 0.0532302
-3.05862 0.0812386 0.0392764
-2.81617 0.107134 0.0264275
-2.57878 0.130418 0.0146284
-2.34742 0.150297 0.00375711
-2.1228 0.166393 -0.00631527
-1.90537 0.17882 -0.0156486
-1.69554 0.187952 -0.0242941
-1.49375 0.194239 -0.0322782
-1.30044 0.198134 -0.0396242
-1.11587 0.20004 -0.0463799
-0.939919 0.200298 -0.0526102
-0.772208 0.199252 -0.058413
-0.612403 0.197252 -0.0639068
-0.46037 0.194547 -0.0691929
-0.316087 0.191166 -0.07427
-0.179475 0.186896 -0.0790855
-0.0503195 0.181369 -0.083588
0.0715989 0.174167 -0.0877291
0.186328 0.16491 -0.0914092
0.293756 0.153334 -0.0944955
0.393804 0.139348 -0.0968997
0.486666 0.123035 -0.0985707
0.572865 0.104637 -0.099559
0.653133 0.0845097 -0.100043
0.728263 0.0630662 -0.100132
0.799019 0.0407457 -0.0998906
0.866138 0.0179673 -0.0994995
0.930376 -0.00493706 -0.0990874
0.992454 -0.0277607 -0.0987523
1.05291 -0.0503882 -0.0985823
1.11193 -0.0727045 -0.0986004
1.16938 -0.0945677 -0.098824
1.22508 -0.115888 -0.0992376
1.27899 -0.13666 -0.0998116
1.33124 -0.156898 -0.100501
1.38203 -0.176591 -0.10125
1.43143 -0.195661 -0.102029
1.47945 -0.213948 -0.102834
1.52608 -0.231256 -0.103668
1.57144 -0.247403 -0.104522
1.61573 -0.262243 -0.105371
1.65903 -0.27564 -0.106183
1.70123 -0.287442 -0.10693
1.74215 -0.297496 -0.107604
1.78158 -0.30569 -0.10821
1.81929 -0.311982 -0.10876
1.85479 -0.316389 -0.109277
1.88731 -0.318964 -0.109789
1.91588 -0.319754 -0.110325
1.93964 -0.31878 -0.110905
1.95804 -0.31604 -0.11152
1.97081 -0.311529 -0.112138
1.97778 -0.305243 -0.112725
1.97872 -0.297179 -0.113267
1.97336 -0.287321 -0.113779
1.96143 -0.275659 -0.114292
1.94281 -0.26221 -0.114834
1.91734 -0.247044 -0.115416
1.8847 -0.230289 -0.116003
1.84432 -0.212134 -0.116518
1.79559 -0.192807 -0.116867
1.73813 -0.172555 -0.116971
1.67192 -0.151629 -0.116785
1.59722 -0.130281 -0.116308
1.51427 -0.108758 -0.115567
1.42321 -0.0872874 -0.114574
1.32418 -0.0660692 -0.113324
1.21748 -0.0452627 -0.111803
1.10353 -0.0249852 -0.109975
0.982742 -0.00532234 -0.107803
0.85536 0.0136493 -0.105234
0.721599 0.0318462 -0.102166
0.581859 0.0491709 -0.0985422
0.436838 0.0654979 -0.0943913
0.287427 0.0806602 -0.0898006
0.134471 0.0944549 -0.0848815
-0.0213759 0.106696 -0.0797185
-0.179597 0.117324 -0.0743644
-0.339618 0.126435 -0.0688387
-0.500702 0.13417 -0.0631805
-0.662105 0.140628 -0.0574269
-0.823332 0.145889 -0.0515544
-0.984112 0.150032 -0.045481
-1.14417 0.153144 -0.0391687
-1.3031 0.155332 -0.0326678
-1.46038 0.156695 -0.0260294
-1.61558 0.157283 -0.0192833
-1.76837 0.157069 -0.0124753
-1.91844 0.155958 -0.00566468
-2.06539 0.153837 0.00113172
-2.20861 0.15063 0.00790011
-2.34754 0.146301 0.0146177
-2.4819 0.14082 0.0212519
-2.61186 0.134144 0.0277697
-2.73798 0.126231 0.0342142
-2.86095 0.117056 0.0406689
-2.98158 0.106638 0.0471624
-3.10074 0.095028 0.0537058
-3.21933 0.0823058 0.0603562
-3.33811 0.0685656 0.0671368
-3.4574 0.0539153 0.074052
-3.57704 0.0384828 0.0811187
-3.69659 0.0224289 0.08834
-3.81554 0.00593429 0.0957027
-3.93353 -0.0108361 0.103174
-4.05038 -0.0277642 0.110715
-4.16592 -0.0447773 0.118318
-4.27997 -0.0618323 0.126004
-4.39234 -0.078911 0.133845
-4.50295 -0.096022 0.141898
-4.61179 -0.113195 0.150143
-4.71877 -0.130464 0.158535
-4.82357 -0.147861 0.167005
-4.92561 -0.165418 0.17548
-5.02425 -0.183148 0.183869
-5.11902 -0.201036 0.192062
-5.2096 -0.219034 0.199974
-5.29573 -0.237072 0.207562
-5.37701 -0.255058 0.2148
-5.45289 -0.272874 0.221669
-5.52284 -0.290368 0.22819
-5.5864 -0.307347 0.234344
-5.6432 -0.323608 0.24005
-5.69287 -0.338957 0.245228
-5.73505 -0.353239 0.249777
-5.76947 -0.366354 0.253585
-5.79611 -0.378264 0.256564
-5.81525 -0.388984 0.25865
-5.82728 -0.39857 0.259795
-5.83252 -0.407101 0.25999
-5.83109 -0.414669 0.25928
-5.82306 -0.421363 0.257739
-5.80861 -0.427269 0.255459
-5.78804 -0.432463 0.252531
-5.76166 -0.437021 0.249026
-5.72973 -0.441019 0.244985
-5.69243 -0.444541 0.240491
-5.65 -0.44768 0.235619
-5.6029 -0.450528 0.230424
-5.55166 -0.453153 0.224998
-5.49677 -0.455585 0.219444
-5.43861 -0.457807 0.213836
-5.37751 -0.459766 0.208201
-5.31383 -0.461399 0.202557
-5.24796 -0.462665 0.196926
-5.18024 -0.46357 0.191315
-5.11083 -0.464158 0.185742
-5.03974 -0.464492 0.180234
-4.96696 -0.46463 0.174794
-4.89254 -0.464621 0.16941
-4.81668 -0.464515 0.164048
-4.73959 -0.464373 0.158669
-4.66135 -0.464271 0.153237
-4.58199 -0.464297 0.147737
-4.50156 -0.464528 0.142174
-4.42016 -0.465009 0.136552
-4.33795 -0.465735 0.130882
-4.25488 -0.466642 0.125169
-4.17062 -0.467614 0.119416
-4.08462 -0.468517 0.113629
-3.99627 -0.469214 0.107799
-3.90503 -0.469581 0.101902
-3.81052 -0.469513 0.0958937
-3.71245 -0.468934 0.0897262
-3.61066 -0.467796 0.0833704
-3.50524 -0.466086 0.0768183
-3.39659 -0.463826 0.0700801
-3.2854 -0.461069 0.0631845
-3.17245 -0.457887 0.0561781
-3.05849 -0.454359 0.0491102
-2.94418 -0.450558 0.0420356
-2.83018 -0.446529 0.0350303
-2.71713 -0.442281 0.0281835
-2.60556 -0.437785 0.0215816
-2.49575 -0.432974 0.0152898
-2.38775 -0.427746 0.00931834
-2.28149 -0.421987 0.00362727
-2.17701 -0.415593 -0.00183553
-2.07458 -0.408484 -0.00698272
-1.97473 -0.400608 -0.0118288
-1.87819 -0.391944 -0.0165076
-1.78578 -0.38253 -0.021
-1.69837 -0.372452 -0.0252368
-1.61689 -0.361758 -0.0291373
-1.5422 -0.350397 -0.0326376
-1.47493 -0.338308 -0.0357109
-1.41536 -0.325499 -0.0383658
-1.36346 -0.312027 -0.0406209
-1.31905 -0.297943 -0.0424935
-1.28188 -0.283297 -0.0439976
-1.25155 -0.268113 -0.045169
-1.22747 -0.252393 -0.0460716
-1.20884 -0.236136 -0.0467858
-1.19476 -0.21937 -0.0473982
-1.18448 -0.202149 -0.0479643
-1.17742 -0.184519 -0.0484806
-1.17317 -0.166506 -0.0487791
-1.17137 -0.148129 -0.04878
-1.17174 -0.129437 -0.0485968
-1.17412 -0.110556 -0.0482781
-1.17846 -0.0916936 -0.0478265
-1.18469 -0.0730375 -0.0472338
-1.19251 -0.0546309 -0.0465033
-1.20134 -0.0364097 -0.0456635
-1.21031 -0.0183186 -0.044773
-1.21847 -0.000339025 -0.0439135
-1.22487 0.0175291 -0.0431667
-1.22868 0.035275 -0.0426025
-1.22919 0.0528989 -0.0422764
-1.22587 0.0704168 -0.0422262
-1.21852 0.0878269 -0.0424687
-1.20733 0.105068 -0.0429922
-1.19284 0.122009 -0.0437593
-1.1758 0.138481 -0.0447168
-1.15697 0.154329 -0.0458081
-1.13709 0.169427 -0.0469763
-1.11686 0.183682 -0.0481617
-1.09692 0.197023 -0.0493178
-1.07777 0.209392 -0.0504097
-1.05973 0.22075 -0.0513808
-1.04291 0.231091 -0.0521784
-1.0274 0.240449 -0.0528069
-1.01342 0.248882 -0.0533218
-1.00139 0.256453 -0.0537714
-0.991942 0.263195 -0.0541707
-0.985756 0.269051 -0.0545092
-0.983541 0.27387 -0.0547472
-0.986005 0.277463 -0.0548287
-0.993815 0.279654 -0.054697
-1.00751 0.280303 -0.0543061
-1.02738 0.279289 -0.0536342
-1.05341 0.276513 -0.0526811
-1.08537 0.271897 -0.0514664
-1.12287 0.265411 -0.0500191
-1.16545 0.25709 -0.0483645
-1.21263 0.247041 -0.0465238
-1.26382 0.235424 -0.0445151
-1.31844 0.222415 -0.0423525
-1.37588 0.208196 -0.0400535
-1.43567 0.19294 -0.0376281
-1.49746 0.176817 -0.0350818
-1.56097 0.159984 -0.0323884
-1.62589 0.142589 -0.0294102
-1.69182 0.124769 -0.0261026
-1.75833 0.106657 -0.0226249
-1.82497 0.0884173 -0.0191023
-1.89131 0.0702441 -0.0156024
-1.95689 0.0522808 -0.0121937
-2.02117 0.0345219 -0.00891639
-2.0837 0.0168544 -0.005802
-2.14419 -0.000814842 -0.00288095
-2.20261 -0.0185197 -0.000164532
-2.25912 -0.0362704 0.00236253
-2.314 -0.0540696 0.00474512
-2.36755 -0.07192 0.00703771
-2.42012 -0.0898289 0.00929469
-2.47204 -0.107788 0.0115676
-2.52371 -0.12575 0.0138991
-2.57558 -0.14362 0.0163208
-2.62801 -0.161293 0.0188585
-2.68121 -0.178685 0.0215358
-2.73532 -0.195751 0.0243663
-2.79043 -0.212473 0.0273526
-2.84664 -0.228853 0.0304933
-2.90402 -0.244909 0.0337811
-2.96256 -0.260681 0.0372081
-3.02218 -0.276222 0.0407699
-3.0828 -0.291599 0.044464
-3.14431 -0.30688 0.0482926
-3.20657 -0.322124 0.0522572
-3.26932 -0.337358 0.0563586
-3.3322 -0.352569 0.0605901
-3.39479 -0.367699 0.0649306
-3.45667 -0.382651 0.0693507
-3.51738 -0.3973 0.0738075
-3.57644 -0.411502 0.0782472
-3.63329 -0.425097 0.0826125
-3.68735 -0.437923 0.0868463
-3.73801 -0.449824 0.0908985
-3.78477 -0.460667 0.0947132
-3.82728 -0.470357 0.0982259
-3.86527 -0.478836 0.101373
-3.89858 -0.486092 0.104103
-3.92712 -0.492146 0.106382
-3.9509 -0.497045 0.108197
-3.97006 -0.500856 0.10955
-3.98491 -0.503653 0.110451
-3.99573 -0.505521 0.110923
-4.00281 -0.506541 0.111002
-4.00639 -0.506794 0.11073
-4.00676 -0.506351 0.110157
-4.00422 -0.505266 0.109336
-3.99906 -0.503575 0.108323
-3.99149 -0.501296 0.107175
-3.98168 -0.498425 0.105942
-3.96983 -0.494951 0.104669
-3.95621 -0.490861 0.103381
-3.94113 -0.486153 0.102099
-3.92497 -0.480835 0.100836
-3.90807 -0.474927 0.0995953
-3.89081 -0.468463 0.0983826
-3.87356 -0.461493 0.0971994
-3.85672 -0.45407 0.0960497
-3.84062 -0.446256 0.0949403
-3.82544 -0.43811 0.0938776
-3.81125 -0.429683 0.0928647
-3.79802 -0.421007 0.0919005
-3.78569 -0.412091 0.090983
-3.77413 -0.402916 0.0901145
-3.76314 -0.393436 0.0892964
-3.75248 -0.383579 0.0885252
-3.74183 -0.373259 0.0877936
-3.73087 -0.362385 0.0870909
-3.71937 -0.350875 0.0864006
-3.70719 -0.33867 0.0857026
-3.69427 -0.325747 0.0849773
-3.68061 -0.312119 0.0842099
-3.66625 -0.297842 0.0833925
-3.65128 -0.283009 0.0825238
-3.63582 -0.267746 0.0816057
-3.61993 -0.252201 0.0806385
-3.60361 -0.236533 0.0796202
-3.58669 -0.220908 0.0785441
-3.56894 -0.205475 0.0773977
-3.55014 -0.190365 0.0761667
-3.53011 -0.175677 0.0748413
-3.50867 -0.161476 0.0734179
-3.48565 -0.147789 0.0718992
-3.46086 -0.13461 0.0702905
-3.43414 -0.121901 0.0685985
-3.40537 -0.1096 0.0668305
-3.37445 -0.0976308 0.064986
-3.34128 -0.0859172 0.0630556
-3.30573 -0.0743899 0.0610224
-3.26775 -0.0630001 0.0588621
-3.22738 -0.0517272 0.0565524
-3.18478 -0.0405807 0.0540795
-3.14021 -0.0295968 0.051444
-3.09394 -0.0188317 0.0486558
-3.0462 -0.00835118 0.0457338
-2.99712 0.00178309 0.0427058
-2.94672 0.0115251 0.0396057
-2.89492 0.0208496 0.0364612
-2.84156 0.0297529 0.0332673
-2.78645 0.038253 0.0300001
-2.7295 0.04638 0.0266394
-2.67082 0.0541575 0.02318
-2.61078 0.0615913 0.0196347
-2.55004 0.0686741 0.0160497
-2.48935 0.0753957 0.0124806
-2.4295 0.0817358 0.00899607
-2.37124 0.0876565 0.00566296
-2.31525 0.0931068 0.00252045
-2.26206 0.0980297 -0.000398927
-2.21204 0.102372 -0.00307986
-2.16529 0.106094 -0.00546298
-2.12175 0.109172 -0.00753121
-2.08123 0.111596 -0.0093546
-2.04353 0.113383 -0.0110087
-2.00841 0.114573 -0.0125606
-1.97572 0.11521 -0.0140484
-1.94534 0.115281 -0.0154915
-1.91724 0.114731 -0.0168925
-1.89152 0.113509 -0.0182337
-1.86837 0.111594 -0.0194815
-1.84805 0.108972 -0.0205925
-1.83074 0.105639 -0.0215205
-1.81656 0.101593 -0.0222094
-1.80545 0.0968383 -0.0226106
-1.7972 0.0914127 -0.0227499
-1.79146 0.0854068 -0.0226902
-1.78781 0.0789686 -0.0224889
-1.78576 0.0722616 -0.0222124
-1.78485 0.0653943 -0.0219234
-1.7847 0.0583976 -0.0216715
-1.78508 0.0512749 -0.0214879
-1.78588 0.0440414 -0.0213861
-1.78709 0.0367158 -0.0213638
-1.78874 0.029303 -0.0214051
-1.79086 0.0217783 -0.0214865
-1.79354 0.0140757 -0.0215837
-1.79693 0.00610151 -0.0216741
-1.8013 -0.0022331 -0.0217329
-1.80706 -0.0109872 -0.0217269
-1.81465 -0.0201926 -0.0216169
-1.82447 -0.0298717 -0.0213641
-1.83685 -0.0400437 -0.0209389
-1.85194 -0.050713 -0.0203259
-1.86964 -0.0618523 -0.0195223
-1.88965 -0.0733921 -0.0185447
-1.91145 -0.0852286 -0.0174314
-1.9345 -0.0972511 -0.016235
-1.95837 -0.109373 -0.0150079
-1.98283 -0.121549 -0.0137844
-2.00784 -0.133767 -0.0125662
-2.03354 -0.146032 -0.0113229
-2.06013 -0.158358 -0.0100089
-2.08785 -0.170763 -0.00858156
-2.11698 -0.183277 -0.00701584
-2.1477 -0.195935 -0.00530349
-2.18004 -0.208769 -0.00345012
-2.2138 -0.221784 -0.00147442
-2.2486 -0.234942 0.000595106
-2.28392 -0.248154 0.00272051
-2.31916 -0.261292 0.0048557
-2.35367 -0.274211 0.00694776
-2.38683 -0.286768 0.00894258
-2.4181 -0.298827 0.0107907
-2.44723 -0.310275 0.0124565
-2.47422 -0.32102 0.0139295
-2.49942 -0.331006 0.0152253
-2.52332 -0.340214 0.0163831
-2.54651 -0.34866 0.0174546
-2.56956 -0.356392 0.0184905
-2.59299 -0.363474 0.0195286
-2.61728 -0.36997 0.0205942
-2.64279 -0.375933 0.0217055
-2.66972 -0.381403 0.0228774
-2.69809 -0.386402 0.0241249
-2.72781 -0.390937 0.0254607
-2.75878 -0.394999 0.0268963
-2.79091 -0.398565 0.0284422
-2.82409 -0.401604 0.0301102
-2.85817 -0.404082 0.0319201
-2.89304 -0.405971 0.033885
-2.92864 -0.407254 0.035973
-2.96504 -0.407933 0.0381596
-3.0024 -0.408034 0.0404737
-3.04091 -0.407599 0.0429313
-3.08075 -0.406668 0.0455183
-3.12202 -0.405285 0.0482215
-3.16477 -0.403515 0.0510242
-3.2089 -0.401443 0.0539056
-3.25418 -0.399133 0.0568476
-3.30012 -0.396597 0.0598327
-3.34602 -0.39379 0.0628407
-3.39108 -0.39062 0.0658405
-3.43443 -0.386955 0.0687894
-3.47526 -0.382644 0.0716395
-3.51281 -0.377554 0.074342
-3.54639 -0.371582 0.0768553
-3.57547 -0.364662 0.0791489
-3.59979 -0.356758 0.0812001
-3.61936 -0.347868 0.0829907
-3.6345 -0.338033 0.0844969
-3.64568 -0.327344 0.0856887
-3.65345 -0.31594 0.0865356
-3.65833 -0.303994 0.0870114
-3.66075 -0.291695 0.0871098
-3.66105 -0.279221 0.0868468
-3.65936 -0.266718 0.0862593
-3.65565 -0.254286 0.0853998
-3.6497 -0.241971 0.0843228
-3.64126 -0.229774 0.0830753
-3.6301 -0.217657 0.0816971
-3.61618 -0.205559 0.0802145
-3.59965 -0.193414 0.0786548
-3.58091 -0.181151 0.0770471
-3.56052 -0.16871 0.0754253
-3.53921 -0.156047 0.0738377
-3.51775 -0.143144 0.0723273
-3.49689 -0.130008 0.0709285
-3.47725 -0.116682 0.0696648
-3.4593 -0.103247 0.0685412
-3.44333 -0.0898192 0.0675491
-3.42951 -0.0765476 0.066672
-3.41788 -0.0636004 0.065895
-3.40841 -0.0511515 0.0652116
-3.40096 -0.0393669 0.0646232
-3.39537 -0.0283889 0.0641355
-3.3914 -0.0183202 0.0637531
-3.38883 -0.00921297 0.06348
-3.38741 -0.00106303 0.0633205
-3.38688 0.00619046 0.063273
-3.38695 0.0126572 0.0633303
-3.38736 0.0184789 0.0634779
-3.38789 0.0238069 0.0636911
-3.38842 0.0287795 0.0639442
-3.38895 0.033505 0.064215
-3.38952 0.0380484 0.064488
-3.39021 0.0424232 0.0647528
-3.39109 0.0465916 0.0649948
-3.39213 0.0504696 0.0651991
-3.39328 0.0539388 0.0653553
-3.39438 0.056864 0.0654547
-3.39517 0.0591086 0.0654888
-3.39533 0.060549 0.06545
-3.3945 0.0610888 0.0653325
-3.39237 0.0606676 0.0651298
-3.38871 0.0592633 0.0648375
-3.38339 0.0568913 0.0644627
-3.37634 0.0535995 0.0640157
-3.36756 0.0494623 0.0635056
-3.35709 0.0445693 0.0629369
-3.3451 0.0390129 0.0623095
-3.33177 0.032876 0.0616201
-3.31729 0.026223 0.0608631
-3.30177 0.0190932 0.060033
-3.28525 0.0114985 0.0591248
-3.26767 0.00342676 0.0581336
-3.24895 -0.0051506 0.0570555
-3.22897 -0.0142679 0.0558862
-3.20758 -0.0239538 0.0546195
-3.18464 -0.0342192 0.0532518
-3.15994 -0.0450474 0.0517848
-3.13327 -0.056387 0.0502197
-3.10451 -0.0681486 0.0485527
-3.07359 -0.080208 0.0467752
-3.04055 -0.0924173 0.0448775
-3.0055 -0.10462 0.0428519
-2.96868 -0.116666 0.0406962
-2.93041 -0.128419 0.0384217
-2.89111 -0.139767 0.0360536
-2.85122 -0.150626 0.0336238
-2.81111 -0.160943 0.0311658
-2.77109 -0.170702 0.0287094
-2.73145 -0.179918 0.0262747
-2.69242 -0.188634 0.0238825
-2.65427 -0.196915 0.0215568
-2.61722 -0.204828 0.0193147
-2.58149 -0.212439 0.01717
-2.54732 -0.219798 0.015136
-2.51493 -0.226939 0.0132304
-2.48454 -0.233865 0.011474
-2.45629 -0.240554 0.00987848
-2.43029 -0.246961 0.00844036
-2.40663 -0.253025 0.00715524
-2.38543 -0.25868 0.00602063
-2.36683 -0.263865 0.00503785
-2.35099 -0.26853 0.00421655
-2.33797 -0.272643 0.00356765
-2.32777 -0.276191 0.00309689
-2.32024 -0.279184 0.0028039
-2.31512 -0.281644 0.00268225
-2.31201 -0.283606 0.00271762
-2.31043 -0.285109 0.0028864
-2.30985 -0.286188 0.00315374
-2.30973 -0.286877 0.00347954
-2.30959 -0.287202 0.00382156
-2.309 -0.28718 0.00414035
-2.30768 -0.286816 0.00440717
-2.30543 -0.286102 0.00460736
-2.30213 -0.285018 0.00473154
-2.29765 -0.283537 0.00477051
-2.29187 -0.281626 0.00471205
-2.28472 -0.279253 0.00453916
-2.27613 -0.276395 0.00423574
-2.26606 -0.273041 0.00379027
-2.25454 -0.269197 0.00319773
-2.24162 -0.264887 0.0024612
-2.22743 -0.260152 0.00159362
-2.21218 -0.255052 0.0006168
-2.19617 -0.249655 -0.000442418
-2.17973 -0.244038 -0.00155736
-2.16324 -0.238283 -0.00269949
-2.14714 -0.232468 -0.00384001
-2.13186 -0.226665 -0.00494876
-2.11791 -0.220937 -0.00599081
-2.10587 -0.215336 -0.0069301
-2.09629 -0.209901 -0.00772882
-2.08968 -0.204662 -0.0083477
-2.0865 -0.199637 -0.00875906
-2.0871 -0.194837 -0.00894324
-2.09172 -0.190271 -0.00888616
-2.10045 -0.185948 -0.00858263
-2.11327 -0.181878 -0.00803776
-2.13003 -0.178073 -0.00726668
-2.15052 -0.174549 -0.00628663
-2.17451 -0.171329 -0.00511376
-2.20179 -0.168441 -0.00375774
-2.23212 -0.165916 -0.00222152
-2.26525 -0.163784 -0.000502551
-2.30089 -0.162068 0.00140296
-2.33866 -0.160783 0.00349257
-2.37808 -0.159929 0.00575554
-2.4186 -0.159487 0.00817872
-2.45957 -0.159416 0.0107396
-2.50022 -0.159657 0.0133935
-2.53974 -0.160133 0.0160785
-2.57736 -0.160756 0.0187161
-2.61244 -0.161435 0.0212319
-2.64446 -0.162077 0.0235612
-2.67306 -0.162593 0.0256493
-2.69798 -0.162904 0.0274575
-2.71906 -0.162947 0.0289508
-2.73625 -0.162665 0.0301006
-2.7496 -0.162009 0.0308865
-2.75925 -0.160935 0.0313029
-2.76538 -0.159408 0.0313601
-2.76823 -0.157406 0.0310883
-2.76811 -0.154925 0.0305355
-2.76537 -0.151978 0.0297602
-2.76043 -0.148597 0.0288286
-2.75372 -0.14483 0.0278034
-2.74574 -0.140735 0.0267383
-2.73698 -0.136378 0.0256904
-2.72803 -0.131834 0.0247063
-2.71951 -0.127175 0.0238361
-2.71207 -0.122472 0.0231221
-2.70637 -0.117786 0.0225813
-2.70297 -0.11316 0.0222306
-2.70234 -0.108627 0.0220837
-2.7049 -0.104212 0.0221488
-2.71094 -0.0999306 0.0224294
-2.72062 -0.0957864 0.0229263
-2.7339 -0.0917793 0.0236362
-2.75056 -0.0879078 0.024552
-2.77027 -0.0841704 0.0256643
-2.79263 -0.080566 0.0269657
-2.81715 -0.077094 0.0284465
-2.84331 -0.073753 0.0300879
-2.87052 -0.0705367 0.0318825
-2.8982 -0.0674318 0.0338122
-2.92585 -0.0644206 0.0358275
-2.95302 -0.0614838 0.0378884
-2.97935 -0.0586004 0.0399554
-3.00448 -0.0557402 0.0419843
-3.02808 -0.0528625 0.0439252
-3.04982 -0.0499263 0.045715
-3.06935 -0.0468964 0.0473027
-3.08633 -0.0437436 0.0486423
-3.10044 -0.0404447 0.0496936
-3.11133 -0.0369875 0.0504295
-3.11876 -0.0333815 0.0508363
-3.12259 -0.0296582 0.050916
-3.12291 -0.0258723 0.0506829
-3.12004 -0.0221082 0.0501674
-3.11443 -0.0184751 0.0494176
-3.10665 -0.0150959 0.0484962
-3.09735 -0.0120966 0.047476
-3.08713 -0.00959559 0.0464218
-3.07656 -0.00769541 0.0453823
-3.0661 -0.00647797 0.0444103
-3.05606 -0.0060057 0.0435375
-3.04664 -0.00631721 0.0427641
-3.03798 -0.00742171 0.0420959
-3.03025 -0.00931367 0.0415387
-3.0236 -0.0119906 0.0410864
-3.01822 -0.0154539 0.0407307
-3.01432 -0.0197055 0.040474
-3.01213 -0.0247482 0.0403288
-3.01181 -0.0305827 0.0403102
-3.01344 -0.0372053 0.0404329
-3.01699 -0.0446038 0.0407085
-3.02226 -0.05275 0.0411371
-3.02884 -0.0615958 0.041705
-3.03618 -0.0710715 0.0423888
-3.04362 -0.081084 0.0431552
-3.05053 -0.0915208 0.0439607
-3.0563 -0.102262 0.0447504
-3.06043 -0.113191 0.0454738
-3.06256 -0.124208 0.0460858
-3.06244 -0.135225 0.0465482
-3.05993 -0.146168 0.0468331
-3.05496 -0.15697 0.0469195
-3.04744 -0.167581 0.04679
-3.03726 -0.177956 0.0464249
-3.02427 -0.188062 0.0458068
-3.00833 -0.197876 0.0449238
-2.98929 -0.207381 0.0437711
-2.96707 -0.21657 0.0423516
-2.9417 -0.225435 0.0406786
-2.91333 -0.233968 0.0387752
-2.88225 -0.24216 0.0366721
-2.84892 -0.250001 0.0344064
-2.81394 -0.257479 0.0320268
-2.77803 -0.26457 0.0295865
-2.74191 -0.271241 0.0271398
-2.70621 -0.277442 0.0247427
-2.67145 -0.283118 0.0224464
-2.63802 -0.288204 0.0202889
-2.60615 -0.292638 0.018291
-2.57595 -0.29637 0.0164579
-2.54744 -0.299373 0.014785
-2.52059 -0.301645 0.0132589
-2.4954 -0.30321 0.0118631
-2.47197 -0.304124 0.0105896
-2.45045 -0.304462 0.00943912
-2.43103 -0.304307 0.0084206
-2.4139 -0.30374 0.007547
-2.39917 -0.302836 0.00683057
-2.38689 -0.301651 0.00627873
-2.37695 -0.300211 0.00589274
-2.36913 -0.298503 0.00567004
-2.36299 -0.296474 0.00560154
-2.35795 -0.29403 0.00566871
-2.35334 -0.291048 0.00582995
-2.34845 -0.287393 0.00601806
-2.34268 -0.282948 0.00615695
-2.33557 -0.277636 0.0061791
-2.32685 -0.271428 0.0060421
-2.31645 -0.26433 0.00573047
-2.3044 -0.256382 0.00524791
-2.29092 -0.247655 0.00460945
-2.27629 -0.238253 0.00383613
-2.26085 -0.228308 0.00294878
-2.24493 -0.217968 0.00196548
-2.22885 -0.207377 0.000906648
-2.21293 -0.196655 -0.000199883
-2.19752 -0.185894 -0.00132145
-2.18297 -0.175157 -0.0024198
-2.16958 -0.164487 -0.00346449
-2.15765 -0.153914 -0.00443145
-2.14745 -0.143459 -0.00529742
-2.13925 -0.133141 -0.00604301
-2.13332 -0.122977 -0.0066501
-2.12999 -0.113002 -0.00709492
-2.12959 -0.103267 -0.00734859
-2.13244 -0.0938465 -0.0073245
-2.13891 -0.0848375 -0.00700392
-2.14942 -0.0763499 -0.00645166
-2.16436 -0.06849 -0.00568716
-2.18404 -0.0613483 -0.00471351
-2.2086 -0.0550241 -0.00352121
-2.23794 -0.0496558 -0.00210222
-2.27182 -0.0453852 -0.000450154
-2.30984 -0.0422905 0.001432
-2.35146 -0.0403741 0.00354172
-2.39599 -0.0395819 0.00590083
-2.44263 -0.0398103 0.00850706
-2.49056 -0.0409186 0.0113087
-2.539 -0.0427412 0.0142469
-2.58728 -0.0450983 0.0172609
-2.63481 -0.0478223 0.0202983
-2.68114 -0.0507907 0.023319
-2.7259 -0.0539327 0.026284
-2.76882 -0.0572147 0.0291658
-2.80973 -0.0606372 0.0319349
-2.84846 -0.064232 0.0345517
-2.88483 -0.0680414 0.0369699
-2.91858 -0.0721101 0.0391419
-2.94941 -0.0764807 0.0410293
-2.97704 -0.0811717 0.0426071
-3.00125 -0.0861657 0.0438682
-3.02194 -0.0914171 0.0448176
-3.03911 -0.0968613 0.0454744
-3.05288 -0.102422 0.0458737
-3.06343 -0.108015 0.0460633
-3.07108 -0.113559 0.0460971
-3.07626 -0.118981 0.0460253
-3.07946 -0.124221 0.0458875
-3.08122 -0.129237 0.0457162
-3.08211 -0.134014 0.0455371
-3.0827 -0.138565 0.0453757
-3.08356 -0.142929 0.0452592
-3.08519 -0.147156 0.0452076
-3.08797 -0.151302 0.0452388
-3.09211 -0.155419 0.0453687
-3.09767 -0.159546 0.0456079
-3.1046 -0.163703 0.0459597
-3.11283 -0.167883 0.0464182
-3.1222 -0.172052 0.0469737
-3.13253 -0.176152 0.0476171
-3.14362 -0.180108 0.0483436
-3.15528 -0.183835 0.0491502
-3.16734 -0.187239 0.0500338
-3.1797 -0.190229 0.0509878
-3.19222 -0.19272 0.052
-3.20475 -0.194642 0.0530517
-3.21712 -0.195943 0.0541163
-3.22915 -0.196599 0.0551587
-3.2407 -0.196607 0.0561421
-3.25159 -0.195986 0.0570387
-3.26158 -0.194771 0.0578275
-3.27035 -0.193006 0.0584923
-3.27758 -0.190739 0.0590208
-3.28296 -0.188012 0.0593988
-3.28628 -0.184868 0.0596114
-3.28742 -0.181349 0.059648
-3.28635 -0.177503 0.0595078
-3.2831 -0.173376 0.0592016
-3.27782 -0.169019 0.0587497
-3.27073 -0.164482 0.0581782
-3.26212 -0.159817 0.0575121
-3.25229 -0.155075 0.0567722
-3.24155 -0.150311 0.0559753
-3.23018 -0.145583 0.0551356
-3.21848 -0.14096 0.0542674
-3.20673 -0.136513 0.0533862
-3.19518 -0.132314 0.0525101
-3.184 -0.128434 0.0516596
-3.17325 -0.124936 0.0508558
-3.16291 -0.121869 0.0501166
-3.15292 -0.119269 0.0494483
-3.14315 -0.117163 0.0488474
-3.13347 -0.115569 0.0483036
-3.12373 -0.1145 0.0478028
-3.11383 -0.113963 0.0473327
-3.10365 -0.113959 0.0468855
-3.09311 -0.114486 0.0464552
-3.08213 -0.115536 0.0460358
-3.07056 -0.117098 0.0456177
-3.05826 -0.11916 0.0451857
-3.04498 -0.121705 0.0447191
-3.03045 -0.124715 0.0441941
-3.01437 -0.128165 0.0435828
-2.99639 -0.132024 0.0428547
-2.9762 -0.136256 0.0419813
-2.95354 -0.140818 0.0409387
-2.92818 -0.14566 0.0397083
-2.89995 -0.150727 0.0382767
-2.86873 -0.155961 0.0366342
-2.83443 -0.161299 0.0347752
-2.79702 -0.166672 0.0326953
-2.75656 -0.17201 0.0303936
-2.71325 -0.177247 0.0278727
-2.66738 -0.182325 0.0251446
-2.6194 -0.187201 0.0222393
-2.56981 -0.191841 0.0191997
-2.51918 -0.196221 0.016076
-2.468 -0.200319 0.0129271
-2.41665 -0.204118 0.0098095
-2.36551 -0.2076 0.00675585
-2.31495 -0.210755 0.00379007
