1.21994e-06 2.15485e-07 -0.0613356
-5.1563e-05 2.13082e-07 -0.061336
-0.00025786 1.679e-07 -0.0613375
-0.000655892 -1.49897e-07 -0.0613415
-0.00122671 -1.30175e-06 -0.0613483
-0.00195237 -3.71433e-06 -0.0613574
-0.00281843 -6.66021e-06 -0.0613683
-0.00382571 -8.21879e-06 -0.0613827
-0.0049842 -6.43525e-06 -0.0614018
-0.00630429 2.78415e-07 -0.0614229
-0.00782802 1.34644e-05 -0.061446
-0.00964926 3.42075e-05 -0.0614758
-0.0118865 6.24869e-05 -0.0615172
-0.0146179 9.69264e-05 -0.0615742
-0.0178567 0.000135119 -0.0616478
-0.0215746 0.000174974 -0.0617331
-0.0256905 0.000216248 -0.0618239
-0.0300655 0.000261124 -0.0619152
-0.0345143 0.000313945 -0.0620033
-0.0388189 0.000380515 -0.0620875
-0.0427403 0.000466786 -0.0621715
-0.0460787 0.000576848 -0.0622598
-0.0487415 0.000711093 -0.0623568
-0.0507381 0.000865236 -0.0624657
-0.0521714 0.00103007 -0.0625847
-0.0531467 0.00119235 -0.0627045
-0.0536762 0.00133736 -0.0628076
-0.0537421 0.00145251 -0.0628754
-0.053359 0.00153087 -0.0628958
-0.0525866 0.00157267 -0.0628657
-0.051531 0.00158427 -0.0627926
-0.0502756 0.00157527 -0.0626909
-0.0488479 0.00155604 -0.0625786
-0.0472684 0.00153542 -0.062478
-0.0455743 0.00151856 -0.0624094
-0.0438518 0.00150601 -0.0623805
-0.0422562 0.00149397 -0.0623853
-0.0409534 0.00147581 -0.062405
-0.0400798 0.00144509 -0.0624154
-0.0396917 0.00139826 -0.0624024
-0.03972 0.0013359 -0.0623678
-0.0399599 0.00126252 -0.0623252
-0.0400472 0.00118471 -0.0622932
-0.0396065 0.00110862 -0.0622818
-0.0384206 0.00103817 -0.0622883
-0.036433 0.000973817 -0.0623037
-0.0337453 0.000911317 -0.0623143
-0.0304889 0.000841521 -0.0623034
-0.0266895 0.000752573 -0.0622559
-0.0223968 0.000633826 -0.0621625
-0.0178069 0.000479362 -0.0620235
-0.0131405 0.000290288 -0.0618467
-0.00851934 7.44947e-05 -0.0616442
-0.00398828 -0.0001553 -0.0614274
0.000441183 -0.000382125 -0.0612066
0.00478486 -0.000586522 -0.0609987
0.00910945 -0.000751803 -0.0608237
0.0135529 -0.000868342 -0.0606916
0.0183285 -0.000933981 -0.0606021
0.0235884 -0.000952739 -0.0605504
0.0292918 -0.000933487 -0.0605247
0.0352718 -0.000888552 -0.060512
0.0412959 -0.00083276 -0.0605027
0.0471567 -0.000782414 -0.0604858
0.0527562 -0.000753 -0.0604499
0.0580495 -0.000756765 -0.0603882
0.0629907 -0.000801367 -0.0602993
0.0673826 -0.000889002 -0.0601867
0.0707528 -0.00101648 -0.0600589
0.0726785 -0.00117689 -0.059922
0.073086 -0.00136115 -0.0597787
0.0721322 -0.00155767 -0.0596363
0.0700884 -0.00174992 -0.0595113
0.0672165 -0.00191591 -0.0594282
0.063714 -0.00203335 -0.0594108
0.0598669 -0.00208515 -0.0594603
0.0561002 -0.00206073 -0.059557
0.0526669 -0.00195677 -0.0596912
0.0493546 -0.00177852 -0.059871
0.0456969 -0.00154131 -0.0601048
0.0412299 -0.00127277 -0.060396
0.0358023 -0.00101085 -0.0607213
0.0298159 -0.000793261 -0.0610249
0.0238721 -0.000644889 -0.0612615
0.0184868 -0.000569985 -0.0614068
0.0139461 -0.000551572 -0.0614493
0.0101932 -0.0005585 -0.0614001
0.00707695 -0.000556599 -0.061283
0.0044612 -0.00051794 -0.0611296
0.00211374 -0.000426145 -0.0610042
-0.000334635 -0.00028003 -0.0609832
-0.00335785 -9.35827e-05 -0.0611091
-0.00737887 0.000107928 -0.0613683
-0.0126682 0.000296441 -0.0616804
-0.0193823 0.000454258 -0.0619354
-0.0274481 0.00058417 -0.0620733
-0.036417 0.00071014 -0.0621087
-0.0455539 0.000868035 -0.062109
-0.053906 0.00109167 -0.0621658
-0.0607404 0.00140042 -0.0623485
-0.0660652 0.00178966 -0.0626846
-0.0703243 0.00222736 -0.0631552
-0.0740554 0.0026593 -0.0636887
-0.0777474 0.00301976 -0.0641832
-0.0816287 0.00324876 -0.0645349
-0.0857697 0.00331189 -0.0646686
-0.090196 0.00320904 -0.0645686
-0.0948174 0.00297282 -0.0642715
-0.0994264 0.00266374 -0.0638677
-0.103726 0.00235554 -0.0634821
-0.107331 0.00211482 -0.0632131
-0.109868 0.00198663 -0.0631132
-0.111036 0.00198551 -0.0632058
-0.110694 0.00209677 -0.0634418
-0.108951 0.00228501 -0.0637163
-0.106003 0.00250456 -0.0639581
-0.101922 0.00271526 -0.0641084
-0.0966243 0.00289096 -0.0641264
-0.0899743 0.00301715 -0.0640357
-0.0820553 0.00309142 -0.0638927
-0.0733397 0.00311818 -0.0637492
-0.0643618 0.00309315 -0.0636406
-0.0554568 0.00299999 -0.0635545
-0.0470198 0.00281808 -0.06345
-0.0396768 0.00252771 -0.0632844
-0.0340082 0.0021201 -0.0630153
-0.0302297 0.00160592 -0.0626317
-0.0280807 0.00101562 -0.0621452
-0.0267973 0.000404464 -0.0615889
-0.0256913 -0.000150334 -0.0610496
-0.0246928 -0.000571018 -0.0606455
-0.023957 -0.000797233 -0.0604713
-0.0235405 -0.0008067 -0.0605676
-0.0234007 -0.000629141 -0.060906
-0.0234205 -0.000326265 -0.0614021
-0.0236356 2.49931e-05 -0.0619591
-0.0242461 0.00034236 -0.0624732
-0.0253371 0.000563256 -0.0628574
-0.0268001 0.000654502 -0.0630401
-0.0283858 0.000612183 -0.0629838
-0.0298082 0.000469338 -0.0627168
-0.0309977 0.000279262 -0.0623547
-0.0321774 9.08962e-05 -0.062043
-0.033657 -5.76903e-05 -0.061875
-0.0357067 -0.000154981 -0.0618501
-0.0386383 -0.000214635 -0.0619065
-0.0428739 -0.000249936 -0.0619708
-0.048797 -0.000265979 -0.0619698
-0.056453 -0.00025199 -0.0618739
-0.0653559 -0.000172172 -0.0617309
-0.074495 1.27708e-05 -0.0616943
-0.0828103 0.000330363 -0.0618167
-0.0897868 0.000806297 -0.0621028
-0.0953674 0.00144514 -0.062606
-0.0993831 0.00220707 -0.0633149
-0.101468 0.00302375 -0.0641108
-0.101666 0.0038124 -0.0648047
-0.100612 0.00446205 -0.0651302
-0.0988733 0.00492071 -0.065176
-0.0963577 0.00524846 -0.0651905
-0.0930789 0.00546708 -0.0652105
-0.0897482 0.0055006 -0.0650898
-0.0865908 0.00533428 -0.064818
-0.083146 0.00504194 -0.0644556
-0.0791758 0.00462177 -0.0639885
-0.0749667 0.00408844 -0.0633675
-0.0715002 0.00356339 -0.0626316
-0.0699591 0.0031341 -0.062105
-0.0708722 0.00284491 -0.0617673
-0.0743576 0.0027224 -0.061583
-0.0804432 0.00271195 -0.0616975
-0.088756 0.00275119 -0.062124
-0.0987352 0.00281698 -0.0627622
-0.110154 0.00284555 -0.0634822
-0.122966 0.00281415 -0.0640552
-0.136948 0.00276279 -0.0644195
-0.151672 0.00270961 -0.0646446
-0.166179 0.00269404 -0.0647435
-0.179113 0.00279812 -0.0648675
-0.189549 0.00302806 -0.0650477
-0.197115 0.003359 -0.0651966
-0.201395 0.00368828 -0.0654129
-0.202388 0.00397064 -0.0660143
-0.200801 0.00418071 -0.0665892
-0.197516 0.00421989 -0.0667771
-0.193093 0.00413236 -0.0665343
-0.187528 0.00396581 -0.0658822
-0.180695 0.00376649 -0.0649674
-0.17212 0.00362836 -0.0640955
-0.161488 0.00364928 -0.0635164
-0.149123 0.00385193 -0.0631964
-0.135335 0.00424038 -0.0632204
-0.120579 0.0047905 -0.0635353
-0.105518 0.00536617 -0.0639779
-0.0902024 0.00587075 -0.0643344
-0.0743742 0.00626261 -0.0644932
-0.0582514 0.00646536 -0.0643385
-0.0418912 0.00645458 -0.0638686
-0.025234 0.00634715 -0.0632128
-0.00850639 0.00619199 -0.0625582
0.00820036 0.00596659 -0.0620365
0.0251345 0.00570142 -0.0618312
0.0424488 0.00535935 -0.0619569
0.0600141 0.0048529 -0.0621809
0.0781367 0.00412056 -0.0623399
0.097086 0.00313401 -0.0621668
0.116353 0.00184712 -0.0613873
0.134957 0.000262852 -0.0599272
0.151814 -0.00144504 -0.0583015
0.166432 -0.00308109 -0.056827
0.178516 -0.00455734 -0.0559035
0.187677 -0.00586565 -0.0556604
0.193987 -0.00701134 -0.0558425
0.197486 -0.00801375 -0.0561712
0.19798 -0.00897942 -0.0568749
0.19513 -0.0099264 -0.0577968
0.188639 -0.0108265 -0.058113
0.178469 -0.0116537 -0.0576251
0.165183 -0.0123701 -0.0567663
0.150162 -0.0128961 -0.0559216
0.134789 -0.0130972 -0.0554251
0.120062 -0.013013 -0.0556253
0.107112 -0.0126849 -0.056342
0.0968548 -0.0121242 -0.0573841
0.0887179 -0.0114163 -0.0585725
0.0810862 -0.0106614 -0.059607
0.0724407 -0.00993563 -0.060187
0.0620748 -0.00926836 -0.0602774
0.0505632 -0.00866441 -0.0599333
0.0391196 -0.00806191 -0.0593584
0.029101 -0.00736845 -0.0588888
0.0211635 -0.00653691 -0.0587872
0.0146948 -0.00550666 -0.0590622
0.00840117 -0.00417974 -0.0597953
0.000134694 -0.00257051 -0.0608541
-0.0123519 -0.000794072 -0.0619129
-0.0301483 0.00105961 -0.0627346
-0.0535681 0.0028762 -0.0633067
-0.0821602 0.00451119 -0.0637832
-0.114654 0.00591456 -0.0641502
-0.149418 0.00715927 -0.0646103
-0.184741 0.00832582 -0.0653285
-0.219176 0.00945864 -0.0659013
-0.251309 0.0106699 -0.0662677
-0.279769 0.0120434 -0.0668285
-0.303976 0.0135194 -0.0677096
-0.323539 0.0150331 -0.0687453
-0.338358 0.0165123 -0.0692719
-0.349948 0.0178361 -0.0685484
-0.359769 0.0188715 -0.0667555
-0.367937 0.0195464 -0.0650261
-0.375219 0.0198545 -0.0638608
-0.383287 0.0197492 -0.0628361
-0.392214 0.0192576 -0.0623428
-0.400149 0.0185757 -0.0630152
-0.406079 0.0178312 -0.0646684
-0.41056 0.0170788 -0.066325
-0.413553 0.0164371 -0.0673717
-0.414464 0.0159583 -0.0677746
-0.414101 0.0155943 -0.0679181
-0.41306 0.0151731 -0.0682889
-0.410654 0.0147638 -0.0683964
-0.406984 0.0143089 -0.0680902
-0.402663 0.013515 -0.0676769
-0.397587 0.0125675 -0.0671043
-0.391564 0.0115129 -0.0662245
-0.385279 0.0102974 -0.0650949
-0.378751 0.00905362 -0.064036
-0.371204 0.00793924 -0.063203
-0.363016 0.00706652 -0.0624909
-0.354804 0.00635859 -0.061945
-0.346021 0.00583946 -0.0619088
-0.335787 0.00552169 -0.062208
-0.323702 0.00528884 -0.0620625
-0.308427 0.00503123 -0.0613337
-0.288342 0.00470132 -0.0608319
-0.264035 0.00427924 -0.0609666
-0.237173 0.00370285 -0.0613721
-0.208224 0.00299565 -0.061854
-0.176804 0.00226445 -0.0624895
-0.143071 0.00152744 -0.0628144
-0.107429 0.000779831 -0.0623205
-0.0698283 0.000112508 -0.0615597
-0.0308104 -0.000333401 -0.060874
0.00863029 -0.000527353 -0.0606275
0.0484103 -0.000513937 -0.0605355
0.088421 -0.000329257 -0.0601869
0.127809 -0.000143686 -0.0599539
0.165957 -7.44215e-05 -0.0597579
0.202298 -0.000109878 -0.0592939
0.235715 -0.000318525 -0.0588199
0.265567 -0.000757526 -0.058561
0.291998 -0.00137466 -0.0581045
0.314833 -0.00214783 -0.0574978
0.333784 -0.0031054 -0.0570846
0.349039 -0.0041662 -0.0567259
0.360586 -0.00524254 -0.0561426
0.368022 -0.00635822 -0.0556665
0.3715 -0.00749472 -0.0555256
0.371347 -0.00857137 -0.0554802
0.367048 -0.00961794 -0.0555248
0.358446 -0.0106804 -0.0557355
0.346509 -0.0116953 -0.0558757
0.331807 -0.0126607 -0.0558525
0.314363 -0.0136309 -0.0558837
0.294453 -0.0145215 -0.0560211
0.271898 -0.0152412 -0.0560202
0.246359 -0.0158344 -0.0559588
0.218369 -0.0162722 -0.0558794
0.188619 -0.0164547 -0.055791
0.157399 -0.016404 -0.0558879
0.125098 -0.016125 -0.0562557
0.0922823 -0.0155877 -0.05681
0.0591958 -0.0148162 -0.0574679
0.0260651 -0.0138413 -0.0581752
-0.00628505 -0.0126597 -0.0587349
-0.037109 -0.011262 -0.0589777
-0.0663705 -0.00975753 -0.0588599
-0.0940515 -0.00820542 -0.0586235
-0.119633 -0.00651347 -0.0588456
-0.143314 -0.00467532 -0.0597491
-0.166206 -0.00280456 -0.0606613
-0.188625 -0.000944066 -0.0613904
-0.210267 0.000960853 -0.0622913
-0.231491 0.00289696 -0.0633013
-0.252697 0.00481904 -0.0641063
-0.27324 0.00678094 -0.0647776
-0.292101 0.00882071 -0.0655587
-0.308684 0.010895 -0.0661963
-0.322126 0.0129625 -0.0665136
-0.331079 0.0150377 -0.0667002
-0.334702 0.0171008 -0.0669584
-0.332643 0.0190432 -0.0671419
-0.324066 0.0207952 -0.06724
-0.307945 0.0223228 -0.0673549
-0.283747 0.0235462 -0.0672707
-0.250739 0.0244134 -0.0665472
-0.20748 0.0249511 -0.0651545
-0.152628 0.025176 -0.0633404
-0.0854174 0.0250601 -0.0613204
-0.00504267 0.0246147 -0.0593038
0.0894637 0.0238897 -0.0572046
0.198543 0.0228759 -0.054868
0.322094 0.0215409 -0.0520045
0.460124 0.0198855 -0.0488103
0.612738 0.0178979 -0.0452319
0.779747 0.0155447 -0.04077
0.960634 0.012785 -0.034753
1.15416 0.00959309 -0.0270474
1.35892 0.00600347 -0.0176636
1.57517 0.00192892 -0.0064739
1.80315 -0.00273643 0.0072339
2.04236 -0.00793206 0.0232404
2.2935 -0.0134199 0.0413331
2.55672 -0.0189855 0.061942
2.83102 -0.0245718 0.0844446
3.11682 -0.0301099 0.108083
3.41528 -0.0355374 0.132587
3.72651 -0.0408482 0.158167
4.05057 -0.0460092 0.184322
4.3882 -0.050976 0.210876
4.73932 -0.0558229 0.238178
5.1029 -0.0606155 0.266247
5.47841 -0.06536 0.29488
5.86598 -0.0701442 0.324392
6.26541 -0.0751076 0.354981
6.67624 -0.0803907 0.38634
7.09824 -0.0860942 0.418088
7.531 -0.0922661 0.4503
7.97322 -0.0989848 0.482937
8.42279 -0.106288 0.515591
8.877 -0.114166 0.547943
9.33202 -0.122613 0.579959
9.78329 -0.131596 0.611522
10.2263 -0.141028 0.642402
10.6565 -0.150795 0.672573
11.0698 -0.160794 0.701997
11.4624 -0.170917 0.730353
11.831 -0.181045 0.757304
12.173 -0.19109 0.782579
12.486 -0.200998 0.805879
12.768 -0.210722 0.826707
13.0168 -0.220235 0.844503
13.2302 -0.229596 0.858774
13.4061 -0.238908 0.869131
13.543 -0.248269 0.875395
13.6399 -0.257798 0.877484
13.6955 -0.267527 0.875414
13.7085 -0.277399 0.868849
13.6787 -0.287464 0.857907
13.6066 -0.297706 0.843309
13.4922 -0.308007 0.824869
13.3342 -0.31829 0.800914
13.1338 -0.328502 0.769079
12.8971 -0.338652 0.729318
12.6354 -0.348659 0.684756
12.364 -0.358308 0.640759
12.0964 -0.367397 0.60221
11.8386 -0.375848 0.57112
11.5903 -0.383647 0.544528
11.3479 -0.390705 0.514647
11.1075 -0.396877 0.475456
10.8678 -0.401878 0.427896
10.6291 -0.405394 0.376256
10.3915 -0.407213 0.321886
10.1562 -0.407111 0.265958
9.92649 -0.404765 0.211205
9.70715 -0.400062 0.160739
9.50118 -0.392784 0.13829
9.30583 -0.384137 0.15963
9.10972 -0.376609 0.192975
8.90097 -0.369453 0.221107
8.67799 -0.361031 0.245847
8.44534 -0.352213 0.262291
8.20613 -0.344207 0.269001
7.95752 -0.33788 0.264473
7.69121 -0.33372 0.247772
7.39972 -0.33187 0.21712
7.08 -0.332174 0.17632
6.73411 -0.334261 0.128945
6.36584 -0.337637 0.0755362
5.97517 -0.341375 0.0172521
5.5566 -0.344205 -0.0362133
5.10538 -0.346277 -0.0819825
4.62515 -0.347678 -0.113454
4.12371 -0.347458 -0.119202
3.59919 -0.345589 -0.0989307
3.04013 -0.340736 -0.0631131
2.45114 -0.331912 -0.0217768
1.85414 -0.320196 0.0259923
1.25513 -0.306038 0.0788409
0.640052 -0.29048 0.123982
-0.00356357 -0.274155 0.153486
-0.677757 -0.256383 0.176495
-1.37784 -0.237281 0.196298
-2.09671 -0.217127 0.212249
-2.82584 -0.196208 0.222886
-3.56044 -0.175182 0.229805
-4.29956 -0.154836 0.235106
-5.04015 -0.135276 0.237364
-5.77737 -0.116052 0.235991
-6.50888 -0.0970968 0.23162
-7.23437 -0.0784212 0.229806
-7.95096 -0.0590175 0.237308
-8.6564 -0.0373312 0.251258
-9.35247 -0.0135139 0.270084
-10.04 0.0118452 0.294065
-10.718 0.0388032 0.323999
-11.3856 0.0667416 0.35837
-12.0416 0.094967 0.393951
-12.6853 0.122782 0.434152
-13.3176 0.149495 0.479195
-13.9406 0.174147 0.53004
-14.5534 0.196169 0.587946
-15.1528 0.21638 0.651587
-15.7381 0.23423 0.718991
-16.3118 0.249164 0.790786
-16.8774 0.262153 0.860427
-17.4326 0.273308 0.925111
-17.9701 0.282739 0.98249
-18.4817 0.290677 1.02897
-18.9632 0.297518 1.06721
-19.415 0.30419 1.09532
-19.8386 0.311302 1.11466
-20.2359 0.319156 1.12802
-20.6094 0.327557 1.1386
-20.9611 0.336267 1.14685
-21.2906 0.345404 1.15076
-21.5961 0.354575 1.15131
-21.8777 0.362955 1.15035
-22.1365 0.369782 1.14951
-22.373 0.374704 1.1483
-22.5886 0.377614 1.14755
-22.7864 0.378214 1.14839
-22.9706 0.376304 1.15089
-23.1447 0.371841 1.1548
-23.3101 0.365102 1.15931
-23.4671 0.356445 1.16375
-23.6152 0.346087 1.16797
-23.7538 0.334224 1.17229
-23.8808 0.321121 1.17631
-23.9939 0.307162 1.17929
-24.0917 0.292561 1.1807
-24.1744 0.27728 1.18048
-24.244 0.261103 1.17891
-24.3023 0.243802 1.17635
-24.3494 0.225225 1.17289
-24.3851 0.205208 1.16877
-24.4095 0.183634 1.16481
-24.4224 0.160499 1.16221
-24.4236 0.135945 1.1615
-24.4131 0.110205 1.16293
-24.3907 0.0835546 1.16634
-24.3564 0.0563407 1.17099
-24.3103 0.029018 1.17636
-24.252 0.0020452 1.18171
-24.1809 -0.0241117 1.18646
-24.096 -0.0489417 1.19011
-23.9957 -0.0720555 1.1919
-23.8787 -0.0932353 1.19104
-23.744 -0.112459 1.18723
-23.5913 -0.129897 1.18082
-23.42 -0.145668 1.17287
-23.2285 -0.160053 1.16399
-23.0153 -0.173562 1.15431
-22.7803 -0.186554 1.14482
-22.5232 -0.199487 1.13671
-22.2435 -0.212799 1.12987
-21.9413 -0.226687 1.12381
-21.6187 -0.241237 1.11823
-21.279 -0.256431 1.1127
-20.9241 -0.272281 1.10663
-20.5549 -0.288688 1.09901
-20.1717 -0.305357 1.08884
-19.7748 -0.32192 1.07557
-19.3644 -0.33807 1.05909
-18.9402 -0.353568 1.03942
-18.5017 -0.368191 1.01676
-18.0495 -0.38174 0.991399
-17.5845 -0.394083 0.963752
-17.1077 -0.405184 0.934212
-16.6197 -0.415053 0.903235
-16.1221 -0.423684 0.871859
-15.6167 -0.431062 0.840638
-15.1052 -0.437389 0.810315
-14.5888 -0.442538 0.782878
-14.068 -0.445901 0.75899
-13.5424 -0.447404 0.737753
-13.0126 -0.447292 0.71853
-12.4811 -0.445498 0.701382
-11.9504 -0.441725 0.686345
-11.4209 -0.436022 0.673767
-10.8922 -0.428956 0.664048
-10.3652 -0.421053 0.657443
-9.84198 -0.412611 0.654387
-9.32518 -0.404113 0.655136
-8.8157 -0.396343 0.658916
-8.31333 -0.389816 0.663907
-7.81789 -0.38459 0.668987
-7.3299 -0.380538 0.673898
-6.85114 -0.377533 0.678665
-6.38455 -0.37539 0.683577
-5.93382 -0.373688 0.688801
-5.50197 -0.371821 0.694432
-5.09029 -0.369186 0.70017
-4.69866 -0.365308 0.705323
-4.32599 -0.359843 0.709438
-3.9708 -0.352614 0.712067
-3.63135 -0.343676 0.712769
-3.30504 -0.333315 0.711497
-2.98867 -0.321963 0.708756
-2.67907 -0.310105 0.705281
-2.37342 -0.298224 0.70179
-2.06866 -0.286841 0.698551
-1.7614 -0.276413 0.695356
-1.44883 -0.267178 0.69257
-1.12996 -0.259156 0.692613
-0.806275 -0.252067 0.696316
-0.481545 -0.245414 0.701655
-0.159854 -0.238596 0.707804
0.156156 -0.230958 0.714441
0.465501 -0.22226 0.720968
0.76792 -0.21266 0.726764
1.06316 -0.20226 0.731965
1.35179 -0.191284 0.737674
1.63556 -0.180221 0.744632
1.91687 -0.169647 0.75259
2.19828 -0.160151 0.760558
2.48159 -0.152252 0.767824
2.76749 -0.146472 0.774532
3.05561 -0.143349 0.781545
3.3452 -0.143157 0.790001
3.63562 -0.145903 0.800807
3.92616 -0.151457 0.81424
4.21536 -0.159543 0.83
4.5009 -0.169778 0.847457
4.78014 -0.181704 0.865925
5.05081 -0.194835 0.884793
5.311 -0.208721 0.903601
5.55898 -0.223006 0.921955
5.79321 -0.237475 0.939513
6.01241 -0.252067 0.955973
6.21625 -0.266905 0.970997
6.40549 -0.282255 0.984149
6.5815 -0.29844 0.995125
6.74563 -0.315769 1.00411
6.89861 -0.334469 1.01173
7.04043 -0.354655 1.01876
7.17058 -0.376333 1.02583
7.28858 -0.399414 1.03313
7.39439 -0.423705 1.04049
7.48789 -0.448909 1.04759
7.56837 -0.474662 1.05421
7.63452 -0.500594 1.06016
7.68474 -0.526387 1.06531
7.71776 -0.551816 1.06966
7.73327 -0.576758 1.07313
7.73187 -0.601178 1.07542
7.71496 -0.625146 1.0761
7.68422 -0.648855 1.07503
7.64154 -0.672587 1.07254
7.58887 -0.696632 1.06878
7.52799 -0.721211 1.06333
7.4602 -0.746452 1.05567
7.38622 -0.77236 1.04578
7.30624 -0.798804 1.03413
7.22038 -0.825538 1.02132
7.12888 -0.852249 1.00782
7.03208 -0.878616 0.993812
6.93035 -0.904361 0.979441
6.82398 -0.929264 0.964959
6.71315 -0.953189 0.950561
6.59794 -0.976122 0.936312
6.47855 -0.998165 0.922328
6.3555 -1.01948 0.908438
6.22958 -1.04026 0.894522
6.10163 -1.06078 0.880742
5.97217 -1.08124 0.867344
5.84107 -1.10181 0.854707
5.70763 -1.12265 0.843008
5.57069 -1.14381 0.83238
5.42883 -1.1653 0.822742
5.28029 -1.18708 0.81364
5.12316 -1.20906 0.804785
4.95565 -1.23106 0.795988
4.77644 -1.25291 0.78692
4.58491 -1.27445 0.777303
4.38092 -1.29551 0.766995
4.16457 -1.31593 0.755776
3.93593 -1.33561 0.743398
3.69513 -1.35446 0.729789
3.44263 -1.37247 0.714944
3.17924 -1.38969 0.699096
2.90587 -1.40622 0.682767
2.62334 -1.42213 0.666696
2.33244 -1.43743 0.651575
2.03437 -1.45194 0.638195
1.73106 -1.46536 0.627264
1.42498 -1.47741 0.618555
1.11804 -1.48785 0.611567
0.810673 -1.49648 0.605787
0.502106 -1.50317 0.599732
0.190987 -1.50766 0.591656
-0.12335 -1.50947 0.580812
-0.439968 -1.50817 0.567326
-0.757314 -1.50335 0.551791
-1.07413 -1.49458 0.534861
-1.3896 -1.48141 0.518086
-1.70289 -1.46336 0.502891
-2.01269 -1.44033 0.490104
-2.31792 -1.41282 0.478734
-2.61873 -1.38181 0.466972
-2.91545 -1.34787 0.456064
-3.20735 -1.31101 0.448418
-3.49355 -1.27167 0.444037
-3.77425 -1.23102 0.440882
-4.05058 -1.19037 0.43811
-4.32342 -1.15059 0.43685
-4.59301 -1.11199 0.438671
-4.85915 -1.07474 0.444035
-5.121 -1.03873 0.452611
-5.37721 -1.0038 0.463774
-5.62625 -0.969712 0.475974
-5.8662 -0.935716 0.487482
-6.0946 -0.900623 0.497504
-6.30892 -0.863395 0.50575
-6.50683 -0.823194 0.511692
-6.68641 -0.779344 0.514218
-6.84646 -0.731438 0.512233
-6.98651 -0.679431 0.504895
-7.10654 -0.623725 0.491413
-7.20709 -0.565024 0.47201
-7.28981 -0.504086 0.449297
-7.35792 -0.441832 0.427342
-7.41634 -0.379625 0.409011
-7.47029 -0.319021 0.395167
-7.52379 -0.26124 0.385214
-7.57948 -0.207063 0.377954
-7.63922 -0.156968 0.372611
-7.70431 -0.111126 0.369431
-7.77527 -0.0693103 0.369232
-7.85149 -0.030948 0.372296
-7.93132 0.0047109 0.377981
-8.01245 0.0384942 0.38533
-8.09226 0.0713294 0.392699
-8.16828 0.1042 0.397142
-8.23874 0.137901 0.396722
-8.30279 0.172711 0.390623
-8.36049 0.208215 0.37816
-8.41305 0.243547 0.360564
-8.46273 0.278037 0.342247
-8.5118 0.31102 0.327513
-8.56321 0.340992 0.31822
-8.62027 0.366621 0.313699
-8.68516 0.387569 0.312694
-8.759 0.403676 0.315393
-8.84231 0.415046 0.322465
-8.93535 0.422335 0.33547
-9.03777 0.426532 0.354586
-9.14873 0.428669 0.37539
-9.26726 0.429683 0.39403
-9.39186 0.430519 0.409445
-9.52119 0.431793 0.42091
-9.65467 0.433654 0.428135
-9.79211 0.43592 0.430744
-9.93297 0.438069 0.428994
-10.0766 0.439335 0.424527
-10.2229 0.438828 0.419966
-10.3722 0.435747 0.417863
-10.5246 0.429505 0.419812
-10.6803 0.419772 0.425835
-10.8386 0.406556 0.4353
-10.9981 0.39022 0.447744
-11.1575 0.371462 0.46292
-11.3157 0.351153 0.480259
-11.4717 0.330172 0.498533
-11.6237 0.309344 0.516119
-11.7692 0.289369 0.531691
-11.9065 0.270693 0.544493
-12.0352 0.253446 0.554179
-12.156 0.237502 0.560692
-12.2694 0.222482 0.564305
-12.3753 0.207802 0.56573
-12.4733 0.19285 0.566098
-12.5637 0.177115 0.566593
-12.6479 0.160272 0.56811
-12.727 0.142251 0.571146
-12.8016 0.123277 0.575968
-12.8714 0.103841 0.582673
-12.9359 0.0845852 0.591022
-12.9945 0.0661756 0.600282
-13.0467 0.0492492 0.609363
-13.0914 0.0343608 0.617262
-13.127 0.0219169 0.623356
-13.1525 0.0121081 0.627438
-13.1674 0.00486119 0.629577
-13.1724 -0.000160005 0.629884
-13.1684 -0.00352121 0.628447
-13.1554 -0.00591863 0.62556
-13.133 -0.00802469 0.621829
-13.1006 -0.0103837 0.618034
-13.0581 -0.0133712 0.614798
-13.0064 -0.0171463 0.612362
-12.9459 -0.0216406 0.610677
-12.8766 -0.0266065 0.60957
-12.7984 -0.031672 0.608756
-12.711 -0.0364317 0.607831
-12.6145 -0.0405276 0.60631
-12.5087 -0.0437037 0.603674
-12.393 -0.0458667 0.599553
-12.2664 -0.0470858 0.593822
-12.1279 -0.0475787 0.586631
-11.9774 -0.0477086 0.5783
-11.8154 -0.0479539 0.569154
-11.6427 -0.0488294 0.559514
-11.4599 -0.0507875 0.549699
-11.267 -0.0541552 0.540004
-11.0642 -0.0590993 0.530656
-10.8519 -0.0656165 0.521803
-10.6303 -0.073554 0.513465
-10.3992 -0.0826425 0.505448
-10.1579 -0.0925472 0.497356
-9.90524 -0.102936 0.488726
-9.64061 -0.113545 0.479155
-9.36379 -0.124224 0.468417
-9.0749 -0.134963 0.456418
-8.77407 -0.145881 0.443148
-8.46134 -0.157209 0.428765
-8.13678 -0.169255 0.41367
-7.80117 -0.182365 0.398398
-7.45631 -0.196864 0.383535
-7.10475 -0.213016 0.369499
-6.74964 -0.230998 0.35649
-6.39419 -0.250887 0.344636
-6.04146 -0.272647 0.333992
-5.6945 -0.296197 0.324742
-5.35603 -0.321406 0.316951
-5.02818 -0.347936 0.310589
-4.71253 -0.37517 0.30608
-4.40998 -0.402578 0.304106
-4.12107 -0.430134 0.303972
-3.84835 -0.457515 0.305044
-3.5962 -0.484271 0.307509
-3.36801 -0.5106 0.309677
-3.16471 -0.5364 0.312657
-2.98263 -0.561357 0.321011
-2.81452 -0.585674 0.336834
-2.65494 -0.609627 0.358411
-2.50233 -0.633399 0.382095
-2.35768 -0.657072 0.404521
-2.22233 -0.680377 0.423371
-2.0956 -0.702994 0.437491
-1.97514 -0.724496 0.446755
-1.85792 -0.744499 0.452132
-1.74116 -0.762759 0.454777
-1.62257 -0.77907 0.455212
-1.50001 -0.793312 0.453164
-1.3715 -0.805247 0.448561
-1.23536 -0.81449 0.442545
-1.09032 -0.820511 0.437837
-0.934705 -0.822938 0.437578
-0.766668 -0.822116 0.442073
-0.58548 -0.818897 0.449062
-0.391304 -0.813658 0.456596
-0.184854 -0.806469 0.464162
0.0327109 -0.797906 0.472078
0.261044 -0.78886 0.480825
0.500914 -0.78004 0.491413
0.753041 -0.771833 0.503333
1.01738 -0.764549 0.515334
1.2931 -0.758571 0.527247
1.5792 -0.754201 0.539462
1.8752 -0.751536 0.554591
2.18115 -0.750476 0.572589
2.49725 -0.750869 0.590846
2.82347 -0.752626 0.608962
3.15923 -0.755642 0.627143
3.50371 -0.759675 0.645889
3.85613 -0.764346 0.665697
4.21583 -0.769249 0.686334
4.58182 -0.774075 0.707386
4.95265 -0.778662 0.728783
5.32659 -0.782905 0.750557
5.70182 -0.786665 0.772708
6.07665 -0.789813 0.794624
6.44942 -0.792302 0.815475
6.81824 -0.794183 0.835024
7.18082 -0.79558 0.853552
7.53475 -0.796649 0.871338
7.87789 -0.797559 0.88828
8.20879 -0.798507 0.903941
8.52663 -0.799743 0.918001
8.8309 -0.801519 0.930379
9.12091 -0.804027 0.941328
9.39549 -0.807436 0.951332
9.65321 -0.811962 0.960861
9.89257 -0.817837 0.970449
10.1122 -0.825235 0.980437
10.3112 -0.834232 0.990804
10.4884 -0.844794 1.00129
10.6428 -0.856775 1.01148
10.7733 -0.869967 1.02078
10.8786 -0.884124 1.02874
10.958 -0.89898 1.03551
11.0112 -0.914278 1.04113
11.039 -0.92974 1.04662
11.0426 -0.945056 1.05014
11.023 -0.95999 1.04905
10.9811 -0.974448 1.04541
10.9183 -0.988372 1.04012
10.8366 -1.00165 1.03117
10.7379 -1.01419 1.01824
10.6243 -1.02599 1.00297
10.4978 -1.03703 0.985779
10.36 -1.04729 0.966445
10.2117 -1.05674 0.944854
10.0531 -1.06542 0.920877
9.88461 -1.0734 0.894868
9.7075 -1.0807 0.867521
9.52299 -1.08731 0.839635
9.33189 -1.0933 0.811778
9.13469 -1.09877 0.783951
8.93202 -1.10389 0.756183
8.7249 -1.10882 0.729096
8.51436 -1.11376 0.703851
8.30096 -1.11895 0.68207
8.08436 -1.12461 0.665379
7.86354 -1.13098 0.653928
7.63733 -1.13824 0.645924
7.40493 -1.14653 0.639457
7.16601 -1.15588 0.633678
6.92023 -1.16627 0.627456
6.66711 -1.17761 0.619061
6.40596 -1.18974 0.607315
6.13634 -1.2024 0.591617
5.85809 -1.21529 0.572106
5.57118 -1.22806 0.549372
5.27534 -1.24038 0.524251
4.96973 -1.25191 0.497507
4.65333 -1.26236 0.470399
4.32544 -1.27154 0.444803
3.98589 -1.27943 0.422328
3.63487 -1.28601 0.403849
3.27264 -1.29106 0.389291
2.89979 -1.29422 0.378031
2.5181 -1.29529 0.369963
2.13006 -1.29421 0.365262
1.73728 -1.29084 0.364109
1.33995 -1.28519 0.365728
0.937413 -1.27733 0.367378
0.529359 -1.26719 0.366931
0.116477 -1.25464 0.363008
-0.300093 -1.23948 0.355393
-0.719112 -1.22144 0.344948
-1.13924 -1.20023 0.332565
-1.55908 -1.17561 0.319221
-1.97731 -1.14737 0.305165
-2.39292 -1.11561 0.291224
-2.80501 -1.08068 0.278488
-3.21253 -1.04289 0.268001
-3.61389 -1.00223 0.261527
-4.00728 -0.958704 0.260586
-4.39112 -0.912749 0.264904
-4.76417 -0.865301 0.272939
-5.12492 -0.817003 0.2847
-5.4715 -0.767778 0.300975
-5.80361 -0.717929 0.320998
-6.12276 -0.668335 0.343299
-6.42978 -0.619242 0.366897
-6.72403 -0.570377 0.390852
-7.00447 -0.521599 0.413952
-7.2703 -0.472832 0.435263
-7.52089 -0.42393 0.45418
-7.756 -0.37471 0.470107
-7.97599 -0.325122 0.482604
-8.18185 -0.27529 0.491564
-8.37467 -0.225383 0.497287
-8.55532 -0.175568 0.500269
-8.72438 -0.126027 0.500961
-8.88246 -0.0769487 0.499455
-9.03046 -0.028515 0.49557
-9.16966 0.0191015 0.489229
-9.30113 0.0657113 0.480986
-9.42519 0.11115 0.471057
-9.54195 0.155349 0.459959
-9.65204 0.198272 0.448666
-9.75649 0.239848 0.438029
-9.85609 0.279953 0.428462
-9.95109 0.318478 0.419828
-10.0415 0.355298 0.412134
-10.1272 0.390166 0.405275
-10.2087 0.422837 0.39926
-10.2865 0.453089 0.394335
-10.361 0.480705 0.390807
-10.4327 0.505515 0.388724
-10.502 0.52733 0.38767
-10.5695 0.545884 0.387099
-10.6358 0.56089 0.387079
-10.7012 0.572199 0.387749
-10.766 0.579831 0.388906
-10.83 0.583804 0.390366
-10.8933 0.584059 0.392166
-10.9551 0.580581 0.394417
-11.0145 0.573506 0.397021
-11.071 0.563055 0.399793
-11.1248 0.549415 0.403035
-11.1754 0.532744 0.407179
-11.2218 0.513279 0.412295
-11.2637 0.491322 0.418115
-11.3014 0.467133 0.424425
-11.3356 0.440928 0.431507
-11.3655 0.412937 0.439586
-11.3893 0.383406 0.448907
-11.4051 0.35256 0.459247
-11.4122 0.320573 0.470172
-11.4113 0.287621 0.481594
-11.4028 0.25391 0.493218
-11.3871 0.219538 0.504705
-11.3638 0.184481 0.515485
-11.3328 0.148716 0.524888
-11.2943 0.112207 0.532383
-11.2485 0.0748816 0.537718
-11.1948 0.036763 0.540911
-11.1318 -0.00201109 0.542094
-11.0582 -0.0412757 0.541265
-10.9737 -0.0808716 0.538281
-10.8781 -0.120621 0.533109
-10.7712 -0.160286 0.526055
-10.6525 -0.199571 0.517599
-10.5215 -0.238175 0.508006
-10.3784 -0.275827 0.497307
-10.2235 -0.312322 0.485623
-10.0578 -0.347512 0.473306
-9.88163 -0.381268 0.460853
-9.69474 -0.413472 0.448688
-9.49666 -0.444039 0.436932
-9.28752 -0.4729 0.425443
-9.06805 -0.50002 0.41414
-8.8392 -0.525392 0.403146
-8.60161 -0.548984 0.392662
-8.3555 -0.57072 0.382817
-8.10098 -0.590526 0.373526
-7.83833 -0.608341 0.36464
-7.56808 -0.624091 0.356044
-7.29071 -0.637669 0.34775
-7.00648 -0.648935 0.339637
-6.71571 -0.657755 0.331238
-6.41895 -0.664084 0.322232
-6.11697 -0.667957 0.312414
-5.81064 -0.669397 0.301747
-5.50048 -0.668423 0.290406
-5.18641 -0.665108 0.278686
-4.86806 -0.659561 0.267133
-4.54537 -0.651896 0.256364
-4.21886 -0.642264 0.24694
-3.88942 -0.630873 0.239315
-3.55788 -0.617969 0.233415
-3.2249 -0.603841 0.228915
-2.89104 -0.588887 0.225278
-2.5569 -0.573586 0.221581
-2.22351 -0.55827 0.217348
-1.89225 -0.543007 0.213076
-1.56414 -0.527795 0.209756
-1.23953 -0.512716 0.208182
-0.918322 -0.497843 0.208462
-0.600401 -0.483238 0.210485
-0.286055 -0.468883 0.214541
0.0240257 -0.454613 0.220867
0.329131 -0.440221 0.229345
0.628683 -0.425517 0.239641
0.92213 -0.410382 0.251464
1.20881 -0.394744 0.264454
1.48809 -0.378542 0.278458
1.75974 -0.361785 0.293133
2.02389 -0.344533 0.308087
2.28079 -0.32686 0.323351
2.53032 -0.308834 0.339005
2.77179 -0.290525 0.35522
3.00412 -0.272001 0.372043
3.22639 -0.253316 0.389452
3.43797 -0.234506 0.407229
3.63845 -0.215603 0.424818
3.82732 -0.196634 0.441784
4.00395 -0.177609 0.457959
4.16768 -0.158529 0.473166
4.31809 -0.139393 0.487185
4.45507 -0.120179 0.499763
4.57869 -0.100859 0.51065
4.68909 -0.0814444 0.5197
4.78649 -0.0619948 0.52695
4.8714 -0.0425952 0.532556
4.94467 -0.0233321 0.536661
5.00748 -0.00431338 0.539445
5.06119 0.0143231 0.541112
5.10704 0.0324309 0.541879
5.14602 0.0498601 0.541991
5.17901 0.0664529 0.541608
5.20684 0.0820679 0.540784
5.23023 0.096608 0.539536
5.2497 0.110014 0.537926
5.26531 0.122242 0.536084
5.27676 0.133257 0.534118
5.2835 0.143043 0.532094
5.2851 0.151606 0.529996
5.28149 0.158972 0.527671
5.2728 0.165178 0.524964
5.25918 0.170261 0.521839
5.24066 0.174246 0.518365
5.21724 0.177138 0.51473
5.18899 0.178926 0.511177
5.15609 0.179592 0.507833
5.1187 0.179109 0.504722
5.07687 0.177429 0.501756
5.03066 0.17449 0.498746
4.98028 0.17025 0.495481
4.92603 0.164681 0.491648
4.86821 0.157757 0.486927
4.80694 0.149479 0.48124
4.74217 0.139878 0.474709
4.67369 0.128999 0.467512
4.60124 0.116892 0.459836
4.52463 0.103621 0.451851
4.44359 0.0892544 0.443728
4.35775 0.0738655 0.435689
4.26671 0.0575264 0.427969
4.17018 0.040305 0.420663
4.0681 0.0222696 0.413741
3.96055 0.00347734 0.407083
3.8476 -0.0160375 0.400466
3.72923 -0.0362569 0.393683
3.6054 -0.0571692 0.38662
3.47621 -0.078755 0.379067
3.3419 -0.100977 0.370833
3.20274 -0.123777 0.361763
3.05898 -0.147079 0.351713
2.91081 -0.170797 0.340732
2.75836 -0.194835 0.328903
2.60179 -0.219083 0.316289
2.44118 -0.24342 0.303012
2.27655 -0.267721 0.289323
2.10777 -0.291856 0.275434
1.93454 -0.315688 0.261705
1.75648 -0.339064 0.24894
1.57318 -0.36178 0.238383
1.3844 -0.383495 0.23135
1.18994 -0.403945 0.227624
0.989323 -0.423261 0.22459
0.782134 -0.441841 0.220631
0.568592 -0.459898 0.216225
0.349396 -0.477201 0.212278
0.124779 -0.493574 0.209326
-0.105953 -0.509472 0.207105
-0.343617 -0.525554 0.205283
-0.588462 -0.542215 0.203375
-0.840219 -0.559644 0.200827
-1.09825 -0.577986 0.197486
-1.36159 -0.597304 0.193993
-1.62904 -0.617405 0.191681
-1.89945 -0.637815 0.191705
-2.17188 -0.657974 0.194428
-2.44573 -0.677379 0.199506
-2.7207 -0.695585 0.205795
-2.99632 -0.712272 0.212828
-3.27108 -0.727192 0.220835
-3.54257 -0.739958 0.229676
-3.80898 -0.750176 0.238935
-4.06991 -0.757686 0.247677
-4.32565 -0.762509 0.255059
-4.57619 -0.764797 0.260856
-4.821 -0.76483 0.265779
-5.05956 -0.762802 0.270692
-5.29168 -0.758777 0.276156
-5.51782 -0.753024 0.282267
-5.7386 -0.745962 0.288869
-5.95422 -0.737886 0.296024
-6.16459 -0.728903 0.303853
-6.36961 -0.718929 0.312518
-6.56936 -0.70773 0.322096
-6.76394 -0.695039 0.332539
-6.95326 -0.680659 0.343568
-7.13698 -0.664445 0.354656
-7.31477 -0.646289 0.365079
-7.48633 -0.626134 0.374305
-7.65131 -0.603979 0.382178
-7.80914 -0.579909 0.388793
-7.95908 -0.554131 0.394311
-8.10032 -0.526948 0.398836
-8.23203 -0.498694 0.402351
-8.3535 -0.469674 0.404838
-8.46422 -0.440125 0.406446
-8.56391 -0.410198 0.407501
-8.65242 -0.379975 0.40832
-8.72972 -0.349481 0.408985
-8.79579 -0.31869 0.409323
-8.85058 -0.287537 0.409081
-8.8941 -0.255939 0.408103
-8.92643 -0.223834 0.406404
-8.94778 -0.191213 0.404057
-8.95851 -0.158148 0.40109
-8.95912 -0.124815 0.397478
-8.95015 -0.0914779 0.393182
-8.93215 -0.0584519 0.388307
-8.90572 -0.0260735 0.383081
-8.8715 0.00532515 0.377724
-8.83016 0.0354462 0.372331
-8.78232 0.0640556 0.366841
-8.72849 0.0910034 0.361159
-8.66902 0.116236 0.355207
-8.6042 0.13979 0.348936
-8.5342 0.161772 0.342295
-8.459 0.182319 0.335188
-8.3784 0.201572 0.327507
-8.29222 0.219648 0.319209
-8.20046 0.236605 0.310361
-8.10346 0.252423 0.301121
-8.0018 0.267012 0.291706
-7.89609 0.280232 0.282389
-7.78688 0.29191 0.273482
-7.67459 0.301847 0.265284
-7.55967 0.309858 0.258024
-7.44248 0.315809 0.251843
-7.3232 0.319644 0.24676
-7.20175 0.321386 0.242637
-7.07793 0.321123 0.239197
-6.9516 0.318996 0.23607
-6.8227 0.315176 0.232844
-6.69114 0.309844 0.22913
-6.55669 0.303169 0.22463
-6.41897 0.295286 0.219213
-6.27774 0.28628 0.212989
-6.13298 0.276176 0.206239
-5.98493 0.264948 0.199319
-5.83383 0.252543 0.192596
-5.67984 0.238908 0.186455
-5.52298 0.224003 0.181199
-5.36328 0.207815 0.176954
-5.20081 0.190378 0.173815
-5.03572 0.171818 0.171766
-4.86813 0.152391 0.170615
-4.69802 0.132393 0.170041
-4.52519 0.112025 0.169674
-4.34972 0.09151 0.169147
-4.17235 0.0712223 0.168076
-3.9939 0.0514682 0.166245
-3.81479 0.0323925 0.163574
-3.63536 0.0140402 0.160132
-3.45592 -0.00364022 0.156251
-3.27686 -0.0207556 0.152534
-3.09867 -0.037449 0.149654
-2.92187 -0.0538775 0.148129
-2.747 -0.0701717 0.148188
-2.57458 -0.0864485 0.149687
-2.40526 -0.102816 0.152412
-2.2397 -0.119324 0.156193
-2.07859 -0.13594 0.160835
-1.92241 -0.152584 0.166106
-1.77134 -0.169148 0.171774
-1.62535 -0.185488 0.177628
-1.48439 -0.201451 0.183439
-1.34857 -0.216903 0.188947
-1.21801 -0.231739 0.193858
-1.09271 -0.245881 0.197933
-0.972444 -0.259272 0.201084
-0.856847 -0.271891 0.203402
-0.74555 -0.283759 0.205075
-0.638281 -0.294946 0.206318
-0.534831 -0.30555 0.207372
-0.434981 -0.315677 0.20849
-0.338533 -0.325427 0.209905
-0.245408 -0.334884 0.211822
-0.155697 -0.344113 0.214358
-0.0695668 -0.353166 0.21745
0.0129451 -0.362066 0.220942
0.0919993 -0.370815 0.224658
0.167841 -0.379402 0.228401
0.240621 -0.387811 0.232041
0.310315 -0.396012 0.235496
0.376844 -0.403959 0.238688
0.44024 -0.411605 0.241559
0.500717 -0.418916 0.244057
0.558567 -0.425852 0.246175
0.614027 -0.432369 0.247982
0.667283 -0.438435 0.249587
0.718528 -0.444024 0.251118
0.768024 -0.449108 0.252642
0.81605 -0.453669 0.254171
0.862762 -0.457695 0.255716
0.908154 -0.461182 0.257308
0.952138 -0.46413 0.258986
0.994678 -0.466541 0.260767
1.03585 -0.46842 0.262636
1.07569 -0.469779 0.264542
1.11404 -0.470631 0.266441
1.1504 -0.47099 0.268319
1.18389 -0.47087 0.270169
1.21356 -0.470284 0.271948
1.23858 -0.469237 0.273584
1.25829 -0.467735 0.275
1.27221 -0.465789 0.276141
1.28001 -0.463415 0.276999
1.28142 -0.460632 0.277581
1.27627 -0.457446 0.277854
1.26437 -0.453855 0.277736
1.2454 -0.449852 0.277138
1.21894 -0.445431 0.276011
1.18465 -0.440598 0.274362
1.14242 -0.435362 0.27224
1.09246 -0.429737 0.269708
1.03522 -0.423739 0.266818
0.971142 -0.417386 0.26361
0.900558 -0.410696 0.260098
0.823719 -0.403682 0.256262
0.740887 -0.396339 0.252047
0.652402 -0.388654 0.247419
0.558651 -0.380606 0.242342
0.460001 -0.372174 0.236897
0.356788 -0.363329 0.231232
0.24936 -0.354041 0.225466
0.138077 -0.34429 0.219769
0.0232657 -0.334088 0.21432
-0.0948133 -0.323492 0.209085
-0.215933 -0.312573 0.203969
-0.339801 -0.301371 0.199053
-0.466046 -0.289926 0.194366
-0.594278 -0.278317 0.189842
-0.724101 -0.26664 0.185419
-0.855127 -0.254965 0.181127
-0.987014 -0.24333 0.177055
-1.11941 -0.231742 0.173303
-1.25186 -0.220192 0.169973
-1.38385 -0.208639 0.16709
-1.51485 -0.197011 0.164639
-1.64448 -0.185226 0.162612
-1.77246 -0.173211 0.160934
-1.89858 -0.160911 0.159477
-2.02253 -0.148272 0.158071
-2.14393 -0.135256 0.156558
-2.26238 -0.121852 0.154869
-2.37752 -0.108082 0.153023
-2.48904 -0.0940015 0.151055
-2.59673 -0.0796773 0.14897
-2.7005 -0.0651858 0.146753
-2.80046 -0.0506119 0.144447
-2.89696 -0.0360391 0.142185
-2.99054 -0.0215289 0.140171
-3.08175 -0.00711751 0.138625
-3.17101 0.00717818 0.137694
-3.25855 0.0213592 0.137394
-3.34452 0.0354413 0.137638
-3.429 0.0494443 0.138283
-3.51216 0.0633794 0.139126
-3.59417 0.0772265 0.139924
-3.67525 0.0909179 0.140404
-3.75562 0.10435 0.140369
-3.83543 0.117412 0.139835
-3.91471 0.129984 0.139037
-3.9933 0.141925 0.138289
-4.07084 0.15308 0.137817
-4.14683 0.163316 0.137757
-4.22073 0.17253 0.138184
-4.29213 0.180653 0.139152
-4.36069 0.187652 0.140724
-4.4262 0.193532 0.14285
-4.48841 0.198314 0.145396
-4.54709 0.202028 0.148192
-4.60204 0.204691 0.15105
-4.65315 0.206304 0.153859
-4.70037 0.206869 0.156595
-4.7436 0.206376 0.159281
-4.78278 0.204786 0.161896
-4.81792 0.202033 0.164367
-4.84916 0.19805 0.166621
-4.8768 0.192776 0.168633
-4.90112 0.186167 0.170425
-4.9223 0.178219 0.17204
-4.94038 0.168957 0.17351
-4.95525 0.158441 0.174854
-4.96675 0.146749 0.176068
-4.97468 0.133979 0.177156
-4.97878 0.120244 0.178122
-4.97883 0.105663 0.17896
-4.97467 0.0903475 0.179638
-4.96633 0.0743869 0.180115
-4.954 0.0578461 0.180369
-4.93794 0.0407675 0.180436
-4.91833 0.0231811 0.180396
-4.89526 0.00511605 0.180353
-4.86875 -0.0133908 0.180416
-4.8389 -0.0322939 0.180678
-4.806 -0.051536 0.181205
-4.77046 -0.0710415 0.181999
-4.73268 -0.0907113 0.18301
-4.69291 -0.11042 0.184144
-4.65123 -0.130021 0.185295
-4.60761 -0.149363 0.186382
-4.56186 -0.1683 0.187362
-4.51378 -0.186698 0.18821
-4.4631 -0.204447 0.188907
-4.4097 -0.221462 0.189433
-4.35358 -0.237681 0.189784
-4.2949 -0.253067 0.189994
-4.23389 -0.267603 0.190144
-4.1707 -0.281287 0.190338
-4.10538 -0.294115 0.190649
-4.03795 -0.306077 0.191108
-3.96843 -0.317159 0.191698
-3.8969 -0.327343 0.19235
-3.82338 -0.336602 0.192965
-3.74777 -0.344893 0.193412
-3.66983 -0.352166 0.193542
-3.58933 -0.358374 0.193201
-3.50614 -0.36348 0.192282
-3.42026 -0.367465 0.190758
-3.33173 -0.370328 0.188679
-3.24064 -0.372089 0.186161
-3.14708 -0.372788 0.183364
-3.05125 -0.372486 0.180465
-2.95353 -0.371259 0.177657
-2.85457 -0.369193 0.17512
-2.75513 -0.366379 0.172977
-2.65601 -0.362904 0.171276
-2.55799 -0.358848 0.169992
-2.46171 -0.354281 0.16906
-2.36772 -0.349257 0.168381
-2.27638 -0.343814 0.167817
-2.18797 -0.337968 0.167217
-2.10267 -0.331711 0.166471
-2.02074 -0.325027 0.165497
-1.94256 -0.317912 0.164211
-1.86854 -0.310372 0.162653
-1.79903 -0.302411 0.160983
-1.73425 -0.294029 0.159368
-1.67429 -0.285244 0.157961
-1.61926 -0.276086 0.156856
-1.56934 -0.266587 0.156091
-1.5247 -0.256789 0.15566
-1.48546 -0.246746 0.155516
-1.45162 -0.236513 0.155568
-1.42307 -0.226143 0.155682
-1.39958 -0.21569 0.155729
-1.38086 -0.205206 0.155609
-1.36652 -0.194731 0.155236
-1.35611 -0.184294 0.154537
-1.34913 -0.173918 0.153494
-1.34514 -0.163623 0.152201
-1.34377 -0.153429 0.150812
-1.34472 -0.143361 0.149404
-1.3477 -0.133446 0.148082
-1.35237 -0.123695 0.146989
-1.35833 -0.11411 0.146231
-1.36518 -0.104704 0.145849
-1.37256 -0.0954948 0.145819
-1.38006 -0.0864882 0.146066
-1.38721 -0.077688 0.146453
-1.39345 -0.0691038 0.146834
-1.39829 -0.0607414 0.147061
-1.40139 -0.052609 0.147023
-1.40259 -0.0447241 0.14666
-1.40187 -0.037111 0.145967
-1.39927 -0.0297954 0.144995
-1.39486 -0.0228 0.143845
-1.38881 -0.0161459 0.14265
-1.38147 -0.00985336 0.141549
-1.37331 -0.00393777 0.14066
-1.36483 0.00159361 0.140054
-1.35644 0.00674342 0.139741
-1.34843 0.0115238 0.139693
-1.34104 0.0159539 0.13987
-1.33452 0.0200545 0.140199
-1.32913 0.0238454 0.140563
-1.32516 0.0273438 0.140805
-1.32294 0.0305593 0.140787
-1.3228 0.0334899 0.140462
-1.32512 0.0361269 0.139844
-1.33033 0.0384557 0.139009
-1.33879 0.0404502 0.138053
-1.35068 0.0420776 0.137073
-1.36598 0.0433066 0.136159
-1.38453 0.0441118 0.13538
-1.40617 0.0444778 0.134771
-1.43078 0.0443992 0.134313
-1.45821 0.0438797 0.133968
-1.48823 0.0429338 0.13369
-1.5205 0.0415828 0.133447
-1.55462 0.0398507 0.133224
-1.59024 0.0377627 0.133044
-1.62707 0.0353447 0.132924
-1.66491 0.0326237 0.132867
-1.70367 0.0296271 0.132877
-1.74333 0.0263777 0.132982
-1.78394 0.0228909 0.133241
-1.82558 0.0191735 0.133673
-1.86825 0.0152259 0.134213
-1.91181 0.0110422 0.134784
-1.95606 0.00660214 0.135349
-2.00078 0.00187533 0.135853
-2.04589 -0.00316182 0.136246
-2.09141 -0.00852729 0.13648
-2.13734 -0.0142457 0.136524
-2.1836 -0.0203364 0.136379
-2.23005 -0.0267994 0.136106
-2.27658 -0.0336196 0.135815
-2.32315 -0.0407668 0.135584
-2.36982 -0.0481901 0.135469
-2.41664 -0.0558199 0.135507
-2.46358 -0.0635769 0.13568
-2.51065 -0.0713813 0.135969
-2.5578 -0.0791558 0.136384
-2.60501 -0.0868316 0.136943
-2.65221 -0.0943527 0.137635
-2.6993 -0.101679 0.138429
-2.74619 -0.108787 0.139298
-2.79284 -0.115674 0.140219
-2.83929 -0.122352 0.141187
-2.88566 -0.128845 0.142224
-2.93203 -0.135178 0.143363
-2.97836 -0.141377 0.144638
-3.02446 -0.147464 0.146083
-3.07008 -0.153451 0.147757
-3.11495 -0.159339 0.149721
-3.1589 -0.165113 0.151994
-3.20176 -0.170749 0.154531
-3.2434 -0.176208 0.157235
-3.28369 -0.181445 0.159983
-3.32247 -0.186415 0.162666
-3.35958 -0.191076 0.165199
-3.39474 -0.195394 0.167512
-3.4277 -0.199342 0.169535
-3.45823 -0.202906 0.171203
-3.48622 -0.206084 0.172479
-3.51165 -0.208884 0.173357
-3.53456 -0.211323 0.173861
-3.55494 -0.213423 0.174043
-3.57273 -0.215202 0.173966
-3.58786 -0.216675 0.173703
-3.6003 -0.217847 0.173324
-3.61015 -0.21872 0.172886
-3.61757 -0.219289 0.172416
-3.62274 -0.219541 0.171909
-3.62578 -0.219458 0.171343
-3.62676 -0.219019 0.170698
-3.62573 -0.218206 0.169967
-3.62276 -0.217003 0.16915
-3.61798 -0.215402 0.168239
-3.61152 -0.213401 0.167223
-3.60352 -0.211005 0.166101
-3.59413 -0.208226 0.1649
-3.58354 -0.205079 0.163676
-3.57199 -0.201587 0.162502
-3.5597 -0.197773 0.161443
-3.54686 -0.193659 0.160555
-3.53359 -0.189267 0.159882
-3.52004 -0.184616 0.159452
-3.50638 -0.179724 0.159272
-3.49284 -0.174604 0.159315
-3.47966 -0.169269 0.159519
-3.46702 -0.163728 0.1598
-3.45504 -0.15799 0.160069
-3.44381 -0.152063 0.160242
-3.43339 -0.145956 0.160251
-3.42377 -0.139679 0.160037
-3.4149 -0.133241 0.159556
-3.40667 -0.126653 0.158791
-3.399 -0.119926 0.157755
-3.39179 -0.113074 0.156492
-3.38495 -0.106116 0.155063
-3.37833 -0.0990686 0.153544
-3.37164 -0.0919499 0.152018
-3.36452 -0.0847754 0.150565
-3.35659 -0.0775605 0.149247
-3.34751 -0.0703216 0.148095
-3.33704 -0.0630764 0.147104
-3.325 -0.0558428 0.146236
-3.31124 -0.0486386 0.145444
-3.29566 -0.0414813 0.144682
-3.27813 -0.0343887 0.143924
-3.25859 -0.0273787 0.143162
-3.23696 -0.0204682 0.142394
-3.21316 -0.0136724 0.141622
-3.18708 -0.00700361 0.140847
-3.15869 -0.000472557 0.140066
-3.12801 0.00591048 0.13927
-3.09516 0.0121355 0.138451
-3.06031 0.018193 0.137603
-3.02365 0.0240725 0.136731
-2.98536 0.0297607 0.135853
-2.94564 0.0352405 0.134997
-2.90476 0.0404918 0.134187
-2.86292 0.0454897 0.133422
-2.82029 0.0502061 0.132682
-2.77694 0.0546124 0.131933
-2.73289 0.0586804 0.131111
-2.68819 0.0623841 0.130149
-2.64295 0.0657022 0.128994
-2.59737 0.0686181 0.127642
-2.55167 0.0711201 0.126136
-2.50609 0.0732031 0.124565
-2.46088 0.074867 0.123058
-2.41629 0.076114 0.121763
-2.37265 0.0769491 0.120801
-2.33029 0.0773803 0.120234
-2.28952 0.0774194 0.120082
-2.25061 0.0770765 0.120303
-2.21377 0.076355 0.120847
-2.17917 0.0752557 0.121631
-2.14688 0.0737791 0.122506
-2.11685 0.0719218 0.123321
-2.08896 0.0696748 0.123962
-2.06305 0.0670293 0.124378
-2.03901 0.0639842 0.124571
-2.01684 0.0605396 0.124568
-1.99653 0.0566919 0.124436
-1.97805 0.0524392 0.124292
-1.96132 0.0477882 0.124282
-1.94622 0.0427508 0.124542
-1.93272 0.0373419 0.125179
-1.92083 0.0315813 0.126249
-1.91054 0.0254938 0.127722
-1.90184 0.0191059 0.129492
-1.89471 0.0124415 0.131421
-1.88916 0.00552117 0.133362
-1.88529 -0.00163574 0.13517
-1.88321 -0.00901142 0.136715
-1.88298 -0.0165975 0.13791
-1.88455 -0.0243943 0.138726
-1.88779 -0.032403 0.139189
-1.8925 -0.0406255 0.139367
-1.89852 -0.0490615 0.139348
-1.90572 -0.057702 0.139228
-1.91397 -0.0665256 0.139104
-1.92324 -0.0755003 0.139073
-1.93353 -0.0845877 0.139221
-1.94494 -0.0937459 0.139623
-1.95755 -0.102929 0.140327
-1.97142 -0.112088 0.141341
-1.9865 -0.121175 0.14263
-2.00265 -0.130144 0.144118
-2.01969 -0.138954 0.145683
-2.0375 -0.147571 0.147183
-2.05598 -0.15597 0.148471
-2.07508 -0.164126 0.149426
-2.09473 -0.172024 0.149988
-2.11482 -0.179653 0.150189
-2.13523 -0.187006 0.150144
-2.15583 -0.194084 0.150016
-2.1765 -0.200886 0.149975
-2.19718 -0.207406 0.150162
-2.21787 -0.213634 0.150671
-2.23859 -0.219554 0.151546
-2.25943 -0.225153 0.152771
-2.28042 -0.23042 0.15427
-2.30153 -0.235341 0.155921
-2.3226 -0.239908 0.15757
-2.34344 -0.244115 0.159066
-2.36383 -0.247952 0.160277
-2.38368 -0.25141 0.161115
-2.40303 -0.254482 0.161533
-2.42202 -0.257163 0.161536
-2.44087 -0.259452 0.161175
-2.45979 -0.26135 0.16054
-2.47897 -0.262861 0.159756
-2.49858 -0.263987 0.158957
-2.51873 -0.264729 0.158266
-2.53955 -0.265082 0.157764
-2.56115 -0.26504 0.157486
-2.58368 -0.264595 0.15741
-2.60731 -0.263744 0.157475
-2.63217 -0.262485 0.157594
-2.65829 -0.260815 0.157672
-2.68562 -0.258734 0.157631
-2.71397 -0.256234 0.157419
-2.74312 -0.253311 0.157015
-2.77285 -0.249959 0.156422
-2.80299 -0.246174 0.155661
-2.83341 -0.241954 0.154775
-2.86394 -0.237295 0.153856
-2.89444 -0.232199 0.153016
-2.92482 -0.226675 0.152363
-2.95499 -0.220746 0.152001
-2.98488 -0.214442 0.152011
-3.01442 -0.207796 0.152444
-3.04355 -0.200848 0.153304
-3.07223 -0.193641 0.154536
-3.10047 -0.186221 0.156023
-3.12833 -0.178632 0.157594
-3.1558 -0.170911 0.159052
-3.18277 -0.163082 0.160208
-3.20897 -0.155157 0.160914
-3.23402 -0.14714 0.161085
-3.25751 -0.139027 0.160707
-3.27903 -0.130816 0.159822
-3.29825 -0.122504 0.158512
-3.31494 -0.114091 0.156881
-3.32898 -0.105585 0.155056
-3.34033 -0.0969954 0.153185
-3.34896 -0.088342 0.151414
-3.35487 -0.0796509 0.149871
-3.35807 -0.0709566 0.148642
-3.35856 -0.0623013 0.147761
-3.35646 -0.0537338 0.147195
-3.352 -0.0453059 0.146853
-3.34553 -0.0370672 0.146593
-3.33745 -0.0290597 0.146259
-3.32816 -0.0213128 0.145708
-3.31805 -0.0138426 0.14485
-3.30746 -0.00665458 0.143657
-3.29679 0.000254338 0.14216
-3.28639 0.00689323 0.140436
-3.27654 0.0132746 0.138585
-3.26743 0.0194128 0.136727
-3.25913 0.0253201 0.134978
-3.25166 0.0310024 0.133441
-3.24499 0.036457 0.132188
-3.23911 0.041672 0.131248
-3.23401 0.0466258 0.130619
-3.22965 0.0512894 0.130282
-3.22601 0.0556294 0.130206
-3.22303 0.0596122 0.13036
-3.22073 0.063207 0.130707
-3.21911 0.0663902 0.131203
-3.21814 0.0691485 0.13179
-3.21782 0.0714811 0.132408
-3.21811 0.0733995 0.132998
-3.21897 0.0749261 0.133511
-3.22036 0.0760924 0.133918
-3.22221 0.0769353 0.134209
-3.22444 0.0774935 0.134399
-3.22694 0.0778022 0.134521
-3.22964 0.0778888 0.134616
-3.23244 0.07777 0.134727
-3.23523 0.0774517 0.134888
-3.23787 0.0769306 0.13512
-3.24017 0.0761947 0.135422
-3.24197 0.0752255 0.13577
-3.24311 0.0740012 0.13612
-3.24348 0.0724994 0.136418
-3.24298 0.0707023 0.136614
-3.24144 0.0686009 0.136673
-3.23869 0.0661974 0.136589
-3.23454 0.0635051 0.136377
-3.22881 0.0605467 0.136072
-3.22136 0.0573518 0.135714
-3.2121 0.053956 0.135349
-3.20097 0.0503968 0.135021
-3.18789 0.0467094 0.134772
-3.17281 0.0429224 0.134637
-3.15566 0.0390542 0.134641
-3.1364 0.0351113 0.134795
-3.11497 0.0310892 0.135099
-3.09138 0.026973 0.135537
-3.06574 0.0227408 0.136074
-3.03824 0.0183656 0.136662
-3.00909 0.013819 0.137241
-2.97847 0.00907616 0.137755
-2.94652 0.0041191 0.138166
-2.91336 -0.00106035 0.13845
-2.87917 -0.00646013 0.138595
-2.84421 -0.0120688 0.138589
-2.80879 -0.0178679 0.138431
-2.77324 -0.0238341 0.138138
-2.73781 -0.0299416 0.137751
-2.70267 -0.0361655 0.137332
-2.66795 -0.0424849 0.136939
-2.63377 -0.0488842 0.136617
-2.6003 -0.0553541 0.136385
-2.56774 -0.0618919 0.136252
-2.53631 -0.0685003 0.136211
-2.50621 -0.0751866 0.136253
-2.47767 -0.0819614 0.136358
-2.45087 -0.0888337 0.136516
-2.42595 -0.095807 0.136742
-2.403 -0.102879 0.137054
-2.38199 -0.110043 0.137438
-2.3629 -0.117279 0.137869
-2.34577 -0.124559 0.138353
-2.33065 -0.131845 0.138893
-2.31763 -0.1391 0.139496
-2.30671 -0.146285 0.140173
-2.29783 -0.15336 0.140948
-2.29082 -0.160291 0.141844
-2.28549 -0.16705 0.142878
-2.28158 -0.17362 0.144048
-2.27882 -0.179987 0.14533
-2.27696 -0.186143 0.146681
-2.27577 -0.192087 0.148046
-2.27508 -0.197821 0.149368
-2.2747 -0.203353 0.1506
-2.27443 -0.208686 0.151713
-2.27408 -0.21382 0.152715
-2.27345 -0.218755 0.153638
-2.27241 -0.223481 0.154514
-2.27085 -0.227987 0.155362
-2.26872 -0.232254 0.156183
-2.26598 -0.236262 0.156966
-2.2626 -0.239982 0.157697
-2.25859 -0.243389 0.158357
-2.25395 -0.246458 0.158919
-2.24875 -0.249169 0.15936
-2.2431 -0.251507 0.159661
-2.23711 -0.253462 0.159822
-2.23091 -0.255028 0.159855
-2.2247 -0.256203 0.15977
-2.21873 -0.256987 0.159578
-2.21328 -0.257383 0.159291
-2.20866 -0.257394 0.158923
-2.20516 -0.257023 0.1585
-2.20307 -0.256267 0.158055
-2.20264 -0.255121 0.157622
-2.20416 -0.253577 0.157234
-2.20784 -0.251627 0.156898
-2.21384 -0.249261 0.156606
-2.22222 -0.246464 0.156346
-2.23293 -0.243223 0.15609
-2.24586 -0.239525 0.1558
-2.26087 -0.235362 0.155429
-2.27779 -0.230728 0.154938
-2.29642 -0.225623 0.154305
-2.31651 -0.220053 0.153539
-2.33782 -0.214029 0.152672
-2.36009 -0.207572 0.151768
-2.38305 -0.200712 0.1509
-2.40638 -0.193483 0.150137
-2.42975 -0.185926 0.149542
-2.45277 -0.178082 0.149158
-2.47509 -0.169995 0.149002
-2.49641 -0.161706 0.149044
-2.51642 -0.153253 0.149217
-2.53487 -0.144674 0.149426
-2.55156 -0.136001 0.149583
-2.56632 -0.127261 0.149624
-2.57904 -0.118477 0.149502
-2.58968 -0.109674 0.149189
-2.59827 -0.100878 0.148663
-2.60486 -0.0921123 0.147908
-2.60957 -0.0834021 0.146911
-2.61256 -0.074775 0.145668
-2.61408 -0.0662606 0.144194
-2.61439 -0.0578903 0.142515
-2.61375 -0.0496959 0.140669
-2.61237 -0.0417079 0.138704
-2.61041 -0.0339543 0.136678
-2.60803 -0.0264596 0.134646
-2.60542 -0.0192422 0.132652
-2.6028 -0.0123126 0.130729
-2.60042 -0.00567453 0.128895
-2.59853 0.000672667 0.127202
-2.59737 0.00673286 0.125682
-2.59719 0.0125103 0.124335
-2.59823 0.0180047 0.123176
-2.60072 0.0232095 0.122221
-2.60488 0.0281122 0.121486
-2.61087 0.0326934 0.12096
-2.61883 0.0369264 0.120634
-2.62886 0.0407797 0.120504
-2.64095 0.0442184 0.120568
-2.65501 0.0472095 0.120817
-2.67087 0.049727 0.121251
-2.68823 0.0517534 0.121874
-2.70674 0.0532823 0.122687
-2.72605 0.0543188 0.123701
-2.74581 0.0548776 0.124893
-2.76574 0.054984 0.12621
-2.78556 0.0546736 0.127625
-2.80503 0.0539861 0.129117
-2.82397 0.0529575 0.130669
-2.84223 0.0516162 0.132225
-2.85969 0.0499838 0.133722
-2.87624 0.0480727 0.135112
-2.89178 0.0458869 0.136339
-2.90619 0.0434232 0.137355
-2.91939 0.0406726 0.138115
-2.93131 0.0376245 0.138599
-2.94192 0.0342689 0.138807
-2.9512 0.0306017 0.138761
-2.95922 0.0266303 0.138505
-2.96609 0.0223745 0.138099
-2.97195 0.0178661 0.137619
-2.97693 0.0131478 0.137134
-2.98112 0.0082707 0.136706
-2.9845 0.00329139 0.136382
-2.98701 -0.00173246 0.136194
-2.98861 -0.00674567 0.136146
-2.9893 -0.0117009 0.136209
-2.98915 -0.0165654 0.136345
-2.98827 -0.0213208 0.136513
-2.98677 -0.0259604 0.136682
-2.98477 -0.0304875 0.136851
-2.98242 -0.0349131 0.13706
-2.97987 -0.0392528 0.137371
-2.97729 -0.0435218 0.137847
-2.97475 -0.0477314 0.138537
-2.97231 -0.0518868 0.139464
-2.96991 -0.0559863 0.140616
-2.96744 -0.0600194 0.14195
-2.96473 -0.0639693 0.143394
-2.96153 -0.0678144 0.144856
-2.95757 -0.07153 0.146233
-2.95262 -0.075093 0.147431
-2.94648 -0.0784863 0.148389
-2.93902 -0.0817008 0.149074
-2.93017 -0.0847373 0.149486
-2.91985 -0.0876088 0.149655
-2.90797 -0.0903363 0.149631
-2.89441 -0.0929465 0.149471
-2.87911 -0.0954695 0.14923
-2.86199 -0.0979365 0.148936
-2.84305 -0.100376 0.148598
-2.82227 -0.102812 0.148202
-2.79965 -0.105258 0.147727
-2.7752 -0.10772 0.147161
-2.74903 -0.110196 0.146509
-2.7213 -0.112678 0.145786
-2.69228 -0.115149 0.145015
-2.66237 -0.117593 0.144224
-2.63203 -0.119994 0.143438
-2.6018 -0.122338 0.142687
-2.57217 -0.124619 0.142005
-2.54357 -0.126835 0.141413
-2.5163 -0.128991 0.140917
-2.49054 -0.131099 0.140507
-2.46642 -0.133171 0.140155
-2.44398 -0.135216 0.13983
-2.4232 -0.137243 0.139495
-2.40405 -0.139263 0.139125
-2.38643 -0.14128 0.138729
-2.37022 -0.14329 0.138355
-2.35531 -0.145281 0.13808
-2.34161 -0.147244 0.137985
-2.32904 -0.149167 0.138136
-2.31754 -0.151037 0.138579
-2.30704 -0.152843 0.139334
-2.29746 -0.154577 0.140389
-2.2887 -0.156236 0.141696
-2.28068 -0.15782 0.143175
-2.2733 -0.159335 0.144705
-2.26645 -0.160788 0.146155
-2.26004 -0.162184 0.147406
-2.25402 -0.163526 0.148372
-2.24834 -0.164817 0.149021
-2.24297 -0.166064 0.149377
-2.23788 -0.167271 0.149506
-2.23304 -0.16844 0.149487
-2.22843 -0.169571 0.149393
-2.22411 -0.170658 0.149283
-2.22018 -0.171689 0.149204
-2.21681 -0.172648 0.149192
-2.21419 -0.173515 0.149264
-2.21253 -0.174269 0.149419
-2.21199 -0.17489 0.149637
-2.21276 -0.175359 0.149885
-2.21503 -0.175656 0.15012
-2.21895 -0.175761 0.150295
-2.22468 -0.17565 0.150367
-2.23231 -0.175303 0.150292
-2.2419 -0.174702 0.15005
-2.25348 -0.173828 0.149651
-2.26703 -0.172664 0.149152
-2.28254 -0.171189 0.148617
-2.29998 -0.169386 0.14808
-2.31934 -0.167241 0.147578
-2.34059 -0.164744 0.147162
-2.36368 -0.161888 0.14688
-2.38848 -0.158672 0.146764
-2.41485 -0.155102 0.146821
-2.44255 -0.151192 0.14704
-2.47132 -0.146962 0.147399
-2.50085 -0.142435 0.147867
-2.53086 -0.13763 0.14839
-2.56107 -0.132571 0.148893
-2.59123 -0.127276 0.149317
-2.62111 -0.121761 0.149624
-2.65045 -0.116041 0.149789
-2.67905 -0.110128 0.149802
-2.70672 -0.104038 0.149673
-2.73326 -0.09779 0.149443
-2.75843 -0.0914034 0.149157
-2.78198 -0.0848997 0.148842
-2.80369 -0.0783046 0.148492
-2.82339 -0.0716465 0.148086
-2.84097 -0.0649528 0.147591
-2.85638 -0.0582525 0.146971
-2.8696 -0.0515776 0.146178
-2.88066 -0.0449604 0.145169
-2.88963 -0.038431 0.143924
-2.89663 -0.0320155 0.14246
-2.90177 -0.025736 0.140822
-2.90519 -0.0196101 0.139065
-2.90704 -0.0136503 0.137239
-2.9075 -0.00786701 0.135391
-2.90683 -0.00226896 0.133574
-2.90534 0.00313524 0.131845
-2.90332 0.00833537 0.130257
-2.90108 0.0133154 0.128848
-2.89887 0.0180506 0.12764
-2.89689 0.0225082 0.126649
-2.8953 0.0266468 0.125891
-2.89425 0.0304174 0.125365
-2.89389 0.033768 0.125054
-2.89436 0.036649 0.124925
-2.89582 0.0390174 0.124941
-2.89836 0.0408383 0.125075
-2.90202 0.0420864 0.12531
-2.90676 0.0427506 0.125645
-2.91246 0.0428357 0.126088
-2.919 0.0423604 0.126658
-2.92626 0.0413542 0.127372
-2.93412 0.039852 0.128223
-2.94251 0.0378901 0.129188
-2.95137 0.0355031 0.130233
-2.96063 0.0327203 0.131325
-2.97019 0.0295626 0.132437
-2.9799 0.0260427 0.133546
-2.98958 0.0221665 0.134627
-2.99904 0.017936 0.135663
-3.00815 0.0133499 0.136631
-3.01681 0.00840782 0.137503
-3.02498 0.00311488 0.13825
-3.03264 -0.00251409 0.138864
-3.03977 -0.00845358 0.139357
-3.0463 -0.0146678 0.13976
-3.05211 -0.0211108 0.140111
-3.05707 -0.0277279 0.140452
-3.06108 -0.0344583 0.140822
-3.06412 -0.04124 0.141247
-3.06624 -0.0480138 0.141737
-3.06753 -0.054726 0.14229
-3.0681 -0.0613321 0.142901
-3.06803 -0.0677976 0.143568
-3.06739 -0.0740991 0.144292
-3.06618 -0.0802221 0.145077
-3.0644 -0.0861597 0.145911
-3.06203 -0.0919082 0.146772
-3.05904 -0.0974635 0.147626
-3.05539 -0.102817 0.14844
-3.05105 -0.107956 0.149188
-3.04595 -0.11286 0.149852
-3.03996 -0.117505 0.15043
-3.03289 -0.121863 0.150933
-3.02448 -0.125903 0.151392
-3.01446 -0.129594 0.151839
-3.00256 -0.132909 0.152302
-2.98858 -0.135829 0.152787
-2.97235 -0.138343 0.153279
-2.95372 -0.140452 0.153751
-2.93259 -0.142165 0.154173
-2.90888 -0.143505 0.154519
-2.88261 -0.144498 0.154769
-2.85383 -0.14518 0.1549
-2.82264 -0.145584 0.154886
-2.78915 -0.145748 0.154705
-2.75347 -0.145702 0.154342
-2.71573 -0.145473 0.153792
-2.67611 -0.145083 0.153058
-2.63483 -0.144547 0.152146
-2.59221 -0.143875 0.151065
-2.54859 -0.143075 0.149841
-2.50433 -0.142153 0.148515
-2.45979 -0.141114 0.147146
-2.41523 -0.139966 0.145797
-2.3708 -0.138721 0.144516
-2.3267 -0.137391 0.143337
-2.28319 -0.13599 0.142287
