7.91548e-07 -5.43526e-15 -0.0448803
-0.000194763 -1.04839e-06 -0.0448766
-0.000938271 -1.18933e-05 -0.0448562
-0.00224442 -5.1905e-05 -0.0448055
-0.00376989 -0.000127111 -0.0447248
-0.00543995 -0.000214607 -0.0446117
-0.0078925 -0.00030009 -0.044436
-0.0118389 -0.000406867 -0.0441591
-0.0169415 -0.000574585 -0.0437777
-0.0217534 -0.000822085 -0.0433262
-0.0246079 -0.0011093 -0.0428469
-0.024755 -0.00133041 -0.0423877
-0.023162 -0.00138471 -0.0420109
-0.0217148 -0.0013131 -0.0417713
-0.0216183 -0.00134593 -0.0417104
-0.0231577 -0.0017256 -0.0418517
-0.026245 -0.00249467 -0.0421479
-0.0302841 -0.00345339 -0.0424897
-0.0340184 -0.00423206 -0.0428021
-0.0363945 -0.0045079 -0.0430584
-0.0371477 -0.00428742 -0.0432
-0.0355567 -0.00386555 -0.0431659
-0.0301162 -0.00344884 -0.043013
-0.021085 -0.0029417 -0.0428739
-0.0112972 -0.00215381 -0.0428216
-0.00384078 -0.00110306 -0.0429187
-8.85879e-05 -6.74922e-05 -0.0432738
0.000292655 0.000530215 -0.0438841
-0.00141898 0.000411211 -0.0445829
-0.00223512 -0.000140904 -0.0452466
0.0016231 -0.000340053 -0.0459078
0.0106992 0.000418256 -0.0465971
0.0215932 0.00197229 -0.0472145
0.0308528 0.00350878 -0.0476728
0.0364524 0.0042667 -0.0479913
0.0366122 0.00406734 -0.0481403
0.0316817 0.00330257 -0.0480469
0.0262042 0.00271435 -0.0478054
0.0258267 0.00291662 -0.0476207
0.030791 0.00378999 -0.0475066
0.0345902 0.00459483 -0.0472694
0.0322529 0.00466426 -0.0468335
0.0264816 0.00382945 -0.0464081
0.0220071 0.00249724 -0.0462095
0.0183505 0.00132131 -0.0461437
0.0120978 0.000643317 -0.0459642
0.00283467 0.000351302 -0.0456258
-0.00772891 1.69925e-05 -0.0452381
-0.0184482 -0.000881573 -0.0447488
-0.025942 -0.00238939 -0.0440187
-0.0264891 -0.00370402 -0.0431745
-0.023085 -0.00384741 -0.0424209
-0.0233656 -0.00285578 -0.0416936
-0.0310827 -0.00189175 -0.0409845
-0.0435144 -0.00212372 -0.0405041
-0.0561711 -0.00387818 -0.0401935
-0.0656654 -0.00635839 -0.0397492
-0.0679724 -0.00780679 -0.0392533
-0.0600233 -0.00688374 -0.0391539
-0.044442 -0.00421066 -0.0395995
-0.0298706 -0.00194201 -0.0403222
-0.0245779 -0.00178797 -0.0410812
-0.0308318 -0.00368377 -0.0417651
-0.0457476 -0.00608009 -0.0422861
-0.0614715 -0.00722725 -0.0426452
-0.0677217 -0.00639427 -0.0428872
-0.0607987 -0.00421017 -0.0428838
-0.0459715 -0.00202054 -0.0423669
-0.0302234 -0.000688132 -0.0413896
-0.0169911 9.2006e-05 -0.0404933
-0.00935883 0.000922661 -0.0401405
-0.0126228 0.00156583 -0.0402467
-0.0285867 0.00125879 -0.0404429
-0.0522112 -0.000349998 -0.0405523
-0.0756207 -0.00283429 -0.0405281
-0.090661 -0.00518828 -0.0402444
-0.0905185 -0.00631104 -0.0397339
-0.0736535 -0.00564542 -0.0392124
-0.0472131 -0.00377856 -0.0387756
-0.0244475 -0.00215877 -0.0385
-0.015332 -0.00196294 -0.0386548
-0.0211941 -0.00353854 -0.039478
-0.0364805 -0.00645036 -0.0408499
-0.0549351 -0.00948221 -0.0423381
-0.0740665 -0.0111912 -0.0434578
-0.0911827 -0.010999 -0.0438225
-0.0995427 -0.00948898 -0.0433436
-0.0939911 -0.00754493 -0.0422131
-0.0781469 -0.00563833 -0.0404777
-0.0607322 -0.0037643 -0.03814
-0.0464159 -0.00153936 -0.0357689
-0.0355127 0.00116188 -0.0343272
-0.0314755 0.00331686 -0.0342075
-0.0399222 0.00324328 -0.0349905
-0.058253 0.000383547 -0.036242
-0.0749725 -0.00381129 -0.0379114
-0.0813465 -0.00699973 -0.0398932
-0.074879 -0.00781176 -0.0418613
-0.0536231 -0.00655107 -0.0436695
-0.0190953 -0.00453466 -0.0453721
0.0170908 -0.00316304 -0.046812
0.0419328 -0.00299782 -0.0478105
0.0572172 -0.00319579 -0.048812
0.0730643 -0.00236797 -0.0505577
0.0877684 -0.000207546 -0.0529132
0.0899727 0.00222499 -0.0548523
0.0788433 0.00390331 -0.0558516
0.0678512 0.00497983 -0.0562948
0.0652276 0.0063028 -0.0563038
0.0656673 0.00848626 -0.0553056
0.066065 0.0116938 -0.0530591
0.0731782 0.0155706 -0.0502636
0.0879019 0.0190984 -0.0477177
0.0951214 0.0209015 -0.0455225
0.0819874 0.0200381 -0.0435898
0.0553633 0.0166142 -0.0423098
0.0273589 0.0116391 -0.0420632
-0.00599735 0.00616324 -0.042332
-0.0564181 0.000541658 -0.0420513
-0.119044 -0.00540391 -0.0407802
-0.171851 -0.0117474 -0.03877
-0.198895 -0.0179708 -0.0360411
-0.199432 -0.0227462 -0.0323747
-0.177842 -0.0244117 -0.0283586
-0.143969 -0.022476 -0.0253827
-0.120427 -0.0191226 -0.0241962
-0.130424 -0.0184324 -0.0244003
-0.174458 -0.022851 -0.0254999
-0.230666 -0.0305689 -0.0273346
-0.27822 -0.0368909 -0.0293742
-0.304702 -0.0377139 -0.0307348
-0.297569 -0.0320057 -0.0311784
-0.250829 -0.0221812 -0.0311069
-0.178195 -0.0124363 -0.0305315
-0.105324 -0.00569181 -0.0293764
-0.0494348 -0.00143915 -0.0286049
-0.0151259 0.00262227 -0.029624
-0.00176832 0.00693817 -0.0327823
-0.00369037 0.00960426 -0.0373717
-0.0102661 0.00914244 -0.0425962
-0.0114155 0.0062702 -0.0477124
0.000277782 0.00340831 -0.0520025
0.0321944 0.00334335 -0.0553897
0.0883225 0.00726173 -0.0582869
0.159439 0.0132948 -0.060664
0.225631 0.0179963 -0.0622138
0.270756 0.0195411 -0.0633231
0.288717 0.0187263 -0.0648551
0.279052 0.0171488 -0.0669908
0.245036 0.0155805 -0.069053
0.196381 0.0141287 -0.070182
0.147241 0.0128142 -0.0696666
0.109577 0.0118901 -0.0671187
0.0882639 0.0121841 -0.0626772
0.0810982 0.0144597 -0.056831
0.0810397 0.017999 -0.0501039
0.0781587 0.0207161 -0.0431381
0.0628065 0.0207471 -0.0368305
0.0290504 0.0173229 -0.0320245
-0.0245744 0.0106664 -0.0291057
-0.0956923 0.00169154 -0.0278691
-0.177492 -0.00845899 -0.0275854
-0.257952 -0.0187726 -0.0273211
-0.321752 -0.028267 -0.0264586
-0.354395 -0.0357839 -0.0248945
-0.346531 -0.0402353 -0.0228611
-0.298064 -0.0411464 -0.0209128
-0.218003 -0.0388806 -0.0200186
-0.118867 -0.0344727 -0.0214046
-0.0114872 -0.0292932 -0.0262705
0.0974703 -0.02445 -0.035436
0.207755 -0.0200772 -0.0489812
0.325986 -0.0150079 -0.0662824
0.46271 -0.00717959 -0.0863876
0.628629 0.00531217 -0.108255
0.832107 0.023272 -0.130844
1.07726 0.0462838 -0.153314
1.36088 0.0732983 -0.175195
1.67228 0.103348 -0.196418
1.99837 0.13577 -0.217416
2.32699 0.169753 -0.239095
2.64481 0.203735 -0.262219
2.93636 0.235406 -0.286745
3.19031 0.262719 -0.311953
3.40575 0.285191 -0.336947
3.5862 0.304012 -0.360649
3.72528 0.320696 -0.381374
3.80182 0.335422 -0.396753
3.79055 0.346425 -0.404214
3.67465 0.351006 -0.401495
3.44966 0.347319 -0.386845
3.11919 0.335449 -0.359107
2.69154 0.316959 -0.3179
2.18039 0.2931 -0.263875
1.60067 0.263144 -0.198813
0.962167 0.224371 -0.125298
0.264943 0.173523 -0.046266
-0.485592 0.108675 0.0350224
-1.24013 0.0306355 0.1143
-1.92181 -0.0563007 0.186041
-2.49611 -0.145731 0.245564
-2.99075 -0.233714 0.291102
-3.44681 -0.320716 0.322136
-3.87114 -0.407967 0.337757
-4.25332 -0.494427 0.338927
-4.59669 -0.575189 0.330444
-4.8973 -0.640217 0.318467
-5.12036 -0.677691 0.307036
-5.22584 -0.680828 0.29881
-5.21133 -0.651774 0.297029
-5.1048 -0.598655 0.30405
-4.92038 -0.528793 0.319104
-4.66008 -0.445606 0.338288
-4.35028 -0.351283 0.356551
-4.03722 -0.251328 0.369516
-3.75407 -0.156452 0.373576
-3.5126 -0.0794274 0.366323
-3.30968 -0.0289612 0.347691
-3.11454 -0.00480578 0.319028
-2.85953 0.00217469 0.280857
-2.47859 0.00322989 0.233109
-1.95988 0.00333721 0.177242
-1.3489 -0.000547963 0.115904
-0.709882 -0.0139016 0.0505288
-0.0973885 -0.0382832 -0.0185699
0.446702 -0.0691319 -0.090083
0.897707 -0.097417 -0.161162
1.25989 -0.113574 -0.228175
1.56715 -0.111618 -0.287123
1.86733 -0.0898828 -0.334223
2.19988 -0.0480586 -0.367058
2.57877 0.0148255 -0.385019
2.98602 0.0985737 -0.389058
3.38139 0.198747 -0.381836
3.72049 0.305551 -0.367569
3.96383 0.405648 -0.350664
4.07533 0.4865 -0.334137
4.02473 0.5408 -0.319058
3.80539 0.567591 -0.304895
3.44795 0.569484 -0.290076
3.01154 0.549118 -0.272488
2.56187 0.507925 -0.249849
2.14668 0.447565 -0.220436
1.78274 0.371617 -0.18428
1.45843 0.284862 -0.143767
1.14124 0.190723 -0.102944
0.787632 0.0894789 -0.065809
0.357671 -0.0206652 -0.0348771
-0.163863 -0.139172 -0.0108054
-0.75289 -0.259093 0.00717045
-1.35371 -0.367689 0.0207991
-1.89897 -0.451466 0.0328481
-2.32782 -0.501702 0.0466892
-2.5991 -0.516477 0.0650191
-2.70244 -0.498671 0.0888058
-2.66506 -0.452925 0.116936
-2.53997 -0.384353 0.146431
-2.38106 -0.299507 0.173219
-2.22796 -0.207532 0.193428
-2.10173 -0.118965 0.204695
-2.00136 -0.0421965 0.206294
-1.90277 0.0196738 0.198307
-1.76767 0.0684344 0.181286
-1.56043 0.106921 0.156472
-1.261 0.135622 0.125553
-0.869838 0.152428 0.0898662
-0.411987 0.154821 0.0499372
0.066073 0.142199 0.00577292
0.514191 0.116476 -0.0427046
0.8974 0.0811733 -0.0951416
1.20158 0.0403916 -0.149921
1.4259 -0.00144873 -0.203813
1.58169 -0.0388388 -0.252724
1.70183 -0.0648328 -0.292997
1.83167 -0.0724445 -0.322173
2.00176 -0.0570109 -0.338705
2.21354 -0.0181376 -0.341908
2.44778 0.040283 -0.332996
2.67429 0.111668 -0.315452
2.84749 0.187789 -0.293474
2.91509 0.259542 -0.270138
2.84774 0.31888 -0.24721
2.65651 0.360982 -0.225734
2.38272 0.384815 -0.20571
2.07587 0.391982 -0.186017
1.77849 0.385076 -0.165467
1.51649 0.36574 -0.143466
1.292 0.333196 -0.119908
1.0856 0.285247 -0.0953808
0.866584 0.220973 -0.0714876
0.603022 0.142007 -0.0501693
0.271264 0.0518452 -0.0325409
-0.133634 -0.0449248 -0.0185737
-0.593219 -0.142731 -0.0072013
-1.07279 -0.235137 0.0037075
-1.53105 -0.315134 0.0168215
-1.92499 -0.375629 0.0342132
-2.2195 -0.410876 0.0566921
-2.40105 -0.418672 0.0839378
-2.47953 -0.401327 0.114506
-2.47724 -0.36429 0.145525
-2.42224 -0.314006 0.173175
-2.34669 -0.256823 0.194007
-2.27528 -0.198392 0.205776
-2.21 -0.142874 0.207332
-2.1313 -0.0926906 0.198626
-2.0128 -0.0489983 0.180999
-1.83048 -0.0119037 0.156627
-1.5651 0.0194308 0.127353
-1.21158 0.0457543 0.0943354
-0.791302 0.0664266 0.058508
-0.347313 0.0794839 0.0206421
0.0757064 0.0830084 -0.0189706
0.445859 0.0764541 -0.0601839
0.747965 0.0613555 -0.102198
0.984939 0.0415564 -0.143408
1.17587 0.0226185 -0.181864
1.34632 0.0100648 -0.215539
1.51721 0.0075774 -0.242525
1.70098 0.0165815 -0.261564
1.90019 0.0368215 -0.272501
2.10437 0.0668654 -0.276125
2.29133 0.104357 -0.273827
2.43436 0.14612 -0.267479
2.50834 0.188086 -0.258945
2.49374 0.225428 -0.24921
2.38384 0.253721 -0.238111
2.19179 0.270788 -0.224866
1.94719 0.277353 -0.208554
1.68275 0.27568 -0.188293
1.42429 0.267479 -0.163625
1.18789 0.252602 -0.135058
0.97744 0.229144 -0.10416
0.783428 0.194833 -0.0731953
0.588638 0.148811 -0.044849
0.377013 0.0924695 -0.0218846
0.134783 0.0286471 -0.0062716
-0.153708 -0.0398271 0.00184886
-0.498555 -0.110544 0.00441709
-0.888017 -0.180416 0.00467007
-1.28398 -0.244243 0.00617554
-1.63423 -0.294724 0.0122615
-1.88938 -0.324409 0.0252946
-2.01615 -0.328476 0.0457
-2.0105 -0.307116 0.071653
-1.90625 -0.266247 0.0997974
-1.765 -0.215583 0.126194
-1.65116 -0.164956 0.14698
-1.60968 -0.121235 0.159254
-1.65577 -0.0873794 0.162134
-1.77317 -0.0632255 0.156974
-1.91713 -0.0468026 0.146658
-2.02729 -0.0355942 0.13467
-2.04888 -0.0273183 0.124159
-1.95015 -0.020158 0.116915
-1.7324 -0.0131972 0.112624
-1.43194 -0.00744676 0.109066
-1.11053 -0.00653533 0.103075
-0.83346 -0.015578 0.091564
-0.64679 -0.0382194 0.0724503
-0.566798 -0.0738522 0.0455148
-0.577916 -0.116854 0.012738
-0.635312 -0.158165 -0.0222748
-0.679725 -0.188407 -0.0552637
-0.661097 -0.201054 -0.0819679
-0.552775 -0.193847 -0.0989609
-0.350556 -0.167715 -0.104996
-0.0714944 -0.125068 -0.101627
0.243356 -0.0696762 -0.0922979
0.537447 -0.00746462 -0.0810296
0.760114 0.0538593 -0.0716906
0.88131 0.106631 -0.067204
0.891906 0.14543 -0.0684182
0.804748 0.168793 -0.0739379
0.660502 0.179491 -0.0812631
0.520592 0.182561 -0.0878408
0.442126 0.182142 -0.0914086
0.454857 0.179631 -0.0905405
0.555379 0.174104 -0.0855848
0.711726 0.163485 -0.0788549
0.872341 0.145262 -0.0736708
0.983347 0.117199 -0.0731537
1.0088 0.0784981 -0.0793833
0.940593 0.030846 -0.0927151
0.79725 -0.0212113 -0.111428
0.616862 -0.0706573 -0.132193
0.442126 -0.109479 -0.150922
0.303334 -0.13133 -0.163313
0.212316 -0.13371 -0.165581
0.167667 -0.11779 -0.1557
0.158879 -0.0868124 -0.134072
0.163924 -0.0451209 -0.10301
0.154328 0.00214974 -0.0659923
0.110118 0.0493489 -0.0273276
0.0253823 0.0906649 0.00848294
-0.0980393 0.120719 0.0379745
-0.255029 0.135648 0.0593029
-0.432663 0.134317 0.0718363
-0.606419 0.118249 0.0758357
-0.746848 0.0902075 0.072433
-0.827686 0.0532739 0.0632942
-0.831735 0.0108254 0.049922
-0.757586 -0.0335971 0.0332461
-0.620417 -0.0767955 0.0137329
-0.444008 -0.116299 -0.0085418
-0.252279 -0.150212 -0.0336862
-0.0650851 -0.17686 -0.0613358
0.106222 -0.194316 -0.090347
0.264522 -0.199694 -0.119201
0.424132 -0.18938 -0.146321
0.598402 -0.160791 -0.169871
0.793194 -0.113897 -0.187847
1.00965 -0.0511898 -0.198888
1.24428 0.0232233 -0.202843
1.48409 0.104291 -0.200487
1.70736 0.186338 -0.193236
1.89316 0.263395 -0.183136
2.02552 0.329416 -0.172426
2.08793 0.378586 -0.162702
2.0653 0.406287 -0.154544
1.95615 0.410299 -0.147922
1.77619 0.391225 -0.142476
1.54761 0.351765 -0.137216
1.28901 0.295644 -0.130582
1.01667 0.227066 -0.121269
0.747473 0.150393 -0.108947
0.492244 0.0697573 -0.094107
0.248645 -0.0110697 -0.0775405
0.00555242 -0.0885999 -0.0601896
-0.247237 -0.159603 -0.0431477
-0.514024 -0.221167 -0.0272891
-0.792392 -0.270774 -0.0128166
-1.0719 -0.306102 0.000796402
-1.33494 -0.324846 0.0145752
-1.56308 -0.325151 0.0297763
-1.74329 -0.306467 0.0475476
-1.86833 -0.270263 0.0684239
-1.93529 -0.220248 0.0919719
-1.94776 -0.161851 0.116916
-1.91878 -0.101168 0.141451
-1.86846 -0.0439627 0.163391
-1.81668 0.00475242 0.180376
-1.777 0.0406003 0.190364
-1.75388 0.0599392 0.1922
-1.74114 0.0607797 0.185806
-1.72304 0.0439154 0.171928
-1.67918 0.0130798 0.151719
-1.59125 -0.0263212 0.126439
-1.44944 -0.0691276 0.0972992
-1.25515 -0.111704 0.0654479
-1.01953 -0.151763 0.0319409
-0.758565 -0.187025 -0.00238486
-0.487538 -0.214129 -0.0369677
-0.218504 -0.228986 -0.0712903
0.0400102 -0.228254 -0.104474
0.284471 -0.210549 -0.135112
0.518299 -0.176327 -0.161543
0.750023 -0.12676 -0.182293
0.987695 -0.0629767 -0.196406
1.23454 0.0134571 -0.203643
1.48773 0.0992891 -0.204578
1.73752 0.188749 -0.200506
1.96634 0.274086 -0.193155
2.15108 0.347401 -0.18441
2.27017 0.402546 -0.17611
2.31108 0.435918 -0.16975
2.27262 0.446057 -0.16606
2.16196 0.432933 -0.16475
1.99094 0.397706 -0.164662
1.77506 0.342992 -0.164249
1.53281 0.27305 -0.162093
1.28247 0.193398 -0.1572
1.03732 0.109861 -0.149054
0.801491 0.0275821 -0.137623
0.56922 -0.0494907 -0.123355
0.328861 -0.118586 -0.107015
0.0700491 -0.177705 -0.0893946
-0.210469 -0.22503 -0.0709747
-0.508927 -0.258558 -0.0516555
-0.816694 -0.276319 -0.0307102
-1.11827 -0.277053 -0.00718168
-1.39059 -0.260829 0.0194976
-1.60945 -0.229332 0.04925
-1.7587 -0.185844 0.0814018
-1.83569 -0.134767 0.114494
-1.85175 -0.0810534 0.146087
-1.82885 -0.0302759 0.173129
-1.79172 0.0112841 0.19268
-1.75808 0.0377289 0.202488
-1.7345 0.0454236 0.201384
-1.71697 0.0343027 0.189555
-1.69105 0.00778036 0.168298
-1.63428 -0.0286336 0.139408
-1.52454 -0.0693671 0.10501
-1.35034 -0.110243 0.0676096
-1.11292 -0.14816 0.0295774
-0.821318 -0.179723 -0.0076099
-0.490671 -0.200923 -0.0434777
-0.142831 -0.208386 -0.0779602
0.197834 -0.20074 -0.110875
0.511479 -0.178695 -0.141718
0.787411 -0.143925 -0.169543
1.02654 -0.0976793 -0.193098
1.24177 -0.0400601 -0.211287
1.45208 0.0291213 -0.223444
1.67117 0.108263 -0.229254
1.90058 0.192712 -0.228852
2.13109 0.275589 -0.223276
2.34506 0.349661 -0.214559
2.5166 0.408709 -0.205094
2.61599 0.447981 -0.196878
2.62059 0.464222 -0.191164
2.523 0.455705 -0.188255
2.33103 0.422557 -0.187337
2.06514 0.367396 -0.186681
1.75632 0.295591 -0.184264
1.43927 0.21431 -0.178361
1.14074 0.130605 -0.167814
0.871941 0.0498089 -0.152258
0.628622 -0.0249155 -0.132345
0.393764 -0.0920523 -0.109544
0.14212 -0.150852 -0.0854435
-0.148941 -0.200509 -0.0611653
-0.485968 -0.239643 -0.0372421
-0.855063 -0.266354 -0.0135613
-1.2283 -0.278791 0.0107303
-1.57203 -0.275742 0.0368884
-1.85343 -0.257005 0.0657756
-2.04881 -0.223837 0.0972856
-2.15216 -0.179516 0.130265
-2.17644 -0.129402 0.162566
-2.147 -0.0801849 0.191193
-2.0938 -0.0386957 0.212896
-2.04443 -0.0106405 0.225031
-2.01557 0.000573654 0.226094
-2.00601 -0.00545326 0.215846
-1.9976 -0.0263234 0.195348
-1.96303 -0.0577641 0.16681
-1.8735 -0.0945731 0.133009
-1.70597 -0.131344 0.0965189
-1.45149 -0.163213 0.0592637
-1.12094 -0.186574 0.0224272
-0.743236 -0.199415 -0.0134989
-0.356628 -0.201188 -0.0484808
0.00216771 -0.192387 -0.0824558
0.307827 -0.173741 -0.114891
0.553284 -0.145292 -0.144659
0.750557 -0.106117 -0.170191
0.924595 -0.0550301 -0.189773
1.10242 0.00819865 -0.202004
1.30227 0.0817741 -0.206275
1.52757 0.161416 -0.203078
1.76661 0.240808 -0.194101
1.99669 0.312823 -0.182057
2.1891 0.370829 -0.170131
2.31405 0.409484 -0.16119
2.34713 0.425113 -0.157079
2.27631 0.416004 -0.158215
2.10671 0.382775 -0.163496
1.86041 0.328651 -0.170528
1.57138 0.259379 -0.176249
1.27745 0.182393 -0.177729
1.01035 0.105165 -0.172899
0.787767 0.033467 -0.16101
0.609613 -0.0295203 -0.142757
0.458322 -0.0829218 -0.120019
0.30362 -0.127157 -0.0952482
0.113453 -0.16291 -0.0707607
-0.132321 -0.190446 -0.0481968
-0.433307 -0.209389 -0.0281058
-0.768134 -0.218842 -0.00975543
-1.09979 -0.217531 0.00854171
-1.38496 -0.203992 0.0285853
-1.58674 -0.177371 0.051458
-1.6864 -0.138765 0.0770771
-1.68792 -0.0921541 0.104027
-1.61481 -0.0440531 0.129653
-1.50323 -0.001973 0.150598
-1.39347 0.0275457 0.163637
-1.31849 0.040464 0.166413
-1.29257 0.0357682 0.157945
-1.30733 0.0150759 0.13896
-1.33607 -0.0180139 0.11187
-1.34214 -0.0583091 0.0801584
-1.28888 -0.0994206 0.0473639
-1.15123 -0.134819 0.0162488
-0.925067 -0.159499 -0.0115823
-0.628396 -0.17127 -0.0357408
-0.294757 -0.170785 -0.0569014
0.036393 -0.16032 -0.0763536
0.329053 -0.142103 -0.0953517
0.559113 -0.117199 -0.114554
0.720232 -0.0855167 -0.13368
0.824416 -0.0466691 -0.151421
0.897242 -0.000758713 -0.16572
0.969275 0.0514724 -0.174464
1.06533 0.108758 -0.176252
1.19513 0.169005 -0.170882
1.34962 0.228595 -0.159483
1.50376 0.282036 -0.144319
1.6234 0.322613 -0.128255
1.67406 0.34402 -0.114034
1.63143 0.342325 -0.103684
1.48951 0.317183 -0.0981423
1.26184 0.271619 -0.0970282
0.976845 0.210714 -0.0986372
0.670906 0.140293 -0.100431
0.380604 0.0662588 -0.0998675
0.133357 -0.0057138 -0.0951012
-0.0601512 -0.0706692 -0.085348
-0.206742 -0.125074 -0.0709937
-0.325048 -0.167374 -0.0534454
-0.437999 -0.197952 -0.0346467
-0.565904 -0.218258 -0.0164455
-0.719615 -0.229468 -0.000141414
-0.895336 -0.23158 0.0137047
-1.07524 -0.22359 0.0253053
-1.23492 -0.204543 0.0355467
-1.35179 -0.174644 0.0456543
-1.40899 -0.135755 0.0566059
-1.39754 -0.0910714 0.0685586
-1.3202 -0.0444266 0.0806803
-1.19342 0.000113141 0.0914011
-1.04342 0.0383554 0.0987525
-0.897278 0.0661996 0.100723
-0.775336 0.080182 0.095773
-0.687386 0.0784055 0.0833594
-0.63082 0.0615074 0.0641114
-0.591242 0.0329094 0.0396027
-0.547338 -0.00206503 0.0120056
-0.478482 -0.0378232 -0.0162686
-0.370938 -0.0698906 -0.0430213
-0.22075 -0.0953148 -0.0666765
-0.0348973 -0.112298 -0.0864772
0.169879 -0.119704 -0.102449
0.372004 -0.1169 -0.1152
0.551115 -0.104001 -0.125583
0.692438 -0.0821408 -0.134232
0.790236 -0.0532126 -0.141224
0.8506 -0.018994 -0.146146
0.890183 0.0196335 -0.148427
0.928534 0.06247 -0.147582
0.978513 0.108799 -0.143339
1.04192 0.156203 -0.135826
1.1114 0.200363 -0.125753
1.17345 0.2361 -0.114371
1.21073 0.25901 -0.103181
1.2064 0.266624 -0.093602
1.15023 0.258485 -0.0867246
1.04251 0.235426 -0.0830647
0.89313 0.19892 -0.0823591
0.717895 0.151179 -0.0836109
0.534586 0.0956906 -0.0854396
0.35922 0.0372615 -0.0865105
0.20301 -0.0189067 -0.085813
0.0704621 -0.0686133 -0.0827694
-0.0411818 -0.109537 -0.0772248
-0.1404 -0.141026 -0.0693449
-0.23743 -0.163091 -0.0595333
-0.33911 -0.17546 -0.0483836
-0.445867 -0.17746 -0.0365273
-0.552768 -0.168748 -0.024381
-0.651944 -0.150087 -0.0120241
-0.733866 -0.123404 0.000621221
-0.788872 -0.091166 0.0134766
-0.810786 -0.0557825 0.0261524
-0.799941 -0.0195812 0.0379782
-0.762018 0.0148062 0.0480502
-0.705097 0.0442491 0.0552857
-0.638756 0.0654876 0.0586243
-0.573645 0.0759406 0.0573181
-0.518542 0.0745224 0.0510688
-0.476636 0.0619478 0.04004
-0.444697 0.0403031 0.0249251
-0.414629 0.0123321 0.00695452
-0.375447 -0.0189202 -0.0123715
-0.316382 -0.0501231 -0.0316612
-0.231434 -0.0778427 -0.0498177
-0.122391 -0.0990659 -0.0660778
0.00168581 -0.111766 -0.0800469
0.12702 -0.115207 -0.091618
0.239083 -0.10983 -0.100757
0.327854 -0.096623 -0.107398
0.391385 -0.0763354 -0.111474
0.434544 -0.0492643 -0.112876
0.464712 -0.0158397 -0.111373
0.489318 0.0226542 -0.106773
0.514892 0.0638225 -0.09921
0.544244 0.104414 -0.0892315
0.573878 0.140887 -0.0776783
0.595734 0.170037 -0.0656529
0.601303 0.189389 -0.0544943
0.583388 0.19714 -0.0454952
0.536137 0.191995 -0.0395077
0.457133 0.17344 -0.0367904
0.350452 0.14233 -0.0370954
0.226787 0.10115 -0.0397668
0.100557 0.053708 -0.0438462
-0.0138643 0.00441107 -0.0483012
-0.106028 -0.0426215 -0.0522559
-0.172777 -0.0842794 -0.0550672
-0.218857 -0.118622 -0.0563458
-0.25358 -0.144486 -0.0559955
-0.286033 -0.161037 -0.0541555
-0.32193 -0.167651 -0.0510182
-0.362458 -0.164036 -0.0466773
-0.404589 -0.150417 -0.0411054
-0.442676 -0.127694 -0.0342035
-0.470074 -0.0974779 -0.0258972
-0.480005 -0.0619264 -0.0163076
-0.467095 -0.0235029 -0.00590208
-0.430139 0.0151033 0.0045061
-0.373678 0.0509291 0.0138546
-0.30683 0.0808356 0.0209283
-0.241234 0.101835 0.0245487
-0.188985 0.111536 0.0239068
-0.158871 0.108684 0.018804
-0.152006 0.0936625 0.00961862
-0.161106 0.068589 -0.00281495
-0.174247 0.0367863 -0.017267
-0.179236 0.00198045 -0.032287
-0.166216 -0.0323066 -0.046549
-0.12983 -0.0630938 -0.0591073
-0.0713307 -0.0880896 -0.0694423
0.00182516 -0.105664 -0.0774485
0.0793609 -0.114776 -0.0834008
0.151168 -0.115022 -0.0877586
0.208775 -0.106697 -0.0908549
0.247658 -0.0906295 -0.0927369
0.270035 -0.0677958 -0.0932435
0.28416 -0.0390691 -0.0921257
0.299868 -0.00536876 -0.0891069
0.324796 0.031931 -0.0840194
0.363068 0.0706958 -0.0770434
0.414078 0.108014 -0.0688198
0.470867 0.140502 -0.0603149
0.521459 0.164893 -0.0526322
0.553378 0.17866 -0.0468868
0.557294 0.180363 -0.0439935
0.528537 0.169659 -0.0443501
0.468424 0.147255 -0.0477046
0.385313 0.115001 -0.0533042
0.292601 0.0758752 -0.0600941
0.203869 0.0335883 -0.066871
0.128876 -0.00803772 -0.0725089
0.0719081 -0.0457124 -0.0762173
0.0312078 -0.0771639 -0.0776225
-0.000731769 -0.10124 -0.0766662
-0.0344806 -0.117552 -0.0735069
-0.0790475 -0.125991 -0.0684468
-0.138371 -0.126501 -0.0618003
-0.210453 -0.119198 -0.0537557
-0.28829 -0.10457 -0.0443556
-0.361588 -0.0835817 -0.0336083
-0.419355 -0.0576742 -0.0216539
-0.453105 -0.0286958 -0.00891236
-0.459568 0.00116063 0.00384665
-0.44199 0.0293565 0.0155551
-0.409198 0.0530596 0.0249995
-0.372525 0.0694637 0.0310214
-0.342031 0.0763807 0.0327253
-0.323851 0.0728311 0.0296804
-0.319223 0.0593228 0.0220613
-0.324512 0.0377033 0.010647
-0.331817 0.0106913 -0.00333096
-0.330455 -0.0186608 -0.018431
-0.309738 -0.0473265 -0.0332673
-0.262706 -0.0724673 -0.0467419
-0.189289 -0.0916186 -0.0581855
-0.0969462 -0.103041 -0.0673815
0.00178961 -0.106063 -0.0744805
0.0933735 -0.101114 -0.0798157
0.167384 -0.0893219 -0.0836772
0.219684 -0.0718514 -0.0861734
0.253382 -0.0493855 -0.0872454
0.276836 -0.0221933 -0.0867459
0.299738 0.00921419 -0.0845153
0.329434 0.0434006 -0.0804876
0.368714 0.0778733 -0.0748262
0.414991 0.109571 -0.068007
0.460632 0.135588 -0.0608002
0.49478 0.153669 -0.0541569
0.506684 0.162248 -0.0490095
0.489309 0.160279 -0.0460283
0.44156 0.147303 -0.0454449
0.368118 0.123873 -0.0470134
0.277378 0.0919296 -0.0500957
0.179211 0.0546183 -0.053829
0.0836325 0.0155238 -0.0573317
-0.000487547 -0.0222002 -0.0598686
-0.0677993 -0.0562693 -0.0609281
-0.118402 -0.0851303 -0.0602586
-0.157087 -0.107556 -0.0579197
-0.190731 -0.12247 -0.0542702
-0.226051 -0.129216 -0.0497755
-0.267752 -0.127948 -0.044735
-0.316165 -0.119576 -0.0391877
-0.365889 -0.105198 -0.033039
-0.40796 -0.0856045 -0.0262117
-0.434325 -0.0613695 -0.01871
-0.440628 -0.0334886 -0.0106855
-0.426431 -0.00395399 -0.00252666
-0.395216 0.0242756 0.00514516
-0.35426 0.0479822 0.0115789
-0.312452 0.0646425 0.0159694
-0.276693 0.0729984 0.0175221
-0.249936 0.0729014 0.0156421
-0.231883 0.0647701 0.0101846
-0.220077 0.0493349 0.00153424
-0.210266 0.0278601 -0.00954748
-0.19725 0.00243644 -0.0221229
-0.176493 -0.0241215 -0.0351975
-0.145288 -0.0488337 -0.0478155
-0.102735 -0.0692178 -0.0591701
-0.0491137 -0.0836497 -0.0686951
0.0142781 -0.0912552 -0.0761292
0.0845228 -0.0915393 -0.0815148
0.156833 -0.0842298 -0.0850945
0.225637 -0.0695115 -0.087165
0.286539 -0.048302 -0.087982
0.337508 -0.0222161 -0.0877149
0.378601 0.00679038 -0.0864259
0.411216 0.0368619 -0.0841074
0.437417 0.066449 -0.0807814
0.459141 0.0941268 -0.0765695
0.477442 0.118249 -0.0716992
0.49186 0.136874 -0.0665227
0.499973 0.148128 -0.0615255
0.497364 0.150689 -0.0572537
0.478371 0.144047 -0.0541922
0.437977 0.128471 -0.0526479
0.374064 0.104814 -0.0526492
0.288521 0.0744087 -0.053886
0.186806 0.0391605 -0.0557447
0.0766971 0.00165673 -0.0574427
-0.0331573 -0.0350232 -0.0581998
-0.134892 -0.0678579 -0.0573832
-0.223044 -0.0945189 -0.0546022
-0.295421 -0.1137 -0.0497527
-0.352905 -0.125008 -0.0430351
-0.398396 -0.128601 -0.0349376
-0.435474 -0.124914 -0.0261411
-0.467249 -0.114642 -0.0173582
-0.495245 -0.0988908 -0.00918354
-0.51864 -0.0791985 -0.0020206
-0.534697 -0.0572835 0.0039153
-0.539948 -0.0347231 0.00855038
-0.530956 -0.0128058 0.0118636
-0.505148 0.00738731 0.0137897
-0.462301 0.0247689 0.014198
-0.405518 0.0380985 0.0129363
-0.340309 0.0461411 0.00983673
-0.272586 0.0480826 0.00470441
-0.207623 0.0438474 -0.00258924
-0.149673 0.0341042 -0.0119463
-0.100894 0.0200783 -0.0229859
-0.0599787 0.00336032 -0.0351138
-0.0225646 -0.0142285 -0.0475949
0.0162375 -0.0307392 -0.0596104
0.0600582 -0.0442209 -0.0703711
0.11117 -0.052948 -0.0792788
0.170172 -0.0557329 -0.0860226
0.234994 -0.0521768 -0.090546
0.300897 -0.0426818 -0.092981
0.362088 -0.0281954 -0.0936184
0.413386 -0.00991072 -0.0928455
0.451189 0.0108841 -0.0910237
0.474252 0.0328513 -0.0884036
0.483948 0.0546366 -0.0851402
0.48341 0.0749008 -0.0813236
0.475828 0.0923619 -0.0770005
0.463189 0.105871 -0.0722462
0.445862 0.114465 -0.0672387
0.422345 0.117346 -0.0622457
0.389348 0.113881 -0.0575527
0.343111 0.103722 -0.0534128
0.281478 0.0870103 -0.0500215
0.205102 0.0645344 -0.0474672
0.117143 0.0377259 -0.0456766
0.0223955 0.00848987 -0.044409
-0.0734696 -0.0210722 -0.0433141
-0.164629 -0.0489472 -0.0420207
-0.245938 -0.0733939 -0.0402127
-0.313741 -0.0930003 -0.0376881
-0.366529 -0.1067 -0.0343923
-0.405256 -0.113843 -0.030411
-0.432747 -0.114307 -0.0259314
-0.452236 -0.108561 -0.0211967
-0.465973 -0.0975455 -0.0164541
-0.474463 -0.0824395 -0.0119034
-0.476163 -0.0644053 -0.00769333
-0.467898 -0.0444647 -0.00398112
-0.446437 -0.0235917 -0.000975921
-0.410459 -0.00295174 0.0010767
-0.361462 0.0159798 0.0019165
-0.303227 0.0316016 0.00126666
-0.24073 0.0425593 -0.00113807
-0.17886 0.0480713 -0.00548125
-0.120975 0.0480566 -0.0118127
-0.068051 0.0430454 -0.0200214
-0.01912 0.0339674 -0.0297939
0.0273413 0.0219761 -0.0406001
0.0724885 0.00840804 -0.0517691
0.117186 -0.00522577 -0.0626115
0.162161 -0.0173607 -0.0725108
0.207864 -0.0265986 -0.0809663
0.254206 -0.031903 -0.0876226
0.300016 -0.0326852 -0.0922921
0.342665 -0.0288087 -0.0949425
0.378878 -0.0205677 -0.0956714
0.406526 -0.00861326 -0.0946919
0.425492 0.00616678 -0.0922938
0.436642 0.0227462 -0.0887667
0.440524 0.0400222 -0.0843575
0.437068 0.0568432 -0.0793108
0.425833 0.0719818 -0.0739028
0.406359 0.0841162 -0.0683927
0.3787 0.0919784 -0.0629871
0.343886 0.0946805 -0.0578795
0.303329 0.0919479 -0.0532817
0.257497 0.084031 -0.0493882
0.205901 0.0714068 -0.046333
0.148515 0.0545718 -0.0441787
0.0865944 0.0341178 -0.0428924
0.0223054 0.0110079 -0.0423137
-0.0418515 -0.0132181 -0.0422
-0.103535 -0.0365759 -0.042308
-0.161448 -0.0571719 -0.0423836
-0.215629 -0.0737724 -0.0420944
-0.265824 -0.0858777 -0.0410656
-0.309638 -0.0932612 -0.0390284
-0.342986 -0.0955026 -0.0359187
-0.36237 -0.0920198 -0.0318656
-0.36668 -0.0825957 -0.0271664
-0.357504 -0.0679512 -0.0222454
-0.338628 -0.0498751 -0.0175563
-0.314879 -0.0306914 -0.0135032
-0.29006 -0.0123718 -0.0104446
-0.265548 0.00401116 -0.00870526
-0.240918 0.0180867 -0.00849923
-0.215232 0.0295443 -0.00983456
-0.187451 0.0377286 -0.0125361
-0.156523 0.0418398 -0.0163487
-0.122223 0.0414765 -0.0210087
-0.0857066 0.0370038 -0.0262801
-0.0488979 0.0294412 -0.0319907
-0.0137432 0.0199424 -0.0380228
0.0179315 0.00930182 -0.0442292
0.0445532 -0.00204736 -0.0503812
0.0652561 -0.0135651 -0.0562146
0.0800513 -0.0242089 -0.0614717
0.0896933 -0.032563 -0.0658841
0.0957797 -0.0373699 -0.0691749
0.100757 -0.0380029 -0.0711065
0.107136 -0.0345613 -0.0715183
0.116224 -0.0275767 -0.0703595
0.127659 -0.0176231 -0.0677515
0.139912 -0.00521892 -0.0640137
0.150762 0.00889931 -0.0595873
0.157754 0.0234988 -0.054917
0.158996 0.0369656 -0.0503918
0.153856 0.0477987 -0.0463433
0.143035 0.0550817 -0.043039
0.128245 0.0585784 -0.0406659
0.111811 0.0584569 -0.0393233
0.095683 0.0549042 -0.0390086
0.0803745 0.0479542 -0.0396045
0.0652085 0.0376767 -0.0409208
0.0495248 0.024542 -0.0427823
0.033156 0.00957158 -0.0450506
0.0159204 -0.00590238 -0.0475501
-0.00236542 -0.0206357 -0.0500305
-0.0212291 -0.0336833 -0.0522226
-0.0396 -0.0443533 -0.0538847
-0.056621 -0.0520591 -0.0547913
-0.071814 -0.0562289 -0.0547481
-0.084218 -0.0563771 -0.0536597
-0.0923055 -0.0523328 -0.051557
-0.0952811 -0.0444397 -0.0485581
-0.0936922 -0.0335361 -0.0448489
-0.0885497 -0.0207259 -0.0407183
-0.0806732 -0.00711719 -0.0365559
-0.0712874 0.00628088 -0.0327576
-0.0624089 0.0185165 -0.0296362
-0.0558447 0.0286664 -0.0274154
-0.0520258 0.0358959 -0.0262498
-0.05002 0.0395998 -0.0261989
-0.0482814 0.0395776 -0.0272032
-0.045031 0.0361176 -0.0291333
-0.0383456 0.0298817 -0.0318608
-0.0267879 0.021649 -0.0352789
-0.010218 0.0121046 -0.0392837
0.0101455 0.00182237 -0.0437587
0.0321871 -0.00858972 -0.0485691
0.0534305 -0.0183597 -0.053544
0.0719432 -0.0265832 -0.0584609
0.0872662 -0.0323853 -0.0630547
0.100276 -0.0350968 -0.0670226
0.112245 -0.0343598 -0.0700196
0.124323 -0.0301063 -0.0717105
0.138138 -0.0224559 -0.0718999
0.155628 -0.0116935 -0.0706233
