5.91353e-07 5.13961e-09 -0.0552701
-0.000191462 -6.42744e-09 -0.0552723
-0.000918258 9.45435e-07 -0.0552836
-0.00223593 7.83589e-06 -0.0553077
-0.00396925 2.75305e-05 -0.0553282
-0.00615177 5.7274e-05 -0.0553215
-0.00923914 8.56034e-05 -0.0553206
-0.0138394 0.000114496 -0.0553975
-0.0199999 0.000167322 -0.0555211
-0.0267149 0.000265111 -0.0555655
-0.032158 0.000398061 -0.0555114
-0.0348117 0.000524657 -0.0554675
-0.0348977 0.000606226 -0.0555199
-0.034068 0.000651455 -0.0556763
-0.0336762 0.000728192 -0.0558779
-0.0341935 0.000906901 -0.0559993
-0.0352996 0.00117873 -0.0559604
-0.0359779 0.00145552 -0.0558986
-0.0357339 0.00164618 -0.0559929
-0.035401 0.00170733 -0.0561405
-0.0357631 0.00165417 -0.0561776
-0.0357216 0.00154918 -0.0561599
-0.0329225 0.00143738 -0.0560607
-0.0266207 0.00128004 -0.0557536
-0.018478 0.00100361 -0.0554738
-0.0111212 0.000623351 -0.0555532
-0.00677627 0.000261596 -0.0557518
-0.00552464 3.45045e-05 -0.0556203
-0.00478821 -3.87198e-05 -0.055283
-0.00109048 -4.81417e-05 -0.0550869
0.00727215 -0.000149273 -0.0549311
0.0186272 -0.000451933 -0.0547121
0.0296866 -0.000915269 -0.0546988
0.0385402 -0.00135808 -0.0549035
0.0438907 -0.00160068 -0.0548943
0.0443454 -0.00161786 -0.0545258
0.0408817 -0.0015264 -0.0542523
0.0363312 -0.00145395 -0.0543527
0.0335856 -0.00147837 -0.0543867
0.0343232 -0.00161317 -0.0541593
0.0360458 -0.00176949 -0.0542812
0.034545 -0.00178916 -0.0548491
0.0296277 -0.00154762 -0.0550581
0.0235875 -0.00106764 -0.0546702
0.0179839 -0.000578264 -0.0543102
0.0133915 -0.000315538 -0.0545487
0.00797682 -0.000231 -0.0553724
-0.00155528 -6.66927e-05 -0.0559986
-0.0150588 0.000333615 -0.0558664
-0.0268184 0.000898101 -0.0555248
-0.0313464 0.00138078 -0.0554004
-0.0305722 0.00150821 -0.0553264
-0.0318338 0.00126744 -0.0557271
-0.0407442 0.00104214 -0.0568141
-0.0571107 0.00124846 -0.0572718
-0.0743925 0.00187676 -0.0563474
-0.0837575 0.00252929 -0.055538
-0.0815227 0.0027878 -0.0559092
-0.0714318 0.00251031 -0.0564595
-0.0593813 0.0019371 -0.0565617
-0.0490963 0.0015147 -0.0567221
-0.0420948 0.00151451 -0.0567992
-0.0397787 0.00183338 -0.0563801
-0.0442191 0.00216204 -0.0560111
-0.0537391 0.0022462 -0.0561648
-0.0621669 0.00200651 -0.0563191
-0.0641824 0.00151781 -0.0560233
-0.0572802 0.000920807 -0.0556694
-0.0440696 0.000380491 -0.0557669
-0.033224 1.83677e-05 -0.0559368
-0.0319581 -0.000173487 -0.0554617
-0.0405135 -0.000235505 -0.0549937
-0.0548783 -0.000134545 -0.0555269
-0.0707635 0.00018099 -0.056233
-0.0858517 0.000713461 -0.0561846
-0.0977194 0.00135819 -0.0560055
-0.101513 0.00188366 -0.0560334
-0.0932757 0.00206504 -0.0558326
-0.0741295 0.00189192 -0.0557576
-0.0517872 0.00163216 -0.0564649
-0.0376216 0.00166103 -0.0573366
-0.0377789 0.00218721 -0.0573186
-0.046661 0.00306873 -0.0566469
-0.0551059 0.00385615 -0.0562832
-0.0614125 0.00409868 -0.0565444
-0.0687046 0.00372476 -0.0572072
-0.0779314 0.0031119 -0.0578196
-0.0870923 0.00264019 -0.0575084
-0.0928223 0.00224999 -0.0560739
-0.0921792 0.00165191 -0.055089
-0.0868082 0.000799678 -0.0556452
-0.0833697 -3.97611e-05 -0.0563479
-0.0874864 -0.000504487 -0.0560444
-0.0974586 -0.000350111 -0.0557437
-0.104525 0.000382517 -0.0560423
-0.101475 0.00134433 -0.0560667
-0.0891004 0.00209534 -0.0557378
-0.0702817 0.00239754 -0.0559991
-0.0442042 0.00233757 -0.0567038
-0.0106957 0.00215381 -0.0566786
0.0261669 0.00196219 -0.0558786
0.0598297 0.00174768 -0.0556528
0.0859557 0.00149691 -0.0561459
0.104759 0.00114137 -0.0556521
0.117898 0.00049586 -0.0541279
0.125713 -0.000537471 -0.0538399
0.127804 -0.00174294 -0.0550021
0.123789 -0.00276439 -0.055059
0.113025 -0.00354474 -0.0532196
0.0970575 -0.00440475 -0.0517068
0.0815963 -0.00559165 -0.0518644
0.0725601 -0.00690229 -0.0523787
0.0685102 -0.00787862 -0.0520544
0.0594484 -0.00820553 -0.051661
0.0388427 -0.00776684 -0.0521921
0.0125737 -0.00654545 -0.0530128
-0.0107512 -0.00471549 -0.0531071
-0.0333879 -0.00268565 -0.0532751
-0.0660016 -0.000729202 -0.0550771
-0.11342 0.0013583 -0.0578699
-0.166633 0.00389747 -0.0591113
-0.2091 0.00667174 -0.0582172
-0.227067 0.00892454 -0.0575857
-0.217451 0.0100585 -0.0587434
-0.194565 0.0101815 -0.0604403
-0.182882 0.00998442 -0.0614066
-0.196283 0.0102802 -0.062134
-0.228364 0.0114863 -0.0627643
-0.262383 0.0131673 -0.062029
-0.286314 0.0141866 -0.0602867
-0.296158 0.0136234 -0.0600774
-0.290242 0.0115262 -0.0614605
-0.267319 0.00870384 -0.0613572
-0.227889 0.00595006 -0.0590117
-0.17637 0.00359203 -0.0570621
-0.124953 0.00156713 -0.0565211
-0.0892987 -0.000287206 -0.055758
-0.0726562 -0.00191387 -0.0546845
-0.0618709 -0.0029907 -0.0547042
-0.0425667 -0.00333283 -0.0549369
-0.00918127 -0.00321327 -0.0538561
0.0362986 -0.00311944 -0.0528294
0.0881684 -0.0033852 -0.0531203
0.142979 -0.00413989 -0.0529643
0.201804 -0.00525863 -0.0516762
0.264257 -0.00633299 -0.0513877
0.320565 -0.00697048 -0.0522387
0.353602 -0.00708401 -0.0520521
0.353457 -0.00685274 -0.0509241
0.326479 -0.00654855 -0.0507049
0.286424 -0.00641074 -0.0513776
0.243773 -0.0065257 -0.0516786
0.203448 -0.00677713 -0.051625
0.162857 -0.00704209 -0.051707
0.117036 -0.00737349 -0.0514144
0.0688175 -0.0077793 -0.0508539
0.0245116 -0.00794717 -0.0513308
-0.0171532 -0.00743233 -0.0528001
-0.0633394 -0.00595886 -0.0538681
-0.118847 -0.003455 -0.0545873
-0.182213 -0.000121038 -0.0558692
-0.246659 0.00355995 -0.0575043
-0.304145 0.00716629 -0.0592659
-0.348132 0.0105493 -0.0612623
-0.373419 0.0135818 -0.06269
-0.374459 0.0159684 -0.0628882
-0.344477 0.0173975 -0.0625742
-0.279256 0.0177241 -0.0625829
-0.182176 0.0170519 -0.0627543
-0.0613671 0.0157193 -0.0624515
0.0784801 0.0140458 -0.0612221
0.23982 0.0119731 -0.0590581
0.429117 0.0090184 -0.0563263
0.651185 0.00460413 -0.0533204
0.905424 -0.00160295 -0.050019
1.1872 -0.00960362 -0.0460602
1.49332 -0.0191834 -0.0408495
1.82323 -0.0300991 -0.0343041
2.17435 -0.0421914 -0.0272302
2.53958 -0.0552728 -0.0203529
2.90854 -0.0689082 -0.0136074
3.26987 -0.08245 -0.00672576
3.61466 -0.0952995 0.000118804
3.93832 -0.107035 0.00642938
4.23739 -0.117426 0.012033
4.50332 -0.126481 0.0172253
4.71671 -0.13436 0.0217802
4.84788 -0.141021 0.0246544
4.865 -0.145961 0.0253789
4.74203 -0.148344 0.0247443
4.46401 -0.147458 0.0235606
4.0284 -0.143094 0.0214663
3.44253 -0.13547 0.0172877
2.72292 -0.12471 0.0102235
1.89205 -0.110395 0.000378919
0.97397 -0.0916826 -0.0116607
-0.0101964 -0.0678343 -0.0255343
-1.03235 -0.0385932 -0.0414101
-2.02761 -0.00428427 -0.0590109
-2.91115 0.0340177 -0.0767126
-3.63309 0.0742179 -0.0935763
-4.18981 0.11394 -0.112236
-4.60789 0.152232 -0.135591
-4.92428 0.189436 -0.158753
-5.16263 0.224936 -0.17327
-5.33187 0.256031 -0.181177
-5.43968 0.278944 -0.190011
-5.49869 0.290652 -0.198034
-5.53147 0.290205 -0.19977
-5.56325 0.278598 -0.195642
-5.599 0.25769 -0.187516
-5.62099 0.229355 -0.17491
-5.61024 0.195287 -0.158112
-5.56402 0.157186 -0.140155
-5.49303 0.117437 -0.124742
-5.4009 0.0796605 -0.112466
-5.27098 0.0478103 -0.10037
-5.074 0.0244486 -0.0877023
-4.77656 0.00990612 -0.0778421
-4.3432 0.00276102 -0.0716089
-3.74787 0.000924949 -0.0666417
-2.98858 0.00264371 -0.0637832
-2.09369 0.00717143 -0.0654934
-1.12023 0.0146622 -0.0695593
-0.140385 0.0249329 -0.0711628
0.780962 0.0361946 -0.0695312
1.603 0.0452052 -0.0674797
2.30944 0.048632 -0.066034
2.90329 0.0443574 -0.0633601
3.39972 0.0318385 -0.0574078
3.81239 0.0114137 -0.0468677
4.14693 -0.016605 -0.0313497
4.40333 -0.0517561 -0.0131533
4.57633 -0.0922876 0.0036993
4.65658 -0.134702 0.0182991
4.6374 -0.174599 0.0328066
4.51824 -0.208035 0.047142
4.30058 -0.232551 0.0583315
3.98735 -0.247177 0.0640091
3.58814 -0.251488 0.0636757
3.12758 -0.244975 0.0583533
2.64776 -0.2275 0.0498589
2.19165 -0.199962 0.0389184
1.78311 -0.164223 0.0245158
1.41907 -0.122385 0.00578749
1.07192 -0.0760637 -0.0166407
0.708026 -0.026312 -0.040807
0.310611 0.0257772 -0.0647042
-0.116835 0.0783065 -0.0876589
-0.561033 0.128158 -0.108943
-1.00686 0.171408 -0.126985
-1.43816 0.20439 -0.141218
-1.83269 0.224661 -0.151494
-2.16299 0.231413 -0.156478
-2.41213 0.225251 -0.155159
-2.58942 0.207632 -0.148418
-2.72522 0.180523 -0.138016
-2.84835 0.14652 -0.125263
-2.9661 0.108847 -0.110952
-3.06014 0.0708084 -0.0958178
-3.09914 0.0352044 -0.0810601
-3.05587 0.00401985 -0.0677652
-2.91252 -0.0216811 -0.0559747
-2.65534 -0.0414958 -0.0459582
-2.27149 -0.0552092 -0.0388753
-1.75522 -0.0626035 -0.0348956
-1.12325 -0.0636256 -0.03313
-0.421221 -0.0586411 -0.0334069
0.293426 -0.0485643 -0.0358477
0.974131 -0.0348401 -0.0396198
1.59476 -0.0194154 -0.0435456
2.14296 -0.00463745 -0.0471762
2.60811 0.00708011 -0.0504896
2.98203 0.0136544 -0.0524118
3.26589 0.0135244 -0.0507667
3.46982 0.00566945 -0.0448093
3.608 -0.010174 -0.0363862
3.68945 -0.0330344 -0.0274633
3.70696 -0.060639 -0.0177387
3.63733 -0.0900515 -0.00631152
3.46069 -0.118371 0.00524935
3.17994 -0.14304 0.0144541
2.82229 -0.162024 0.0211735
2.42743 -0.174056 0.0260817
2.03317 -0.178582 0.0279684
1.66625 -0.175476 0.0256388
1.34033 -0.164819 0.020013
1.05941 -0.146735 0.0117308
0.818047 -0.12139 -4.36431e-05
0.597943 -0.0892982 -0.0149179
0.371709 -0.0516219 -0.0313214
0.115864 -0.0101135 -0.0490464
-0.179197 0.0331021 -0.0682817
-0.50971 0.0755927 -0.0873535
-0.864349 0.114703 -0.104193
-1.22796 0.147839 -0.11841
-1.58416 0.172794 -0.129784
-1.9194 0.18802 -0.137039
-2.22308 0.192911 -0.139696
-2.48562 0.187998 -0.138948
-2.70157 0.1748 -0.135556
-2.87297 0.155332 -0.128843
-3.00441 0.131662 -0.119177
-3.09404 0.105771 -0.108876
-3.12999 0.0794948 -0.099077
-3.09311 0.0543891 -0.0888457
-2.96303 0.031599 -0.0783145
-2.72466 0.01181 -0.0691062
-2.37301 -0.00468243 -0.0614208
-1.91582 -0.0177914 -0.0543247
-1.37532 -0.0274506 -0.0484458
-0.786383 -0.0335341 -0.0450954
-0.18952 -0.0359055 -0.0437733
0.379049 -0.0346731 -0.0429559
0.896805 -0.0305888 -0.0421723
1.3568 -0.0251765 -0.0418054
1.76113 -0.0203706 -0.0416968
2.11407 -0.0179304 -0.0411496
2.41819 -0.018977 -0.039839
2.67359 -0.0238705 -0.0374601
2.87949 -0.0324382 -0.033133
3.0348 -0.0442565 -0.026726
3.13575 -0.0587013 -0.0197104
3.17359 -0.0748033 -0.0133286
3.13606 -0.091169 -0.007463
3.01394 -0.106141 -0.00205551
2.80905 -0.118158 0.00221629
2.53558 -0.126127 0.00505662
2.21479 -0.129604 0.00663359
1.86863 -0.128621 0.00640985
1.51629 -0.123282 0.00343002
1.17364 -0.113452 -0.00221373
0.853328 -0.0988146 -0.00954014
0.564062 -0.0792272 -0.0182111
0.309133 -0.0550319 -0.0286588
0.085576 -0.0271271 -0.040851
-0.116677 0.00317788 -0.0541541
-0.315399 0.0343876 -0.0682334
-0.530586 0.0649942 -0.0828251
-0.774418 0.0935025 -0.0966117
-1.04499 0.11825 -0.107517
-1.32547 0.137243 -0.114443
-1.58886 0.148489 -0.118032
-1.80887 0.150777 -0.119273
-1.97247 0.144296 -0.118111
-2.08634 0.130656 -0.114362
-2.17233 0.112388 -0.10877
-2.2554 0.0921891 -0.102048
-2.35255 0.0722373 -0.0944647
-2.46699 0.0538958 -0.086939
-2.5877 0.0378739 -0.0808286
-2.6921 0.0245273 -0.0762965
-2.75084 0.0139993 -0.072309
-2.73452 0.00621099 -0.068374
-2.62245 0.000887706 -0.065045
-2.41261 -0.00222042 -0.0629917
-2.12568 -0.00302164 -0.0626088
-1.79808 -0.00094493 -0.0641671
-1.46788 0.004779 -0.0674764
-1.1631 0.0144271 -0.0714803
-0.897408 0.0271383 -0.0751463
-0.670645 0.040866 -0.0786257
-0.472767 0.0529912 -0.0822751
-0.291097 0.0611337 -0.0850654
-0.115786 0.0636863 -0.0854591
0.0597357 0.0599941 -0.083158
0.23792 0.0502526 -0.0784618
0.412511 0.0352105 -0.0710716
0.567401 0.0159827 -0.0614731
0.683481 -0.00583009 -0.0518814
0.747252 -0.0280478 -0.0437545
0.754518 -0.0482927 -0.0362845
0.709456 -0.0646949 -0.028924
0.624048 -0.0763475 -0.0230153
0.51893 -0.0832504 -0.0194917
0.422588 -0.0859326 -0.0174959
0.366494 -0.0850327 -0.0164495
0.375119 -0.08099 -0.0171344
0.454445 -0.0739113 -0.0199655
0.587641 -0.0636428 -0.0242155
0.742949 -0.0499956 -0.0295076
0.888538 -0.0330428 -0.0362494
1.00418 -0.0133946 -0.0441591
1.08413 0.00765718 -0.0521347
1.1333 0.0282222 -0.0596405
1.1591 0.0461035 -0.0665324
1.16182 0.0591872 -0.0718512
1.13357 0.0658725 -0.0745673
1.06491 0.0654863 -0.074972
0.948114 0.0584099 -0.0734826
0.777225 0.0457615 -0.0693198
0.548921 0.0290037 -0.0625092
0.266335 0.00983557 -0.0552112
-0.0558478 -0.00976851 -0.0490718
-0.393086 -0.0276585 -0.0437766
-0.717127 -0.0418403 -0.0393161
-1.0021 -0.0508489 -0.036929
-1.22927 -0.0539245 -0.0372632
-1.38544 -0.0510025 -0.0396053
-1.45746 -0.042593 -0.0433713
-1.4321 -0.0296545 -0.0487465
-1.303 -0.0134981 -0.055371
-1.07776 0.00437781 -0.0623103
-0.778213 0.0225116 -0.0693137
-0.433401 0.0396133 -0.0762399
-0.0720895 0.0544938 -0.081926
0.283198 0.0659079 -0.0851997
0.61943 0.0725591 -0.0862334
0.929624 0.073261 -0.0853488
1.20765 0.0671188 -0.0816251
1.44795 0.0537338 -0.0744649
1.64822 0.0334178 -0.0648501
1.80962 0.00725439 -0.0535592
1.9334 -0.0230737 -0.0402605
2.01799 -0.0555382 -0.0254657
2.06058 -0.0879186 -0.0111289
2.06135 -0.117873 0.00139529
2.0243 -0.143066 0.0119271
1.95347 -0.161406 0.0198363
1.85048 -0.171314 0.0237781
1.71657 -0.171856 0.0233315
1.5559 -0.162858 0.0194253
1.37669 -0.145009 0.0127043
1.18855 -0.119729 0.0026522
0.998631 -0.0887632 -0.0109018
0.810693 -0.0538548 -0.0265118
0.624653 -0.0167428 -0.0424449
0.436222 0.0206822 -0.0581429
0.239605 0.0563991 -0.0735172
0.0291465 0.0885233 -0.0880071
-0.201121 0.115517 -0.100726
-0.455021 0.136187 -0.110814
-0.73063 0.149623 -0.117668
-1.02012 0.155162 -0.120968
-1.31306 0.152459 -0.120744
-1.60152 0.141718 -0.117614
-1.88102 0.123941 -0.112259
-2.14586 0.100888 -0.104692
-2.38638 0.074751 -0.0950312
-2.59152 0.0477835 -0.0844913
-2.75331 0.0221135 -0.0747686
-2.86956 -0.000236074 -0.0669677
-2.94092 -0.0173746 -0.0614087
-2.96389 -0.027811 -0.0580151
-2.92744 -0.0308293 -0.0567459
-2.81725 -0.0267028 -0.0576691
-2.62321 -0.0165835 -0.0607687
-2.34511 -0.00210945 -0.0658375
-1.99291 0.0150097 -0.0722675
-1.58197 0.0331758 -0.0789663
-1.12908 0.0508575 -0.0849128
-0.652843 0.0664665 -0.089556
-0.174919 0.0783166 -0.092441
0.281194 0.084798 -0.0930967
0.69469 0.0846871 -0.0913218
1.05327 0.0773761 -0.0869671
1.35477 0.0629019 -0.0796993
1.60242 0.0417901 -0.069329
1.7998 0.0148805 -0.0562221
1.94973 -0.0166423 -0.0413935
2.05614 -0.0510504 -0.0260568
2.12566 -0.0860035 -0.0110581
2.16548 -0.118775 0.00290962
2.17886 -0.146673 0.0148663
2.16459 -0.167451 0.023865
2.12131 -0.17955 0.0293273
2.0516 -0.182147 0.0308331
1.9623 -0.17512 0.0281227
1.86047 -0.158979 0.0213159
1.74942 -0.134777 0.0109411
1.62871 -0.104072 -0.00206181
1.49723 -0.0688786 -0.0165941
1.3553 -0.0315334 -0.0318968
1.20287 0.00559096 -0.0475718
1.03477 0.0403966 -0.0631103
0.83912 0.0712423 -0.0776368
0.602694 0.0969093 -0.0900963
0.318498 0.116414 -0.0995963
-0.0121566 0.128864 -0.10578
-0.382584 0.133562 -0.109009
-0.782343 0.130356 -0.109839
-1.19737 0.119885 -0.108184
-1.60921 0.103444 -0.10348
-1.99396 0.0826459 -0.0959745
-2.32736 0.0592538 -0.0872528
-2.59451 0.0352171 -0.0789275
-2.79304 0.0127213 -0.0717171
-2.92616 -0.00589482 -0.0661023
-2.99312 -0.0185525 -0.0623667
-2.98648 -0.0240623 -0.0602423
-2.89651 -0.022451 -0.0599205
-2.71737 -0.0147186 -0.0622747
-2.45053 -0.00235025 -0.0671141
-2.10389 0.0130038 -0.0728021
-1.68768 0.0296404 -0.0781272
-1.21301 0.0458211 -0.0829277
-0.696391 0.0597779 -0.0867632
-0.163633 0.0698189 -0.0887061
0.354494 0.0745693 -0.0884619
0.830959 0.0732033 -0.0862462
1.24738 0.0654729 -0.0817167
1.59453 0.0515463 -0.0742534
1.87112 0.0318527 -0.064082
2.08131 0.00701923 -0.0519195
2.23346 -0.0220873 -0.0380253
2.34049 -0.0541673 -0.0229517
2.4176 -0.0872939 -0.00822732
2.47616 -0.119004 0.00502991
2.51868 -0.146702 0.0168134
2.53906 -0.168099 0.02663
2.52791 -0.181485 0.0329031
2.47855 -0.185763 0.0345723
2.3892 -0.180405 0.0318456
2.26218 -0.16551 0.0253013
2.10279 -0.141995 0.0154229
1.91895 -0.111637 0.00295318
1.72079 -0.0768319 -0.0111771
1.51774 -0.0401566 -0.0264042
1.31359 -0.0039059 -0.0424322
1.10313 0.0301791 -0.0584244
0.872713 0.0608576 -0.0730194
0.604428 0.0871242 -0.0854261
0.283714 0.108034 -0.0957136
-0.0935711 0.122765 -0.10385
-0.519464 0.130746 -0.109275
-0.976285 0.131735 -0.111625
-1.44004 0.125876 -0.111154
-1.88466 0.11379 -0.108189
-2.28686 0.096597 -0.102898
-2.62971 0.0758842 -0.0959489
-2.90392 0.0536774 -0.0886169
-3.10682 0.0322996 -0.0818473
-3.23998 0.0140479 -0.0759616
-3.30603 0.000807409 -0.071478
-3.30538 -0.00624316 -0.0691601
-3.2348 -0.006783 -0.0691388
-3.08828 -0.00135179 -0.0708861
-2.85891 0.00880369 -0.0739867
-2.54161 0.0219839 -0.0781279
-2.13723 0.0363022 -0.0825201
-1.65611 0.0499115 -0.0861968
-1.11948 0.0611959 -0.0887584
-0.558667 0.068913 -0.0901555
-0.010805 0.0722414 -0.0899863
0.489052 0.0707249 -0.0876782
0.915352 0.0641414 -0.0830608
1.25595 0.0523622 -0.0761501
1.51249 0.0353352 -0.0668964
1.69767 0.0132577 -0.0556063
1.82924 -0.0131917 -0.0429729
1.92367 -0.0427196 -0.0295745
1.99303 -0.0734258 -0.0159501
2.04502 -0.102977 -0.0029436
2.08375 -0.128937 0.00851601
2.10972 -0.149127 0.0176128
2.11968 -0.161827 0.0234107
2.10778 -0.165863 0.0250513
2.06739 -0.160676 0.0224064
1.99439 -0.146452 0.0161201
1.89022 -0.124247 0.00702096
1.76185 -0.0959664 -0.00424496
1.61839 -0.0640966 -0.0170812
1.46706 -0.0312145 -0.0308052
1.31081 0.000500628 -0.044712
1.14746 0.0294865 -0.0579929
0.969109 0.0547113 -0.0697993
0.762726 0.0754572 -0.0797001
0.513722 0.0911901 -0.0878098
0.211718 0.101561 -0.0942033
-0.143826 0.106421 -0.0984451
-0.539736 0.105786 -0.100062
-0.950327 0.0997866 -0.0991194
-1.3447 0.0887124 -0.0959388
-1.69565 0.0731457 -0.0908169
-1.98506 0.0541684 -0.0843799
-2.20413 0.0334824 -0.0775731
-2.35096 0.0132753 -0.0710285
-2.42879 -0.00416878 -0.0651305
-2.44549 -0.0169237 -0.0606334
-2.4114 -0.0237392 -0.0584082
-2.33483 -0.0241564 -0.058675
-2.21751 -0.0185045 -0.0609508
-2.05309 -0.0078616 -0.064593
-1.83101 0.00606392 -0.0690603
-1.54418 0.0211906 -0.0737289
-1.19549 0.035425 -0.0778807
-0.799418 0.0470372 -0.0810423
-0.378714 0.054919 -0.0829989
0.0408133 0.0585979 -0.0833768
0.434141 0.0580145 -0.0817192
0.778994 0.0532367 -0.078013
1.05792 0.0443147 -0.0726348
1.26176 0.0313435 -0.0658516
1.39276 0.0146279 -0.057751
1.4646 -0.00522117 -0.0484619
1.49725 -0.0273227 -0.0381786
1.50892 -0.0506034 -0.0272548
1.51023 -0.0737973 -0.0164649
1.50346 -0.0953504 -0.00691493
1.48503 -0.113381 0.000471047
1.44877 -0.125878 0.00523283
1.38839 -0.131106 0.007071
1.29956 -0.128039 0.00563219
1.18143 -0.116614 0.000831963
1.03786 -0.0977293 -0.00699329
0.877938 -0.0729995 -0.0173775
0.714346 -0.0444153 -0.0297184
0.559028 -0.0140794 -0.042965
0.417997 0.015939 -0.0558964
0.288747 0.0437318 -0.0678273
0.161735 0.0677319 -0.0785863
0.0245896 0.0868849 -0.0878831
-0.133444 0.100678 -0.0951899
-0.318658 0.108989 -0.100154
-0.531525 0.111859 -0.10271
-0.765815 0.109358 -0.102864
-1.00875 0.101617 -0.100698
-1.24388 0.0889765 -0.0965354
-1.45504 0.0721402 -0.0908418
-1.62806 0.0522571 -0.0839896
-1.75189 0.0308452 -0.0762172
-1.82054 0.00955071 -0.0678875
-1.83377 -0.0100654 -0.0598607
-1.79627 -0.0265505 -0.0533674
-1.7156 -0.0385452 -0.0491492
-1.59904 -0.0449487 -0.047047
-1.45127 -0.0452315 -0.046709
-1.27335 -0.0396937 -0.0480526
-1.06384 -0.0294763 -0.0509265
-0.822328 -0.0162723 -0.0549786
-0.551982 -0.00189563 -0.0597503
-0.259684 0.0120591 -0.0645687
0.0444443 0.0243205 -0.0685552
0.347365 0.0338596 -0.0709879
0.633667 0.039819 -0.0717122
0.886595 0.04158 -0.0710076
1.09056 0.0389009 -0.0689893
1.23508 0.0319773 -0.0654689
1.3183 0.0213555 -0.0603955
1.34792 0.00774054 -0.0539503
1.33822 -0.00817527 -0.0463022
1.30457 -0.025721 -0.0378431
1.25865 -0.0440718 -0.0294647
1.2069 -0.0620364 -0.0220582
1.15218 -0.0780258 -0.0159422
1.09541 -0.0903304 -0.0111202
1.03562 -0.0975661 -0.00789315
0.970283 -0.0989691 -0.00694976
0.896985 -0.0943704 -0.00887754
0.815831 -0.0840169 -0.0136546
0.730875 -0.0684866 -0.020673
0.648662 -0.048738 -0.029201
0.574626 -0.026172 -0.038624
0.509869 -0.0025438 -0.0484192
0.450369 0.0203205 -0.0581811
0.38896 0.0408571 -0.067472
0.318011 0.0579478 -0.0756392
0.230769 0.0708849 -0.082052
0.121732 0.0792252 -0.0864172
-0.012599 0.0826828 -0.0887011
-0.172287 0.0811394 -0.0889333
-0.352506 0.0747446 -0.087263
-0.543135 0.0640205 -0.0840136
-0.73054 0.0498741 -0.0794927
-0.901208 0.0334745 -0.0738599
-1.0451 0.0160637 -0.0673671
-1.15627 -0.00115111 -0.0606909
-1.23065 -0.0169721 -0.0547301
-1.26461 -0.0301806 -0.0500189
-1.25604 -0.0396446 -0.0466555
-1.20613 -0.0445412 -0.044764
-1.1194 -0.0445402 -0.0445964
-1.00198 -0.0398557 -0.046143
-0.859108 -0.0311796 -0.0490724
-0.693491 -0.0195387 -0.0530717
-0.506177 -0.00614898 -0.0577769
-0.299576 0.00767649 -0.0624959
-0.080062 0.0205998 -0.0665454
0.141773 0.0313872 -0.0697014
0.352422 0.0390765 -0.0719073
0.537203 0.0430857 -0.0728521
0.683229 0.0432131 -0.0722301
0.782642 0.0395514 -0.0700283
0.833722 0.0323522 -0.066268
0.84002 0.0219377 -0.0609873
0.808833 0.00876924 -0.0546903
0.74962 -0.00638495 -0.0481769
0.672244 -0.0223891 -0.041774
0.585245 -0.0378799 -0.0354301
0.495227 -0.0515025 -0.0295591
0.407269 -0.0620846 -0.0250388
0.324877 -0.0686968 -0.0224522
0.249862 -0.0706593 -0.0219284
0.183052 -0.0675703 -0.0235774
0.125057 -0.0593872 -0.0274523
0.0768591 -0.0465334 -0.0331371
0.0404047 -0.0299447 -0.0399878
0.018243 -0.010981 -0.0476631
0.011841 0.00877918 -0.0558988
0.0197544 0.0277871 -0.0640851
0.0366279 0.0447256 -0.0715495
0.0534021 0.0585875 -0.0778809
0.0590382 0.0686382 -0.0826972
0.0436052 0.0743555 -0.0855764
0.00141477 0.0754158 -0.0864015
-0.0677789 0.0717311 -0.0853785
-0.160043 0.0635115 -0.0826984
-0.269163 0.0513131 -0.0784794
-0.387269 0.0360189 -0.0729618
-0.504693 0.0187457 -0.0665112
-0.610681 0.000717567 -0.059515
-0.695075 -0.0168281 -0.0525027
-0.750225 -0.0326656 -0.0462531
-0.772663 -0.0455909 -0.0414489
-0.76362 -0.0545101 -0.0382982
-0.727457 -0.0586163 -0.0367947
-0.668729 -0.0575595 -0.0370973
-0.590223 -0.0515352 -0.0392537
-0.493173 -0.0412713 -0.0428926
-0.378591 -0.0279059 -0.047575
-0.24832 -0.0127856 -0.0530351
-0.105743 0.00273288 -0.0588084
0.0437632 0.0173998 -0.0641291
0.192735 0.0301204 -0.0684505
0.332044 0.0399884 -0.0716393
0.452095 0.0463361 -0.0735681
0.544342 0.0487801 -0.0739792
0.602806 0.047233 -0.0727984
0.6256 0.0418772 -0.0701836
0.615669 0.033114 -0.0662368
0.579835 0.0215019 -0.0609883
0.526946 0.00771986 -0.054739
0.466226 -0.00740167 -0.0481419
0.406017 -0.0228238 -0.0417756
0.352776 -0.037328 -0.0358982
0.310088 -0.0496598 -0.0308131
0.278612 -0.0587059 -0.0270956
0.257071 -0.0636247 -0.0252083
0.243204 -0.0639266 -0.0252503
0.23487 -0.0595198 -0.0272061
0.231408 -0.0507212 -0.0310353
0.233887 -0.0382362 -0.036399
0.243928 -0.023126 -0.0426547
0.262059 -0.00671748 -0.0492913
0.286199 0.00958369 -0.0560724
0.311007 0.0245069 -0.0626297
0.328572 0.0370562 -0.0683586
0.32968 0.0465406 -0.0728318
0.3054 0.0525271 -0.0759125
0.249068 0.0547803 -0.0774888
0.158111 0.053248 -0.0774813
0.0352247 0.0480868 -0.0760162
-0.111794 0.0396859 -0.0733195
-0.27146 0.0286682 -0.0695705
-0.430473 0.0158604 -0.0649866
-0.575864 0.0022327 -0.059934
-0.697215 -0.0111704 -0.0548921
-0.787955 -0.0232816 -0.0503574
-0.845158 -0.0330531 -0.0468009
-0.86862 -0.0395402 -0.0445786
-0.859822 -0.0420511 -0.0438008
-0.821022 -0.0403051 -0.0444034
-0.754878 -0.0345139 -0.0463459
-0.664497 -0.0253375 -0.0495759
-0.553315 -0.0137445 -0.053808
-0.424517 -0.000849808 -0.0585056
-0.280912 0.0121903 -0.0630714
-0.126153 0.0242286 -0.0670045
0.0333501 0.0342003 -0.0700155
0.187632 0.0412611 -0.0720373
0.324484 0.0449211 -0.0730196
0.432413 0.0450719 -0.0727452
0.504174 0.0418832 -0.0709807
0.538923 0.0356483 -0.0677501
0.541468 0.0266929 -0.0633301
0.51959 0.0154039 -0.0580779
0.481735 0.00234745 -0.0523812
0.435893 -0.0116348 -0.0466232
0.389005 -0.0254633 -0.0410661
0.346255 -0.0379862 -0.0359284
0.309975 -0.0481622 -0.0316322
0.279065 -0.0551674 -0.0287488
0.250347 -0.0584104 -0.0276735
0.221453 -0.0575232 -0.0284831
0.192991 -0.052413 -0.0310074
0.167962 -0.0433776 -0.0349365
0.148944 -0.0311654 -0.0399766
0.135991 -0.0168756 -0.0459247
0.127149 -0.00173248 -0.0524925
0.120258 0.0131223 -0.0591334
0.113667 0.0267107 -0.0651927
0.105262 0.0381995 -0.0702412
0.0909048 0.0468871 -0.0741617
0.0640341 0.0522522 -0.0768912
0.0177185 0.054026 -0.0782742
-0.0516565 0.052233 -0.0782353
-0.141767 0.0471615 -0.0768457
-0.244934 0.0392677 -0.0741512
-0.351601 0.0290787 -0.0702395
-0.453785 0.0171807 -0.0655182
-0.545698 0.00430393 -0.0605987
-0.622435 -0.00859791 -0.0558884
-0.6795 -0.0204052 -0.0515394
-0.713616 -0.0300334 -0.0477691
-0.723625 -0.0366399 -0.044992
-0.710294 -0.0397255 -0.0435556
-0.674677 -0.0391334 -0.0435353
-0.616784 -0.0349997 -0.044888
-0.536078 -0.027709 -0.0475327
-0.433313 -0.017885 -0.0511512
-0.312282 -0.006388 -0.0552247
-0.179857 0.00573465 -0.059348
-0.0440954 0.0173698 -0.0632735
0.0879298 0.0274992 -0.0667128
0.211262 0.0353221 -0.0692963
0.322572 0.0402845 -0.070692
0.418398 0.0420355 -0.0706973
0.494489 0.0403979 -0.0692953
0.547327 0.035415 -0.0666859
0.575819 0.0274221 -0.0631401
0.581618 0.017035 -0.0587841
0.568279 0.00504157 -0.0537029
0.540114 -0.00772235 -0.0482112
0.501401 -0.0204438 -0.0427846
0.456328 -0.0323355 -0.037837
0.409469 -0.042603 -0.0337266
0.365619 -0.0504549 -0.030764
0.328391 -0.055204 -0.0291006
0.298791 -0.0563986 -0.0288032
0.274988 -0.0538882 -0.0300289
0.253349 -0.0478113 -0.0328917
0.230287 -0.0385526 -0.0372107
0.203652 -0.0267127 -0.0425832
0.172698 -0.0131025 -0.0485872
0.137048 0.00127004 -0.0548209
0.0957966 0.0152861 -0.0609069
0.0476013 0.0278747 -0.0665118
-0.00858707 0.038166 -0.0713135
-0.0731402 0.045571 -0.0750014
-0.145892 0.049781 -0.0773462
-0.226305 0.0507245 -0.0782659
-0.313584 0.0485228 -0.0778398
-0.406252 0.0434765 -0.076256
-0.500984 0.0360718 -0.0737394
-0.592165 0.0269654 -0.0705134
-0.673114 0.0169081 -0.066773
-0.737603 0.0066442 -0.0627279
-0.780427 -0.00314276 -0.0587047
-0.797709 -0.0118348 -0.055067
-0.78725 -0.0188808 -0.0520425
-0.748675 -0.023805 -0.0498086
-0.6835 -0.0262323 -0.0485717
-0.595116 -0.0259611 -0.0483493
-0.488503 -0.0230482 -0.0489576
-0.369353 -0.0178287 -0.0503321
-0.242922 -0.0108562 -0.052495
-0.11332 -0.00281454 -0.0552001
0.0162454 0.00554737 -0.0579614
0.142598 0.013447 -0.0603898
0.262247 0.0201092 -0.0622928
0.371623 0.0248538 -0.0635198
0.467343 0.0272002 -0.0638857
0.546367 0.026923 -0.063269
0.606048 0.0240533 -0.0617064
0.644263 0.0188431 -0.0593104
0.659805 0.0117062 -0.0561683
0.653026 0.0031618 -0.0524707
0.626278 -0.00619903 -0.0485639
0.583832 -0.015737 -0.0447276
0.531143 -0.0247978 -0.0411278
0.473587 -0.0327547 -0.0380054
0.415375 -0.0390463 -0.0356588
0.359099 -0.0432051 -0.0342718
0.305677 -0.0448771 -0.0339466
0.254666 -0.0438456 -0.0347964
0.204901 -0.0400587 -0.0368606
0.155197 -0.033655 -0.0400193
0.104965 -0.0249895 -0.0440344
0.0544157 -0.014635 -0.0486562
0.00415848 -0.00333078 -0.0536771
-0.045307 0.00811208 -0.0588457
-0.0937563 0.0189102 -0.0638072
-0.141201 0.0283724 -0.0681901
-0.187794 0.0359211 -0.0716974
-0.233901 0.041103 -0.0741435
-0.280471 0.0436245 -0.075488
-0.329012 0.0434031 -0.0757983
-0.380806 0.0405927 -0.0751219
-0.435845 0.0355525 -0.073458
-0.491958 0.0287623 -0.0708757
-0.544569 0.0207413 -0.0676002
-0.587739 0.0120169 -0.0639534
-0.615897 0.00313644 -0.0602302
-0.625009 -0.00531563 -0.0566857
-0.612929 -0.012725 -0.0535715
-0.579249 -0.0185089 -0.0510576
-0.525029 -0.0222173 -0.0492094
-0.45243 -0.0236147 -0.0481259
-0.364113 -0.0227011 -0.0479341
-0.262714 -0.0196862 -0.0486035
-0.150749 -0.0149466 -0.0499369
-0.031121 -0.00898628 -0.0517317
0.0921722 -0.00239732 -0.0538011
0.213885 0.00418248 -0.0558893
0.328274 0.0101233 -0.0577087
0.430389 0.0148583 -0.0590428
0.516849 0.0179315 -0.0597557
0.585263 0.0190361 -0.0597633
0.633282 0.0180433 -0.0590442
0.65879 0.0150188 -0.0576504
0.661176 0.010212 -0.055648
0.642401 0.00400276 -0.0530634
0.606736 -0.00316668 -0.0500215
0.559134 -0.0108183 -0.0468821
0.503371 -0.0184219 -0.0440343
0.441496 -0.0253884 -0.0416403
0.375108 -0.031115 -0.0397457
0.307054 -0.0350782 -0.0384775
0.241615 -0.0369292 -0.0379888
0.182681 -0.0365357 -0.0383832
0.131701 -0.0339438 -0.0397792
0.0876617 -0.0293014 -0.0422324
0.0489315 -0.0228182 -0.045537
0.0148949 -0.0148067 -0.0492901
-0.0138849 -0.00575551 -0.0531947
-0.0371364 0.00366904 -0.0571759
-0.0567997 0.0127258 -0.0611563
-0.0772629 0.0207448 -0.0648784
-0.103288 0.0272344 -0.0680481
-0.137281 0.0318949 -0.0704377
-0.178216 0.0345396 -0.0717852
-0.222859 0.035012 -0.0719156
-0.26784 0.0332015 -0.0710078
-0.310907 0.0291665 -0.0694409
-0.350783 0.0232524 -0.0673949
-0.386286 0.0160868 -0.0648494
-0.41572 0.00843037 -0.0618769
-0.436959 0.000974737 -0.0587042
-0.44801 -0.00577823 -0.055601
-0.447355 -0.0114968 -0.0528822
-0.433659 -0.0159136 -0.0508717
-0.405538 -0.0187495 -0.0496954
-0.362148 -0.0197559 -0.049184
-0.304189 -0.0188439 -0.0491221
-0.23436 -0.0161724 -0.0495429
-0.156934 -0.0121059 -0.0506064
-0.0766169 -0.00708232 -0.052274
0.00265026 -0.00150403 -0.0543033
0.0779555 0.00427395 -0.0564323
0.146666 0.00987178 -0.0583907
0.205681 0.0148251 -0.0599321
0.251774 0.0186279 -0.0610084
0.282806 0.0208627 -0.0616957
0.298608 0.0213135 -0.0619024
0.30082 0.0199824 -0.0614012
0.291735 0.0170214 -0.0601315
0.27303 0.0126569 -0.058263
0.24545 0.00717287 -0.0560231
0.209677 0.000950594 -0.0536291
0.167579 -0.00550414 -0.0513019
0.122524 -0.0116087 -0.0491925
0.0784795 -0.0168174 -0.0473581
0.0389532 -0.0207323 -0.0458886
0.00665238 -0.0231382 -0.0449859
-0.0163679 -0.02396 -0.0448327
-0.0287491 -0.0231976 -0.0454349
-0.0301906 -0.0208979 -0.046688
-0.0217957 -0.0171781 -0.0484905
-0.00606112 -0.0122759 -0.0506803
0.0136186 -0.00657793 -0.0530307
0.0338232 -0.000581827 -0.0554258
0.0519143 0.00520156 -0.0578685
0.0660345 0.0103407 -0.0602201
0.0744914 0.0145066 -0.062141
0.0754808 0.0174386 -0.0633849
0.0675164 0.0189205 -0.0639504
0.0503203 0.0188088 -0.0638992
0.0251598 0.0170893 -0.0632346
-0.00588873 0.0139148 -0.0620096
-0.0406474 0.00959417 -0.060364
-0.0768908 0.00454501 -0.0584102
-0.112277 -0.000776194 -0.0562235
-0.14448 -0.00593833 -0.0539724
-0.171476 -0.010554 -0.0519719
-0.191768 -0.0142594 -0.050494
-0.204159 -0.0167194 -0.0495599
-0.207364 -0.0176871 -0.0490677
-0.20003 -0.017078 -0.0490288
-0.180992 -0.0149939 -0.0495269
-0.149713 -0.0116748 -0.05057
-0.106869 -0.00742003 -0.0520727
-0.0544513 -0.00254136 -0.0538769
0.00469551 0.00263633 -0.0557704
0.0671096 0.0077543 -0.0575612
0.128774 0.0124125 -0.0591259
0.185572 0.0162046 -0.060392
0.233945 0.018784 -0.061278
0.271368 0.0199073 -0.061625
0.296645 0.0194395 -0.0612915
0.309712 0.017354 -0.0603118
0.311574 0.0137396 -0.0587927
0.304057 0.00880089 -0.0567583
