1.0258e-06 2.06395e-08 -0.023804
-0.000147982 1.09656e-06 -0.0237898
-0.00057322 4.51587e-06 -0.0237243
-0.00102951 8.8842e-06 -0.02362
-0.00134469 1.28999e-05 -0.0235505
-0.00181095 1.85197e-05 -0.0235055
-0.00280729 2.83896e-05 -0.0233874
-0.00429555 4.12911e-05 -0.0231575
-0.00570266 5.18969e-05 -0.022907
-0.00633412 5.69976e-05 -0.0228085
-0.00583773 5.75216e-05 -0.0229778
-0.00460832 5.48739e-05 -0.0233704
-0.00379053 5.01197e-05 -0.0237681
-0.0038613 4.29127e-05 -0.0239484
-0.00400409 3.4386e-05 -0.0239534
-0.00392767 3.97871e-05 -0.0239291
-0.0043536 8.17303e-05 -0.0238022
-0.00551213 0.000158427 -0.0234981
-0.00712949 0.000234483 -0.0231328
-0.00896086 0.000270633 -0.0227845
-0.0100536 0.000255114 -0.0225264
-0.00883062 0.000204659 -0.0226155
-0.00526018 0.000148089 -0.0232385
-0.00169933 0.000109849 -0.0241178
0.000277827 8.32434e-05 -0.0247292
0.00120492 3.44412e-05 -0.0248958
0.00137885 -3.87221e-05 -0.0247153
0.000806807 -8.60336e-05 -0.024276
0.000189564 -6.32325e-05 -0.0237967
0.000262426 1.00417e-05 -0.023496
0.000898234 6.65057e-05 -0.0234499
0.00145265 5.01186e-05 -0.0236077
0.00238216 -4.94804e-05 -0.0237716
0.00460049 -0.000182004 -0.0239196
0.0064399 -0.000250673 -0.024135
0.0057715 -0.000202708 -0.0241279
0.0043894 -0.000103721 -0.0237647
0.00456269 -5.9251e-05 -0.0235334
0.00577638 -0.000104748 -0.0237187
0.00679818 -0.000195421 -0.0241121
0.00613787 -0.000252199 -0.0243327
0.00409228 -0.000236972 -0.0240797
0.00382606 -0.000181367 -0.0238567
0.00577509 -0.000126481 -0.0243027
0.00649185 -7.97763e-05 -0.0247507
0.00387919 -3.16043e-05 -0.0243091
-0.00141473 1.86454e-05 -0.0233154
-0.00696373 5.64317e-05 -0.0224959
-0.00888566 7.93247e-05 -0.022176
-0.00506832 0.000106569 -0.0226788
-0.000136874 0.000150049 -0.0239081
-0.00112445 0.000192903 -0.0246312
-0.00681244 0.000186039 -0.0240683
-0.0106013 0.000102275 -0.0231825
-0.0109136 1.974e-05 -0.0228097
-0.0102355 7.47072e-05 -0.0227768
-0.00974883 0.000277423 -0.0229746
-0.00999632 0.000453465 -0.023232
-0.0109461 0.000427093 -0.0233441
-0.0097752 0.000199557 -0.0237012
-0.00522679 -5.65813e-05 -0.0244506
-0.00196452 -0.000120304 -0.0247745
-0.00503128 0.000102339 -0.0240633
-0.0130876 0.000442175 -0.0225883
-0.0187699 0.000589565 -0.0210067
-0.0179649 0.000441647 -0.0203128
-0.014748 0.000194223 -0.0208729
-0.0120277 4.91375e-05 -0.0218834
-0.0084503 2.36112e-05 -0.0229905
-0.00449735 2.3026e-05 -0.0242822
-0.00170755 -4.35223e-05 -0.0251451
-0.00118797 -0.000161952 -0.0249232
-0.00523916 -0.000191514 -0.0235506
-0.0148007 -2.06142e-05 -0.021425
-0.0254376 0.000271753 -0.0194608
-0.0288733 0.000471422 -0.0188271
-0.0222334 0.000443003 -0.0200283
-0.0119656 0.00025505 -0.0223136
-0.00477072 6.68951e-05 -0.0245296
-0.00161395 -3.20611e-05 -0.0259954
-0.000997153 -3.00429e-05 -0.0263765
-0.00155986 6.05689e-05 -0.025881
-0.00199996 0.000216251 -0.0250466
-0.00532338 0.000424231 -0.0237937
-0.0167535 0.000662368 -0.0214989
-0.0312379 0.000816278 -0.0186081
-0.0362172 0.000745513 -0.0172291
-0.0287849 0.000482078 -0.0185847
-0.0174183 0.000233028 -0.0213257
-0.00922896 0.000116696 -0.0236301
-0.00540031 3.78992e-05 -0.0250393
-0.00452335 -0.000126698 -0.0257014
-0.00476646 -0.000336189 -0.0256837
-0.00531315 -0.000416921 -0.024982
-0.0075467 -0.000238683 -0.0235946
-0.0136155 0.000161455 -0.0219825
-0.0214836 0.000551165 -0.0207676
-0.0227997 0.000641422 -0.0203382
-0.012983 0.000391432 -0.0213403
0.000381672 8.68765e-05 -0.0237901
0.00856078 -9.642e-07 -0.0261343
0.0128499 0.000103186 -0.0271984
0.0189341 0.000179185 -0.0276755
0.0262187 8.70585e-05 -0.0284069
0.0283067 -9.42763e-05 -0.0284867
0.0222499 -0.000188065 -0.0266026
0.0118058 -0.00012735 -0.0234509
0.00344769 -2.26101e-05 -0.0211436
0.00110782 -2.82508e-05 -0.0207594
0.00397033 -0.00019553 -0.0213096
0.00816387 -0.000460466 -0.0216189
0.0108018 -0.000727894 -0.0222461
0.0121692 -0.00094365 -0.0238807
0.0130022 -0.00107611 -0.0253977
0.0135502 -0.00109219 -0.0255125
0.0134463 -0.000965976 -0.0249138
0.00858969 -0.000685679 -0.0244414
-0.0060595 -0.000270916 -0.0228974
-0.0282007 0.00019408 -0.0192224
-0.0474275 0.000577395 -0.0151618
-0.0541303 0.000816501 -0.0137951
-0.047774 0.000977211 -0.016117
-0.0343302 0.0011118 -0.0204539
-0.0201979 0.00113044 -0.0250367
-0.0119443 0.000934675 -0.0289091
-0.0118943 0.000609328 -0.03072
-0.0154135 0.000414814 -0.0296722
-0.0209352 0.000621682 -0.0266909
-0.0339935 0.00127895 -0.0228928
-0.0556019 0.002059 -0.0185688
-0.0739088 0.00240962 -0.0144659
-0.0758273 0.00202294 -0.0127304
-0.0616683 0.00115741 -0.0149199
-0.0393399 0.000369205 -0.0199371
-0.0153045 -2.91057e-05 -0.0253643
0.0022749 -0.000137912 -0.0291323
0.00688379 -0.000232233 -0.0299063
0.00435339 -0.000481976 -0.0279418
0.00335079 -0.000762291 -0.0249389
-0.000733986 -0.000719195 -0.0219255
-0.0120801 -0.000222418 -0.0189841
-0.0189057 0.000331591 -0.0172952
-0.00936161 0.000396749 -0.0183729
0.0128889 -0.000110919 -0.0218877
0.0367629 -0.000773589 -0.0263843
0.055555 -0.00116388 -0.03047
0.0660818 -0.00116658 -0.0329542
0.0666688 -0.000934834 -0.0332681
0.0610037 -0.000733408 -0.0316309
0.0529911 -0.000692342 -0.0284181
0.0384411 -0.000638585 -0.0239027
0.0157692 -0.000372723 -0.0191496
-0.0028658 -6.01679e-05 -0.0162646
-0.00665517 -3.94092e-05 -0.0165951
0.000904599 -0.000377913 -0.019286
0.0115033 -0.000866976 -0.02272
0.0188954 -0.00125214 -0.0259045
0.0181979 -0.0013514 -0.0278439
0.00969753 -0.00113121 -0.0279353
-0.00233026 -0.000723712 -0.0265998
-0.0174181 -0.000252167 -0.024004
-0.0385279 0.000318636 -0.0198822
-0.0637009 0.00102088 -0.0152206
-0.0830544 0.00167996 -0.0122169
-0.0861435 0.00205709 -0.0125565
-0.07027 0.00208332 -0.0166877
-0.0408571 0.00183045 -0.0237972
-0.00628994 0.0014091 -0.031899
0.0271984 0.000955712 -0.0391354
0.0582132 0.000566181 -0.0448243
0.0881792 0.00024961 -0.0487061
0.116563 3.00737e-05 -0.0504838
0.140329 -5.0183e-05 -0.0502823
0.159605 -0.000100546 -0.0487002
0.181388 -0.000385188 -0.0470016
0.215293 -0.0010979 -0.0470947
0.266571 -0.00223797 -0.0503058
0.332348 -0.00366695 -0.0564928
0.404809 -0.00521896 -0.064373
0.478376 -0.00682615 -0.0724677
0.550775 -0.00852338 -0.0798768
0.618659 -0.0102694 -0.0858926
0.676935 -0.0118441 -0.0894727
0.721926 -0.0130096 -0.090001
0.753109 -0.013725 -0.0880453
0.77167 -0.0141544 -0.0846253
0.776351 -0.0144878 -0.0798641
0.762492 -0.0147826 -0.072797
0.726559 -0.0149312 -0.0627994
0.669148 -0.0147509 -0.05068
0.594394 -0.0141568 -0.0379937
0.505914 -0.0132406 -0.0258727
0.404152 -0.0121735 -0.0145802
0.290965 -0.0110838 -0.00437897
0.170822 -0.00995811 0.00368873
0.0476242 -0.00859761 0.00903237
-0.0800502 -0.00668752 0.012495
-0.210112 -0.00404188 0.0153262
-0.317256 -0.000872228 0.0153525
-0.386767 0.00250572 0.00748861
-0.445987 0.00609441 -0.00561923
-0.518133 0.0099789 -0.0144801
-0.597577 0.0140805 -0.0162996
-0.674227 0.0183165 -0.0139369
-0.746023 0.0227645 -0.00859995
-0.819402 0.0274418 0.000562085
-0.90255 0.0318294 0.0151949
-0.991501 0.0349046 0.0337808
-1.06503 0.0358147 0.0501207
-1.09869 0.0344121 0.0592319
-1.08511 0.0312693 0.0614466
-1.03929 0.0273024 0.0584355
-0.98418 0.0230228 0.0510938
-0.932258 0.0182438 0.0434821
-0.885005 0.0128509 0.0408021
-0.846357 0.00750255 0.0436024
-0.823192 0.00333598 0.0501634
-0.811855 0.00114746 0.0593444
-0.791845 0.000797308 0.0674014
-0.737594 0.00124948 0.06839
-0.637905 0.00137101 0.0586517
-0.497609 0.000860517 0.0386076
-0.329082 0.000288125 0.0119444
-0.150517 0.000365917 -0.0167755
0.021115 0.00136413 -0.0440737
0.17584 0.00297588 -0.0664858
0.301755 0.00458572 -0.079784
0.383095 0.00572704 -0.0817609
0.423537 0.00615055 -0.0752912
0.455956 0.0055727 -0.0678062
0.51053 0.00368465 -0.0661407
0.588914 0.000386441 -0.0714372
0.674219 -0.0041591 -0.0801516
0.748891 -0.00963326 -0.0879276
0.80193 -0.0154843 -0.0917764
0.827995 -0.0208606 -0.0905024
0.820179 -0.0249061 -0.0832517
0.76578 -0.0271329 -0.0679383
0.659558 -0.0275597 -0.0434002
0.518626 -0.0266218 -0.0136976
0.378474 -0.02488 0.0127844
0.273264 -0.0226212 0.0282204
0.213962 -0.0197496 0.0285363
0.190921 -0.0162421 0.0149445
0.192359 -0.0124612 -0.00784797
0.205945 -0.00874503 -0.0345871
0.214148 -0.00493167 -0.0594326
0.197393 -0.0004354 -0.0765675
0.139672 0.00524521 -0.0824398
0.0375741 0.0119256 -0.0767932
-0.0936693 0.0185414 -0.0624542
-0.225999 0.0237129 -0.044462
-0.332581 0.0265941 -0.028489
-0.399598 0.0271999 -0.0187817
-0.428437 0.0260467 -0.0167686
-0.429846 0.0235848 -0.020486
-0.415615 0.0199776 -0.0252428
-0.397082 0.0153734 -0.0265443
-0.388105 0.0102899 -0.0218907
-0.399372 0.00559529 -0.0102397
-0.430132 0.00201429 0.00716175
-0.467488 -0.000362521 0.0262587
-0.489802 -0.00204929 0.0421478
-0.475497 -0.00363531 0.0505111
-0.414823 -0.00527019 0.0484889
-0.31292 -0.00663528 0.0358907
-0.184978 -0.00730702 0.0150791
-0.0469359 -0.00713639 -0.00976353
0.0907594 -0.00632512 -0.0338651
0.216865 -0.00508537 -0.0535954
0.315882 -0.00338285 -0.066656
0.376458 -0.00116044 -0.0718981
0.402113 0.00128284 -0.0701703
0.41461 0.00320936 -0.0653659
0.438084 0.0038234 -0.0630301
0.480213 0.00278027 -0.0657785
0.533795 0.000307598 -0.072166
0.587447 -0.00308998 -0.0799325
0.629797 -0.00695322 -0.0869429
0.649393 -0.01091 -0.0900153
0.63811 -0.0145501 -0.0854546
0.591041 -0.0173938 -0.0716256
0.506108 -0.0190385 -0.0502407
0.394519 -0.0194068 -0.0255172
0.282328 -0.0188394 -0.00317801
0.192907 -0.0178346 0.0117377
0.134615 -0.0166391 0.0169434
0.10625 -0.0151493 0.0125136
0.101845 -0.0131224 0.000247483
0.106807 -0.0103526 -0.0159565
0.102187 -0.00675098 -0.0310662
0.076508 -0.00240273 -0.0411825
0.0265747 0.00247073 -0.0444734
-0.0480955 0.00764486 -0.0410577
-0.142116 0.0128326 -0.0329169
-0.239055 0.0174822 -0.0233159
-0.319125 0.0209006 -0.0158016
-0.372858 0.0226454 -0.0128139
-0.400769 0.0226793 -0.014498
-0.405832 0.0212563 -0.0192998
-0.3955 0.0188142 -0.0251493
-0.383719 0.0158562 -0.029347
-0.382167 0.0127663 -0.0287357
-0.393691 0.00976915 -0.0215113
-0.41645 0.00706608 -0.00848428
-0.445419 0.00484079 0.00758514
-0.467661 0.00310981 0.0228938
-0.465503 0.00168842 0.0334163
-0.42775 0.000337286 0.0361783
-0.354561 -0.00107685 0.0302034
-0.254179 -0.00251321 0.016983
-0.139369 -0.00375812 0.000100283
-0.0250992 -0.00451393 -0.0166589
0.0762827 -0.00457831 -0.0308281
0.160225 -0.00398333 -0.0411003
0.226802 -0.00296401 -0.0471594
0.275777 -0.00185471 -0.0497766
0.311117 -0.0010424 -0.0505508
0.344325 -0.000878413 -0.0516768
0.386375 -0.00151968 -0.0551894
0.438379 -0.00286999 -0.0616555
0.492305 -0.00469126 -0.0696437
0.537271 -0.00675462 -0.0765109
0.562753 -0.00888521 -0.0795786
0.56023 -0.0108942 -0.0768848
0.527106 -0.0125323 -0.0677603
0.468121 -0.0135519 -0.0532171
0.391244 -0.0138226 -0.0357087
0.305645 -0.0134319 -0.0184476
0.223556 -0.0126785 -0.00463839
0.158396 -0.0118916 0.00320128
0.118191 -0.0111835 0.00358239
0.10221 -0.0103707 -0.00351022
0.103607 -0.00914701 -0.0161528
0.112055 -0.00730234 -0.0310113
0.114745 -0.00479617 -0.0444099
0.0981859 -0.00169418 -0.0529754
0.051592 0.00192579 -0.0539596
-0.0266352 0.00596881 -0.0462236
-0.12583 0.0102121 -0.0318359
-0.227968 0.0142201 -0.0155585
-0.3135 0.0173868 -0.00226582
-0.366731 0.0191232 0.0045066
-0.381533 0.0190936 0.00303035
-0.363011 0.0173707 -0.00595392
-0.324153 0.0144379 -0.0190518
-0.282078 0.0110231 -0.0311037
-0.256794 0.00785724 -0.0367922
-0.266653 0.00547351 -0.0321831
-0.318661 0.0040819 -0.0161484
-0.403306 0.00355205 0.00874099
-0.497695 0.00353622 0.0366092
-0.573187 0.00363721 0.0598063
-0.604262 0.00350328 0.0715382
-0.577423 0.00288697 0.0684405
-0.497602 0.00174099 0.0514725
-0.384682 0.000278293 0.0253925
-0.262695 -0.00106945 -0.00299482
-0.153391 -0.00175342 -0.0272778
-0.0754857 -0.00127969 -0.0428917
-0.0415172 0.000520222 -0.0474326
-0.0500748 0.0032843 -0.041226
-0.084391 0.00622284 -0.0280185
-0.12188 0.0084966 -0.0137461
-0.141972 0.00956442 -0.00387515
-0.128457 0.00926698 -0.0020511
-0.0753256 0.00771034 -0.00968952
0.0070977 0.00513554 -0.0250079
0.0976178 0.00184835 -0.0429453
0.175587 -0.00176925 -0.057376
0.224383 -0.00519585 -0.0637172
0.231393 -0.00781359 -0.0598754
0.193589 -0.00916266 -0.0461012
0.122606 -0.00923714 -0.0249548
0.0406636 -0.00849784 -0.00145068
-0.0276619 -0.00757613 0.0178101
-0.060898 -0.00695343 0.0269534
-0.0469511 -0.00678768 0.0230722
0.0105279 -0.00691444 0.00703303
0.0946669 -0.00700875 -0.0171286
0.185208 -0.00676992 -0.0434921
0.263413 -0.00595151 -0.0658937
0.311194 -0.00431085 -0.0795966
0.315719 -0.00172257 -0.0823563
0.27935 0.00158709 -0.0750003
0.218668 0.00501334 -0.0612387
0.150918 0.00784766 -0.0456847
0.0887529 0.00956565 -0.0317557
0.0434289 0.00994111 -0.0218403
0.0207328 0.0090427 -0.017563
0.0167663 0.00713313 -0.0187041
0.0217526 0.00452161 -0.0230635
0.0262395 0.00149075 -0.0275085
0.0228075 -0.00164193 -0.0294367
0.00415392 -0.00443763 -0.0277003
-0.0327971 -0.00644046 -0.0221238
-0.0836433 -0.00738655 -0.0132578
-0.140869 -0.00727569 -0.00255379
-0.194629 -0.00632345 0.00760819
-0.231208 -0.00485993 0.0141128
-0.238489 -0.00317424 0.0143463
-0.214137 -0.00140802 0.00734845
-0.16477 0.000373949 -0.00592364
-0.0973247 0.00205341 -0.023078
-0.0176586 0.00349483 -0.0414027
0.0631702 0.00469443 -0.0581204
0.131423 0.00575927 -0.070317
0.180104 0.00669948 -0.0762341
0.210105 0.00732246 -0.0761366
0.225622 0.00731558 -0.071505
0.2332 0.00640454 -0.0641831
0.241241 0.00449084 -0.0560322
0.254819 0.00170078 -0.0487011
0.273035 -0.00169 -0.0432279
0.293434 -0.00541296 -0.039611
0.314559 -0.00926418 -0.0370103
0.332961 -0.0129882 -0.0343974
0.341214 -0.0161871 -0.0309594
0.331697 -0.0184171 -0.0258892
0.302891 -0.0193784 -0.0185638
0.260218 -0.0190219 -0.00980761
0.21159 -0.0175115 -0.00194134
0.164377 -0.0151089 0.00300339
0.123801 -0.0120631 0.00406884
0.0927544 -0.00858238 0.000749839
0.0742929 -0.00489079 -0.00741174
0.0702739 -0.00121177 -0.0202909
0.0761933 0.00232273 -0.0359487
0.0808541 0.00567866 -0.0508168
0.0717021 0.00883907 -0.0616226
0.0416066 0.0117241 -0.0664644
-0.00791288 0.014175 -0.0648166
-0.0708912 0.0160188 -0.0574688
-0.142653 0.017125 -0.0459747
-0.219279 0.0173861 -0.031951
-0.294537 0.0166953 -0.0170513
-0.359663 0.0149876 -0.00317096
-0.406555 0.0123379 0.00784187
-0.432969 0.00903608 0.0150396
-0.444455 0.00552177 0.0190729
-0.450166 0.00221964 0.0217635
-0.456779 -0.00057119 0.0247427
-0.465128 -0.00266332 0.0284516
-0.471306 -0.00390358 0.0322715
-0.471152 -0.00415079 0.0350934
-0.462562 -0.0033769 0.0356711
-0.442425 -0.00180315 0.0328746
-0.404809 0.000133808 0.0257554
-0.345063 0.00202249 0.0138324
-0.264213 0.00369237 -0.00225962
-0.16953 0.00520252 -0.0207498
-0.0718225 0.00663646 -0.0392465
0.018936 0.00790275 -0.0552174
0.0960377 0.0087368 -0.0666121
0.156023 0.00888477 -0.0722946
0.198712 0.00826439 -0.0722098
0.226881 0.00695621 -0.0675558
0.245074 0.00505277 -0.0603618
0.259144 0.00252747 -0.0525004
0.275091 -0.00071488 -0.0452774
0.296019 -0.00463949 -0.0395402
0.320581 -0.00894026 -0.0355589
0.344078 -0.0130893 -0.0329219
0.360553 -0.0165464 -0.0306987
0.365622 -0.0189669 -0.0278327
0.358136 -0.020241 -0.0237873
0.339023 -0.0203725 -0.0188595
0.309876 -0.0193667 -0.0138349
0.273492 -0.017246 -0.00973636
0.235734 -0.0141578 -0.00796176
0.205188 -0.0104301 -0.0100754
0.188533 -0.00647272 -0.0169741
0.185802 -0.00260651 -0.0282009
0.189747 0.00101724 -0.0419156
0.189776 0.0043584 -0.0553677
0.177757 0.0073817 -0.0658559
0.15052 0.0100076 -0.0715772
0.106989 0.0121436 -0.0716164
0.0441837 0.0137332 -0.0655036
-0.0398141 0.0147219 -0.0532447
-0.138042 0.0149747 -0.0363023
-0.235381 0.0143115 -0.0180692
-0.316989 0.0126657 -0.00223976
-0.374036 0.0101776 0.00893942
-0.406811 0.00714734 0.0150163
-0.423475 0.00392429 0.0172699
-0.431856 0.000829898 0.0178005
-0.433735 -0.00183163 0.0179841
-0.429279 -0.00371789 0.0182767
-0.423154 -0.00447597 0.0190877
-0.420105 -0.0039435 0.0207343
-0.416504 -0.00235864 0.0223795
-0.401523 -0.000269457 0.0219055
-0.36493 0.00182078 0.0171318
-0.302091 0.00368428 0.00693649
-0.215216 0.00529439 -0.00824407
-0.113009 0.00663023 -0.0266071
-0.00679709 0.00755356 -0.0455908
0.0948291 0.00784355 -0.0623715
0.185054 0.00739323 -0.07443
0.254764 0.00636092 -0.0800613
0.297108 0.00501753 -0.0786835
0.31554 0.00342921 -0.0713617
0.32136 0.0013921 -0.0607194
0.325021 -0.00132946 -0.0496202
0.332909 -0.00475979 -0.040179
0.348495 -0.00864706 -0.0337472
0.371862 -0.0125595 -0.0309085
0.399113 -0.0160558 -0.0312505
0.423831 -0.0188146 -0.0332469
0.438147 -0.0206183 -0.034563
0.43376 -0.0212544 -0.033119
0.405645 -0.0205246 -0.0283708
0.35715 -0.018397 -0.0215559
0.299917 -0.0151079 -0.0150096
0.246996 -0.011102 -0.011397
0.207049 -0.00688941 -0.0128192
0.183461 -0.00289789 -0.0199646
0.175035 0.000636414 -0.0319633
0.175847 0.00367984 -0.0467938
0.175395 0.00631803 -0.0614436
0.160937 0.00865834 -0.0721247
0.12177 0.0107585 -0.0754005
0.0529789 0.0125793 -0.0696918
-0.0428791 0.0139886 -0.0558835
-0.155159 0.0148029 -0.0367516
-0.26751 0.014833 -0.0160902
-0.364315 0.0139416 0.00219069
-0.435723 0.0121083 0.0152217
-0.478161 0.00946797 0.0219757
-0.493698 0.00631179 0.0232154
-0.490132 0.00306629 0.0209214
-0.478818 0.000232082 0.0176596
-0.469653 -0.00174356 0.0158406
-0.467463 -0.00259722 0.0168457
-0.471669 -0.00229935 0.0204671
-0.476538 -0.00103467 0.024982
-0.471506 0.000845271 0.0277578
-0.44458 0.00291413 0.0260655
-0.38822 0.00479324 0.0179628
-0.302307 0.00622436 0.00317417
-0.193429 0.00708056 -0.0165412
-0.0743244 0.00737245 -0.0377986
0.0384245 0.00722888 -0.0564955
0.130385 0.00680879 -0.0690787
0.193704 0.00620207 -0.0736208
0.227368 0.0053862 -0.0701085
0.236586 0.00422966 -0.0603119
0.232323 0.0025308 -0.0474366
0.227854 0.000119426 -0.0351821
0.233561 -0.00301714 -0.0264826
0.254676 -0.00668842 -0.0228554
0.291027 -0.0105533 -0.0243706
0.336559 -0.0141952 -0.0296204
0.379841 -0.017179 -0.0360055
0.407715 -0.0191186 -0.0405473
0.410692 -0.0197425 -0.0409088
0.385836 -0.0189232 -0.0363247
0.337624 -0.0167051 -0.0279293
0.276907 -0.0133455 -0.0183778
0.216993 -0.00929638 -0.0109142
0.16949 -0.00510639 -0.00835563
0.142264 -0.0012841 -0.0124381
0.138662 0.001831 -0.0234014
0.155379 0.00416095 -0.0397669
0.180386 0.00587368 -0.0582194
0.195639 0.00723806 -0.0740165
0.184585 0.00845032 -0.0824729
0.138235 0.00955948 -0.0807562
0.0570069 0.0105055 -0.0687331
-0.0493548 0.0111724 -0.0488084
-0.164355 0.0114068 -0.025263
-0.270132 0.0110172 -0.00300907
-0.351739 0.00980595 0.0138438
-0.399069 0.00767015 0.0228751
-0.409218 0.00473665 0.0237193
-0.388854 0.00142647 0.0180711
-0.352855 -0.00164118 0.00922556
-0.318456 -0.00387752 0.00115058
-0.298354 -0.00493103 -0.00280667
-0.296901 -0.00473966 -0.0012545
-0.309938 -0.00345716 0.00473395
-0.32657 -0.00137275 0.0122635
-0.33283 0.00112405 0.0176551
-0.316242 0.00356687 0.0175087
-0.269101 0.00548173 0.00984045
-0.190433 0.00653169 -0.00517494
-0.0874413 0.0066632 -0.0252719
0.0249368 0.00611721 -0.0467217
0.128218 0.00526418 -0.0652178
0.206361 0.00438229 -0.0769318
0.249966 0.00353988 -0.079461
0.257973 0.00263922 -0.072501
0.237667 0.00154228 -0.0581205
0.20289 0.000154004 -0.0402578
0.169541 -0.00157791 -0.0234947
0.150198 -0.00369435 -0.0116054
0.151421 -0.00621525 -0.00649098
0.173062 -0.00905348 -0.00796092
0.207836 -0.0119089 -0.0141381
0.24292 -0.0142714 -0.0220853
0.264702 -0.0155905 -0.0286352
0.26385 -0.0155089 -0.0313868
0.237472 -0.0139903 -0.0294466
0.189144 -0.0112835 -0.0235622
0.128381 -0.00779022 -0.0158777
0.0683747 -0.0039394 -0.00945143
0.0216313 -0.000119892 -0.00732284
-0.00402024 0.0033355 -0.0113277
-0.00732918 0.00616214 -0.021294
0.00605946 0.00821461 -0.0350718
0.0249212 0.00952329 -0.0493273
0.0361386 0.010276 -0.0605758
0.0291259 0.0107058 -0.0659965
-0.00140134 0.0109583 -0.0640125
-0.05441 0.0110225 -0.0547189
-0.122989 0.0107585 -0.0399033
-0.196829 0.0100015 -0.0224112
-0.264681 0.0086644 -0.00529725
-0.315235 0.00676219 0.00854935
-0.339999 0.00439119 0.0167881
-0.337469 0.00172149 0.0186811
-0.313537 -0.00100092 0.0155667
-0.278517 -0.0034694 0.00995549
-0.242833 -0.00536001 0.00434327
-0.213245 -0.00639053 0.000373311
-0.191916 -0.00639333 -0.00145064
-0.177426 -0.00539506 -0.00150392
-0.166083 -0.00363935 -0.000825866
-0.152521 -0.00151702 -0.000957801
-0.129722 0.000554403 -0.00355714
-0.0911288 0.00225828 -0.00989824
-0.0349111 0.00346001 -0.0203244
0.0339879 0.00417162 -0.0337941
0.106047 0.00443898 -0.0479493
0.170655 0.00428123 -0.0599193
0.21863 0.00372364 -0.0672992
0.24447 0.00284776 -0.0687148
0.248059 0.00178105 -0.0641572
0.234297 0.0006226 -0.0550631
0.210833 -0.000631928 -0.043788
0.185657 -0.00208953 -0.0327546
0.16546 -0.00385706 -0.0237967
0.154482 -0.00590477 -0.0179175
0.153935 -0.00801023 -0.0154625
0.161469 -0.00982562 -0.0161788
0.171264 -0.0110208 -0.0188877
0.176145 -0.0114051 -0.0217237
0.170756 -0.0109512 -0.0231862
0.15414 -0.00973393 -0.0228903
0.129924 -0.0078526 -0.0215744
0.103651 -0.0054149 -0.0205709
0.0799664 -0.00259662 -0.0210629
0.0619307 0.000312749 -0.0236533
0.0514854 0.00296641 -0.0283653
0.0488805 0.00510005 -0.0347382
0.051215 0.00664305 -0.0417843
0.0526912 0.00769631 -0.0480487
0.0472674 0.00838627 -0.0519933
0.0313269 0.00873134 -0.0524719
0.00423196 0.00864649 -0.0490535
-0.0324748 0.00805712 -0.0420668
-0.075326 0.0069889 -0.0324675
-0.119068 0.00555705 -0.0217765
-0.157772 0.00388763 -0.0118037
-0.186613 0.00205753 -0.00395498
-0.203127 0.000113234 0.00125069
-0.207342 -0.00185218 0.00395894
-0.201685 -0.00364422 0.00454457
-0.190158 -0.00500197 0.00355757
-0.176296 -0.00570724 0.00172682
-0.162026 -0.00568004 -0.000306479
-0.148177 -0.00498811 -0.00222508
-0.134436 -0.00378445 -0.00411318
-0.11849 -0.00224466 -0.00649763
-0.0968907 -0.000542313 -0.0102184
-0.0673683 0.00114639 -0.0159572
-0.0297848 0.00263696 -0.0237472
0.01399 0.00376002 -0.0328459
0.0593668 0.0044197 -0.0418918
0.0992394 0.00463782 -0.0492103
0.127569 0.0045133 -0.0533531
0.142334 0.00412893 -0.053698
0.144155 0.00350511 -0.0504892
0.134481 0.00261695 -0.0444198
0.116296 0.00143035 -0.0364646
0.0947484 -5.86035e-05 -0.0279437
0.0753726 -0.0017798 -0.0203834
0.0617122 -0.00357913 -0.0149964
0.0547805 -0.00526834 -0.012147
0.0532636 -0.00667831 -0.0113943
0.053533 -0.00766551 -0.0119308
0.0514681 -0.00810539 -0.01292
0.0450881 -0.00790351 -0.0137467
0.034583 -0.00701005 -0.0142014
0.0210266 -0.00544768 -0.0145039
0.00675723 -0.00335549 -0.0152176
-0.0043175 -0.00098876 -0.017062
-0.00883533 0.00136217 -0.020588
-0.00603491 0.00347086 -0.0258706
0.00255934 0.00521307 -0.0324288
0.0140712 0.00654507 -0.0392929
0.0244294 0.00746528 -0.0451527
0.0290593 0.00797824 -0.0487126
0.0246076 0.00807191 -0.0490929
0.0099416 0.00772907 -0.0460072
-0.0141459 0.00695636 -0.039799
-0.0448274 0.00578858 -0.0314104
-0.0767289 0.0042694 -0.0222184
-0.103473 0.00245336 -0.0137552
-0.120924 0.000432371 -0.00725981
-0.128386 -0.00165721 -0.00324107
-0.127157 -0.00365107 -0.00151477
-0.119531 -0.00536795 -0.00155566
-0.108847 -0.00661748 -0.00264666
-0.0985733 -0.0072288 -0.00396237
-0.0906766 -0.00710037 -0.00490815
-0.0853315 -0.00624262 -0.00544695
-0.0813271 -0.00478747 -0.00606115
-0.0757201 -0.0029614 -0.00751524
-0.0642816 -0.00102633 -0.0106251
-0.0439045 0.000793498 -0.0159594
-0.0144734 0.00235456 -0.0235282
0.0214211 0.00358225 -0.0326298
0.0593702 0.00443733 -0.0419241
0.0937637 0.00490475 -0.0497975
0.118865 0.00500154 -0.0548289
0.130702 0.0047723 -0.0560574
0.128591 0.00426732 -0.0532209
0.114972 0.00352073 -0.0469953
0.0941067 0.00253686 -0.038773
0.0711974 0.00129678 -0.0300871
0.0515777 -0.000203927 -0.022298
0.0391843 -0.00190731 -0.0165144
0.0354299 -0.00367539 -0.0133636
0.0391177 -0.00531126 -0.0127395
0.0471534 -0.00660672 -0.0138568
0.0553604 -0.00739083 -0.0156535
0.0594813 -0.00755446 -0.0171927
0.0572028 -0.00705914 -0.0179
0.0494369 -0.00594217 -0.0178041
0.0391596 -0.00431604 -0.0175633
0.029795 -0.00236079 -0.0181065
0.0246693 -0.000306714 -0.0201835
0.0260616 0.00160895 -0.0240917
0.0337924 0.00320613 -0.0295811
0.0452124 0.0044033 -0.0358859
0.0561891 0.00520707 -0.0418464
0.0619347 0.00566464 -0.046099
0.058095 0.00581735 -0.047447
0.0423592 0.00567642 -0.0453078
0.0156281 0.00522677 -0.0398934
-0.0184789 0.00445875 -0.0321017
-0.054947 0.00339536 -0.0233013
-0.0882139 0.00208425 -0.0150433
-0.113277 0.00058266 -0.00864895
-0.127504 -0.00102795 -0.00481189
-0.131507 -0.00261786 -0.00345846
-0.128066 -0.00401254 -0.0039263
-0.120597 -0.00502081 -0.00534855
-0.11226 -0.00547657 -0.00696715
-0.105381 -0.00528952 -0.00826206
-0.100944 -0.0044793 -0.00902373
-0.0982572 -0.00316946 -0.00941705
-0.0947841 -0.00155017 -0.0100159
-0.0864512 0.000165193 -0.0117276
-0.0693116 0.00177923 -0.0154528
-0.0420952 0.00313898 -0.021518
-0.00739357 0.00414305 -0.0293185
0.0296534 0.00473576 -0.0375064
0.0635027 0.00491142 -0.0445124
0.0894055 0.00472597 -0.0490076
0.104149 0.0042795 -0.0501736
0.106693 0.00366071 -0.0478608
0.098175 0.00289559 -0.0425914
0.0817597 0.00194306 -0.0353978
0.0625303 0.00074478 -0.027641
0.0461849 -0.000699623 -0.0207624
0.0366501 -0.0022862 -0.0158791
0.034669 -0.00383226 -0.0134348
0.0380897 -0.00515232 -0.0131204
0.0431329 -0.00611466 -0.014049
0.0461501 -0.00663831 -0.0151917
0.0451141 -0.00665978 -0.0159117
0.0398812 -0.00612477 -0.0161658
0.0313096 -0.00502383 -0.0162835
0.0206224 -0.00344561 -0.016666
0.0099422 -0.00159658 -0.0176856
0.00260558 0.000257004 -0.0197539
0.00156535 0.00190248 -0.0232645
0.00709507 0.00325364 -0.0282415
0.0164203 0.00431778 -0.0340335
0.0252872 0.00510522 -0.0394793
0.0295449 0.00558083 -0.0433433
0.0261814 0.00569589 -0.0446286
0.0140116 0.00545242 -0.0428264
-0.00623657 0.00492269 -0.0381309
-0.0322789 0.00419526 -0.0314018
-0.0606805 0.00330153 -0.0238351
-0.0872693 0.00220255 -0.0165578
-0.107897 0.000859037 -0.010432
-0.119943 -0.000672278 -0.00608234
-0.123488 -0.00220726 -0.00380242
-0.120557 -0.00350854 -0.00337252
-0.113602 -0.00439942 -0.00419527
-0.104761 -0.00481779 -0.0056442
-0.0954421 -0.0047824 -0.00728855
-0.0861583 -0.00432353 -0.00897159
-0.0767952 -0.00345521 -0.0107838
-0.0667149 -0.00221549 -0.0129913
-0.0546444 -0.000722402 -0.0159228
-0.0389816 0.000824906 -0.0197731
-0.0189227 0.00221696 -0.024454
0.0045992 0.00331871 -0.0296243
0.0296717 0.00408903 -0.0348686
0.0545755 0.00453056 -0.0398101
0.0774072 0.00463934 -0.0439656
0.0956829 0.00439763 -0.0466302
0.107227 0.00380104 -0.0471474
0.110945 0.0028928 -0.0452699
0.106942 0.00177078 -0.0412419
0.0966712 0.000549359 -0.0356865
0.0827949 -0.000694709 -0.0294276
0.0682134 -0.00193548 -0.0232934
0.0552491 -0.00315709 -0.0179789
0.0457867 -0.00430758 -0.0140548
0.0410567 -0.00528627 -0.011957
0.0407415 -0.00596641 -0.0117742
0.0429745 -0.00624144 -0.0131306
0.0452816 -0.00606536 -0.0153558
0.045405 -0.00545177 -0.0177201
0.0419168 -0.00444056 -0.0197073
0.0346077 -0.00308146 -0.0212159
0.0243783 -0.00145487 -0.0224448
0.0127542 0.000304282 -0.0236663
0.00145732 0.00201402 -0.0251361
-0.00789543 0.00348509 -0.0270338
-0.0143243 0.00457917 -0.0293687
-0.0181496 0.00525036 -0.0319211
-0.0209922 0.00552909 -0.0342429
-0.0249425 0.00546579 -0.0357375
-0.0319189 0.00509834 -0.0358136
-0.0433083 0.00446262 -0.034042
-0.0592862 0.00361373 -0.0303298
-0.0785925 0.00263302 -0.0250622
-0.0991521 0.00161246 -0.0189875
-0.11828 0.000619875 -0.0129443
-0.132664 -0.000322663 -0.00776479
-0.139617 -0.00121202 -0.00418657
-0.138338 -0.00201518 -0.00257618
-0.129542 -0.00265455 -0.00287201
-0.114575 -0.00303795 -0.00480078
-0.0952295 -0.0030999 -0.00795727
-0.0738353 -0.00282226 -0.0117879
-0.0526735 -0.00223468 -0.0156879
-0.0332178 -0.0014029 -0.0192009
-0.015793 -0.0004113 -0.0222084
0.000338879 0.000644663 -0.0249506
0.0163869 0.00165429 -0.0277504
0.0333955 0.00249593 -0.0307207
0.0516466 0.00306206 -0.0338171
0.0703764 0.0032866 -0.0369012
0.0881926 0.00315789 -0.0396378
0.103418 0.00271763 -0.0415586
0.114107 0.00204117 -0.0422229
0.118507 0.00120652 -0.0412986
0.116006 0.000276342 -0.0386763
0.107421 -0.000697631 -0.0346004
0.0944396 -0.00166438 -0.0296265
0.0792205 -0.00257175 -0.0244777
0.0641948 -0.00337172 -0.0199106
0.0514906 -0.00402668 -0.0165167
0.0422133 -0.00450449 -0.0145886
0.0361153 -0.00476526 -0.0141244
0.0319815 -0.00476031 -0.014838
0.0283243 -0.00444719 -0.0162709
0.0238831 -0.00380917 -0.0180254
0.0180047 -0.00287145 -0.0198669
0.0106663 -0.00170405 -0.0216606
0.00213821 -0.000406553 -0.0233293
-0.00707993 0.000912029 -0.0248755
-0.0160041 0.00214543 -0.0263884
-0.023396 0.00320014 -0.0279897
-0.0286076 0.0040066 -0.0296947
-0.0322493 0.00452378 -0.0312773
-0.0360142 0.00473699 -0.0322958
-0.0415946 0.0046535 -0.0322799
-0.0497426 0.00430199 -0.030959
-0.0603055 0.00373351 -0.0283601
-0.0725059 0.00301155 -0.0247466
-0.0849241 0.00219154 -0.0205606
-0.0957941 0.00130784 -0.0163799
-0.103444 0.00038218 -0.0127809
-0.106387 -0.000552846 -0.0101989
-0.103679 -0.00143318 -0.00888535
-0.0955473 -0.00216542 -0.00886389
-0.0833909 -0.00265542 -0.00990867
-0.068901 -0.00284582 -0.0116546
-0.0532361 -0.00273518 -0.0137799
-0.0370151 -0.00236329 -0.0161096
-0.020546 -0.00178297 -0.0186033
-0.00395829 -0.00104888 -0.021284
0.0126827 -0.000226744 -0.0241385
0.0293808 0.000598232 -0.0271085
0.046196 0.00132895 -0.0301393
0.0630868 0.00187819 -0.0331328
0.0794476 0.00219357 -0.0359018
0.0936826 0.00226639 -0.0381623
0.103913 0.00211289 -0.0395397
0.109347 0.00174979 -0.0397423
0.110482 0.00119505 -0.0387676
0.108018 0.000485735 -0.0368338
0.102134 -0.000317348 -0.0341667
0.0928799 -0.00114751 -0.0309452
0.0807953 -0.00195247 -0.0273959
0.067134 -0.00269383 -0.0238411
0.0537614 -0.00332895 -0.020674
0.0423476 -0.0037989 -0.0182812
0.0333202 -0.00404083 -0.0168909
0.0258353 -0.00401795 -0.01649
0.0189902 -0.00374105 -0.0168895
0.012964 -0.00325569 -0.0178759
0.00851842 -0.00260032 -0.0193597
0.00564749 -0.00178166 -0.0213102
0.00346925 -0.000804538 -0.0235594
0.000928846 0.000276932 -0.0258106
-0.0028972 0.00135036 -0.0277524
-0.00848807 0.00229044 -0.0291061
-0.0154689 0.00301795 -0.0297151
-0.0228605 0.00352149 -0.0296507
-0.0299678 0.00382332 -0.0291585
-0.0366216 0.00392083 -0.0284534
-0.0425835 0.00376248 -0.0275947
-0.0475136 0.00329248 -0.0265233
-0.0514896 0.00252822 -0.0251512
-0.0549801 0.00158951 -0.0234493
-0.0583785 0.000644291 -0.0214504
-0.0618451 -0.000179386 -0.0191955
-0.0655155 -0.000840902 -0.0167561
-0.0692613 -0.00136534 -0.0142677
-0.0720675 -0.00178045 -0.0119741
-0.0722773 -0.00206576 -0.0103123
-0.0685874 -0.00215981 -0.00979643
-0.0605423 -0.00202079 -0.0107027
-0.0484311 -0.00167597 -0.0129109
-0.0333661 -0.00120684 -0.0160165
-0.0171374 -0.000689596 -0.0195254
-0.00130281 -0.000151038 -0.0230339
0.0132605 0.000423641 -0.0263093
0.0257548 0.00104202 -0.0291742
0.0351661 0.00165939 -0.0313794
0.0409994 0.00217707 -0.0326908
0.0437526 0.00249118 -0.0330676
0.0443506 0.00255392 -0.0327077
0.0436374 0.00238858 -0.0319418
0.042284 0.00204706 -0.0310553
0.040573 0.00156028 -0.0301203
0.0382301 0.000933615 -0.029017
0.0347448 0.000183914 -0.0276039
0.0299254 -0.000626163 -0.0258332
0.0238944 -0.00138898 -0.0238037
0.016836 -0.0019952 -0.0217239
0.00930527 -0.00239111 -0.0198148
0.0024761 -0.00259484 -0.0182861
-0.0024773 -0.00265243 -0.0173441
-0.00517623 -0.00258157 -0.0171374
-0.0058285 -0.00236111 -0.0176932
-0.0045138 -0.00196808 -0.0189593
-0.00128279 -0.00141754 -0.0208404
0.00323389 -0.000768929 -0.0231158
0.00786313 -9.87863e-05 -0.0254141
0.0115264 0.000532371 -0.0273737
0.013542 0.0010935 -0.0288168
0.0136783 0.00156894 -0.0297382
0.012264 0.0019332 -0.0301749
0.00982591 0.00214394 -0.0301236
0.00662058 0.00215981 -0.0295724
0.00262709 0.00196621 -0.0285925
-0.00214851 0.00158616 -0.0273002
-0.0072604 0.00106865 -0.0257853
-0.0119779 0.000470517 -0.0241806
-0.0159978 -0.000154313 -0.0226325
-0.0196807 -0.00075637 -0.0211451
-0.0236013 -0.00128716 -0.0196065
-0.0279583 -0.00169918 -0.0179973
-0.0321319 -0.00195358 -0.016515
-0.0348134 -0.0020282 -0.0154973
-0.0348797 -0.00192068 -0.0152271
-0.0319916 -0.00165111 -0.0158022
-0.0262783 -0.00126033 -0.0172012
-0.0178707 -0.000797045 -0.01938
-0.00688567 -0.000300197 -0.0222153
0.00609326 0.000211262 -0.0254463
0.0194801 0.000731225 -0.0286862
0.0311581 0.00124317 -0.0314483
0.0397694 0.00170339 -0.0333105
0.045123 0.00205234 -0.0341377
0.0475337 0.00224337 -0.034038
0.0474896 0.0022576 -0.0331844
0.0457138 0.00209429 -0.0318055
0.0434088 0.00175029 -0.0302174
0.0418179 0.00121901 -0.0287641
