-3.83657e-06 -1.84136e-16 -0.0101799
-7.11205e-05 -2.0432e-06 -0.0101774
-0.000218638 -7.52827e-06 -0.0101679
-0.000327084 -1.28279e-05 -0.0101503
-0.000399225 -1.7125e-05 -0.0101282
-0.00056454 -2.50166e-05 -0.0101008
-0.000905789 -3.94887e-05 -0.0100568
-0.00134644 -5.74273e-05 -0.00998355
-0.00167351 -7.02397e-05 -0.0098829
-0.00172215 -7.34813e-05 -0.0097759
-0.00144887 -6.91774e-05 -0.00968884
-0.00104278 -6.15666e-05 -0.00963101
-0.000880939 -5.61436e-05 -0.00958844
-0.000961459 -5.06548e-05 -0.00954548
-0.000957008 -4.04367e-05 -0.00951257
-0.00093458 -4.45302e-05 -0.0095212
-0.0011647 -9.23519e-05 -0.00959019
-0.0016539 -0.000180954 -0.00970157
-0.00233306 -0.000271467 -0.00980462
-0.00305022 -0.000319679 -0.00984647
-0.0033371 -0.000305404 -0.00981681
-0.00269596 -0.00024092 -0.00976448
-0.00140472 -0.000164038 -0.00975605
-0.00043831 -0.000116074 -0.0098105
-1.83971e-05 -8.92639e-05 -0.00987983
0.000279143 -3.52665e-05 -0.0099029
0.000479202 4.79006e-05 -0.00988553
0.000480028 0.00010141 -0.00990656
0.000334245 7.61589e-05 -0.0100318
0.000265113 -4.99716e-06 -0.0102478
0.00025237 -6.92681e-05 -0.010479
0.000106811 -5.96869e-05 -0.010639
0.000337897 4.61854e-05 -0.0106795
0.00133869 0.000203732 -0.0106526
0.00197326 0.000286446 -0.010674
0.00148035 0.000223415 -0.0107739
0.00103808 0.000110344 -0.0108633
0.00132642 7.1127e-05 -0.0108618
0.00189466 0.000128876 -0.0107812
0.00222851 0.000229371 -0.0106749
0.0018111 0.000283025 -0.0105699
0.00121661 0.000259686 -0.0104787
0.00144821 0.000208133 -0.010444
0.00194694 0.000155149 -0.0104838
0.00182387 9.87839e-05 -0.0105197
0.00100132 4.0071e-05 -0.0104677
-0.00058619 -2.75156e-05 -0.0103301
-0.00241393 -8.88651e-05 -0.0101501
-0.00281597 -0.000113746 -0.00998295
-0.00110921 -0.000114665 -0.00990415
0.000303729 -0.00014574 -0.00991423
-0.000739945 -0.000215532 -0.00987922
-0.00263601 -0.000233853 -0.00966521
-0.00324193 -0.000139935 -0.00930601
-0.0027358 -3.22705e-05 -0.00900232
-0.00225002 -7.96731e-05 -0.00894935
-0.00236113 -0.000302995 -0.00913222
-0.00292841 -0.000506203 -0.00931218
-0.00339375 -0.000486337 -0.00929344
-0.00284051 -0.00023592 -0.0091294
-0.00118503 6.05157e-05 -0.00901553
-0.000106701 0.000144596 -0.00912485
-0.0015691 -0.000116602 -0.00948656
-0.00494186 -0.000533333 -0.00986468
-0.00656664 -0.000707899 -0.00994318
-0.00533699 -0.000514957 -0.00971267
-0.00394417 -0.000227726 -0.00944203
-0.00315075 -7.15224e-05 -0.00931651
-0.00216188 -3.82169e-05 -0.00932741
-0.00127399 -3.66289e-05 -0.00937847
-0.000529279 3.67384e-05 -0.00934127
8.83965e-05 0.000179886 -0.00916369
-0.000612124 0.000218337 -0.00896819
-0.00359445 6.62547e-06 -0.00892051
-0.00736543 -0.000354125 -0.00901293
-0.00856164 -0.000584174 -0.0090872
-0.00617285 -0.000520349 -0.00904416
-0.00274979 -0.000277183 -0.00894047
-0.000743713 -6.1768e-05 -0.00887765
-0.000313742 3.73689e-05 -0.00888919
-0.000408981 3.01026e-05 -0.0089783
-0.000534775 -6.56306e-05 -0.00916775
-0.000583821 -0.000228783 -0.00947058
-0.00197079 -0.000464358 -0.00981147
-0.00627086 -0.000773499 -0.0100245
-0.0109331 -0.000994298 -0.0099656
-0.0117806 -0.000917341 -0.0096477
-0.00872058 -0.000589421 -0.0092489
-0.00484688 -0.000279049 -0.00894195
-0.00209776 -0.000129778 -0.00872646
-0.000752669 -3.43997e-05 -0.0084709
-0.00027307 0.000147242 -0.00812883
2.69441e-05 0.000380355 -0.00782328
0.000315358 0.000479419 -0.00774167
-0.000144118 0.000293006 -0.00801882
-0.00278441 -0.000170399 -0.00863843
-0.00676923 -0.000656625 -0.00932692
-0.00765869 -0.00077303 -0.00973665
-0.00384254 -0.000446539 -0.00987916
0.000332301 -7.22131e-05 -0.0100983
0.00179635 1.31031e-05 -0.0105701
0.00238964 -0.000110009 -0.011138
0.00445131 -0.000168846 -0.0116248
0.00677133 -4.37199e-05 -0.0119918
0.00703353 0.000146975 -0.0122338
0.00519702 0.000227582 -0.0123464
0.0024286 0.000140631 -0.0124017
-1.50383e-05 1.59106e-06 -0.0124768
-0.00106458 -1.34914e-05 -0.0124729
0.000164593 0.000179733 -0.0121846
0.00298751 0.000516273 -0.0115844
0.00501694 0.000839909 -0.0109111
0.00522661 0.00106304 -0.0103723
0.00501456 0.00119196 -0.00992964
0.00598788 0.00123361 -0.0095244
0.00697873 0.00113195 -0.00929164
0.00477849 0.000805503 -0.00933721
-0.00160289 0.000271353 -0.00945485
-0.00936042 -0.000314459 -0.00930729
-0.0146587 -0.000759408 -0.00882387
-0.015833 -0.00100218 -0.00826571
-0.0138466 -0.00114572 -0.00788846
-0.0099727 -0.00125378 -0.00767064
-0.00576963 -0.00123404 -0.00742105
-0.0039637 -0.00101799 -0.00700696
-0.00455063 -0.000688646 -0.00646133
-0.00481277 -0.000465782 -0.00602703
-0.0053505 -0.000660768 -0.00607994
-0.00995606 -0.00141247 -0.0067497
-0.01862 -0.00237035 -0.00758284
-0.024866 -0.00282528 -0.00787005
-0.0238103 -0.00237302 -0.00740067
-0.0177183 -0.00135692 -0.00668872
-0.010265 -0.000441352 -0.00637943
-0.00298629 4.21132e-05 -0.00664417
0.00194417 0.000191716 -0.00719343
0.00293351 0.000286603 -0.00763904
0.00286853 0.000557887 -0.00784601
0.00400831 0.000901346 -0.00809408
0.00275478 0.00085432 -0.00884122
-0.00261763 0.000231532 -0.010188
-0.00675242 -0.000448163 -0.0116467
-0.00445542 -0.000507032 -0.0126116
0.00305124 0.000126596 -0.0129967
0.010932 0.000923286 -0.0132153
0.0164022 0.00138531 -0.0136403
0.0186719 0.00139378 -0.0143235
0.0176379 0.00111266 -0.0150713
0.0153406 0.000859088 -0.0155534
0.0135881 0.000814633 -0.0155556
0.0101348 0.000750632 -0.0152355
0.00324448 0.000395283 -0.0148791
-0.00287576 -1.82456e-05 -0.0144426
-0.00380971 -4.65505e-05 -0.0136273
-0.000176029 0.000374659 -0.0123371
0.00499349 0.000978109 -0.0107848
0.00865177 0.00144921 -0.00927493
0.00886386 0.001565 -0.00805933
0.00613722 0.00129995 -0.0072591
0.00211101 0.000822733 -0.00678033
-0.00285159 0.000277207 -0.00643111
-0.00964982 -0.000388251 -0.00617136
-0.0180577 -0.00122217 -0.00604848
-0.024909 -0.00200381 -0.00598005
-0.0262585 -0.00241872 -0.00586164
-0.0211621 -0.00238587 -0.00575672
-0.0119272 -0.00201986 -0.00579262
-0.00131875 -0.00146499 -0.00607956
0.00878281 -0.000884782 -0.00681169
0.0177007 -0.00039589 -0.00821238
0.0260485 6.57394e-06 -0.0103846
0.0338153 0.000302614 -0.0133679
0.0394517 0.000413932 -0.0171538
0.0429492 0.00045169 -0.0215191
0.047412 0.000749302 -0.0260868
0.0563889 0.00156087 -0.0306292
0.0714547 0.00289872 -0.0351523
0.0912528 0.00459664 -0.0397309
0.112973 0.00644165 -0.0443992
0.135086 0.00835073 -0.049119
0.157098 0.0103676 -0.0538129
0.177772 0.0124358 -0.0584821
0.195326 0.0142963 -0.0632529
0.208423 0.0156751 -0.0682345
0.216506 0.0165156 -0.0733262
0.219809 0.0169942 -0.07815
0.218452 0.0173274 -0.0820995
0.212116 0.0175929 -0.0845106
0.200507 0.017688 -0.0849212
0.183606 0.0174119 -0.0831588
0.162481 0.0166727 -0.0791247
0.138367 0.0155811 -0.0725817
0.111806 0.0143277 -0.0632596
0.0837061 0.0130641 -0.0511483
0.0545545 0.0117789 -0.0366639
0.0246154 0.010251 -0.0205905
-0.00762305 0.0081158 -0.00380585
-0.0409002 0.00517673 0.0128642
-0.0654935 0.0017844 0.0283918
-0.0821031 -0.00178069 0.0416176
-0.103124 -0.0057499 0.051928
-0.130733 -0.0101544 0.0594803
-0.160783 -0.0147799 0.0644818
-0.191315 -0.01956 0.0666993
-0.222501 -0.0246 0.0659406
-0.255941 -0.0299393 0.0628387
-0.29121 -0.0349871 0.0590627
-0.324659 -0.0385907 0.0564084
-0.349629 -0.0398073 0.0558661
-0.357861 -0.0383902 0.0576738
-0.345215 -0.0348527 0.0614049
-0.318859 -0.0302737 0.0659762
-0.291396 -0.0254121 0.0705607
-0.265964 -0.0200486 0.0753039
-0.23871 -0.01393 0.0802876
-0.213049 -0.00786353 0.0843677
-0.196565 -0.00325522 0.0857415
-0.189266 -0.00095458 0.0832522
-0.183622 -0.000673602 0.0768881
-0.170932 -0.00116759 0.0674923
-0.147207 -0.00118276 0.0561137
-0.113597 -0.000467529 0.0432464
-0.0735396 0.00028391 0.0287162
-0.032631 0.000236659 0.0122583
0.00355302 -0.000943245 -0.00589359
0.0337625 -0.00285001 -0.0246501
0.0579216 -0.00470546 -0.0423312
0.0722862 -0.00603809 -0.0575653
0.0775898 -0.0066573 -0.069836
0.0840209 -0.00620676 -0.0791566
0.100777 -0.00426608 -0.0855234
0.128509 -0.000690647 -0.0887731
0.162106 0.00436234 -0.0887354
0.19609 0.0105648 -0.0855088
0.226151 0.0172935 -0.0798735
0.248191 0.023511 -0.0733156
0.257285 0.0281312 -0.0671913
0.248369 0.0305192 -0.0619129
0.221094 0.0307232 -0.0570792
0.181726 0.0293537 -0.052084
0.141594 0.0272053 -0.0465939
0.111381 0.0247372 -0.0408136
0.0925264 0.0217977 -0.0352821
0.0812083 0.0182142 -0.030209
0.0756039 0.0143334 -0.0252642
0.0733141 0.0105127 -0.0201977
0.0694173 0.00656337 -0.0153287
0.0575247 0.00184349 -0.0113749
0.0315404 -0.00423893 -0.00893225
-0.00991591 -0.0115341 -0.00787654
-0.0601838 -0.0188636 -0.0071499
-0.107316 -0.0246437 -0.00536217
-0.141302 -0.0278852 -0.00175673
-0.158752 -0.0285898 0.00343475
-0.162282 -0.0273382 0.00953507
-0.15629 -0.0246191 0.0161738
-0.142822 -0.020561 0.0233883
-0.124289 -0.0153334 0.0310532
-0.106957 -0.00963313 0.0383987
-0.0968816 -0.00453555 0.0441734
-0.0959218 -0.000853156 0.0473175
-0.101236 0.0013876 0.0475482
-0.105167 0.0028983 0.0453283
-0.0994267 0.00445441 0.0412507
-0.0811333 0.00621439 0.0354548
-0.0532448 0.00771947 0.0276193
-0.021854 0.00838285 0.017479
0.00876393 0.008006 0.00533254
0.0382435 0.00690581 -0.00798616
0.0646855 0.00539078 -0.0216665
0.0828328 0.00338657 -0.03525
0.0886305 0.000758519 -0.0483134
0.0844963 -0.00219067 -0.0601252
0.0797047 -0.00459567 -0.0697621
0.0824822 -0.00551495 -0.0764478
0.0952108 -0.00451883 -0.079774
0.115894 -0.00179792 -0.0797962
0.139882 0.00210196 -0.0770276
0.161837 0.00661566 -0.0721824
0.177448 0.0112478 -0.0658745
0.185009 0.0154831 -0.0586506
0.182548 0.0187394 -0.0511496
0.166839 0.02052 -0.0440351
0.139844 0.0207968 -0.0376861
0.11006 0.0201062 -0.0320038
0.0856091 0.0191129 -0.0266552
0.0692534 0.0180777 -0.0215334
0.0602473 0.0167945 -0.016909
0.0562519 0.0149103 -0.0131526
0.0526069 0.0121415 -0.0104463
0.0439845 0.00837477 -0.00870343
0.0279097 0.00374781 -0.00761143
0.00449046 -0.0014402 -0.00678926
-0.0262515 -0.00696162 -0.00599662
-0.0628588 -0.0125745 -0.00503217
-0.099035 -0.0176808 -0.00343191
-0.126942 -0.0214632 -0.000597154
-0.143408 -0.0234048 0.00380607
-0.148737 -0.0234331 0.0097253
-0.143766 -0.0217695 0.0167642
-0.131849 -0.0189107 0.0241799
-0.119208 -0.0155232 0.0310985
-0.11005 -0.0121181 0.0368899
-0.104849 -0.00894889 0.0411936
-0.103877 -0.00622597 0.0436558
-0.107111 -0.00412341 0.0439422
-0.110987 -0.00257145 0.0419942
-0.109458 -0.00127148 0.0380447
-0.0987065 5.35249e-05 0.0324001
-0.079115 0.00148003 0.0253281
-0.0532326 0.00289848 0.017113
-0.0240994 0.00407074 0.00802723
0.00412513 0.00468978 -0.00175232
0.0273636 0.0045481 -0.012046
0.0447846 0.00371705 -0.0225045
0.0573327 0.00246862 -0.0326316
0.065099 0.00111108 -0.0419021
0.069645 2.29101e-05 -0.0498029
0.0755426 -0.000369707 -0.0559202
0.0868274 0.000186455 -0.0600938
0.103444 0.00163744 -0.0624284
0.122275 0.00373019 -0.0631317
0.139707 0.00618747 -0.0623827
0.152261 0.00875144 -0.0603566
0.156848 0.0111304 -0.0572984
0.152335 0.013007 -0.0535203
0.139944 0.0141352 -0.0493225
0.121564 0.0144277 -0.044889
0.0994442 0.0140305 -0.0401922
0.0775373 0.0133212 -0.035009
0.0608354 0.0126985 -0.0291717
0.0518834 0.0122649 -0.0228857
0.0493493 0.0117475 -0.0167499
0.0502822 0.0107593 -0.0114308
0.0513654 0.00906077 -0.00735924
0.0486485 0.00660109 -0.00467807
0.0379082 0.00342647 -0.00328836
0.0162306 -0.000411233 -0.00289195
-0.0154625 -0.00481561 -0.00309083
-0.0527808 -0.0095299 -0.00346878
-0.0898264 -0.0140584 -0.00352767
-0.119628 -0.0176755 -0.00262047
-0.136181 -0.0196507 -0.00013503
-0.137477 -0.019578 0.00416782
-0.126044 -0.0175618 0.00998478
-0.106904 -0.0141902 0.0165629
-0.085982 -0.0103309 0.0229587
-0.0703912 -0.00687015 0.0283301
-0.066898 -0.00446176 0.032165
-0.0780983 -0.00332709 0.0343962
-0.100741 -0.00323406 0.0353182
-0.127247 -0.00369281 0.0353109
-0.148814 -0.00420178 0.0346208
-0.157743 -0.00435603 0.033383
-0.149674 -0.00388592 0.0317149
-0.126233 -0.00276846 0.029691
-0.0937336 -0.00126921 0.0272599
-0.059291 0.000142144 0.0241896
-0.0295585 0.000863371 0.0200475
-0.0111633 0.00029599 0.0143793
-0.00860456 -0.00182358 0.00713109
-0.0204064 -0.00511628 -0.00109162
-0.0396644 -0.0086673 -0.00924589
-0.0583617 -0.0114936 -0.0163032
-0.0692885 -0.012923 -0.0215592
-0.0665715 -0.0126823 -0.0247365
-0.0484839 -0.0108379 -0.0259355
-0.0193284 -0.00769919 -0.0254445
0.0138511 -0.00368789 -0.0235697
0.0449352 0.000706476 -0.0207048
0.0680792 0.00483518 -0.0175238
0.0773396 0.00793706 -0.0148894
0.0702455 0.00948977 -0.0133894
0.0508791 0.00957369 -0.0129758
0.0273228 0.00880897 -0.0131313
0.00748746 0.00793962 -0.0133358
-0.00211588 0.00749868 -0.013337
0.00222699 0.00765342 -0.0131798
0.0190215 0.00819101 -0.0131467
0.0424444 0.00870601 -0.013588
0.0664679 0.00885073 -0.0147394
0.0861161 0.00835268 -0.0167506
0.0956466 0.00688638 -0.0198075
0.0902767 0.00421744 -0.0239942
0.0710456 0.000562705 -0.0289952
0.0442866 -0.00336678 -0.0340406
0.0163632 -0.00673667 -0.0381179
-0.0073163 -0.0089005 -0.0402627
-0.0218485 -0.00951697 -0.0398471
-0.0254706 -0.00862081 -0.0367555
-0.0202815 -0.00653097 -0.0312872
-0.0101215 -0.00364223 -0.0238938
0.00198085 -0.000305311 -0.015094
0.0131926 0.00309935 -0.00564046
0.0190223 0.00603051 0.00342245
0.0166019 0.00796264 0.0110672
0.00670615 0.00865625 0.0166513
-0.00830642 0.00816496 0.0199636
-0.025109 0.00675674 0.0210741
-0.0390871 0.00482099 0.0201919
-0.0459504 0.00269653 0.0175351
-0.0449983 0.000526704 0.0132798
-0.0384072 -0.00164459 0.00767065
-0.0271703 -0.00365955 0.00112092
-0.0116895 -0.00532075 -0.00593822
0.00483907 -0.00664189 -0.0132521
0.0181672 -0.00780037 -0.0206721
0.0265847 -0.00884211 -0.027953
0.0307689 -0.00956596 -0.0346905
0.0323897 -0.00962267 -0.0403776
0.0340822 -0.00866929 -0.0445086
0.0391731 -0.00652834 -0.046762
0.0490231 -0.0033034 -0.0471519
0.062087 0.000672472 -0.0459643
0.0767917 0.00506778 -0.0435081
0.0927596 0.00964957 -0.0400285
0.108576 0.0141162 -0.0359026
0.120304 0.0179747 -0.0317146
0.124005 0.0206955 -0.0280173
0.119178 0.0219694 -0.0251128
0.10786 0.0217796 -0.0230783
0.0921449 0.0203045 -0.0218447
0.0744203 0.0178258 -0.0211929
0.0570969 0.0146267 -0.0208166
0.0416599 0.0109397 -0.020468
0.0293874 0.00702106 -0.0200145
0.0210439 0.00313322 -0.0193853
0.0157791 -0.000576022 -0.0185184
0.010892 -0.0040928 -0.0173639
0.00256845 -0.00745776 -0.0159069
-0.0114051 -0.0106344 -0.0141201
-0.0298392 -0.0134409 -0.0119102
-0.0502951 -0.0156542 -0.00915227
-0.0714457 -0.0171151 -0.00571203
-0.092221 -0.0176897 -0.00141772
-0.110423 -0.0172297 0.00390928
-0.12298 -0.01563 0.0103111
-0.127647 -0.0129548 0.0175331
-0.124861 -0.00953687 0.0250257
-0.117706 -0.00589236 0.0321468
-0.109984 -0.00250807 0.0383608
-0.104276 0.000289429 0.0432684
-0.101202 0.0023103 0.046526
-0.099863 0.00340749 0.0477823
-0.0994533 0.00343238 0.0467281
-0.099951 0.00233733 0.0432675
-0.10025 0.000364002 0.0376691
-0.0973879 -0.00197297 0.0304964
-0.0887403 -0.00418484 0.0223232
-0.0738644 -0.0060706 0.0134969
-0.0548055 -0.00771051 0.00416078
-0.0348941 -0.00923168 -0.00551919
-0.0166314 -0.0105568 -0.0151496
-0.00102266 -0.0113984 -0.0241326
0.0118582 -0.0114737 -0.0318943
0.0225076 -0.010684 -0.0381107
0.0315359 -0.00911541 -0.04274
0.0396312 -0.00687283 -0.0458195
0.0484901 -0.00390927 -0.0472585
0.0604124 -8.41339e-05 -0.0469018
0.0762599 0.00457695 -0.0448083
0.0945778 0.00971333 -0.0414309
0.112345 0.0147004 -0.0375141
0.126341 0.0188994 -0.0337873
0.134619 0.0219087 -0.0307133
0.136767 0.0236067 -0.0284746
0.132912 0.0239982 -0.027116
0.12325 0.0230855 -0.026644
0.108554 0.0208943 -0.0270077
0.0910012 0.0175987 -0.0280228
0.0740573 0.0135843 -0.029346
0.0608062 0.00932649 -0.0305618
0.0520156 0.00518055 -0.0313307
0.0456551 0.00128708 -0.0314621
0.0386265 -0.0023418 -0.0308679
0.0289626 -0.00568127 -0.0294924
0.0163537 -0.00864215 -0.0272913
0.000851144 -0.0111263 -0.0242297
-0.0186408 -0.0130965 -0.020243
-0.0427063 -0.0145091 -0.015194
-0.0686019 -0.015178 -0.00892811
-0.0915227 -0.0148437 -0.00142923
-0.107317 -0.0133878 0.00706121
-0.113895 -0.0109406 0.0160621
-0.112597 -0.00785028 0.0249799
-0.107231 -0.00454826 0.0332442
-0.100714 -0.00140806 0.0403304
-0.0937693 0.00125315 0.0456779
-0.0871865 0.00307327 0.0486675
-0.0837001 0.00364821 0.0487841
-0.085395 0.00278537 0.0458922
-0.0905218 0.000772671 0.0403794
-0.0944652 -0.00174441 0.0329513
-0.0929432 -0.00418982 0.0242509
-0.0839 -0.0063122 0.0146929
-0.0676164 -0.00808595 0.0045754
-0.0465105 -0.00949929 -0.00574796
-0.0235954 -0.0104127 -0.0157744
-0.000246634 -0.0105679 -0.0249122
0.0225896 -0.00983621 -0.0327392
0.0418015 -0.00844331 -0.0391987
0.0544373 -0.00675348 -0.0444188
0.0615611 -0.00483802 -0.0483611
0.0670831 -0.0024208 -0.050758
0.0743988 0.00080514 -0.0513543
0.0852228 0.00489536 -0.0501519
0.099858 0.00957804 -0.0475136
0.117031 0.0143491 -0.0440923
0.134142 0.0186672 -0.0405865
0.148462 0.0221298 -0.0374686
0.157594 0.024476 -0.0349447
0.158931 0.0254593 -0.0331531
0.150218 0.0248442 -0.0322541
0.132124 0.0226036 -0.0322754
0.108965 0.0190428 -0.0329791
0.085786 0.0146843 -0.0339239
0.0659498 0.010089 -0.0346042
0.0511519 0.00572358 -0.0345825
0.0417436 0.00185686 -0.033626
0.0361507 -0.00147255 -0.0317507
0.0310481 -0.00437796 -0.0290956
0.0227788 -0.00700582 -0.025752
0.00865932 -0.00944959 -0.0217167
-0.0124979 -0.0116958 -0.0169435
-0.0401018 -0.0136145 -0.0113802
-0.0709003 -0.0149745 -0.00497445
-0.0995843 -0.0154936 0.00230067
-0.121456 -0.0149545 0.0103744
-0.134093 -0.013307 0.0190195
-0.137014 -0.0106986 0.0278433
-0.131417 -0.00746642 0.0362944
-0.120667 -0.00411783 0.0436813
-0.10951 -0.0012471 0.0492684
-0.101863 0.0006407 0.0524616
-0.0995146 0.00127964 0.0529473
-0.102372 0.000668652 0.0507004
-0.108583 -0.000969538 0.0459404
-0.114289 -0.00323147 0.0390919
-0.114843 -0.00563306 0.0306902
-0.10725 -0.0077593 0.0212632
-0.0909856 -0.0093317 0.0113002
-0.0673381 -0.0101966 0.00127265
-0.0395112 -0.0103532 -0.0084025
-0.0121495 -0.0099598 -0.0174227
0.0106224 -0.00922876 -0.0255803
0.026626 -0.00829986 -0.0326864
0.0357287 -0.0071794 -0.0385193
0.0396415 -0.00572732 -0.0428185
0.0418064 -0.00368744 -0.0453254
0.0462262 -0.000813405 -0.0458842
0.0557968 0.0029578 -0.0445708
0.0715734 0.00743233 -0.0417518
0.0925733 0.0122084 -0.0380248
0.115844 0.0167656 -0.0340975
0.136704 0.0205466 -0.0306484
0.150162 0.023062 -0.0281889
0.152926 0.0239971 -0.0269905
0.14405 0.0232313 -0.0271058
0.125152 0.0208472 -0.0283942
0.100112 0.0171605 -0.0304964
0.0738823 0.0126878 -0.0328493
0.0510489 0.00803867 -0.0347984
0.0349877 0.00378202 -0.0357629
0.0275842 0.000319391 -0.0354016
0.0281396 -0.00223732 -0.0337119
0.0326311 -0.00408688 -0.0309662
0.0351632 -0.0055787 -0.0274928
0.0307638 -0.00699244 -0.0235043
0.0169279 -0.00843156 -0.0190839
-0.00612824 -0.00984748 -0.0142493
-0.0353465 -0.0110776 -0.00899362
-0.0657262 -0.0118766 -0.00329124
-0.0920213 -0.0119577 0.00290446
-0.109799 -0.0110499 0.00963056
-0.115957 -0.00901548 0.0167978
-0.109856 -0.00600271 0.0240365
-0.0945205 -0.00252026 0.0306479
-0.0760612 0.000688299 0.0357763
-0.0610092 0.00293683 0.038729
-0.0535575 0.00384747 0.039187
-0.0547849 0.00338586 0.0371748
-0.0631519 0.00174626 0.0329238
-0.074918 -0.000740148 0.0267962
-0.0851892 -0.00363914 0.0192818
-0.0894397 -0.0064354 0.0110019
-0.0843646 -0.00858834 0.00266316
-0.0684681 -0.0096834 -0.00509984
-0.043135 -0.0096263 -0.0119405
-0.0130112 -0.00869626 -0.0178789
0.015667 -0.00736538 -0.0231376
0.0375986 -0.00602012 -0.0278652
0.0500486 -0.00479487 -0.0319789
0.0531353 -0.0035975 -0.0352226
0.0493373 -0.00224669 -0.0373428
0.0428021 -0.000577247 -0.0382121
0.0380252 0.00152988 -0.0378225
0.0384125 0.00415074 -0.0362112
0.0457868 0.007306 -0.0334386
0.060001 0.0108741 -0.029691
0.0782371 0.0144747 -0.0254144
0.0953836 0.0174841 -0.0212938
0.106104 0.0192513 -0.0180297
0.106944 0.0193699 -0.0160686
0.0969904 0.0178073 -0.0154735
0.0777893 0.0148501 -0.015979
0.0530533 0.0109579 -0.0171544
0.0276157 0.00662183 -0.0185659
0.00585845 0.00228733 -0.0198458
-0.00930877 -0.00165851 -0.0206573
-0.0167245 -0.00489424 -0.0206668
-0.017277 -0.00723615 -0.0196334
-0.0140695 -0.00872935 -0.0175532
-0.0114243 -0.00963002 -0.0146833
-0.0130711 -0.0102525 -0.0113899
-0.0208742 -0.0107917 -0.00795038
-0.0345313 -0.0112332 -0.00445526
-0.0518966 -0.0113858 -0.000836045
-0.0698402 -0.0110132 0.0030325
-0.0848909 -0.00996593 0.00720348
-0.0936258 -0.00822196 0.0115638
-0.0940202 -0.00588032 0.0158438
-0.0863715 -0.00314885 0.0197113
-0.0729524 -0.00031972 0.0228457
-0.0573817 0.00225384 0.0249353
-0.0433813 0.00420703 0.0256505
-0.0335534 0.00522962 0.0246685
-0.0289361 0.00513738 0.0217893
-0.0289986 0.00395918 0.0170821
-0.0321347 0.00196088 0.0109235
-0.0359971 -0.000428138 0.00389884
-0.0374455 -0.00272874 -0.00335683
-0.0334812 -0.00455437 -0.0103269
-0.0230561 -0.00573205 -0.0167079
-0.00763081 -0.00628006 -0.0223456
0.0100619 -0.00627109 -0.0270994
0.0271488 -0.00575791 -0.0308119
0.0409812 -0.00480949 -0.0333907
0.0498086 -0.00354841 -0.0348728
0.0534212 -0.00212189 -0.0354022
0.052961 -0.000624989 -0.0351441
0.0503269 0.000968628 -0.0341827
0.0477319 0.00279756 -0.0324792
0.0472521 0.00499458 -0.0299668
0.050193 0.00753026 -0.0267373
0.0564651 0.010145 -0.0231521
0.0642998 0.0124242 -0.0197417
0.0710465 0.0139748 -0.0169595
0.074328 0.0145748 -0.0150159
0.0726233 0.0141907 -0.0139141
0.0657939 0.0129057 -0.0135945
0.0550505 0.0108341 -0.014029
0.0421251 0.00809567 -0.0151812
0.0286687 0.00488446 -0.0168741
0.016285 0.00152953 -0.0187238
0.0065828 -0.00156347 -0.0202433
0.000500121 -0.00407925 -0.0210504
-0.00253578 -0.0059348 -0.0210137
-0.00442985 -0.0072589 -0.0202191
-0.00720786 -0.00821565 -0.018797
-0.0118742 -0.00883822 -0.016779
-0.0183931 -0.00903086 -0.0141084
-0.0262459 -0.0087005 -0.0107606
-0.0345465 -0.00785569 -0.00684511
-0.0421361 -0.00660076 -0.00261139
-0.0478555 -0.00505929 0.00164402
-0.0507019 -0.00330602 0.00569633
-0.0499813 -0.00138242 0.0094094
-0.0457593 0.000613247 0.0126184
-0.0393794 0.00245603 0.0150298
-0.0329306 0.0038414 0.0162816
-0.0279631 0.00452528 0.0161125
-0.0250101 0.00442861 0.0144775
-0.0240206 0.003632 0.0115375
-0.0245018 0.00230339 0.00756503
-0.0252731 0.000637918 0.0028513
-0.0249018 -0.00116948 -0.00233124
-0.022417 -0.0029239 -0.00770411
-0.0173333 -0.00441821 -0.0129433
-0.00954727 -0.00545658 -0.0176984
6.90944e-05 -0.00593471 -0.0216821
0.00947803 -0.00589998 -0.0247482
0.0168724 -0.00548789 -0.0268778
0.0216678 -0.00480237 -0.0281003
0.0239236 -0.0038734 -0.0284285
0.0239007 -0.00267791 -0.0278379
0.0224544 -0.00116974 -0.0262943
0.0211437 0.000674855 -0.0238376
0.0212918 0.00278936 -0.0206671
0.0232579 0.00499537 -0.0171181
0.0268175 0.00707295 -0.0135397
0.031286 0.00882595 -0.0102197
0.035124 0.0100779 -0.00740412
0.0366036 0.0106728 -0.00531079
0.0349481 0.0105054 -0.00410574
0.0302486 0.00952928 -0.00388503
0.0228717 0.00777075 -0.00465039
0.0137433 0.00538293 -0.006259
0.00462259 0.00265739 -0.0084168
-0.0027947 -7.29177e-05 -0.0107669
-0.00778148 -0.00255277 -0.0130033
-0.0104563 -0.00464219 -0.014913
-0.0113524 -0.00628752 -0.016353
-0.0113759 -0.00748512 -0.0172239
-0.0117107 -0.00824766 -0.0174502
-0.0132843 -0.00857187 -0.016967
-0.0164066 -0.00844165 -0.0157348
-0.0209531 -0.00786132 -0.0137717
-0.0263066 -0.00685866 -0.0111567
-0.0309769 -0.00545619 -0.00801334
-0.033195 -0.00368469 -0.00451865
-0.0321871 -0.0016352 -0.000913422
-0.0283425 0.000534907 0.00252494
-0.0225208 0.00263589 0.00551152
-0.0158809 0.00445932 0.00775732
-0.00994241 0.00578485 0.00899162
-0.00605057 0.00641978 0.00902069
-0.00478794 0.00625782 0.00777816
-0.00610314 0.00531537 0.0053417
-0.00945832 0.00373618 0.00192922
-0.0134969 0.00177215 -0.00212588
-0.0162189 -0.000276527 -0.0064439
-0.0160694 -0.00215314 -0.0106919
-0.012677 -0.00370011 -0.014631
-0.00658381 -0.0048397 -0.0180879
0.00121211 -0.00553307 -0.0209179
0.00927845 -0.00577635 -0.0230183
0.0158555 -0.00561399 -0.0243517
0.0196695 -0.00511873 -0.024931
0.020561 -0.00435341 -0.0247965
0.0191622 -0.00335345 -0.0240098
0.0164475 -0.00211836 -0.0226279
0.0138389 -0.000612815 -0.0206802
0.0129523 0.00118723 -0.0182153
0.0147245 0.00322366 -0.0153838
0.019013 0.00533286 -0.0124559
0.024851 0.0072803 -0.0097552
0.0309149 0.00882266 -0.00757888
0.0356257 0.00976053 -0.00615085
0.0373737 0.00996217 -0.00560228
0.0354144 0.00938323 -0.00596414
0.0302574 0.00807487 -0.00717672
0.0230465 0.00616923 -0.00910422
0.0150629 0.00386717 -0.0115287
0.00780133 0.0014304 -0.0141447
0.00263509 -0.000863947 -0.0166039
6.64749e-05 -0.00280557 -0.0186075
-0.000407583 -0.00430131 -0.0199753
0.000102833 -0.0053606 -0.0206328
0.000273681 -0.00604195 -0.0205566
-0.00113078 -0.00640115 -0.0197398
-0.00482457 -0.0064598 -0.018183
-0.0105564 -0.00619838 -0.0159018
-0.0172989 -0.00559053 -0.0129584
-0.0237612 -0.00464273 -0.00949102
-0.02862 -0.00338952 -0.00569951
-0.0307201 -0.00187897 -0.00181023
-0.029621 -0.000196098 0.00193335
-0.0259327 0.00150735 0.00526325
-0.0209138 0.00302601 0.0078932
-0.015996 0.00413919 0.00954366
-0.0125071 0.00465665 0.00998885
-0.0113592 0.00447617 0.00912957
-0.0127722 0.0036211 0.00704404
-0.0161768 0.00223161 0.00396884
-0.0202728 0.000522259 0.000223618
-0.0232601 -0.00126512 -0.003867
-0.0234947 -0.00290645 -0.00801491
-0.0202766 -0.00423161 -0.0119684
-0.0141047 -0.00513313 -0.0154935
-0.00620378 -0.00555668 -0.0183816
0.00203954 -0.00550527 -0.0204995
0.00927269 -0.00505603 -0.0218318
0.0144099 -0.00433869 -0.0224618
0.0169122 -0.00346636 -0.0224931
0.0168885 -0.00247414 -0.0219758
0.0151805 -0.00131052 -0.0208937
0.0133386 0.000107642 -0.0192297
0.0130061 0.00180074 -0.0170599
0.0150058 0.00366019 -0.0145995
0.0189895 0.00547326 -0.0121473
0.0237674 0.00701598 -0.00997041
0.027926 0.00812768 -0.00823116
0.0303378 0.0087141 -0.00701524
0.0303558 0.00870756 -0.00640564
0.0277675 0.00805173 -0.00649954
0.0226584 0.0067368 -0.00733808
0.0154834 0.00485963 -0.00881132
0.00742583 0.00265442 -0.0106367
0.000309421 0.000432437 -0.012464
-0.00439074 -0.00155515 -0.014033
-0.00646775 -0.00320892 -0.0152386
-0.0067856 -0.00454033 -0.0160599
-0.00652203 -0.00556463 -0.0164559
-0.00671399 -0.00624796 -0.0163351
-0.008011 -0.00654081 -0.015609
-0.0106101 -0.00644583 -0.0142741
-0.01444 -0.0060416 -0.0124445
-0.0192408 -0.00542333 -0.0102879
-0.0243667 -0.0046168 -0.00791383
-0.0285954 -0.00355974 -0.00533141
-0.030477 -0.00218535 -0.00254212
-0.0293533 -0.000547424 0.000317426
-0.0259064 0.00113737 0.00294481
-0.0214307 0.00258918 0.00499279
-0.0170096 0.00360586 0.00621809
-0.0133646 0.00411905 0.00653124
-0.0108757 0.00415187 0.00594257
-0.00966239 0.00373848 0.00448455
-0.00968977 0.00288967 0.0021888
-0.0107166 0.00163927 -0.000863745
-0.0120878 0.000112926 -0.0044726
-0.0127086 -0.00146384 -0.00830813
-0.0116039 -0.00284833 -0.0120015
-0.0085723 -0.0038872 -0.0152742
-0.00404697 -0.00454086 -0.0179964
0.00140442 -0.0048224 -0.0201382
0.00717072 -0.00474007 -0.0216807
0.0126272 -0.00428651 -0.0225762
0.0172648 -0.00346462 -0.0227862
0.0206799 -0.00232702 -0.0223465
0.0225797 -0.00098504 -0.021385
0.0230114 0.000435875 -0.0200644
0.0225371 0.00185774 -0.0185036
0.0219236 0.00325956 -0.0167563
0.0217825 0.00462725 -0.014868
0.0225125 0.00590437 -0.0129457
0.0241294 0.00697853 -0.0111727
0.0261053 0.00770539 -0.00975859
0.0275916 0.00796265 -0.00885973
0.0277883 0.00769728 -0.00852426
0.0261807 0.00692449 -0.00870671
0.0225586 0.00568826 -0.00933215
0.0169698 0.00404144 -0.0103264
0.00983581 0.00207422 -0.0115782
0.00196403 -5.55965e-05 -0.012898
-0.00564381 -0.00213418 -0.014034
-0.0119948 -0.0039387 -0.0147345
-0.0164002 -0.0053054 -0.0148286
-0.018826 -0.0061819 -0.0142783
-0.0198561 -0.00660893 -0.0131538
-0.0202425 -0.0066496 -0.0115593
-0.0206524 -0.00634952 -0.00958713
-0.0215885 -0.0057492 -0.00732792
-0.0232253 -0.00490615 -0.00490292
-0.0254626 -0.0039058 -0.00247876
-0.0280892 -0.00284833 -0.000236862
-0.030558 -0.00180426 0.0016843
-0.0319156 -0.000787401 0.00321342
-0.0314481 0.000205878 0.00431282
-0.0290865 0.00113862 0.00492963
-0.0252081 0.00192237 0.00498073
-0.0203885 0.00245107 0.00437627
-0.0153017 0.00264585 0.00306249
-0.0106684 0.002478 0.00105943
-0.00701025 0.00197273 -0.00152769
-0.00447831 0.00119925 -0.00453534
-0.0028937 0.000248619 -0.00779147
-0.00186309 -0.000776457 -0.0111315
-0.000802287 -0.00175352 -0.0143687
0.00104599 -0.00254189 -0.0172886
0.00413367 -0.00301948 -0.019698
0.00834007 -0.0031192 -0.0214726
0.0132865 -0.00283464 -0.0225674
0.0184581 -0.00221723 -0.0230101
0.0231122 -0.00135901 -0.0228798
0.0265079 -0.000354898 -0.0222675
0.0283323 0.00072341 -0.0212553
0.0286992 0.00182099 -0.0199264
0.027902 0.00288388 -0.0183788
0.026344 0.00385751 -0.016722
0.0245255 0.00469322 -0.0150605
0.0229525 0.00535551 -0.0134783
0.0218771 0.0058137 -0.0120429
0.0210862 0.00602298 -0.0108202
0.0201076 0.00592698 -0.00987289
0.0184883 0.00547842 -0.00925031
0.0158567 0.00465799 -0.00897868
0.012051 0.00349292 -0.0090446
0.00722016 0.00206343 -0.00937953
0.00169782 0.000484102 -0.00986934
-0.0041038 -0.00112038 -0.0103844
-0.0096176 -0.00262666 -0.0108055
-0.0142212 -0.00392415 -0.0110384
-0.0175473 -0.00493133 -0.011017
-0.0196855 -0.00560261 -0.0106971
-0.0211058 -0.00592498 -0.0100497
-0.0222738 -0.00590863 -0.00906825
-0.0234106 -0.00558416 -0.00778805
-0.0245844 -0.00500695 -0.00629164
-0.0257479 -0.0042461 -0.00468841
-0.0266582 -0.0033598 -0.00308624
-0.0269947 -0.00238316 -0.00157532
-0.0264607 -0.0013385 -0.000231574
-0.0247445 -0.000258682 0.000862245
-0.0217129 0.000787508 0.00159685
-0.0176642 0.00169317 0.00184369
-0.0132568 0.00234643 0.00149534
-0.00909265 0.00267725 0.000509059
-0.00545445 0.00268144 -0.00108119
-0.00241152 0.00240105 -0.00319137
5.36702e-05 0.00189085 -0.00571891
0.00201637 0.00120719 -0.00854416
0.00367674 0.000420617 -0.0115146
0.0053566 -0.000374196 -0.0144453
0.00739348 -0.00106891 -0.0171417
0.0100743 -0.00156536 -0.0194336
0.0133944 -0.00180634 -0.021206
0.0168413 -0.00179024 -0.022405
0.0198074 -0.00154361 -0.0230123
0.0221389 -0.00108556 -0.0230293
0.0240145 -0.000433013 -0.0224956
0.0254693 0.000371974 -0.0215015
0.0262599 0.00125778 -0.0201657
0.0261501 0.00214831 -0.0185994
0.0251303 0.00298754 -0.0168908
0.0234821 0.00373843 -0.0151192
0.0217122 0.00436199 -0.0133809
0.0201832 0.00479883 -0.0117975
0.0187695 0.00497797 -0.0104898
0.0169668 0.00485254 -0.0095299
0.0144772 0.00443283 -0.00891303
0.0116181 0.00377833 -0.00858968
0.00884159 0.00294156 -0.00853349
0.00610605 0.00192931 -0.00876176
0.00309208 0.000741692 -0.00927616
-0.000394474 -0.000563529 -0.00999306
-0.00436217 -0.00186178 -0.0107402
-0.00857611 -0.0030101 -0.0113206
-0.0125366 -0.00391126 -0.0115967
-0.0157629 -0.0045444 -0.011537
-0.0181656 -0.00493461 -0.011182
-0.0198692 -0.0050844 -0.0105584
-0.0207598 -0.00493659 -0.00963136
-0.0205787 -0.00442438 -0.00835822
-0.0193691 -0.00356537 -0.00679348
-0.0175959 -0.0024966 -0.00512547
-0.0158157 -0.00140941 -0.00359931
-0.0143803 -0.00044784 -0.00240023
-0.0134914 0.00034111 -0.00159211
-0.0131316 0.000984114 -0.0011429
-0.0128946 0.00151623 -0.00101092
-0.0123091 0.00191871 -0.00122298
-0.0112347 0.00212019 -0.00186242
-0.00970485 0.00206968 -0.00296912
-0.0076463 0.00179776 -0.00446459
-0.00507094 0.00139538 -0.00618331
-0.00227497 0.000942523 -0.00797043
0.000376687 0.00046256 -0.00975207
0.00260351 -6.67469e-05 -0.0115231
0.00414008 -0.000660111 -0.0132697
0.00480372 -0.00127273 -0.0148974
0.00477736 -0.0017941 -0.0162351
0.00456421 -0.00210308 -0.0171187
0.00455659 -0.00214374 -0.0174837
0.00485858 -0.0019442 -0.0173796
0.00545075 -0.00156458 -0.0168966
0.00634651 -0.00103826 -0.01609
0.00749085 -0.000369146 -0.0149781
0.00868545 0.000424243 -0.0136002
0.00972344 0.00127297 -0.0120668
0.0103394 0.00205721 -0.0105586
0.0102073 0.00265238 -0.00926305
0.00928852 0.00299936 -0.00829043
0.00799395 0.00312571 -0.0076501
0.00678936 0.0030902 -0.00730812
0.00575945 0.0029139 -0.00725342
0.00476778 0.00257238 -0.0075064
0.00380738 0.0020424 -0.00807919
0.00295828 0.00134369 -0.00893371
0.00219648 0.000543234 -0.00996753
0.00141636 -0.000273384 -0.0110403
0.000537001 -0.00103771 -0.0120284
-0.000559539 -0.00171621 -0.0128619
-0.0019531 -0.00229398 -0.0135074
-0.00345925 -0.00274089 -0.0139214
-0.00471945 -0.00300416 -0.0140337
-0.00549113 -0.00303414 -0.0137819
-0.00583 -0.00281643 -0.013156
-0.00590091 -0.0023802 -0.0122054
-0.00565489 -0.0017785 -0.0110203
-0.00498817 -0.00107216 -0.00971378
-0.00404142 -0.000323905 -0.00840123
-0.00312642 0.000407032 -0.0071772
-0.0025203 0.00106463 -0.00611391
-0.00237864 0.00159478 -0.00527928
-0.00263904 0.0019536 -0.004745
-0.00300401 0.00211769 -0.00457087
-0.0031697 0.00208541 -0.00477918
-0.00298647 0.00187808 -0.00534404
-0.00240797 0.00153872 -0.00620668
-0.00139369 0.00111844 -0.00730173
0.000147493 0.000659449 -0.00857498
0.00216537 0.0001817 -0.00998708
0.00420927 -0.000314663 -0.0114954
0.00570965 -0.000819259 -0.0130237
0.00648776 -0.00128514 -0.0144581
0.00670178 -0.00164468 -0.0156803
0.00653258 -0.00184625 -0.0166004
0.00618841 -0.00186788 -0.0171649
0.00591662 -0.00170603 -0.0173455
0.00611421 -0.0013528 -0.017133
0.00709703 -0.000796878 -0.0165418
