-4.99373e-07 -4.01681e-09 -0.0403818
-0.00019305 -8.28114e-07 -0.0403799
-0.000887999 -6.11161e-06 -0.0403815
-0.00197664 -1.92002e-05 -0.0404157
-0.00305018 -3.68236e-05 -0.0404902
-0.00418725 -5.52309e-05 -0.0405451
-0.00613082 -7.81344e-05 -0.0405482
-0.00936416 -0.000110174 -0.0405676
-0.0132439 -0.000150578 -0.0406706
-0.0163022 -0.000194809 -0.0408314
-0.0172666 -0.000235537 -0.040932
-0.0160847 -0.000258142 -0.0408282
-0.0142473 -0.000248305 -0.0404705
-0.0133299 -0.000216728 -0.0400264
-0.0133684 -0.000204064 -0.0398203
-0.0138217 -0.000261508 -0.0399642
-0.0149989 -0.000424803 -0.0402191
-0.0171708 -0.000668455 -0.040384
-0.0197455 -0.000886587 -0.0404529
-0.0220968 -0.000973091 -0.0404433
-0.0235746 -0.000918762 -0.0404577
-0.0224816 -0.000795298 -0.0406128
-0.0173665 -0.000664959 -0.0407043
-0.00979033 -0.00053603 -0.0403652
-0.00315587 -0.000380295 -0.0396891
0.000598379 -0.000167137 -0.0392627
0.00147506 7.27719e-05 -0.0394077
0.000409276 0.000213018 -0.0399276
-0.00117897 0.000148641 -0.040569
-0.00137812 -5.26397e-05 -0.0410477
0.00133314 -0.000174957 -0.0410492
0.00645482 -3.97138e-05 -0.0406516
0.0119728 0.000328464 -0.0402852
0.016874 0.000722721 -0.0402492
0.020469 0.00091964 -0.0403808
0.0207185 0.000829382 -0.0403883
0.0174971 0.000568288 -0.0404979
0.0143734 0.000396735 -0.0409537
0.0147532 0.000486643 -0.0412826
0.0179275 0.000755032 -0.0410475
0.0192921 0.000971058 -0.0404652
0.0163215 0.00096347 -0.0399644
0.0130531 0.00074983 -0.0399782
0.013493 0.000488963 -0.0405157
0.0140639 0.000282986 -0.040879
0.00925614 0.000125544 -0.0406706
-6.4827e-05 1.41889e-05 -0.0402496
-0.00953307 -6.72894e-05 -0.0400973
-0.0160191 -0.000219158 -0.0405371
-0.0165347 -0.000488777 -0.0413846
-0.0116394 -0.00073163 -0.0415969
-0.00884246 -0.000768518 -0.0403635
-0.0136553 -0.00059102 -0.0387626
-0.0226946 -0.000343733 -0.0387009
-0.0303938 -0.000270734 -0.0400953
-0.0351914 -0.000602484 -0.0413679
-0.037499 -0.00124479 -0.0417676
-0.0374885 -0.00170116 -0.0411812
-0.0344567 -0.00152385 -0.0398591
-0.0270291 -0.000798169 -0.0389611
-0.0174878 -9.5312e-05 -0.0392076
-0.0124557 8.70348e-06 -0.0397599
-0.0163443 -0.000589712 -0.0397755
-0.0279922 -0.00141228 -0.0398027
-0.040734 -0.00181198 -0.040734
-0.0460446 -0.00152973 -0.0422716
-0.041763 -0.000863004 -0.0429956
-0.0326389 -0.000324699 -0.0420341
-0.0225186 -0.000110627 -0.0402382
-0.0125859 4.5606e-08 -0.0389365
-0.00622562 0.000229551 -0.0387307
-0.00856423 0.000485819 -0.0397158
-0.0212628 0.000462427 -0.0411555
-0.0406912 -2.03824e-05 -0.0418962
-0.0592482 -0.00078461 -0.0419509
-0.0679446 -0.00140348 -0.0422979
-0.0621525 -0.00152893 -0.0429645
-0.0452474 -0.00114745 -0.0425663
-0.0254366 -0.000562465 -0.0404506
-0.0107181 -0.000143124 -0.0379217
-0.00516799 -0.000101084 -0.0365943
-0.00762711 -0.00045754 -0.0371564
-0.0140884 -0.00110612 -0.0392487
-0.0242602 -0.00184539 -0.0412667
-0.0416115 -0.00242047 -0.0417039
-0.0625284 -0.00261732 -0.0411498
-0.073787 -0.00233714 -0.0414159
-0.0674624 -0.00170833 -0.0425697
-0.0510002 -0.00107757 -0.0428146
-0.0364256 -0.0006477 -0.0414114
-0.0279527 -0.000234718 -0.0393882
-0.0238219 0.000383048 -0.0379962
-0.0235342 0.000999238 -0.0381469
-0.0289923 0.00109849 -0.039897
-0.0394457 0.000402063 -0.0418099
-0.0496174 -0.000780174 -0.0423048
-0.0545534 -0.00174732 -0.0415764
-0.0506966 -0.00196821 -0.0411103
-0.0340025 -0.0014567 -0.0413994
-0.00616681 -0.000715965 -0.0410568
0.021294 -0.000332804 -0.0390931
0.0388109 -0.00045246 -0.0369206
0.050582 -0.000644714 -0.0364212
0.0636954 -0.0004246 -0.0374628
0.072509 0.000156125 -0.038695
0.0664705 0.000610728 -0.0394887
0.0483183 0.000678048 -0.040108
0.0333587 0.00061166 -0.0408746
0.029626 0.000790218 -0.0420627
0.0301191 0.00131484 -0.0435892
0.028255 0.00207178 -0.0443786
0.0290116 0.00295524 -0.0434766
0.0364958 0.00380473 -0.0415045
0.0413888 0.00430846 -0.0400968
0.0344385 0.00419877 -0.0403098
0.0209639 0.00350045 -0.041638
0.0075645 0.00244936 -0.042506
-0.0137005 0.00120044 -0.0420958
-0.0522761 -0.00018356 -0.0415242
-0.0978511 -0.0015616 -0.0423217
-0.127213 -0.00277854 -0.0441997
-0.12979 -0.00380942 -0.0452349
-0.113191 -0.00459177 -0.0437141
-0.0877533 -0.00478967 -0.0395408
-0.0621862 -0.00412904 -0.034368
-0.0491659 -0.00305917 -0.0309566
-0.0584035 -0.00265782 -0.0316796
-0.0860796 -0.00365983 -0.0359037
-0.12107 -0.00575081 -0.040036
-0.15658 -0.00775973 -0.0418604
-0.185012 -0.00841237 -0.042563
-0.191233 -0.00714812 -0.0435179
-0.165215 -0.0045723 -0.0438135
-0.115499 -0.00205915 -0.0421534
-0.0622143 -0.000564495 -0.0392116
-0.022235 0.000124418 -0.0364944
-0.00343425 0.000792767 -0.0351771
-0.00301241 0.00171329 -0.0367672
-0.0107112 0.00238916 -0.0411536
-0.0191256 0.00218322 -0.0448229
-0.0246202 0.00105652 -0.0450169
-0.0196177 -0.000148212 -0.0435626
0.00479599 -0.000286128 -0.0431724
0.0487859 0.000976111 -0.0431721
0.101801 0.00281208 -0.0417364
0.149787 0.00407791 -0.0388238
0.181966 0.00430539 -0.0355856
0.193911 0.00386012 -0.0337182
0.186265 0.00334781 -0.0350581
0.160976 0.00301162 -0.0394492
0.121521 0.00264733 -0.0437452
0.0774022 0.00204931 -0.0452361
0.0434469 0.00147064 -0.0448273
0.0283428 0.00147178 -0.0446147
0.02797 0.00228086 -0.0446464
0.0327728 0.0035037 -0.043965
0.0344829 0.00447728 -0.0422687
0.0263827 0.00468219 -0.0398248
0.00564716 0.00395146 -0.0378776
-0.0260561 0.00250007 -0.0381715
-0.067931 0.000627769 -0.0406147
-0.11962 -0.00155634 -0.0431428
-0.173314 -0.00393706 -0.0442788
-0.213513 -0.00612768 -0.0442094
-0.225928 -0.00765049 -0.0434831
-0.204152 -0.00824428 -0.0419728
-0.15207 -0.00792255 -0.0391085
-0.0814777 -0.0069205 -0.0345818
-0.00379121 -0.00560398 -0.029229
0.0754687 -0.00429783 -0.0250694
0.154252 -0.00319698 -0.0236728
0.231591 -0.00237937 -0.0247904
0.308666 -0.00170701 -0.0268608
0.390004 -0.000709913 -0.0284583
0.484305 0.00123556 -0.0294157
0.602619 0.00451708 -0.0304588
0.752154 0.00909205 -0.0316231
0.930441 0.014626 -0.0318919
1.12671 0.0207603 -0.0305064
1.32936 0.0273048 -0.0280269
1.53038 0.0341989 -0.0260243
1.72197 0.0411842 -0.0257434
1.89373 0.0476168 -0.0272969
2.03794 0.0528533 -0.0300465
2.155 0.0567918 -0.0332279
2.24807 0.0598837 -0.0364339
2.31127 0.0626412 -0.0397612
2.32781 0.0651559 -0.0435306
2.28146 0.0669962 -0.048118
2.16649 0.0675292 -0.0538195
1.98647 0.0663885 -0.0605546
1.74627 0.0637119 -0.0676642
1.4491 0.0599692 -0.0738935
1.10268 0.0555372 -0.0780464
0.72044 0.0503454 -0.079765
0.314552 0.0437619 -0.0791953
-0.112758 0.0348652 -0.0766409
-0.557107 0.0230372 -0.0728321
-0.976648 0.00853913 -0.0686509
-1.31486 -0.00739993 -0.062761
-1.57035 -0.0236105 -0.0504627
-1.79067 -0.0399406 -0.0311947
-2.00398 -0.056607 -0.0129917
-2.19918 -0.073594 -0.00225602
-2.36628 -0.090869 0.00129356
-2.52034 -0.107858 -0.000426287
-2.67995 -0.122549 -0.00421358
-2.83472 -0.131869 -0.00714574
-2.94733 -0.133545 -0.0104932
-2.99564 -0.127681 -0.0173544
-2.98846 -0.116432 -0.0273672
-2.93588 -0.102043 -0.0360714
-2.84294 -0.0853151 -0.040602
-2.73286 -0.0662242 -0.0433129
-2.63653 -0.0456144 -0.0489593
-2.56231 -0.02591 -0.0599874
-2.50143 -0.0103574 -0.0737732
-2.44114 -0.00128395 -0.085916
-2.35145 0.00161136 -0.0948473
-2.18235 0.0012918 -0.0994369
-1.89519 0.00106394 -0.0966032
-1.49146 0.0019278 -0.0846557
-1.00829 0.00233901 -0.064964
-0.492287 0.000308696 -0.040827
0.0167077 -0.00471952 -0.0176233
0.4807 -0.011595 -0.00150003
0.862103 -0.0182101 0.00508798
1.14142 -0.0225717 0.00514736
1.33741 -0.0235432 0.00254112
1.50041 -0.0206364 -0.0020171
1.67609 -0.013383 -0.00851894
1.87474 -0.00134256 -0.0148652
2.07286 0.0154432 -0.0192925
2.23737 0.0360579 -0.0227939
2.3452 0.0583866 -0.0278225
2.38568 0.0792966 -0.036661
2.34813 0.0956986 -0.0501365
2.21339 0.105792 -0.0666239
1.97319 0.109517 -0.0835093
1.65579 0.108096 -0.0994371
1.32122 0.10297 -0.113387
1.03205 0.0948406 -0.122115
0.82403 0.0837909 -0.120706
0.696788 0.0701402 -0.10617
0.62608 0.054786 -0.0808797
0.577884 0.0385465 -0.0519
0.513057 0.021221 -0.0259972
0.393262 0.00168992 -0.00648005
0.196111 -0.020725 0.00639752
-0.0737924 -0.0448571 0.0137586
-0.387186 -0.0675757 0.0160745
-0.700138 -0.085239 0.0132765
-0.967482 -0.095539 0.00690655
-1.15608 -0.0981916 0.00078366
-1.25546 -0.0941698 -0.0016167
-1.2836 -0.0845987 -0.000747052
-1.27739 -0.0704225 -0.00100611
-1.27165 -0.0528605 -0.00713085
-1.28764 -0.0339788 -0.0205546
-1.33238 -0.0165037 -0.038627
-1.39535 -0.00254572 -0.0574241
-1.44749 0.00760324 -0.0743887
-1.45117 0.0151931 -0.088232
-1.3732 0.0215683 -0.0979553
-1.19466 0.0269834 -0.101609
-0.91625 0.0305648 -0.0963633
-0.560096 0.0312335 -0.0815997
-0.165114 0.0286409 -0.0611361
0.226101 0.0233189 -0.0412881
0.579533 0.0161344 -0.026561
0.872882 0.00771623 -0.017105
1.09303 -0.00145961 -0.0107253
1.24137 -0.0104154 -0.00634809
1.34408 -0.0173335 -0.00477287
1.43942 -0.0200888 -0.00668086
1.54782 -0.017358 -0.0102753
1.66297 -0.00925296 -0.0125149
1.76863 0.00310427 -0.0124865
1.84825 0.0182246 -0.0120137
1.87674 0.0343311 -0.0147145
1.82446 0.0493022 -0.0241707
1.67752 0.0611763 -0.0406667
1.44966 0.0688843 -0.0603427
1.17761 0.0724814 -0.0784892
0.907273 0.0729026 -0.0927135
0.677807 0.0713228 -0.101716
0.509844 0.0682843 -0.103448
0.404669 0.0633462 -0.0970416
0.34763 0.0556216 -0.0840508
0.310165 0.0445752 -0.0669464
0.257575 0.0303326 -0.0487441
0.162003 0.0135531 -0.0331942
0.0111463 -0.00482121 -0.022703
-0.190368 -0.0237696 -0.0166142
-0.424251 -0.0421296 -0.012996
-0.663156 -0.0583695 -0.0109413
-0.876824 -0.0706674 -0.0101271
-1.04273 -0.0775154 -0.00957813
-1.15477 -0.078394 -0.00835561
-1.22046 -0.073922 -0.00686524
-1.25282 -0.065469 -0.00635896
-1.26932 -0.0546668 -0.00797932
-1.29073 -0.0430629 -0.0131636
-1.32978 -0.0318825 -0.023291
-1.38106 -0.0218938 -0.0376148
-1.42356 -0.0134201 -0.0530231
-1.42988 -0.0064211 -0.0665341
-1.37365 -0.000570244 -0.0764469
-1.23569 0.00457133 -0.0812166
-1.01202 0.00923782 -0.0796231
-0.720316 0.0131812 -0.0722484
-0.39522 0.0157402 -0.0613075
-0.0727327 0.0162747 -0.0494191
0.221259 0.0145694 -0.0390387
0.472434 0.010937 -0.0319556
0.676866 0.00617177 -0.0283414
0.840287 0.00143684 -0.026555
0.975522 -0.0020375 -0.0248243
1.09829 -0.003304 -0.0229711
1.22183 -0.0018829 -0.0216083
1.34978 0.00222154 -0.0206067
1.47228 0.00860608 -0.0195698
1.57018 0.0166165 -0.0190076
1.62305 0.0254617 -0.0202339
1.61487 0.0341908 -0.0245329
1.5378 0.0417005 -0.0327431
1.39569 0.0470343 -0.0446919
1.20513 0.0498455 -0.0583776
0.991377 0.0505586 -0.0707133
0.780804 0.0500132 -0.0794351
0.595526 0.0488579 -0.0836082
0.450797 0.047111 -0.0827947
0.35136 0.0441557 -0.0768322
0.28877 0.0391734 -0.0664359
0.244748 0.0317189 -0.0534151
0.198313 0.0219649 -0.04
0.128652 0.0104303 -0.0281826
0.015011 -0.00245208 -0.0196123
-0.154502 -0.0164046 -0.0154583
-0.369793 -0.0308634 -0.0160292
-0.599636 -0.0445376 -0.020237
-0.806306 -0.0555227 -0.0256339
-0.958302 -0.0618795 -0.0294707
-1.03656 -0.0623472 -0.0296056
-1.04092 -0.0569704 -0.0254033
-0.99428 -0.0472955 -0.0188581
-0.936376 -0.0358546 -0.0139678
-0.909819 -0.0251699 -0.0143119
-0.946165 -0.0169297 -0.0213437
-1.05563 -0.0117037 -0.0345742
-1.22185 -0.00910286 -0.0521749
-1.40316 -0.00820492 -0.0709025
-1.544 -0.00801421 -0.0866431
-1.59451 -0.00773516 -0.0957031
-1.52824 -0.00684559 -0.0956397
-1.35049 -0.00516472 -0.0859521
-1.09591 -0.00306489 -0.0688034
-0.8161 -0.00161525 -0.0488652
-0.561668 -0.00231355 -0.0314826
-0.369386 -0.00639964 -0.020044
-0.258076 -0.0140962 -0.0151424
-0.224643 -0.024226 -0.0158099
-0.241311 -0.0344853 -0.0204129
-0.265604 -0.0423335 -0.0264913
-0.25888 -0.0460027 -0.0312363
-0.19699 -0.0448955 -0.0329062
-0.0724314 -0.0392369 -0.0311236
0.101409 -0.0296417 -0.0263166
0.289262 -0.0171043 -0.0203577
0.446867 -0.00314884 -0.0167744
0.539571 0.010293 -0.0185429
0.550945 0.0213109 -0.0261712
0.481017 0.028615 -0.038537
0.346439 0.0320856 -0.054138
0.183754 0.0328395 -0.0706149
0.0436829 0.0325526 -0.0843717
-0.0271696 0.0324733 -0.0917737
-0.00457721 0.0329142 -0.0904884
0.107237 0.0334439 -0.0800509
0.279819 0.0333279 -0.0625521
0.469639 0.0317855 -0.042793
0.631114 0.0280725 -0.0261182
0.72985 0.0216409 -0.0153945
0.750759 0.012466 -0.0104739
0.701244 0.00138893 -0.0101604
0.607399 -0.00983516 -0.0134023
0.499346 -0.019046 -0.0186338
0.397871 -0.0245427 -0.0239331
0.314024 -0.02563 -0.0283644
0.252433 -0.0225278 -0.0317385
0.209241 -0.0160154 -0.0337781
0.169543 -0.00715147 -0.0350775
0.113808 0.00287065 -0.0373977
0.0299687 0.012769 -0.0419165
-0.0824973 0.0212128 -0.0482315
-0.217073 0.0269562 -0.055234
-0.364298 0.0291779 -0.0621849
-0.510289 0.0278036 -0.0683536
-0.634101 0.0234149 -0.0725778
-0.711189 0.0168507 -0.0739451
-0.721247 0.00887804 -0.0715001
-0.655916 0.000137197 -0.063817
-0.522334 -0.00875865 -0.0505356
-0.339333 -0.0172036 -0.0337857
-0.130007 -0.0246973 -0.0172918
0.0814855 -0.0309885 -0.00384666
0.271829 -0.0360568 0.00563743
0.425785 -0.039776 0.0107443
0.542018 -0.0415491 0.0112242
0.629294 -0.0403992 0.00762424
0.698129 -0.0355063 0.000689314
0.757294 -0.0266701 -0.00890991
0.814079 -0.0143543 -0.0198277
0.872383 0.00055757 -0.0303581
0.929373 0.0169988 -0.0398891
0.976435 0.0338305 -0.0491901
1.00501 0.0498356 -0.0588021
1.00887 0.0636843 -0.0680513
0.980687 0.0740303 -0.0760221
0.914429 0.0798212 -0.0824666
0.814786 0.0806735 -0.0875218
0.69782 0.0769306 -0.090856
0.57983 0.0693122 -0.0913418
0.470129 0.0585947 -0.0877211
0.374874 0.045595 -0.0792692
0.301572 0.0312237 -0.066305
0.253441 0.0163662 -0.0504893
0.220584 0.00168606 -0.0339293
0.182446 -0.0123948 -0.0181913
0.119459 -0.0255134 -0.00458285
0.020741 -0.0372408 0.00534247
-0.115003 -0.0470927 0.00999155
-0.280713 -0.0545357 0.00872254
-0.464342 -0.0590059 0.00269612
-0.653426 -0.0600139 -0.0059469
-0.836499 -0.0572875 -0.0156943
-1.00136 -0.0509195 -0.0260779
-1.13574 -0.0415112 -0.0369085
-1.23308 -0.0301796 -0.0474724
-1.29748 -0.018325 -0.0566033
-1.34112 -0.00727299 -0.0635527
-1.37503 0.00194477 -0.0686513
-1.40251 0.00853557 -0.0730066
-1.41921 0.0118159 -0.0772669
-1.41617 0.0113223 -0.0805172
-1.38269 0.00715099 -0.0806911
-1.30827 0.0001487 -0.0762232
-1.1844 -0.00833085 -0.0672317
-1.00808 -0.0170088 -0.0550867
-0.785393 -0.0251732 -0.0411329
-0.531326 -0.0326451 -0.0263042
-0.266089 -0.0392816 -0.0116655
-0.0102692 -0.0445456 0.00116876
0.218918 -0.0475488 0.0101613
0.409803 -0.047507 0.0136987
0.558258 -0.0441428 0.011532
0.669108 -0.0376339 0.00479542
0.753277 -0.0282244 -0.00480272
0.821788 -0.0159779 -0.0159172
0.882476 -0.000939852 -0.0279068
0.939875 0.016434 -0.0402606
0.994704 0.0349536 -0.0520304
1.04265 0.0528195 -0.062195
1.07504 0.0681787 -0.0703839
1.08279 0.0796878 -0.0770138
1.06154 0.0866959 -0.0827229
1.01335 0.0890332 -0.0875068
0.94412 0.0867259 -0.0903053
0.861595 0.0799581 -0.089645
0.776107 0.0692626 -0.0848091
0.69972 0.0556353 -0.0762505
0.641379 0.0403573 -0.0648792
0.601883 0.0246364 -0.051293
0.572144 0.00935631 -0.0359009
0.53593 -0.00493183 -0.019704
0.476267 -0.0178702 -0.00490937
0.381397 -0.0291546 0.00560411
0.246032 -0.0384707 0.00997887
0.0682425 -0.0454847 0.00844893
-0.150367 -0.0498395 0.00254714
-0.39768 -0.0511517 -0.00647228
-0.648673 -0.0491076 -0.017972
-0.874916 -0.0437415 -0.0308661
-1.05629 -0.035635 -0.0432356
-1.1863 -0.0257663 -0.0530884
-1.27118 -0.0152531 -0.0592129
-1.32344 -0.00528784 -0.0622173
-1.35275 0.00284555 -0.0644355
-1.36306 0.00789189 -0.0674908
-1.35653 0.00893807 -0.0704914
-1.33363 0.00582498 -0.0713739
-1.28761 -0.000619411 -0.0691848
-1.20379 -0.00888445 -0.064255
-1.06741 -0.0175344 -0.0569463
-0.872992 -0.0257352 -0.0472548
-0.627252 -0.03309 -0.0350939
-0.346036 -0.0391175 -0.0207772
-0.0506078 -0.043036 -0.00599902
0.235209 -0.0440851 0.00609385
0.488874 -0.0420104 0.0127075
0.693078 -0.037206 0.0132052
0.839416 -0.0303291 0.00864087
0.93212 -0.0216767 -9.56466e-05
0.987195 -0.0109341 -0.0125029
1.02455 0.0023817 -0.027228
1.05975 0.0181977 -0.0420563
1.1016 0.03556 -0.0549611
1.1529 0.0529047 -0.064647
1.20966 0.0685934 -0.0709172
1.25931 0.0812782 -0.0748816
1.28302 0.0899478 -0.0780531
1.26434 0.0938479 -0.0809606
1.19804 0.0925176 -0.0830164
1.09179 0.0859661 -0.0835369
0.962487 0.0748463 -0.0821648
0.831439 0.0604617 -0.078332
0.717901 0.0444763 -0.0710308
0.632037 0.0284211 -0.0595366
0.572467 0.0133208 -0.0442824
0.528066 -0.000359188 -0.0270176
0.479179 -0.012549 -0.0103776
0.399814 -0.0233726 0.00274191
0.266195 -0.0329226 0.00996891
0.0684842 -0.0410475 0.0103054
-0.184665 -0.0473051 0.00438671
-0.470392 -0.0511208 -0.0061266
-0.758373 -0.0519702 -0.0191692
-1.01754 -0.0495088 -0.0324168
-1.22399 -0.043762 -0.0436507
-1.36743 -0.035321 -0.0516415
-1.45148 -0.0253511 -0.0565053
-1.48934 -0.0153902 -0.059088
-1.49878 -0.0070544 -0.0603986
-1.49692 -0.00169877 -0.0614844
-1.49382 -8.61159e-05 -0.0630679
-1.48773 -0.00222403 -0.0649453
-1.46569 -0.00746228 -0.0660308
-1.40847 -0.0147409 -0.065036
-1.29663 -0.02283 -0.0608531
-1.11695 -0.0305175 -0.0526683
-0.869066 -0.0367832 -0.040457
-0.568801 -0.0409451 -0.0255508
-0.245751 -0.0427331 -0.0103915
0.0642758 -0.042269 0.00229717
0.329144 -0.0399191 0.010048
0.528479 -0.0360273 0.0111596
0.657397 -0.0306596 0.00547042
0.726331 -0.0235137 -0.00553868
0.757517 -0.0140651 -0.0195605
0.777221 -0.00191528 -0.0341819
0.80663 0.0128261 -0.0472597
0.856893 0.0293561 -0.0574301
0.928296 0.0462987 -0.0644347
1.01113 0.0620086 -0.0687326
1.08777 0.0748887 -0.0710046
1.13715 0.0836347 -0.0721024
1.14175 0.087374 -0.0729507
1.09403 0.0857384 -0.0741544
0.999833 0.0789163 -0.0756255
0.876599 0.0676981 -0.0764949
0.747595 0.0534427 -0.0752712
0.635248 0.0378649 -0.0703122
0.55549 0.0226625 -0.0607192
0.514143 0.00910292 -0.0469617
0.504482 -0.00224107 -0.0306833
0.50598 -0.0114697 -0.0141096
0.487363 -0.0190765 0.000297642
0.416971 -0.025568 0.00990975
0.275587 -0.0311871 0.0125215
0.0633518 -0.0358476 0.00741587
-0.200612 -0.0392106 -0.00419369
-0.48336 -0.0407486 -0.0195596
-0.746866 -0.0398138 -0.0351781
-0.958246 -0.0358702 -0.0479701
-1.09748 -0.0288785 -0.0564317
-1.16058 -0.0195989 -0.0606466
-1.15898 -0.00956526 -0.0613921
-1.11607 -0.000679547 -0.0596787
-1.06081 0.00538423 -0.0569276
-1.01807 0.00765323 -0.0548606
-0.998717 0.00597968 -0.0547335
-0.996123 0.000851819 -0.0565287
-0.990214 -0.00685291 -0.0587643
-0.954938 -0.0159528 -0.0591073
-0.866326 -0.0249738 -0.0554767
-0.710937 -0.0323572 -0.0470928
-0.491732 -0.0369109 -0.0348978
-0.227973 -0.0382247 -0.0210076
0.0498831 -0.0367275 -0.00776566
0.307408 -0.0333227 0.002674
0.513729 -0.0288391 0.00829492
0.648408 -0.0236489 0.00752701
0.706651 -0.0176584 -2.73553e-05
0.700928 -0.0105713 -0.0132138
0.657454 -0.0021493 -0.0295472
0.607781 0.00770669 -0.0458687
0.578352 0.0189662 -0.0593445
0.582654 0.0313753 -0.0684235
0.619053 0.0442484 -0.0731109
0.673441 0.0563325 -0.0743616
0.724019 0.0659463 -0.0733552
0.747543 0.0714439 -0.0713121
0.72684 0.0717964 -0.0694219
0.656438 0.0669305 -0.0684175
0.543676 0.0576188 -0.0681389
0.406426 0.0450864 -0.0675673
0.268996 0.0306718 -0.0652146
0.155615 0.0156897 -0.0596346
0.0820336 0.00138716 -0.0501466
0.049401 -0.0111646 -0.0374279
0.0444322 -0.0212706 -0.0233197
0.0452693 -0.0287852 -0.0100722
0.0288123 -0.0340914 0.000218418
-0.0234903 -0.0378128 0.00587264
-0.12113 -0.0403927 0.00591716
-0.261227 -0.0418114 0.000376749
-0.42883 -0.0416384 -0.00967918
-0.602282 -0.0393721 -0.0223517
-0.759299 -0.0348054 -0.0353923
-0.879367 -0.0281635 -0.0469059
-0.946706 -0.0200004 -0.0557348
-0.956616 -0.0110691 -0.0613083
-0.918563 -0.00226666 -0.0636443
-0.851258 0.0054304 -0.0634843
-0.773729 0.01106 -0.0619644
-0.698876 0.0138005 -0.0601792
-0.631771 0.0131777 -0.058835
-0.570626 0.00929775 -0.0578228
-0.508174 0.00293485 -0.0562451
-0.433616 -0.00465818 -0.0530541
-0.335941 -0.012147 -0.0477309
-0.207749 -0.0184869 -0.0404413
-0.0488077 -0.0230785 -0.0316704
0.131277 -0.0256865 -0.0220946
0.313918 -0.0262568 -0.0128727
0.47708 -0.0248064 -0.00567393
0.601833 -0.0214654 -0.00217491
0.676681 -0.0165653 -0.00340715
0.700149 -0.0105748 -0.00940838
0.681635 -0.00385357 -0.0191865
0.63839 0.00355709 -0.0309186
0.588968 0.0118586 -0.0426022
0.547051 0.0211385 -0.0527818
0.519393 0.0310065 -0.0606937
0.507482 0.0405218 -0.0660682
0.508069 0.0484666 -0.0689971
0.511934 0.0537696 -0.0698178
0.50619 0.0558233 -0.0690711
0.48097 0.0545365 -0.0674213
0.434823 0.050135 -0.0653315
0.374597 0.0429409 -0.0627776
0.311197 0.0333733 -0.0592334
0.254607 0.0221254 -0.0539614
0.21086 0.0102454 -0.0466437
0.181613 -0.00107032 -0.0378179
0.164436 -0.0108733 -0.0285985
0.152632 -0.0187534 -0.0200422
0.136001 -0.0247911 -0.0129107
0.103747 -0.0292081 -0.00795566
0.048441 -0.0320279 -0.0060366
-0.0315399 -0.0330388 -0.00775309
-0.132317 -0.0320479 -0.013001
-0.24568 -0.0291382 -0.020853
-0.359743 -0.0246734 -0.0298976
-0.460968 -0.0191021 -0.038795
-0.538789 -0.0128085 -0.0466548
-0.588959 -0.00615178 -0.0530976
-0.612149 0.000387344 -0.0580032
-0.611078 0.0061347 -0.061181
-0.589978 0.0103189 -0.0624124
-0.554715 0.012307 -0.0618411
-0.511054 0.0118465 -0.0600474
-0.462397 0.00913174 -0.0575577
-0.408871 0.00465239 -0.0544842
-0.347284 -0.0010024 -0.050642
-0.272256 -0.0072078 -0.0457189
-0.179331 -0.0132758 -0.039448
-0.068661 -0.0184836 -0.0320165
0.0534155 -0.0221991 -0.0242989
0.17536 -0.0240423 -0.0174573
0.282918 -0.023983 -0.0124586
0.363383 -0.0222773 -0.0101194
0.410036 -0.0192368 -0.0111382
0.423176 -0.0150131 -0.0156049
0.407706 -0.00958889 -0.0227436
0.370918 -0.00294022 -0.0314145
0.322356 0.00478845 -0.0405655
0.273031 0.0131939 -0.0492214
0.231706 0.0216333 -0.0565457
0.201284 0.0293482 -0.0620732
0.179234 0.0356369 -0.0657141
0.160749 0.039959 -0.0675076
0.141058 0.0419141 -0.0675917
0.11656 0.0411968 -0.0663656
0.0860695 0.0376542 -0.0642318
0.0518161 0.0314258 -0.0611883
0.0191513 0.0230356 -0.0569957
-0.00513821 0.0133401 -0.0515514
-0.0154365 0.0033317 -0.0448689
-0.0097294 -0.0061112 -0.0370239
0.00909683 -0.0143903 -0.0284649
0.033459 -0.0211941 -0.0202051
0.0530047 -0.0263851 -0.0134811
0.0578233 -0.0298749 -0.00932144
0.0413038 -0.0315728 -0.00836253
0.00147558 -0.0314158 -0.0106886
-0.0588841 -0.0294201 -0.0157777
-0.132899 -0.0257071 -0.0227979
-0.210666 -0.0205046 -0.0309659
-0.280954 -0.0141344 -0.0395402
-0.334221 -0.00700884 -0.0475941
-0.365627 0.000354884 -0.0541351
-0.375404 0.007338 -0.0585964
-0.367072 0.0132682 -0.0610348
-0.346267 0.0174895 -0.0618562
-0.319878 0.0194501 -0.061564
-0.293467 0.018836 -0.0605976
-0.268408 0.0157135 -0.0590442
-0.241596 0.0105586 -0.05656
-0.207473 0.00412805 -0.0527719
-0.160341 -0.00273711 -0.0476168
-0.0963819 -0.00927413 -0.0412106
-0.0156595 -0.0148922 -0.0337741
0.0764662 -0.0191919 -0.0258966
0.169936 -0.0219296 -0.0185904
0.252901 -0.0229841 -0.012959
0.314717 -0.0223632 -0.00990928
0.347763 -0.0202119 -0.0100288
0.349444 -0.016755 -0.0134655
0.324002 -0.0121807 -0.0197982
0.281124 -0.00657777 -0.0280613
0.231955 -1.80216e-06 -0.0370574
0.186463 0.00739127 -0.0457092
0.152611 0.0152453 -0.0531427
0.134948 0.0229784 -0.0587131
0.132622 0.0298462 -0.062187
0.139797 0.0350942 -0.0637928
0.148725 0.0381331 -0.0639675
0.152621 0.0386293 -0.0631014
0.147455 0.0364928 -0.061499
0.133479 0.0318638 -0.0593489
0.11562 0.0251423 -0.0565224
0.101236 0.016983 -0.0525935
0.0965465 0.00820693 -0.0472808
0.104218 -0.000342986 -0.0407218
0.122648 -0.00796523 -0.0333733
0.146199 -0.0142307 -0.0259507
0.165854 -0.018999 -0.0194307
0.170987 -0.0223066 -0.0148319
0.152648 -0.0242197 -0.0128989
0.106765 -0.0247521 -0.0139811
0.0353925 -0.0238846 -0.0179962
-0.0540598 -0.0216376 -0.0243382
-0.150428 -0.0181227 -0.0319439
-0.241048 -0.0135443 -0.0396361
-0.314839 -0.00818878 -0.0464601
-0.365237 -0.00244166 -0.0517798
-0.391538 0.00318263 -0.0552938
-0.397782 0.00805401 -0.0570729
-0.390091 0.0115193 -0.0574866
-0.374208 0.0130544 -0.0569742
-0.35426 0.0124117 -0.0558311
-0.332297 0.00969382 -0.0541565
-0.307879 0.00531637 -0.0518891
-0.277696 -0.000108036 -0.0488793
-0.236012 -0.00589689 -0.0450034
-0.177073 -0.0113898 -0.0402098
-0.0990321 -0.0160021 -0.0345124
-0.00663452 -0.019266 -0.0281475
0.0896433 -0.0208842 -0.0218472
0.177133 -0.0207914 -0.0168086
0.244572 -0.0191706 -0.0142297
0.284634 -0.0163631 -0.0147995
0.295431 -0.0126843 -0.0184771
0.280635 -0.0082618 -0.0245705
0.248212 -0.00304053 -0.0320469
0.208484 0.00303503 -0.0399316
0.171799 0.00980205 -0.0474441
0.145822 0.0167902 -0.0538612
0.133395 0.0233253 -0.0585518
0.131923 0.0287418 -0.061257
0.13473 0.032539 -0.0622219
0.134347 0.0343888 -0.0620177
0.126187 0.0340677 -0.0611978
0.110084 0.0314496 -0.0599437
0.0889587 0.0266048 -0.0579598
0.0665557 0.0199215 -0.0547989
0.0464811 0.0121061 -0.050343
0.0325672 0.00400244 -0.0449303
0.0284009 -0.0036687 -0.0390163
0.0348421 -0.0104684 -0.0328439
0.0479479 -0.0161917 -0.0265865
0.0599782 -0.0206932 -0.0207603
0.0623064 -0.0237865 -0.0163259
0.0478398 -0.0253262 -0.0143185
0.0128471 -0.0253521 -0.0153379
-0.041396 -0.0240916 -0.019208
-0.108408 -0.0217891 -0.0250203
-0.178868 -0.0185398 -0.0316391
-0.243996 -0.0143121 -0.0382526
-0.297176 -0.00915363 -0.0444405
-0.333912 -0.00339975 -0.049848
-0.352441 0.00229828 -0.0539976
-0.354603 0.00716811 -0.0565287
-0.344777 0.0106131 -0.057516
-0.327291 0.0123853 -0.0573783
-0.304665 0.0125098 -0.0565086
-0.277568 0.0110914 -0.0550257
-0.245362 0.00823331 -0.0527373
-0.206508 0.00413157 -0.0493598
-0.15935 -0.000793817 -0.0449043
-0.103414 -0.00590769 -0.0398175
-0.0402992 -0.0105339 -0.0346898
0.0267531 -0.0141614 -0.0298848
0.094283 -0.0165269 -0.0255565
0.15924 -0.0175385 -0.0219527
0.217918 -0.017151 -0.0195032
0.265236 -0.0153314 -0.018685
0.29626 -0.0121229 -0.0198907
0.308572 -0.0077196 -0.0232166
0.303173 -0.00246798 -0.028312
0.283745 0.00322604 -0.0345552
0.255391 0.0090226 -0.0413161
0.223397 0.0146922 -0.0480014
0.192453 0.0200342 -0.0540065
0.166613 0.0247622 -0.0587821
0.148897 0.0284807 -0.0619179
0.140016 0.0307707 -0.063142
0.13761 0.0313162 -0.0624367
0.136984 0.0299897 -0.0601817
0.132946 0.0268418 -0.0569632
0.122005 0.0220328 -0.0532554
0.103568 0.0158032 -0.0493044
0.0793369 0.00851753 -0.0451488
0.0519214 0.000713904 -0.0407504
0.0240147 -0.00692774 -0.0361839
-0.00214991 -0.0137222 -0.0316919
-0.0254945 -0.0191575 -0.0275851
-0.0466084 -0.0229979 -0.0241306
-0.0677213 -0.025241 -0.0215647
-0.0920216 -0.0259879 -0.0201936
-0.122665 -0.0253511 -0.0203841
-0.161744 -0.0234643 -0.0223907
-0.209057 -0.0205389 -0.0261768
-0.261335 -0.0168779 -0.0313491
-0.313098 -0.0128177 -0.0372214
-0.358249 -0.00864541 -0.0430415
-0.390833 -0.0045523 -0.0482421
-0.405932 -0.000671576 -0.0524192
-0.401275 0.00282037 -0.0551764
-0.377759 0.00565006 -0.0562499
-0.33829 0.00751412 -0.0557101
-0.286728 0.0082005 -0.0538707
-0.227757 0.00766129 -0.0511299
-0.166446 0.00601 -0.0479189
-0.106847 0.00347899 -0.044588
-0.0503925 0.000379494 -0.041289
0.00410083 -0.0029209 -0.0380451
0.0582708 -0.00601453 -0.0349053
0.112512 -0.00848675 -0.0319834
0.166165 -0.00997033 -0.0294323
0.217799 -0.010219 -0.0274288
0.264722 -0.00917599 -0.0261813
0.303144 -0.0069744 -0.0259554
0.329279 -0.00386072 -0.0269808
0.340272 -0.00010872 -0.0293365
0.335045 0.00402031 -0.0329752
0.315016 0.00827951 -0.0376911
0.283989 0.0124303 -0.0429961
0.247235 0.0162386 -0.0481946
0.210131 0.0194834 -0.0526576
0.176827 0.0219718 -0.0559585
0.149508 0.0235401 -0.0578461
0.128148 0.0240358 -0.0582543
0.110649 0.0233096 -0.0573053
0.093881 0.02125 -0.0552518
0.0753579 0.0178501 -0.0524055
0.0540918 0.013254 -0.0490623
0.0301869 0.00775448 -0.0454415
0.00431922 0.00174871 -0.0416675
-0.0223203 -0.00432534 -0.037821
-0.0480036 -0.0100472 -0.0340373
-0.0709175 -0.0150529 -0.0305431
-0.0901407 -0.0190552 -0.0275775
-0.106523 -0.0218519 -0.0253138
-0.122686 -0.0233334 -0.0239066
-0.141794 -0.0234946 -0.0235861
-0.1659 -0.0224408 -0.0246191
-0.195102 -0.020368 -0.0271151
-0.227641 -0.0175159 -0.0308747
-0.260152 -0.0141075 -0.0354233
-0.288111 -0.0103095 -0.0401514
-0.306963 -0.00626096 -0.0444735
-0.313355 -0.00215118 -0.0479928
-0.30578 0.0017329 -0.0505408
-0.284723 0.00504092 -0.0520527
-0.252496 0.00745221 -0.0525071
-0.212354 0.0087724 -0.0520095
-0.167159 0.00897848 -0.0507891
-0.118585 0.00818957 -0.0490392
-0.0672787 0.00659681 -0.0468238
-0.013733 0.00441919 -0.0441577
0.0410515 0.00190977 -0.0411173
0.0957118 -0.000628151 -0.0379003
0.148859 -0.00286187 -0.0348315
0.199027 -0.00449341 -0.032238
0.244417 -0.00532177 -0.0302996
0.282568 -0.0052619 -0.0290527
0.310442 -0.0043255 -0.0285513
0.325652 -0.00258939 -0.0290249
0.327914 -0.000175156 -0.0307389
0.318879 0.00275089 -0.0336395
0.300627 0.00597817 -0.0372725
0.274884 0.0092779 -0.0410722
0.24338 0.0124357 -0.0446538
0.208297 0.0152465 -0.0478781
0.172295 0.0174814 -0.0507262
0.138081 0.0188926 -0.0530729
0.10772 0.0192822 -0.0545295
0.0819706 0.0185782 -0.054647
0.0602168 0.0168432 -0.0533503
0.0414446 0.0142057 -0.0510446
0.0253585 0.0107818 -0.0482523
0.0121211 0.00666168 -0.0452095
0.0013043 0.00198027 -0.0418623
-0.00835148 -0.0029837 -0.0381996
-0.0185103 -0.00780305 -0.0344673
-0.030988 -0.0120437 -0.0311346
-0.0472288 -0.0154361 -0.0287287
-0.0672227 -0.0179094 -0.0275375
-0.0892222 -0.0194658 -0.0274066
-0.110883 -0.0200335 -0.027945
-0.130591 -0.0194502 -0.0289338
-0.147868 -0.0176015 -0.0304292
-0.162909 -0.0146045 -0.0325119
-0.176087 -0.0108676 -0.0351323
-0.18778 -0.00694362 -0.0381626
-0.198103 -0.00328111 -0.0414176
-0.206597 -7.15373e-05 -0.0446618
-0.212264 0.00268736 -0.0476588
-0.213484 0.00499799 -0.0501808
-0.207718 0.00673857 -0.0519593
-0.192193 0.00771238 -0.0526699
-0.165743 0.00780226 -0.0521026
-0.129837 0.00708417 -0.0503691
-0.0878456 0.00579858 -0.047825
-0.0436106 0.00419906 -0.0448297
-0.000305036 0.00241452 -0.0416749
0.0398937 0.000459837 -0.0386213
0.0752394 -0.00162208 -0.0358689
0.103797 -0.00363873 -0.0335813
0.123875 -0.00526751 -0.0319986
0.13511 -0.00619917 -0.0313558
0.138894 -0.00628406 -0.0316354
0.137657 -0.00556663 -0.0325581
0.133414 -0.00419023 -0.0338447
0.126767 -0.00227474 -0.0353825
0.117155 0.000108168 -0.037197
0.103792 0.00284671 -0.0393571
0.0865132 0.0056935 -0.0418396
0.066169 0.00828412 -0.0444309
0.0444586 0.0102737 -0.0467876
0.0234158 0.0114776 -0.0486311
0.0051169 0.011902 -0.0498661
-0.00843415 0.0116479 -0.0504496
-0.0158767 0.0107795 -0.0502324
-0.0170219 0.00927695 -0.049063
-0.0125471 0.0071124 -0.047003
-0.00352138 0.00436681 -0.0443426
0.0083469 0.0012641 -0.0414291
0.0204723 -0.00190761 -0.0385549
0.0302892 -0.00490085 -0.035937
0.0364152 -0.00754894 -0.0336935
0.0386574 -0.00973662 -0.0319031
0.0370907 -0.0113517 -0.0307264
0.0315181 -0.0122624 -0.0303562
0.0220208 -0.0123448 -0.0308222
0.00943513 -0.0115473 -0.0319565
-0.00518719 -0.00994063 -0.0335458
-0.0209596 -0.00770939 -0.035459
-0.0367629 -0.00508538 -0.037648
-0.051379 -0.00228739 -0.0400296
-0.0644663 0.000485425 -0.0424265
-0.0766276 0.00303606 -0.0446518
-0.0880665 0.00517143 -0.0465658
-0.0975142 0.00672461 -0.0480679
-0.102653 0.00758162 -0.0490814
-0.101491 0.00770867 -0.0494907
-0.0931008 0.00716814 -0.0491096
-0.0772344 0.00610178 -0.0478034
-0.0540022 0.00467779 -0.0456513
-0.0242661 0.00303118 -0.0429368
0.00998529 0.00124788 -0.039997
0.0456058 -0.000595718 -0.0371074
0.0786775 -0.00238411 -0.0344992
0.1058 -0.00394846 -0.0324553
0.125431 -0.00509647 -0.031276
0.137678 -0.00567271 -0.0310778
0.143293 -0.00560312 -0.031729
0.143367 -0.0048779 -0.0330073
0.139876 -0.00350409 -0.0347135
0.135344 -0.00149918 -0.0366746
