-2.00049e-06 1.50268e-07 -0.0596227
-0.000193608 2.54631e-07 -0.0596209
-0.000917623 8.54329e-07 -0.0596122
-0.00223875 1.33044e-06 -0.0595912
-0.00405255 -2.83976e-06 -0.05956
-0.00654858 -1.76495e-05 -0.0595287
-0.0102671 -4.36463e-05 -0.0594983
-0.0157066 -8.10004e-05 -0.059439
-0.0228906 -0.000141325 -0.0593247
-0.0310841 -0.000241991 -0.0591866
-0.0386925 -0.000390804 -0.0590817
-0.0441069 -0.000583867 -0.0590389
-0.0470939 -0.000812625 -0.0590402
-0.0484526 -0.00106403 -0.0590039
-0.048686 -0.0013183 -0.0588646
-0.0481537 -0.0015545 -0.0586765
-0.0472602 -0.00174911 -0.0585672
-0.0457327 -0.00187788 -0.0585987
-0.0433491 -0.00194299 -0.05868
-0.0412686 -0.00197343 -0.0586822
-0.0407066 -0.00197774 -0.0585913
-0.0406742 -0.00193388 -0.0584808
-0.0391107 -0.00183037 -0.0585055
-0.0354985 -0.00167231 -0.0587931
-0.0301581 -0.00145425 -0.0591866
-0.0234431 -0.00117403 -0.0593855
-0.0167937 -0.000855485 -0.0593267
-0.0113288 -0.000508102 -0.0592137
-0.00577336 -0.000106386 -0.0592895
0.00233071 0.000338727 -0.059624
0.0137439 0.000751949 -0.0600844
0.0268332 0.00107442 -0.0604302
0.0394873 0.00131948 -0.0604732
0.0502189 0.00153799 -0.0603428
0.0569293 0.00176238 -0.06036
0.0577735 0.00200083 -0.0606164
0.054364 0.00224109 -0.0609345
0.0502099 0.00241415 -0.0610288
0.0473348 0.00243037 -0.0608315
0.0462049 0.00230036 -0.0606359
0.0452398 0.00212484 -0.0605807
0.0416458 0.00195147 -0.0605529
0.0352688 0.00173417 -0.0605217
0.0285172 0.00142343 -0.0604003
0.0227277 0.00104468 -0.0601866
0.0175618 0.000672823 -0.060071
0.0115919 0.0003215 -0.0599092
0.00175828 -6.57566e-05 -0.0595014
-0.0129418 -0.000489524 -0.0590829
-0.0271604 -0.000886596 -0.0588195
-0.0360799 -0.00125072 -0.0588084
-0.0422945 -0.00161762 -0.0591246
-0.0497356 -0.00195573 -0.0592095
-0.059867 -0.00222765 -0.0585444
-0.07431 -0.00247104 -0.0576324
-0.0911424 -0.00266539 -0.0573156
-0.102406 -0.00272332 -0.0577513
-0.10301 -0.00271644 -0.0583997
-0.0959068 -0.0028299 -0.0586607
-0.0848754 -0.00306922 -0.0582507
-0.0717711 -0.00324146 -0.0574854
-0.060392 -0.00317616 -0.057321
-0.0545747 -0.00283964 -0.0581084
-0.0548522 -0.00233193 -0.0589635
-0.0583363 -0.00184049 -0.0590519
-0.0614363 -0.00150299 -0.0584248
-0.0628276 -0.00128864 -0.0577976
-0.0618225 -0.00105945 -0.0579774
-0.0583078 -0.000752966 -0.0589269
-0.0556433 -0.000481293 -0.0597012
-0.0578905 -0.000369739 -0.0596777
-0.064467 -0.000358599 -0.0590704
-0.0725004 -0.000319925 -0.0583635
-0.0824401 -0.000264144 -0.0581381
-0.0952534 -0.000313152 -0.0584853
-0.106963 -0.000576255 -0.0586042
-0.112686 -0.00111116 -0.0582069
-0.110892 -0.00189437 -0.057855
-0.10149 -0.00276247 -0.0578308
-0.0872936 -0.00350903 -0.0580512
-0.0753161 -0.00406055 -0.0581751
-0.0701938 -0.00442784 -0.0579056
-0.0680099 -0.00457353 -0.057499
-0.0638301 -0.00445373 -0.0573742
-0.060698 -0.00410071 -0.0576613
-0.0634582 -0.00361267 -0.0579689
-0.072018 -0.00311721 -0.0577276
-0.085477 -0.00271119 -0.057193
-0.103123 -0.00235307 -0.0572245
-0.119769 -0.00191706 -0.0580405
-0.130275 -0.00145137 -0.0589051
-0.136395 -0.00117484 -0.0590497
-0.141589 -0.00114395 -0.0584035
-0.143815 -0.00117834 -0.0574953
-0.138578 -0.00115634 -0.0572255
-0.124677 -0.00117292 -0.0579733
-0.103824 -0.00138126 -0.0588525
-0.0765833 -0.0018242 -0.0588772
-0.0428129 -0.00242776 -0.0581833
-0.00581377 -0.00302428 -0.0577244
0.0292871 -0.00335231 -0.0583238
0.0607074 -0.00320355 -0.0596913
0.0901655 -0.00264486 -0.0606446
0.117928 -0.00189429 -0.060738
0.142335 -0.000934805 -0.0606069
0.162488 0.000474495 -0.0607856
0.176032 0.00234255 -0.0614132
0.178944 0.00430898 -0.0623184
0.16961 0.00606327 -0.0629612
0.150659 0.00758204 -0.0631142
0.127086 0.00885522 -0.063111
0.103595 0.00969935 -0.0632835
0.0814319 0.00995762 -0.0635686
0.0569705 0.00967797 -0.0635348
0.0284 0.00896935 -0.0629314
0.000968209 0.00780305 -0.062
-0.0206978 0.00611019 -0.061183
-0.0411496 0.00399364 -0.0605778
-0.0703739 0.0016493 -0.0596316
-0.114184 -0.000903461 -0.0578613
-0.169449 -0.00377409 -0.0557132
-0.225754 -0.00686558 -0.0542153
-0.269351 -0.00986625 -0.053873
-0.29119 -0.0125925 -0.0541914
-0.29655 -0.0150499 -0.0541578
-0.300088 -0.0170861 -0.0530457
-0.309911 -0.0182813 -0.0512203
-0.32327 -0.0183653 -0.0499976
-0.33484 -0.0174863 -0.0504024
-0.341158 -0.0159659 -0.0520534
-0.338126 -0.0140969 -0.0532185
-0.324163 -0.0121886 -0.05286
-0.303847 -0.0104164 -0.0521429
-0.279617 -0.00857796 -0.0527863
-0.248077 -0.00634997 -0.05516
-0.210602 -0.00382856 -0.0581337
-0.174884 -0.00144495 -0.0599436
-0.139868 0.000612397 -0.0597813
-0.095335 0.0024715 -0.0586186
-0.0399058 0.00420311 -0.0584728
0.019628 0.00572954 -0.0604087
0.0820533 0.00691393 -0.0629851
0.147405 0.00753268 -0.0640944
0.210248 0.00746488 -0.0636916
0.268466 0.00703553 -0.0632467
0.325623 0.00680594 -0.0638516
0.377697 0.00700578 -0.065531
0.412456 0.00748273 -0.0671779
0.425318 0.00809789 -0.0673375
0.42119 0.00887683 -0.0660362
0.40219 0.00983384 -0.0648423
0.367161 0.0108604 -0.0647961
0.318585 0.0117336 -0.0654992
0.257722 0.0121412 -0.0657866
0.182445 0.0118477 -0.0649945
0.0976998 0.0108782 -0.0636451
0.0149882 0.00940427 -0.0624896
-0.0609503 0.00750238 -0.0617396
-0.132174 0.00514456 -0.0610493
-0.19807 0.00231869 -0.0596266
-0.256945 -0.000924752 -0.0572832
-0.310485 -0.00445689 -0.0548869
-0.359447 -0.00812428 -0.0530441
-0.401599 -0.0118612 -0.0515974
-0.434673 -0.0156527 -0.0503976
-0.453648 -0.0193605 -0.0494091
-0.448016 -0.0226705 -0.0487963
-0.407154 -0.0251973 -0.0490608
-0.32527 -0.0265765 -0.050236
-0.199798 -0.0265066 -0.0518161
-0.0285082 -0.0247541 -0.0537026
0.191101 -0.0211053 -0.0563191
0.459974 -0.0153989 -0.0601256
0.774868 -0.00764584 -0.0652707
1.12791 0.00197811 -0.0713888
1.50887 0.0132631 -0.0779211
1.90902 0.0260345 -0.0848738
2.32335 0.0401576 -0.0928803
2.74971 0.055499 -0.102225
3.18686 0.0718185 -0.112311
3.63262 0.0887254 -0.122208
4.08229 0.105825 -0.131333
4.52884 0.122866 -0.139838
4.96445 0.13964 -0.148304
5.37953 0.155763 -0.156854
5.758 0.170688 -0.164887
6.07279 0.183902 -0.17147
6.28676 0.195033 -0.175794
6.35888 0.20376 -0.177645
6.25204 0.209653 -0.177201
5.941 0.212096 -0.17445
5.41552 0.21032 -0.169099
4.67892 0.203468 -0.160604
3.74824 0.190683 -0.148413
2.65143 0.171243 -0.132475
1.42293 0.144715 -0.113262
0.0985281 0.111055 -0.0914551
-1.27605 0.0705579 -0.0676095
-2.61784 0.0237399 -0.042202
-3.82773 -0.0286106 -0.016314
-4.8439 -0.0849987 0.0085171
-5.64348 -0.142806 0.0316058
-6.22565 -0.198878 0.0537258
-6.61452 -0.250517 0.0752475
-6.84991 -0.295155 0.0936645
-6.96343 -0.32984 0.106296
-6.98286 -0.352289 0.113525
-6.95224 -0.36182 0.116236
-6.91978 -0.358753 0.115827
-6.91883 -0.343495 0.114054
-6.96431 -0.316669 0.10865
-7.04489 -0.279862 0.0969256
-7.12658 -0.235775 0.0803996
-7.17446 -0.187729 0.0623354
-7.16142 -0.139036 0.0465313
-7.06565 -0.092705 0.0346408
-6.87111 -0.0514111 0.0239426
-6.56159 -0.0173039 0.0115898
-6.11304 0.00788897 -0.00180733
-5.50162 0.0225436 -0.0135467
-4.71776 0.0257977 -0.0219722
-3.7687 0.0187153 -0.0275264
-2.68195 0.00416311 -0.0321231
-1.5097 -0.0144238 -0.0381503
-0.314179 -0.0337158 -0.0460506
0.852942 -0.0504302 -0.0540396
1.95249 -0.0615288 -0.060924
2.94889 -0.0646437 -0.0673962
3.81352 -0.0582053 -0.075174
4.53232 -0.0415108 -0.0856498
5.09879 -0.0148828 -0.0992324
5.50871 0.0204721 -0.115553
5.76812 0.062788 -0.133373
5.89515 0.109792 -0.150718
5.90893 0.158672 -0.16608
5.82599 0.206372 -0.179176
5.66287 0.249907 -0.190128
5.42822 0.286358 -0.198639
5.11877 0.312818 -0.203588
4.72908 0.326588 -0.202847
4.26096 0.325595 -0.195215
3.72685 0.308886 -0.182214
3.14578 0.276856 -0.166489
2.5382 0.230993 -0.149464
1.92241 0.173575 -0.130517
1.3101 0.107651 -0.107819
0.707479 0.0370858 -0.0809302
0.122365 -0.0336106 -0.0525168
-0.433396 -0.0999055 -0.02628
-0.951029 -0.158052 -0.00403277
-1.43048 -0.205447 0.0144359
-1.87548 -0.240397 0.0302978
-2.28816 -0.261748 0.0436277
-2.66833 -0.268839 0.0519435
-3.01386 -0.261709 0.0528513
-3.32439 -0.241282 0.046732
-3.60091 -0.20944 0.0363792
-3.83731 -0.168842 0.0251521
-4.01641 -0.122536 0.0143462
-4.11351 -0.0736752 0.002752
-4.10335 -0.025523 -0.0108898
-3.96901 0.0184379 -0.0258724
-3.70531 0.0547985 -0.0398283
-3.31261 0.0809614 -0.0507566
-2.79189 0.0956584 -0.0585328
-2.14921 0.0989414 -0.0648676
-1.4035 0.0919376 -0.0714175
-0.586357 0.0765711 -0.0775672
0.26593 0.0553123 -0.0814058
1.11902 0.0310162 -0.0822191
1.94293 0.00680406 -0.0811949
2.70799 -0.0141988 -0.0807059
3.38174 -0.0293734 -0.0823245
3.93613 -0.0370428 -0.0856195
4.3538 -0.0364405 -0.0897428
4.62961 -0.0273362 -0.094866
4.77194 -0.00981701 -0.101868
4.79785 0.0154433 -0.111289
4.72177 0.0468555 -0.122211
4.54953 0.082188 -0.132725
4.28847 0.119034 -0.141261
3.95559 0.154802 -0.14723
3.57185 0.186573 -0.151262
3.15905 0.211358 -0.153804
2.73877 0.226556 -0.153821
2.32412 0.230188 -0.150108
1.91678 0.221164 -0.142541
1.51758 0.19964 -0.13185
1.13128 0.166924 -0.118871
0.757018 0.125032 -0.104064
0.38698 0.0764904 -0.0874342
0.0165034 0.0242839 -0.0686153
-0.355228 -0.0284081 -0.0480235
-0.732408 -0.0785381 -0.0274642
-1.12161 -0.123355 -0.00883407
-1.5254 -0.160582 0.0068428
-1.94205 -0.188642 0.0193096
-2.36826 -0.206646 0.0285719
-2.79471 -0.21418 0.034453
-3.20135 -0.211257 0.03665
-3.5637 -0.198507 0.035089
-3.86175 -0.177269 0.0301947
-4.07808 -0.149375 0.0228499
-4.19344 -0.116973 0.0141758
-4.19215 -0.0825196 0.00489316
-4.06699 -0.0486268 -0.00508279
-3.81544 -0.0176737 -0.0157895
-3.43909 0.00841095 -0.0266815
-2.94843 0.0281685 -0.0372026
-2.36205 0.0407987 -0.0470041
-1.70241 0.0464213 -0.0557587
-0.996541 0.0459798 -0.0632416
-0.275946 0.0408646 -0.0694261
0.430016 0.0326703 -0.0743333
1.10109 0.0231245 -0.0780717
1.72473 0.0139319 -0.0810803
2.28984 0.00654796 -0.0839642
2.78488 0.00211097 -0.0871982
3.20021 0.00149703 -0.0909903
3.52936 0.00527929 -0.0953591
3.76924 0.0136594 -0.100566
3.92264 0.0265059 -0.106922
3.99803 0.0433571 -0.114019
4.0025 0.0633224 -0.120917
3.93654 0.0851055 -0.12678
3.79788 0.107209 -0.131075
3.58701 0.128042 -0.133761
3.30735 0.145857 -0.135099
2.96455 0.158819 -0.13502
2.56757 0.165287 -0.132902
2.12891 0.164072 -0.128024
1.66363 0.154581 -0.12032
1.18995 0.13692 -0.110543
0.730551 0.111911 -0.0995716
0.309611 0.0809342 -0.0877697
-0.0539566 0.0457111 -0.0749878
-0.353416 0.00823742 -0.0610494
-0.598957 -0.0292174 -0.0462695
-0.814941 -0.0643019 -0.0315215
-1.03046 -0.0949683 -0.01794
-1.26948 -0.119757 -0.00651957
-1.5425 -0.137789 0.00217917
-1.84312 -0.148638 0.00801788
-2.153 -0.152287 0.0111126
-2.45188 -0.149064 0.0115941
-2.72362 -0.139467 0.00961048
-2.95611 -0.124153 0.00565083
-3.14141 -0.104144 0.000351377
-3.27567 -0.0809421 -0.00571833
-3.35711 -0.0564204 -0.011747
-3.38674 -0.0326667 -0.0169514
-3.36974 -0.0118491 -0.0210955
-3.31238 0.00405974 -0.024466
-3.21664 0.0136125 -0.0275868
-3.07907 0.016055 -0.0307369
-2.89582 0.0113668 -0.0336421
-2.66679 0.000284994 -0.0355506
-2.3949 -0.0157224 -0.0357098
-2.0841 -0.0346585 -0.0340868
-1.73998 -0.0543469 -0.0315026
-1.37133 -0.0727367 -0.029087
-0.989213 -0.0881119 -0.0274817
-0.60741 -0.0992458 -0.026583
-0.246242 -0.10539 -0.0263628
0.0701926 -0.106056 -0.0274436
0.324748 -0.100859 -0.030714
0.512556 -0.089705 -0.0367227
0.636996 -0.0729882 -0.045214
0.707499 -0.0514707 -0.0550341
0.740431 -0.0261125 -0.0646062
0.753678 0.00184934 -0.0729747
0.758754 0.0308398 -0.0803639
0.760047 0.0590927 -0.0872523
0.758301 0.0847371 -0.0933743
0.752086 0.105766 -0.0979348
0.740565 0.120267 -0.100347
0.728704 0.126938 -0.100711
0.726631 0.125393 -0.0997469
0.742357 0.116056 -0.0981632
0.778238 0.0999753 -0.0959448
0.8351 0.0787625 -0.0923381
0.915614 0.0544794 -0.0867339
1.0216 0.0293716 -0.0795816
1.15065 0.00559864 -0.0722708
1.29601 -0.0149653 -0.0660333
1.4434 -0.0309166 -0.0612455
1.56467 -0.0414004 -0.0577704
1.62278 -0.0459542 -0.0555415
1.58676 -0.044375 -0.0547199
1.43847 -0.0368827 -0.0555197
1.17258 -0.0242922 -0.0579987
0.799465 -0.00788907 -0.061637
0.347769 0.0107267 -0.0651778
-0.141125 0.0296539 -0.0675851
-0.623253 0.0468239 -0.0687677
-1.05739 0.060315 -0.0689671
-1.41047 0.0685425 -0.0682517
-1.66433 0.070237 -0.0664354
-1.81346 0.0645312 -0.0630837
-1.85648 0.0512505 -0.0581294
-1.79273 0.0310527 -0.0521723
-1.62669 0.00532678 -0.0461704
-1.3709 -0.023945 -0.0409782
-1.04158 -0.0543273 -0.0366192
-0.655779 -0.0831438 -0.0327073
-0.232858 -0.107727 -0.0295586
0.208119 -0.125602 -0.0281139
0.65287 -0.1347 -0.0293237
1.0886 -0.133722 -0.0335274
1.49814 -0.122319 -0.0403866
1.86257 -0.1009 -0.0494544
2.16792 -0.0704469 -0.0603409
2.40532 -0.0325494 -0.0729344
2.56916 0.0105857 -0.0872244
2.65997 0.056339 -0.102387
2.68579 0.101896 -0.116894
2.65919 0.144368 -0.129426
2.59347 0.181003 -0.139287
2.49919 0.209481 -0.146256
2.38193 0.228023 -0.15007
2.24245 0.235338 -0.150206
2.07861 0.230666 -0.146274
1.88839 0.214025 -0.138401
1.67097 0.18635 -0.127227
1.426 0.149313 -0.113551
1.1546 0.105086 -0.0980866
0.861038 0.0562947 -0.0814607
0.551802 0.00597058 -0.0642721
0.233769 -0.0426954 -0.0473774
-0.0872658 -0.0867002 -0.0317643
-0.407905 -0.123494 -0.0180224
-0.727366 -0.151122 -0.00651277
-1.04613 -0.168335 0.00231779
-1.36531 -0.17469 0.00803006
-1.68705 -0.17054 0.0102871
-2.01394 -0.156975 0.00930045
-2.34668 -0.135748 0.00595488
-2.68082 -0.109119 0.00102101
-3.00418 -0.079601 -0.00514101
-3.29824 -0.0497309 -0.012205
-3.5435 -0.0219791 -0.0195874
-3.72409 0.00133006 -0.0261918
-3.82846 0.0182149 -0.030779
-3.84745 0.0272836 -0.0328979
-3.77308 0.0278701 -0.0330784
-3.60014 0.0200142 -0.0321814
-3.32879 0.00439067 -0.0306594
-2.96577 -0.0177083 -0.0282907
-2.52437 -0.0443525 -0.024817
-2.02192 -0.0730097 -0.0208267
-1.47605 -0.100733 -0.0176937
-0.903446 -0.124522 -0.0166563
-0.321523 -0.141725 -0.0181055
0.250568 -0.150264 -0.0216582
0.793178 -0.148699 -0.0268375
1.28859 -0.136269 -0.0338209
1.72298 -0.112993 -0.0433883
2.0866 -0.0797788 -0.0559854
2.37346 -0.0384066 -0.071085
2.58245 0.0086508 -0.0873536
2.71865 0.0584925 -0.103333
2.79246 0.108071 -0.118235
2.81722 0.154423 -0.1319
2.80576 0.194793 -0.143965
2.76804 0.2267 -0.153496
2.71147 0.248072 -0.159318
2.64182 0.257479 -0.160607
2.56162 0.254319 -0.157443
2.46802 0.238844 -0.150617
2.3537 0.212066 -0.140853
2.21029 0.175633 -0.128497
2.03213 0.131759 -0.113858
1.81874 0.0831763 -0.0975858
1.57329 0.032991 -0.0807386
1.29811 -0.015592 -0.0644187
0.992543 -0.0595749 -0.0492874
0.654958 -0.0964104 -0.0356265
0.2854 -0.124176 -0.0237875
-0.115241 -0.14168 -0.014389
-0.546607 -0.148544 -0.00795748
-1.00677 -0.145275 -0.00443318
-1.4902 -0.133252 -0.00327375
-1.98604 -0.114512 -0.0040147
-2.47464 -0.0914079 -0.00655674
-2.92896 -0.066394 -0.0108154
-3.32318 -0.0419681 -0.0161612
-3.63759 -0.0205048 -0.0213971
-3.85536 -0.00398846 -0.0252409
-3.96076 0.00615017 -0.0271331
-3.94285 0.00910285 -0.0277119
-3.79707 0.00471035 -0.0278093
-3.52535 -0.00660961 -0.0273296
-3.13949 -0.0239461 -0.025735
-2.66062 -0.045804 -0.0230008
-2.11211 -0.0699817 -0.0200337
-1.51459 -0.0937775 -0.0183719
-0.888193 -0.114453 -0.0191256
-0.254636 -0.129555 -0.0222437
0.365427 -0.137009 -0.0268995
0.95419 -0.13519 -0.0326261
1.49469 -0.123087 -0.0400196
1.97149 -0.10048 -0.0500804
2.37459 -0.0680842 -0.0630299
2.69935 -0.0275964 -0.0779265
2.94426 0.0184981 -0.0934031
3.11301 0.0673434 -0.108604
3.2164 0.116039 -0.123237
3.26786 0.161719 -0.137127
3.2784 0.201615 -0.149738
3.25696 0.233289 -0.159847
3.21091 0.254862 -0.166063
3.14379 0.265104 -0.167729
3.05432 0.263454 -0.165029
2.93777 0.250038 -0.158517
2.78764 0.225634 -0.148741
2.59764 0.191582 -0.136124
2.36457 0.14975 -0.121179
2.0897 0.102537 -0.104686
1.77719 0.0527839 -0.087546
1.43095 0.00351946 -0.0705947
1.05253 -0.0423092 -0.0545488
0.64189 -0.0820354 -0.0398928
0.199699 -0.113497 -0.0268953
-0.271312 -0.135308 -0.0158385
-0.766746 -0.146998 -0.00707633
-1.28038 -0.148947 -0.000892474
-1.80305 -0.14226 0.00261483
-2.32255 -0.128675 0.00356268
-2.82402 -0.110365 0.00226791
-3.28941 -0.0896514 -0.00070066
-3.69772 -0.0687775 -0.00455793
-4.02791 -0.0498032 -0.0085603
-4.2617 -0.0344855 -0.0121667
-4.38419 -0.0241442 -0.0149439
-4.38487 -0.0196219 -0.0165513
-4.26011 -0.021305 -0.0168944
-4.01381 -0.0290766 -0.0161485
-3.65538 -0.0422314 -0.0147059
-3.19813 -0.059487 -0.0131605
-2.65919 -0.0790825 -0.0122033
-2.05861 -0.0988767 -0.0124214
-1.41782 -0.116469 -0.0141239
-0.760229 -0.12942 -0.0173676
-0.111861 -0.135536 -0.0221609
0.501677 -0.13311 -0.0285811
1.05893 -0.121121 -0.0367286
1.54346 -0.099418 -0.0466684
1.94419 -0.0687775 -0.0583621
2.25698 -0.0308072 -0.071506
2.48371 0.0122481 -0.0855385
2.62965 0.0577452 -0.0998768
2.70409 0.102896 -0.113939
2.72217 0.144982 -0.127049
2.70349 0.181502 -0.138491
2.66794 0.210317 -0.147521
2.63136 0.229794 -0.153384
2.60186 0.238889 -0.155477
2.5771 0.237176 -0.15357
2.54589 0.224841 -0.147886
2.49321 0.202663 -0.139015
2.40451 0.171961 -0.127735
2.2682 0.134511 -0.114767
2.07752 0.0924797 -0.100694
1.83229 0.048355 -0.0860641
1.53861 0.00481713 -0.0715271
1.2057 -0.0354472 -0.0578723
0.84286 -0.0699851 -0.0457575
0.457959 -0.0968362 -0.035407
0.0566554 -0.114768 -0.0267199
-0.357686 -0.123389 -0.0196432
-0.78139 -0.123112 -0.0144674
-1.20775 -0.115045 -0.0116545
-1.6277 -0.100913 -0.011399
-2.03124 -0.0828691 -0.0133834
-2.40639 -0.0631984 -0.0167775
-2.73772 -0.0440331 -0.0206474
-3.00723 -0.0271833 -0.0244875
-3.19669 -0.0140477 -0.0281525
-3.29068 -0.00559101 -0.0313487
-3.2802 -0.00238891 -0.0334476
-3.16455 -0.00466067 -0.0338232
-2.95044 -0.0122173 -0.0323665
-2.64962 -0.0243929 -0.0297576
-2.27718 -0.0400747 -0.0271296
-1.85111 -0.0578227 -0.0253662
-1.39149 -0.0759605 -0.0247438
-0.918092 -0.092602 -0.0251229
-0.447662 -0.105722 -0.0264337
0.00708561 -0.113353 -0.0290362
0.436996 -0.113849 -0.0335012
0.834966 -0.106134 -0.040011
1.19349 -0.0898998 -0.0481501
1.50353 -0.0656579 -0.0572733
1.75622 -0.0346545 -0.0669762
1.94561 0.00129078 -0.0772668
2.06946 0.0399274 -0.0882962
2.12856 0.0787332 -0.0998398
2.12697 0.115138 -0.11103
2.07281 0.146776 -0.120652
1.97771 0.171687 -0.127742
1.85493 0.188441 -0.13191
1.71748 0.196169 -0.133164
1.57616 0.194508 -0.131464
1.43721 0.183525 -0.126594
1.30108 0.163729 -0.118477
1.16382 0.136142 -0.107492
1.01934 0.102297 -0.0945682
0.860432 0.0641262 -0.0809199
0.680075 0.0238353 -0.0675392
0.473543 -0.0162046 -0.0548948
0.239957 -0.0535951 -0.0430941
-0.0175533 -0.0860872 -0.0323145
-0.292229 -0.111758 -0.0230259
-0.574827 -0.129186 -0.0158116
-0.855718 -0.137632 -0.0110558
-1.12637 -0.137149 -0.00876875
-1.37972 -0.128552 -0.00867194
-1.61104 -0.113247 -0.0104513
-1.81838 -0.0930317 -0.0139016
-1.99973 -0.0699289 -0.0188485
-2.1503 -0.0460521 -0.0249703
-2.26255 -0.0234365 -0.0317208
-2.3271 -0.00384234 -0.0383825
-2.33408 0.0113702 -0.0441681
-2.2757 0.0212679 -0.0484552
-2.14816 0.0253709 -0.0510438
-1.95175 0.0236867 -0.0520912
-1.69071 0.0166716 -0.0519131
-1.37408 0.00514765 -0.0508978
-1.0158 -0.00974534 -0.049324
-0.633255 -0.0265654 -0.0473692
-0.244843 -0.0436168 -0.0454419
0.132431 -0.0590685 -0.044194
0.484774 -0.0711165 -0.0442491
0.802449 -0.07817 -0.0459267
1.07915 -0.079035 -0.0490302
1.3101 -0.0730405 -0.0531317
1.49144 -0.0600789 -0.0580551
1.62177 -0.0406026 -0.0639289
1.70323 -0.0156422 -0.0709538
1.74049 0.0132058 -0.0790751
1.73911 0.0439292 -0.0877577
1.70438 0.0743604 -0.0961369
1.64082 0.102409 -0.103439
1.55349 0.126216 -0.109295
1.44935 0.144257 -0.113632
1.33664 0.155403 -0.116305
1.22323 0.158944 -0.116902
1.11538 0.154602 -0.114858
1.01697 0.142559 -0.109902
0.929384 0.123514 -0.102443
0.851417 0.0986531 -0.0934198
0.778979 0.0695329 -0.0837795
0.705306 0.0379264 -0.0740677
0.622681 0.00572704 -0.0643687
0.5243 -0.025119 -0.054721
0.405097 -0.0527025 -0.0456221
0.262322 -0.0752978 -0.037917
0.0959867 -0.0915624 -0.0322471
-0.091337 -0.100727 -0.0287014
-0.295094 -0.102664 -0.026898
-0.509229 -0.097812 -0.0264385
-0.726344 -0.0870582 -0.0272715
-0.938025 -0.071667 -0.0295788
-1.13572 -0.0532261 -0.0333757
-1.3115 -0.0335302 -0.038219
-1.45769 -0.0143907 -0.0433076
-1.56571 0.00254764 -0.0478789
-1.62664 0.0159331 -0.0515539
-1.63349 0.0247941 -0.0543351
-1.5828 0.0285901 -0.0562572
-1.47537 0.027201 -0.0571458
-1.31646 0.0208879 -0.05676
-1.11457 0.0102978 -0.0550911
-0.879117 -0.00352988 -0.0525045
-0.619581 -0.0192515 -0.0496331
-0.346477 -0.0353642 -0.0471308
-0.071264 -0.0503141 -0.0453965
0.194944 -0.0625781 -0.0444972
0.441377 -0.0707803 -0.0444294
0.656975 -0.0738162 -0.0453466
0.832195 -0.0709549 -0.0474784
0.961433 -0.061949 -0.0509347
1.04267 -0.0471302 -0.0556274
1.07619 -0.0273845 -0.0613029
1.06467 -0.00401961 -0.0675701
1.01328 0.0213616 -0.0739837
0.928473 0.0469643 -0.0801998
0.817423 0.0709559 -0.085973
0.689198 0.0916382 -0.0909788
0.55486 0.107552 -0.094763
0.425307 0.117533 -0.0968512
0.3094 0.120803 -0.096874
0.213465 0.117081 -0.0947116
0.140606 0.10659 -0.0905431
0.0902102 0.0899865 -0.0847674
0.0594725 0.0682977 -0.0778565
0.0453396 0.0428805 -0.0701826
0.0440113 0.015348 -0.0620794
0.0497338 -0.012521 -0.0540265
0.0554263 -0.0388729 -0.0465826
0.0537581 -0.061911 -0.040228
0.0375867 -0.0800796 -0.0353044
0.00127902 -0.0922231 -0.031977
-0.057436 -0.0976713 -0.0302638
-0.13757 -0.096279 -0.0301371
-0.236797 -0.088437 -0.0315697
-0.352427 -0.0750357 -0.0344622
-0.480368 -0.0573777 -0.0385662
-0.613855 -0.0370651 -0.0435176
-0.743537 -0.0158647 -0.0489206
-0.858289 0.0044572 -0.0543839
-0.946336 0.0222932 -0.0594763
-0.997529 0.0363016 -0.0637151
-1.00598 0.0454839 -0.0667
-0.970422 0.0492676 -0.0682283
-0.892558 0.047541 -0.0682681
-0.776359 0.0406027 -0.066934
-0.628484 0.0290995 -0.0644682
-0.457623 0.0140124 -0.0611445
-0.273292 -0.00337313 -0.0572576
-0.0854499 -0.0215634 -0.053231
0.0962246 -0.0389693 -0.0496001
0.263862 -0.0540072 -0.0468237
0.411961 -0.0652335 -0.0451506
0.536677 -0.0714986 -0.04466
0.635132 -0.0720487 -0.0453643
0.705361 -0.0665675 -0.0472723
0.746548 -0.0552116 -0.0504048
0.759184 -0.038643 -0.0547361
0.744968 -0.0179957 -0.0600948
0.706916 0.00524933 -0.066142
0.649704 0.02942 -0.0724171
0.579483 0.0527841 -0.0784478
0.503311 0.0736818 -0.0838741
0.428719 0.0906722 -0.0884038
0.363262 0.102633 -0.091694
0.313337 0.10879 -0.0933953
0.282767 0.108743 -0.0932604
0.272561 0.102511 -0.0912069
0.281418 0.0905462 -0.0873921
0.305773 0.0736628 -0.082212
0.339947 0.0529693 -0.0761692
0.377137 0.0298251 -0.0697179
0.410146 0.00576816 -0.0631845
0.43132 -0.0175992 -0.0568555
0.43319 -0.0387147 -0.0510893
0.409768 -0.0561564 -0.0462409
0.357004 -0.068779 -0.0425698
0.272736 -0.0758534 -0.040209
0.157246 -0.0771408 -0.0391164
0.0137504 -0.0728922 -0.0391477
-0.152138 -0.0638042 -0.0401995
-0.332989 -0.050947 -0.0422102
-0.519425 -0.0356641 -0.0450564
-0.70031 -0.0194476 -0.0484757
-0.863918 -0.00379943 -0.052066
-0.999269 0.00990869 -0.0553789
-1.0968 0.0205537 -0.0580445
-1.149 0.0273336 -0.0598197
-1.1513 0.0297976 -0.0605908
-1.1028 0.0278529 -0.0603516
-1.00644 0.0217601 -0.059148
-0.869105 0.0121095 -0.0570776
-0.700963 -0.00022584 -0.0543466
-0.513416 -0.0141458 -0.0513029
-0.317038 -0.0283916 -0.0484056
-0.121003 -0.0416327 -0.0461232
0.066457 -0.0525693 -0.0447818
0.23779 -0.0600389 -0.0444615
0.386172 -0.0631209 -0.0450777
0.505859 -0.0612244 -0.0465827
0.593357 -0.0541489 -0.0490676
0.648514 -0.0421298 -0.0526608
0.673899 -0.0258608 -0.0573244
0.673134 -0.0064506 -0.062747
0.650108 0.0147044 -0.0684357
0.609085 0.0360832 -0.0739414
0.554811 0.0561808 -0.0790289
0.492661 0.0736139 -0.0835996
0.428467 0.0871968 -0.0874267
0.367443 0.0959949 -0.0900375
0.313336 0.0993817 -0.0909097
0.268829 0.0970995 -0.0897788
0.236003 0.0892872 -0.086816
0.215546 0.0764538 -0.0825236
0.205488 0.059415 -0.0773792
0.201181 0.0392258 -0.0715838
0.19676 0.0171249 -0.0651935
0.18694 -0.00550824 -0.0584484
0.16796 -0.027211 -0.0519265
0.137643 -0.0465435 -0.0463322
0.0948012 -0.0622429 -0.0420807
0.0382121 -0.0733666 -0.0391184
-0.0335843 -0.0793498 -0.0371776
-0.120952 -0.0799945 -0.0361529
-0.221823 -0.0754693 -0.0362335
-0.331958 -0.066342 -0.0377032
-0.446305 -0.0535675 -0.0405615
-0.56 -0.0383869 -0.0443342
-0.668291 -0.022178 -0.0483258
-0.765965 -0.00630974 -0.0520616
-0.847167 0.00797906 -0.0554445
-0.905655 0.0196592 -0.0585218
-0.935467 0.0279336 -0.0611448
-0.931864 0.0322438 -0.0628812
-0.891875 0.0323231 -0.0633168
-0.814491 0.0282786 -0.0624062
-0.70133 0.0206036 -0.0605159
-0.557632 0.0100955 -0.0581917
-0.392197 -0.00224909 -0.0558217
-0.215842 -0.0153072 -0.0534837
-0.0395244 -0.0278838 -0.0511837
0.127204 -0.0387807 -0.0491485
0.27761 -0.046889 -0.0478186
0.408116 -0.0513004 -0.0476255
0.51691 -0.0514113 -0.048744
0.602746 -0.0469751 -0.0510311
0.665239 -0.0381013 -0.0542064
0.705189 -0.0252399 -0.0580556
0.723996 -0.00915703 -0.0625097
0.72325 0.00911064 -0.0675268
0.704946 0.0283191 -0.0728639
0.671382 0.0470985 -0.0780563
0.62516 0.0640709 -0.0826045
0.57007 0.0779887 -0.0861325
0.511259 0.0878411 -0.0884708
0.453852 0.0929113 -0.0896031
0.40171 0.0928116 -0.0894837
0.356979 0.0875039 -0.0879538
0.319758 0.0772956 -0.084866
0.288174 0.0628196 -0.0802904
0.259136 0.0449966 -0.0745828
0.228845 0.0249583 -0.068253
0.192785 0.00394627 -0.0617778
0.146164 -0.0167809 -0.0554639
0.0849745 -0.036018 -0.0494796
0.00691643 -0.0526662 -0.0440488
-0.0881421 -0.0657879 -0.0395175
-0.198086 -0.0746798 -0.036227
-0.318795 -0.0789491 -0.0343584
-0.444854 -0.0785546 -0.0338334
-0.57038 -0.0737973 -0.0343959
-0.689271 -0.0652733 -0.0358229
-0.795377 -0.0538166 -0.0380134
-0.883426 -0.0404383 -0.0409097
-0.94958 -0.0262577 -0.0443637
-0.990762 -0.0124149 -0.0480538
-1.00442 2.55757e-05 -0.0515693
-0.989053 0.0101768 -0.0546132
-0.944093 0.0174187 -0.0570721
-0.869572 0.0214284 -0.0589084
-0.766723 0.0221569 -0.0600906
-0.638588 0.0198121 -0.0605924
-0.489581 0.0148538 -0.0603925
-0.325103 0.00795479 -0.0595619
-0.151565 -7.33152e-05 -0.0583483
0.0239557 -0.0083501 -0.057088
0.194154 -0.0159841 -0.0560791
0.352045 -0.0221387 -0.0555347
0.491731 -0.0261036 -0.0555663
0.608933 -0.0273472 -0.0562297
0.701146 -0.0255424 -0.0575859
0.767544 -0.0205864 -0.0596707
0.80853 -0.0126345 -0.0624341
0.825247 -0.00211595 -0.0657308
0.819701 0.0103009 -0.0693319
0.794865 0.0237654 -0.0729533
0.754093 0.0373033 -0.076362
0.70072 0.0498939 -0.0794109
0.638087 0.0605618 -0.0819296
0.569256 0.0684518 -0.0836995
0.496703 0.0728879 -0.0845141
0.422403 0.0734357 -0.0842097
0.347944 0.0699457 -0.0827115
0.274488 0.0625544 -0.0800631
0.202855 0.0516524 -0.0763888
0.133696 0.0378469 -0.0718564
0.0673995 0.021925 -0.0666878
0.00377263 0.00480762 -0.0611522
-0.0581623 -0.0125102 -0.0555433
-0.119885 -0.0290258 -0.0501786
-0.182703 -0.0437908 -0.0453614
-0.247285 -0.0559707 -0.0413485
-0.313662 -0.0648996 -0.0383455
-0.381508 -0.0701269 -0.0364541
-0.45031 -0.0714499 -0.0356509
-0.519303 -0.0689316 -0.0358465
-0.5872 -0.062898 -0.036949
-0.651688 -0.0539107 -0.0388868
-0.709019 -0.0427252 -0.0415647
-0.754463 -0.0302419 -0.0447943
-0.783441 -0.0174322 -0.0482921
-0.792232 -0.00523881 -0.0517596
-0.778098 0.0055165 -0.0549596
-0.739435 0.0141864 -0.0577591
-0.675888 0.020326 -0.0601032
-0.588048 0.0237094 -0.0619111
-0.477277 0.0243295 -0.0630571
-0.346074 0.0223891 -0.0634898
-0.198321 0.0182946 -0.0633104
-0.0393443 0.0126357 -0.0627419
0.124 0.00612676 -0.0620404
0.283756 -0.000471066 -0.0613924
0.432057 -0.00641445 -0.0608916
0.56248 -0.0110258 -0.0606164
0.670673 -0.0137379 -0.0607018
0.753848 -0.014142 -0.0613084
0.810119 -0.0120315 -0.0625084
0.838699 -0.00742879 -0.0642262
0.840563 -0.000590993 -0.0662927
0.818585 0.00801203 -0.0685705
0.77704 0.0177508 -0.0710119
0.720718 0.0278907 -0.0735346
0.653621 0.0376312 -0.0759101
0.578277 0.0461573 -0.0778288
0.496806 0.0527242 -0.0790264
0.412344 0.0567346 -0.0793969
0.329032 0.0577717 -0.079002
0.250745 0.0556114 -0.0779083
0.179906 0.0502422 -0.0760405
0.117306 0.0418786 -0.0732522
0.0627325 0.0309571 -0.0695596
0.0157414 0.0181154 -0.0652683
-0.0238439 0.00414612 -0.0608353
-0.0564455 -0.0100832 -0.056604
-0.0841561 -0.0237178 -0.0526567
-0.111327 -0.0359614 -0.0489445
-0.14306 -0.0460876 -0.0455396
-0.182873 -0.0534832 -0.0427306
-0.231637 -0.0577319 -0.0409149
-0.287739 -0.0586745 -0.040331
-0.347712 -0.0564096 -0.0408404
-0.407521 -0.0512554 -0.0420687
-0.46369 -0.0436958 -0.0437363
-0.513178 -0.0343192 -0.0458076
-0.55273 -0.0237841 -0.0483706
-0.578904 -0.0128199 -0.0513866
-0.588766 -0.00221063 -0.0545552
-0.580444 0.00728117 -0.057422
-0.553207 0.0150188 -0.0596409
-0.507511 0.0205587 -0.061173
-0.445129 0.0236634 -0.0622206
-0.368929 0.0242917 -0.0629718
-0.282247 0.0225851 -0.0633991
-0.188634 0.0188474 -0.0632928
-0.0919145 0.0135301 -0.0625306
0.00428227 0.00722373 -0.0612703
0.0968505 0.000613052 -0.0598731
0.18259 -0.00561543 -0.0587012
0.257729 -0.0108609 -0.0579242
0.318628 -0.0146465 -0.0574654
0.362619 -0.0166321 -0.0571907
0.388132 -0.0166235 -0.0571487
0.394854 -0.014578 -0.0575734
0.383861 -0.0106121 -0.0586551
0.357159 -0.00501762 -0.0603383
0.317202 0.00174814 -0.0623215
0.267036 0.00912122 -0.0642416
0.210662 0.0165045 -0.0658943
0.152699 0.023314 -0.0672945
0.0975844 0.0289963 -0.0685196
0.0491317 0.0330496 -0.0695061
0.0104813 0.0350649 -0.0700202
-0.016126 0.034779 -0.0698256
-0.029871 0.0321215 -0.0688822
-0.0314432 0.0272377 -0.0673768
-0.0225984 0.020462 -0.0655438
-0.00588654 0.0122575 -0.0635095
0.0155493 0.00316911 -0.0612987
0.0385533 -0.00619218 -0.0589241
0.0604279 -0.0151736 -0.0564949
0.0786008 -0.0231427 -0.0542453
0.0902353 -0.0295513 -0.052437
0.0926546 -0.0339747 -0.0512229
0.0840098 -0.0361413 -0.0506032
0.0637504 -0.0359579 -0.0505156
0.0327721 -0.0335084 -0.0509259
-0.0069308 -0.0290268 -0.0518253
-0.0526568 -0.0228763 -0.0531827
-0.10113 -0.0155378 -0.0549061
-0.148645 -0.00758286 -0.0568353
-0.191452 0.00038327 -0.0587814
-0.226235 0.00778276 -0.0605698
-0.250577 0.014098 -0.0620472
-0.263093 0.0188949 -0.0631164
-0.263007 0.0218596 -0.0637546
-0.249801 0.0228323 -0.0639665
-0.223322 0.0218126 -0.0637776
-0.183922 0.0189514 -0.0632259
-0.132585 0.0145452 -0.0623336
-0.0710601 0.00902662 -0.0611698
-0.00177001 0.00293494 -0.0599005
0.0722657 -0.00313526 -0.0587285
0.147388 -0.00859567 -0.0578105
0.219608 -0.0129212 -0.0572094
0.285012 -0.0156952 -0.0569165
0.339786 -0.0166367 -0.0569573
0.380545 -0.0156078 -0.057445
0.405012 -0.0126238 -0.0584717
0.412617 -0.0078751 -0.0600053
0.404453 -0.00172287 -0.0619124
