-5.51892e-07 5.66401e-08 -0.0577044
-0.000192245 1.46794e-07 -0.0577025
-0.00091674 3.08507e-07 -0.0576924
-0.00223615 -1.82797e-06 -0.0576688
-0.0040228 -1.26217e-05 -0.0576392
-0.00640083 -3.52025e-05 -0.0576236
-0.00984632 -6.32421e-05 -0.0576109
-0.0148811 -9.56111e-05 -0.0575444
-0.0215812 -0.000151402 -0.0574187
-0.0291489 -0.00025374 -0.0573205
-0.0358514 -0.000402456 -0.0572945
-0.0400216 -0.000572769 -0.0573007
-0.041591 -0.000740001 -0.0572924
-0.0418177 -0.00090158 -0.0572178
-0.0417046 -0.00107911 -0.0570537
-0.0417256 -0.00129541 -0.0568835
-0.0419075 -0.00153245 -0.0568287
-0.0414746 -0.00172947 -0.0568692
-0.0400037 -0.0018446 -0.0568565
-0.0386546 -0.00188383 -0.0567735
-0.0385644 -0.00186387 -0.0567122
-0.0386102 -0.00179543 -0.0566633
-0.0365034 -0.00169011 -0.0567126
-0.0316094 -0.00153463 -0.0570334
-0.0248261 -0.00128726 -0.0574231
-0.0175739 -0.000949702 -0.0575048
-0.0118946 -0.000601626 -0.057357
-0.00859374 -0.000308801 -0.0573408
-0.00552172 -5.24309e-05 -0.0575264
0.000565006 0.000212112 -0.0577655
0.0107407 0.00050184 -0.0580682
0.0231268 0.000822525 -0.0583838
0.0350911 0.00116734 -0.058431
0.0450201 0.00148998 -0.0582503
0.0511074 0.001725 -0.0582559
0.0516873 0.00186492 -0.0585762
0.0482659 0.00196555 -0.0588842
0.0440377 0.00204185 -0.0588615
0.0411095 0.00205735 -0.0587093
0.0405911 0.00202703 -0.0587504
0.040966 0.00199532 -0.0587053
0.0387489 0.00192184 -0.0584027
0.0331818 0.0016994 -0.0582864
0.0263838 0.00129394 -0.0584138
0.0202398 0.000838406 -0.0584446
0.0154018 0.000511979 -0.0582821
0.0101518 0.000298845 -0.0578156
0.000613772 1.52882e-05 -0.0572661
-0.0139321 -0.000420586 -0.0571172
-0.0274612 -0.000915848 -0.0571397
-0.0344285 -0.00134418 -0.0571487
-0.0371494 -0.00161012 -0.0574147
-0.0412743 -0.00168305 -0.0573789
-0.0504997 -0.00171685 -0.0564745
-0.0662004 -0.00195673 -0.0556759
-0.084186 -0.00238637 -0.0559496
-0.0948849 -0.00271938 -0.0565931
-0.0934585 -0.00279782 -0.0567298
-0.0843206 -0.00271777 -0.0566381
-0.0729286 -0.00261283 -0.0564601
-0.0615302 -0.00254475 -0.0559527
-0.0523064 -0.00251472 -0.0557628
-0.0479419 -0.00245373 -0.0564025
-0.0498936 -0.00228539 -0.0570377
-0.056109 -0.00202416 -0.0569422
-0.0620885 -0.00173554 -0.0564718
-0.0643966 -0.0014257 -0.0562661
-0.0606613 -0.00104046 -0.0565885
-0.0517553 -0.000598742 -0.0571408
-0.0444849 -0.000256929 -0.0575045
-0.0453583 -0.000124167 -0.0577348
-0.0536301 -0.000121734 -0.0576599
-0.064856 -0.000145841 -0.0569353
-0.0773481 -0.000230495 -0.056381
-0.0910879 -0.00047677 -0.0566327
-0.102972 -0.000911458 -0.0567778
-0.108072 -0.00146382 -0.0564821
-0.10359 -0.00201923 -0.0564358
-0.0895562 -0.0024554 -0.0565788
-0.0707599 -0.00274837 -0.056441
-0.0570019 -0.00304975 -0.0561134
-0.0546007 -0.00349933 -0.0559501
-0.0585153 -0.00400226 -0.0559832
-0.0607953 -0.00429527 -0.0559831
-0.0618366 -0.00418004 -0.0559534
-0.0660681 -0.00369496 -0.0558284
-0.0746454 -0.0031159 -0.0553968
-0.0866281 -0.00270065 -0.0552039
-0.0995737 -0.00237725 -0.0559593
-0.108077 -0.00187393 -0.0570062
-0.109968 -0.00118616 -0.0572645
-0.110855 -0.000630483 -0.057031
-0.116134 -0.000435538 -0.0568919
-0.122918 -0.000556941 -0.0565008
-0.123622 -0.000864324 -0.05606
-0.114443 -0.00127463 -0.0563972
-0.0972695 -0.00170826 -0.0570625
-0.0738208 -0.00208763 -0.0569379
-0.0436667 -0.00241247 -0.0561782
-0.00860101 -0.002701 -0.0559411
0.0272736 -0.00282718 -0.0567416
0.0606105 -0.00262166 -0.0576893
0.0895362 -0.00214576 -0.0579196
0.112814 -0.00157003 -0.0581214
0.130748 -0.000791028 -0.0588062
0.144968 0.000470057 -0.0590159
0.154336 0.00214332 -0.0586719
0.154667 0.00376645 -0.0590821
0.143846 0.00508326 -0.0603387
0.125362 0.00629192 -0.0611346
0.105766 0.00755677 -0.0610181
0.0897107 0.00864817 -0.0609091
0.0762419 0.00922436 -0.0613584
0.0588573 0.00918953 -0.061639
0.0339868 0.00859045 -0.0610539
0.00692959 0.00738723 -0.0600815
-0.0161583 0.00558666 -0.059558
-0.0381018 0.00345695 -0.0591848
-0.0684944 0.0012821 -0.0578124
-0.113465 -0.0010504 -0.0554198
-0.168566 -0.00383404 -0.0535745
-0.220154 -0.00691528 -0.0532376
-0.252387 -0.00968 -0.0534771
-0.258242 -0.0117137 -0.053237
-0.248873 -0.0131388 -0.0526059
-0.245121 -0.0142335 -0.0517299
-0.257397 -0.0150779 -0.050403
-0.280246 -0.0156607 -0.0492149
-0.302969 -0.0158957 -0.0495455
-0.317905 -0.0154644 -0.0512294
-0.320371 -0.0140951 -0.051942
-0.309409 -0.0120238 -0.0509565
-0.288207 -0.00978553 -0.0506216
-0.257696 -0.00758616 -0.0523003
-0.216161 -0.00527322 -0.0546798
-0.170188 -0.00286874 -0.0565868
-0.133589 -0.00065156 -0.0579709
-0.108041 0.00121924 -0.0584049
-0.0803532 0.0027384 -0.0575551
-0.0421172 0.00388785 -0.057072
0.0055336 0.00473227 -0.058604
0.0609975 0.00541585 -0.060564
0.12098 0.00592423 -0.060918
0.17974 0.00618009 -0.0607158
0.237218 0.00635006 -0.0612639
0.297275 0.00668125 -0.0618522
0.353238 0.00713669 -0.0623537
0.388276 0.00749724 -0.0634009
0.394288 0.00772327 -0.064028
0.378124 0.00799863 -0.0632177
0.348582 0.00847936 -0.0620249
0.310007 0.00914202 -0.0618046
0.265776 0.00979254 -0.0622718
0.214786 0.010161 -0.062416
0.152764 0.0101036 -0.0621725
0.0840955 0.0096695 -0.0618832
0.0191916 0.00887725 -0.0611973
-0.039974 0.00757536 -0.0601709
-0.0990925 0.00558615 -0.0594085
-0.160687 0.00285106 -0.0583548
-0.22271 -0.000505467 -0.0563255
-0.282297 -0.00417243 -0.0541042
-0.335658 -0.00785368 -0.0522329
-0.378535 -0.0114605 -0.0504412
-0.40793 -0.0149714 -0.0490988
-0.419014 -0.0181917 -0.0485817
-0.402416 -0.020771 -0.048552
-0.349649 -0.0223877 -0.048871
-0.259375 -0.0228726 -0.0496304
-0.134934 -0.0222256 -0.0507531
0.0221376 -0.02048 -0.0523391
0.214573 -0.017481 -0.0546388
0.446595 -0.0128876 -0.0577639
0.719184 -0.00643592 -0.061728
1.02768 0.0018991 -0.0663861
1.36388 0.0119674 -0.0715838
1.72129 0.0235577 -0.0776248
2.09734 0.0364977 -0.0849585
2.49042 0.0506794 -0.0933446
2.89663 0.0659048 -0.102056
3.30914 0.0817345 -0.110593
3.71941 0.0976258 -0.118714
4.11966 0.11319 -0.126389
4.50433 0.128169 -0.133727
4.86696 0.14225 -0.140723
5.19444 0.155095 -0.147247
5.46286 0.166469 -0.152753
5.63877 0.176161 -0.156262
5.68561 0.183785 -0.157417
5.57104 0.188708 -0.156745
5.2741 0.190222 -0.154656
4.78822 0.187769 -0.150848
4.11913 0.180947 -0.144505
3.28387 0.169311 -0.134968
2.30772 0.152238 -0.122265
1.22007 0.129076 -0.106881
0.0499184 0.0994615 -0.089294
-1.1649 0.0634548 -0.0696689
-2.34984 0.0214753 -0.0482859
-3.4128 -0.0255995 -0.0265117
-4.29705 -0.0759754 -0.00583028
-4.98644 -0.126915 0.0145741
-5.49176 -0.176032 0.0370123
-5.84704 -0.222109 0.059774
-6.08861 -0.263597 0.0768251
-6.23397 -0.297421 0.0874967
-6.29606 -0.320345 0.0962893
-6.30538 -0.33071 0.102241
-6.30259 -0.328523 0.102882
-6.3183 -0.314538 0.100078
-6.36009 -0.289819 0.0934634
-6.41206 -0.25602 0.0809363
-6.44811 -0.215459 0.0636534
-6.44898 -0.170835 0.0448668
-6.4059 -0.125138 0.0286242
-6.31009 -0.0817613 0.0164774
-6.14564 -0.0440689 0.0052908
-5.88881 -0.0143766 -0.00710412
-5.509 0.00632597 -0.0184974
-4.9778 0.0177079 -0.0270604
-4.28039 0.0200174 -0.0335189
-3.41872 0.0146117 -0.0377791
-2.41773 0.00358463 -0.0393871
-1.33194 -0.0111459 -0.0406691
-0.231502 -0.0276629 -0.0441986
0.823817 -0.0432457 -0.0490683
1.79528 -0.0545709 -0.0530781
2.65787 -0.0587382 -0.056303
3.39815 -0.0539471 -0.0608629
4.01553 -0.039627 -0.0686108
4.51243 -0.0161769 -0.0803584
4.88878 0.0155969 -0.0962461
5.14857 0.0546378 -0.114623
5.30014 0.0990307 -0.132218
5.34843 0.145614 -0.14756
5.2969 0.190577 -0.161622
5.15375 0.230401 -0.174343
4.92591 0.262357 -0.184
4.61399 0.284411 -0.189046
4.21874 0.294855 -0.18818
3.7514 0.292245 -0.181211
3.23834 0.275924 -0.170055
2.71144 0.246496 -0.156736
2.19462 0.205606 -0.141575
1.69622 0.155409 -0.123756
1.20752 0.0982773 -0.102313
0.714008 0.036859 -0.0775649
0.212177 -0.0257046 -0.0518064
-0.287989 -0.0858679 -0.0272829
-0.774581 -0.140103 -0.00525522
-1.24131 -0.185315 0.0133689
-1.68344 -0.219069 0.0288385
-2.09145 -0.23969 0.0411506
-2.45121 -0.246394 0.0480436
-2.7525 -0.239374 0.0475882
-2.99926 -0.219722 0.0405802
-3.20735 -0.189389 0.0295538
-3.38901 -0.151145 0.017149
-3.53939 -0.108262 0.00457633
-3.63573 -0.0640096 -0.0085553
-3.64822 -0.0214032 -0.022455
-3.55469 0.0167565 -0.0362164
-3.34546 0.0480372 -0.0486306
-3.01529 0.0707453 -0.0586283
-2.55788 0.0840532 -0.065597
-1.97241 0.0878854 -0.0704817
-1.27628 0.0828611 -0.0747744
-0.508394 0.0702781 -0.0780467
0.283583 0.0520247 -0.0788903
1.05838 0.0304558 -0.077217
1.7879 0.00830257 -0.0742263
2.45213 -0.0115298 -0.07153
3.03018 -0.0264604 -0.0701286
3.50252 -0.0346974 -0.0703115
3.85859 -0.035215 -0.0727752
4.10023 -0.0274019 -0.0781151
4.24053 -0.0109984 -0.0859175
4.29454 0.0133586 -0.0954822
4.26542 0.0437217 -0.106348
4.14292 0.0773547 -0.117831
3.92109 0.111513 -0.128189
3.61132 0.143588 -0.135703
3.23809 0.171025 -0.140813
2.83167 0.191582 -0.144384
2.42166 0.203583 -0.145253
2.02777 0.205822 -0.142157
1.65669 0.197582 -0.135687
1.31081 0.178898 -0.12667
0.991078 0.150544 -0.114952
0.688346 0.113866 -0.100822
0.384414 0.0708117 -0.0850338
0.0653141 0.0239168 -0.067262
-0.273476 -0.0240145 -0.0474111
-0.632165 -0.070204 -0.0273825
-1.00876 -0.11199 -0.00940856
-1.39679 -0.146996 0.00574146
-1.78739 -0.173401 0.0178003
-2.17308 -0.190035 0.0260298
-2.544 -0.196332 0.0300564
-2.88405 -0.192422 0.0304122
-3.17735 -0.179303 0.027578
-3.41529 -0.158705 0.021469
-3.59153 -0.132673 0.0127401
-3.69449 -0.103314 0.00329322
-3.71007 -0.0728127 -0.00586705
-3.6259 -0.0433154 -0.0154628
-3.43081 -0.0166225 -0.025584
-3.11766 0.0059191 -0.0350927
-2.68978 0.023306 -0.0437105
-2.1615 0.0349471 -0.0519214
-1.55508 0.0408628 -0.0592111
-0.900613 0.0416168 -0.0646529
-0.234315 0.0380381 -0.068407
0.410111 0.0311589 -0.0711634
1.01105 0.0223707 -0.0731067
1.55921 0.0133726 -0.0742882
2.05021 0.0058391 -0.0752391
2.47996 0.00115364 -0.0767165
2.84461 0.000309033 -0.0790501
3.14064 0.00383779 -0.0823271
3.36569 0.0118419 -0.0871196
3.52081 0.0241308 -0.0937133
3.60934 0.0402154 -0.101065
3.63095 0.0591287 -0.107958
3.57923 0.0794142 -0.114025
3.44805 0.0994156 -0.118977
3.23889 0.117548 -0.122396
2.96071 0.132371 -0.124338
2.62652 0.142647 -0.124999
2.25153 0.147429 -0.123885
1.85163 0.146021 -0.12015
1.44217 0.137921 -0.113826
1.03852 0.122956 -0.105833
0.657056 0.101506 -0.0967381
0.312575 0.0745429 -0.0863589
0.0134987 0.0434683 -0.0744964
-0.241945 0.00999049 -0.0612871
-0.467566 -0.0239535 -0.0469974
-0.685228 -0.0563835 -0.0321776
-0.91606 -0.0855332 -0.0181173
-1.17235 -0.109919 -0.00649348
-1.45179 -0.128193 0.00170225
-1.73739 -0.139177 0.00658361
-2.0062 -0.142261 0.00864847
-2.24149 -0.137703 0.00792434
-2.43837 -0.12652 0.00445989
-2.60101 -0.110224 -0.000864323
-2.73737 -0.0906086 -0.00713373
-2.85396 -0.0694916 -0.0138836
-2.95135 -0.0484837 -0.0202211
-3.02438 -0.0289997 -0.0250751
-3.06494 -0.0124016 -0.028401
-3.06278 7.63535e-05 -0.0311147
-3.00485 0.00758411 -0.0339535
-2.87887 0.00978881 -0.0369111
-2.68157 0.00681262 -0.0395499
-2.423 -0.000893222 -0.0411815
-2.12248 -0.0126356 -0.0410182
-1.80055 -0.0275133 -0.0388475
-1.47379 -0.0443558 -0.0354587
-1.15329 -0.0616 -0.0319846
-0.84414 -0.0773562 -0.0287881
-0.548426 -0.0897777 -0.0257235
-0.271269 -0.0974226 -0.0234668
-0.0210709 -0.0993105 -0.0233333
0.196815 -0.0948721 -0.0260143
0.381624 -0.084075 -0.0316058
0.531736 -0.0674889 -0.0401086
0.643831 -0.046091 -0.0506271
0.717622 -0.0211607 -0.0609949
0.756185 0.00560455 -0.0697472
0.762985 0.0322096 -0.0774049
0.742187 0.0568246 -0.0845543
0.700658 0.0780341 -0.0903597
0.647691 0.0946824 -0.0940132
0.595566 0.105796 -0.0958858
0.561641 0.110793 -0.0965348
0.563957 0.109603 -0.0960212
0.610373 0.10251 -0.0945114
0.693594 0.0900362 -0.0922756
0.798066 0.0730286 -0.0888599
0.909766 0.0527195 -0.0834138
1.02006 0.0306596 -0.0761571
1.12517 0.00861942 -0.0684388
1.22447 -0.0115292 -0.0612639
1.31429 -0.0280469 -0.0549498
1.37947 -0.039558 -0.0500261
1.39623 -0.0451062 -0.0471514
1.34422 -0.0442268 -0.0463198
1.2107 -0.0371667 -0.0473784
0.989487 -0.0249051 -0.0507875
0.683965 -0.00885272 -0.0563015
0.311105 0.00933536 -0.0619999
-0.100127 0.0277116 -0.0663672
-0.515385 0.0441444 -0.0695802
-0.899523 0.0567001 -0.07177
-1.22202 0.0639235 -0.0722814
-1.46411 0.0648142 -0.0707254
-1.61735 0.0588294 -0.0673078
-1.67519 0.0460683 -0.0623803
-1.63042 0.0273405 -0.0562132
-1.48186 0.00404998 -0.0495506
-1.23967 -0.0219589 -0.0434265
-0.922858 -0.0485792 -0.0378845
-0.554549 -0.07365 -0.0325693
-0.15919 -0.0951015 -0.0281539
0.242341 -0.110961 -0.0257265
0.637142 -0.119443 -0.0256927
1.01569 -0.119276 -0.0280469
1.36529 -0.109906 -0.033134
1.6727 -0.0914123 -0.0411324
1.9299 -0.0644562 -0.0513245
2.13323 -0.0303991 -0.0632586
2.28006 0.00871978 -0.0772445
2.36959 0.0504515 -0.0926244
2.40482 0.0921662 -0.107495
2.39233 0.131134 -0.12044
2.34055 0.164703 -0.131031
2.25714 0.190622 -0.138836
2.1465 0.207203 -0.142995
2.00955 0.213275 -0.142987
1.84626 0.208233 -0.139113
1.65913 0.192307 -0.131841
1.45319 0.166638 -0.121311
1.23245 0.132951 -0.107876
0.998889 0.0932288 -0.0926452
0.754011 0.0497086 -0.0767758
0.499258 0.00496962 -0.0607183
0.236074 -0.0382404 -0.0448796
-0.034829 -0.0773676 -0.0300505
-0.314673 -0.110303 -0.0169054
-0.605181 -0.135422 -0.00600002
-0.905759 -0.151604 0.00212302
-1.21311 -0.158274 0.0070482
-1.52305 -0.155441 0.00849124
-1.83284 -0.143787 0.00677032
-2.14089 -0.124758 0.00271508
-2.4428 -0.100461 -0.00328684
-2.72788 -0.073316 -0.0110433
-2.98066 -0.0457319 -0.0197595
-3.18647 -0.0199947 -0.0282771
-3.336 0.00171455 -0.03544
-3.42426 0.0174362 -0.0403435
-3.44524 0.0257244 -0.0427501
-3.38922 0.0259117 -0.0430032
-3.24596 0.0181837 -0.0416092
-3.01033 0.00346784 -0.038924
-2.68597 -0.0167575 -0.0349693
-2.2851 -0.0406245 -0.029864
-1.82445 -0.0659572 -0.0244388
-1.32099 -0.0903441 -0.0199228
-0.791789 -0.111314 -0.0171936
-0.256285 -0.126582 -0.0166252
0.263763 -0.134264 -0.0182078
0.747705 -0.133015 -0.0217245
1.18043 -0.122137 -0.0273293
1.55397 -0.101654 -0.0356767
1.86495 -0.0723257 -0.0471676
2.11179 -0.0355661 -0.0613967
2.29501 0.00665082 -0.0771936
2.41889 0.0518613 -0.0931703
2.49197 0.0972484 -0.108501
2.5249 0.139887 -0.122791
2.52627 0.176992 -0.13532
2.50062 0.20612 -0.145054
2.45074 0.22535 -0.151055
2.38057 0.233457 -0.15265
2.29494 0.230023 -0.149775
2.19625 0.215403 -0.142995
2.08243 0.190614 -0.132997
1.94856 0.157233 -0.120424
1.79066 0.117361 -0.105985
1.60866 0.0735767 -0.0903847
1.40476 0.0287288 -0.0743564
1.17824 -0.0143879 -0.058696
0.923012 -0.0533231 -0.0440947
0.631403 -0.0860955 -0.0311021
0.299732 -0.111187 -0.020271
-0.0707004 -0.127512 -0.01213
-0.475846 -0.134503 -0.00686479
-0.909318 -0.132338 -0.00422553
-1.36193 -0.122082 -0.00399321
-1.81998 -0.105492 -0.00625964
-2.26175 -0.0846045 -0.0109421
-2.66053 -0.0615458 -0.0172562
-2.9951 -0.0385648 -0.0240595
-3.25444 -0.0179806 -0.0303513
-3.43198 -0.00195411 -0.0350974
-3.51947 0.0078076 -0.0376886
-3.50744 0.0103713 -0.0386418
-3.38814 0.00573603 -0.0384385
-3.15914 -0.00535765 -0.036593
-2.82775 -0.0217468 -0.0329312
-2.40991 -0.0419061 -0.0283476
-1.92289 -0.0638301 -0.023969
-1.38179 -0.08514 -0.0206836
-0.804479 -0.103424 -0.0192983
-0.215191 -0.116511 -0.0202219
0.359844 -0.122608 -0.0230345
0.898204 -0.120429 -0.0272284
1.38238 -0.109307 -0.033272
1.80012 -0.0892117 -0.0420903
2.14585 -0.0607585 -0.0537306
2.41898 -0.0252226 -0.0673227
2.62194 0.0155429 -0.0820794
2.76259 0.0593035 -0.0974057
2.85463 0.103553 -0.112418
2.91106 0.145539 -0.126452
2.93836 0.182455 -0.139258
2.93769 0.211816 -0.149884
2.90845 0.231762 -0.156653
2.84955 0.241108 -0.158639
2.75947 0.239291 -0.156079
2.63683 0.226408 -0.149568
2.48084 0.203275 -0.139653
2.29185 0.171379 -0.126989
2.07284 0.13278 -0.112398
1.82925 0.0899641 -0.0966391
1.56562 0.045598 -0.0803088
1.28163 0.00222055 -0.064165
0.971157 -0.037917 -0.0491562
0.625425 -0.0728339 -0.0358057
0.23806 -0.100861 -0.0240964
-0.191302 -0.120836 -0.0141608
-0.656678 -0.132247 -0.00652635
-1.14639 -0.135184 -0.0016164
-1.6439 -0.130289 0.000558861
-2.13021 -0.118779 0.000132355
-2.58652 -0.10237 -0.00275246
-2.99533 -0.0830769 -0.00752446
-3.34099 -0.0630617 -0.0130903
-3.61122 -0.0445174 -0.0185085
-3.79752 -0.0294445 -0.0232835
-3.89339 -0.0193728 -0.0268506
-3.8933 -0.0152225 -0.0285583
-3.79377 -0.0172974 -0.028293
-3.59418 -0.0252754 -0.026497
-3.2961 -0.0382089 -0.0236791
-2.90383 -0.05463 -0.0203929
-2.42669 -0.0727167 -0.0174875
-1.88031 -0.0904238 -0.01581
-1.286 -0.105618 -0.0156744
-0.670915 -0.116296 -0.0170072
-0.066662 -0.120812 -0.0198935
0.496255 -0.118001 -0.0245765
0.994299 -0.107224 -0.0311207
1.41309 -0.0883882 -0.0395423
1.74757 -0.0619596 -0.0499484
2.00166 -0.0289682 -0.0621405
2.18496 0.00899581 -0.0755486
2.30806 0.0498345 -0.0896603
2.38152 0.0910784 -0.103957
2.41692 0.130085 -0.117627
2.42651 0.164279 -0.129766
2.42085 0.19141 -0.139524
2.40675 0.209756 -0.145958
2.38579 0.218209 -0.148226
2.3535 0.216285 -0.146089
2.3018 0.204159 -0.139998
2.22339 0.182701 -0.130737
2.11413 0.153447 -0.119149
1.97252 0.118453 -0.106034
1.79853 0.080066 -0.0921281
1.59352 0.0406824 -0.0780635
1.35961 0.00257343 -0.0644847
1.09787 -0.0322124 -0.0521141
0.807117 -0.0619153 -0.0413928
0.484696 -0.085167 -0.0322552
0.128548 -0.101125 -0.0245176
-0.260193 -0.109522 -0.0183552
-0.673441 -0.110578 -0.0142355
-1.09502 -0.104917 -0.0124862
-1.50498 -0.0935768 -0.0131893
-1.8851 -0.0780159 -0.0161907
-2.22061 -0.0600225 -0.020827
-2.49934 -0.041583 -0.0261031
-2.71104 -0.0247032 -0.0313811
-2.84769 -0.0111618 -0.036338
-2.9048 -0.00228565 -0.0403258
-2.88248 0.00113407 -0.0424491
-2.78463 -0.00117187 -0.042204
-2.61599 -0.00893655 -0.0397905
-2.37961 -0.0213156 -0.035992
-2.07788 -0.0369393 -0.0318355
-1.71652 -0.054088 -0.0282468
-1.30758 -0.0708897 -0.0258165
-0.868659 -0.0854791 -0.0246941
-0.419502 -0.0961582 -0.0248347
0.0209062 -0.101551 -0.0264872
0.43586 -0.100687 -0.0300896
0.811054 -0.0930182 -0.0356497
1.13415 -0.0784494 -0.0426838
1.39573 -0.0573737 -0.0507142
1.59205 -0.0306705 -0.0595425
1.72663 0.000348176 -0.0692032
1.80809 0.034004 -0.0798067
1.84564 0.0683454 -0.0911884
1.84639 0.101274 -0.102572
1.81551 0.130668 -0.112749
1.75726 0.154511 -0.120675
1.67557 0.171061 -0.125822
1.57436 0.17906 -0.127949
1.4574 0.177869 -0.126753
1.32747 0.167494 -0.122014
1.1864 0.14859 -0.113886
1.03646 0.122408 -0.10288
0.880844 0.0906676 -0.0898815
0.721702 0.0553773 -0.0761587
0.55819 0.0187118 -0.0629166
0.386612 -0.0170943 -0.0507256
0.201996 -0.049921 -0.039629
3.77066e-05 -0.0779713 -0.0297577
-0.220916 -0.0998978 -0.0215364
-0.45893 -0.114823 -0.015372
-0.709019 -0.122327 -0.0114517
-0.963749 -0.12245 -0.00978726
-1.21343 -0.115676 -0.0102452
-1.44772 -0.102911 -0.0125805
-1.65768 -0.0854448 -0.0165525
-1.83538 -0.0649202 -0.0219781
-1.97319 -0.043226 -0.0286237
-2.06453 -0.0222718 -0.0360415
-2.10436 -0.00374048 -0.0434207
-2.08952 0.0109993 -0.0496681
-2.01954 0.0208672 -0.0539848
-1.89621 0.0251386 -0.056291
-1.72209 0.0236081 -0.0568179
-1.49977 0.0166819 -0.0557617
-1.23307 0.00532822 -0.0534812
-0.929046 -0.00907262 -0.0504029
-0.598408 -0.02491 -0.0468949
-0.254171 -0.0405097 -0.0435328
0.0898419 -0.0542516 -0.0410934
0.420179 -0.0646341 -0.040233
0.724533 -0.0703604 -0.041156
0.99167 -0.0704901 -0.0435345
1.21142 -0.064577 -0.0469995
1.37646 -0.0526968 -0.0515206
1.48518 -0.0353796 -0.0571787
1.54262 -0.0135363 -0.0640022
1.55813 0.011596 -0.0719524
1.54188 0.0385348 -0.0806453
1.50223 0.0656326 -0.0892304
1.44467 0.0911196 -0.0968698
1.37309 0.113179 -0.103213
1.29144 0.13014 -0.108197
1.2036 0.140729 -0.111546
1.11267 0.144208 -0.112646
1.02078 0.140344 -0.110859
0.929823 0.129334 -0.10602
0.84234 0.111809 -0.0986624
0.760992 0.08886 -0.0896886
0.686528 0.0619925 -0.0799487
0.616041 0.033002 -0.0700402
0.543453 0.00379138 -0.0602137
0.461586 -0.023813 -0.0506582
0.364079 -0.0481943 -0.0419282
0.246432 -0.0680159 -0.0347631
0.106264 -0.0822785 -0.0296112
-0.0567142 -0.0903939 -0.0265038
-0.240399 -0.0922263 -0.0252078
-0.439503 -0.0880723 -0.0254473
-0.645152 -0.0786281 -0.0270713
-0.846126 -0.06497 -0.0300756
-1.03142 -0.0484946 -0.0344431
-1.19227 -0.0307704 -0.0398557
-1.32197 -0.0133631 -0.0455683
-1.41405 0.00227018 -0.0507189
-1.46208 0.0148365 -0.0548323
-1.46135 0.0233026 -0.0578639
-1.41058 0.0270256 -0.0597531
-1.3123 0.0258168 -0.06024
-1.17236 0.0199246 -0.0591817
-0.997915 0.0100131 -0.0567622
-0.795122 -0.00287654 -0.0533614
-0.569203 -0.0174401 -0.0495155
-0.326764 -0.0322451 -0.0459501
-0.0769665 -0.0458198 -0.0432386
0.169273 -0.0567493 -0.0414903
0.399869 -0.0638262 -0.0406708
0.601934 -0.0661813 -0.0409841
0.764257 -0.063334 -0.0426775
0.880196 -0.0552121 -0.0457698
0.94781 -0.0421522 -0.0501862
0.968788 -0.024841 -0.0558165
0.948103 -0.00425215 -0.0622526
0.893215 0.0183417 -0.0688748
0.81216 0.041377 -0.0753638
0.712519 0.0631543 -0.0816599
0.602188 0.0820676 -0.087385
0.489621 0.096746 -0.0918269
0.382241 0.106095 -0.0944257
0.285368 0.109354 -0.0949072
0.202679 0.106181 -0.0931204
0.136239 0.096692 -0.0890946
0.0861994 0.0814488 -0.0832497
0.0519429 0.0614441 -0.076201
0.0331657 0.0380545 -0.0683359
0.0287028 0.0129102 -0.0599661
0.0348452 -0.0122707 -0.0516798
0.0453153 -0.0358177 -0.0441137
0.052036 -0.0562193 -0.0376761
0.0459893 -0.0722265 -0.0326884
0.0193161 -0.0829259 -0.0294244
-0.031962 -0.0877713 -0.027931
-0.107334 -0.0866154 -0.0280851
-0.2036 -0.079747 -0.0298069
-0.316393 -0.0678949 -0.0330294
-0.439852 -0.0521704 -0.0375324
-0.565871 -0.0339643 -0.0429641
-0.684478 -0.0148169 -0.0489561
-0.784958 0.00372382 -0.0550778
-0.85731 0.0202111 -0.0607261
-0.894485 0.0333584 -0.0652777
-0.894174 0.0421166 -0.0683858
-0.857993 0.0458099 -0.0699258
-0.788947 0.0442383 -0.0697686
-0.690329 0.0376717 -0.0679361
-0.566263 0.0267932 -0.0647818
-0.42184 0.0126491 -0.0607173
-0.262839 -0.00344322 -0.0560433
-0.096048 -0.0200424 -0.0512233
0.0708079 -0.0357005 -0.0469377
0.230041 -0.0490318 -0.0436842
0.374536 -0.0588099 -0.0416022
0.497695 -0.064095 -0.0407433
0.593772 -0.0643165 -0.0412099
0.658827 -0.0592869 -0.0430127
0.691634 -0.0492015 -0.0460651
0.693896 -0.0346411 -0.0503153
0.669658 -0.0165304 -0.0556963
0.624686 0.00395866 -0.0619273
0.56595 0.0254835 -0.0684745
0.500695 0.046569 -0.0748184
0.435583 0.0656921 -0.0806621
0.376212 0.0814474 -0.0857034
0.326955 0.092693 -0.0894336
0.290593 0.0986149 -0.0913941
0.26792 0.0987664 -0.0913853
0.25837 0.093124 -0.0893525
0.26103 0.0820968 -0.0853867
0.274613 0.0664672 -0.0798829
0.296868 0.0473353 -0.073472
0.32451 0.0260722 -0.0666932
0.352908 0.00420097 -0.0598438
0.375513 -0.016773 -0.0532479
0.384514 -0.035488 -0.0473911
0.372346 -0.0507919 -0.0426381
0.332709 -0.0618045 -0.0391402
0.261296 -0.0679812 -0.0370016
0.15693 -0.0691476 -0.0362381
0.0225539 -0.0654997 -0.0367111
-0.135107 -0.0575858 -0.0382779
-0.306613 -0.0462698 -0.0408655
-0.480661 -0.0326663 -0.0443463
-0.645194 -0.018046 -0.0484329
-0.78909 -0.00372585 -0.0526911
-0.903478 0.00903811 -0.0566386
-0.981943 0.0191436 -0.0598311
-1.02043 0.0257219 -0.0619265
-1.0173 0.0282177 -0.062774
-0.973214 0.0264608 -0.0623862
-0.890981 0.0206972 -0.0608035
-0.775622 0.0115522 -0.0581115
-0.634104 -6.30533e-05 -0.054588
-0.473995 -0.0130513 -0.0507162
-0.30221 -0.0262041 -0.0470542
-0.125259 -0.0382653 -0.04411
0.0495803 -0.0480236 -0.0421997
0.213655 -0.0544426 -0.0413666
0.357491 -0.0567921 -0.0415308
0.472397 -0.0547135 -0.0427193
0.552955 -0.0481989 -0.0450657
0.59876 -0.0375371 -0.0486203
0.613609 -0.0232869 -0.0532457
0.603155 -0.00627205 -0.0586413
0.573394 0.0124385 -0.0643933
0.530309 0.0315824 -0.0700946
0.47967 0.0498003 -0.0755071
0.4268 0.065772 -0.080493
0.37595 0.0783464 -0.0847213
0.329352 0.0866178 -0.0876262
0.287337 0.0899642 -0.0887002
0.250025 0.0880797 -0.087735
0.218784 0.081014 -0.0848873
0.195548 0.0692046 -0.0805928
0.180679 0.053462 -0.0752875
0.171823 0.0348833 -0.0692024
0.164873 0.014723 -0.062516
0.155865 -0.00571619 -0.0556273
0.142029 -0.0251409 -0.04917
0.121445 -0.0423172 -0.0437312
0.0917521 -0.0561701 -0.0395681
0.0491185 -0.0659055 -0.0366421
-0.0108261 -0.0710759 -0.0348555
-0.0901508 -0.0715703 -0.0341726
-0.186515 -0.067591 -0.0346586
-0.293822 -0.0596391 -0.0364771
-0.404812 -0.0484759 -0.0396418
-0.513179 -0.0350598 -0.0437323
-0.613756 -0.0204979 -0.0480834
-0.701563 -0.00599889 -0.0522529
-0.77141 0.00722721 -0.0561286
-0.818341 0.0181139 -0.0596308
-0.838541 0.0258409 -0.0624557
-0.829969 0.0298691 -0.0641659
-0.791812 0.0299687 -0.0644835
-0.723604 0.0262553 -0.0634047
-0.625724 0.0191796 -0.0611653
-0.501088 0.00946454 -0.0582314
-0.356162 -0.00196089 -0.0550923
-0.200065 -0.0140156 -0.0519841
-0.0424947 -0.0255407 -0.0490135
0.108183 -0.0354088 -0.0464405
0.246171 -0.0426368 -0.0446793
0.368105 -0.0464701 -0.0441111
0.47138 -0.0464275 -0.0449089
0.553208 -0.0423154 -0.0469831
0.611645 -0.0342374 -0.0500689
0.646608 -0.0226138 -0.0539008
0.65963 -0.00816717 -0.0583824
0.653242 0.00815102 -0.0634766
0.630565 0.02525 -0.0689153
0.594824 0.0419724 -0.0742274
0.549295 0.057164 -0.0789722
0.498104 0.0697471 -0.0827946
0.446299 0.0787911 -0.0854518
0.398351 0.0835867 -0.0868625
0.356758 0.0837216 -0.0869676
0.32176 0.0791212 -0.0855823
0.291648 0.0700343 -0.0825394
0.263655 0.0570023 -0.0779539
0.235119 0.0408285 -0.07222
0.203782 0.0225359 -0.065823
0.167196 0.00330077 -0.0592326
0.122431 -0.0156411 -0.0528175
0.0666907 -0.0331071 -0.0468335
-0.00175643 -0.0480647 -0.0415571
-0.0831103 -0.0596958 -0.0373245
-0.176098 -0.0674399 -0.0344202
-0.278241 -0.0710219 -0.0329683
-0.38634 -0.070458 -0.03287
-0.496676 -0.0660418 -0.0338771
-0.604494 -0.0583185 -0.0357571
-0.703843 -0.0480453 -0.0383558
-0.788711 -0.0361278 -0.0415648
-0.854098 -0.0235363 -0.0452341
-0.895928 -0.0112313 -0.0490552
-0.91107 -0.000105199 -0.0526354
-0.897753 0.00908002 -0.0557183
-0.855474 0.0157545 -0.0581706
-0.784874 0.0195668 -0.0598516
-0.688241 0.0203919 -0.0607099
-0.56969 0.0183584 -0.0608164
-0.434301 0.013865 -0.0601757
-0.287325 0.0075331 -0.0587911
-0.134048 0.000116552 -0.0569206
0.0202306 -0.0075678 -0.0549992
0.170148 -0.0146799 -0.0533805
0.310436 -0.0204101 -0.0522749
0.436317 -0.0240635 -0.0518169
0.543876 -0.0251394 -0.0521232
0.630318 -0.0233655 -0.0532786
0.693991 -0.0187057 -0.055269
0.73412 -0.0113681 -0.0579897
0.750665 -0.00179281 -0.0613116
0.74479 0.00939811 -0.0650214
0.71919 0.0214514 -0.0687905
0.677668 0.033522 -0.072368
0.624566 0.0447311 -0.0756294
0.564226 0.054242 -0.0783858
0.500299 0.0613193 -0.0803809
0.435285 0.065371 -0.0814268
0.370599 0.0659957 -0.0813894
0.306873 0.0630229 -0.0801602
0.244204 0.056523 -0.0777307
0.182459 0.0467954 -0.0742159
0.121656 0.0343578 -0.0698119
0.0621 0.0199289 -0.0647602
0.00405289 0.00438094 -0.0593099
-0.0526908 -0.0113395 -0.0537455
-0.108787 -0.0262961 -0.0484203
-0.164943 -0.0396264 -0.0436808
-0.221586 -0.0505823 -0.0398039
-0.278872 -0.0585664 -0.0369908
-0.337029 -0.0631749 -0.0353135
-0.396476 -0.064242 -0.0347138
-0.457467 -0.0618648 -0.0351084
-0.519414 -0.056387 -0.0364432
-0.580097 -0.0483415 -0.0386503
-0.635306 -0.0383877 -0.0415836
-0.679649 -0.0272742 -0.045003
-0.708077 -0.0158057 -0.0486305
-0.716763 -0.00479055 -0.0521967
-0.703267 0.0050198 -0.0554493
-0.666556 0.0129874 -0.058223
-0.606965 0.0186483 -0.0604552
-0.525835 0.0217599 -0.0620464
-0.425147 0.022309 -0.0628474
-0.307514 0.0204909 -0.0628385
-0.176218 0.0166901 -0.062177
-0.0353938 0.0114551 -0.0610842
0.109536 0.00544721 -0.0597899
0.251886 -0.000628889 -0.0585212
0.384695 -0.00608436 -0.0574666
0.502167 -0.0102935 -0.0567652
0.60043 -0.0127375 -0.0565504
0.676953 -0.0130512 -0.0569491
0.729672 -0.0110643 -0.0580071
0.757144 -0.00682478 -0.059648
0.759497 -0.000599555 -0.0617319
0.739077 0.00716536 -0.0641681
0.700193 0.0159123 -0.06689
0.647893 0.0250169 -0.0696925
0.58617 0.033793 -0.0722647
0.517204 0.0415109 -0.0743687
0.442682 0.0474737 -0.0758445
0.365591 0.0511124 -0.0765681
0.290273 0.0520465 -0.0765074
0.220733 0.0501029 -0.0756696
0.158968 0.0453088 -0.0739609
0.104851 0.0378639 -0.0712561
0.0573579 0.0281195 -0.0676464
0.0158981 0.016589 -0.0634917
-0.0192275 0.00396017 -0.0591907
-0.0478942 -0.00895265 -0.054969
-0.0720808 -0.0213175 -0.0509038
-0.0963394 -0.0323772 -0.0470904
-0.125754 -0.041492 -0.0437052
-0.163271 -0.0481657 -0.0409989
-0.208756 -0.0520655 -0.0393188
-0.259763 -0.0530247 -0.0389086
-0.312826 -0.0510467 -0.0396152
-0.364752 -0.0463381 -0.0410387
-0.413195 -0.039333 -0.0429364
-0.456075 -0.0306514 -0.0452993
-0.490812 -0.0210069 -0.0481304
-0.514495 -0.0111238 -0.05129
-0.524673 -0.00168209 -0.0544912
-0.519741 0.00672057 -0.0573465
-0.498703 0.013589 -0.0595153
-0.461084 0.0185359 -0.0609211
-0.407398 0.0213028 -0.0617683
-0.339497 0.0218136 -0.0622764
-0.260407 0.0202099 -0.0624111
-0.174039 0.016817 -0.0619616
-0.0847299 0.0120744 -0.0608703
0.00369297 0.00648663 -0.0593388
0.0882911 0.000597738 -0.057673
0.16621 -0.00503585 -0.0561871
0.233966 -0.00987322 -0.055098
0.288053 -0.013426 -0.0543857
0.326038 -0.0153203 -0.0539269
0.347001 -0.0153553 -0.0537967
0.351563 -0.0135115 -0.0542513
0.341469 -0.00992139 -0.0554307
0.318639 -0.00484933 -0.0572181
0.284651 0.00131618 -0.059339
0.241308 0.00808168 -0.0614891
0.191579 0.0148853 -0.0634423
0.139571 0.0211439 -0.0651317
0.0895696 0.026309 -0.0665813
0.0452485 0.0299246 -0.0677226
0.00951504 0.0316686 -0.0683348
-0.0155152 0.0313638 -0.0682018
-0.0287875 0.0289789 -0.0673086
-0.0304632 0.0246306 -0.0658208
-0.021897 0.0185785 -0.0639108
-0.00563417 0.0112045 -0.0617146
0.0149328 0.00299767 -0.0593546
0.0364652 -0.00546322 -0.0568926
0.0563879 -0.0135633 -0.0543767
0.0725524 -0.0207367 -0.0519979
0.0826261 -0.026519 -0.0500714
0.0842901 -0.0305486 -0.048801
0.0758736 -0.0325696 -0.0481775
0.0569638 -0.0324624 -0.0481362
0.0286179 -0.0302696 -0.04867
-0.00710293 -0.0261939 -0.0497553
-0.0476841 -0.0205805 -0.051303
-0.0903527 -0.0138939 -0.0532059
-0.132131 -0.00667396 -0.0553394
-0.169977 0.000532558 -0.0575205
-0.201108 0.00721902 -0.0595027
-0.223474 0.0129228 -0.0610641
-0.235841 0.0172339 -0.0621419
-0.237287 0.0198479 -0.0627821
-0.226889 0.0206247 -0.0629795
-0.203922 0.019602 -0.0627094
-0.168265 0.0169639 -0.0620005
-0.12078 0.013002 -0.0609041
-0.0633818 0.00809126 -0.0595212
0.00128131 0.00267659 -0.0580353
0.0699959 -0.00274723 -0.0566378
0.138969 -0.00766891 -0.0554636
0.204158 -0.0116106 -0.0545771
0.261768 -0.0141855 -0.0540028
0.308518 -0.0151319 -0.0538293
0.342047 -0.0143137 -0.054203
0.361225 -0.011724 -0.0551673
0.366286 -0.00750764 -0.0566536
0.358592 -0.00196427 -0.0585919
