-5.77831e-06 -2.94621e-07 -0.0101748
-5.70373e-05 1.78648e-06 -0.0102145
-0.000163828 3.252e-06 -0.0103122
-0.000235321 1.08899e-06 -0.010392
-0.000283301 9.70455e-07 -0.0104334
-0.000404169 4.19298e-06 -0.010523
-0.000651053 8.35101e-06 -0.0107274
-0.000960129 9.52859e-06 -0.0110006
-0.00117548 5.3928e-06 -0.011194
-0.00118828 -6.51418e-07 -0.0111811
-0.000976691 -6.29763e-06 -0.0109313
-0.000685201 -6.48136e-06 -0.0105713
-0.000583951 8.46796e-07 -0.0103689
-0.000647456 3.82977e-06 -0.0103705
-0.000635828 5.50287e-07 -0.0103565
-0.000621284 3.04906e-06 -0.0103443
-0.0007966 6.60942e-06 -0.0105579
-0.00115681 6.35389e-06 -0.0110094
-0.0016607 1.11446e-05 -0.0115746
-0.0021899 1.86579e-05 -0.0121119
-0.00238597 1.64536e-05 -0.0123215
-0.00189516 2.25039e-06 -0.0118731
-0.000956947 -6.49377e-06 -0.0109346
-0.00029459 2.15288e-06 -0.010188
-2.27009e-05 7.45688e-06 -0.00986748
0.000188024 5.92037e-06 -0.0096619
0.000344548 5.34754e-06 -0.00952972
0.000368483 -2.18546e-06 -0.00961165
0.00027216 -8.77968e-06 -0.00986762
0.000213162 -1.46233e-05 -0.0101111
0.000176436 -1.3614e-05 -0.01028
2.50225e-05 2.05184e-06 -0.010425
0.000175216 8.20761e-06 -0.0102527
0.000922396 -2.77208e-06 -0.00955762
0.001374 2.14287e-06 -0.00909689
0.000986695 1.36234e-05 -0.00947515
0.000681687 -2.39749e-06 -0.0099266
0.000920406 -1.83918e-05 -0.00979451
0.00134789 -2.38128e-05 -0.00934279
0.00158183 -1.55018e-05 -0.00897283
0.00124771 1.06449e-05 -0.00908678
0.000838288 4.09556e-06 -0.00948283
0.0010571 -2.56657e-05 -0.00941457
0.00139257 -1.68536e-05 -0.00902429
0.00125427 6.88319e-06 -0.00902001
0.000674907 6.07031e-06 -0.00960841
-0.000438352 5.42626e-06 -0.0107198
-0.00174805 1.76174e-05 -0.0119041
-0.00200327 8.64671e-06 -0.0121236
-0.000714761 -2.62392e-05 -0.0109429
0.000266413 -1.49929e-05 -0.00981514
-0.00057813 3.22041e-05 -0.0103041
-0.00193036 3.40202e-05 -0.0115223
-0.00228411 1.68763e-05 -0.0118266
-0.00185135 7.50982e-06 -0.0113286
-0.00146176 -1.01179e-05 -0.0110219
-0.00156436 -1.61921e-05 -0.0112277
-0.00202881 -4.36756e-06 -0.0116792
-0.00237985 1.49908e-06 -0.0119617
-0.00196854 2.64142e-06 -0.0114234
-0.000783086 1.71817e-05 -0.0100709
-1.76944e-05 2.37219e-05 -0.00935568
-0.00111092 2.84076e-05 -0.0106907
-0.00360826 4.72514e-05 -0.0133765
-0.00473091 2.19677e-05 -0.0147789
-0.00373356 -1.33605e-05 -0.0139361
-0.00271149 -8.53824e-07 -0.0126875
-0.00215734 3.73325e-06 -0.011931
-0.00147103 1.06364e-06 -0.0111449
-0.000890201 1.47297e-05 -0.010387
-0.000382727 2.40628e-05 -0.00972464
0.000109937 1.781e-05 -0.00921696
-0.000311747 4.36657e-06 -0.00975498
-0.0024188 3.78114e-06 -0.0120128
-0.00514079 9.09428e-06 -0.0148694
-0.00599408 -5.94484e-06 -0.0158483
-0.00426165 -2.01518e-05 -0.0140765
-0.00181144 -1.85568e-05 -0.0114091
-0.00042063 -4.21914e-06 -0.00972461
-0.000194743 2.77713e-05 -0.00919824
-0.000299986 3.85418e-05 -0.00926121
-0.000372783 2.23865e-05 -0.00959091
-0.000387214 3.32945e-06 -0.00998601
-0.00142483 2.46227e-05 -0.0112481
-0.00457486 6.4923e-05 -0.0144912
-0.00788571 5.48839e-05 -0.017993
-0.00839315 2.26754e-05 -0.0185712
-0.00614487 1.59385e-05 -0.0160329
-0.00336652 2.1281e-05 -0.0128388
-0.00138257 3.51472e-06 -0.0106062
-0.000402078 -9.23499e-06 -0.00938884
-3.80494e-05 -6.9769e-06 -0.00874097
0.000216364 -4.8123e-06 -0.00831419
0.000476846 -1.35348e-05 -0.00815862
0.000192943 -3.88234e-05 -0.00889899
-0.00176346 -3.28353e-05 -0.0113221
-0.0047874 1.28825e-05 -0.0145447
-0.00547822 1.32492e-05 -0.0154803
-0.00267768 -2.35696e-05 -0.0129483
0.000264445 -3.97674e-06 -0.00991992
0.00115194 4.15538e-05 -0.0088736
0.00148642 4.00263e-05 -0.00876162
0.00298728 -8.667e-06 -0.00777302
0.00462883 -1.17461e-05 -0.00635353
0.00473624 3.54681e-05 -0.00618799
0.00343279 4.17483e-05 -0.00770506
0.00154157 8.32289e-06 -0.0100717
-0.000166419 -1.17023e-05 -0.0120855
-0.000972879 1.77801e-05 -0.0127225
-7.69845e-05 2.5988e-05 -0.0115556
0.00212971 -3.68383e-05 -0.0093298
0.00373887 -8.72441e-05 -0.00754658
0.00384487 -4.96767e-05 -0.00673252
0.00361049 7.26036e-06 -0.0062295
0.00442282 -3.55674e-05 -0.00539882
0.0052887 -0.00010122 -0.00483578
0.00363628 -5.60167e-05 -0.00632405
-0.00113952 5.18361e-05 -0.0106716
-0.00674017 9.26178e-05 -0.0162063
-0.0103709 4.33053e-05 -0.0201157
-0.0110573 -5.55292e-06 -0.020842
-0.0096418 1.99556e-06 -0.0189598
-0.00691885 2.14652e-06 -0.015709
-0.00394242 -1.08645e-05 -0.0122265
-0.00277243 4.99235e-05 -0.0101348
-0.0032861 0.000120433 -0.00977994
-0.00336045 0.000100297 -0.00983898
-0.00356921 3.78885e-05 -0.0107584
-0.0068874 3.5403e-05 -0.0148212
-0.0132772 9.44935e-05 -0.0216486
-0.0177703 9.19771e-05 -0.0265564
-0.016816 2.85497e-05 -0.02582
-0.0123145 8.20788e-06 -0.0209159
-0.00699561 1.73953e-05 -0.0149818
-0.00187569 1.60087e-05 -0.00955941
0.00154153 1.90268e-05 -0.00612278
0.00218274 2.41404e-05 -0.00565184
0.00223612 -2.09285e-05 -0.00617155
0.00322162 -7.52409e-05 -0.00601422
0.00231492 -6.16007e-05 -0.00767675
-0.00172322 -2.80307e-05 -0.012543
-0.00490441 -1.0937e-05 -0.0165203
-0.00337806 -1.06362e-05 -0.0154598
0.00200022 -3.13238e-05 -0.0102392
0.00763037 -3.90978e-05 -0.00452848
0.0114501 -2.6893e-05 -0.000605693
0.0129245 -1.46688e-06 0.000804823
0.0120377 2.51617e-05 -0.000332758
0.0103437 2.95074e-05 -0.00240614
0.00918829 1.41581e-05 -0.00398159
0.00687599 -3.57089e-06 -0.00666585
0.00202913 -1.01197e-05 -0.0116917
-0.00234057 -6.28301e-06 -0.0158668
-0.00298758 1.11845e-05 -0.0158059
-0.000253637 -4.09345e-06 -0.0121413
0.00366554 -5.59616e-05 -0.0072893
0.00644005 -7.38225e-05 -0.00344518
0.00665514 -6.01759e-05 -0.00223238
0.00473589 -5.27843e-05 -0.00355607
0.00186127 -3.57199e-05 -0.0061096
-0.00168449 -2.76517e-06 -0.00949191
-0.00651362 1.73641e-05 -0.0144188
-0.012516 2.92712e-05 -0.0206329
-0.0174525 4.33844e-05 -0.0256102
-0.0184398 4.14851e-05 -0.0264471
-0.0147874 1.20031e-05 -0.0225386
-0.00821814 -1.24447e-05 -0.015552
-0.000710255 -2.76062e-05 -0.0076707
0.00642042 -5.33694e-05 -0.000577507
0.0126514 -7.50593e-05 0.00509673
0.0184327 -9.39379e-05 0.00967913
0.0237861 -0.000124636 0.0130443
0.0275312 -0.000141066 0.0142291
0.0296513 -0.000136696 0.0134777
0.0324691 -0.000146436 0.0132278
0.0385674 -0.000180312 0.0162526
0.0490577 -0.00023829 0.023768
0.0629236 -0.000303473 0.0348024
0.0781338 -0.000369866 0.0472693
0.0936353 -0.000451449 0.0599534
0.109092 -0.000534883 0.0725139
0.123596 -0.000596479 0.0840857
0.135872 -0.000645429 0.0932071
0.14496 -0.000697377 0.0987702
0.150409 -0.000726519 0.100601
0.152349 -0.000694198 0.099355
0.150918 -0.000588333 0.0955864
0.146062 -0.00046107 0.089269
0.137702 -0.000362747 0.0802973
0.125801 -0.000284655 0.0688919
0.111093 -0.000224288 0.0560352
0.0944586 -0.000170033 0.0428936
0.0763447 -0.00013743 0.0299916
0.0574528 -0.00015842 0.0178838
0.0379841 -0.000171238 0.00690648
0.0180081 -0.000160771 -0.00321456
-0.00369096 -9.7852e-05 -0.0141396
-0.0260776 -0.00010679 -0.026105
-0.0419681 -0.000382914 -0.0334551
-0.0527743 -0.000443263 -0.0354744
-0.0678007 -0.000103891 -0.0409201
-0.0877712 0.00019471 -0.0534637
-0.109513 0.000449807 -0.0703348
-0.131815 0.000733753 -0.089792
-0.154915 0.00108052 -0.111856
-0.179905 0.001487 -0.137234
-0.206048 0.00179789 -0.165068
-0.230456 0.00197099 -0.191551
-0.248469 0.0020912 -0.210427
-0.25417 0.00216241 -0.215287
-0.244272 0.00197949 -0.204307
-0.224126 0.00157586 -0.183358
-0.203467 0.0012694 -0.160831
-0.184447 0.0010735 -0.139177
-0.163696 0.000740722 -0.117043
-0.143915 0.000346558 -0.0974567
-0.131207 9.70538e-05 -0.0861244
-0.125662 -8.50156e-05 -0.0839986
-0.121767 -0.000287479 -0.0857802
-0.113325 -0.00043277 -0.0840159
-0.0974945 -0.000437792 -0.0746378
-0.0750313 -0.000321601 -0.0581843
-0.0482981 -0.000147909 -0.0376604
-0.0212108 2.15445e-05 -0.0177597
0.0022288 0.000214856 -0.00239522
0.0213225 0.000443062 0.00807134
0.0364939 0.00060054 0.0140105
0.0452466 0.000670929 0.013512
0.0480512 0.000643907 0.00778414
0.0520788 0.000533132 0.00476186
0.0637833 0.000401465 0.0116802
0.0836911 0.000214529 0.0290327
0.108221 -3.41252e-05 0.0529607
0.133494 -0.000335245 0.0791471
0.156359 -0.000671623 0.103765
0.173594 -0.000976901 0.123008
0.181345 -0.00116956 0.132694
0.175901 -0.00123116 0.128846
0.157244 -0.00127746 0.110995
0.129925 -0.00132165 0.0842639
0.10198 -0.00132756 0.0576617
0.0809948 -0.00131083 0.0391449
0.0677224 -0.00118643 0.029985
0.0593719 -0.000969644 0.0272551
0.0548842 -0.00073112 0.0292737
0.0527007 -0.00046062 0.0340768
0.0494017 -0.000182962 0.0373885
0.0404226 9.17319e-05 0.0336825
0.0212945 0.000383379 0.0180728
-0.00902759 0.000708443 -0.0102005
-0.0456188 0.00103855 -0.0455051
-0.0796152 0.00128417 -0.0783225
-0.103714 0.00139803 -0.100756
-0.115624 0.0014004 -0.110148
-0.117471 0.00135626 -0.108463
-0.112508 0.00131105 -0.0990902
-0.101943 0.00117624 -0.0842065
-0.0873201 0.000904065 -0.0662127
-0.0733416 0.000580853 -0.0500035
-0.0646299 0.000254941 -0.0406137
-0.0627533 -4.4585e-05 -0.0398718
-0.0658569 -0.000264353 -0.045462
-0.0683971 -0.000418162 -0.0513575
-0.0642874 -0.000550079 -0.0511544
-0.051502 -0.000646971 -0.0424609
-0.0322998 -0.000681158 -0.0274391
-0.0111803 -0.000604363 -0.0105526
0.00891825 -0.000445222 0.00497485
0.0281169 -0.000305203 0.0186979
0.0452551 -0.000186242 0.0294844
0.0565373 -4.47485e-05 0.0339437
0.0590051 0.000150901 0.0296111
0.0545524 0.000325594 0.0185988
0.0500825 0.000366789 0.00807999
0.0514567 0.000338522 0.00506599
0.0603576 0.000271561 0.011811
0.0754488 0.000109384 0.0265207
0.0932949 -0.000108226 0.0454806
0.10986 -0.000293017 0.0645454
0.121989 -0.000416809 0.0800487
0.128632 -0.00058512 0.0897209
0.128353 -0.000819293 0.0915006
0.118533 -0.00102136 0.083127
0.100367 -0.00114894 0.0662384
0.0799053 -0.00118979 0.0473767
0.063013 -0.00115577 0.0328271
0.0516879 -0.00106424 0.0247103
0.0453728 -0.000939348 0.0222587
0.0423336 -0.000763797 0.0235075
0.0392463 -0.000525552 0.0247543
0.0324199 -0.000257527 0.0217725
0.0202224 2.25624e-05 0.0126544
0.00284853 0.000303161 -0.00244722
-0.019672 0.00058451 -0.0233117
-0.0463495 0.000868638 -0.0485056
-0.0725795 0.00110322 -0.0731067
-0.0926014 0.00123911 -0.0910392
-0.104154 0.00130234 -0.0995671
-0.107461 0.00128802 -0.098959
-0.103091 0.00117678 -0.0903122
-0.0935592 0.00100829 -0.0765872
-0.0835204 0.000846326 -0.0627878
-0.076016 0.000680048 -0.0526181
-0.0713102 0.000462432 -0.0469941
-0.0697069 0.000232503 -0.0461867
-0.0713847 4.5311e-05 -0.0499979
-0.0738717 -8.86259e-05 -0.0556131
-0.0728066 -0.000187757 -0.058353
-0.0654343 -0.000261992 -0.0551175
-0.052068 -0.000287969 -0.0458142
-0.0345166 -0.000254576 -0.0321088
-0.0147945 -0.000212037 -0.0164305
0.00422956 -0.000186183 -0.00200236
0.0196236 -0.000144893 0.0083376
0.0308634 -9.59324e-05 0.0141298
0.0387259 -5.6318e-05 0.0163139
0.0432865 -1.65431e-05 0.0154585
0.0456856 1.64846e-05 0.0131871
0.0492828 1.24916e-05 0.0131088
0.0570171 -4.46869e-05 0.0182737
0.0687994 -0.000130508 0.0286674
0.0823472 -0.00022339 0.0418815
0.0950739 -0.000318285 0.0550308
0.104485 -0.000405491 0.0653444
0.108339 -0.00047574 0.0703463
0.105804 -0.000541426 0.0689284
0.0977254 -0.000615737 0.0617807
0.0853719 -0.000680736 0.0503517
0.070263 -0.000711 0.0365938
0.055213 -0.000700871 0.0237276
0.0438705 -0.000685466 0.0154629
0.0380521 -0.000679015 0.0135124
0.0366697 -0.000650104 0.0166337
0.0375276 -0.000587568 0.0221684
0.0382584 -0.000491879 0.0271828
0.036052 -0.000345828 0.0285293
0.0278842 -0.000112222 0.0231482
0.0117326 0.000208979 0.00898872
-0.0115428 0.000525179 -0.0133876
-0.0386876 0.000777551 -0.0405708
-0.0655035 0.000974854 -0.0675831
-0.0869396 0.00109151 -0.0887154
-0.0986008 0.00110306 -0.0991135
-0.0990607 0.00103092 -0.0970027
-0.0902432 0.000930161 -0.0842765
-0.0758295 0.00082475 -0.0652245
-0.0600739 0.000696714 -0.0451927
-0.0481198 0.000554815 -0.0302187
-0.0448891 0.000424981 -0.0256753
-0.0522722 0.000319459 -0.0334901
-0.0679285 0.000234928 -0.0509704
-0.0864187 0.000150928 -0.0720973
-0.101518 7.17058e-05 -0.089831
-0.107803 4.87683e-06 -0.0980424
-0.102158 -6.10569e-05 -0.0933356
-0.0857455 -0.000107091 -0.0768491
-0.0630549 -0.000119219 -0.0534463
-0.039075 -0.000113996 -0.0289604
-0.0185035 -0.000102563 -0.00897817
-0.00615215 -5.24965e-05 0.00126107
-0.00530037 6.18476e-05 -0.00151115
-0.0147692 0.000192926 -0.0159065
-0.0294687 0.000306081 -0.0360992
-0.0436166 0.00041208 -0.0551684
-0.0519932 0.000483796 -0.0671643
-0.0503078 0.000467209 -0.0676383
-0.0373507 0.00036845 -0.0553272
-0.0163199 0.000249824 -0.0334297
0.00774359 0.000122707 -0.00753065
0.0305559 -4.48111e-05 0.0171391
0.0478886 -0.000234988 0.035645
0.0552679 -0.000382821 0.0432479
0.0507486 -0.000448828 0.0379727
0.0373 -0.000476395 0.0227981
0.0208113 -0.000511618 0.00402039
0.00691498 -0.00054225 -0.0118345
0.000193354 -0.00055022 -0.0194314
0.00327312 -0.000537911 -0.0159492
0.0150608 -0.000505943 -0.00272695
0.0313596 -0.00043571 0.0155997
0.0479293 -0.000334115 0.0340832
0.0613516 -0.000231297 0.0484701
0.0675339 -0.00011759 0.0542267
0.0629718 3.74149e-05 0.0479008
0.0484299 0.000217298 0.03053
0.0285212 0.000408255 0.00741896
0.00786085 0.000621128 -0.0158095
-0.00950516 0.000791233 -0.0345976
-0.0199013 0.000852781 -0.0450806
-0.0220823 0.000817082 -0.0457775
-0.0176371 0.000705613 -0.0383319
-0.00938737 0.000543062 -0.0258803
0.000523249 0.000309922 -0.0112753
0.0100268 8.46965e-06 0.00271242
0.0156369 -0.000266129 0.0123875
0.0150776 -0.000467104 0.0151576
0.00882024 -0.000585415 0.011177
-0.00145156 -0.000632756 0.0020114
-0.0133328 -0.00063651 -0.00984024
-0.0235213 -0.000595935 -0.0207111
-0.0289121 -0.00052904 -0.0272581
-0.0290157 -0.000426896 -0.0287481
-0.0253945 -0.000275389 -0.0265525
-0.0186008 -0.000117874 -0.0214191
-0.00874738 1.46715e-05 -0.0136769
0.00191583 0.000142788 -0.00556229
0.0103867 0.00025586 -0.00020955
0.0155116 0.000327692 0.00116046
0.0178015 0.000368353 -0.000608793
0.018477 0.000383934 -0.00382487
0.0194831 0.000363767 -0.00616189
0.0232808 0.000276069 -0.00501702
0.0308193 0.000123325 0.000680843
0.040849 -5.2011e-05 0.00986599
0.0521601 -0.000232341 0.0212715
0.0645092 -0.000435204 0.0342974
0.0768646 -0.00066074 0.0475561
0.0862255 -0.000843885 0.0579962
0.0895996 -0.000931265 0.062569
0.086652 -0.000956756 0.0605346
0.0788832 -0.000950917 0.0532251
0.0677149 -0.000878294 0.0424845
0.0548425 -0.000732603 0.030354
0.0420824 -0.00055186 0.0187081
0.0305671 -0.000365599 0.0087243
0.0212354 -0.000181059 0.00143018
0.0146219 2.9028e-05 -0.00249765
0.0101831 0.000256728 -0.00380491
0.00611336 0.000458587 -0.00479951
-0.000292505 0.000640017 -0.00838905
-0.0106224 0.000812103 -0.0161948
-0.0239494 0.000946497 -0.0274323
-0.0384767 0.00102624 -0.0402847
-0.0532847 0.00106489 -0.0535433
-0.0676323 0.00106897 -0.0661695
-0.079922 0.0010244 -0.0764018
-0.0879181 0.000904178 -0.081997
-0.0900548 0.000709943 -0.0814161
-0.0867852 0.000480556 -0.0751722
-0.0804563 0.000249958 -0.0658502
-0.073871 3.74695e-05 -0.0566188
-0.0689144 -0.000148908 -0.049715
-0.0660682 -0.000299394 -0.0458436
-0.0647354 -0.000409125 -0.0445666
-0.0644014 -0.000472575 -0.0454244
-0.0651328 -0.000469979 -0.0482809
-0.0661337 -0.000401237 -0.0520485
-0.0651736 -0.000289231 -0.0542369
-0.0602522 -0.000153124 -0.0526223
-0.0509597 -1.42006e-05 -0.0467697
-0.0387188 0.000119156 -0.0381753
-0.0258935 0.00025218 -0.0292189
-0.0141899 0.000375779 -0.0216008
-0.00419565 0.000475021 -0.0158219
0.00415784 0.000531606 -0.0116818
0.0112979 0.000523543 -0.00867322
0.0176283 0.00045352 -0.0062104
0.0235415 0.000350031 -0.00355132
0.0302294 0.0002154 0.000724091
0.0393889 3.10937e-05 0.00835996
0.0516273 -0.000198095 0.019969
0.0657916 -0.000443329 0.0343011
0.0795519 -0.000665 0.0487899
0.0904617 -0.000835451 0.0606608
0.0970818 -0.000954633 0.0681141
0.0991195 -0.00102611 0.0706535
0.0966395 -0.00103576 0.068394
0.0897419 -0.000969741 0.0615858
0.0789645 -0.000832078 0.0508976
0.0658981 -0.000645392 0.0380578
0.0530923 -0.000431374 0.0258262
0.0428494 -0.000210085 0.0166793
0.0358018 3.90407e-06 0.0113144
0.0305242 0.000220131 0.00832884
0.0248359 0.000438199 0.00539386
0.017409 0.000635539 0.000880831
0.00809986 0.000791876 -0.00560377
-0.00301704 0.000901786 -0.0140858
-0.016751 0.000984505 -0.0252549
-0.0335064 0.00102822 -0.0394475
-0.0512516 0.000990198 -0.0546336
-0.0665777 0.000878738 -0.0671194
-0.0765997 0.0007106 -0.0738092
-0.0799043 0.000487591 -0.0734041
-0.0775974 0.000251912 -0.0671129
-0.0725325 4.04821e-05 -0.0580267
-0.0668209 -0.00015326 -0.0487933
-0.0609898 -0.000338209 -0.0404934
-0.055695 -0.000489007 -0.0340992
-0.0530381 -0.000561421 -0.0317951
-0.054564 -0.000552202 -0.0351407
-0.0589596 -0.000479196 -0.0425985
-0.0628122 -0.000357652 -0.0502925
-0.0629529 -0.000211344 -0.054644
-0.0578467 -6.00784e-05 -0.0538641
-0.0476385 7.80044e-05 -0.0480112
-0.0340104 0.000204391 -0.0386693
-0.0190458 0.000325895 -0.0277833
-0.00356493 0.000418205 -0.0162233
0.0119075 0.000453676 -0.00467573
0.025131 0.000445346 0.00462131
0.0339173 0.000402842 0.00952671
0.0390242 0.000311074 0.0108855
0.0432658 0.000172733 0.0118534
0.0490691 -2.92611e-06 0.0152389
0.057628 -0.000210343 0.0224123
0.0690722 -0.000437092 0.0334662
0.0823442 -0.000654228 0.0471762
0.0954335 -0.000827119 0.0612918
0.106315 -0.000936568 0.0734796
0.113307 -0.000991629 0.0816497
0.114575 -0.00100432 0.083633
0.10843 -0.000950716 0.0777706
0.0952934 -0.000818786 0.0646893
0.0783103 -0.000637476 0.047713
0.0611772 -0.000437501 0.0308342
0.0463523 -0.000227004 0.0169468
0.0351041 -9.72771e-06 0.00761459
0.0277688 0.000192587 0.00311112
0.023254 0.000379766 0.00215165
0.0191804 0.000568232 0.00210528
0.0129912 0.00074569 -1.90068e-05
0.002871 0.000876861 -0.00650511
-0.0119813 0.00094494 -0.0183254
-0.0311869 0.000968527 -0.0348686
-0.0524524 0.000948483 -0.0535569
-0.0719821 0.000868621 -0.0703761
-0.0864625 0.000733407 -0.0817498
-0.0942529 0.000564041 -0.085845
-0.0950845 0.000373099 -0.0824991
-0.0898616 0.000161462 -0.0730342
-0.0810798 -4.97043e-05 -0.0604348
-0.072253 -0.000227922 -0.0486882
-0.0662578 -0.000356226 -0.0411303
-0.0643947 -0.000431923 -0.0393623
-0.0666108 -0.000448594 -0.0433046
-0.0715917 -0.000400702 -0.0513227
-0.0765337 -0.000304745 -0.0602084
-0.07803 -0.000189357 -0.0661567
-0.0738836 -6.48066e-05 -0.0665384
-0.0636679 6.80214e-05 -0.0606014
-0.0482046 0.000198165 -0.0491021
-0.0296724 0.000317955 -0.0343226
-0.0112952 0.00041632 -0.0197018
0.00405143 0.000479703 -0.00832301
0.0148531 0.000500946 -0.001747
0.0210389 0.000472184 8.63662e-05
0.0238348 0.000389035 -0.00128437
0.0256839 0.000255283 -0.00296835
0.0294041 8.80311e-05 -0.00168709
0.037015 -0.000102895 0.00479261
0.0492101 -0.000316972 0.0170561
0.0651847 -0.000535409 0.0340351
0.0827191 -0.000735601 0.0530893
0.0983566 -0.000887486 0.0703111
0.108448 -0.000965924 0.0816507
0.110621 -0.000965571 0.0844135
0.1042 -0.000884936 0.0778302
0.0903662 -0.000739127 0.0631973
0.0719281 -0.00054339 0.0436949
0.0524938 -0.000320825 0.0234287
0.0354333 -9.93895e-05 0.00626115
0.023248 0.000102358 -0.0049207
0.0173745 0.00026437 -0.00859119
0.0173467 0.000391666 -0.00536085
0.0202662 0.000506397 0.00153599
0.021914 0.000617149 0.00735244
0.0187894 0.000705492 0.00799797
0.00914792 0.000757531 0.00138515
-0.00685314 0.000770933 -0.0123496
-0.0270412 0.000736156 -0.0308667
-0.0478887 0.000656464 -0.0502593
-0.0657164 0.000545707 -0.0663524
-0.0774046 0.000411389 -0.0756491
-0.08075 0.000248346 -0.0758687
-0.0753224 5.44132e-05 -0.0668323
-0.063375 -0.000151848 -0.0512734
-0.0494204 -0.000330401 -0.0342579
-0.0382341 -0.000448178 -0.0211083
-0.0328138 -0.000503845 -0.0152941
-0.0338899 -0.000503958 -0.0177094
-0.0403475 -0.000447483 -0.0270047
-0.0494957 -0.000344395 -0.0400508
-0.0577989 -0.00021479 -0.0527771
-0.0619739 -7.27977e-05 -0.0612867
-0.0595718 6.89399e-05 -0.0626143
-0.0493834 0.000186152 -0.0553674
-0.0322797 0.000260435 -0.0405513
-0.0115541 0.000299218 -0.0217493
0.00830946 0.00031877 -0.00380131
0.0235085 0.000329277 0.00919479
0.0321247 0.000324467 0.0151698
0.0343003 0.000288491 0.0143171
0.0318216 0.000215186 0.00871434
0.0276124 0.000108338 0.00171358
0.0248056 -1.72644e-05 -0.00308744
0.0257571 -0.000145552 -0.00295866
0.031742 -0.000276132 0.00348206
0.0426551 -0.000413935 0.0159386
0.0564387 -0.000548838 0.0319605
0.0693345 -0.000653381 0.0472955
0.0774258 -0.00070445 0.0574997
0.0781956 -0.000693243 0.0596538
0.0709894 -0.000614401 0.0530157
0.0569489 -0.000473977 0.0389129
0.0387966 -0.000295057 0.0203878
0.0200452 -0.000101503 0.00135453
0.00385433 9.51533e-05 -0.0145972
-0.00766241 0.000288353 -0.0250312
-0.0135893 0.000461741 -0.0289651
-0.0144479 0.000593788 -0.0271231
-0.0123906 0.000676472 -0.0220051
-0.0105186 0.000719314 -0.0170874
-0.0115385 0.00073312 -0.0154329
-0.0168028 0.000716666 -0.0186688
-0.0261011 0.000666255 -0.0266444
-0.037918 0.00058943 -0.03763
-0.0500492 0.000499869 -0.0490621
-0.0600259 0.000389627 -0.0582459
-0.0654157 0.000239471 -0.0626853
-0.06486 6.89778e-05 -0.0608953
-0.058663 -9.63051e-05 -0.0531908
-0.0484781 -0.000252828 -0.0415246
-0.036915 -0.000390203 -0.0288686
-0.0266669 -0.000496427 -0.0182638
-0.0196424 -0.000555457 -0.0118616
-0.0166285 -0.000554103 -0.0105248
-0.0172386 -0.000498642 -0.0138045
-0.0202803 -0.00039916 -0.0202328
-0.0240112 -0.000266765 -0.0276288
-0.026089 -0.000124487 -0.0332524
-0.0242702 3.47009e-06 -0.0345953
-0.0177539 0.00010904 -0.0307015
-0.00756877 0.000197444 -0.0225534
0.00437559 0.000265271 -0.0121787
0.016095 0.000302216 -0.00176224
0.0257336 0.000308733 0.00670034
0.0320445 0.000284964 0.0118444
0.034862 0.00022526 0.0134088
0.0349503 0.000134628 0.0122232
0.0335926 3.19868e-05 0.00982496
0.0323226 -6.74522e-05 0.00804292
0.0326158 -0.000162381 0.00852629
0.0354091 -0.000263982 0.012155
0.0405945 -0.000375343 0.0186148
0.0467887 -0.000466604 0.0263592
0.0520089 -0.000514731 0.0331734
0.0545603 -0.000525153 0.0370483
0.0533834 -0.000500824 0.0367643
0.0483956 -0.000442424 0.0322341
0.0404579 -0.000349475 0.0244065
0.0307917 -0.00022131 0.0146633
0.0205888 -6.45593e-05 0.00439217
0.0110639 0.000104467 -0.00499649
0.00347961 0.00026154 -0.0121021
-0.00139727 0.000390719 -0.0160898
-0.00393634 0.000488933 -0.0173624
-0.00550156 0.000556628 -0.0174314
-0.00754862 0.000593166 -0.0179296
-0.0107771 0.000593295 -0.0196923
-0.0151368 0.000555111 -0.0227009
-0.0202583 0.00048373 -0.0265371
-0.0255337 0.000380126 -0.0305784
-0.0301953 0.000250065 -0.0340443
-0.0335062 0.000111808 -0.0361201
-0.0348168 -1.90784e-05 -0.0361005
-0.0336347 -0.000148012 -0.033591
-0.0300016 -0.00028354 -0.0288197
-0.0249427 -0.000405503 -0.0229196
-0.0200456 -0.000486365 -0.0175745
-0.0164633 -0.000517574 -0.014094
-0.0145635 -0.000504132 -0.0129594
-0.0142716 -0.000452517 -0.014071
-0.0151903 -0.000371191 -0.0169045
-0.0164261 -0.00027464 -0.0204107
-0.0169243 -0.000169282 -0.0233209
-0.0159707 -5.45634e-05 -0.0246789
-0.0131705 6.31992e-05 -0.0239206
-0.00836774 0.000169824 -0.020833
-0.00211369 0.000256618 -0.0159722
0.00416849 0.000322323 -0.0108107
0.00921196 0.000355416 -0.00675337
0.0126078 0.000350079 -0.00429209
0.0143764 0.000316148 -0.00333779
0.0146794 0.00026223 -0.00360357
0.0141173 0.000189097 -0.0043843
0.0137966 9.16252e-05 -0.00452779
0.0146089 -2.0922e-05 -0.00309703
0.0167178 -0.000127599 8.78028e-05
0.019904 -0.000222912 0.00466187
0.0236564 -0.000308868 0.00987972
0.0268341 -0.000372438 0.0144453
0.0281552 -0.000398153 0.0169642
0.0270479 -0.000383131 0.0167295
0.0235812 -0.000332174 0.0137036
0.018019 -0.000249942 0.00815501
0.0110386 -0.000141845 0.000881599
0.00394799 -1.89877e-05 -0.00663262
-0.00197703 0.000108216 -0.0129231
-0.00616467 0.000232092 -0.0172733
-0.00865912 0.000346988 -0.0196651
-0.0097967 0.000444786 -0.0204743
-0.0101743 0.000513563 -0.0204151
-0.0106011 0.000545411 -0.0203996
-0.0117231 0.000539984 -0.0211037
-0.0137585 0.000500012 -0.0227306
-0.0166343 0.000430015 -0.0251623
-0.0199434 0.000335561 -0.0279242
-0.0226468 0.000215012 -0.0299523
-0.023512 6.95263e-05 -0.0300104
-0.0220523 -8.47299e-05 -0.0275837
-0.0186146 -0.000232056 -0.0230614
-0.0138593 -0.000365068 -0.017255
-0.00866168 -0.000471359 -0.0112011
-0.00415882 -0.000535313 -0.00617964
-0.00133318 -0.000554099 -0.00334062
-0.000588955 -0.000536252 -0.00322094
-0.00187758 -0.000483948 -0.00573533
-0.00480274 -0.00039529 -0.0102924
-0.00835193 -0.000279322 -0.0156512
-0.0110254 -0.000153652 -0.0201128
-0.0116507 -3.16608e-05 -0.022335
-0.00992596 8.13298e-05 -0.0218947
-0.00620706 0.000182659 -0.0191087
-0.00115713 0.000263915 -0.0147142
0.00424677 0.000317228 -0.0098071
0.0087552 0.000348287 -0.00569455
0.0114583 0.00035864 -0.0033485
0.0122539 0.000338121 -0.0029604
0.0115762 0.000286625 -0.00407072
0.0100696 0.000218989 -0.00586697
0.00872043 0.000140021 -0.00723122
0.00867689 4.38958e-05 -0.00697968
0.0105727 -6.43884e-05 -0.00446467
0.0142371 -0.000169315 0.000117113
0.0189134 -0.000255897 0.00588789
0.0236254 -0.00032286 0.0116336
0.0272221 -0.000364952 0.0160026
0.0285245 -0.000369171 0.0177278
0.0270023 -0.000336672 0.016214
0.0230444 -0.000276758 0.0118386
0.0174851 -0.00019417 0.00555307
0.0112539 -8.99217e-05 -0.00149673
0.00546257 2.67248e-05 -0.00799591
0.00116401 0.000140685 -0.0127502
-0.0012185 0.000240773 -0.0152517
-0.00200429 0.000322223 -0.0158032
-0.0019623 0.000384074 -0.0152287
-0.00201064 0.000420359 -0.0145745
-0.00300937 0.000425007 -0.0148232
-0.00546575 0.000398676 -0.0165206
-0.00920715 0.000343182 -0.0194752
-0.0135176 0.000260959 -0.0229292
-0.0175119 0.000155552 -0.0259521
-0.0203005 3.55456e-05 -0.0276022
-0.0211131 -8.83412e-05 -0.0270921
-0.0196814 -0.000207162 -0.0242124
-0.0164858 -0.000311643 -0.0195732
-0.0124623 -0.000396183 -0.0143114
-0.00866908 -0.00045397 -0.00969181
-0.0060899 -0.000476415 -0.00684779
-0.00539614 -0.000457108 -0.00651296
-0.00673458 -0.000396343 -0.00880145
-0.00965866 -0.000303003 -0.0131531
-0.0131833 -0.0001921 -0.0184169
-0.0159673 -7.96781e-05 -0.0230581
-0.0167986 2.75373e-05 -0.0256491
-0.0151487 0.000128542 -0.0254853
-0.0113357 0.000220274 -0.0228084
-0.00618134 0.000294878 -0.0184707
-0.000626949 0.000344439 -0.0135115
0.00438358 0.000365728 -0.00899218
0.00807146 0.000356464 -0.0058054
0.0100281 0.000319576 -0.00439873
0.0102985 0.000263666 -0.00465435
0.00946186 0.000194857 -0.005864
0.00861584 0.000113548 -0.00681827
0.00891293 2.15603e-05 -0.00630051
0.010892 -7.38291e-05 -0.00377769
0.0142397 -0.000162265 0.000358267
0.018051 -0.000231532 0.00508949
0.0212975 -0.000276891 0.00923823
0.0231854 -0.000302299 0.011839
0.0232555 -0.000308955 0.012314
0.0213332 -0.000290355 0.0104661
0.017451 -0.000237886 0.00639262
0.0119369 -0.000151592 0.000538496
0.00569391 -4.72422e-05 -0.00607415
0.000111611 5.25919e-05 -0.01195
-0.00369955 0.00013718 -0.0158673
-0.00558391 0.000210214 -0.0175851
-0.00615664 0.000273161 -0.0177379
-0.00623579 0.000321527 -0.0172323
-0.00652854 0.000352615 -0.0168451
-0.00746152 0.000360905 -0.0170752
-0.00915102 0.000337884 -0.0181318
-0.0115635 0.000282641 -0.02003
-0.0145714 0.00020697 -0.0225893
-0.0177724 0.000126928 -0.0252785
-0.0203079 4.5858e-05 -0.0271485
-0.0211225 -4.65475e-05 -0.0271614
-0.0197631 -0.000149524 -0.0249133
-0.0167933 -0.00024478 -0.02102
-0.0132094 -0.000319713 -0.0166155
-0.00981505 -0.000371532 -0.0126804
-0.00712769 -0.00039858 -0.00984264
-0.00541113 -0.000398486 -0.00839826
-0.00474838 -0.000367764 -0.00841054
-0.00511629 -0.000306787 -0.00981685
-0.00634021 -0.000218243 -0.0123607
-0.00792696 -0.000107769 -0.0154144
-0.00902858 1.02259e-05 -0.0179968
-0.00886445 0.000118175 -0.0192256
-0.00723005 0.000203954 -0.0188289
-0.00441285 0.000262976 -0.0170605
-0.000825184 0.000300605 -0.0142997
0.00309111 0.00032392 -0.0109735
0.00691269 0.000327612 -0.00756454
0.0103022 0.000304492 -0.00448668
0.0129663 0.000256626 -0.00206684
0.0146583 0.000192395 -0.000554147
0.0153633 0.000120835 5.13871e-05
0.0154499 4.59263e-05 0.000139832
0.0154485 -2.99826e-05 0.000280164
0.0157846 -0.000106782 0.000917518
0.016723 -0.000184062 0.00229752
0.0182294 -0.000251189 0.00436735
0.0198767 -0.000295409 0.00665227
0.0210318 -0.000311119 0.00842739
0.0211232 -0.000296515 0.00904186
0.0198094 -0.000256458 0.00808502
0.0169711 -0.000199243 0.00539274
0.0126523 -0.000125942 0.00104963
0.00716406 -3.77971e-05 -0.00454243
0.00111747 5.681e-05 -0.0106756
-0.00472223 0.000147097 -0.0164742
-0.00959362 0.000222952 -0.0210758
-0.0129634 0.000276387 -0.0238992
-0.0147927 0.000304603 -0.0249189
-0.0155069 0.000309284 -0.0246229
-0.0156531 0.000292208 -0.0236558
-0.0157149 0.000256938 -0.0225938
-0.0160572 0.000205512 -0.0218907
-0.0168164 0.000137958 -0.0217695
-0.0179567 6.12565e-05 -0.0222267
-0.0193827 -1.21934e-05 -0.0231403
-0.020738 -7.95587e-05 -0.0241463
-0.0213511 -0.000144432 -0.0245736
-0.0207308 -0.000200316 -0.0238733
-0.0188481 -0.00024151 -0.0219931
-0.0159847 -0.00026811 -0.0192678
-0.0125665 -0.000277513 -0.0161822
-0.0090865 -0.000265245 -0.013267
-0.00605675 -0.000228651 -0.011052
-0.00382386 -0.00017263 -0.00989283
-0.00245739 -0.000105357 -0.00984009
-0.00179661 -3.45144e-05 -0.0106734
-0.00154722 3.96869e-05 -0.0119669
-0.00127469 0.000117221 -0.0131387
-0.000386696 0.000183055 -0.013539
0.00148251 0.000227655 -0.0127469
0.0042586 0.000253265 -0.0107596
0.00767879 0.000259893 -0.00783719
0.01138 0.00024586 -0.00440747
0.0148193 0.000214293 -0.00107601
0.0174477 0.00017084 0.00156041
0.0190309 0.000115889 0.0032119
0.0196336 5.21868e-05 0.00392435
0.0194368 -1.44776e-05 0.00389574
0.0186957 -7.8964e-05 0.00340615
0.0177344 -0.000134788 0.00281493
0.0168947 -0.000179626 0.00247058
0.0163471 -0.000213089 0.00252016
0.0159245 -0.000230527 0.00277682
0.0152812 -0.000229843 0.00284388
0.0140994 -0.00021445 0.00231663
0.0121173 -0.000185729 0.000878031
0.00922215 -0.000142547 -0.00158686
0.00553463 -8.6114e-05 -0.0049349
0.00131955 -2.19026e-05 -0.00887049
-0.00310162 4.42597e-05 -0.0130244
-0.00729707 0.000105811 -0.0169205
-0.010799 0.000157187 -0.0200568
-0.0133295 0.000195944 -0.0221318
-0.0149417 0.000221164 -0.0231972
-0.0159625 0.000232933 -0.0235998
-0.0167138 0.000228208 -0.0237128
-0.0173499 0.000205241 -0.0237474
-0.0179329 0.000166434 -0.0238023
-0.0184514 0.000114459 -0.0238928
-0.0187554 5.17005e-05 -0.0238826
-0.0186456 -1.47775e-05 -0.0235424
-0.0179389 -7.72009e-05 -0.0226492
-0.0164305 -0.000133049 -0.0210041
-0.0140434 -0.000179906 -0.0185693
-0.0110144 -0.000213745 -0.0156352
-0.00783612 -0.000229789 -0.0127463
-0.00494271 -0.000228154 -0.0103879
-0.00252489 -0.000210866 -0.00876827
-0.000618335 -0.000178302 -0.00789172
0.000801587 -0.000131272 -0.00767403
0.00179947 -6.9696e-05 -0.00796707
0.00254385 3.74249e-07 -0.00853458
0.00330316 6.90731e-05 -0.00905018
0.00435484 0.000129571 -0.00916053
0.00593857 0.000175071 -0.00857009
0.00807244 0.000202788 -0.00722351
0.0103884 0.0002176 -0.00544714
0.0124531 0.00022005 -0.00368137
0.0141715 0.000203251 -0.00208292
0.015674 0.000165145 -0.00056441
0.0169616 0.000112834 0.000873495
0.0178247 5.58173e-05 0.00202313
0.0180665 -8.1178e-07 0.00266874
0.0176598 -5.32552e-05 0.00276815
0.0167936 -0.000100818 0.00248586
0.0158218 -0.000146128 0.0021275
0.0149839 -0.00018719 0.00189547
0.0141594 -0.000217111 0.00165548
0.0129592 -0.000226618 0.00103132
0.011169 -0.000213711 -0.000192222
0.00904793 -0.000188755 -0.00181188
0.00694271 -0.000158605 -0.00352423
0.00481593 -0.000119513 -0.0053571
0.00243327 -6.99868e-05 -0.00753644
-0.000329612 -1.1717e-05 -0.0101623
-0.00344857 5.31133e-05 -0.0131481
-0.00671139 0.000116743 -0.0162364
-0.00971471 0.000165687 -0.0190355
-0.0120937 0.000190014 -0.0212083
-0.0138023 0.000193738 -0.0226806
-0.0149543 0.000184826 -0.0235086
-0.0154656 0.000164909 -0.0235776
-0.0151345 0.00013211 -0.0226955
-0.0139915 8.58139e-05 -0.0209501
-0.0124033 3.17853e-05 -0.0187889
-0.0108163 -2.2305e-05 -0.0167484
-0.0095144 -7.26447e-05 -0.0151932
-0.00865983 -0.000113759 -0.0142917
-0.00824285 -0.000141879 -0.0139915
-0.00796143 -0.000161162 -0.0139761
-0.00748467 -0.000172848 -0.0139025
-0.00674639 -0.00016963 -0.0136589
-0.00579233 -0.00014687 -0.0132526
-0.00454883 -0.000110625 -0.012606
-0.00298255 -6.82304e-05 -0.0116722
-0.00127172 -2.3847e-05 -0.0106066
0.000338766 1.97637e-05 -0.00965127
0.00164585 6.4106e-05 -0.00900518
0.00245622 0.000111069 -0.00884438
0.00265541 0.000158161 -0.00925398
0.00241519 0.00019605 -0.0100328
0.00213504 0.000216238 -0.0107431
0.00210529 0.000217341 -0.0110512
0.00237977 0.000203066 -0.0108743
0.00291489 0.000180165 -0.0102394
0.00371209 0.000149169 -0.00917036
0.00473881 0.000107822 -0.00774477
0.0058509 5.78352e-05 -0.00614456
0.00688544 1.25538e-06 -0.00459663
0.00761782 -5.56438e-05 -0.00338976
0.0077697 -0.000103668 -0.00283779
0.00728824 -0.000138592 -0.00301363
0.00647107 -0.000162302 -0.0036288
0.00566098 -0.000176061 -0.00432498
0.00491283 -0.000176095 -0.00501242
0.00412183 -0.000161916 -0.00579489
0.00328631 -0.000137362 -0.00669865
0.00247346 -0.000104247 -0.00765162
0.00168532 -6.37924e-05 -0.00861956
0.000878281 -2.10666e-05 -0.00962507
2.65639e-05 1.67846e-05 -0.0106894
-0.00094414 4.93025e-05 -0.0118573
-0.00209415 7.88137e-05 -0.0131466
-0.00328387 0.000103131 -0.0143958
-0.00423455 0.000116119 -0.015324
-0.00475177 0.000111328 -0.015742
-0.00488265 9.31942e-05 -0.0156619
-0.00476657 6.88893e-05 -0.0152007
-0.00437681 3.5834e-05 -0.0143904
-0.00365329 -5.40963e-06 -0.013229
-0.00272573 -4.65406e-05 -0.0118614
-0.00183952 -8.13479e-05 -0.0105573
-0.00120057 -0.000109697 -0.0095767
-0.000928094 -0.000132096 -0.00908375
-0.000993121 -0.000146425 -0.00906234
-0.00119892 -0.00014984 -0.00930706
-0.00133605 -0.000140915 -0.00959143
-0.00129151 -0.000122491 -0.009793
-0.00102154 -9.68978e-05 -0.00984587
-0.000490103 -6.3164e-05 -0.00967276
0.00038169 -2.38178e-05 -0.00918695
0.00157401 1.70914e-05 -0.00842897
0.00277059 6.07323e-05 -0.00771007
0.00357779 0.000105609 -0.00741725
0.00389985 0.000143336 -0.00765499
0.00387404 0.000170141 -0.00824945
0.00363626 0.000187758 -0.00899201
0.00334227 0.000193255 -0.00969074
0.00317167 0.000184138 -0.0101386
0.00341145 0.000156506 -0.0100368
0.00427466 0.00011581 -0.00912848
