1.06639e-06 1.29582e-07 -0.0172465
-0.000115922 9.82359e-07 -0.0172207
-0.000418993 4.09546e-06 -0.017135
-0.000703729 8.77093e-06 -0.0170383
-0.00089057 1.30186e-05 -0.0169895
-0.00121668 1.82043e-05 -0.0169299
-0.0019157 2.74322e-05 -0.0167682
-0.00290947 4.01029e-05 -0.0165091
-0.0037776 5.17577e-05 -0.0162807
-0.00408007 5.85351e-05 -0.0162472
-0.0036271 6.02727e-05 -0.0164855
-0.00274544 5.7578e-05 -0.0169003
-0.0022537 5.14731e-05 -0.0172171
-0.00237368 4.38521e-05 -0.0172775
-0.00245679 3.70148e-05 -0.0172595
-0.00238844 4.32393e-05 -0.0172796
-0.00269455 8.29883e-05 -0.0171753
-0.00348898 0.000155112 -0.016885
-0.00463657 0.000225715 -0.0165005
-0.00597771 0.000259039 -0.0160683
-0.00673194 0.000245863 -0.0157733
-0.00575277 0.000201105 -0.0159887
-0.00319683 0.000148429 -0.0167782
-0.000884486 0.000108366 -0.0176165
0.000270433 7.83087e-05 -0.0180455
0.000831198 3.07903e-05 -0.0181463
0.00095487 -3.68967e-05 -0.0180127
0.000616494 -7.848e-05 -0.0176586
0.000259448 -5.57726e-05 -0.0173114
0.000354803 1.15662e-05 -0.0171516
0.000710116 6.16862e-05 -0.017127
0.000795827 4.1594e-05 -0.0170904
0.00121044 -5.36586e-05 -0.017086
0.00278334 -0.000175241 -0.0173346
0.00401928 -0.000239547 -0.0176268
0.00339493 -0.000198728 -0.0174835
0.00256382 -0.000106374 -0.0171679
0.00296931 -6.20822e-05 -0.0172188
0.00390915 -0.000103154 -0.0175171
0.00448408 -0.000187772 -0.0177805
0.00376952 -0.000243993 -0.0177403
0.00237832 -0.00022965 -0.0173569
0.00252433 -0.000173029 -0.0173412
0.00392818 -0.00012201 -0.0179583
0.00424848 -8.10231e-05 -0.0183229
0.00248592 -3.38696e-05 -0.0178106
-0.00108436 1.60836e-05 -0.0166985
-0.00497731 5.29459e-05 -0.0156302
-0.0061159 7.9159e-05 -0.0153753
-0.00295872 0.000111177 -0.0164011
0.000514462 0.000149326 -0.017849
-0.000701279 0.000179268 -0.0180058
-0.00485225 0.000171678 -0.0168655
-0.00715712 0.000101115 -0.0160611
-0.00695557 3.26386e-05 -0.0160973
-0.00614895 9.02215e-05 -0.0163886
-0.00567882 0.000277092 -0.0167313
-0.00595016 0.000434312 -0.0169038
-0.00683604 0.000406776 -0.0166855
-0.00628735 0.000195618 -0.0167393
-0.00331271 -4.20089e-05 -0.0175379
-0.00106535 -0.00010075 -0.0180749
-0.00327826 0.000103765 -0.01729
-0.00906604 0.00041352 -0.0155093
-0.0126857 0.000554994 -0.014097
-0.0115281 0.000430474 -0.0140317
-0.0093236 0.000201764 -0.0146986
-0.00774156 6.07812e-05 -0.0153595
-0.00541098 2.98274e-05 -0.0162852
-0.00292958 1.91453e-05 -0.0173811
-0.00119247 -4.72168e-05 -0.018101
-0.00062321 -0.000151767 -0.0181231
-0.003008 -0.000169179 -0.0170928
-0.00939886 -4.2919e-06 -0.0149584
-0.0167404 0.000268955 -0.0127229
-0.018925 0.00045733 -0.0121418
-0.0140231 0.00043458 -0.013828
-0.006958 0.000258387 -0.0162951
-0.00249232 7.5974e-05 -0.0180371
-0.000951614 -2.64022e-05 -0.0188654
-0.000784704 -2.85258e-05 -0.018989
-0.00100823 6.06629e-05 -0.0186916
-0.000973171 0.000212641 -0.0183624
-0.00317212 0.000410113 -0.0174632
-0.01136 0.00062973 -0.0147994
-0.0214246 0.000775992 -0.0113762
-0.0244424 0.000718227 -0.0101597
-0.0189848 0.000476308 -0.0120099
-0.0111255 0.000239528 -0.0149423
-0.00544744 0.000122351 -0.0171776
-0.00279155 4.05365e-05 -0.0183979
-0.00229011 -0.000117272 -0.0187807
-0.00249881 -0.000308632 -0.0186582
-0.00260594 -0.000375847 -0.0183148
-0.00365699 -0.000200705 -0.0175316
-0.00787198 0.000171977 -0.0159699
-0.0140381 0.00052446 -0.0140842
-0.0152752 0.000606944 -0.0134128
-0.00823124 0.00038372 -0.0150182
0.000613808 9.71705e-05 -0.0176172
0.00521807 -1.52265e-06 -0.0192499
0.0076755 8.32261e-05 -0.0199291
0.0121284 0.000151978 -0.020827
0.0171235 6.49934e-05 -0.021958
0.0179892 -0.000109423 -0.0218833
0.0136181 -0.000195458 -0.0198428
0.00679777 -0.000133439 -0.0168653
0.00126167 -3.5072e-05 -0.0146384
-0.000587927 -4.62683e-05 -0.0141242
0.00149706 -0.000205293 -0.0148987
0.00527662 -0.000443774 -0.0159006
0.00766532 -0.00068951 -0.0167217
0.00809896 -0.000901794 -0.0176286
0.0081227 -0.00103629 -0.0184958
0.00914698 -0.00104265 -0.0189866
0.0101448 -0.00090752 -0.0192358
0.00672241 -0.00064392 -0.0187128
-0.00428171 -0.000262897 -0.0161387
-0.0197035 0.000178467 -0.0117314
-0.0319437 0.000561536 -0.00792658
-0.0354298 0.000809867 -0.00725065
-0.0306256 0.000967851 -0.0099633
-0.021245 0.00108826 -0.0143589
-0.0115457 0.00109609 -0.0186911
-0.00676291 0.000897332 -0.0214877
-0.00781723 0.000584653 -0.0219795
-0.00992634 0.000418572 -0.021055
-0.0123868 0.000635936 -0.0194702
-0.0207839 0.00125684 -0.0164015
-0.0361653 0.00197429 -0.0115276
-0.0488662 0.00229933 -0.00703741
-0.0494825 0.00195318 -0.00587785
-0.0395992 0.00115074 -0.00845818
-0.0249244 0.000399638 -0.0131577
-0.00900201 6.74531e-07 -0.0183967
0.0026368 -0.000129351 -0.0221343
0.00526836 -0.00023471 -0.0225645
0.0035861 -0.000461565 -0.0207362
0.00364124 -0.000700839 -0.0189237
0.000929685 -0.000652045 -0.0166515
-0.00781297 -0.000201074 -0.0130542
-0.0134676 0.000297613 -0.01066
-0.00728219 0.000348749 -0.0119883
0.0078578 -0.000124004 -0.0160647
0.0237131 -0.000746682 -0.0205838
0.0357738 -0.00112744 -0.0242485
0.0422152 -0.00115018 -0.0262812
0.0419341 -0.000950058 -0.0261015
0.0378419 -0.000763264 -0.0243859
0.0330211 -0.000706628 -0.0220409
0.0239468 -0.000632176 -0.0183801
0.00869505 -0.000373495 -0.0133727
-0.00405921 -8.38876e-05 -0.00985958
-0.00633747 -6.64299e-05 -0.0101586
-0.000434876 -0.000378375 -0.0131798
0.00776752 -0.000825806 -0.016928
0.0135019 -0.00118133 -0.0201469
0.0132659 -0.00127449 -0.0216387
0.00763922 -0.00106642 -0.0211922
-0.000250842 -0.000676953 -0.0197318
-0.0101072 -0.000218855 -0.0173688
-0.0240224 0.000338373 -0.0134304
-0.0409093 0.00101413 -0.00856711
-0.0540286 0.00164147 -0.0051854
-0.0558835 0.00200299 -0.00551487
-0.0446467 0.00203217 -0.00998748
-0.0245081 0.00178876 -0.0173055
-0.00130041 0.0013783 -0.0253084
0.020869 0.000934778 -0.0322564
0.0410414 0.000547084 -0.0376952
0.0604118 0.000229157 -0.0417949
0.0787504 6.25334e-06 -0.0443352
0.0934877 -9.3383e-05 -0.0448218
0.104466 -0.000177254 -0.0434481
0.116898 -0.00048358 -0.04184
0.137692 -0.00119185 -0.0423589
0.17049 -0.00230619 -0.0464264
0.213113 -0.00370153 -0.0535953
0.260025 -0.00522595 -0.0621865
0.307607 -0.00680947 -0.0708254
0.354445 -0.00847636 -0.0788888
0.398137 -0.0101838 -0.0856487
0.435314 -0.0117247 -0.0900542
0.463628 -0.0128783 -0.0914983
0.482475 -0.0136108 -0.0902488
0.492343 -0.0140774 -0.0869789
0.492512 -0.0144513 -0.0817815
0.480557 -0.0147739 -0.0739732
0.454856 -0.0149344 -0.0633081
0.416024 -0.0147654 -0.0506988
0.366943 -0.0141907 -0.0376943
0.310122 -0.0132932 -0.0254467
0.245876 -0.0122288 -0.0140284
0.17547 -0.0111115 -0.0035681
0.101344 -0.00993816 0.00507129
0.0257071 -0.0085323 0.0114001
-0.0527867 -0.00660271 0.0162234
-0.132073 -0.00397007 0.0202098
-0.193496 -0.000807834 0.0193893
-0.23114 0.00252766 0.0104209
-0.26769 0.00598019 0.000257268
-0.315607 0.00970194 -0.00334713
-0.368568 0.0136379 -0.00114954
-0.420544 0.0176914 0.00419977
-0.470648 0.0219286 0.0120102
-0.522887 0.0263393 0.0231423
-0.581497 0.030459 0.0392207
-0.643436 0.033351 0.0591432
-0.695077 0.0342113 0.0772252
-0.718804 0.0328973 0.0870497
-0.707102 0.0299628 0.0869031
-0.671205 0.0262445 0.0798333
-0.630822 0.0221642 0.0703053
-0.594397 0.0175819 0.0620907
-0.559651 0.0124754 0.0572506
-0.529957 0.0074623 0.0564636
-0.512743 0.00355636 0.0601646
-0.50533 0.00149268 0.0672792
-0.492776 0.00113534 0.0730983
-0.458249 0.00150308 0.0717887
-0.395454 0.00154261 0.0610713
-0.307993 0.000978944 0.0420998
-0.202995 0.000353303 0.0174587
-0.0918624 0.00033867 -0.00896443
0.0138269 0.00118336 -0.0336427
0.108348 0.00260369 -0.0542698
0.185366 0.00404873 -0.0677223
0.233961 0.00508468 -0.0706532
0.255896 0.00546346 -0.0646296
0.273894 0.00491113 -0.0579711
0.308579 0.00312256 -0.0582374
0.360801 -2.16045e-06 -0.0658359
0.418966 -0.00431499 -0.0766768
0.471235 -0.00951247 -0.0864679
0.510062 -0.0150606 -0.0924566
0.531218 -0.0201562 -0.0935158
0.529152 -0.0239927 -0.0884853
0.494875 -0.0261 -0.0747857
0.425506 -0.0264747 -0.0511663
0.332985 -0.0255283 -0.0219171
0.241396 -0.0238132 0.00423208
0.174085 -0.0216175 0.0191211
0.137267 -0.0188878 0.0197707
0.123477 -0.0156083 0.00869256
0.125479 -0.0120745 -0.0101486
0.135496 -0.00857645 -0.0326433
0.141995 -0.00495601 -0.053618
0.132015 -0.000677608 -0.0678042
0.0942488 0.00470016 -0.0712582
0.0257449 0.0109894 -0.0629933
-0.0629192 0.0172091 -0.046026
-0.151673 0.0220988 -0.0262803
-0.221731 0.0248714 -0.00992502
-0.264224 0.0255098 -0.000627205
-0.281192 0.024457 0.00132251
-0.280326 0.0221188 -0.00180003
-0.2683 0.0186825 -0.00659258
-0.251793 0.0143356 -0.00977091
-0.241161 0.00957647 -0.00826154
-0.244761 0.00521262 1.67523e-06
-0.2627 0.0019033 0.0143252
-0.286896 -0.000292264 0.0311555
-0.302458 -0.00185882 0.045381
-0.294036 -0.00333783 0.0520354
-0.255163 -0.00487145 0.0484693
-0.189999 -0.00616723 0.0353579
-0.109494 -0.00683131 0.0157846
-0.0238945 -0.00671463 -0.00650487
0.0616156 -0.00597634 -0.0285192
0.140231 -0.00481017 -0.0474482
0.200794 -0.0032059 -0.060051
0.235082 -0.00112584 -0.0642828
0.24622 0.00115717 -0.0612596
0.250354 0.00297727 -0.0560051
0.263829 0.00358421 -0.0544166
0.291333 0.00263297 -0.0584465
0.328157 0.000323285 -0.0663037
0.366198 -0.00289326 -0.0754272
0.396821 -0.00658953 -0.0832074
0.412113 -0.0103881 -0.0867115
0.40781 -0.0138567 -0.0835429
0.380978 -0.0165215 -0.0725867
0.32858 -0.0180328 -0.0539775
0.257077 -0.0183494 -0.0307332
0.184386 -0.0178092 -0.00905595
0.126673 -0.0168821 0.00559769
0.0894325 -0.0157923 0.0113166
0.0717168 -0.0144342 0.00841403
0.0695487 -0.0125703 -0.0016575
0.0730509 -0.0100014 -0.0151508
0.069518 -0.00663828 -0.0270285
0.0517232 -0.00256182 -0.034033
0.0180393 0.00201953 -0.0349892
-0.0321076 0.0068887 -0.0296342
-0.0955552 0.0117678 -0.019308
-0.16065 0.0161488 -0.00770357
-0.213239 0.0193946 0.000871755
-0.247278 0.0210789 0.00433851
-0.263466 0.0211491 0.00303499
-0.263456 0.0198383 -0.00197517
-0.252571 0.0175534 -0.0087227
-0.241273 0.014769 -0.0138152
-0.237543 0.0118677 -0.014168
-0.242632 0.00908785 -0.00879594
-0.255639 0.00661323 0.00166506
-0.274194 0.00458761 0.0155319
-0.289749 0.00300531 0.0293038
-0.289813 0.00168738 0.0384621
-0.266674 0.000415073 0.0400554
-0.220892 -0.000929443 0.0337374
-0.158045 -0.0022964 0.0211092
-0.0858712 -0.00347116 0.00506973
-0.0139325 -0.00417363 -0.0110044
0.0492824 -0.00422857 -0.0245091
0.101045 -0.00366991 -0.0344534
0.141854 -0.00271213 -0.0408544
0.171164 -0.00166836 -0.0438373
0.1914 -0.000897525 -0.0444723
0.210899 -0.000724763 -0.0454596
0.23759 -0.00130518 -0.0494002
0.272003 -0.00256839 -0.0566666
0.308312 -0.0043053 -0.0653993
0.339094 -0.0062961 -0.0729244
0.357185 -0.00835874 -0.076637
0.356642 -0.0102955 -0.0745042
0.335825 -0.0118592 -0.0660222
0.298245 -0.0128183 -0.0525713
0.249121 -0.0130673 -0.0364167
0.194081 -0.0127079 -0.0200535
0.141236 -0.012026 -0.00644947
0.100096 -0.011319 0.00145658
0.0761519 -0.0106813 0.0020201
0.0683152 -0.00994354 -0.00441621
0.0716321 -0.00882161 -0.0158456
0.0791421 -0.00711798 -0.0292021
0.0819733 -0.00479565 -0.0408157
0.0705893 -0.00191645 -0.0470615
0.0377449 0.00145202 -0.0452093
-0.0166255 0.00523649 -0.0347998
-0.0844421 0.00923589 -0.018586
-0.1535 0.0130312 -0.00127181
-0.210447 0.0160456 0.0124018
-0.244428 0.0177191 0.0188821
-0.251707 0.0177236 0.0169039
-0.23656 0.0161183 0.00786698
-0.208059 0.0133611 -0.00485867
-0.177382 0.010155 -0.0168723
-0.157954 0.00720412 -0.0232927
-0.162617 0.00501573 -0.0198555
-0.196346 0.00378438 -0.00512028
-0.252544 0.00337848 0.0183086
-0.315513 0.00346007 0.0445688
-0.366029 0.00364211 0.066304
-0.387029 0.00358432 0.0769986
-0.369336 0.00305742 0.0733399
-0.316544 0.00201973 0.0565834
-0.242343 0.000672615 0.0317271
-0.162515 -0.00057082 0.00495587
-0.0912097 -0.00119014 -0.0181792
-0.0412786 -0.000725453 -0.0331893
-0.0216491 0.000977666 -0.0372098
-0.0310627 0.00358972 -0.0305396
-0.0576391 0.00637887 -0.0172025
-0.0861252 0.00854929 -0.00289318
-0.102448 0.00957824 0.00714074
-0.0949178 0.00930235 0.008792
-0.0592757 0.00780671 0.000401757
-0.00323738 0.00531059 -0.0156646
0.0584992 0.00211799 -0.0340354
0.112451 -0.00137803 -0.0492501
0.147401 -0.00466753 -0.057121
0.153877 -0.00717637 -0.0548895
0.129191 -0.00848967 -0.0422585
0.0817897 -0.00860719 -0.0222225
0.0273369 -0.00795913 -0.000208899
-0.0178667 -0.00714364 0.0176729
-0.0397566 -0.00661775 0.0260936
-0.0301429 -0.00653038 0.0221393
0.00839552 -0.00672878 0.00678179
0.0641124 -0.00690983 -0.0157137
0.123607 -0.00678168 -0.0399768
0.174973 -0.00609388 -0.0608769
0.205939 -0.0046118 -0.0737925
0.20712 -0.00222278 -0.0757241
0.180079 0.000861267 -0.0672893
0.136484 0.00407555 -0.0525632
0.0880941 0.00674871 -0.0360292
0.0439991 0.0083852 -0.0210288
0.0128257 0.00877181 -0.0105928
-0.00125651 0.00796185 -0.00659218
-0.00131245 0.00619603 -0.00835838
0.00568219 0.00377156 -0.013481
0.0135202 0.000973255 -0.019221
0.0170943 -0.00188346 -0.0232268
0.010152 -0.00439871 -0.0235421
-0.0104205 -0.00616309 -0.0192513
-0.0416585 -0.00693744 -0.0111759
-0.0783713 -0.00672787 -0.000939854
-0.113917 -0.00573612 0.00923002
-0.138934 -0.00427272 0.0160834
-0.144962 -0.00260854 0.0167657
-0.130614 -0.000883557 0.010639
-0.10074 0.000829313 -0.000801043
-0.0594163 0.00242401 -0.0156397
-0.00969402 0.00378257 -0.0321532
0.0409769 0.00490069 -0.0476661
0.0831969 0.0058785 -0.0589437
0.112544 0.00673193 -0.064383
0.129761 0.00728249 -0.0643753
0.137572 0.00723663 -0.060125
0.140563 0.00633579 -0.0534268
0.145015 0.00448577 -0.0465685
0.154472 0.00179934 -0.0412126
0.167673 -0.00147521 -0.0376989
0.182665 -0.00508112 -0.0357547
0.198857 -0.0088069 -0.0350325
0.213979 -0.0123968 -0.0346913
0.222129 -0.0154803 -0.0332225
0.21737 -0.0176508 -0.0291595
0.199056 -0.0186226 -0.0222057
0.171331 -0.0183427 -0.0136664
0.139188 -0.0169686 -0.0056143
0.107436 -0.0147455 0.000150239
0.0799669 -0.0119019 0.00250697
0.0589336 -0.00863595 0.000922137
0.0463683 -0.00516366 -0.00503794
0.0434221 -0.00170206 -0.0154197
0.0472221 0.00162288 -0.0285933
0.050528 0.00478665 -0.0412465
0.0446619 0.00777622 -0.0499695
0.0245732 0.0105188 -0.0527465
-0.00829575 0.0128727 -0.0495518
-0.0495428 0.0146756 -0.0416098
-0.0962528 0.0157939 -0.0301549
-0.146059 0.0161163 -0.0163355
-0.194606 0.0155413 -0.00180058
-0.235618 0.0140135 0.0112663
-0.263538 0.0116074 0.0208184
-0.277269 0.00859107 0.0261225
-0.281151 0.00537165 0.0283207
-0.281749 0.00234675 0.0295488
-0.283716 -0.000199204 0.0314742
-0.287654 -0.00208649 0.0343744
-0.290844 -0.00317125 0.0373488
-0.290569 -0.00332685 0.0393209
-0.285871 -0.00253942 0.039593
-0.274856 -0.00102222 0.0373953
-0.253153 0.000820335 0.0315194
-0.21716 0.00260646 0.0210634
-0.167212 0.00417521 0.00638998
-0.108073 0.00557603 -0.0107897
-0.0470775 0.00688055 -0.0279784
0.00920846 0.00800682 -0.0427225
0.0566261 0.00871817 -0.0532648
0.0932232 0.00878636 -0.0587401
0.119215 0.00813735 -0.0592646
0.136471 0.00683898 -0.055914
0.147717 0.00496558 -0.0503106
0.156867 0.00249041 -0.0441772
0.168284 -0.000665511 -0.0390431
0.184084 -0.0044614 -0.0357844
0.202939 -0.0086087 -0.0343363
0.221123 -0.0126149 -0.0338991
0.234215 -0.015973 -0.0333158
0.23922 -0.0183511 -0.0316019
0.235466 -0.0196338 -0.0284241
0.223459 -0.0198205 -0.0240303
0.20404 -0.01892 -0.0189393
0.179025 -0.0169596 -0.0139708
0.152557 -0.0140813 -0.0105692
0.130802 -0.0105917 -0.0106428
0.118638 -0.00687197 -0.0154544
0.116205 -0.0032232 -0.0246158
0.118399 0.000206667 -0.0360681
0.117927 0.00337583 -0.0469206
0.109545 0.00625482 -0.0547753
0.091538 0.00877522 -0.0584292
0.0633868 0.0108543 -0.0573195
0.0227987 0.0124358 -0.0507025
-0.0317077 0.0134646 -0.0381702
-0.0950736 0.013816 -0.0213504
-0.156937 0.0133171 -0.00392121
-0.207474 0.0118962 0.0104942
-0.240918 0.00967886 0.0197919
-0.258049 0.00693881 0.0239481
-0.265128 0.00400191 0.0248967
-0.267569 0.00118079 0.0247549
-0.266245 -0.00122829 0.0242366
-0.261295 -0.00290555 0.0234451
-0.256516 -0.00353458 0.0233176
-0.255571 -0.00297636 0.024831
-0.255812 -0.00145442 0.0271049
-0.249476 0.000524749 0.0276312
-0.229285 0.0024955 0.0240063
-0.191814 0.00424088 0.0149902
-0.138266 0.00572815 0.000917945
-0.0744917 0.00693087 -0.0162612
-0.00819158 0.00771754 -0.0338196
0.0554034 0.00789344 -0.0494647
0.11242 0.00737436 -0.0614078
0.156578 0.00631048 -0.0677541
0.182853 0.00494944 -0.0673464
0.193775 0.00335461 -0.0613404
0.197259 0.00133788 -0.052662
0.200281 -0.00132214 -0.0440037
0.206942 -0.00465083 -0.0371243
0.219388 -0.00841584 -0.0331712
0.237302 -0.012214 -0.0324914
0.257541 -0.0156286 -0.0343616
0.275571 -0.0183449 -0.0372709
0.286317 -0.0201403 -0.0392324
0.284277 -0.0208059 -0.0382431
0.26566 -0.0201633 -0.0333396
0.232541 -0.0181933 -0.0255615
0.193268 -0.0151179 -0.0176798
0.157076 -0.0113521 -0.0126657
0.129748 -0.00737598 -0.0124063
0.113495 -0.00359313 -0.0174142
0.107692 -0.000227783 -0.0269597
0.10839 0.00268215 -0.0391995
0.108387 0.00521157 -0.0512305
0.0992477 0.00746696 -0.0595637
0.0741677 0.00951498 -0.0612149
0.0299697 0.0113277 -0.0547609
-0.0319323 0.0127786 -0.0408022
-0.104497 0.0136869 -0.0219229
-0.176492 0.0138655 -0.00205505
-0.237443 0.0131725 0.0149756
-0.281123 0.0115786 0.0267109
-0.305396 0.00920881 0.032317
-0.311704 0.00634393 0.0324314
-0.305578 0.00339125 0.0290405
-0.29516 0.000821598 0.0249259
-0.287366 -0.000946799 0.0225281
-0.285414 -0.00166999 0.0230643
-0.288966 -0.00132634 0.0263673
-0.294293 -9.6092e-05 0.0309489
-0.294098 0.00168979 0.0341811
-0.279892 0.00363469 0.0331329
-0.246436 0.00538279 0.0258953
-0.193634 0.0066873 0.0123492
-0.125637 0.00742748 -0.00591827
-0.050654 0.00761436 -0.0258452
0.0204016 0.00737275 -0.0435099
0.0780736 0.00686095 -0.0555756
0.117345 0.00617408 -0.0603779
0.137688 0.00529947 -0.0579576
0.142602 0.00411538 -0.0498816
0.139399 0.00242717 -0.0391025
0.136919 6.5876e-05 -0.0291211
0.142036 -0.0029886 -0.0226754
0.158174 -0.00655907 -0.021174
0.185009 -0.0103207 -0.02467
0.218135 -0.0138716 -0.03169
0.24937 -0.0167914 -0.03942
0.269412 -0.0187096 -0.0446437
0.271775 -0.0193662 -0.045043
0.254577 -0.0186427 -0.0399869
0.221034 -0.0165864 -0.0307085
0.178752 -0.0134425 -0.0200026
0.136995 -0.009636 -0.0111727
0.103808 -0.0056796 -0.00696775
0.0846412 -0.00205155 -0.0090793
0.081971 0.000926312 -0.0179213
0.0936437 0.00317247 -0.0322513
0.111309 0.00483479 -0.048763
0.122586 0.0061666 -0.0626926
0.116423 0.00736591 -0.0696009
0.086937 0.00849552 -0.0669806
0.034428 0.00950506 -0.0547942
-0.0345087 0.0102796 -0.0354137
-0.108786 0.0106569 -0.012995
-0.176601 0.0104364 0.00791515
-0.228124 0.00942073 0.0235846
-0.256547 0.00751552 0.0316182
-0.259847 0.00484968 0.0314416
-0.242771 0.00182503 0.0247474
-0.215935 -0.00097808 0.0151212
-0.191412 -0.00301048 0.00673209
-0.177746 -0.00394145 0.00276531
-0.177676 -0.00371112 0.00436842
-0.188349 -0.00246654 0.010458
-0.202315 -0.000482803 0.0182077
-0.209958 0.00187189 0.0240132
-0.202756 0.00415651 0.0246529
-0.175323 0.00592446 0.0181957
-0.126538 0.00686031 0.00451462
-0.0608006 0.00691342 -0.0145256
0.0118764 0.00630701 -0.0353156
0.078837 0.00539032 -0.0534578
0.129162 0.00443547 -0.0651305
0.156638 0.00352373 -0.0680868
0.160768 0.00257702 -0.0621511
0.146566 0.00146562 -0.0493475
0.123358 8.7331e-05 -0.0334438
0.101725 -0.00162359 -0.0187542
0.0899123 -0.00371523 -0.00870401
0.0922625 -0.00620099 -0.00503996
0.108747 -0.0089829 -0.00769675
0.134341 -0.0117649 -0.0148622
0.160005 -0.0140629 -0.023452
0.176208 -0.0153614 -0.030184
0.176545 -0.015326 -0.0327267
0.15904 -0.0139225 -0.0302579
0.126137 -0.0113825 -0.0235076
0.0844574 -0.00808089 -0.0146584
0.0431441 -0.00442244 -0.00684017
0.0107288 -0.000779961 -0.00304637
-0.00746617 0.00252448 -0.0050536
-0.0103664 0.00523761 -0.0128665
-0.00143759 0.0072241 -0.0246868
0.011861 0.00851566 -0.0373862
0.0205085 0.00929135 -0.0474876
0.0171854 0.00977378 -0.0522033
-0.00171126 0.0101041 -0.0500583
-0.0355076 0.0102726 -0.0411681
-0.0796559 0.0101423 -0.0271945
-0.127352 0.00954782 -0.0107708
-0.170994 0.00839834 0.00518757
-0.202796 0.00670421 0.0177582
-0.217171 0.00455283 0.0246481
-0.213426 0.00210412 0.0253344
-0.19567 -0.00040449 0.0212478
-0.170968 -0.00268087 0.0149063
-0.146504 -0.00442037 0.00883927
-0.126965 -0.00536042 0.00466143
-0.113874 -0.00534831 0.00281962
-0.106195 -0.00440985 0.0029011
-0.101349 -0.00277186 0.00393993
-0.0956446 -0.000799596 0.00455514
-0.084049 0.0011166 0.00301638
-0.061673 0.00267858 -0.00226823
-0.0270399 0.00375368 -0.0118007
0.0164978 0.00434611 -0.0244679
0.0625794 0.00450067 -0.037936
0.104224 0.00424662 -0.0495086
0.135289 0.00361981 -0.0568825
0.15207 0.00270471 -0.0587347
0.154558 0.00162274 -0.0551382
0.146006 0.000461053 -0.0474806
0.131316 -0.000793098 -0.0378408
0.115619 -0.00224402 -0.0283162
0.103375 -0.00398825 -0.0206209
0.097569 -0.00599013 -0.015845
0.0990191 -0.00803576 -0.014385
0.105816 -0.00980035 -0.015858
0.113741 -0.0109753 -0.0189477
0.117944 -0.0113763 -0.0218185
0.114837 -0.0109722 -0.0230232
0.103755 -0.00983039 -0.0221912
0.0871556 -0.00804549 -0.0201119
0.0687702 -0.00572504 -0.0181118
0.0517394 -0.00304 -0.0172915
0.0382695 -0.000263728 -0.0182597
0.0299861 0.00228072 -0.0212371
0.0273621 0.00434672 -0.0260318
0.0285477 0.00586512 -0.0317842
0.0295858 0.0069261 -0.0370185
0.0263617 0.00764641 -0.0402026
0.016499 0.00804682 -0.0403095
-0.000387162 0.00805266 -0.0370062
-0.0233282 0.00759435 -0.0305773
-0.0500669 0.00669128 -0.0218821
-0.0771893 0.00544306 -0.012315
-0.100952 0.00395881 -0.0034849
-0.1183 0.00230752 0.00333466
-0.127525 0.000537789 0.00756968
-0.128574 -0.00125641 0.00927414
-0.123323 -0.00289326 0.00896173
-0.11486 -0.00413388 0.00746529
-0.105689 -0.00477685 0.00556779
-0.0969665 -0.00474613 0.00373544
-0.089118 -0.00410197 0.00217988
-0.0818381 -0.00298517 0.000818372
-0.0733964 -0.00155937 -0.000928957
-0.0613345 1.01825e-05 -0.00395055
-0.0441107 0.0015534 -0.00885116
-0.0215506 0.00289516 -0.0156461
0.00535703 0.0038789 -0.0237927
0.033747 0.00441914 -0.0321197
0.0588621 0.00453965 -0.0389439
0.0767257 0.00433728 -0.0428641
0.0861435 0.00389416 -0.0434604
0.0875035 0.00323083 -0.0409896
0.0815988 0.00232398 -0.0359145
0.0703633 0.00114174 -0.0290564
0.0573224 -0.000318645 -0.0217476
0.0461084 -0.00199231 -0.0154526
0.0388204 -0.00373754 -0.0111832
0.0360122 -0.00537597 -0.00924432
0.0368057 -0.00674302 -0.00927658
0.0385499 -0.00770046 -0.010361
0.038179 -0.00813082 -0.0114563
0.0343263 -0.00794476 -0.0120031
0.0272409 -0.0070959 -0.011974
0.0176615 -0.0056082 -0.0115905
0.00715997 -0.00361474 -0.0113563
-0.00148108 -0.00135503 -0.0120799
-0.00582842 0.000898448 -0.0144097
-0.00531088 0.00293061 -0.0183926
-0.000893392 0.00462118 -0.0235591
0.0056672 0.00592686 -0.029121
0.0118453 0.00684677 -0.0339906
0.014665 0.00738692 -0.0369754
0.0118744 0.00753796 -0.0372156
0.00269775 0.0072848 -0.0344231
-0.0124168 0.00663202 -0.0288389
-0.0316884 0.00560786 -0.0212554
-0.0514788 0.00424981 -0.0130606
-0.0674523 0.00260673 -0.00586185
-0.0770244 0.000761292 -0.000754644
-0.0800299 -0.00116044 0.00201893
-0.0775166 -0.00300253 0.00276235
-0.0711653 -0.00459288 0.00202329
-0.0634015 -0.00575246 0.000575273
-0.0566011 -0.00632038 -0.000773982
-0.0519511 -0.0062005 -0.00157403
-0.0494928 -0.00540328 -0.00184008
-0.048456 -0.00405426 -0.00192955
-0.0467781 -0.0023657 -0.00256266
-0.0413356 -0.000581603 -0.00471636
-0.0298072 0.00108772 -0.00909517
-0.0120534 0.00250505 -0.015696
0.0102342 0.00359824 -0.0238411
0.0342483 0.00433223 -0.0323505
0.056328 0.00469761 -0.0397376
0.0725458 0.00471427 -0.0445604
0.0801933 0.00442788 -0.0458536
0.0789308 0.00388993 -0.0434674
0.0704149 0.00313263 -0.0380852
0.0573251 0.00215634 -0.0309057
0.0430675 0.000941303 -0.0233168
0.0312923 -0.000515128 -0.0166864
0.0245865 -0.00215777 -0.0120659
0.0236669 -0.00385709 -0.0099104
0.0275236 -0.00542706 -0.0100076
0.034029 -0.00666889 -0.0116084
0.0403103 -0.0074189 -0.0136794
0.04333 -0.00757436 -0.0151878
0.0415023 -0.00709862 -0.015543
0.0355983 -0.00602651 -0.0149204
0.0277077 -0.00446579 -0.0140292
0.0201154 -0.0025891 -0.013699
0.0151608 -0.000614748 -0.014679
0.0146152 0.00123447 -0.0174095
0.01853 0.0027885 -0.0217383
0.0251942 0.00396859 -0.0269411
0.031899 0.00477897 -0.0319559
0.0355338 0.00526454 -0.0355572
0.0332334 0.00546656 -0.0366253
0.0234112 0.0053971 -0.0345643
0.00664247 0.00504229 -0.029573
-0.0146619 0.00439105 -0.0225338
-0.0372274 0.00345991 -0.0147039
-0.0574719 0.0022876 -0.00748886
-0.0721717 0.000924148 -0.00212289
-0.0796961 -0.000554221 0.000774364
-0.0806313 -0.00202433 0.00137686
-0.0769779 -0.00331993 0.000391086
-0.07112 -0.00425979 -0.00133624
-0.0652828 -0.00468868 -0.00304671
-0.0611008 -0.00452315 -0.00419857
-0.0592205 -0.00378203 -0.00457754
-0.0590591 -0.00257991 -0.00437664
-0.0587154 -0.00109341 -0.00423386
-0.0552267 0.000478287 -0.00515438
-0.0457786 0.00194871 -0.00811884
-0.0294548 0.00317164 -0.0134504
-0.00796537 0.00405083 -0.0205034
0.0153299 0.0045363 -0.0279755
0.036857 0.0046279 -0.0344585
0.0535299 0.00438321 -0.0387801
0.0632226 0.00389957 -0.0401946
0.0651907 0.0032615 -0.0385308
0.0600655 0.00249263 -0.0341694
0.0498452 0.00155367 -0.0279634
0.0379265 0.000389931 -0.0212031
0.0281611 -0.000999131 -0.0153463
0.0231164 -0.00251744 -0.0114647
0.0231163 -0.00399482 -0.00987026
0.0265271 -0.00525618 -0.0101341
0.0307234 -0.00617342 -0.0113449
0.0332854 -0.00666484 -0.0125495
0.0328819 -0.0066688 -0.0131979
0.0293638 -0.0061376 -0.0132537
0.0231982 -0.00506817 -0.012954
0.0151557 -0.00354761 -0.0125927
0.00681684 -0.00176866 -0.0125875
0.000741311 2.2461e-05 -0.0135735
-0.000875267 0.00162613 -0.0161205
0.00212975 0.00295557 -0.0202313
0.00782724 0.00401125 -0.0251817
0.0133852 0.00480092 -0.0298404
0.016073 0.00529411 -0.033068
0.0139595 0.00545018 -0.0339973
0.00636965 0.00527485 -0.032261
-0.00620164 0.00483417 -0.0280728
-0.0224066 0.00420457 -0.0221128
-0.0401753 0.00340889 -0.0153366
-0.0567547 0.00240925 -0.00879382
-0.0692103 0.00117238 -0.00345982
-0.075765 -0.000246263 1.52073e-06
-0.0767268 -0.00167645 0.00147591
-0.073687 -0.00289787 0.00134015
-0.068341 -0.00374363 0.000171118
-0.0621359 -0.00415263 -0.00145564
-0.0560463 -0.00413976 -0.0031173
-0.0504445 -0.00373303 -0.00464971
-0.0452656 -0.00294752 -0.00610714
-0.0400749 -0.00182118 -0.00770517
-0.0339358 -0.000465124 -0.00978546
-0.0255316 0.000936898 -0.0126971
-0.0140175 0.00219235 -0.016563
0.000153629 0.00317562 -0.0211245
0.0157194 0.00384614 -0.0259289
0.0314818 0.00420409 -0.0305774
0.0461199 0.00424618 -0.0345934
0.058002 0.00396041 -0.0373087
0.0657472 0.00334844 -0.0381441
0.0686145 0.00245332 -0.0368674
0.0665598 0.00136551 -0.0336241
0.0604346 0.000189304 -0.0289228
0.0519895 -0.00100434 -0.0235451
0.0431673 -0.00218938 -0.0182976
0.0355037 -0.00334825 -0.0138195
0.0302258 -0.00443036 -0.010631
0.0280495 -0.00534239 -0.00911022
0.0285959 -0.00596815 -0.00924407
0.0304977 -0.00620898 -0.0105849
0.0320756 -0.00602086 -0.0124876
0.03189 -0.00541378 -0.0143192
0.0290763 -0.00442314 -0.0156482
0.0235159 -0.00309742 -0.0163922
0.015838 -0.00151571 -0.01675
0.00716811 0.000192785 -0.0170299
-0.00120082 0.00185553 -0.0175481
-0.00803957 0.00329405 -0.0185689
-0.0125673 0.0043778 -0.0201976
-0.0149669 0.00506181 -0.0222553
-0.0163835 0.00537208 -0.0242738
-0.0182788 0.00535514 -0.0256558
-0.021989 0.00504761 -0.0258339
-0.0284945 0.00448451 -0.0243843
-0.0379466 0.0037183 -0.0212155
-0.049589 0.00282362 -0.0166659
-0.0621981 0.00188322 -0.0113463
-0.0740512 0.000958888 -0.00600098
-0.0828809 7.25442e-05 -0.00148398
-0.0869102 -0.000771951 0.0014835
-0.0856896 -0.00154342 0.00263193
-0.079734 -0.00216851 0.00207142
-0.0699575 -0.00256079 6.25889e-05
-0.0575904 -0.0026583 -0.00300274
-0.0442133 -0.00244244 -0.00657135
-0.0312992 -0.00193835 -0.0100772
-0.0197115 -0.00120478 -0.0131486
-0.00956812 -0.000319948 -0.0157076
-0.000353869 0.000625191 -0.0179689
0.00879123 0.00152499 -0.0202599
0.0187649 0.00226673 -0.0228027
0.0299032 0.00275135 -0.0256361
0.0416754 0.00291676 -0.0285831
0.0531443 0.00275311 -0.0313026
0.0632222 0.00230109 -0.0333832
0.0705674 0.00163224 -0.0343827
0.0739208 0.000820764 -0.0339189
0.0728462 -7.2619e-05 -0.031873
0.0678789 -0.000998072 -0.0284935
0.0600759 -0.00190828 -0.024269
0.050787 -0.0027555 -0.0198121
0.041563 -0.00349628 -0.0158014
0.0338106 -0.00409588 -0.0128086
0.028265 -0.00452356 -0.0111211
0.0246987 -0.00474202 -0.010697
0.0222604 -0.00470572 -0.0112387
0.0199866 -0.00437433 -0.0123432
0.0170423 -0.00373264 -0.0136487
0.0129688 -0.00280573 -0.0149267
0.00777109 -0.00166053 -0.0160729
0.00168276 -0.000391535 -0.0170404
-0.00491198 0.00089742 -0.0178481
-0.0112802 0.00210492 -0.018631
-0.016506 0.00314168 -0.0195878
-0.0201058 0.00394064 -0.0207868
-0.0224877 0.00446201 -0.0220065
-0.0248127 0.00469163 -0.0227823
-0.0282047 0.00463715 -0.0226589
-0.0331298 0.00432674 -0.0214297
-0.0394931 0.0038083 -0.0191488
-0.0468192 0.00314065 -0.0160496
-0.0542057 0.00237485 -0.0125258
-0.0605672 0.00154214 -0.00906293
-0.0649039 0.00066232 -0.0061181
-0.066264 -0.000233219 -0.00408419
-0.0640214 -0.00108344 -0.00323128
-0.058372 -0.00180049 -0.00356875
-0.0503252 -0.00229575 -0.00482425
-0.041031 -0.00251417 -0.00662293
-0.0312239 -0.00245208 -0.00868761
-0.0212879 -0.00214521 -0.0108667
-0.0114215 -0.00164265 -0.0130994
-0.00169119 -0.000996313 -0.0153947
0.0079487 -0.000267819 -0.017771
0.0176423 0.000464243 -0.0202421
0.0275562 0.00111 -0.0228285
0.037783 0.00158895 -0.0255098
0.0479796 0.00185258 -0.0281359
0.0570143 0.00189176 -0.0303545
0.0635832 0.00172173 -0.031734
0.0672395 0.00136067 -0.0320631
0.0683859 0.000827484 -0.0314425
0.0674226 0.00015675 -0.0300615
0.0643123 -0.000596079 -0.0280106
0.0589709 -0.0013696 -0.0253516
0.0517002 -0.00211477 -0.0222596
0.0433358 -0.0027947 -0.019064
0.0351787 -0.00336818 -0.0162258
0.0283583 -0.00378054 -0.0141736
0.023051 -0.00397519 -0.0130467
0.018512 -0.00392011 -0.0126613
0.0140686 -0.00362586 -0.0127628
0.0099855 -0.0031328 -0.0132846
0.00691929 -0.00247594 -0.0143097
0.00482935 -0.00166458 -0.0158009
0.0030536 -0.000706979 -0.0175149
0.000882674 0.00034447 -0.0191356
-0.00227323 0.00138457 -0.0203582
-0.0066299 0.00229767 -0.0209747
-0.01173 0.00301108 -0.021001
-0.016753 0.0035131 -0.0206562
-0.0212769 0.00382056 -0.0201467
-0.0253423 0.00392743 -0.0195311
-0.0288427 0.00378591 -0.0188102
-0.0315095 0.00334686 -0.0179769
-0.0333937 0.00262886 -0.0169673
-0.0348984 0.00174334 -0.0157121
-0.0363862 0.000845466 -0.0142086
-0.0380155 5.47446e-05 -0.0124861
-0.0399559 -0.000589445 -0.0105522
-0.0421891 -0.00110817 -0.00846094
-0.043986 -0.00152437 -0.00647152
-0.0441918 -0.00181848 -0.00504953
-0.0420095 -0.00193608 -0.0046362
-0.0371927 -0.0018403 -0.00544081
-0.0298467 -0.00155497 -0.00740029
-0.0205937 -0.00115245 -0.0102006
-0.010585 -0.000701243 -0.0133664
-0.000843042 -0.000225592 -0.0165028
0.00806031 0.000286882 -0.019414
0.0155851 0.000841384 -0.0219283
0.021068 0.00139617 -0.0237869
0.0242843 0.0018614 -0.0248128
0.0257087 0.00214261 -0.0250695
0.0260005 0.00219499 -0.0247758
0.0256526 0.00203761 -0.0241834
0.0250315 0.00171608 -0.0235136
0.0243195 0.00125931 -0.0228423
0.0233483 0.000674938 -0.0220685
0.0217466 -1.91053e-05 -0.0210438
0.0193514 -0.00076321 -0.0197199
0.0161654 -0.00145793 -0.0181653
0.0121673 -0.00200385 -0.0164859
0.00764389 -0.00235205 -0.0148369
0.00341345 -0.00251834 -0.0134637
0.000297583 -0.0025446 -0.0126056
-0.00150115 -0.00244843 -0.0123564
-0.0021596 -0.00221221 -0.0126915
-0.00167871 -0.00181588 -0.0136034
-2.75722e-05 -0.00127438 -0.0150687
0.00240666 -0.000643194 -0.0168964
0.00489699 7.05366e-06 -0.0187443
0.00680592 0.000620376 -0.020302
0.00769381 0.00116644 -0.0213976
0.00737347 0.00162815 -0.0219901
0.00610803 0.00198079 -0.0221528
0.00436416 0.00218549 -0.021981
0.00238262 0.00220481 -0.0215008
8.06714e-05 0.00202469 -0.0207129
-0.00264101 0.00166527 -0.0196475
-0.00547453 0.00117279 -0.018411
-0.00792115 0.000601034 -0.0171785
-0.00987815 2.30028e-07 -0.0160443
-0.011691 -0.000582698 -0.0149364
-0.0137735 -0.00110077 -0.0137219
-0.0162717 -0.00150823 -0.0123728
-0.0188007 -0.00176848 -0.0110713
-0.0204982 -0.00186099 -0.0101609
-0.02061 -0.00178387 -0.00993124
-0.0188995 -0.00155566 -0.0104607
-0.0154547 -0.00121394 -0.0116974
-0.0103711 -0.000804065 -0.0135861
-0.00367684 -0.000361864 -0.0160575
0.00431171 9.55463e-05 -0.0189305
0.0125267 0.00056198 -0.0218189
0.0195442 0.00102208 -0.0242118
0.0245529 0.0014369 -0.0257513
0.027518 0.00175219 -0.02638
0.0286632 0.00192395 -0.0262055
0.0283443 0.00193395 -0.0253876
0.0270834 0.00178075 -0.0241571
0.0257264 0.0014609 -0.0228372
0.0250732 0.000968165 -0.0217534
