7.93545e-07 -5.43526e-15 -0.0448803
-0.000193723 -1.04847e-06 -0.0448773
-0.000926084 -1.18939e-05 -0.0448608
-0.00219025 -5.19061e-05 -0.0448159
-0.00363649 -0.000127111 -0.0447335
-0.0052158 -0.000214606 -0.0446104
-0.00758077 -0.000300091 -0.0444309
-0.0114156 -0.000406869 -0.0441594
-0.0163421 -0.000574587 -0.0437708
-0.0208961 -0.000822087 -0.0432769
-0.0234536 -0.00110929 -0.0427216
-0.0233739 -0.0013304 -0.0421769
-0.0217278 -0.0013847 -0.0417282
-0.0203587 -0.0013131 -0.041433
-0.0202293 -0.00134593 -0.0413063
-0.0213729 -0.00172561 -0.0413478
-0.0236622 -0.00249468 -0.0415471
-0.0267057 -0.00345339 -0.0418534
-0.0296269 -0.00423205 -0.0421829
-0.0317144 -0.00450789 -0.0424585
-0.032698 -0.00428742 -0.0426042
-0.0315442 -0.00386556 -0.0425602
-0.026535 -0.00344884 -0.0423898
-0.0180351 -0.00294169 -0.0422687
-0.00907389 -0.0021538 -0.0423168
-0.00270864 -0.00110306 -0.0425594
-2.46948e-05 -6.7501e-05 -0.0430207
-0.000262858 0.000530196 -0.0437008
-0.00184933 0.000411196 -0.0445021
-0.00208296 -0.000140896 -0.0453203
0.00198723 -0.000340027 -0.0461502
0.0102721 0.000418279 -0.0469763
0.019547 0.00197229 -0.047683
0.0272136 0.00350876 -0.0481947
0.032031 0.00426668 -0.0485519
0.0323921 0.00406733 -0.0487771
0.028255 0.00330257 -0.0488118
0.0234023 0.00271437 -0.0486451
0.0228173 0.00291664 -0.0484046
0.0268609 0.00378999 -0.0481914
0.0298187 0.00459481 -0.0479211
0.027413 0.00466424 -0.0475171
0.0225138 0.00382944 -0.0470713
0.0194226 0.00249724 -0.0466781
0.0169751 0.00132132 -0.0463589
0.0114247 0.000643327 -0.0460997
0.00247721 0.000351304 -0.0458066
-0.00773929 1.69784e-05 -0.045362
-0.017532 -0.000881594 -0.0446688
-0.023457 -0.00238939 -0.0436858
-0.0226373 -0.00370399 -0.0426247
-0.0190985 -0.00384737 -0.0417975
-0.0204244 -0.00285578 -0.0411593
-0.0291304 -0.00189178 -0.0404688
-0.0413052 -0.00212375 -0.0397593
-0.052152 -0.0038782 -0.0391801
-0.0590763 -0.00635837 -0.0386973
-0.0598648 -0.00780672 -0.038347
-0.0528749 -0.00688369 -0.0383488
-0.0400867 -0.00421067 -0.0387103
-0.0278787 -0.00194207 -0.0392246
-0.0227393 -0.00178802 -0.0398867
-0.0270201 -0.00368379 -0.0407715
-0.0394444 -0.00608006 -0.041668
-0.0539612 -0.00722719 -0.0422705
-0.061058 -0.00639423 -0.0424853
-0.0564082 -0.00421017 -0.0423494
-0.043877 -0.00202057 -0.0418959
-0.029513 -0.000688148 -0.0412029
-0.0170845 9.20154e-05 -0.0405112
-0.010333 0.000922661 -0.040123
-0.0142719 0.0015658 -0.0400788
-0.0298977 0.00125875 -0.040213
-0.0518348 -0.000350023 -0.0404537
-0.07266 -0.00283429 -0.0406114
-0.0852563 -0.00518825 -0.0402877
-0.0839431 -0.00631099 -0.0394329
-0.0677788 -0.00564539 -0.0384582
-0.0433104 -0.00377857 -0.0377157
-0.0222429 -0.00215881 -0.0373437
-0.0133245 -0.00196298 -0.0374575
-0.0175508 -0.00353857 -0.0381293
-0.02981 -0.00645037 -0.0392692
-0.0451004 -0.00948218 -0.040672
-0.0624453 -0.0111911 -0.0420466
-0.0797539 -0.0109989 -0.0429032
-0.0896664 -0.00948897 -0.0427297
-0.0861274 -0.00754494 -0.0414687
-0.0722895 -0.00563834 -0.0395226
-0.0568439 -0.00376429 -0.0373337
-0.0448308 -0.00153934 -0.0353495
-0.0367301 0.00116187 -0.034121
-0.0349483 0.0033168 -0.0339026
-0.0433213 0.0032432 -0.0344739
-0.0586556 0.000383508 -0.0356589
-0.0709987 -0.00381126 -0.0374643
-0.0740689 -0.00699966 -0.0395931
-0.0667644 -0.00781171 -0.0414924
-0.0468033 -0.00655106 -0.0429502
-0.0143769 -0.00453467 -0.0442059
0.020343 -0.00316308 -0.0454842
0.0450026 -0.00299784 -0.0467538
0.0605223 -0.00319576 -0.0481048
0.0755174 -0.00236793 -0.0499344
0.0879556 -0.000207537 -0.0523268
0.0876357 0.00222496 -0.0547454
0.0748108 0.00390329 -0.0566896
0.0627344 0.00497984 -0.0580162
0.0587198 0.00630282 -0.0584859
0.0568811 0.00848629 -0.0577402
0.0539713 0.0116938 -0.0558682
0.0570711 0.0155706 -0.0534732
0.0681045 0.0190983 -0.0510687
0.0734195 0.0209014 -0.0487493
0.061188 0.020038 -0.0465606
0.0381425 0.0166142 -0.044848
0.0153 0.0116391 -0.0439342
-0.0123983 0.00616324 -0.0435404
-0.0569791 0.000541649 -0.0428113
-0.113391 -0.00540392 -0.0409946
-0.159598 -0.0117474 -0.0379016
-0.180214 -0.0179708 -0.0337102
-0.175833 -0.0227461 -0.028819
-0.152532 -0.0244116 -0.0240717
-0.120695 -0.0224759 -0.0205322
-0.100688 -0.0191226 -0.0187119
-0.111415 -0.0184326 -0.0183901
-0.150806 -0.0228511 -0.0192855
-0.198955 -0.0305688 -0.0213472
-0.239938 -0.0368908 -0.0241062
-0.265541 -0.0377138 -0.0264538
-0.264287 -0.0320056 -0.0276394
-0.227745 -0.0221812 -0.02784
-0.16529 -0.0124364 -0.0275003
-0.0994577 -0.00569189 -0.0270534
-0.0479635 -0.00143914 -0.0273544
-0.0178701 0.0026223 -0.0293354
-0.00900444 0.00693813 -0.0330859
-0.0136519 0.00960417 -0.0379989
-0.0196936 0.00914237 -0.0436187
-0.0178586 0.00627019 -0.0494891
-0.00319933 0.00340837 -0.0546361
0.0288099 0.00334346 -0.0583155
0.0808633 0.0072618 -0.0607929
0.145661 0.0132947 -0.0626232
0.206937 0.0179962 -0.0640485
0.250467 0.0195411 -0.0654897
0.269277 0.0187263 -0.0674534
0.261234 0.0171488 -0.0697787
0.228868 0.0155805 -0.0718247
0.18177 0.0141287 -0.0731135
0.134011 0.0128142 -0.0731815
0.0973056 0.0118901 -0.0713244
0.0756987 0.0121841 -0.0671061
0.0661579 0.0144597 -0.0608924
0.0623829 0.017999 -0.0535614
0.0566546 0.020716 -0.0460119
0.0412569 0.0207471 -0.0391645
0.0110355 0.0173228 -0.0337813
-0.0356874 0.0106664 -0.030005
-0.0974765 0.00169151 -0.0275397
-0.168718 -0.00845899 -0.026006
-0.238453 -0.0187726 -0.0247416
-0.292387 -0.0282669 -0.022904
-0.317227 -0.0357838 -0.0200978
-0.304768 -0.0402352 -0.016601
-0.255406 -0.0411463 -0.0132369
-0.177744 -0.0388806 -0.0112895
-0.0832191 -0.0344727 -0.0121945
0.0187573 -0.0292933 -0.0171061
0.12268 -0.02445 -0.026708
0.228446 -0.0200772 -0.0411912
0.341455 -0.0150078 -0.0602389
0.470104 -0.00717948 -0.0830197
0.623113 0.0053123 -0.108273
0.808006 0.0232721 -0.134639
1.02932 0.0462839 -0.161124
1.28493 0.0732984 -0.187335
1.56518 0.103349 -0.213378
1.85767 0.13577 -0.239708
2.1511 0.169753 -0.26693
2.43375 0.203735 -0.29547
2.69255 0.235406 -0.325315
2.91834 0.262719 -0.355938
3.11068 0.285191 -0.38634
3.27184 0.304012 -0.415103
3.39386 0.320696 -0.4403
3.4554 0.335422 -0.459495
3.43305 0.346425 -0.470067
3.31278 0.351006 -0.469562
3.092 0.347319 -0.455898
2.77422 0.335449 -0.427617
2.36609 0.316959 -0.38414
1.87999 0.2931 -0.32593
1.33158 0.263144 -0.254457
0.733485 0.22437 -0.172065
0.0891394 0.173523 -0.0817682
-0.594036 0.108674 0.01294
-1.26757 0.0306352 0.107793
-1.85908 -0.0563007 0.19744
-2.34077 -0.145731 0.276392
-2.74438 -0.233714 0.340847
-3.11024 -0.320716 0.389308
-3.44398 -0.407967 0.421378
-3.73647 -0.494427 0.437568
-3.99598 -0.575189 0.440827
-4.22891 -0.640217 0.435757
-4.41283 -0.67769 0.426264
-4.51488 -0.680827 0.416089
-4.53047 -0.651774 0.409356
-4.47899 -0.598655 0.408225
-4.36696 -0.528793 0.411588
-4.19293 -0.445606 0.416283
-3.98097 -0.351283 0.41864
-3.77155 -0.251329 0.415544
-3.58679 -0.156452 0.404579
-3.4253 -0.079428 0.384131
-3.27491 -0.0289619 0.35433
-3.10496 -0.00480619 0.316914
-2.85726 0.00217459 0.273497
-2.47758 0.00322993 0.224906
-1.95936 0.00333715 0.172055
-1.34494 -0.000548194 0.115876
-0.692822 -0.0139019 0.0564418
-0.0559357 -0.0382834 -0.00652787
0.519262 -0.0691319 -0.0724215
0.998912 -0.0974167 -0.139566
1.37735 -0.113573 -0.205571
1.68212 -0.111617 -0.267201
1.95923 -0.0898824 -0.32058
2.24779 -0.0480582 -0.36255
2.56079 0.014826 -0.392027
2.88056 0.0985741 -0.409921
3.17169 0.198747 -0.418397
3.39997 0.305551 -0.420496
3.53964 0.405648 -0.419385
3.56749 0.486499 -0.417121
3.46081 0.5408 -0.414129
3.21398 0.56759 -0.409269
2.85499 0.569484 -0.399849
2.4403 0.549118 -0.382293
2.03415 0.507925 -0.353645
1.68244 0.447564 -0.312749
1.3981 0.371617 -0.260712
1.16445 0.284861 -0.200774
0.945452 0.190723 -0.137543
0.697365 0.0894786 -0.076002
0.382252 -0.0206654 -0.0204931
-0.0155418 -0.139172 0.0262491
-0.479208 -0.259093 0.0634597
-0.966422 -0.367689 0.0922912
-1.42398 -0.451466 0.115561
-1.80018 -0.501701 0.136574
-2.05586 -0.516476 0.157561
-2.17759 -0.49867 0.179104
-2.18766 -0.452924 0.200279
-2.13371 -0.384353 0.21891
-2.06285 -0.299506 0.232142
-2.00534 -0.207532 0.237262
-1.97138 -0.118966 0.232526
-1.95121 -0.0421968 0.217753
-1.91745 0.0196735 0.194259
-1.83358 0.0684342 0.16427
-1.66692 0.106921 0.130306
-1.39797 0.135621 0.0944789
-1.02512 0.152428 0.0577339
-0.570874 0.154821 0.0198668
-0.0810481 0.142199 -0.0197135
0.392387 0.116475 -0.0615596
0.810996 0.0811731 -0.106
1.15647 0.0403916 -0.152627
1.42338 -0.00144866 -0.199765
1.61729 -0.0388386 -0.244436
1.76374 -0.0648324 -0.283124
1.90078 -0.072444 -0.312918
2.05418 -0.0570104 -0.332185
2.2251 -0.0181372 -0.340797
2.39856 0.0402833 -0.340249
2.55118 0.111668 -0.333326
2.64578 0.187788 -0.323071
2.63942 0.259542 -0.311695
2.51108 0.31888 -0.300335
2.27679 0.360981 -0.289257
1.979 0.384814 -0.277545
1.66564 0.391982 -0.263051
1.37659 0.385076 -0.243575
1.13593 0.36574 -0.218046
0.946407 0.333195 -0.186602
0.790811 0.285247 -0.15044
0.639379 0.220973 -0.111897
0.458544 0.142007 -0.0738006
0.221163 0.051845 -0.0382627
-0.0823571 -0.0449249 -0.00626443
-0.439393 -0.142731 0.0221681
-0.822087 -0.235137 0.0480862
-1.19654 -0.315134 0.0734471
-1.52717 -0.375628 0.100068
-1.78484 -0.410875 0.128651
-1.95823 -0.418671 0.158655
-2.0547 -0.401327 0.188453
-2.09083 -0.364289 0.215331
-2.08809 -0.314006 0.235924
-2.07216 -0.256823 0.247365
-2.06186 -0.198392 0.248114
-2.05483 -0.142874 0.237855
-2.02896 -0.0926908 0.217388
-1.95657 -0.0489984 0.188841
-1.81348 -0.0119038 0.15513
-1.58138 0.0194307 0.11871
-1.25611 0.0457542 0.0810832
-0.858457 0.0664264 0.0431086
-0.429354 0.0794837 0.00509187
-0.0113622 0.0830082 -0.0332196
0.364313 0.0764539 -0.0720981
0.680999 0.0613554 -0.111221
0.937651 0.0415565 -0.149631
1.14749 0.0226186 -0.185981
1.33024 0.0100651 -0.218635
1.50298 0.00757766 -0.245841
1.67674 0.0165817 -0.266333
1.85447 0.0368217 -0.279959
2.02725 0.0668656 -0.287615
2.17539 0.104357 -0.290737
2.27542 0.14612 -0.290948
2.30633 0.188086 -0.289597
2.25353 0.225428 -0.287093
2.1149 0.253721 -0.282757
1.90593 0.270788 -0.275279
1.65549 0.277353 -0.263134
1.39392 0.27568 -0.244829
1.14522 0.267479 -0.219394
0.925491 0.252602 -0.187048
0.740503 0.229143 -0.14942
0.583075 0.194833 -0.109209
0.436945 0.148811 -0.0697205
0.284689 0.0924693 -0.0343442
0.109618 0.028647 -0.00571291
-0.106868 -0.0398271 0.0152127
-0.377407 -0.110544 0.0294815
-0.693548 -0.180416 0.0397013
-1.02267 -0.244242 0.0492186
-1.32016 -0.294723 0.0612466
-1.54434 -0.324408 0.0779578
-1.66688 -0.328475 0.0996822
-1.68352 -0.307115 0.124673
-1.62196 -0.266247 0.149708
-1.53373 -0.215583 0.171017
-1.47302 -0.164957 0.185027
-1.47767 -0.121236 0.189257
-1.55973 -0.0873797 0.183347
-1.703 -0.0632257 0.169352
-1.86473 -0.0468027 0.151049
-1.98727 -0.0355943 0.132814
-2.01829 -0.0273184 0.118436
-1.92807 -0.020158 0.109959
-1.71883 -0.0131972 0.106985
-1.42576 -0.00744684 0.106957
-1.10669 -0.00653555 0.106176
-0.82144 -0.0155783 0.100893
-0.612215 -0.0382197 0.0882557
-0.495954 -0.0738524 0.0671963
-0.46298 -0.116854 0.038995
-0.477916 -0.158165 0.00696452
-0.491286 -0.188407 -0.0245776
-0.459822 -0.201053 -0.0513471
-0.359143 -0.193846 -0.0700715
-0.184005 -0.167715 -0.0795797
0.0510381 -0.125068 -0.0813026
0.308796 -0.069676 -0.0785161
0.538852 -0.00746462 -0.0750487
0.698527 0.0538591 -0.0744147
0.765696 0.106631 -0.0790564
0.736871 0.14543 -0.0893565
0.626498 0.168793 -0.103359
0.472379 0.179491 -0.117727
0.330595 0.182561 -0.128962
0.2538 0.182142 -0.13421
0.270211 0.179631 -0.132024
0.377359 0.174104 -0.123108
0.54545 0.163485 -0.110222
0.725623 0.145262 -0.09717
0.866422 0.117199 -0.0877131
0.93275 0.0784979 -0.0848005
0.914673 0.0308459 -0.0897608
0.825921 -0.0212112 -0.101646
0.697256 -0.0706571 -0.11746
0.563017 -0.109479 -0.133124
0.446897 -0.131329 -0.144364
0.358197 -0.133709 -0.147483
0.29679 -0.117789 -0.140358
0.255505 -0.0868121 -0.123092
0.216783 -0.0451207 -0.0976251
0.15748 0.00214975 -0.0669534
0.0634899 0.0493488 -0.0347775
-0.0650662 0.0906646 -0.00493301
-0.220727 0.120718 0.0196743
-0.394265 0.135647 0.0376247
-0.571499 0.134316 0.0487455
-0.729523 0.118249 0.0537664
-0.841799 0.0902073 0.0540738
-0.88528 0.0532737 0.0511896
-0.846299 0.0108253 0.046045
-0.727099 -0.0335971 0.0387663
-0.546092 -0.0767954 0.0290142
-0.329513 -0.116299 0.0161363
-0.103198 -0.150212 -0.000768202
0.111235 -0.17686 -0.022321
0.300428 -0.194316 -0.0482965
0.464252 -0.199693 -0.0776263
0.613233 -0.18938 -0.108686
0.758039 -0.160791 -0.139369
0.90456 -0.113897 -0.167322
1.05655 -0.0511895 -0.190704
1.21475 0.0232234 -0.208684
1.37135 0.104291 -0.221177
1.51047 0.186338 -0.22862
1.61736 0.263394 -0.23206
1.68227 0.329415 -0.232861
1.69473 0.378586 -0.231988
1.64449 0.406286 -0.229585
1.53237 0.410298 -0.225147
1.37339 0.391225 -0.217818
1.18686 0.351765 -0.206506
0.987452 0.295644 -0.190118
0.787069 0.227066 -0.168074
0.598075 0.150393 -0.140704
0.427006 0.0697573 -0.109187
0.267655 -0.0110696 -0.0753052
0.105302 -0.0885998 -0.0412879
-0.0736227 -0.159602 -0.00942262
-0.276478 -0.221167 0.0185851
-0.503478 -0.270773 0.0419952
-0.746568 -0.306101 0.0610102
-0.99052 -0.324846 0.076518
-1.21881 -0.325151 0.089803
-1.41897 -0.306466 0.102328
-1.58223 -0.270262 0.115351
-1.70185 -0.220248 0.129408
-1.77582 -0.161851 0.144124
-1.81085 -0.101168 0.15838
-1.82101 -0.0439629 0.170588
-1.8209 0.00475215 0.179124
-1.81954 0.0406 0.1828
-1.81755 0.0599388 0.181094
-1.80668 0.0607793 0.174116
-1.77203 0.043915 0.162435
-1.69708 0.0130796 0.146894
-1.56913 -0.0263213 0.128443
-1.38368 -0.0691276 0.107886
-1.14589 -0.111704 0.085606
-0.869262 -0.151763 0.0615306
-0.57209 -0.187025 0.0353087
-0.273136 -0.214128 0.00655213
0.0113089 -0.228986 -0.0248276
0.269248 -0.228254 -0.0583125
0.495709 -0.210548 -0.0927578
0.694582 -0.176327 -0.126602
0.875593 -0.12676 -0.158125
1.04794 -0.0629764 -0.185736
1.21648 0.0134573 -0.208272
1.3817 0.0992892 -0.225244
1.53982 0.188749 -0.236947
1.68129 0.274086 -0.244267
1.79117 0.3474 -0.248309
1.85425 0.402546 -0.250105
1.86171 0.435917 -0.250364
1.81388 0.446056 -0.249251
1.71791 0.432932 -0.246328
1.58442 0.397706 -0.240674
1.42618 0.342992 -0.231118
1.25722 0.27305 -0.216642
1.09005 0.193398 -0.196816
0.931897 0.109861 -0.172028
0.781585 0.0275822 -0.143465
0.629275 -0.0494906 -0.112844
0.460469 -0.118586 -0.0819633
0.262742 -0.177705 -0.0523215
0.0309541 -0.22503 -0.0249127
-0.233223 -0.258557 -9.39842e-05
-0.5232 -0.276319 0.0225359
-0.824769 -0.277053 0.0440463
-1.11477 -0.260829 0.0657213
-1.36724 -0.229331 0.0884713
-1.56264 -0.185844 0.112418
-1.69374 -0.134767 0.136711
-1.7667 -0.0810534 0.159572
-1.79772 -0.0302761 0.17874
-1.80496 0.0112838 0.192124
-1.79996 0.0377285 0.198134
-1.78548 0.0454232 0.195764
-1.75737 0.0343023 0.184949
-1.70475 0.00778013 0.166755
-1.61086 -0.0286337 0.142957
-1.45943 -0.0693671 0.115506
-1.24334 -0.110243 0.086203
-0.967018 -0.148159 0.0563106
-0.64296 -0.179723 0.0261975
-0.290438 -0.200923 -0.00447807
0.0652464 -0.208385 -0.0361942
0.398328 -0.20074 -0.0692131
0.689668 -0.178694 -0.103476
0.93025 -0.143925 -0.138352
1.12226 -0.0976791 -0.172438
1.27869 -0.0400599 -0.203871
1.41834 0.0291216 -0.230927
1.55652 0.108263 -0.252331
1.69961 0.192712 -0.267396
1.8455 0.275589 -0.276323
1.98396 0.349661 -0.28023
2.0955 0.408709 -0.280622
2.15532 0.44798 -0.278852
2.14418 0.464221 -0.275878
2.05648 0.455704 -0.271943
1.89989 0.422556 -0.266286
1.69213 0.367395 -0.257343
1.45856 0.295591 -0.24342
1.22636 0.21431 -0.223337
1.01493 0.130605 -0.196776
0.829967 0.0498091 -0.164426
0.664 -0.0249153 -0.128005
0.498488 -0.0920521 -0.0899464
0.307433 -0.150852 -0.0527343
0.0673812 -0.200509 -0.0182976
-0.229669 -0.239643 0.0123163
-0.571822 -0.266354 0.0391133
-0.933074 -0.278791 0.0631513
-1.28099 -0.275742 0.0861159
-1.58291 -0.257005 0.109538
-1.81382 -0.223837 0.134121
-1.96435 -0.179516 0.159496
-2.04188 -0.129402 0.184232
-2.06481 -0.080185 0.206011
-2.05598 -0.038696 0.222138
-2.03702 -0.0106409 0.230345
-2.02095 0.000573258 0.229365
-2.00607 -0.0054536 0.219107
-1.97674 -0.0263237 0.200649
-1.91009 -0.0577642 0.176034
-1.78281 -0.0945731 0.147676
-1.57751 -0.131344 0.117616
-1.2903 -0.163213 0.0870749
-0.935745 -0.186574 0.0563992
-0.544744 -0.199414 0.0252116
-0.156062 -0.201188 -0.00725018
0.194101 -0.192387 -0.041548
0.481141 -0.173741 -0.0775049
0.697972 -0.145292 -0.114052
0.855597 -0.106117 -0.149375
0.97771 -0.0550298 -0.181197
1.0911 0.0081989 -0.207293
1.2159 0.0817743 -0.226121
1.35991 0.161416 -0.237247
1.51796 0.240808 -0.241458
1.67464 0.312822 -0.24066
1.80809 0.370828 -0.237419
1.89401 0.409484 -0.234183
1.91186 0.425112 -0.232536
1.85142 0.416003 -0.232764
1.71719 0.382774 -0.233769
1.52786 0.328651 -0.233339
1.31136 0.259379 -0.228791
1.09771 0.182393 -0.217763
0.910842 0.105165 -0.198893
0.762463 0.0334672 -0.172218
0.649283 -0.0295201 -0.139306
0.552907 -0.0829216 -0.103006
0.443536 -0.127157 -0.0667483
0.289827 -0.16291 -0.0336353
0.0718795 -0.190446 -0.00571042
-0.210335 -0.209389 0.0164562
-0.536365 -0.218842 0.0338211
-0.870464 -0.21753 0.0484673
-1.17077 -0.203992 0.0627949
-1.40127 -0.17737 0.0786771
-1.5421 -0.138764 0.0969063
-1.59316 -0.092154 0.116875
-1.57121 -0.0440532 0.136525
-1.50458 -0.00197328 0.152833
-1.42671 0.0275454 0.162727
-1.36624 0.0404636 0.163965
-1.3363 0.0357678 0.155699
-1.33018 0.0150756 0.138724
-1.32496 -0.0180141 0.11529
-1.28945 -0.0583092 0.0884877
-1.19371 -0.0994205 0.0613836
-1.01948 -0.134819 0.0362677
-0.767785 -0.159499 0.0142172
-0.458805 -0.171269 -0.00503583
-0.125329 -0.170785 -0.022925
0.195557 -0.16032 -0.0414593
0.470122 -0.142103 -0.0623836
0.675297 -0.117199 -0.0864902
0.804594 -0.0855166 -0.113278
0.869599 -0.0466689 -0.140951
0.89601 -0.000758566 -0.166812
0.91517 0.0514725 -0.187987
0.953168 0.108758 -0.202219
1.02184 0.169005 -0.208404
1.11578 0.228595 -0.206841
1.21561 0.282036 -0.199147
1.29411 0.322612 -0.18781
1.32338 0.34402 -0.175445
1.28326 0.342324 -0.164069
1.1681 0.317183 -0.154635
0.988305 0.271618 -0.146854
0.766956 0.210714 -0.139307
0.534331 0.140293 -0.129941
0.320832 0.0662588 -0.116827
0.14798 -0.00571365 -0.0988132
0.0213643 -0.070669 -0.0758742
-0.0694256 -0.125074 -0.0491923
-0.144575 -0.167374 -0.0209604
-0.226602 -0.197952 0.00616857
-0.334322 -0.218258 0.0297965
-0.477372 -0.229468 0.0483327
-0.651951 -0.23158 0.061256
-0.841239 -0.22359 0.069132
-1.02176 -0.204543 0.0733967
-1.1707 -0.174644 0.0759044
-1.26925 -0.135755 0.0783354
-1.30514 -0.0910714 0.0816459
-1.27719 -0.0444266 0.0857619
-1.19764 0.000113012 0.0896464
-1.08829 0.0383552 0.0916708
-0.971894 0.0661993 0.0900884
-0.865149 0.0801817 0.083536
-0.775839 0.0784051 0.0714912
-0.702018 0.0615071 0.0544241
-0.632878 0.0329092 0.03361
-0.552677 -0.00206505 0.0108577
-0.446624 -0.0378231 -0.0118283
-0.305617 -0.0698905 -0.0327253
-0.128735 -0.0953146 -0.0508315
0.0752016 -0.112297 -0.0660495
0.28829 -0.119704 -0.0790475
0.48829 -0.1169 -0.0909014
0.654924 -0.104 -0.102685
0.774557 -0.0821406 -0.115059
0.843393 -0.0532125 -0.127973
0.869366 -0.0189939 -0.140706
0.870035 0.0196336 -0.152159
0.865125 0.0624701 -0.161138
0.868199 0.108799 -0.166606
0.883526 0.156203 -0.16797
0.908172 0.200363 -0.165318
0.93398 0.2361 -0.159404
0.94818 0.259009 -0.151411
0.936504 0.266623 -0.142623
0.889225 0.258485 -0.134074
0.805761 0.235425 -0.126293
0.694453 0.19892 -0.119197
0.568787 0.151179 -0.112193
0.442904 0.0956905 -0.104462
0.327823 0.0372616 -0.0952692
0.229377 -0.0189066 -0.0841732
0.147748 -0.0686131 -0.0711563
0.0778066 -0.109537 -0.0566821
0.0104236 -0.141025 -0.0415751
-0.0646089 -0.163091 -0.0267841
-0.154402 -0.17546 -0.0131645
-0.260072 -0.177459 -0.00130511
-0.377024 -0.168748 0.00859878
-0.496569 -0.150087 0.0167545
-0.607147 -0.123404 0.0236192
-0.696517 -0.0911659 0.0296588
-0.756006 -0.0557825 0.0351542
-0.783533 -0.0195812 0.0401025
-0.78204 0.0148061 0.0441648
-0.756348 0.044249 0.0466867
-0.712631 0.0654873 0.0468845
-0.658831 0.0759403 0.0441389
-0.602565 0.0745221 0.0381872
-0.547753 0.0619476 0.029157
-0.493346 0.040303 0.0175702
-0.434114 0.0123321 0.00430704
-0.362247 -0.0189202 -0.00960073
-0.270447 -0.0501231 -0.023265
-0.156279 -0.0778425 -0.0360981
-0.0246488 -0.0990657 -0.047836
0.113293 -0.111765 -0.0585478
0.242997 -0.115207 -0.0685381
0.35037 -0.109829 -0.0780839
0.426396 -0.0966228 -0.0872244
0.46988 -0.0763353 -0.0957545
0.485968 -0.0492642 -0.10326
0.482469 -0.0158396 -0.109108
0.468133 0.0226543 -0.112581
0.451952 0.0638225 -0.113177
0.440066 0.104414 -0.110791
0.432621 0.140887 -0.105713
0.424867 0.170037 -0.0986062
0.410853 0.189389 -0.0904592
0.385243 0.19714 -0.082319
0.343541 0.191994 -0.0749508
0.283882 0.17344 -0.0686944
0.209452 0.14233 -0.0635255
0.128347 0.10115 -0.0591232
0.0510273 0.0537079 -0.0549495
-0.0127086 0.00441112 -0.0504751
-0.0566778 -0.0426214 -0.0454112
-0.0809272 -0.0842792 -0.0397467
-0.0921789 -0.118622 -0.0336983
-0.100915 -0.144486 -0.0276885
-0.117067 -0.161037 -0.0222375
-0.146988 -0.167651 -0.0177514
-0.192153 -0.164035 -0.0143747
-0.249289 -0.150417 -0.0119652
-0.311798 -0.127694 -0.010121
-0.371344 -0.0974777 -0.00828414
-0.418892 -0.0619263 -0.00596945
-0.446503 -0.0235029 -0.00301129
-0.45019 0.0151032 0.000346569
-0.431416 0.050929 0.00352673
-0.396031 0.0808354 0.00574564
-0.352562 0.101834 0.00617957
-0.310606 0.111536 0.00421756
-0.277623 0.108684 -0.00032371
-0.255112 0.0936623 -0.0071817
-0.238002 0.0685889 -0.015731
-0.217843 0.0367862 -0.0250495
-0.186327 0.00198046 -0.0340878
-0.137266 -0.0323066 -0.0419914
-0.068405 -0.0630937 -0.0483413
0.0166289 -0.0880894 -0.053176
0.108701 -0.105664 -0.0569135
0.196454 -0.114776 -0.0602427
0.269341 -0.115022 -0.0638914
0.31917 -0.106697 -0.0683211
0.342257 -0.0906293 -0.0735582
0.341814 -0.0677957 -0.0792289
0.326979 -0.039069 -0.0846791
0.308522 -0.00536867 -0.0891156
0.295493 0.0319311 -0.0918093
0.294207 0.0706957 -0.0923527
0.307047 0.108014 -0.0908179
0.330539 0.140502 -0.087704
0.356094 0.164893 -0.0837835
0.373866 0.17866 -0.0799495
0.376029 0.180363 -0.0769907
0.358281 0.169659 -0.0753139
0.321217 0.147254 -0.0748224
0.271273 0.115001 -0.0750187
0.218741 0.0758751 -0.0751888
0.173344 0.0335883 -0.074567
0.140888 -0.00803764 -0.0725268
0.12227 -0.0457123 -0.0687908
0.113404 -0.0771638 -0.0634962
0.105618 -0.10124 -0.0570704
0.0879734 -0.117552 -0.0500777
0.0513608 -0.125991 -0.0430845
-0.00820759 -0.126501 -0.0364799
-0.0886068 -0.119198 -0.0303373
-0.182312 -0.10457 -0.0244402
-0.278011 -0.0835815 -0.0184278
-0.363208 -0.0576741 -0.011974
-0.427491 -0.0286958 -0.00496795
-0.465317 0.00116061 0.00234821
-0.477302 0.0293564 0.00935979
-0.469337 0.0530595 0.0152028
-0.449828 0.0694635 0.0189652
-0.42655 0.0763804 0.0198907
-0.404606 0.0728309 0.0175686
-0.385756 0.0593227 0.0120756
-0.368285 0.0377032 0.00399018
-0.347138 0.0106913 -0.00573479
-0.314826 -0.0186608 -0.0159872
-0.263826 -0.0473264 -0.02576
-0.190132 -0.0724672 -0.0343997
-0.0962323 -0.0916184 -0.0417222
0.00861797 -0.103041 -0.0479522
0.111193 -0.106063 -0.0535597
0.198382 -0.101114 -0.0590626
0.260911 -0.0893218 -0.0648254
0.295828 -0.0718513 -0.0709185
0.30693 -0.0493854 -0.0770908
0.302838 -0.0221932 -0.0828305
0.29376 0.00921426 -0.0874755
0.288523 0.0434006 -0.0903973
0.292488 0.0778733 -0.0912316
0.306218 0.109571 -0.0900224
0.32508 0.135588 -0.0871946
0.340552 0.153669 -0.0834135
0.343514 0.162248 -0.0793958
0.328035 0.160279 -0.0757039
0.293511 0.147303 -0.0726069
0.244057 0.123873 -0.0700559
0.186055 0.0919294 -0.0677235
0.126106 0.0546182 -0.0650908
0.0705066 0.0155239 -0.061615
0.0248637 -0.0222001 -0.0569357
-0.00782351 -0.0562692 -0.0510165
-0.0292355 -0.0851301 -0.0441601
-0.0454014 -0.107556 -0.0369215
-0.0642932 -0.12247 -0.0299638
-0.0932992 -0.129215 -0.0238717
-0.136957 -0.127948 -0.0189698
-0.194644 -0.119575 -0.0152608
-0.259807 -0.105198 -0.0125031
-0.322655 -0.0856044 -0.0103072
-0.37453 -0.0613694 -0.00821804
-0.410036 -0.0334885 -0.00586176
-0.42667 -0.00395401 -0.00312565
-0.424859 0.0242755 -0.000226932
-0.408546 0.0479821 0.00236355
-0.383993 0.0646423 0.00405192
-0.356784 0.0729983 0.00424499
-0.329712 0.0729012 0.00248653
-0.302914 0.0647699 -0.00139482
-0.274696 0.0493348 -0.0072265
-0.242135 0.02786 -0.0145663
-0.202228 0.00243641 -0.0228068
-0.153376 -0.0241214 -0.0312708
-0.0959669 -0.0488336 -0.0393525
-0.03168 -0.0692177 -0.046655
0.0375195 -0.0836495 -0.053036
0.109419 -0.091255 -0.0585805
0.180575 -0.0915391 -0.0635403
0.245897 -0.0842296 -0.0682376
0.299992 -0.0695113 -0.0729395
0.339406 -0.0483019 -0.0777602
0.363778 -0.0222161 -0.0826278
0.375186 0.0067904 -0.0872784
0.376949 0.0368619 -0.0912886
0.372725 0.066449 -0.0941948
0.36591 0.0941267 -0.0956306
0.359254 0.118249 -0.0953984
0.354304 0.136874 -0.0935161
0.350588 0.148128 -0.0902457
0.345069 0.150689 -0.0860315
0.33263 0.144047 -0.0813559
0.307991 0.128471 -0.0766141
0.268158 0.104814 -0.072032
0.21364 0.0744086 -0.067606
0.147926 0.0391604 -0.0631038
0.0761212 0.00165674 -0.0581583
0.00369372 -0.0350231 -0.0523925
-0.0646106 -0.0678578 -0.0455344
-0.125728 -0.0945187 -0.0375231
-0.178804 -0.1137 -0.0285679
-0.225122 -0.125008 -0.0191334
-0.267401 -0.128601 -0.00986073
-0.30876 -0.124914 -0.00143811
-0.351575 -0.114642 0.00553934
-0.396212 -0.0988907 0.0106822
-0.440245 -0.0791984 0.0138631
-0.479153 -0.0572835 0.0152007
-0.507839 -0.0347232 0.0149914
-0.521536 -0.0128059 0.0136144
-0.516556 0.00738725 0.0114031
-0.491556 0.0247688 0.00853846
-0.44836 0.0380984 0.00504093
-0.391192 0.0461409 0.000817385
-0.325122 0.0480825 -0.00431335
-0.255352 0.0438473 -0.0105455
-0.186837 0.0341041 -0.0179439
-0.123014 0.0200782 -0.0263716
-0.0642334 0.0033603 -0.0355192
-0.00804014 -0.0142285 -0.0449426
0.0484199 -0.0307391 -0.0541095
0.106746 -0.0442208 -0.0625113
0.167411 -0.0529479 -0.0697932
0.229771 -0.0557327 -0.0758173
0.291333 -0.0521767 -0.0806427
0.34777 -0.0426817 -0.0844608
0.39427 -0.0281953 -0.0875329
0.42688 -0.00991066 -0.0901124
0.443332 0.0108841 -0.0923373
0.443763 0.0328513 -0.0941696
0.430949 0.0546366 -0.0954335
0.409402 0.0749008 -0.0958759
0.383638 0.0923618 -0.0952147
0.356835 0.105871 -0.0932288
0.330364 0.114465 -0.0898563
0.303551 0.117346 -0.0852098
0.273773 0.113881 -0.0795299
0.237646 0.103722 -0.073132
0.192877 0.0870102 -0.0663455
0.139315 0.0645343 -0.0594486
0.0786457 0.0377259 -0.0526208
0.0136976 0.00848986 -0.0459293
-0.0520269 -0.0210722 -0.0393574
-0.114783 -0.0489472 -0.0328574
-0.171223 -0.0733938 -0.0264039
-0.219145 -0.0930001 -0.0200526
-0.258134 -0.1067 -0.0139761
-0.28981 -0.113842 -0.00843063
-0.317111 -0.114307 -0.00368199
-0.34278 -0.108561 5.83985e-05
-0.368085 -0.0975454 0.00267487
-0.39231 -0.0824394 0.00416424
-0.412705 -0.0644053 0.00461689
-0.425038 -0.0444647 0.00416681
-0.425076 -0.0235917 0.0029378
-0.410298 -0.00295177 0.00101238
-0.380675 0.0159797 -0.00158763
-0.338333 0.0316015 -0.00492677
-0.286851 0.0425592 -0.00914244
-0.230312 0.0480712 -0.0143661
-0.171995 0.0480565 -0.0206507
-0.113431 0.0430454 -0.0279442
-0.0546287 0.0339673 -0.0360685
0.00472618 0.0219761 -0.0447074
0.064394 0.00840803 -0.0534481
0.123662 -0.00522574 -0.061858
0.181624 -0.0173607 -0.0695492
0.237274 -0.0265985 -0.0762278
0.289445 -0.0319029 -0.0817358
0.336349 -0.032685 -0.086055
0.375212 -0.0288086 -0.0892554
0.403061 -0.0205676 -0.0914314
0.418439 -0.0086132 -0.0926778
0.422148 0.00616682 -0.0930991
0.41611 0.0227462 -0.0927936
0.402019 0.0400222 -0.0918098
0.381003 0.0568432 -0.0901422
0.353895 0.0719817 -0.0877589
0.321605 0.0841161 -0.0846172
0.285507 0.0919783 -0.0807016
0.247559 0.0946804 -0.0760913
0.20946 0.0919478 -0.0709665
0.171426 0.0840309 -0.0655317
0.132488 0.0714067 -0.0599586
0.0921173 0.0545717 -0.0544029
0.0509652 0.0341177 -0.0490246
0.0102058 0.0110079 -0.0439673
-0.0292455 -0.0132181 -0.039329
-0.0670964 -0.0365759 -0.0351495
-0.104007 -0.0571718 -0.0313929
-0.141287 -0.0737723 -0.0279265
-0.179189 -0.0858776 -0.0245704
-0.215544 -0.0932611 -0.0212143
-0.246709 -0.0955024 -0.0178729
-0.269788 -0.0920196 -0.0146477
-0.283895 -0.0825956 -0.0117064
-0.289869 -0.0679511 -0.00928703
-0.289643 -0.0498751 -0.00765
-0.285634 -0.0306914 -0.0070077
-0.279597 -0.0123718 -0.00750245
-0.271807 0.00401111 -0.00919877
-0.26146 0.0180866 -0.0120358
-0.24731 0.0295443 -0.0157956
-0.227642 0.0377286 -0.0201572
-0.200588 0.0418397 -0.0247964
-0.16552 0.0414764 -0.0294487
-0.123977 0.0370037 -0.0339322
-0.0789449 0.0294412 -0.038169
-0.0335736 0.0199423 -0.0421833
0.00947922 0.00930181 -0.0460347
0.0481882 -0.00204737 -0.0497482
0.0811238 -0.0135651 -0.0533123
0.107208 -0.0242088 -0.056681
0.125723 -0.032563 -0.0597358
0.13696 -0.0373698 -0.0622891
0.142711 -0.0380029 -0.064154
0.145585 -0.0345612 -0.065196
0.147437 -0.0275766 -0.0653491
0.148504 -0.0176231 -0.0646459
0.147793 -0.00521888 -0.0632389
0.143848 0.00889933 -0.0613568
0.135501 0.0234988 -0.0592367
0.122536 0.0369655 -0.0570902
0.105886 0.0477986 -0.0550878
0.0872028 0.0550816 -0.0533329
0.068452 0.0585783 -0.0518512
0.0517898 0.0584568 -0.0506199
0.0389757 0.0549042 -0.049603
0.0304959 0.0479541 -0.0487529
0.0256114 0.0376767 -0.0480098
0.0231853 0.024542 -0.0473395
0.0219969 0.00957157 -0.0467542
0.0204897 -0.00590236 -0.0462717
0.0172011 -0.0206357 -0.0458769
0.0116309 -0.0336833 -0.0455295
0.00413446 -0.0443532 -0.045169
-0.00503705 -0.052059 -0.0446964
-0.0159926 -0.0562288 -0.0439943
-0.0282727 -0.056377 -0.0429921
-0.0405299 -0.0523327 -0.0416946
-0.0516152 -0.0444396 -0.0401512
-0.0612072 -0.0335361 -0.0384381
-0.069173 -0.0207259 -0.0366811
-0.0751893 -0.0071172 -0.0350612
-0.079442 0.00628086 -0.0337729
-0.0829636 0.0185164 -0.0329641
-0.0866072 0.0286663 -0.0327058
-0.0899471 0.0358958 -0.0329973
-0.091433 0.0395997 -0.0337696
-0.0893192 0.0395776 -0.0349048
-0.0821332 0.0361175 -0.0362936
-0.0686475 0.0298817 -0.0378791
-0.048241 0.0216489 -0.0396497
-0.0214898 0.0121046 -0.0416307
0.00978955 0.00182236 -0.0438858
0.0428487 -0.00858971 -0.0464967
0.0744077 -0.0183597 -0.0495159
0.101595 -0.0265831 -0.0529116
0.123044 -0.0323852 -0.0565411
0.138933 -0.0350967 -0.0601692
0.150158 -0.0343597 -0.0635005
0.157799 -0.0301063 -0.0662165
0.163609 -0.0224558 -0.0680585
0.169821 -0.0116934 -0.0689154
