8.61166e-06 2.96388e-07 -0.0618989
-0.000182671 3.94674e-07 -0.0618976
-0.000902897 1.41572e-06 -0.0618901
-0.00220923 5.56997e-06 -0.0618654
-0.00401594 1.32931e-05 -0.0618046
-0.00665208 1.58458e-05 -0.0617068
-0.0109449 -3.48253e-06 -0.0616256
-0.0175557 -5.34016e-05 -0.061606
-0.0262764 -0.000126666 -0.061558
-0.0361615 -0.000218903 -0.0613538
-0.0460949 -0.000353648 -0.0610906
-0.0552843 -0.000577733 -0.0610431
-0.0634966 -0.000919532 -0.0613336
-0.0702189 -0.00134309 -0.0618017
-0.0740528 -0.00174398 -0.0621305
-0.0741782 -0.00200959 -0.06206
-0.071496 -0.00210498 -0.0616402
-0.0675758 -0.00209476 -0.0612621
-0.0636406 -0.00207628 -0.061226
-0.0607139 -0.00210171 -0.0613604
-0.0593917 -0.00214899 -0.0613775
-0.0589033 -0.00214702 -0.0613334
-0.057688 -0.00204514 -0.0613531
-0.0552953 -0.00187476 -0.0614628
-0.0516918 -0.00171483 -0.0618693
-0.0457193 -0.0015726 -0.0625831
-0.0360782 -0.00133544 -0.0629588
-0.0226975 -0.000875644 -0.0624903
-0.0068348 -0.000186533 -0.0616441
0.0101835 0.000582804 -0.0611797
0.0275931 0.00120507 -0.0612086
0.0441521 0.00152152 -0.0615386
0.0584611 0.00156959 -0.0621656
0.0703977 0.00157419 -0.0628286
0.0796009 0.00177226 -0.0629646
0.0843546 0.00220858 -0.0625032
0.0844901 0.00270907 -0.061993
0.0822285 0.00304034 -0.0617739
0.0796942 0.0030628 -0.0616047
0.0765748 0.00278196 -0.061531
0.0699843 0.00233626 -0.0621668
0.0593622 0.00193089 -0.0631919
0.049432 0.00170935 -0.063246
0.0435689 0.00162611 -0.0621027
0.0384971 0.00145404 -0.061062
0.0294262 0.000999095 -0.0612269
0.0159864 0.000330354 -0.0623488
0.000481399 -0.000276471 -0.0629036
-0.0155182 -0.000625509 -0.0619362
-0.0305777 -0.00078084 -0.0605706
-0.0449653 -0.00100652 -0.0601854
-0.0620741 -0.00155705 -0.0608686
-0.0824807 -0.00241968 -0.0623692
-0.101307 -0.00320401 -0.0636984
-0.114594 -0.00343975 -0.0629366
-0.123461 -0.00307428 -0.0602394
-0.130932 -0.00256573 -0.0585765
-0.137454 -0.00247452 -0.059525
-0.139963 -0.0030101 -0.0613657
-0.134505 -0.00387471 -0.0624342
-0.121131 -0.0044676 -0.0628422
-0.104792 -0.0043265 -0.062689
-0.0905676 -0.00347728 -0.0619406
-0.0806644 -0.00236871 -0.0611644
-0.0735637 -0.0014864 -0.0604912
-0.067213 -0.00104458 -0.059612
-0.0642977 -0.000958051 -0.0590268
-0.0684576 -0.00101021 -0.0597344
-0.077674 -0.00102943 -0.0617303
-0.0858734 -0.000963053 -0.0633588
-0.0890775 -0.000857162 -0.0630125
-0.0888129 -0.000751898 -0.0615298
-0.0895589 -0.000598293 -0.06082
-0.0943163 -0.000331297 -0.0606519
-0.103192 -2.46007e-05 -0.0598752
-0.113662 5.24675e-05 -0.0588954
-0.123609 -0.000417556 -0.0583855
-0.133566 -0.00156526 -0.0586326
-0.143881 -0.00320478 -0.0604289
-0.152129 -0.00485406 -0.0635478
-0.153483 -0.00593973 -0.0656891
-0.143702 -0.00612152 -0.0648661
-0.122733 -0.00550355 -0.0618996
-0.0983492 -0.00456156 -0.059473
-0.083082 -0.00380304 -0.0590989
-0.082097 -0.00340416 -0.0601329
-0.0899028 -0.00313929 -0.0609018
-0.102086 -0.00271487 -0.0600758
-0.12183 -0.0021729 -0.0584763
-0.151099 -0.00184278 -0.0588069
-0.182482 -0.00192411 -0.0616668
-0.20361 -0.00225892 -0.0639678
-0.20768 -0.00247328 -0.0634105
-0.196819 -0.00226283 -0.0614386
-0.176226 -0.00162572 -0.0599804
-0.149747 -0.000933161 -0.059121
-0.120731 -0.000726219 -0.0588627
-0.0906133 -0.00129752 -0.0595803
-0.0579854 -0.00242421 -0.0608115
-0.0240488 -0.00354607 -0.0617993
0.00607276 -0.00419398 -0.0628644
0.0318392 -0.00420445 -0.0647731
0.0627714 -0.00361069 -0.0664583
0.10714 -0.00252308 -0.0656872
0.158425 -0.00109911 -0.0632828
0.20221 0.000574111 -0.0628077
0.232971 0.00259961 -0.0644583
0.255614 0.00507735 -0.064456
0.270662 0.0077236 -0.0615611
0.268924 0.00989969 -0.0589964
0.245018 0.0111192 -0.0593303
0.206882 0.0113945 -0.0613562
0.165698 0.0110496 -0.0627909
0.123884 0.0103575 -0.0632585
0.0816803 0.00944848 -0.0632396
0.0457769 0.00836025 -0.0623358
0.0189819 0.00696677 -0.0604219
-0.010474 0.00498608 -0.0590966
-0.0575134 0.00230432 -0.0597612
-0.123068 -0.000742916 -0.0606428
-0.197432 -0.00368295 -0.0587187
-0.276592 -0.00652222 -0.0549816
-0.36202 -0.00978881 -0.0542293
-0.446526 -0.0138597 -0.0586028
-0.515332 -0.0183365 -0.0646826
-0.558419 -0.0220929 -0.068097
-0.573332 -0.0238645 -0.0676972
-0.561612 -0.0229918 -0.0642912
-0.530268 -0.0199909 -0.058962
-0.493559 -0.016395 -0.0542979
-0.462729 -0.0136979 -0.0535033
-0.43694 -0.0122843 -0.055903
-0.411421 -0.0114104 -0.0576393
-0.386078 -0.0101346 -0.0581865
-0.360584 -0.00810142 -0.0603846
-0.328128 -0.00557055 -0.0639846
-0.278715 -0.00298888 -0.065398
-0.20516 -0.000543983 -0.0636172
-0.108495 0.00196304 -0.0610886
-0.00157703 0.00474129 -0.0591917
0.0994098 0.00751258 -0.0578806
0.187592 0.0095524 -0.0582221
0.264557 0.010264 -0.0601869
0.331579 0.00963506 -0.0615408
0.386499 0.00824287 -0.0625853
0.428851 0.00696074 -0.066061
0.464043 0.00651378 -0.0708109
0.49976 0.00712588 -0.0723484
0.538642 0.00854051 -0.0696146
0.573164 0.010335 -0.065539
0.587908 0.0121773 -0.0624845
0.57079 0.0138276 -0.060949
0.521009 0.0150307 -0.0606643
0.442723 0.0154581 -0.060733
0.338699 0.0147855 -0.0601887
0.214169 0.0129374 -0.059755
0.0794551 0.0102289 -0.0612154
-0.0526794 0.00716833 -0.0638784
-0.169137 0.0041338 -0.0648305
-0.261358 0.00123296 -0.0630633
-0.332223 -0.00166451 -0.0598789
-0.394109 -0.00481358 -0.0567173
-0.458264 -0.00838328 -0.0548833
-0.527571 -0.0123433 -0.0547622
-0.597739 -0.0165897 -0.0551188
-0.660637 -0.0210514 -0.0554835
-0.705324 -0.0255748 -0.057388
-0.716927 -0.0297403 -0.0619012
-0.675274 -0.0328176 -0.0679504
-0.55786 -0.0338891 -0.0731506
-0.348225 -0.0321553 -0.0756054
-0.0428218 -0.0273059 -0.075549
0.349022 -0.0196113 -0.0750193
0.810957 -0.009643 -0.0757713
1.32617 0.00208926 -0.078063
1.88032 0.0153233 -0.081101
2.46129 0.0299984 -0.0841346
3.0581 0.0460447 -0.0875031
3.6632 0.0632041 -0.092437
4.27729 0.0811133 -0.0991601
4.90799 0.0995484 -0.105972
5.55991 0.118487 -0.110989
6.22659 0.13792 -0.113926
6.89212 0.157646 -0.115698
7.53629 0.177144 -0.116896
8.13319 0.195552 -0.117251
8.64444 0.211879 -0.11674
9.01941 0.225407 -0.115959
9.20582 0.235913 -0.114514
9.15924 0.243413 -0.110502
8.84562 0.247554 -0.102507
8.23941 0.247186 -0.0913082
7.32582 0.240551 -0.0793422
6.11 0.225997 -0.0686258
4.62023 0.202658 -0.0593766
2.90223 0.170566 -0.0506318
1.00885 0.130274 -0.041608
-0.995068 0.0824605 -0.032321
-3.00621 0.0278031 -0.0233548
-4.90549 -0.0329945 -0.0157571
-6.61439 -0.0989872 -0.0123055
-8.09032 -0.16816 -0.0173369
-9.28958 -0.236322 -0.0301879
-10.1675 -0.297565 -0.0395705
-10.7169 -0.346798 -0.0346427
-10.9912 -0.381799 -0.0215593
-11.0745 -0.402872 -0.0143172
-11.0355 -0.41101 -0.0135554
-10.9185 -0.406529 -0.0115608
-10.7637 -0.389125 -0.00685286
-10.6088 -0.358856 -0.00134649
-10.4618 -0.317221 0.00377168
-10.2959 -0.267556 0.00715533
-10.0738 -0.214239 0.00855578
-9.75945 -0.161144 0.00852979
-9.32091 -0.110485 0.00958778
-8.74466 -0.0633645 0.0156733
-8.04342 -0.0216009 0.025347
-7.23819 0.0113852 0.0318839
-6.33829 0.0316218 0.0317652
-5.35034 0.0365617 0.0251401
-4.29236 0.0266292 0.00918413
-3.18405 0.00566476 -0.0187224
-2.02988 -0.0200867 -0.052232
-0.821158 -0.0443179 -0.0800836
0.440312 -0.0626909 -0.0973759
1.72405 -0.0730291 -0.107207
2.97788 -0.0741666 -0.114076
4.15209 -0.0649719 -0.119618
5.21404 -0.0444373 -0.123236
6.14031 -0.0126004 -0.123909
6.90826 0.0286904 -0.122149
7.50426 0.0762151 -0.121424
7.93751 0.126856 -0.124721
8.2416 0.178611 -0.128881
8.45701 0.23019 -0.126943
8.603 0.279721 -0.116394
8.66047 0.323821 -0.100606
8.58495 0.35789 -0.0836603
8.33186 0.377463 -0.0675581
7.86801 0.3795 -0.0526926
7.17174 0.362641 -0.0401019
6.23306 0.326779 -0.0337246
5.06632 0.272875 -0.0378463
3.72563 0.203344 -0.0521058
2.29836 0.122548 -0.0708282
0.879567 0.0366872 -0.0866836
-0.45209 -0.04728 -0.0952312
-1.64503 -0.123266 -0.0967434
-2.67312 -0.1873 -0.0931481
-3.53224 -0.23766 -0.0852701
-4.23692 -0.273958 -0.0747551
-4.81288 -0.296059 -0.0647242
-5.28532 -0.303597 -0.0574081
-5.66773 -0.296368 -0.0538773
-5.95774 -0.275026 -0.0538222
-6.13658 -0.241248 -0.054343
-6.17414 -0.197292 -0.0514359
-6.04542 -0.145634 -0.0428422
-5.7451 -0.0891916 -0.0296644
-5.28768 -0.0317826 -0.015527
-4.6998 0.0218576 -0.00338203
-4.01397 0.0667163 0.00588315
-3.26556 0.0986648 0.0109702
-2.48821 0.115566 0.00880412
-1.70511 0.117632 -0.0025222
-0.924928 0.106922 -0.0215594
-0.143374 0.0865074 -0.0446877
0.652219 0.059942 -0.0672331
1.47108 0.0310289 -0.0850564
2.30542 0.00354622 -0.0972128
3.12491 -0.0191763 -0.10583
3.88762 -0.0346274 -0.112974
4.56054 -0.0412949 -0.118097
5.12283 -0.0386909 -0.11923
5.55514 -0.0272387 -0.117382
5.84356 -0.00790735 -0.11727
5.99695 0.0183372 -0.121596
6.0493 0.05074 -0.126853
6.03758 0.0883402 -0.12681
5.98303 0.129427 -0.118906
5.88925 0.171346 -0.104901
5.74551 0.210548 -0.0869639
5.53116 0.242781 -0.0675888
5.2211 0.263691 -0.0510617
4.79138 0.269862 -0.040527
4.22633 0.259665 -0.0361387
3.52722 0.2335 -0.0376549
2.71628 0.193515 -0.0449891
1.83128 0.142941 -0.0555369
0.915703 0.0854247 -0.0649782
0.0102867 0.0246898 -0.0711438
-0.855085 -0.0355433 -0.0738759
-1.66727 -0.091761 -0.0728469
-2.42868 -0.141076 -0.0686089
-3.14853 -0.181507 -0.0633219
-3.83252 -0.211969 -0.0585955
-4.47904 -0.232036 -0.0545729
-5.07735 -0.241586 -0.0517295
-5.60262 -0.24053 -0.0511677
-6.01581 -0.228848 -0.0520363
-6.27478 -0.206982 -0.0510532
-6.34811 -0.176248 -0.0460658
-6.22112 -0.138912 -0.037983
-5.89688 -0.0979353 -0.0281681
-5.39702 -0.0566531 -0.0172347
-4.75878 -0.0184807 -0.00754407
-4.02592 0.0134949 -0.00274352
-3.23818 0.0370236 -0.00411562
-2.42626 0.0510672 -0.0107958
-1.61298 0.0559184 -0.0225026
-0.812937 0.053099 -0.0386009
-0.0304462 0.0450315 -0.0558215
0.73623 0.0344347 -0.0699914
1.48574 0.0236408 -0.0794868
2.20736 0.0142451 -0.0855575
2.8818 0.00722347 -0.0901669
3.48759 0.00326135 -0.0945809
4.008 0.00300637 -0.0993646
4.43501 0.00709861 -0.104256
4.76908 0.0159702 -0.108191
5.01695 0.0295993 -0.110843
5.19057 0.0474854 -0.113094
5.30459 0.0688675 -0.114608
5.36952 0.0928819 -0.113001
5.38453 0.118434 -0.106531
5.33546 0.143909 -0.0957308
5.19849 0.166985 -0.0823323
4.94663 0.184765 -0.0685181
4.55724 0.194339 -0.0570307
4.02067 0.193592 -0.050163
3.34695 0.181807 -0.0481724
2.56623 0.159669 -0.049744
1.72428 0.128789 -0.0538396
0.876233 0.0912022 -0.0598278
0.0781802 0.0491676 -0.0663195
-0.62647 0.00521315 -0.07142
-1.22109 -0.0378295 -0.0740034
-1.71651 -0.077021 -0.0736238
-2.1397 -0.109816 -0.0694958
-2.52443 -0.13473 -0.0611588
-2.90454 -0.15174 -0.0505917
-3.30355 -0.161936 -0.0422877
-3.72256 -0.166526 -0.0400104
-4.13669 -0.16593 -0.043783
-4.50281 -0.159597 -0.0505218
-4.77191 -0.146562 -0.0563339
-4.90279 -0.126363 -0.0574471
-4.87564 -0.0998265 -0.0514053
-4.70024 -0.0693006 -0.0390065
-4.41474 -0.0381818 -0.0235724
-4.07481 -0.010097 -0.00829817
-3.73939 0.0117319 0.00434212
-3.45757 0.0248077 0.011524
-3.25685 0.0275688 0.0103998
-3.13608 0.019696 3.22042e-05
-3.06598 0.0024476 -0.0175785
-2.99685 -0.0212851 -0.0382213
-2.87254 -0.0474909 -0.0567636
-2.64893 -0.0721175 -0.068848
-2.31043 -0.0922295 -0.0729892
-1.87337 -0.106544 -0.07132
-1.37668 -0.115085 -0.0674356
-0.871842 -0.11836 -0.0636637
-0.413208 -0.116726 -0.0613811
-0.0424565 -0.110214 -0.062344
0.226199 -0.0986887 -0.0673214
0.407694 -0.082148 -0.0746307
0.5365 -0.060873 -0.0819115
0.656252 -0.0352781 -0.0878076
0.809124 -0.00574893 -0.090414
1.02078 0.0270624 -0.0867884
1.28711 0.0615849 -0.0762834
1.575 0.0950147 -0.0619713
1.83681 0.12375 -0.047508
2.02608 0.144285 -0.0352703
2.10744 0.154065 -0.0280344
2.06441 0.152029 -0.0291046
1.90712 0.138778 -0.0392226
1.67379 0.116366 -0.0551534
1.4216 0.0878583 -0.0720911
1.21056 0.0568027 -0.0861585
1.08663 0.0266774 -0.0948515
1.06991 0.000322637 -0.0973812
1.15249 -0.020468 -0.0952076
1.30276 -0.034995 -0.0906948
1.46904 -0.0433402 -0.0852258
1.58882 -0.045911 -0.0797741
1.60677 -0.0430636 -0.0759387
1.49054 -0.0350238 -0.0742842
1.23584 -0.0221906 -0.0730082
0.861915 -0.00551899 -0.0704151
0.406072 0.0134491 -0.0668242
-0.0810429 0.0329013 -0.0623303
-0.547016 0.0510167 -0.0557381
-0.951321 0.0659621 -0.0471504
-1.27257 0.075845 -0.0385811
-1.50719 0.0788799 -0.0314861
-1.66234 0.0737075 -0.0260287
-1.75001 0.059704 -0.0228553
-1.78289 0.0371856 -0.0238268
-1.76994 0.00744718 -0.0302906
-1.71249 -0.0273123 -0.0418352
-1.60088 -0.0641089 -0.0569879
-1.41592 -0.0993656 -0.0732709
-1.13893 -0.129296 -0.087319
-0.761365 -0.150502 -0.0971327
-0.286452 -0.160528 -0.10321
0.272913 -0.15812 -0.106456
0.894037 -0.143235 -0.106514
1.5437 -0.116821 -0.10338
2.1834 -0.0805094 -0.098889
2.77819 -0.0363414 -0.0945787
3.30234 0.0132743 -0.0901367
3.74052 0.0655015 -0.0853011
4.08704 0.117198 -0.0806184
4.34476 0.165247 -0.075923
4.51937 0.206836 -0.0704344
4.61043 0.23955 -0.0644074
4.60992 0.261395 -0.0589817
4.50836 0.270873 -0.0543114
4.29682 0.267059 -0.0495339
3.96397 0.249636 -0.0451414
3.498 0.219033 -0.0436905
2.89766 0.176684 -0.0470424
2.18225 0.125123 -0.0541232
1.38824 0.0677287 -0.0625245
0.557916 0.00828784 -0.0710065
-0.266511 -0.0493327 -0.0791886
-1.04417 -0.101391 -0.0861203
-1.73938 -0.144542 -0.0901949
-2.3281 -0.17621 -0.0899103
-2.80247 -0.194932 -0.0848432
-3.17158 -0.200525 -0.0760766
-3.45749 -0.194006 -0.0655788
-3.68693 -0.177249 -0.0553083
-3.88133 -0.152537 -0.0460965
-4.05122 -0.122288 -0.0372363
-4.19815 -0.089061 -0.0282446
-4.31913 -0.0556283 -0.0202594
-4.40748 -0.0248317 -0.0146624
-4.452 0.000784045 -0.0113384
-4.43979 0.0193092 -0.00885729
-4.36275 0.0295443 -0.00606747
-4.22198 0.0308308 -0.00353659
-4.02662 0.0228797 -0.00327961
-3.78746 0.00584165 -0.00716792
-3.51072 -0.019358 -0.0157828
-3.19666 -0.0506724 -0.0282437
-2.84114 -0.0849225 -0.0428772
-2.4372 -0.118241 -0.0583022
-1.97619 -0.146768 -0.0735958
-1.44935 -0.167233 -0.0874829
-0.852298 -0.177212 -0.0983179
-0.190473 -0.175093 -0.105038
0.519047 -0.160024 -0.107542
1.25045 -0.132041 -0.106359
1.9734 -0.0923181 -0.102387
2.65727 -0.0432713 -0.0966873
3.27584 0.0117557 -0.0903546
3.81103 0.0691177 -0.0843063
4.25383 0.12542 -0.078925
4.60213 0.177695 -0.0742462
4.85768 0.223278 -0.0702359
5.02395 0.25967 -0.0664347
5.1038 0.284606 -0.0621655
5.09564 0.296328 -0.0575688
4.99053 0.293875 -0.0538288
4.7747 0.27726 -0.0523197
4.43706 0.247448 -0.0536632
3.97617 0.206215 -0.0573667
3.40189 0.155983 -0.0625497
2.73386 0.0997099 -0.0690576
1.99954 0.0408423 -0.0772605
1.23265 -0.016777 -0.0866788
0.470827 -0.0691876 -0.0952447
-0.249515 -0.112788 -0.100101
-0.901717 -0.144891 -0.0993059
-1.47717 -0.164146 -0.0930719
-1.98528 -0.170605 -0.0834098
-2.4425 -0.165434 -0.0723279
-2.86245 -0.150522 -0.0603457
-3.25411 -0.128279 -0.0472661
-3.62174 -0.101567 -0.0343029
-3.96291 -0.073507 -0.0241979
-4.26609 -0.0470653 -0.0186114
-4.50983 -0.0246154 -0.0164706
-4.66641 -0.00770362 -0.0154121
-4.71142 0.00282598 -0.0136981
-4.63512 0.00642807 -0.0110946
-4.4445 0.00258195 -0.00946552
-4.15511 -0.00900667 -0.0114207
-3.78382 -0.0278843 -0.0174217
-3.34769 -0.0525054 -0.0259759
-2.86416 -0.0803226 -0.036514
-2.34682 -0.108198 -0.0498023
-1.79966 -0.132905 -0.0656325
-1.2166 -0.151478 -0.0819137
-0.587284 -0.161317 -0.0961869
0.0946236 -0.160207 -0.106754
0.824106 -0.146521 -0.112509
1.5834 -0.119698 -0.113152
2.34675 -0.0806605 -0.10954
3.08512 -0.0318574 -0.102897
3.76786 0.0231658 -0.0942224
4.36518 0.0804779 -0.0852297
4.85447 0.136425 -0.0784754
5.22668 0.187945 -0.0750228
5.48632 0.232487 -0.0733562
5.64438 0.267819 -0.0717082
5.70987 0.292038 -0.0697558
5.68584 0.303813 -0.0676442
5.5689 0.302595 -0.0652137
5.34974 0.288573 -0.0625241
5.01553 0.262437 -0.060133
4.555 0.225235 -0.0588401
3.96424 0.178454 -0.0596685
3.25106 0.124257 -0.063874
2.43859 0.0656786 -0.0720361
1.56565 0.00657369 -0.0826773
0.679831 -0.0488248 -0.0925216
-0.174189 -0.0965971 -0.098599
-0.962981 -0.133746 -0.0995255
-1.66697 -0.158516 -0.0949272
-2.28179 -0.170495 -0.0850251
-2.81799 -0.170575 -0.0711916
-3.29562 -0.16074 -0.0559124
-3.73499 -0.143676 -0.041593
-4.14889 -0.122331 -0.0297568
-4.53809 -0.0995321 -0.0213634
-4.88942 -0.0776505 -0.016794
-5.17786 -0.05844 -0.0151119
-5.37382 -0.0431155 -0.0144352
-5.45232 -0.0325715 -0.0135163
-5.3995 -0.0275289 -0.0122729
-5.2153 -0.0285279 -0.0110421
-4.91335 -0.035808 -0.0104818
-4.5173 -0.049131 -0.0120135
-4.05351 -0.0676091 -0.0172431
-3.54352 -0.0896245 -0.026835
-2.99953 -0.112882 -0.0403714
-2.42359 -0.134552 -0.0568614
-1.81035 -0.151473 -0.074575
-1.15212 -0.160471 -0.0907326
-0.444839 -0.158827 -0.102414
0.305898 -0.144832 -0.107929
1.08111 -0.118232 -0.107145
1.84955 -0.0803634 -0.101228
2.57358 -0.0338926 -0.0924952
3.21639 0.0177392 -0.0836512
3.74872 0.0709292 -0.0765626
4.15551 0.122374 -0.0719531
4.43938 0.169282 -0.0697532
4.61828 0.209362 -0.0692264
4.71782 0.240746 -0.0693409
4.76171 0.261984 -0.0694001
4.76428 0.27215 -0.069007
4.72603 0.270924 -0.067618
4.63294 0.258535 -0.0648058
4.45991 0.235595 -0.0610841
4.17768 0.20298 -0.0580987
3.76275 0.161888 -0.0578405
3.20762 0.114095 -0.0616075
2.5275 0.0621911 -0.0693851
1.76008 0.00955956 -0.0797509
0.957337 -0.0399809 -0.0903286
0.173925 -0.0827481 -0.0986922
-0.542569 -0.115742 -0.102903
-1.15894 -0.137022 -0.101395
-1.6624 -0.145926 -0.0932577
-2.06256 -0.143184 -0.0792659
-2.38647 -0.130831 -0.0622583
-2.66829 -0.111874 -0.0458433
-2.93755 -0.089715 -0.0327773
-3.20923 -0.067491 -0.0245367
-3.47869 -0.0475434 -0.0212908
-3.72312 -0.0312489 -0.0218005
-3.90907 -0.0192459 -0.0241762
-4.00301 -0.0118263 -0.0269433
-3.98029 -0.0091877 -0.0290731
-3.83117 -0.0114402 -0.0296646
-3.56458 -0.0185033 -0.0285089
-3.20747 -0.0300494 -0.0268532
-2.79768 -0.0455006 -0.0270601
-2.37236 -0.0639917 -0.0312395
-1.9577 -0.084233 -0.0401516
-1.56339 -0.104326 -0.0531955
-1.18194 -0.121692 -0.0687624
-0.792797 -0.133312 -0.0843842
-0.370331 -0.136309 -0.0973109
0.106018 -0.128653 -0.105459
0.642843 -0.109647 -0.107764
1.22794 -0.0799978 -0.104105
1.83087 -0.0415976 -0.0955129
2.40872 0.0028088 -0.0841938
2.91542 0.0499287 -0.0728137
3.31137 0.0962289 -0.0636325
3.57186 0.13833 -0.0580477
3.69191 0.17347 -0.056348
3.68546 0.199858 -0.057591
3.57904 0.216688 -0.060008
3.40266 0.22383 -0.0618965
3.18183 0.221416 -0.0622217
2.93137 0.209614 -0.0606013
2.652 0.188674 -0.0573805
2.33179 0.159168 -0.0539108
1.95325 0.122225 -0.0520459
1.50249 0.0795872 -0.0530323
0.976462 0.0334848 -0.0571312
0.386586 -0.0135138 -0.0639939
-0.240691 -0.0585694 -0.0726876
-0.866861 -0.098644 -0.0814034
-1.44839 -0.130764 -0.0878489
-1.94625 -0.152515 -0.0902081
-2.33405 -0.162581 -0.0876552
-2.60219 -0.16104 -0.0803585
-2.75812 -0.149294 -0.0695
-2.82427 -0.129662 -0.0571438
-2.83182 -0.104869 -0.0455592
-2.80956 -0.0776099 -0.0363264
-2.77536 -0.050339 -0.0299698
-2.73479 -0.0252374 -0.0263819
-2.68334 -0.00416932 -0.0255041
-2.60877 0.0115066 -0.0272733
-2.4941 0.0211385 -0.0307909
-2.3233 0.0247535 -0.0343193
-2.0887 0.022781 -0.0366851
-1.79527 0.0157442 -0.0381735
-1.4595 0.00415468 -0.0399619
-1.10433 -0.0113271 -0.0433326
-0.752495 -0.0296043 -0.0491328
-0.420691 -0.048972 -0.0573134
-0.116256 -0.0672328 -0.0670415
0.162857 -0.082059 -0.077244
0.426202 -0.0913702 -0.0869507
0.687939 -0.0935486 -0.0951738
0.961924 -0.0875079 -0.100562
1.25565 -0.0727666 -0.101779
1.56642 -0.0496201 -0.0985094
1.88167 -0.0193254 -0.0916455
2.182 0.0158758 -0.0827016
2.44465 0.0530344 -0.0735043
2.64771 0.0890488 -0.0659122
2.77537 0.121266 -0.0609822
2.82257 0.147814 -0.0583984
2.79478 0.167506 -0.057091
2.70312 0.179511 -0.0563115
2.56002 0.183159 -0.0559463
2.37722 0.178066 -0.0560433
2.1644 0.164397 -0.0563765
1.92713 0.142982 -0.0566899
1.66556 0.115165 -0.0572562
1.37618 0.0825367 -0.0588049
1.05611 0.0467778 -0.0619052
0.707481 0.00972145 -0.0665946
0.339324 -0.0264979 -0.0722832
-0.0340379 -0.059457 -0.0778694
-0.395903 -0.0867447 -0.0822409
-0.729522 -0.106427 -0.0846107
-1.01993 -0.117416 -0.0843744
-1.25661 -0.119579 -0.0811607
-1.43651 -0.113592 -0.0752439
-1.56451 -0.100694 -0.0676581
-1.65004 -0.0824988 -0.0596557
-1.70297 -0.0609105 -0.0520673
-1.73155 -0.0380777 -0.0453301
-1.74156 -0.0162168 -0.0399344
-1.73459 0.00270288 -0.0364182
-1.70737 0.0172472 -0.0348951
-1.6541 0.0265931 -0.0349718
-1.56976 0.0304016 -0.0362177
-1.45221 0.0286688 -0.0383431
-1.30323 0.0216831 -0.0410007
-1.12894 0.0100683 -0.0439922
-0.938473 -0.00517032 -0.0476579
-0.741099 -0.0226696 -0.0525365
-0.543755 -0.0408273 -0.0586764
-0.349852 -0.0579566 -0.0656966
-0.159004 -0.072378 -0.0731899
0.0319936 -0.0824465 -0.0805085
0.226867 -0.0866357 -0.0865245
0.428092 -0.0837561 -0.0901102
0.635887 -0.0732487 -0.0906325
0.846376 -0.055422 -0.087937
1.04978 -0.0314986 -0.0824786
1.23139 -0.0033991 -0.0755874
1.37597 0.0266554 -0.0688249
1.47232 0.0564889 -0.0628583
1.51449 0.0841047 -0.057577
1.50144 0.107677 -0.0531422
1.43722 0.125584 -0.0500789
1.33077 0.136545 -0.0484907
1.19357 0.139794 -0.047959
1.03627 0.135166 -0.0481322
0.866233 0.123062 -0.0488736
0.68712 0.104304 -0.0499894
0.499887 0.0799792 -0.0514372
0.304556 0.0513692 -0.0537243
0.101974 0.0200004 -0.057456
-0.104678 -0.0122724 -0.0626199
-0.309048 -0.0432893 -0.0686717
-0.501965 -0.0707723 -0.0748031
-0.672822 -0.0926272 -0.0798683
-0.811599 -0.107254 -0.0826791
-0.911297 -0.113756 -0.0826857
-0.970061 -0.11201 -0.0801326
-0.991956 -0.102599 -0.0756035
-0.985803 -0.0866894 -0.0696908
-0.96232 -0.065906 -0.0630019
-0.93106 -0.0422021 -0.0561727
-0.898721 -0.0177155 -0.0498624
-0.868431 0.00542191 -0.044828
-0.838905 0.0253207 -0.0417847
-0.80449 0.0405551 -0.0408623
-0.757805 0.0502664 -0.0413352
-0.693657 0.0541115 -0.04229
-0.61124 0.0521344 -0.0434158
-0.514156 0.0446625 -0.0448625
-0.409672 0.0322692 -0.0468169
-0.307282 0.0157992 -0.0496395
-0.215997 -0.00356501 -0.0538512
-0.14128 -0.0242716 -0.0595388
-0.0831615 -0.0444878 -0.0661636
-0.0361887 -0.0622961 -0.0730689
0.00942554 -0.0759032 -0.0796721
0.0658631 -0.0838003 -0.0851377
0.144284 -0.0848927 -0.0884548
0.250811 -0.0786257 -0.0890132
0.384585 -0.0650943 -0.0868133
0.538416 -0.0451026 -0.0821982
0.700016 -0.0201381 -0.0757713
0.853677 0.00777787 -0.0685796
0.98382 0.0363761 -0.0619466
1.07935 0.0634756 -0.056785
1.13594 0.08722 -0.053228
1.1552 0.10615 -0.0510849
1.14303 0.119192 -0.0502414
1.10794 0.125651 -0.050409
1.05825 0.125233 -0.0510459
0.999124 0.118048 -0.051823
0.931563 0.104601 -0.0528242
0.853123 0.085744 -0.054235
0.759293 0.0625919 -0.0562168
0.645329 0.0364536 -0.0591211
0.508727 0.00883913 -0.0633445
0.351407 -0.0185088 -0.0687046
0.180214 -0.0436725 -0.0743042
0.00519179 -0.0647538 -0.0791196
-0.163076 -0.0801486 -0.082326
-0.315654 -0.0887985 -0.0832164
-0.446936 -0.0903391 -0.0813996
-0.555908 -0.0851154 -0.0770839
-0.646286 -0.07409 -0.0709704
-0.72477 -0.058697 -0.063971
-0.79799 -0.0406753 -0.0570293
-0.869818 -0.0218945 -0.0509914
-0.940119 -0.0041648 -0.0464578
-1.0047 0.0109606 -0.0436832
-1.05595 0.0223446 -0.0425724
-1.08439 0.0293273 -0.0427258
-1.08136 0.031668 -0.0435517
-1.0421 0.0294273 -0.0445826
-0.967864 0.022883 -0.0458084
-0.86594 0.0125335 -0.0475742
-0.747214 -0.000840921 -0.0501726
-0.622624 -0.0161501 -0.0536685
-0.500349 -0.032061 -0.0580222
-0.384653 -0.0471365 -0.0631914
-0.275672 -0.0599552 -0.0690614
-0.169346 -0.0691629 -0.0752256
-0.0582874 -0.0735077 -0.0807517
0.0654166 -0.0719591 -0.0843303
0.206626 -0.0639447 -0.0849556
0.364719 -0.0496007 -0.0825417
0.53308 -0.0298758 -0.0778623
0.700421 -0.00639584 -0.0720307
0.853478 0.0188644 -0.0660898
0.979995 0.0439396 -0.0608085
1.07095 0.0670958 -0.0565748
1.12183 0.0868705 -0.0535176
1.13282 0.102035 -0.0517217
1.10794 0.111611 -0.0511397
1.0537 0.114982 -0.0513879
0.977223 0.112 -0.0519206
0.884134 0.102969 -0.0524257
0.776587 0.0885162 -0.0530121
0.653038 0.0694372 -0.054127
0.510464 0.0466737 -0.0562341
0.347789 0.0214129 -0.0594142
0.167887 -0.00483466 -0.0633008
-0.0228535 -0.0303131 -0.0674384
-0.215642 -0.0532465 -0.0715739
-0.399654 -0.0720776 -0.0754614
-0.562975 -0.0856066 -0.0784459
-0.69531 -0.0930343 -0.0795609
-0.791006 -0.0939862 -0.0782142
-0.850187 -0.0885763 -0.0745848
-0.877822 -0.0774978 -0.0693358
-0.882194 -0.0620448 -0.063294
-0.873198 -0.0439568 -0.0573798
-0.859762 -0.0250876 -0.0523684
-0.847356 -0.00706496 -0.0485666
-0.837419 0.00886179 -0.0459118
-0.828114 0.021754 -0.044334
-0.815017 0.0308595 -0.0438169
-0.791974 0.0355946 -0.0441662
-0.753059 0.0356498 -0.045045
-0.69516 0.0311187 -0.0463961
-0.619199 0.0225421 -0.0485337
-0.529144 0.0108244 -0.0516427
-0.430227 -0.00292481 -0.0555096
-0.327669 -0.0175165 -0.0598089
-0.225884 -0.0317146 -0.0643191
-0.127468 -0.044222 -0.0688596
-0.0318474 -0.0537293 -0.0732021
0.0650363 -0.0590704 -0.0770007
0.168845 -0.0594237 -0.0797943
0.284243 -0.0544419 -0.0811724
0.4134 -0.0442458 -0.0809708
0.555406 -0.0293374 -0.0792523
0.705849 -0.0105459 -0.0761301
0.856788 0.0109606 -0.0718224
0.997692 0.0336764 -0.0668429
1.11706 0.0558632 -0.0618524
1.20441 0.0757647 -0.0574025
1.25243 0.0918484 -0.053948
1.25828 0.102973 -0.0518145
1.22322 0.108425 -0.0510354
1.15158 0.107874 -0.0514225
1.04929 0.101347 -0.0527566
0.922603 0.0892501 -0.0547503
0.77696 0.0723808 -0.0569848
0.616151 0.0518638 -0.0591234
0.441884 0.0290046 -0.061116
0.254318 0.0051323 -0.0630906
0.0536619 -0.0184829 -0.0651638
-0.158066 -0.040619 -0.067344
-0.376094 -0.0600737 -0.0694746
-0.592868 -0.0757063 -0.0712854
-0.798597 -0.0865668 -0.0724745
-0.982236 -0.0920531 -0.0727244
-1.13322 -0.0920151 -0.0717669
-1.24361 -0.0867563 -0.0694815
-1.3094 -0.0769538 -0.0659613
-1.33094 -0.0635673 -0.0615346
-1.31286 -0.0477848 -0.0566782
-1.26305 -0.0309759 -0.051918
-1.19032 -0.0145901 -0.047812
-1.10258 1.28552e-05 -0.0448406
-1.00611 0.0117407 -0.0432655
-0.904938 0.0198921 -0.0432014
-0.800121 0.0241914 -0.0446224
-0.690074 0.024735 -0.0471399
-0.572457 0.0218903 -0.0501418
-0.446199 0.0162202 -0.0533128
-0.312187 0.00846184 -0.0566629
-0.172709 -0.000488329 -0.0601037
-0.0309063 -0.00964128 -0.0634058
0.109123 -0.0180271 -0.0664796
0.243012 -0.0247872 -0.0694012
0.367819 -0.029205 -0.0721904
0.482971 -0.0307004 -0.0746727
0.589817 -0.0288462 -0.0765716
0.690646 -0.0234235 -0.0776601
0.787707 -0.0144915 -0.0777235
0.882067 -0.00244254 -0.0765263
0.972613 0.0119886 -0.0740402
1.05571 0.0277826 -0.0705854
1.12555 0.0437439 -0.0666073
1.17501 0.0586164 -0.0625425
1.197 0.071187 -0.0589111
1.1858 0.080391 -0.0561752
1.13831 0.0854164 -0.0545064
1.05437 0.0857841 -0.0538674
0.936488 0.0813858 -0.0541611
0.789298 0.0724732 -0.055194
0.619165 0.0595997 -0.0566465
0.433228 0.0435327 -0.0582035
0.238096 0.0251706 -0.0597334
0.0390848 0.00549794 -0.0613211
-0.159417 -0.0144291 -0.0630723
-0.353021 -0.0335049 -0.0649089
-0.536755 -0.0506365 -0.0666174
-0.705182 -0.0648428 -0.0679964
-0.852957 -0.075347 -0.0689208
-0.975381 -0.081627 -0.0693378
-1.06862 -0.0834207 -0.0691564
-1.12991 -0.0807228 -0.068137
-1.15833 -0.0738078 -0.0660221
-1.15543 -0.0632716 -0.0628344
-1.12498 -0.0500384 -0.0590106
-1.07186 -0.0352809 -0.0552082
-1.00103 -0.02026 -0.0519853
-0.916752 -0.00614251 -0.0496695
-0.822079 0.00613783 -0.0483952
-0.718726 0.015932 -0.0480998
-0.607483 0.022845 -0.0485817
-0.488652 0.0266851 -0.0496985
-0.362358 0.0274505 -0.0513978
-0.229097 0.0253547 -0.0535693
-0.0904472 0.0208416 -0.0560866
0.0504773 0.0145593 -0.0589414
0.189376 0.00729619 -0.0621336
0.321922 -9.90576e-05 -0.0654806
0.444761 -0.00679096 -0.0686592
0.555889 -0.0120163 -0.0714056
0.654528 -0.0151341 -0.0736118
0.740612 -0.0156713 -0.07525
0.814417 -0.0133643 -0.0762463
0.876735 -0.00818673 -0.0764179
0.92887 -0.000365153 -0.0755286
0.971663 0.00960919 -0.0734798
1.00417 0.0209876 -0.0705591
1.02361 0.0328278 -0.067423
1.02658 0.0441197 -0.0646005
1.01015 0.0539207 -0.0620979
0.97229 0.0614362 -0.0596992
0.911923 0.0660328 -0.057458
0.828908 0.067226 -0.0557237
0.72425 0.064693 -0.0548868
0.600336 0.0583439 -0.0551565
0.461314 0.0484171 -0.0563828
0.312902 0.0355133 -0.0580616
0.161085 0.0205024 -0.0597093
0.0109259 0.00434844 -0.0612796
-0.133535 -0.0120243 -0.0630587
-0.268961 -0.0277474 -0.0651291
-0.392886 -0.0419534 -0.0671092
-0.503989 -0.0537562 -0.0684822
-0.601636 -0.0623408 -0.0689673
-0.685188 -0.0671474 -0.0685162
-0.753709 -0.0680339 -0.0673058
-0.805873 -0.0652823 -0.0657917
-0.839891 -0.0594221 -0.0643787
-0.853674 -0.051011 -0.0630239
-0.845443 -0.0405517 -0.0614005
-0.814545 -0.0285851 -0.0593317
-0.761835 -0.0158417 -0.0569064
-0.689839 -0.00328223 -0.0543622
-0.602946 0.00804419 -0.052062
-0.506972 0.0172472 -0.0504433
-0.408004 0.0237833 -0.0497667
-0.311395 0.0274652 -0.0499706
-0.22143 0.0283262 -0.0508889
-0.141044 0.0264992 -0.0525183
-0.0713366 0.0222307 -0.054905
-0.0114879 0.015988 -0.0578534
0.04078 0.00851451 -0.0609815
0.0882931 0.000737706 -0.0639596
0.133302 -0.00643413 -0.0665035
0.176651 -0.0122981 -0.0683756
0.217784 -0.0164107 -0.0695561
0.255401 -0.0185086 -0.070182
0.288031 -0.0184125 -0.0702841
0.314351 -0.0160301 -0.0698167
0.333316 -0.0114494 -0.0688817
0.344414 -0.00501573 -0.0676719
0.347991 0.00269862 -0.066262
0.34518 0.0110193 -0.0646326
0.337445 0.0192988 -0.0628173
0.326053 0.0269606 -0.0609059
0.311691 0.0334544 -0.0589936
0.294396 0.0382061 -0.0572322
0.273814 0.0406545 -0.055874
0.249459 0.0403815 -0.0551724
0.220694 0.0372501 -0.0552575
0.186902 0.0314535 -0.0561406
0.148254 0.0234522 -0.0577271
0.106219 0.0138521 -0.0597274
0.0629454 0.00330325 -0.0617531
0.0202533 -0.00753352 -0.0636437
-0.0205162 -0.0179644 -0.0654895
-0.0580815 -0.0272551 -0.0672522
-0.0912668 -0.0347038 -0.0686138
-0.119543 -0.0397684 -0.0692882
-0.143272 -0.0421585 -0.0692624
-0.163111 -0.041837 -0.0686637
-0.179424 -0.0389596 -0.0676176
-0.192374 -0.0338149 -0.06628
-0.201831 -0.0267973 -0.0647871
-0.206931 -0.0184058 -0.0631321
-0.206412 -0.00924879 -0.0612425
-0.199735 -2.21471e-05 -0.0592192
-0.187612 0.00856447 -0.0573863
-0.171372 0.0158915 -0.0560042
-0.152181 0.0214972 -0.0550134
-0.131136 0.0250725 -0.0542478
-0.109779 0.0264235 -0.0538094
-0.0898063 0.0254672 -0.0540128
-0.0718972 0.0222824 -0.0550752
-0.0549855 0.0171694 -0.0569715
-0.0365667 0.0106632 -0.0594413
-0.013528 0.00347037 -0.0621148
0.0168165 -0.00364334 -0.0646914
0.0559492 -0.00996468 -0.0669818
0.104148 -0.0148973 -0.0688394
0.160615 -0.0179779 -0.0701003
0.222976 -0.0188874 -0.0705958
0.286998 -0.0174831 -0.0703126
0.347427 -0.0138322 -0.0694982
0.399926 -0.00821361 -0.0684224
0.442177 -0.00108501 -0.0671459
