-5.71837e-07 -3.34634e-15 -0.0552732
-0.000192314 -2.0072e-07 -0.0552753
-0.000919313 8.689e-07 -0.0552865
-0.00225114 1.54314e-05 -0.0553177
-0.00404825 6.6804e-05 -0.055382
-0.00636706 0.000156665 -0.0554991
-0.00962966 0.000252073 -0.0556972
-0.0144203 0.000350903 -0.0560014
-0.0208777 0.000528261 -0.0564185
-0.0281302 0.00086415 -0.0569465
-0.0343476 0.00134008 -0.0575903
-0.0378479 0.00183665 -0.0583294
-0.038673 0.00224122 -0.0590649
-0.0384161 0.00256696 -0.0596319
-0.0385302 0.00297394 -0.0598741
-0.0396546 0.00362883 -0.0597322
-0.0414793 0.0044877 -0.0592912
-0.0427419 0.005286 -0.0587299
-0.0427311 0.00579094 -0.0582093
-0.0423382 0.00595069 -0.0578124
-0.0424979 0.00582663 -0.0575941
-0.0422036 0.00553931 -0.0576238
-0.0391888 0.00518477 -0.0579059
-0.0326326 0.00467327 -0.0583146
-0.0238324 0.00379895 -0.0586425
-0.0152071 0.00258526 -0.0586397
-0.00934472 0.00139184 -0.058093
-0.00681155 0.000545085 -0.0570107
-0.00503851 2.92089e-05 -0.0556768
-0.000306295 -0.000406646 -0.0544247
0.00919325 -0.00104997 -0.0533955
0.0218718 -0.00208955 -0.0525741
0.0344969 -0.00344785 -0.0519383
0.0448735 -0.00473887 -0.0514481
0.0511974 -0.00553494 -0.0510397
0.05196 -0.00577331 -0.0507269
0.048579 -0.00576969 -0.0505801
0.0441682 -0.0057756 -0.0506175
0.0414125 -0.00583362 -0.0508088
0.0419676 -0.00599829 -0.0511805
0.043611 -0.00622849 -0.0518001
0.0419413 -0.00617924 -0.0525394
0.0361325 -0.00542084 -0.053073
0.0283387 -0.00391352 -0.0532884
0.0208753 -0.00229601 -0.053418
0.0152183 -0.00132899 -0.0537057
0.00942291 -0.000897638 -0.0541709
-0.000881265 -0.000184182 -0.0546791
-0.0161485 0.00123084 -0.0552246
-0.0301926 0.0030332 -0.0560607
-0.0368234 0.00457161 -0.0573457
-0.0374188 0.00520923 -0.0588834
-0.038921 0.00486647 -0.0603145
-0.047545 0.00448006 -0.0612709
-0.0646637 0.00523327 -0.0615679
-0.0841043 0.00708839 -0.0615366
-0.0954321 0.00878955 -0.0618006
-0.0937274 0.00931713 -0.0625118
-0.0831036 0.00865872 -0.0631442
-0.0701472 0.00749229 -0.0631821
-0.0589875 0.00666991 -0.0626047
-0.0515232 0.00663462 -0.0616008
-0.0490777 0.00708709 -0.0603201
-0.0530721 0.00737538 -0.0589359
-0.0615021 0.00709454 -0.0576446
-0.0686117 0.00623714 -0.0567416
-0.0695233 0.00494161 -0.0566957
-0.061636 0.00330611 -0.0578097
-0.0474054 0.00161319 -0.0597252
-0.0358843 0.00039409 -0.0614635
-0.034585 -0.000119295 -0.0621599
-0.0431701 -0.0001782 -0.0617625
-0.0571605 3.86669e-05 -0.0608547
-0.0729399 0.000693272 -0.0599506
-0.088956 0.00198902 -0.0593605
-0.102652 0.00380691 -0.0594103
-0.108678 0.00562437 -0.0602644
-0.102661 0.00684914 -0.0618321
-0.085144 0.00724297 -0.0638342
-0.0635221 0.00719812 -0.0655961
-0.0498827 0.00765976 -0.0661567
-0.051245 0.00930124 -0.0649527
-0.0616398 0.0116987 -0.0623432
-0.0707158 0.0135746 -0.0593896
-0.0760177 0.0137921 -0.0571015
-0.0809826 0.0123039 -0.055988
-0.0879408 0.0102767 -0.0561507
-0.0963232 0.00884461 -0.0575436
-0.102551 0.00775223 -0.0601707
-0.101871 0.00593879 -0.0638435
-0.0950626 0.00328664 -0.0676459
-0.089987 0.000889364 -0.0701218
-0.0934078 -0.000190382 -0.0703933
-0.103434 0.000330473 -0.068808
-0.11096 0.00210148 -0.0662553
-0.10879 0.00439752 -0.0633797
-0.0973005 0.00637015 -0.0606091
-0.0786927 0.00747855 -0.0582758
-0.0523575 0.00787357 -0.0565225
-0.0189276 0.00803407 -0.0553619
0.0177505 0.00792746 -0.0547232
0.0523106 0.00717816 -0.0542285
0.080577 0.00591073 -0.0530562
0.101861 0.00440759 -0.0505184
0.118172 0.00215033 -0.0469568
0.131275 -0.00163649 -0.0435139
0.140231 -0.00649338 -0.0408646
0.142002 -0.0109023 -0.0389259
0.134784 -0.0142631 -0.0378417
0.121714 -0.0175783 -0.038307
0.109691 -0.0216578 -0.0407147
0.103483 -0.0257193 -0.044529
0.100155 -0.0283331 -0.0487046
0.0897774 -0.0288198 -0.0524014
0.0664583 -0.0271093 -0.0551017
0.0358002 -0.0230837 -0.0565107
0.00609803 -0.017004 -0.0567838
-0.0237101 -0.0100659 -0.0566491
-0.0629265 -0.00328387 -0.0569637
-0.117388 0.00394151 -0.0582001
-0.180443 0.0127933 -0.06067
-0.235409 0.0226477 -0.0650114
-0.265241 0.0310269 -0.0716769
-0.264162 0.0361442 -0.0797339
-0.246647 0.0385019 -0.0868255
-0.238406 0.0398704 -0.0907319
-0.253878 0.0417556 -0.0907033
-0.287207 0.0448053 -0.0874079
-0.322045 0.0481594 -0.0822892
-0.344854 0.0493009 -0.0771227
-0.349486 0.0461059 -0.0734763
-0.335184 0.0390925 -0.0719873
-0.304143 0.0306599 -0.0724406
-0.258341 0.0224938 -0.0744891
-0.200654 0.0147468 -0.0773793
-0.142123 0.00731684 -0.0792309
-0.0989213 0.000534419 -0.0778638
-0.0745626 -0.00520404 -0.0725576
-0.0560172 -0.00943981 -0.0644988
-0.0301888 -0.0118494 -0.0556364
0.00771509 -0.0129966 -0.0476173
0.056751 -0.0139828 -0.0414578
0.111894 -0.0153202 -0.0373195
0.169002 -0.0170097 -0.0347745
0.229284 -0.0191406 -0.0336195
0.293594 -0.021553 -0.0336792
0.352136 -0.0235097 -0.0338029
0.386763 -0.0243526 -0.0322794
0.38782 -0.0242592 -0.0285358
0.362785 -0.0240883 -0.0237252
0.325427 -0.0245918 -0.0197972
0.285116 -0.0258682 -0.0184729
0.245814 -0.0273816 -0.0206504
0.204322 -0.0284476 -0.0262299
0.155408 -0.0288721 -0.0344417
0.1025 -0.0288013 -0.0443651
0.0526328 -0.0278214 -0.0549913
0.00422636 -0.0249092 -0.0648263
-0.0505894 -0.0192288 -0.0721609
-0.116546 -0.0105228 -0.0761422
-0.191475 0.000646883 -0.0772349
-0.267857 0.0128933 -0.0768043
-0.337163 0.0249765 -0.0765436
-0.392995 0.0365258 -0.077793
-0.430534 0.0473478 -0.0810232
-0.44364 0.0566467 -0.0859702
-0.423724 0.0632797 -0.0918234
-0.364625 0.0664121 -0.0969878
-0.268593 0.0659528 -0.0990894
-0.143516 0.0625535 -0.0956389
0.00586945 0.0568713 -0.084984
0.182533 0.0485471 -0.0669366
0.394058 0.0361413 -0.0426533
0.645976 0.0181933 -0.0139899
0.937341 -0.00589543 0.0171327
1.26233 -0.035837 0.0490625
1.61624 -0.0708832 0.0805075
1.99752 -0.110353 0.110642
2.40353 -0.153856 0.139402
2.82717 -0.200779 0.167735
3.25708 -0.249621 0.19728
3.68022 -0.298326 0.229411
4.08631 -0.345241 0.264427
4.46962 -0.389282 0.301473
4.82518 -0.429551 0.338957
5.14268 -0.46547 0.374892
5.40148 -0.496911 0.406853
5.57067 -0.523492 0.431935
5.61599 -0.543733 0.447086
5.50753 -0.555133 0.449452
5.22654 -0.555271 0.43644
4.76823 -0.54292 0.405862
4.1393 -0.517904 0.356363
3.35576 -0.4798 0.287969
2.43884 -0.426929 0.202371
1.41112 -0.356807 0.102739
0.293579 -0.267615 -0.00672692
-0.883806 -0.15908 -0.121211
-2.05285 -0.0324573 -0.235396
-3.12406 0.109056 -0.343624
-4.03937 0.258987 -0.440571
-4.78302 0.408647 -0.521578
-5.37199 0.552458 -0.582275
-5.84195 0.689557 -0.619199
-6.21618 0.816903 -0.632399
-6.4943 0.924643 -0.627386
-6.67202 1.00068 -0.612598
-6.75811 1.03723 -0.594785
-6.77841 1.03296 -0.578595
-6.76275 0.990963 -0.568365
-6.72073 0.915932 -0.567033
-6.64037 0.813571 -0.574363
-6.50862 0.690563 -0.586652
-6.32727 0.554055 -0.597615
-6.11259 0.412838 -0.600578
-5.8781 0.278627 -0.590464
-5.61979 0.16368 -0.565197
-5.31742 0.0760397 -0.526374
-4.94009 0.0176313 -0.477694
-4.45259 -0.0134688 -0.422599
-3.8282 -0.0210624 -0.363699
-3.06027 -0.0104048 -0.303245
-2.17054 0.0136667 -0.242222
-1.21194 0.0484318 -0.178893
-0.253004 0.0908585 -0.109918
0.649952 0.133682 -0.0334397
1.46818 0.165859 0.0490242
2.19464 0.176895 0.132843
2.83575 0.160293 0.211708
3.4053 0.114306 0.279302
3.91314 0.0402948 0.330862
4.36155 -0.0598342 0.364277
4.74889 -0.183701 0.380371
5.06656 -0.325345 0.382828
5.29642 -0.473587 0.377631
5.41927 -0.614527 0.371093
5.42341 -0.735664 0.36721
5.30268 -0.828501 0.36654
5.05439 -0.888251 0.366813
4.68214 -0.911438 0.363708
4.20384 -0.894746 0.351525
3.65692 -0.836857 0.324398
3.08509 -0.740429 0.278159
2.51876 -0.611514 0.212586
1.96462 -0.457313 0.132658
1.40555 -0.284363 0.0473454
0.818147 -0.0986142 -0.0335905
0.196347 0.0929982 -0.102792
-0.44462 0.281377 -0.15681
-1.07996 0.455438 -0.195733
-1.68467 0.603504 -0.222284
-2.235 0.715408 -0.241335
-2.70445 0.784269 -0.258894
-3.0652 0.807384 -0.280056
-3.30261 0.786064 -0.307064
-3.42912 0.724551 -0.338178
-3.47912 0.629356 -0.368029
-3.48788 0.509466 -0.389889
-3.4717 0.375725 -0.398498
-3.42239 0.238979 -0.391803
-3.31852 0.108739 -0.370864
-3.14225 -0.0071468 -0.338527
-2.88417 -0.102861 -0.298366
-2.53647 -0.174933 -0.254348
-2.08948 -0.221704 -0.210306
-1.53866 -0.242703 -0.168602
-0.899595 -0.238804 -0.128982
-0.213672 -0.212612 -0.0888229
0.468323 -0.168578 -0.044556
1.10741 -0.112834 0.0062903
1.68534 -0.0530336 0.0633304
2.19777 0.00208724 0.123165
2.64095 0.0441865 0.180744
3.01071 0.0669274 0.231016
3.30961 0.0661719 0.269805
3.54878 0.0392379 0.293926
3.74362 -0.0148828 0.301882
3.9022 -0.0936451 0.295324
4.0119 -0.189921 0.279345
4.04176 -0.294074 0.260542
3.96485 -0.396714 0.244159
3.77705 -0.489358 0.232396
3.49715 -0.564463 0.224453
3.15672 -0.616284 0.217175
2.78791 -0.641264 0.206123
2.41346 -0.637321 0.187283
2.04421 -0.603447 0.158366
1.68413 -0.539964 0.119193
1.33114 -0.44853 0.0718742
0.972206 -0.332229 0.0207213
0.587246 -0.196168 -0.0289493
0.162279 -0.0474645 -0.0728722
-0.302457 0.105661 -0.109143
-0.794813 0.254542 -0.138383
-1.29612 0.390338 -0.163385
-1.78436 0.50473 -0.18806
-2.23782 0.590981 -0.215833
-2.63973 0.644601 -0.248478
-2.97761 0.663648 -0.285794
-3.24133 0.649173 -0.325505
-3.42745 0.605368 -0.363206
-3.54252 0.538564 -0.393214
-3.59618 0.455639 -0.410414
-3.59163 0.363312 -0.411821
-3.52349 0.268214 -0.397022
-3.3806 0.176502 -0.368064
-3.14959 0.0930187 -0.329083
-2.82049 0.0210468 -0.28502
-2.3925 -0.037272 -0.239896
-1.87625 -0.0807402 -0.196025
-1.29408 -0.109239 -0.154126
-0.678852 -0.123462 -0.113451
-0.0688822 -0.12442 -0.072147
0.502054 -0.113795 -0.0284426
1.01537 -0.0950211 0.0180078
1.46935 -0.0734453 0.065703
1.87104 -0.0550737 0.11182
2.22827 -0.0451027 0.153078
2.54592 -0.0470144 0.186583
2.82487 -0.0622297 0.210578
3.06387 -0.0905445 0.224866
3.26138 -0.130919 0.230695
3.41328 -0.181552 0.23041
3.5092 -0.239249 0.227076
3.53286 -0.299229 0.223581
3.4698 -0.355945 0.22131
3.31641 -0.404209 0.219489
3.08153 -0.439893 0.21559
2.78169 -0.460284 0.206241
2.43572 -0.463989 0.188228
2.06099 -0.450161 0.159516
1.67203 -0.417801 0.120067
1.28124 -0.366116 0.072036
0.899539 -0.29554 0.0193649
0.535169 -0.208318 -0.0328096
0.191605 -0.108301 -0.0790361
-0.134315 -0.000491296 -0.114931
-0.453503 0.1094 -0.138574
-0.780079 0.215551 -0.15109
-1.12235 0.312562 -0.156222
-1.47604 0.395252 -0.159421
-1.82168 0.458045 -0.166659
-2.12878 0.495526 -0.182773
-2.36854 0.50455 -0.209639
-2.52796 0.485871 -0.245152
-2.61591 0.443941 -0.283705
-2.65746 0.385578 -0.317849
-2.68181 0.318345 -0.340383
-2.71075 0.248951 -0.346491
-2.75215 0.182317 -0.335418
-2.79987 0.121885 -0.310731
-2.83745 0.0704542 -0.27915
-2.84217 0.03032 -0.248664
-2.78951 0.00274884 -0.226406
-2.66066 -0.0122032 -0.216528
-2.45267 -0.0151515 -0.218758
-2.18343 -0.00660762 -0.228431
-1.8855 0.0133856 -0.238111
-1.5929 0.044805 -0.240008
-1.32957 0.0863603 -0.228414
-1.1043 0.134131 -0.201484
-0.911117 0.181544 -0.161731
-0.734876 0.221115 -0.115084
-0.560269 0.246487 -0.0691339
-0.376901 0.253381 -0.0313629
-0.178354 0.239737 -0.00736292
0.0371252 0.2058 0.000926655
0.261892 0.153804 -0.004051
0.478698 0.0872491 -0.0164664
0.667358 0.0108705 -0.029105
0.811131 -0.0688992 -0.0353293
0.899804 -0.144736 -0.0308477
0.931212 -0.210502 -0.015133
0.912397 -0.26248 0.00846377
0.859507 -0.298903 0.0341002
0.796436 -0.319112 0.055187
0.751561 -0.323296 0.0658949
0.74884 -0.312219 0.06283
0.795593 -0.286623 0.046625
0.877657 -0.247083 0.0221756
0.96776 -0.194604 -0.00300181
1.04014 -0.131302 -0.0213089
1.08092 -0.0607408 -0.0273255
1.09023 0.0119917 -0.0192688
1.07852 0.0805851 0.000678521
1.05771 0.138428 0.0273015
1.03069 0.179702 0.0538789
0.990505 0.200151 0.0735507
0.927565 0.197835 0.0806577
0.832173 0.173786 0.0721808
0.694608 0.131573 0.0485302
0.507831 0.0760197 0.0130437
0.272026 0.0126704 -0.0291758
-0.00201144 -0.0519635 -0.0722694
-0.295241 -0.110707 -0.110776
-0.58478 -0.156992 -0.140938
-0.848665 -0.185995 -0.161176
-1.07119 -0.194811 -0.171676
-1.24149 -0.182362 -0.173969
-1.34696 -0.149604 -0.170623
-1.37248 -0.0994739 -0.164576
-1.30795 -0.0364501 -0.157996
-1.15559 0.0339796 -0.151394
-0.930395 0.105979 -0.143609
-0.654187 0.173945 -0.13235
-0.349184 0.232607 -0.115169
-0.0318963 0.276723 -0.0906903
0.290288 0.301167 -0.0591952
0.614242 0.301821 -0.022305
0.934728 0.276317 0.0174868
1.24495 0.224125 0.056991
1.5398 0.146781 0.0926648
1.81531 0.0482802 0.121602
2.06543 -0.0652166 0.142395
2.28083 -0.1863 0.155158
2.45141 -0.306993 0.16122
2.56974 -0.418938 0.162744
2.63192 -0.513867 0.161953
2.6353 -0.584633 0.160286
2.57657 -0.625916 0.158092
2.4532 -0.634283 0.154851
2.26688 -0.608442 0.149277
2.02609 -0.549962 0.139265
1.74413 -0.463239 0.122391
1.43375 -0.354163 0.0970733
1.10483 -0.228908 0.063489
0.764474 -0.0940194 0.0235119
0.417472 0.0430953 -0.0199532
0.068073 0.174493 -0.0635174
-0.280156 0.292807 -0.103776
-0.625865 0.392045 -0.137987
-0.967611 0.467608 -0.164744
-1.3002 0.516154 -0.18434
-1.61459 0.535643 -0.198647
-1.90104 0.525487 -0.210417
-2.1542 0.487108 -0.222366
-2.3746 0.424576 -0.23635
-2.56377 0.344364 -0.252925
-2.71992 0.254181 -0.271486
-2.83911 0.161753 -0.290552
-2.91953 0.0743599 -0.307844
-2.96486 -0.00100949 -0.320583
-2.98152 -0.0578764 -0.326304
-2.97073 -0.0912774 -0.32379
-2.92405 -0.0988817 -0.313518
-2.82706 -0.081459 -0.297261
-2.66706 -0.0424711 -0.277139
-2.43934 0.0129454 -0.254827
-2.14829 0.0789435 -0.231218
-1.803 0.149367 -0.206495
-1.41318 0.217756 -0.180323
-0.989793 0.277424 -0.151937
-0.547061 0.321829 -0.120262
-0.102171 0.345216 -0.0844247
0.328435 0.343351 -0.0445056
0.734186 0.314053 -0.00195699
1.11176 0.257384 0.0406506
1.4609 0.175433 0.0803348
1.78009 0.0718786 0.114498
2.06601 -0.048122 0.141474
2.31519 -0.177687 0.16071
2.52563 -0.308312 0.172708
2.69549 -0.430671 0.178819
2.8197 -0.53573 0.180944
2.89005 -0.615752 0.181153
2.89981 -0.664997 0.181052
2.84814 -0.680121 0.181062
2.74054 -0.66031 0.180166
2.5848 -0.607094 0.176345
2.38679 -0.523972 0.167397
2.15057 -0.416154 0.151701
1.88147 -0.290478 0.128581
1.58833 -0.155123 0.0983501
1.2809 -0.0188045 0.0623562
0.963664 0.110343 0.0229977
0.633168 0.225587 -0.0166107
0.282847 0.321721 -0.0534359
-0.089309 0.394685 -0.0855038
-0.478504 0.441222 -0.112528
-0.876278 0.459197 -0.135818
-1.27305 0.44862 -0.157542
-1.65892 0.412364 -0.179872
-2.022 0.355578 -0.204462
-2.34524 0.284342 -0.232148
-2.61048 0.205045 -0.262463
-2.80873 0.124624 -0.293144
-2.94385 0.0506085 -0.320361
-3.02502 -0.00942896 -0.339886
-3.05659 -0.0490899 -0.348514
-3.03426 -0.0647879 -0.344928
-2.94846 -0.0565929 -0.329862
-2.79098 -0.0274358 -0.3055
-2.56013 0.0183294 -0.274557
-2.26029 0.0755516 -0.239831
-1.89671 0.138155 -0.204071
-1.47378 0.199306 -0.169374
-1.00078 0.252085 -0.136316
-0.496519 0.290154 -0.103777
0.0145142 0.308319 -0.0698252
0.509897 0.303105 -0.0328952
0.973156 0.272995 0.00741678
1.39437 0.2182 0.0500751
1.76965 0.140388 0.0928527
2.09873 0.0426392 0.132969
2.38369 -0.0705861 0.167654
2.63008 -0.193517 0.194489
2.84525 -0.318929 0.211919
3.03196 -0.438254 0.220052
3.18402 -0.542528 0.220905
3.28836 -0.623835 0.217565
3.33113 -0.676313 0.21297
3.30289 -0.69626 0.209022
3.20011 -0.681913 0.206059
3.02474 -0.633637 0.202709
2.78386 -0.554353 0.196334
2.48946 -0.449538 0.183872
2.15784 -0.326641 0.162736
1.80645 -0.194136 0.131584
1.44806 -0.0603082 0.0909657
1.08611 0.0677703 0.043579
0.714642 0.184413 -0.00629721
0.322905 0.284765 -0.0540846
-0.097315 0.364539 -0.0962104
-0.545896 0.420477 -0.130924
-1.01349 0.450834 -0.158624
-1.48347 0.455381 -0.181671
-1.93478 0.435413 -0.203535
-2.34606 0.393972 -0.22748
-2.70001 0.335784 -0.255381
-2.98595 0.266847 -0.287085
-3.20058 0.194127 -0.320313
-3.34711 0.12518 -0.351076
-3.43255 0.0672335 -0.374703
-3.46353 0.0260288 -0.3872
-3.4428 0.00508911 -0.386301
-3.36815 0.00548729 -0.371915
-3.2333 0.0258323 -0.346096
-3.02935 0.0624955 -0.312533
-2.74768 0.110217 -0.27548
-2.38448 0.162867 -0.238493
-1.94443 0.214033 -0.203539
-1.44217 0.257532 -0.170716
-0.902378 0.288018 -0.138493
-0.356654 0.30146 -0.104471
0.163749 0.295228 -0.0665568
0.635243 0.267905 -0.0240703
1.04561 0.219089 0.0217231
1.39435 0.149391 0.0677758
1.69012 0.0607371 0.109953
1.94498 -0.0432263 0.144136
2.16821 -0.15697 0.167415
2.36391 -0.273314 0.178897
2.53191 -0.384055 0.179941
2.66925 -0.480923 0.173835
2.77079 -0.556609 0.164928
2.82937 -0.605461 0.157415
2.83678 -0.623747 0.154197
2.78508 -0.609775 0.156106
2.66993 -0.564157 0.161598
2.49432 -0.490121 0.167024
2.26889 -0.393446 0.16759
2.00843 -0.28175 0.158774
1.72719 -0.16326 0.137708
1.43581 -0.045578 0.104081
1.13976 0.0649802 0.060343
0.838552 0.163383 0.0111701
0.526093 0.245598 -0.0376899
0.193684 0.308535 -0.0808293
-0.165288 0.350288 -0.114498
-0.550435 0.370248 -0.137609
-0.950115 0.368853 -0.152084
-1.34188 0.347339 -0.162192
-1.69941 0.307873 -0.172967
-2.00105 0.253818 -0.188417
-2.23455 0.189943 -0.210265
-2.39698 0.122404 -0.237457
-2.49202 0.0582336 -0.266414
-2.52758 0.00426423 -0.291996
-2.51447 -0.0340353 -0.308874
-2.46438 -0.0532237 -0.312892
-2.38604 -0.0520291 -0.302181
-2.28088 -0.0313785 -0.277861
-2.1412 0.0055558 -0.243916
-1.95375 0.0536362 -0.206035
-1.70745 0.106527 -0.16983
-1.40032 0.157653 -0.139216
-1.04128 0.201074 -0.115571
-0.647508 0.232172 -0.0977224
-0.240008 0.247934 -0.082572
0.159905 0.246698 -0.0661686
0.532548 0.227683 -0.0449882
0.861585 0.190787 -0.0170663
1.13683 0.136771 0.0172473
1.35714 0.067524 0.0550993
1.53074 -0.0138616 0.0917408
1.67085 -0.103254 0.121882
1.7885 -0.195743 0.14128
1.88759 -0.285845 0.147938
1.96444 -0.367542 0.142556
2.01026 -0.434407 0.128195
2.01449 -0.480228 0.109301
1.96792 -0.500052 0.0904479
1.86516 -0.491141 0.0751655
1.70601 -0.453436 0.0651104
1.49652 -0.389552 0.059648
1.24928 -0.304299 0.0560021
0.981509 -0.203892 0.050153
0.710318 -0.0951791 0.0382421
0.44771 0.0148128 0.0178687
0.198176 0.119238 -0.0111659
-0.0404055 0.212019 -0.046771
-0.273711 0.288502 -0.0851054
-0.5073 0.345704 -0.121625
-0.74393 0.382063 -0.152289
-0.982224 0.397024 -0.174496
-1.21593 0.390818 -0.187573
-1.4341 0.364495 -0.192823
-1.6238 0.320116 -0.193098
-1.77388 0.260976 -0.191916
-1.87633 0.191708 -0.192327
-1.92686 0.117999 -0.195989
-1.92566 0.0457958 -0.20275
-1.87718 -0.019496 -0.210815
-1.78936 -0.0731877 -0.217278
-1.67229 -0.111186 -0.218899
-1.53531 -0.130377 -0.213028
-1.38391 -0.129473 -0.198513
-1.21821 -0.109623 -0.176092
-1.03418 -0.0743454 -0.148108
-0.827677 -0.0287647 -0.117807
-0.597569 0.0214289 -0.0885313
-0.34632 0.0708203 -0.0629275
-0.0797199 0.114638 -0.0423895
0.193618 0.148706 -0.0268503
0.4628 0.16944 -0.0149231
0.714978 0.174229 -0.00438543
0.93683 0.161921 0.00707373
1.11802 0.13296 0.0209822
1.25493 0.0890966 0.037441
1.35198 0.0329431 0.0551131
1.41906 -0.0323868 0.0717606
1.46663 -0.103419 0.0849498
1.50124 -0.176161 0.0927126
1.5239 -0.245788 0.0940836
1.53174 -0.306689 0.0893645
1.52045 -0.353259 0.079977
1.48549 -0.38111 0.0680085
1.42296 -0.387798 0.0556674
1.33066 -0.372706 0.0447439
1.20979 -0.336587 0.0361282
1.06618 -0.281442 0.0295387
0.909206 -0.210672 0.023652
0.748504 -0.129112 0.016675
0.590538 -0.0426596 0.0070791
0.437297 0.0425139 -0.00589984
0.28746 0.12083 -0.0221278
0.138463 0.187818 -0.0407114
-0.0122885 0.240161 -0.0602798
-0.167015 0.275528 -0.0792667
-0.327019 0.292529 -0.0961848
-0.491594 0.290799 -0.109994
-0.656713 0.271124 -0.120462
-0.81463 0.235542 -0.128243
-0.955599 0.187355 -0.134514
-1.07109 0.130847 -0.140391
-1.15634 0.0707124 -0.146488
-1.21018 0.0115689 -0.152775
-1.23275 -0.0421755 -0.158633
-1.22421 -0.086334 -0.163007
-1.18565 -0.117277 -0.164662
-1.12024 -0.13254 -0.162508
-1.03298 -0.131241 -0.155866
-0.929173 -0.114126 -0.144675
-0.812181 -0.0834252 -0.129662
-0.681811 -0.042575 -0.112295
-0.535516 0.00422852 -0.0943957
-0.371756 0.0524288 -0.077551
-0.192589 0.0973654 -0.0627064
-0.00405094 0.13463 -0.0500457
0.184456 0.160608 -0.0390755
0.36119 0.172884 -0.0289127
0.514856 0.170317 -0.0187226
0.637879 0.152914 -0.00808787
0.727464 0.121612 0.00282272
0.784956 0.0780302 0.0132252
0.814645 0.0244561 0.021845
0.822031 -0.0358225 0.0273056
0.811858 -0.0983869 0.0286407
0.787069 -0.158185 0.0255775
0.749368 -0.210347 0.0185389
0.700141 -0.250718 0.00858767
0.640171 -0.275986 -0.00271071
0.569438 -0.283773 -0.0136779
0.48808 -0.272857 -0.0230241
0.397212 -0.243367 -0.0301523
0.299392 -0.196929 -0.035189
0.199384 -0.136727 -0.0388704
0.103904 -0.0673009 -0.0423125
0.0194571 0.00602916 -0.0466112
-0.0501835 0.0778724 -0.0524396
-0.105326 0.143324 -0.0598635
-0.150365 0.198267 -0.0683431
-0.192414 0.239483 -0.0768692
-0.238483 0.264668 -0.0843034
-0.292419 0.272437 -0.0898203
-0.353901 0.262431 -0.0931958
-0.420026 0.235503 -0.0948202
-0.487226 0.193808 -0.0955289
-0.551566 0.14068 -0.0963387
-0.608121 0.0803 -0.0981304
-0.65118 0.0172687 -0.101368
-0.675366 -0.0437904 -0.105932
-0.677197 -0.098454 -0.111074
-0.656806 -0.142585 -0.115495
-0.618468 -0.172592 -0.11765
-0.56857 -0.185977 -0.116264
-0.51226 -0.181815 -0.110799
-0.451576 -0.160879 -0.101596
-0.385915 -0.125513 -0.0897605
-0.313369 -0.0793516 -0.0769253
-0.231955 -0.0268388 -0.0648588
-0.140871 0.0273695 -0.054971
-0.0412577 0.0788007 -0.0479489
0.0637527 0.123336 -0.0436567
0.169248 0.15742 -0.0412228
0.269094 0.178369 -0.0392801
0.356983 0.18459 -0.0364098
0.427848 0.175605 -0.0316649
0.479328 0.151995 -0.0248862
0.51242 0.115339 -0.0167028
0.530745 0.0680487 -0.00833738
0.539236 0.013128 -0.0012993
0.542845 -0.0458979 0.00303573
0.54527 -0.10492 0.00387195
0.548185 -0.159422 0.00125062
0.550949 -0.205009 -0.00399996
0.551091 -0.237966 -0.0105048
0.545316 -0.25556 -0.016659
0.530345 -0.256234 -0.0210571
0.504156 -0.239785 -0.0229505
0.467333 -0.207417 -0.0224738
0.423072 -0.161586 -0.02054
0.375935 -0.105852 -0.0185312
0.330351 -0.0446741 -0.0179095
0.288826 0.0171048 -0.0197955
0.250609 0.0749186 -0.0246197
0.211924 0.12492 -0.0320358
0.167155 0.16412 -0.0411287
0.110264 0.190402 -0.0507274
0.0364541 0.202526 -0.0597214
-0.0561954 0.200165 -0.067397
-0.165598 0.183938 -0.0736778
-0.285835 0.155415 -0.0791141
-0.408451 0.11707 -0.0846275
-0.523972 0.072132 -0.0911219
-0.623556 0.0243183 -0.0990943
-0.700806 -0.0224531 -0.108371
-0.752765 -0.0643262 -0.118065
-0.779536 -0.0977289 -0.126763
-0.783259 -0.119641 -0.132866
-0.766917 -0.127975 -0.134994
-0.733212 -0.12197 -0.132364
-0.684021 -0.10239 -0.125046
-0.620604 -0.0713871 -0.113957
-0.543871 -0.0320999 -0.100638
-0.454082 0.0117908 -0.0868825
-0.350774 0.0563528 -0.0743359
-0.233972 0.0975826 -0.0641031
-0.106243 0.131678 -0.0564852
0.0260447 0.155491 -0.0509417
0.153394 0.166987 -0.0463206
0.265711 0.165394 -0.0413215
0.355868 0.150976 -0.035031
0.422145 0.124666 -0.0272749
0.467627 0.0878731 -0.0186339
0.497509 0.0425376 -0.0102011
0.516805 -0.00868859 -0.00324707
0.529364 -0.0623618 0.00111503
0.537617 -0.114466 0.0022294
0.542488 -0.160922 9.51009e-05
0.542905 -0.198116 -0.00460505
0.535436 -0.223196 -0.0106618
0.515475 -0.234154 -0.0166851
0.479966 -0.229854 -0.0215673
0.429625 -0.210204 -0.0248519
0.368579 -0.176408 -0.0268141
0.301707 -0.131047 -0.0282628
0.232369 -0.0777576 -0.0302022
0.162418 -0.0206255 -0.0335137
0.0935287 0.0363416 -0.0387576
0.0278043 0.0894318 -0.0460823
-0.0331164 0.135259 -0.0551563
-0.0898122 0.170913 -0.0651269
-0.146004 0.194262 -0.0747466
-0.206936 0.204179 -0.0827703
-0.275798 0.200573 -0.0884606
-0.351072 0.184283 -0.0918537
-0.427019 0.15691 -0.0936302
-0.496813 0.120593 -0.094766
-0.55559 0.0778866 -0.0961889
-0.600989 0.0318258 -0.0985173
-0.631919 -0.0140028 -0.101914
-0.647802 -0.0557241 -0.106072
-0.648702 -0.0897662 -0.110287
-0.635756 -0.11338 -0.113559
-0.610989 -0.12485 -0.114789
-0.575821 -0.123532 -0.113118
-0.529742 -0.109854 -0.108269
-0.470875 -0.0852233 -0.100641
-0.398001 -0.0518946 -0.0910823
-0.312336 -0.0128449 -0.080573
-0.217557 0.0283875 -0.0700309
-0.118134 0.0680168 -0.0602126
-0.017646 0.102461 -0.0516467
0.0819564 0.128741 -0.0445656
0.179693 0.144671 -0.0388394
0.273756 0.148853 -0.0339898
0.360821 0.140654 -0.0293525
0.437416 0.120288 -0.0243367
0.501347 0.0889744 -0.0186547
0.551926 0.0489095 -0.0124177
0.589484 0.0029531 -0.00610302
0.614721 -0.045731 -0.000427317
0.628217 -0.0939089 0.00385336
0.630514 -0.138389 0.00612591
0.62278 -0.176086 0.0060244
0.606868 -0.204155 0.00351228
0.584157 -0.220277 -0.00105597
0.554473 -0.223007 -0.00698193
0.516019 -0.211959 -0.0134012
0.466227 -0.187757 -0.0195284
0.403281 -0.151905 -0.0248952
0.327386 -0.106696 -0.0295115
0.240721 -0.0551405 -0.0338543
0.146313 -0.000832533 -0.0386644
0.0469367 0.0523496 -0.0446718
-0.0551616 0.100702 -0.0523813
-0.157873 0.141107 -0.0619405
-0.259055 0.171271 -0.0730867
-0.356757 0.189794 -0.0851585
-0.449403 0.196135 -0.0971766
-0.535951 0.190553 -0.108031
-0.61553 0.174055 -0.116743
-0.68634 0.148364 -0.122717
-0.745154 0.115828 -0.125857
-0.788313 0.0791913 -0.126516
-0.812844 0.0412867 -0.125313
-0.816679 0.00482186 -0.122925
-0.798785 -0.0277171 -0.119897
-0.759383 -0.0541682 -0.116528
-0.69988 -0.0728151 -0.112845
-0.622832 -0.0824697 -0.108611
-0.531954 -0.0825943 -0.103377
-0.431736 -0.0734962 -0.0966551
-0.326465 -0.0564052 -0.0881768
-0.21932 -0.0332951 -0.078046
-0.112122 -0.00657065 -0.0667186
-0.00577723 0.0211603 -0.0549119
0.0989249 0.0471918 -0.0434762
0.20091 0.0688683 -0.0332023
0.298766 0.0838833 -0.024624
0.390701 0.0905914 -0.0179163
0.474599 0.0881544 -0.0129185
0.548064 0.0765469 -0.00922804
0.608479 0.0565181 -0.00631707
0.653384 0.0294752 -0.00368559
0.681294 -0.00270244 -0.0010435
0.692277 -0.0378058 0.00157245
0.6879 -0.0733907 0.00381932
0.670695 -0.106928 0.00516173
0.643255 -0.136003 0.00502681
0.6074 -0.158474 0.00299554
0.563828 -0.17258 -0.0010508
0.512218 -0.177058 -0.00691667
0.451677 -0.171248 -0.0141737
0.381359 -0.155163 -0.0222688
0.301075 -0.1295 -0.0306435
0.211883 -0.0956721 -0.0388644
0.116264 -0.0557925 -0.0467202
0.0175798 -0.0125116 -0.0542335
-0.0807441 0.0312796 -0.0615758
-0.175664 0.0727598 -0.0689386
-0.264628 0.109388 -0.0764321
-0.345534 0.139 -0.0840198
-0.416859 0.15988 -0.0914882
-0.478176 0.170891 -0.0984688
-0.53033 0.171636 -0.104505
-0.574836 0.162551 -0.109163
-0.612808 0.144821 -0.112166
-0.643839 0.120132 -0.113509
-0.665475 0.0904271 -0.113443
-0.674122 0.0577987 -0.112344
-0.666708 0.0244658 -0.110554
-0.641707 -0.00728192 -0.108265
-0.599305 -0.0351969 -0.105479
-0.541083 -0.057267 -0.102019
-0.469528 -0.0719878 -0.0975871
-0.387451 -0.0785833 -0.0918784
-0.297392 -0.0770517 -0.0846967
-0.201289 -0.068082 -0.076042
-0.100492 -0.0529516 -0.06617
0.00370182 -0.0334242 -0.0555804
0.10922 -0.0115989 -0.0448994
0.212875 0.0102836 -0.0347247
0.310953 0.0300287 -0.0255353
0.400403 0.0456495 -0.0176727
0.479457 0.0555157 -0.0113363
0.546903 0.0584972 -0.00656329
0.600996 0.0540846 -0.00322476
0.639566 0.0424594 -0.00106795
0.661232 0.0244767 0.000188515
0.666566 0.00150794 0.000734932
0.658106 -0.0247981 0.000596304
0.638931 -0.0526368 -0.000330206
0.610744 -0.0800067 -0.0021426
0.573272 -0.104714 -0.00484711
0.525808 -0.124584 -0.00841108
0.469314 -0.137792 -0.0128404
0.40684 -0.143125 -0.0181492
0.341787 -0.140075 -0.0242614
0.275838 -0.128756 -0.0309486
0.208738 -0.109723 -0.0378565
0.139933 -0.083869 -0.0446113
0.0702599 -0.0525207 -0.0509566
0.00233241 -0.0176037 -0.0568136
-0.0609693 0.0184347 -0.0621991
-0.118858 0.0529999 -0.0671008
-0.173332 0.0837571 -0.0714737
-0.227274 0.108865 -0.0753578
-0.281778 0.127031 -0.0789503
-0.335047 0.137413 -0.0825187
-0.383427 0.13948 -0.0862495
-0.423369 0.133047 -0.0901433
-0.452931 0.118536 -0.0939669
-0.472012 0.0972396 -0.0972991
-0.481416 0.0712358 -0.0996756
-0.481778 0.0429702 -0.100724
-0.473238 0.0147781 -0.100207
-0.455794 -0.0114027 -0.0980288
-0.429599 -0.0340598 -0.0942881
-0.39476 -0.0519605 -0.0893255
-0.35123 -0.0640247 -0.0836566
-0.299297 -0.0694218 -0.0778214
-0.240165 -0.0678862 -0.0722411
-0.176069 -0.0599367 -0.0671321
-0.110024 -0.0467428 -0.062489
-0.0451599 -0.0297742 -0.0581542
0.0161997 -0.0105402 -0.0539566
0.0727661 0.00946538 -0.0498113
0.123551 0.0286868 -0.0457138
0.167137 0.0454514 -0.0417134
0.201943 0.0580974 -0.0379404
0.227124 0.0652967 -0.0346286
0.243075 0.0663517 -0.0320842
0.251276 0.0612349 -0.0306143
0.253447 0.0504163 -0.0304234
0.250477 0.0347023 -0.0314945
0.24207 0.0152046 -0.0335511
0.227564 -0.00662273 -0.0361669
0.207175 -0.0290038 -0.0389358
0.182425 -0.0499982 -0.0415692
0.155468 -0.067781 -0.0438977
0.128348 -0.0809262 -0.0458428
0.10284 -0.0885371 -0.0473989
0.0805271 -0.0901886 -0.0486255
0.062626 -0.0858139 -0.049638
0.0496521 -0.0756666 -0.0505756
0.0411503 -0.0603501 -0.0515304
0.0357026 -0.040864 -0.0524788
0.0314082 -0.0186297 -0.0533071
0.0267176 0.00458736 -0.0539293
0.020988 0.0269291 -0.0543598
0.0140727 0.0467547 -0.0546822
0.00553887 0.0627738 -0.0550001
-0.00544146 0.0739754 -0.0554307
-0.0195721 0.0795826 -0.0561038
-0.0367116 0.079157 -0.0571284
-0.0557011 0.0727431 -0.0585652
-0.0750838 0.0609238 -0.0604166
-0.0937348 0.044775 -0.0625971
-0.110849 0.0257522 -0.0649009
-0.125712 0.00550199 -0.0670367
-0.137574 -0.014368 -0.0687231
-0.145799 -0.0324034 -0.0697627
-0.150205 -0.0472604 -0.0700527
-0.1509 -0.0577149 -0.0695751
-0.147651 -0.0628601 -0.0684193
-0.13958 -0.0623405 -0.0667937
-0.125356 -0.0564146 -0.0649501
-0.103778 -0.0458114 -0.0630653
-0.0745405 -0.0315246 -0.0611779
-0.0384217 -0.0146976 -0.0591914
0.00313564 0.00339186 -0.0569266
0.0482401 0.0213267 -0.0541942
0.0945371 0.0375902 -0.0508579
0.13948 0.050709 -0.0468855
0.180726 0.0594645 -0.0423942
0.216455 0.0630236 -0.0376822
0.245706 0.0609371 -0.0332157
0.26828 0.0531403 -0.0295341
0.28462 0.0400152 -0.027077
0.295542 0.0224014 -0.0260443
