-3.58222e-05 1.81828e-06 -0.062256
-0.000227572 1.72633e-06 -0.0622571
-0.000950183 5.72738e-07 -0.0622638
-0.00225841 -5.04118e-06 -0.062286
-0.00405715 -1.80278e-05 -0.0623417
-0.00670427 -2.88515e-05 -0.0624349
-0.011162 -1.287e-05 -0.0625178
-0.0182133 4.34256e-05 -0.0625451
-0.0275023 0.000123145 -0.0625977
-0.0378424 0.000210636 -0.0628017
-0.0483077 0.000337055 -0.0630718
-0.0585882 0.000573475 -0.0631502
-0.0684955 0.00096599 -0.0629211
-0.0769234 0.00146768 -0.062521
-0.0816499 0.0019343 -0.062225
-0.0813348 0.00221098 -0.0622729
-0.077153 0.00225804 -0.0626326
-0.0716766 0.00218375 -0.062954
-0.0669009 0.00212998 -0.0629581
-0.0635972 0.00215453 -0.0628069
-0.061868 0.00222031 -0.0627801
-0.0612464 0.00223659 -0.0628187
-0.0605458 0.00213487 -0.0628096
-0.0591386 0.00195908 -0.0627542
-0.0569224 0.00182808 -0.062435
-0.0522972 0.00175318 -0.0617876
-0.0424321 0.00155581 -0.0614061
-0.0263969 0.00104278 -0.0617843
-0.00689312 0.000222163 -0.0625041
0.0127434 -0.000689393 -0.0628724
0.0314721 -0.00140109 -0.0628098
0.0486821 -0.00171237 -0.0624987
0.0630252 -0.00167088 -0.0619026
0.0747102 -0.00157884 -0.0612548
0.0843396 -0.00176449 -0.0611135
0.0902681 -0.00229086 -0.0615461
0.0913198 -0.0029065 -0.0620246
0.0892305 -0.00330329 -0.0622176
0.0867382 -0.00333093 -0.062361
0.0834051 -0.0029891 -0.0624585
0.0748615 -0.00242075 -0.0619118
0.0611418 -0.00190536 -0.060977
0.0501504 -0.00167941 -0.0609534
0.0460087 -0.00170484 -0.0620321
0.0426627 -0.00163776 -0.0629804
0.0329413 -0.00114578 -0.0628304
0.0168529 -0.000323589 -0.0617977
-0.000363375 0.000382491 -0.0612688
-0.0153222 0.000688309 -0.0621848
-0.029174 0.000727612 -0.0634783
-0.0450897 0.000886633 -0.0638624
-0.0660195 0.00152083 -0.0633425
-0.0912704 0.00262672 -0.0620676
-0.113735 0.00364803 -0.0608228
-0.125869 0.00387398 -0.06147
-0.129742 0.00323789 -0.0639671
-0.134914 0.00247082 -0.0655364
-0.144803 0.0023572 -0.064683
-0.151767 0.00309134 -0.0630328
-0.147719 0.00423302 -0.0620876
-0.133522 0.0050055 -0.0616479
-0.11526 0.00482579 -0.0617084
-0.098135 0.00375334 -0.0623918
-0.0852337 0.00238558 -0.0630755
-0.0751095 0.00133388 -0.0636018
-0.0654145 0.000840863 -0.0643232
-0.060847 0.000799805 -0.0648308
-0.0679255 0.000977523 -0.0642546
-0.0842482 0.00116115 -0.0625688
-0.0987464 0.00120356 -0.0611961
-0.102513 0.00109402 -0.0615784
-0.098484 0.000932293 -0.0629289
-0.0961789 0.000724342 -0.0634565
-0.0993085 0.000366234 -0.0634924
-0.106091 -9.35291e-05 -0.0642155
-0.115061 -0.000323456 -0.065125
-0.125419 0.000107454 -0.0655805
-0.137939 0.00140945 -0.0654447
-0.154287 0.00338823 -0.0639286
-0.17087 0.00544941 -0.0611626
-0.177063 0.00678678 -0.0592354
-0.163876 0.00687751 -0.0599352
-0.133276 0.00590085 -0.0625279
-0.0998398 0.00458155 -0.0645772
-0.0804452 0.00364634 -0.0647776
-0.0796147 0.00330587 -0.0637748
-0.0889547 0.00315593 -0.063042
-0.101733 0.00271503 -0.0638343
-0.122778 0.00207391 -0.0654821
-0.15882 0.00179494 -0.0654331
-0.202007 0.00214903 -0.0630058
-0.231487 0.0027722 -0.0610143
-0.234515 0.00308519 -0.0615723
-0.217001 0.00274918 -0.063271
-0.189801 0.00183234 -0.0644022
-0.15774 0.000829464 -0.0650707
-0.124203 0.000440248 -0.0652397
-0.0914722 0.00106614 -0.0644606
-0.0576264 0.00242206 -0.0631971
-0.0230008 0.0037663 -0.0622289
0.00633093 0.00454889 -0.0613035
0.0289381 0.00464604 -0.0596247
0.0580052 0.00405843 -0.0580367
0.107647 0.00281293 -0.0586328
0.169407 0.00115614 -0.0607353
0.219782 -0.000635245 -0.0609978
0.251291 -0.00270025 -0.0592756
0.276288 -0.00538221 -0.0592107
0.297878 -0.00843601 -0.0619121
0.299913 -0.0109177 -0.0643069
0.271456 -0.0120984 -0.0640615
0.223406 -0.0120981 -0.0623674
0.172891 -0.011476 -0.0613195
0.12437 -0.0106018 -0.0611177
0.0779696 -0.00960202 -0.0612186
0.0415728 -0.00854829 -0.0620358
0.0180173 -0.00730493 -0.0637667
-0.00847336 -0.00540293 -0.0649663
-0.0567518 -0.00256827 -0.0642805
-0.125307 0.000706592 -0.0633469
-0.199439 0.00365506 -0.0650988
-0.278148 0.00633476 -0.0687209
-0.372662 0.009697 -0.0697481
-0.478091 0.0143838 -0.066117
-0.569001 0.0197809 -0.0609088
-0.62352 0.0243003 -0.0580023
-0.636582 0.0263161 -0.0583044
-0.613304 0.025019 -0.0611378
-0.565126 0.021076 -0.0657346
-0.512923 0.0165635 -0.0698551
-0.475401 0.0135303 -0.0704311
-0.45133 0.0123726 -0.0680288
-0.428874 0.0119113 -0.0664354
-0.407382 0.0108874 -0.0661936
-0.391424 0.0089694 -0.0644815
-0.370265 0.00649027 -0.061399
-0.32233 0.00384902 -0.0601719
-0.23669 0.00121973 -0.061611
-0.12172 -0.00159393 -0.0634379
0.00281387 -0.00485145 -0.0646366
0.118158 -0.00817886 -0.0655618
0.214536 -0.0105838 -0.0651166
0.294021 -0.0113274 -0.0631099
0.36325 -0.0104709 -0.061742
0.419413 -0.00868884 -0.0608294
0.455855 -0.00695188 -0.0577037
0.481385 -0.00620388 -0.0533947
0.515744 -0.00687354 -0.0520485
0.565428 -0.00866915 -0.0544556
0.615483 -0.010951 -0.0578417
0.642401 -0.0132052 -0.060299
0.630065 -0.0151339 -0.0615933
0.576749 -0.0164752 -0.0619733
0.488833 -0.0169033 -0.0621773
0.372678 -0.0160741 -0.0630417
0.233778 -0.0138504 -0.0639108
0.0800331 -0.0105874 -0.0630438
-0.0726695 -0.00699601 -0.0610009
-0.20265 -0.00365008 -0.0604774
-0.297676 -0.000725354 -0.0622553
-0.363868 0.00198727 -0.0650587
-0.418506 0.00493293 -0.0677616
-0.47808 0.008442 -0.0693034
-0.548626 0.0124948 -0.0693334
-0.6242 0.0169345 -0.0690746
-0.69502 0.0217184 -0.0689866
-0.751788 0.0267698 -0.0675493
-0.779385 0.0316694 -0.063729
-0.751945 0.0355287 -0.0584223
-0.638522 0.0371435 -0.0536412
-0.416554 0.0354553 -0.0510393
-0.0827759 0.0301102 -0.0504007
0.347813 0.0215796 -0.0499155
0.852755 0.0106868 -0.0480946
1.4119 -0.00192043 -0.0448062
2.00993 -0.0159645 -0.0408367
2.63398 -0.0314383 -0.0369458
3.27084 -0.0482911 -0.0329117
3.91031 -0.0661896 -0.0275963
4.55444 -0.0847021 -0.0206897
5.21708 -0.103679 -0.01365
5.90877 -0.123262 -0.00810572
6.62387 -0.143524 -0.00427365
7.34306 -0.164213 -0.00136415
8.04229 -0.184703 0.00108796
8.69333 -0.203963 0.0027416
9.25463 -0.220747 0.00349321
9.67002 -0.234142 0.00385866
9.8827 -0.243948 0.00336483
9.84676 -0.250375 7.58982e-05
9.52637 -0.253192 -0.00743928
8.89125 -0.251086 -0.018535
7.92052 -0.241935 -0.0309966
6.61627 -0.223857 -0.0429584
5.0093 -0.19612 -0.0542121
3.15199 -0.159195 -0.0655806
1.10503 -0.114086 -0.0776431
-1.05915 -0.0617507 -0.0901841
-3.22974 -0.00299477 -0.102421
-5.2803 0.0614788 -0.113239
-7.12853 0.130991 -0.120025
-8.73226 0.203954 -0.118531
-10.0405 0.275985 -0.108844
-10.9839 0.339954 -0.101083
-11.5361 0.389836 -0.105617
-11.7714 0.424028 -0.117032
-11.8146 0.44412 -0.122321
-11.7453 0.451795 -0.121599
-11.5986 0.447306 -0.122601
-11.4198 0.429946 -0.126304
-11.2568 0.399469 -0.131202
-11.1201 0.357209 -0.136658
-10.9786 0.306549 -0.141034
-10.7828 0.252247 -0.14375
-10.4825 0.198398 -0.144676
-10.0329 0.146824 -0.14553
-9.41119 0.0978585 -0.15023
-8.63656 0.052942 -0.15775
-7.74816 0.0159936 -0.161972
-6.76512 -0.00817695 -0.159831
-5.69553 -0.016287 -0.151754
-4.56605 -0.00814655 -0.13517
-3.4054 0.012391 -0.107414
-2.20633 0.0380418 -0.0744059
-0.934985 0.0610673 -0.04655
0.419408 0.076447 -0.0280579
1.81902 0.0823215 -0.0159748
3.19596 0.0781588 -0.00642494
4.48667 0.0632826 0.00163494
5.64841 0.0368523 0.00729848
6.65126 -0.00105936 0.00940761
7.46891 -0.0483392 0.00823025
8.0842 -0.101216 0.0069862
8.50762 -0.156233 0.0088015
8.78833 -0.21165 0.0111711
8.98981 -0.266679 0.00796228
9.14206 -0.319564 -0.0027727
9.22056 -0.366431 -0.0176591
9.17079 -0.401884 -0.033046
8.93924 -0.420909 -0.0473187
8.48359 -0.420368 -0.0604304
7.77035 -0.3989 -0.0719513
6.7746 -0.356145 -0.0786016
5.50172 -0.292767 -0.0764341
4.01488 -0.211367 -0.0655424
2.42716 -0.117283 -0.0506757
0.862685 -0.0182817 -0.0381199
-0.581604 0.0771751 -0.0317792
-1.85152 0.162163 -0.0313659
-2.92601 0.232698 -0.035084
-3.80612 0.287663 -0.0423287
-4.51595 0.32748 -0.0517414
-5.09666 0.352543 -0.0606192
-5.58682 0.362516 -0.067468
-6.00689 0.35684 -0.0717141
-6.35155 0.335824 -0.0735272
-6.58667 0.301032 -0.0751746
-6.66215 0.2547 -0.0796892
-6.53964 0.199279 -0.0886704
-6.21293 0.137724 -0.101039
-5.70535 0.0739983 -0.113602
-5.0529 0.0130864 -0.123894
-4.29356 -0.0396202 -0.131348
-3.46968 -0.0793822 -0.134954
-2.62661 -0.103387 -0.131942
-1.79627 -0.111452 -0.120619
-0.985467 -0.105634 -0.102395
-0.179399 -0.0893642 -0.0803604
0.649316 -0.0667586 -0.0584846
1.52187 -0.0421743 -0.0404991
2.4309 -0.0196753 -0.0273335
3.33532 -0.00242529 -0.0172471
4.18017 0.00752305 -0.00858983
4.92518 0.00905991 -0.00200446
5.54715 0.00193748 0.00046745
6.02025 -0.0132336 -0.000518561
6.31918 -0.0353041 -0.000762464
6.45003 -0.0633172 0.00221734
6.46145 -0.0968521 0.00545129
6.41329 -0.13527 0.00369767
6.34069 -0.176816 -0.00486247
6.2476 -0.218606 -0.0182464
6.11803 -0.256926 -0.034626
5.92239 -0.287296 -0.0521531
5.62145 -0.304959 -0.0670942
5.1798 -0.306065 -0.0767232
4.57822 -0.288747 -0.0810935
3.81783 -0.253418 -0.0804214
2.92338 -0.202572 -0.0745883
1.94359 -0.140223 -0.0658048
0.938646 -0.0709691 -0.0579612
-0.0396569 0.000653592 -0.0528506
-0.958637 0.0703649 -0.0504807
-1.8064 0.134403 -0.05134
-2.5917 0.189987 -0.0551276
-3.33471 0.235493 -0.0599813
-4.04981 0.270141 -0.0645827
-4.7382 0.293565 -0.0690082
-5.38941 0.305522 -0.0729493
-5.9774 0.305706 -0.0752899
-6.45496 0.293838 -0.0765637
-6.76464 0.270183 -0.0794539
-6.86219 0.236126 -0.0855343
-6.72923 0.194167 -0.0936006
-6.37021 0.147404 -0.102334
-5.81044 0.099213 -0.111521
-5.09763 0.0532142 -0.11934
-4.29004 0.01297 -0.122604
-3.43586 -0.0186958 -0.120318
-2.56752 -0.040265 -0.113368
-1.7086 -0.0517423 -0.101883
-0.871939 -0.054714 -0.0862723
-0.0533317 -0.0520877 -0.0694982
0.759253 -0.047195 -0.0554041
1.56776 -0.0426345 -0.0454473
2.35648 -0.0397269 -0.0384914
3.09785 -0.0388616 -0.0328363
3.76274 -0.0401719 -0.0274637
4.32862 -0.0440185 -0.021993
4.78485 -0.0511159 -0.0167702
5.13336 -0.0621888 -0.0129046
5.38353 -0.0774049 -0.0107519
5.54953 -0.096212 -0.00928836
5.6518 -0.117713 -0.00851124
5.71033 -0.141018 -0.0103974
5.72994 -0.165112 -0.0163876
5.69415 -0.188455 -0.0259928
5.57191 -0.208718 -0.0378487
5.32734 -0.222818 -0.0502469
4.92836 -0.227454 -0.0608526
4.35838 -0.220136 -0.0675851
3.62689 -0.200086 -0.0701849
2.76954 -0.168319 -0.0698266
1.83976 -0.127005 -0.0673239
0.901751 -0.0788046 -0.063038
0.0230452 -0.0265913 -0.0580368
-0.742165 0.0265875 -0.0538872
-1.37232 0.077558 -0.0515051
-1.88011 0.12319 -0.0512931
-2.29808 0.160823 -0.0541602
-2.66845 0.188984 -0.0608882
-3.0382 0.207927 -0.0700525
-3.44641 0.219251 -0.077842
-3.90372 0.224546 -0.0809635
-4.3818 0.22422 -0.0793581
-4.82307 0.217385 -0.0755593
-5.15989 0.202623 -0.072571
-5.33287 0.179056 -0.0733015
-5.30953 0.147293 -0.0797331
-5.09905 0.109786 -0.0910751
-4.75058 0.0703238 -0.10446
-4.33585 0.0330903 -0.117399
-3.93088 0.00198999 -0.128107
-3.60145 -0.0196714 -0.134347
-3.38714 -0.0295887 -0.133641
-3.28801 -0.0270749 -0.125068
-3.26338 -0.0135913 -0.11023
-3.24398 0.00725311 -0.0925833
-3.15239 0.0305251 -0.0764155
-2.92827 0.0514664 -0.0654271
-2.55101 0.067015 -0.0608675
-2.045 0.076394 -0.0608433
-1.46497 0.0804003 -0.0622722
-0.878445 0.0801555 -0.0634682
-0.354252 0.0763108 -0.0637138
0.0531236 0.0689352 -0.0617682
0.324244 0.0577516 -0.057078
0.481037 0.042528 -0.0511112
0.57235 0.0233981 -0.0456621
0.656484 0.00067352 -0.0413613
0.789823 -0.0255738 -0.039437
1.01024 -0.0552092 -0.0424573
1.31569 -0.087004 -0.0511069
1.66232 -0.118032 -0.062717
1.98713 -0.14419 -0.0742396
2.22974 -0.161322 -0.0838984
2.34079 -0.166236 -0.0894449
2.29182 -0.157489 -0.0879666
2.0919 -0.135845 -0.0787898
1.7928 -0.104096 -0.0647535
1.47273 -0.0663222 -0.0499137
1.21085 -0.0270077 -0.0373691
1.06597 0.00972003 -0.0291131
1.06183 0.0407627 -0.0258262
1.18379 0.06446 -0.0262811
1.38733 0.0804636 -0.0285401
1.60777 0.0891982 -0.0317372
1.77016 0.0913118 -0.0354319
1.80698 0.0872806 -0.0384726
1.6794 0.0772733 -0.0404964
1.38686 0.0615446 -0.0431992
0.957524 0.0410703 -0.0479466
0.436839 0.0176018 -0.0539588
-0.114847 -0.00690111 -0.0607027
-0.63367 -0.0306487 -0.0690814
-1.07305 -0.0518573 -0.0788625
-1.41278 -0.0685219 -0.0880887
-1.65199 -0.0785957 -0.0954661
-1.80004 -0.0803786 -0.100945
-1.87393 -0.0728106 -0.104035
-1.89477 -0.0557599 -0.103131
-1.87809 -0.0302506 -0.0971101
-1.82572 0.00153853 -0.0864887
-1.72364 0.0364021 -0.0725702
-1.54484 0.0703616 -0.0574318
-1.26096 0.0991972 -0.0440755
-0.858236 0.119242 -0.0342742
-0.342071 0.128042 -0.0275172
0.269987 0.124487 -0.0230191
0.952194 0.10863 -0.0212611
1.6669 0.0815331 -0.0224873
2.36679 0.0449539 -0.0251652
3.00931 0.00100448 -0.0280253
3.56727 -0.0478678 -0.0315357
4.02652 -0.0987063 -0.0358705
4.38313 -0.148169 -0.0402683
4.64443 -0.193038 -0.0446824
4.82164 -0.230591 -0.0497253
4.91637 -0.258554 -0.0551063
4.91904 -0.275034 -0.0597347
4.8192 -0.278616 -0.0634837
4.60784 -0.268426 -0.0672501
4.26958 -0.244067 -0.0707021
3.78384 -0.205798 -0.071594
3.14297 -0.155075 -0.0683376
2.36817 -0.0948423 -0.0620552
1.50311 -0.029091 -0.0550095
0.596545 0.0378505 -0.0482186
-0.303823 0.101742 -0.0418611
-1.15055 0.158562 -0.0366761
-1.90121 0.204718 -0.0339697
-2.52718 0.237464 -0.0350132
-3.02055 0.255302 -0.040226
-3.39556 0.258165 -0.0487304
-3.68221 0.24736 -0.0589279
-3.9148 0.225153 -0.0691845
-4.11886 0.194158 -0.0787553
-4.304 0.157003 -0.0882912
-4.46956 0.116413 -0.098199
-4.61202 0.0753843 -0.107288
-4.72323 0.036999 -0.114132
-4.78664 0.00393642 -0.118663
-4.78212 -0.021896 -0.122008
-4.69721 -0.039304 -0.125143
-4.53507 -0.0474827 -0.127573
-4.31173 -0.0458052 -0.127548
-4.04487 -0.0339993 -0.123483
-3.74426 -0.0126734 -0.114918
-3.40992 0.0161902 -0.10268
-3.0354 0.0492209 -0.0883467
-2.61175 0.0822335 -0.0732239
-2.12847 0.111063 -0.0581387
-1.57331 0.132221 -0.0441981
-0.937328 0.14315 -0.0328389
-0.223983 0.142143 -0.0249836
0.547316 0.128252 -0.0207873
1.34524 0.101421 -0.0199691
2.13282 0.0628193 -0.0219256
2.8738 0.0150186 -0.0258265
3.53826 -0.0383483 -0.0307117
4.10654 -0.093379 -0.0356815
4.57021 -0.146582 -0.0403193
4.92934 -0.195039 -0.0445287
5.18877 -0.236199 -0.0481992
5.35648 -0.267661 -0.0515894
5.43988 -0.287223 -0.0552036
5.43837 -0.293139 -0.0588544
5.3393 -0.284439 -0.0615112
5.1228 -0.261151 -0.062079
4.77272 -0.224334 -0.0601555
4.28568 -0.17595 -0.0563184
3.67204 -0.118656 -0.0514693
2.95201 -0.0556606 -0.0457897
2.15398 0.00929224 -0.038937
1.31565 0.0719639 -0.0313111
0.482771 0.127915 -0.0246891
-0.298673 0.173109 -0.0215232
-0.995688 0.204629 -0.0234609
-1.59991 0.221191 -0.0302769
-2.12665 0.223175 -0.0401949
-2.59936 0.212134 -0.0514768
-3.03572 0.190249 -0.063766
-3.44645 0.16016 -0.0773663
-3.83898 0.125083 -0.0912193
-4.21493 0.0886149 -0.102738
-4.56183 0.0541194 -0.110213
-4.84941 0.0241224 -0.114386
-5.03818 8.01357e-05 -0.117131
-5.09538 -0.0173696 -0.119799
-5.00894 -0.0277532 -0.122605
-4.79056 -0.0303016 -0.123952
-4.46402 -0.0242647 -0.121482
-4.05109 -0.00970932 -0.114871
-3.5704 0.0119979 -0.105665
-3.04336 0.0383391 -0.0945208
-2.48955 0.0660948 -0.08086
-1.91447 0.0918093 -0.0649768
-1.30656 0.112199 -0.0487916
-0.647559 0.124351 -0.0344137
0.0743807 0.125756 -0.0232177
0.856369 0.114524 -0.0161964
1.67895 0.0899279 -0.0137347
2.51112 0.0529049 -0.0151674
3.31776 0.00607502 -0.0194905
4.06317 -0.0467548 -0.0259421
4.71153 -0.101344 -0.0331042
5.23328 -0.153787 -0.0386676
5.61739 -0.200951 -0.0416037
5.87455 -0.240396 -0.0432127
6.02457 -0.270034 -0.0448821
6.08233 -0.288077 -0.0466139
6.05403 -0.293349 -0.0481513
5.93714 -0.285549 -0.049701
5.71974 -0.2651 -0.0513452
5.38344 -0.232776 -0.0527398
4.91055 -0.189545 -0.0533296
4.29114 -0.136769 -0.0523488
3.52842 -0.0765963 -0.0487789
2.64481 -0.0123152 -0.0421376
1.68548 0.0516541 -0.033744
0.710196 0.110373 -0.0264806
-0.224177 0.15939 -0.0228324
-1.07643 0.195519 -0.0237813
-1.8238 0.21709 -0.0295023
-2.463 0.223919 -0.0398123
-3.01077 0.21724 -0.0536023
-3.49702 0.199477 -0.0688067
-3.95137 0.173775 -0.083434
-4.39189 0.143525 -0.0962252
-4.82035 0.111974 -0.106263
-5.22028 0.0818094 -0.112967
-5.55832 0.0548845 -0.116896
-5.79367 0.0323239 -0.119506
-5.89246 0.0148855 -0.121708
-5.8369 0.00323065 -0.123432
-5.62726 -0.0020231 -0.124386
-5.28147 -0.000380778 -0.124111
-4.83177 0.00833794 -0.121475
-4.31464 0.0236866 -0.115188
-3.75897 0.0443188 -0.104834
-3.17971 0.0679397 -0.0909499
-2.5777 0.0914604 -0.0744803
-1.94241 0.111262 -0.0569394
-1.25767 0.123615 -0.0407613
-0.511076 0.125316 -0.0284963
0.295583 0.114374 -0.0215931
1.1414 0.090495 -0.020187
1.98843 0.0551753 -0.0233898
2.78875 0.0113574 -0.0293358
3.4946 -0.0372349 -0.0357877
4.06923 -0.086792 -0.0412296
4.49523 -0.133908 -0.0450559
4.77774 -0.175787 -0.0471925
4.94155 -0.210218 -0.0480629
5.02147 -0.235484 -0.0483274
5.04961 -0.250358 -0.0483602
5.04598 -0.254213 -0.0483607
5.0135 -0.247062 -0.0488256
4.9364 -0.229375 -0.0502926
4.78258 -0.20177 -0.0525125
4.51175 -0.164874 -0.054226
4.08932 -0.119554 -0.0538498
3.50068 -0.0674337 -0.0503869
2.7603 -0.011307 -0.0439593
1.91187 0.0448947 -0.0358561
1.01854 0.0966863 -0.0281141
0.147973 0.139868 -0.0226797
-0.640514 0.171206 -0.0209519
-1.30501 0.188762 -0.024049
-1.82929 0.192012 -0.0326845
-2.22733 0.181935 -0.0462701
-2.5381 0.160977 -0.0624993
-2.81017 0.132694 -0.0784026
-3.08394 0.101114 -0.0917193
-3.37915 0.0699563 -0.101145
-3.68938 0.0419501 -0.106343
-3.98374 0.0185568 -0.108183
-4.21717 0.00024882 -0.108104
-4.34489 -0.0129368 -0.107155
-4.33348 -0.0210121 -0.106032
-4.16813 -0.0239518 -0.105463
-3.85895 -0.0217248 -0.105703
-3.44179 -0.0143093 -0.105805
-2.96846 -0.00176959 -0.103895
-2.48944 0.0155037 -0.0983378
-2.03872 0.0364522 -0.088675
-1.62709 0.0590617 -0.0755716
-1.24252 0.080311 -0.0604731
-0.855577 0.0965499 -0.045521
-0.429977 0.104307 -0.0330471
0.0638787 0.101183 -0.0247142
0.637758 0.0863545 -0.0212913
1.27962 0.0605561 -0.0228589
1.95309 0.0257529 -0.0286462
2.60393 -0.0151956 -0.0369558
3.17287 -0.0588021 -0.0457091
3.60972 -0.101238 -0.0530957
3.88458 -0.138792 -0.057886
3.99364 -0.168502 -0.059666
3.95784 -0.188677 -0.0590535
3.81407 -0.19893 -0.0574265
3.60264 -0.199692 -0.0561453
3.35653 -0.191589 -0.0560085
3.09414 -0.175053 -0.0572993
2.81484 -0.150324 -0.0597507
2.49985 -0.117758 -0.0622661
2.12144 -0.0782249 -0.0633621
1.65667 -0.0333346 -0.0621664
1.09765 0.0146341 -0.0586671
0.455813 0.0629262 -0.053268
-0.237565 0.108425 -0.0467435
-0.934842 0.147761 -0.0405613
-1.58153 0.177659 -0.0365741
-2.12938 0.195537 -0.0361795
-2.54674 0.200099 -0.0399341
-2.82311 0.19162 -0.0476204
-2.96972 0.171828 -0.0582341
-3.0168 0.143461 -0.0700625
-3.00491 0.109692 -0.0812347
-2.97042 0.0736435 -0.0904642
-2.93465 0.0381219 -0.0973246
-2.90244 0.00558715 -0.10185
-2.86588 -0.0218864 -0.103935
-2.80761 -0.0428626 -0.103415
-2.70359 -0.0568152 -0.100914
-2.53036 -0.0640174 -0.0979148
-2.27634 -0.0650581 -0.09545
-1.94843 -0.06039 -0.0932646
-1.56915 -0.0502407 -0.0903861
-1.16895 -0.0349271 -0.0858071
-0.777567 -0.0153369 -0.0789146
-0.416165 0.00678197 -0.0699318
-0.0933296 0.0289555 -0.0597698
0.194484 0.0484854 -0.0494666
0.460476 0.0629732 -0.0398645
0.724072 0.0705597 -0.0317084
1.00538 0.0699375 -0.0260563
1.31685 0.0603956 -0.0240407
1.65648 0.0420327 -0.0259512
2.00788 0.0160203 -0.0310699
2.34556 -0.0153213 -0.0381852
2.6402 -0.0488022 -0.0457755
2.86401 -0.0810121 -0.052202
2.99817 -0.109103 -0.0564868
3.03876 -0.131247 -0.0588849
2.99537 -0.146489 -0.0603133
2.88383 -0.154259 -0.0613491
2.72051 -0.154051 -0.0619699
2.52034 -0.145571 -0.0620211
2.29509 -0.129078 -0.0616636
2.05021 -0.105493 -0.0611797
1.78273 -0.0762059 -0.0604283
1.48441 -0.0427765 -0.0588671
1.14863 -0.00681289 -0.0560901
0.776226 0.0298855 -0.0521223
0.377426 0.0651029 -0.047503
-0.0304182 0.0962236 -0.0432298
-0.427042 0.120631 -0.0402846
-0.792343 0.136286 -0.0392969
-1.10804 0.142142 -0.040708
-1.361 0.138231 -0.0447607
-1.5479 0.125463 -0.0511598
-1.67636 0.105335 -0.05899
-1.75998 0.0797031 -0.0671824
-1.81187 0.0507135 -0.075054
-1.8417 0.0207936 -0.0822228
-1.85555 -0.00752308 -0.0881774
-1.85453 -0.0319948 -0.0923209
-1.83369 -0.0510604 -0.0944617
-1.78454 -0.0639161 -0.0949115
-1.69963 -0.0702932 -0.0940166
-1.57518 -0.0702236 -0.0919863
-1.41211 -0.0639797 -0.0891178
-1.21728 -0.0521293 -0.0856266
-1.00295 -0.0356085 -0.0812739
-0.782737 -0.0157593 -0.0756706
-0.566625 0.00574747 -0.0689036
-0.359079 0.0270899 -0.0614242
-0.159406 0.0464133 -0.053621
0.0374046 0.0618444 -0.0460568
0.238327 0.0715721 -0.0397352
0.448963 0.0741196 -0.035653
0.671139 0.0687037 -0.0343532
0.901014 0.0555094 -0.0359826
1.12707 0.035765 -0.0401877
1.3306 0.0115093 -0.0458209
1.49167 -0.0149061 -0.051505
1.59652 -0.0412581 -0.0566895
1.63922 -0.0655695 -0.0615157
1.61929 -0.0860237 -0.0657926
1.54174 -0.100984 -0.0689345
1.4181 -0.109198 -0.0707496
1.2636 -0.11 -0.0715441
1.09168 -0.103367 -0.0715778
0.910773 -0.0898345 -0.0709501
0.724443 -0.070315 -0.0698714
0.53239 -0.0458912 -0.068455
0.331781 -0.0177475 -0.0662953
0.120418 0.0126963 -0.0628884
-0.0998104 0.0436103 -0.058321
-0.322032 0.0727511 -0.053136
-0.535234 0.0976918 -0.0480538
-0.725523 0.116194 -0.044074
-0.879096 0.126585 -0.0422194
-0.986682 0.12802 -0.0429188
-1.0465 0.120531 -0.0458988
-1.0642 0.104911 -0.0506331
-1.05087 0.0825458 -0.0566278
-1.01971 0.0552774 -0.0633756
-0.982577 0.0252905 -0.0703263
-0.94777 -0.00502374 -0.0768843
-0.919259 -0.0332706 -0.0823268
-0.89557 -0.0573367 -0.0859186
-0.868993 -0.0756879 -0.0874296
-0.828174 -0.087499 -0.0874294
-0.764119 -0.0925306 -0.0866925
-0.674629 -0.0909041 -0.0854627
-0.564239 -0.0829614 -0.0836121
-0.442392 -0.0692334 -0.081049
-0.321909 -0.0504886 -0.0775424
-0.215775 -0.0278595 -0.0727011
-0.132175 -0.00295744 -0.066541
-0.071609 0.0221965 -0.0596489
-0.0275538 0.045427 -0.0526619
0.0119305 0.064671 -0.0460778
0.0625606 0.0781579 -0.0405956
0.139555 0.0845566 -0.0370728
0.251625 0.0831303 -0.036008
0.398116 0.0738591 -0.0373801
0.570273 0.0574959 -0.0409202
0.752998 0.0355468 -0.0461655
0.92664 0.0101381 -0.0522494
1.07139 -0.0163019 -0.0580199
1.17354 -0.0414645 -0.0626621
1.2288 -0.0634519 -0.0660483
1.24063 -0.0808311 -0.0683008
1.21744 -0.0925851 -0.0694185
1.17098 -0.0981059 -0.0695619
1.11298 -0.0971996 -0.0691624
1.05049 -0.0900514 -0.0684844
0.984043 -0.0771822 -0.0674539
0.909178 -0.0594115 -0.0659606
0.818646 -0.0377811 -0.063955
0.704523 -0.013491 -0.0612087
0.561573 0.0120398 -0.0574168
0.39111 0.0370666 -0.0527815
0.201889 0.0595702 -0.0481423
0.00694082 0.0775178 -0.0443998
-0.180123 0.0892108 -0.0422281
-0.347475 0.093579 -0.0422008
-0.487617 0.0903392 -0.0446174
-0.599657 0.0799965 -0.0492533
-0.689306 0.063721 -0.0554854
-0.766221 0.0431714 -0.0625369
-0.839989 0.0203166 -0.0695997
-0.91657 -0.0027454 -0.0759185
-0.996341 -0.0239972 -0.0809113
-1.07385 -0.0417361 -0.084267
-1.13885 -0.0547699 -0.0859706
-1.17849 -0.0624866 -0.0862859
-1.18081 -0.0647589 -0.0856809
-1.13893 -0.0617533 -0.084556
-1.05421 -0.0537889 -0.0829273
-0.936059 -0.0413403 -0.0805217
-0.79847 -0.0251507 -0.0771561
-0.655584 -0.00631716 -0.0728812
-0.518446 0.013756 -0.0678452
-0.393336 0.0335081 -0.0621789
-0.280895 0.0513571 -0.0560375
-0.175601 0.0657462 -0.0497796
-0.066626 0.0751693 -0.0441953
0.0582968 0.078316 -0.0404124
0.207191 0.0743803 -0.039303
0.379796 0.0633853 -0.0409345
0.567273 0.0463056 -0.0446298
0.754912 0.0248885 -0.0494342
0.925977 0.0012546 -0.0544626
1.06537 -0.0225237 -0.0590629
1.16246 -0.0446655 -0.0629119
1.21253 -0.063693 -0.0658927
1.21681 -0.0783608 -0.0678721
1.18156 -0.0876807 -0.0687921
1.11649 -0.0910643 -0.0689064
1.03169 -0.0884396 -0.068653
0.933952 -0.0802028 -0.0683063
0.82454 -0.0670082 -0.0678092
0.699576 -0.0495796 -0.0668141
0.553504 -0.0287204 -0.0649428
0.383664 -0.00550432 -0.0621571
0.192549 0.0185759 -0.0588337
-0.0132325 0.0416971 -0.0554325
-0.224379 0.0619991 -0.0522041
-0.428609 0.0778743 -0.0493391
-0.610895 0.0881093 -0.0473518
-0.757076 0.0919167 -0.0470331
-0.859181 0.0889623 -0.0488571
-0.917841 0.0794373 -0.0526452
-0.940437 0.0641592 -0.0578411
-0.938177 0.0446112 -0.0637614
-0.923704 0.0227819 -0.069599
-0.907864 0.000770778 -0.0746357
-0.896636 -0.0196356 -0.0785723
-0.890802 -0.0371394 -0.0814456
-0.887345 -0.0508143 -0.0832797
-0.880178 -0.0599297 -0.084023
-0.860801 -0.0639287 -0.0837772
-0.820989 -0.0625397 -0.0828006
-0.756971 -0.0558995 -0.0811374
-0.671104 -0.0445986 -0.0785279
-0.569418 -0.0296075 -0.0748703
-0.458574 -0.0121137 -0.0704414
-0.344754 0.00661233 -0.0655911
-0.233226 0.0252377 -0.0605602
-0.127263 0.0423259 -0.055565
-0.0265626 0.0563791 -0.050862
0.0734304 0.0660291 -0.0467916
0.179808 0.0702865 -0.0437647
0.299104 0.0686977 -0.0421126
0.434921 0.0613279 -0.0419361
0.586829 0.0486323 -0.0431487
0.750091 0.0313877 -0.0456612
0.915692 0.0107445 -0.0493211
1.07121 -0.0117323 -0.0536909
1.20303 -0.0341712 -0.0581788
1.29907 -0.0546533 -0.0622908
1.35087 -0.0715122 -0.0656075
1.35501 -0.0835389 -0.0678168
1.31325 -0.0900166 -0.0688751
1.23139 -0.0906379 -0.0689261
1.11723 -0.0854444 -0.0681149
0.978858 -0.074853 -0.0666452
0.823182 -0.0596808 -0.0648736
0.654394 -0.0410712 -0.0631208
0.473211 -0.0203286 -0.06147
0.278087 0.00125559 -0.0598605
0.0676956 0.0224766 -0.0582406
-0.156869 0.0421725 -0.0566337
-0.390938 0.059168 -0.055199
-0.626289 0.0723157 -0.054183
-0.851789 0.080646 -0.0538323
-1.0544 0.0835521 -0.0543848
-1.22126 0.0809112 -0.0560146
-1.34246 0.0730846 -0.0587584
-1.41301 0.0608249 -0.0624868
-1.43357 0.0451732 -0.06689
-1.41013 0.027412 -0.0715503
-1.35236 0.00903169 -0.0760195
-1.27093 -0.0083782 -0.0798086
-1.17523 -0.0233354 -0.0824823
-1.07227 -0.0346782 -0.0838083
-0.966251 -0.0417005 -0.083686
-0.857865 -0.0441882 -0.0821197
-0.744166 -0.0423514 -0.0794426
-0.620908 -0.0366813 -0.0762029
-0.486006 -0.027837 -0.0726706
-0.340625 -0.0166342 -0.0688299
-0.187782 -0.00406176 -0.0648028
-0.031543 0.00877947 -0.0608683
0.122592 0.020816 -0.0571722
0.268695 0.0311101 -0.0536997
0.402842 0.0388724 -0.050472
0.524444 0.0434336 -0.0476687
0.635553 0.0442601 -0.0455452
0.739444 0.0410286 -0.0442898
0.839585 0.0337093 -0.0440665
0.938354 0.0226363 -0.0450636
1.03533 0.00854018 -0.0472862
1.12645 -0.00750865 -0.0504232
1.2047 -0.0242311 -0.0540732
1.26151 -0.0402696 -0.0578702
1.28803 -0.0542963 -0.061359
1.27718 -0.0651339 -0.0641205
1.22547 -0.0718834 -0.0659979
1.13326 -0.0740147 -0.067007
1.0039 -0.0714004 -0.0672034
0.843222 -0.0643003 -0.066732
0.658976 -0.0532924 -0.0658603
0.459469 -0.0391615 -0.0648601
0.25178 -0.0227944 -0.063847
0.0409086 -0.0051352 -0.0627504
-0.169394 0.0128038 -0.0614883
-0.37509 0.0299417 -0.0601567
-0.571191 0.0451892 -0.0589705
-0.752028 0.0575641 -0.0581173
-0.911818 0.0663015 -0.0577071
-1.04524 0.070903 -0.0577673
-1.14759 0.0711289 -0.0583459
-1.21495 0.0669826 -0.0596304
-1.24542 0.0587414 -0.0618362
-1.24054 0.0470304 -0.0649387
-1.20513 0.0328513 -0.0685469
-1.14571 0.0174888 -0.0720719
-1.06855 0.00231239 -0.0750141
-0.978592 -0.0114385 -0.0770774
-0.878994 -0.022812 -0.078129
-0.771041 -0.0311964 -0.0782103
-0.654668 -0.0362633 -0.0774957
-0.52939 -0.0378859 -0.0760985
-0.39488 -0.0361193 -0.0740458
-0.251401 -0.0312382 -0.0714408
-0.100749 -0.0237582 -0.0684258
0.0530315 -0.0144044 -0.0650459
0.20444 -0.004047 -0.0613455
0.348367 0.0063748 -0.0575371
0.481188 0.0159294 -0.0539527
0.600753 0.0237603 -0.0508582
0.706052 0.0291424 -0.0483714
0.796899 0.0315306 -0.0465315
0.873846 0.0306008 -0.0454057
0.938433 0.0262784 -0.0451445
0.992926 0.0187571 -0.04594
1.03875 0.00852408 -0.0478683
1.07459 -0.00362418 -0.0506679
1.09642 -0.016648 -0.0537362
1.09985 -0.0294336 -0.0565763
1.08211 -0.0409658 -0.059176
1.04182 -0.0504043 -0.0617228
0.977822 -0.0570649 -0.0641529
0.889314 -0.0603894 -0.066144
0.776718 -0.0599656 -0.0673393
0.642479 -0.055623 -0.0675298
0.491647 -0.0475657 -0.06682
0.331415 -0.0364205 -0.0656513
0.168876 -0.0231076 -0.0644702
0.00903943 -0.00860593 -0.0633313
-0.144807 0.00619991 -0.0619776
-0.28952 0.0204937 -0.060329
-0.421849 0.0334242 -0.0587305
-0.539664 0.0440773 -0.0576588
-0.642389 0.051589 -0.0573821
-0.730006 0.0553707 -0.0579753
-0.802287 0.0553167 -0.0593088
-0.858587 0.0518112 -0.0609543
-0.897232 0.0454882 -0.0625002
-0.915189 0.0369373 -0.0639549
-0.90932 0.0266105 -0.0656
-0.878144 0.0149774 -0.0675828
-0.822303 0.00274199 -0.0698064
-0.744373 -0.00909284 -0.0720397
-0.649197 -0.0193924 -0.0739389
-0.543678 -0.0271966 -0.0751013
-0.435189 -0.0319606 -0.0753142
-0.32999 -0.0335654 -0.0746838
-0.23288 -0.0321265 -0.0734051
-0.147131 -0.0278222 -0.0714927
-0.0738206 -0.0209234 -0.0688868
-0.0114464 -0.0119546 -0.0657555
0.0431438 -0.00177399 -0.0624567
0.0932274 0.00854243 -0.0593029
0.141289 0.0179506 -0.0565721
0.188424 0.0256671 -0.0545023
0.23397 0.0312316 -0.0531136
0.276079 0.0343888 -0.0522781
0.312712 0.0349452 -0.0519898
0.342012 0.0327727 -0.0523296
0.362299 0.0279425 -0.0532262
0.372751 0.0208266 -0.0544951
0.374223 0.0120565 -0.0560401
0.368825 0.00236826 -0.0578389
0.358747 -0.00754849 -0.0598242
0.345541 -0.0170937 -0.0618956
0.32995 -0.0256865 -0.0639637
0.311929 -0.032685 -0.0658835
0.290847 -0.0374203 -0.0674067
0.26584 -0.0393622 -0.0682863
0.235904 -0.0382978 -0.068405
0.200067 -0.0343918 -0.0677689
0.158331 -0.0281098 -0.0664743
0.112588 -0.0200733 -0.0647851
0.0658571 -0.0109354 -0.0630546
0.020399 -0.00133546 -0.0614192
-0.0227158 0.00805702 -0.0597872
-0.0624477 0.0165009 -0.0582042
-0.0973899 0.0232553 -0.0569854
-0.126792 0.0277492 -0.0564079
-0.151228 0.0297015 -0.0564805
-0.171717 0.0291098 -0.057085
-0.188883 0.0261635 -0.0581139
-0.203146 0.0211708 -0.0594262
-0.214477 0.0145285 -0.0608898
-0.221626 0.00672515 -0.0624993
-0.222612 -0.00164158 -0.0643055
-0.216475 -0.00986817 -0.0661957
-0.204059 -0.0172212 -0.0678531
-0.186913 -0.0230752 -0.069025
-0.166015 -0.0270018 -0.0697685
-0.142262 -0.0287412 -0.0702531
-0.117712 -0.0281291 -0.0703963
-0.095042 -0.0250879 -0.0699227
-0.0755965 -0.0197048 -0.0686528
-0.0583375 -0.0123239 -0.0666171
-0.0402043 -0.00356555 -0.0640556
-0.0172538 0.00575246 -0.0613108
0.0138903 0.0147567 -0.0586581
0.0551466 0.022652 -0.05627
0.107055 0.0287897 -0.0542812
0.168904 0.0326689 -0.0528444
0.238119 0.0339406 -0.0521312
0.309696 0.0324538 -0.0521888
0.377006 0.0282996 -0.0528201
0.434514 0.0218018 -0.0537947
0.479579 0.01347 -0.0550695
