-4.27662e-07 5.66401e-08 -0.0577044
-0.000192116 1.49799e-07 -0.0577025
-0.000916543 3.68189e-07 -0.0576924
-0.00223576 -1.4734e-06 -0.0576688
-0.00402291 -1.15893e-05 -0.0576392
-0.00640482 -3.3462e-05 -0.0576236
-0.00985972 -6.13872e-05 -0.0576109
-0.0149079 -9.42087e-05 -0.0575444
-0.0216241 -0.000150353 -0.0574187
-0.0292138 -0.000252672 -0.0573205
-0.0359489 -0.00040182 -0.0572945
-0.0401632 -0.000574799 -0.0573007
-0.0417833 -0.000748364 -0.0572924
-0.0420528 -0.000918914 -0.0572178
-0.041957 -0.00110402 -0.0570537
-0.0419634 -0.00132238 -0.0568835
-0.04211 -0.0015555 -0.0568288
-0.0416368 -0.00174591 -0.0568692
-0.040129 -0.00185576 -0.0568565
-0.0387527 -0.00189373 -0.0567735
-0.0386506 -0.00187617 -0.0567122
-0.0386985 -0.00181027 -0.0566633
-0.0366101 -0.00170519 -0.0567126
-0.0317571 -0.00154984 -0.0570334
-0.0250207 -0.00130563 -0.0574231
-0.0177847 -0.00097317 -0.0575048
-0.012073 -0.000627252 -0.057357
-0.00870146 -0.000328959 -0.0573408
-0.00554076 -5.8262e-05 -0.0575264
0.000630685 0.000224716 -0.0577655
0.0108641 0.000527318 -0.0580682
0.0232759 0.000848337 -0.0583838
0.0352547 0.0011835 -0.058431
0.0452026 0.00149641 -0.0582503
0.0513097 0.0017306 -0.0582559
0.0519053 0.00187998 -0.0585762
0.0484978 0.00199442 -0.0588842
0.0442847 0.00208085 -0.0588615
0.0413559 0.00209644 -0.0587093
0.0408002 0.0020553 -0.0587504
0.0411192 0.00200909 -0.0587053
0.0388591 0.00192671 -0.0584027
0.0332694 0.00170505 -0.0582864
0.0264711 0.00130773 -0.0584138
0.0203343 0.000858508 -0.0584446
0.0154823 0.000527493 -0.0582821
0.0102078 0.000301875 -0.0578156
0.000655045 8.8482e-06 -0.0572661
-0.0139065 -0.000426988 -0.0571172
-0.0274618 -0.000914001 -0.0571397
-0.0344883 -0.00133644 -0.0571487
-0.0373277 -0.00161303 -0.0574147
-0.0415764 -0.00171224 -0.0573789
-0.050844 -0.001768 -0.0564745
-0.0665122 -0.00200803 -0.0556759
-0.0844644 -0.00241692 -0.0559496
-0.0951653 -0.00272412 -0.0565931
-0.0937769 -0.00279259 -0.0567298
-0.0847065 -0.00273058 -0.0566381
-0.0733638 -0.00266047 -0.0564601
-0.0619424 -0.00261659 -0.0559527
-0.0526468 -0.00258282 -0.0557628
-0.0482045 -0.00249449 -0.0564025
-0.0500621 -0.00229168 -0.0570377
-0.0561628 -0.00200625 -0.0569422
-0.0620536 -0.00171257 -0.0564718
-0.0643576 -0.00141315 -0.0562661
-0.0607274 -0.001044 -0.0565885
-0.0519877 -0.000614919 -0.0571408
-0.0448526 -0.000279028 -0.0575045
-0.0457799 -0.000149262 -0.0577348
-0.0540175 -0.000147661 -0.0576599
-0.0651383 -0.000164872 -0.0569353
-0.0775262 -0.000233695 -0.056381
-0.091215 -0.000460187 -0.0566327
-0.10308 -0.000878347 -0.0567778
-0.108205 -0.00142953 -0.0564821
-0.103842 -0.0020094 -0.0564358
-0.0900002 -0.00249001 -0.0565788
-0.0713762 -0.00282738 -0.0564411
-0.0576796 -0.00315232 -0.0561134
-0.0551887 -0.00359407 -0.0559501
-0.0588954 -0.00406303 -0.0559832
-0.0609396 -0.00431539 -0.0559831
-0.0618151 -0.00417506 -0.0559533
-0.0659815 -0.0036874 -0.0558284
-0.0745577 -0.00311482 -0.0553968
-0.0866024 -0.00270121 -0.0552039
-0.0997222 -0.00237769 -0.0559593
-0.108497 -0.00188282 -0.0570062
-0.110658 -0.00121519 -0.0572645
-0.11172 -0.000685619 -0.057031
-0.117029 -0.000508432 -0.0568919
-0.123682 -0.000622487 -0.0565008
-0.124164 -0.00089613 -0.05606
-0.114784 -0.00126628 -0.0563972
-0.0974626 -0.00167733 -0.0570625
-0.0738921 -0.0020624 -0.0569379
-0.0436463 -0.00241433 -0.0561782
-0.0085548 -0.00273437 -0.0559411
0.0272726 -0.00288228 -0.0567416
0.0605636 -0.00268189 -0.0576893
0.089544 -0.00219509 -0.0579196
0.112979 -0.00160156 -0.0581214
0.131107 -0.000807035 -0.0588062
0.145531 0.000469684 -0.0590159
0.155089 0.00216784 -0.0586718
0.155556 0.00382838 -0.0590821
0.144802 0.00518689 -0.0603387
0.126308 0.00642447 -0.0611346
0.10659 0.00769145 -0.061018
0.0902873 0.00876002 -0.060909
0.0765092 0.00930369 -0.0613584
0.0588658 0.00924257 -0.061639
0.0338637 0.00863224 -0.061054
0.0067939 0.00743269 -0.0600815
-0.0162556 0.00564087 -0.059558
-0.0381645 0.00351003 -0.0591849
-0.0685255 0.00131912 -0.0578124
-0.113464 -0.00103264 -0.0554198
-0.168601 -0.00382648 -0.0535744
-0.220394 -0.00691541 -0.0532375
-0.25304 -0.00970914 -0.0534772
-0.259449 -0.0118125 -0.053237
-0.250619 -0.0133399 -0.052606
-0.247193 -0.0145298 -0.05173
-0.259444 -0.0154104 -0.0504031
-0.281954 -0.0159427 -0.0492149
-0.304223 -0.0160664 -0.0495455
-0.318785 -0.0155272 -0.0512294
-0.321011 -0.0141056 -0.051942
-0.309942 -0.0120452 -0.0509564
-0.28882 -0.00985251 -0.0506216
-0.258573 -0.00769282 -0.0523003
-0.217355 -0.00538931 -0.0546798
-0.171592 -0.00296992 -0.0565869
-0.13498 -0.000734065 -0.0579709
-0.109129 0.00115528 -0.058405
-0.080885 0.00271015 -0.0575551
-0.0420365 0.00392094 -0.0570719
0.00607527 0.00483478 -0.058604
0.061838 0.00556985 -0.060564
0.122034 0.00609231 -0.060918
0.18089 0.00631566 -0.0607158
0.238304 0.00642216 -0.0612638
0.298224 0.00669707 -0.0618522
0.354089 0.00713059 -0.0623537
0.389158 0.00750418 -0.0634009
0.395409 0.00776771 -0.064028
0.379652 0.00809324 -0.0632177
0.350483 0.0086232 -0.0620249
0.312058 0.00932396 -0.0618045
0.267718 0.00999805 -0.0622718
0.216421 0.0103706 -0.0624159
0.153931 0.0102871 -0.0621725
0.0846577 0.00979533 -0.0618832
0.0191022 0.00893247 -0.0611973
-0.0406479 0.00757028 -0.060171
-0.100188 0.00554287 -0.0594085
-0.161949 0.00279604 -0.0583548
-0.223887 -0.000551341 -0.0563256
-0.28329 -0.00420655 -0.0541042
-0.336521 -0.00788732 -0.0522329
-0.379384 -0.0115071 -0.0504412
-0.408926 -0.0150475 -0.0490988
-0.42033 -0.018321 -0.0485817
-0.404173 -0.0209779 -0.048552
-0.351869 -0.0226881 -0.048871
-0.261921 -0.0232629 -0.0496305
-0.13747 -0.0226724 -0.0507532
0.0200806 -0.0209245 -0.0523392
0.213469 -0.0178585 -0.0546388
0.446813 -0.0131492 -0.0577639
0.720941 -0.00655964 -0.061728
1.03107 0.00191409 -0.066386
1.3689 0.0121145 -0.0715837
1.72785 0.0238327 -0.0776247
2.1053 0.0368996 -0.0849583
2.49964 0.0512065 -0.0933444
2.90705 0.0665527 -0.102056
3.32083 0.0825025 -0.110593
3.73255 0.0985262 -0.118714
4.1345 0.114249 -0.126389
4.52105 0.12942 -0.133727
4.88565 0.143718 -0.140722
5.21505 0.156782 -0.147247
5.48519 0.168348 -0.152753
5.6625 0.178191 -0.156262
5.71027 0.185931 -0.157416
5.59604 0.190951 -0.156744
5.29869 0.192552 -0.154656
4.8115 0.190153 -0.150847
4.14011 0.183308 -0.144505
3.30151 0.171532 -0.134968
2.32107 0.154192 -0.122265
1.22835 0.130659 -0.106881
0.0526171 0.100602 -0.089294
-1.16801 0.0641064 -0.0696691
-2.3587 0.0216034 -0.0482861
-3.42714 -0.02604 -0.0265121
-4.31645 -0.0770593 -0.00583074
-5.01021 -0.12872 0.0145736
-5.51871 -0.178548 0.0370118
-5.87563 -0.225189 0.0597735
-6.11743 -0.26701 0.0768246
-6.262 -0.300942 0.0874963
-6.3227 -0.323821 0.096289
-6.33057 -0.334092 0.102241
-6.32672 -0.331812 0.102882
-6.3418 -0.317696 0.100078
-6.38353 -0.292761 0.0934632
-6.43611 -0.258656 0.0809361
-6.47324 -0.217733 0.063653
-6.47523 -0.172755 0.0448663
-6.43275 -0.126743 0.0286236
-6.33659 -0.0830495 0.0164768
-6.1708 -0.0449799 0.00529016
-5.91182 -0.0148343 -0.00710473
-5.52927 0.0063335 -0.0184979
-4.99504 0.0180645 -0.0270609
-4.29466 0.0204856 -0.0335193
-3.43024 0.0149241 -0.0377794
-2.42668 0.00355949 -0.0393874
-1.33824 -0.0115405 -0.0406693
-0.234813 -0.0283251 -0.0441987
0.824135 -0.0440139 -0.0490683
1.79986 -0.0553019 -0.0530779
2.667 -0.0593381 -0.0563026
3.41158 -0.0543489 -0.0608625
4.0326 -0.0397565 -0.0686102
4.53216 -0.0159573 -0.0803578
4.91002 0.0162001 -0.0962455
5.17019 0.0555936 -0.114622
5.32134 0.10028 -0.132217
5.36886 0.147131 -0.14756
5.31665 0.1924 -0.161621
5.17323 0.232617 -0.174343
4.94558 0.265036 -0.184
4.63414 0.287536 -0.189046
4.23935 0.298311 -0.18818
3.77205 0.29585 -0.181211
3.25812 0.279464 -0.170055
2.72904 0.249735 -0.156736
2.20866 0.208295 -0.141575
1.70567 0.157317 -0.123756
1.212 0.0992396 -0.102313
0.713919 0.036839 -0.077565
0.208407 -0.026602 -0.0518065
-0.294331 -0.087432 -0.027283
-0.782437 -0.142098 -0.00525527
-1.2499 -0.187557 0.0133689
-1.69236 -0.221456 0.0288386
-2.10071 -0.242168 0.0411507
-2.46127 -0.248925 0.0480437
-2.76403 -0.241902 0.0475883
-3.01276 -0.22217 0.0405802
-3.22285 -0.191673 0.0295536
-3.406 -0.153174 0.0171487
-3.55696 -0.109925 0.00457598
-3.65287 -0.0651869 -0.0085557
-3.66405 -0.0219983 -0.0224554
-3.56856 0.0167741 -0.0362168
-3.35698 0.0485984 -0.048631
-3.02438 0.0716874 -0.0586287
-2.56471 0.0851684 -0.0655973
-1.97734 0.0889764 -0.070482
-1.27965 0.0837778 -0.0747746
-0.510285 0.0709338 -0.0780468
0.283498 0.0523945 -0.0788904
1.06067 0.030567 -0.077217
1.79311 0.00822374 -0.0742262
2.46056 -0.0117059 -0.0715297
3.04178 -0.0266373 -0.0701283
3.51693 -0.0347945 -0.070311
3.87517 -0.0351838 -0.0727747
4.11804 -0.0272329 -0.0781146
4.25853 -0.0107088 -0.085917
4.31178 0.0137551 -0.0954817
4.28133 0.0442442 -0.106348
4.15745 0.0780646 -0.117831
3.9346 0.112502 -0.128188
3.62441 0.144952 -0.135703
3.2512 0.172821 -0.140812
2.84491 0.193791 -0.144384
2.4348 0.206098 -0.145253
2.0403 0.208459 -0.142157
1.66788 0.200114 -0.135687
1.31988 0.181108 -0.12667
0.997474 0.152271 -0.114952
0.69183 0.115018 -0.100822
0.385118 0.0713563 -0.0850339
0.0637078 0.0238738 -0.0672621
-0.276744 -0.0245813 -0.0474112
-0.636545 -0.0712041 -0.0273825
-1.01397 -0.113327 -0.00940853
-1.40284 -0.148584 0.00574152
-1.79454 -0.175179 0.0178004
-2.18176 -0.191972 0.0260298
-2.55467 -0.198409 0.0300564
-2.89702 -0.194605 0.0304122
-3.19257 -0.181517 0.0275779
-3.43238 -0.160842 0.0214688
-3.60971 -0.134608 0.0127397
-3.71276 -0.104925 0.00329283
-3.72737 -0.0740035 -0.00586744
-3.6414 -0.0440382 -0.0154632
-3.44402 -0.0168872 -0.0255844
-3.12839 0.00604654 -0.035093
-2.69813 0.0237109 -0.0437107
-2.16776 0.0354868 -0.0519216
-1.55952 0.0414025 -0.0592113
-0.903374 0.0420628 -0.064653
-0.235328 0.0383546 -0.0684071
0.411079 0.0313665 -0.0711634
1.0143 0.0225252 -0.0731066
1.56497 0.013532 -0.0742881
2.05846 0.00603782 -0.0752389
2.49041 0.0013984 -0.0767162
2.85679 0.000593366 -0.0790497
3.15398 0.00416022 -0.0823267
3.37959 0.0122117 -0.0871192
3.53475 0.0245646 -0.0937129
3.62296 0.0407354 -0.101065
3.64416 0.0597646 -0.107958
3.59216 0.0802072 -0.114025
3.46093 0.100419 -0.118976
3.25193 0.118817 -0.122395
2.97393 0.133929 -0.124338
2.63965 0.144459 -0.124999
2.26403 0.14939 -0.123885
1.86281 0.147977 -0.12015
1.45131 0.139707 -0.113826
1.04503 0.124431 -0.105833
0.660587 0.102578 -0.0967381
0.313138 0.0751628 -0.086359
0.0114801 0.0436255 -0.0744965
-0.24587 0.00970524 -0.0612873
-0.472571 -0.0246257 -0.0469975
-0.690523 -0.0573491 -0.0321777
-0.921085 -0.0866723 -0.0181173
-1.17694 -0.111118 -0.00649342
-1.45625 -0.129387 0.00170235
-1.7424 -0.140373 0.00658371
-2.01264 -0.14352 0.00864853
-2.25012 -0.139095 0.00792433
-2.44955 -0.128063 0.00445977
-2.61451 -0.111853 -0.000864552
-2.75238 -0.0921816 -0.00713404
-2.8693 -0.0708372 -0.0138839
-2.96583 -0.0494548 -0.0202214
-3.03702 -0.0295134 -0.0250755
-3.07529 -0.0124568 -0.0284012
-3.07098 0.00040155 -0.0311149
-3.01159 0.00814622 -0.0339536
-2.88517 0.0103995 -0.0369112
-2.68842 0.00726903 -0.0395501
-2.43105 -0.000763382 -0.0411817
-2.13179 -0.0129232 -0.0410185
-1.81054 -0.0281964 -0.0388478
-1.48343 -0.0453114 -0.035459
-1.16145 -0.0626572 -0.0319848
-0.849874 -0.0783617 -0.0287882
-0.551217 -0.0906401 -0.0257234
-0.271168 -0.0981227 -0.0234667
-0.0186959 -0.0998804 -0.0233331
0.200467 -0.0953614 -0.026014
0.385452 -0.0845243 -0.0316055
0.534801 -0.0679223 -0.0401085
0.64561 -0.0465123 -0.050627
0.718161 -0.0215399 -0.0609949
0.756055 0.00534472 -0.0697473
0.763039 0.0321859 -0.077405
0.743285 0.0571593 -0.0845544
0.703446 0.0788078 -0.0903598
0.652396 0.0958913 -0.0940132
0.601878 0.107337 -0.0958858
0.568773 0.112487 -0.0965347
0.570864 0.111238 -0.0960211
0.616052 0.103891 -0.0945113
0.697391 0.0910225 -0.0922756
0.799907 0.0735585 -0.08886
0.910192 0.0528193 -0.0834139
1.02002 0.0304281 -0.0761571
1.1257 0.00819406 -0.0684388
1.2264 -0.0120107 -0.0612638
1.31813 -0.0284802 -0.0549496
1.3852 -0.0398923 -0.0500258
1.40337 -0.045342 -0.0471511
1.35193 -0.0443889 -0.0463195
1.21799 -0.0372755 -0.0473781
0.995373 -0.0249675 -0.0507872
0.6877 -0.00886626 -0.0563013
0.31233 0.00938011 -0.0619999
-0.10136 0.0278294 -0.0663672
-0.518722 0.0443535 -0.0695804
-0.904413 0.0570194 -0.0717703
-1.22782 0.0643623 -0.0722817
-1.4702 0.0653552 -0.0707256
-1.62328 0.0594199 -0.0673081
-1.68069 0.0466249 -0.0623805
-1.63544 0.0277634 -0.0562134
-1.48654 0.00423786 -0.0495507
-1.24419 -0.0220935 -0.0434266
-0.927284 -0.0490886 -0.0378846
-0.558711 -0.0745319 -0.0325694
-0.162712 -0.0962939 -0.0281539
0.239935 -0.112352 -0.0257264
0.636334 -0.120891 -0.0256926
1.01687 -0.120635 -0.0280468
1.36866 -0.111052 -0.0331338
1.67824 -0.0922573 -0.0411321
1.93738 -0.0649413 -0.0513242
2.14224 -0.0304871 -0.0632583
2.29006 0.0090462 -0.0772443
2.38006 0.0511897 -0.0926242
2.4154 0.0932952 -0.107495
2.40282 0.132615 -0.12044
2.35088 0.166487 -0.131031
2.26734 0.192652 -0.138836
2.15666 0.209415 -0.142995
2.01971 0.215594 -0.142987
1.85638 0.210567 -0.139113
1.66898 0.194538 -0.131841
1.46238 0.168631 -0.121311
1.24043 0.134569 -0.107876
1.00512 0.0943536 -0.0926451
0.758057 0.0502618 -0.0767757
0.500894 0.0049218 -0.0607182
0.235313 -0.0388701 -0.0448796
-0.03776 -0.0785134 -0.0300505
-0.31936 -0.111854 -0.0169053
-0.611108 -0.137237 -0.006
-0.912432 -0.153527 0.00212305
-1.22018 -0.160162 0.00704823
-1.53042 -0.157187 0.00849126
-1.84058 -0.145323 0.00677033
-2.14921 -0.126048 0.00271504
-2.45191 -0.101489 -0.00328693
-2.73798 -0.0740782 -0.0110434
-2.99186 -0.0462378 -0.0197597
-3.19871 -0.0202707 -0.0282774
-3.34904 0.00162779 -0.0354404
-3.43766 0.0174945 -0.0403439
-3.45847 0.0258868 -0.0427505
-3.40179 0.0261365 -0.0430035
-3.25756 0.0184145 -0.0416095
-3.02082 0.00362286 -0.0389243
-2.69533 -0.016779 -0.0349696
-2.29337 -0.0409173 -0.0298642
-1.83165 -0.0665805 -0.0244389
-1.32708 -0.0913023 -0.0199229
-0.796696 -0.112556 -0.0171936
-0.259806 -0.12802 -0.0166251
0.261913 -0.135788 -0.0182077
0.747841 -0.134506 -0.0217244
1.18279 -0.12347 -0.0273291
1.55861 -0.102702 -0.0356765
1.87172 -0.072977 -0.0471673
2.12036 -0.0357476 -0.0613964
2.30493 0.00696212 -0.0771934
2.4297 0.0526436 -0.0931701
2.50324 0.0984554 -0.108501
2.53629 0.141467 -0.122791
2.53757 0.178896 -0.13532
2.51182 0.208295 -0.145054
2.46192 0.227726 -0.151055
2.39185 0.235945 -0.15265
2.30636 0.232515 -0.149775
2.20768 0.217783 -0.142995
2.09359 0.192764 -0.132997
1.95904 0.159043 -0.120424
1.80001 0.118733 -0.105985
1.61642 0.0744285 -0.0903845
1.41057 0.0290093 -0.0743562
1.18187 -0.0146858 -0.0586959
0.924464 -0.0541495 -0.0440946
0.630921 -0.0873438 -0.031102
0.297702 -0.112711 -0.0202709
-0.0738882 -0.129154 -0.0121299
-0.479923 -0.136125 -0.00686471
-0.914179 -0.133832 -0.00422547
-1.36763 -0.123376 -0.00399318
-1.82671 -0.106544 -0.00625965
-2.2698 -0.0854078 -0.0109422
-2.6702 -0.0621249 -0.0172564
-3.00652 -0.0389694 -0.0240598
-3.2675 -0.0182681 -0.0303517
-3.44626 -0.00216564 -0.0350978
-3.53426 0.00765783 -0.0376891
-3.52199 0.0102811 -0.0386422
-3.40178 0.00568845 -0.0384389
-3.17138 -0.00540975 -0.0365934
-2.83825 -0.0218771 -0.0329315
-2.41855 -0.0421958 -0.0283478
-1.92972 -0.0643421 -0.0239691
-1.387 -0.0859024 -0.0206837
-0.808255 -0.10443 -0.0192983
-0.217647 -0.117722 -0.0202218
0.358788 -0.123959 -0.0230344
0.898809 -0.121818 -0.0272283
1.38495 -0.110596 -0.0332718
1.8049 -0.0902474 -0.0420901
2.15292 -0.0613957 -0.0537304
2.42825 -0.0253587 -0.0673224
2.63313 0.0159456 -0.0820791
2.7752 0.0602191 -0.0974054
2.86805 0.104917 -0.112418
2.92471 0.147275 -0.126452
2.9518 0.184486 -0.139258
2.95069 0.214068 -0.149884
2.92105 0.234161 -0.156653
2.86193 0.243577 -0.158639
2.77184 0.241753 -0.156079
2.64927 0.228792 -0.149568
2.49327 0.205502 -0.139653
2.30395 0.173359 -0.126989
2.08407 0.134401 -0.112398
1.83894 0.0911082 -0.096639
1.57312 0.046167 -0.0803086
1.28646 0.00216945 -0.0641648
0.973175 -0.0385619 -0.0491561
0.624813 -0.0739766 -0.0358056
0.235279 -0.102354 -0.0240963
-0.195664 -0.122511 -0.0141607
-0.662094 -0.133941 -0.00652632
-1.15254 -0.136763 -0.00161638
-1.65073 -0.131668 0.000558872
-2.13793 -0.119923 0.000132331
-2.59553 -0.103293 -0.00275255
-3.00603 -0.0838275 -0.00752463
-3.35361 -0.0636958 -0.0130906
-3.6257 -0.0450797 -0.0185089
-3.81348 -0.0299569 -0.0232839
-3.91015 -0.0198361 -0.0268511
-3.91001 -0.0156274 -0.0285588
-3.8096 -0.0176423 -0.0282935
-3.60843 -0.0255805 -0.0264974
-3.30839 -0.0385202 -0.0236794
-2.91405 -0.0550136 -0.0203932
-2.43501 -0.0732464 -0.0174877
-1.88701 -0.0911643 -0.0158101
-1.29137 -0.106605 -0.0156744
-0.675053 -0.117517 -0.0170071
-0.0694471 -0.122198 -0.0198935
0.495142 -0.119429 -0.0245764
0.995279 -0.108532 -0.0311205
1.41652 -0.0894085 -0.0395421
1.75359 -0.0625577 -0.0499481
2.01009 -0.0290673 -0.0621402
2.1953 0.00940752 -0.0755483
2.31962 0.0507139 -0.08966
2.39352 0.0923491 -0.103956
2.42868 0.131661 -0.117626
2.43759 0.166081 -0.129766
2.43114 0.193368 -0.139524
2.41641 0.21181 -0.145958
2.39521 0.220307 -0.148226
2.36316 0.218384 -0.14609
2.31204 0.206217 -0.139998
2.23433 0.184665 -0.130737
2.12552 0.155243 -0.119149
1.98376 0.119977 -0.106034
1.80879 0.081196 -0.0921278
1.60195 0.0413085 -0.0780633
1.36551 0.00262978 -0.0644845
1.10089 -0.0327245 -0.052114
0.807288 -0.0629229 -0.0413927
0.482464 -0.0865369 -0.0322552
0.124636 -0.102686 -0.0245176
-0.26499 -0.111092 -0.0183552
-0.678493 -0.111996 -0.0142355
-1.10003 -0.106071 -0.0124861
-1.51007 -0.0944232 -0.0131893
-1.89071 -0.0785817 -0.0161907
-2.22732 -0.0603875 -0.0208271
-2.50764 -0.0418441 -0.0261032
-2.72118 -0.0249402 -0.0313813
-2.85954 -0.0114175 -0.0363384
-2.91785 -0.00256518 -0.0403262
-2.89589 0.000850061 -0.0424496
-2.79742 -0.00143485 -0.0422044
-2.62726 -0.00916178 -0.0397908
-2.38876 -0.0215063 -0.0359922
-2.08473 -0.0371263 -0.0318357
-1.7213 -0.0543319 -0.0282468
-1.31081 -0.0712714 -0.0258165
-0.870931 -0.0860759 -0.024694
-0.421277 -0.0970115 -0.0248346
0.0194265 -0.10264 -0.0264871
0.434781 -0.101921 -0.0300895
0.810764 -0.0942565 -0.0356496
1.1352 -0.079527 -0.0426837
1.39869 -0.0581394 -0.050714
1.59726 -0.0310098 -0.0595423
1.73408 0.000499255 -0.0692029
1.81739 0.0346521 -0.0798064
1.85608 0.0694388 -0.0911881
1.8571 0.102711 -0.102571
1.82569 0.132322 -0.112749
1.76636 0.156259 -0.120675
1.68334 0.172811 -0.125822
1.5809 0.180762 -0.127949
1.46307 0.179502 -0.126753
1.33274 0.169045 -0.122014
1.19168 0.150033 -0.113886
1.04194 0.123692 -0.10288
0.886402 0.091722 -0.0898814
0.726919 0.0561244 -0.0761585
0.56245 0.0190766 -0.0629165
0.38928 -0.0171713 -0.0507255
0.202599 -0.0504679 -0.0396289
-0.00161238 -0.0789689 -0.0297576
-0.224686 -0.101269 -0.0215364
-0.4644 -0.116437 -0.015372
-0.715587 -0.124021 -0.0114517
-0.970779 -0.124064 -0.0097873
-1.22041 -0.117084 -0.0102453
-1.45435 -0.104036 -0.0125805
-1.66394 -0.0862618 -0.0165526
-1.84148 -0.0654444 -0.0219782
-1.97945 -0.0434981 -0.0286238
-2.07126 -0.0223479 -0.0360417
-2.11173 -0.00368592 -0.0434209
-2.09751 0.0111214 -0.0496684
-2.02785 0.0210098 -0.0539851
-1.90435 0.0252791 -0.0562912
-1.72949 0.0237447 -0.0568182
-1.5059 0.0168179 -0.0557619
-1.23758 0.00545165 -0.0534813
-0.93183 -0.00899875 -0.050403
-0.599587 -0.0249397 -0.0468949
-0.254044 -0.0406947 -0.0435327
0.090896 -0.0546213 -0.0410933
0.4218 -0.0651864 -0.0402328
0.726475 -0.0710618 -0.0411559
0.993875 -0.0712798 -0.0435344
1.21401 -0.0653714 -0.0469994
1.3797 -0.0533946 -0.0515204
1.48932 -0.0358716 -0.0571786
1.54783 -0.0137248 -0.064002
1.56439 0.0117728 -0.0719523
1.54898 0.039085 -0.0806452
1.50981 0.0665116 -0.0892303
1.45229 0.0922499 -0.0968696
1.38037 0.114477 -0.103213
1.29808 0.131536 -0.108197
1.20948 0.142168 -0.111546
1.1178 0.145639 -0.112646
1.02532 0.141713 -0.110859
0.933988 0.130587 -0.10602
0.846311 0.112898 -0.0986624
0.76484 0.0897449 -0.0896886
0.69018 0.0626405 -0.0799487
0.619302 0.0333776 -0.0700401
0.546074 0.0038594 -0.0602136
0.463337 -0.0240746 -0.0506581
0.364798 -0.0487775 -0.0419281
0.246056 -0.0688733 -0.034763
0.104844 -0.0833277 -0.0296111
-0.0590184 -0.0915346 -0.0265037
-0.243356 -0.09336 -0.0252078
-0.442875 -0.0891153 -0.0254473
-0.648765 -0.0795161 -0.0270712
-0.849906 -0.0656581 -0.0300756
-1.03538 -0.0489582 -0.0344431
-1.1965 -0.0310097 -0.0398558
-1.32653 -0.0134044 -0.0455684
-1.41898 0.00238117 -0.0507191
-1.46731 0.0150475 -0.0548325
-1.46677 0.023567 -0.0578641
-1.41597 0.0273069 -0.0597533
-1.31739 0.0260862 -0.0602402
-1.17685 0.0201545 -0.0591819
-1.00157 0.0101736 -0.0567623
-0.797813 -0.00281558 -0.0533615
-0.570917 -0.0175044 -0.0495156
-0.327609 -0.0324532 -0.0459501
-0.0771198 -0.0461815 -0.0432386
0.16964 -0.057262 -0.0414903
0.400645 -0.0644687 -0.0406707
0.603086 -0.0669081 -0.040984
0.765829 -0.0640742 -0.0426773
0.882282 -0.0558767 -0.0457697
0.950502 -0.0426521 -0.0501861
0.972108 -0.0251071 -0.0558164
0.951973 -0.00424863 -0.0622525
0.897456 0.0186183 -0.0688747
0.816521 0.0419061 -0.0753637
0.716714 0.0639002 -0.0816599
0.605959 0.0829842 -0.087385
0.492792 0.0977792 -0.0918269
0.384743 0.107184 -0.0944258
0.287238 0.110435 -0.0949073
0.204044 0.107198 -0.0931205
0.137275 0.0976014 -0.0890947
0.0870685 0.0822152 -0.0832498
0.0527369 0.0620354 -0.0762011
0.0338889 0.038437 -0.0683359
0.0292777 0.0130493 -0.0599661
0.0351342 -0.0124033 -0.0516797
0.0451726 -0.0362313 -0.0441137
0.0513703 -0.0568935 -0.037676
0.044799 -0.0731098 -0.0326883
0.0176888 -0.0839425 -0.0294243
-0.0338744 -0.0888335 -0.0279309
-0.109362 -0.0876357 -0.028085
-0.205612 -0.0806485 -0.0298068
-0.318324 -0.0686179 -0.0330294
-0.441717 -0.0526752 -0.0375324
-0.567748 -0.0342336 -0.0429641
-0.686489 -0.0148574 -0.0489561
-0.787235 0.00388214 -0.0550779
-0.859938 0.0205218 -0.0607262
-0.897454 0.0337692 -0.0652778
-0.897359 0.0425797 -0.068386
-0.861174 0.0462872 -0.069926
-0.791851 0.0447013 -0.0697688
-0.692696 0.0380952 -0.0679362
-0.567923 0.0271482 -0.0647819
-0.422746 0.0128996 -0.0607174
-0.263062 -0.00333569 -0.0560433
-0.0957562 -0.0201107 -0.0512233
0.0713965 -0.035963 -0.0469377
0.230722 -0.0494859 -0.0436841
0.375184 -0.0594291 -0.0416021
0.498292 -0.0648308 -0.0407432
0.594406 -0.0651014 -0.0412098
0.65966 -0.0600404 -0.0430126
0.692849 -0.0498388 -0.046065
0.695631 -0.0350854 -0.0503152
0.671953 -0.0167263 -0.0556962
0.627461 0.00403489 -0.0619272
0.569023 0.0258228 -0.0684744
0.503829 0.047136 -0.0748183
0.438531 0.0664366 -0.0806621
0.378788 0.0823143 -0.0857034
0.329077 0.0936297 -0.0894336
0.2923 0.0995731 -0.0913942
0.269352 0.0997026 -0.0913854
0.259716 0.0939995 -0.0893526
0.262477 0.0828774 -0.0853868
0.276278 0.0671221 -0.0798829
0.298757 0.0478339 -0.073472
0.326517 0.0263823 -0.0666932
0.354848 0.00429293 -0.0598438
0.377177 -0.0169186 -0.0532478
0.385719 -0.0358699 -0.047391
0.372987 -0.0513815 -0.042638
0.332779 -0.0625461 -0.0391401
0.260875 -0.0688004 -0.0370016
0.156147 -0.0699644 -0.0362381
0.0215395 -0.0662401 -0.036711
-0.136269 -0.0581911 -0.0382779
-0.307924 -0.0467027 -0.0408655
-0.482204 -0.0329132 -0.0443463
-0.647103 -0.0181166 -0.0484329
-0.791496 -0.00364935 -0.0526911
-0.90646 0.00922022 -0.0566387
-0.985479 0.0193872 -0.0598313
-1.02438 0.0259896 -0.0619266
-1.02142 0.0284827 -0.0627742
-0.977212 0.0267041 -0.0623863
-0.894557 0.0209018 -0.0608036
-0.778542 0.0116981 -0.0581116
-0.63624 3.25401e-07 -0.0545881
-0.475343 -0.0130943 -0.0507162
-0.30288 -0.0263721 -0.0470542
-0.125438 -0.0385692 -0.0441099
0.0496879 -0.0484639 -0.0421996
0.213894 -0.0550055 -0.0413665
0.357809 -0.0574436 -0.0415307
0.472854 -0.055396 -0.0427192
0.553687 -0.0488357 -0.0450656
0.599917 -0.0380461 -0.0486202
0.615296 -0.0235994 -0.0532456
0.605383 -0.00634773 -0.0586412
0.576076 0.0126069 -0.0643933
0.533274 0.0319757 -0.0700945
0.482701 0.0503838 -0.0755071
0.429675 0.0665038 -0.080493
0.378495 0.0791804 -0.0847213
0.331488 0.0875054 -0.0876263
0.289089 0.0908564 -0.0887003
0.251503 0.0889323 -0.0877351
0.220129 0.0817922 -0.0848874
0.196871 0.0698807 -0.0805928
0.182022 0.0540089 -0.0752875
0.17315 0.03527 -0.0692024
0.166089 0.0149167 -0.062516
0.156836 -0.0057405 -0.0556272
0.142604 -0.0253913 -0.0491699
0.121492 -0.0427804 -0.0437311
0.0912007 -0.0568126 -0.039568
0.0479954 -0.0666787 -0.036642
-0.0123985 -0.0719197 -0.0348555
-0.0919918 -0.0724169 -0.0341726
-0.188446 -0.0683693 -0.0346586
-0.295725 -0.0602851 -0.0364771
-0.406658 -0.0489458 -0.0396418
-0.515014 -0.0353385 -0.0437323
-0.615667 -0.020598 -0.0480835
-0.703648 -0.00595014 -0.052253
-0.77375 0.00739108 -0.0561287
-0.820972 0.0183622 -0.0596309
-0.841421 0.0261455 -0.0624558
-0.832976 0.0302003 -0.064166
-0.794762 0.0302932 -0.0644837
-0.726298 0.0265391 -0.0634048
-0.627993 0.0193937 -0.0611654
-0.502826 0.00958754 -0.0582315
-0.357332 -0.00194361 -0.0550923
-0.200684 -0.0141144 -0.0519841
-0.04262 -0.0257614 -0.0490135
0.108465 -0.0357491 -0.0464405
0.246759 -0.043081 -0.0446792
0.368908 -0.0469861 -0.044111
0.472345 -0.0469706 -0.0449088
0.554336 -0.0428355 -0.046983
0.612982 -0.0346846 -0.0500688
0.648228 -0.0229407 -0.0539007
0.661599 -0.0083311 -0.0583823
0.655586 0.00818391 -0.0634765
0.633262 0.0254978 -0.0689153
0.597799 0.0424315 -0.0742273
0.552428 0.0578073 -0.0789722
0.501245 0.0705298 -0.0827946
0.449296 0.0796599 -0.0854518
0.401072 0.0844872 -0.0868625
0.359118 0.0846019 -0.0869677
0.32374 0.0799331 -0.0855823
0.293289 0.0707362 -0.0825394
0.265036 0.0575617 -0.0779539
0.236314 0.0412246 -0.07222
0.20483 0.0227586 -0.065823
0.168077 0.00334715 -0.0592325
0.123069 -0.0157716 -0.0528175
0.0669722 -0.0334124 -0.0468335
-0.00195801 -0.0485358 -0.041557
-0.0839066 -0.0603117 -0.0373244
-0.177557 -0.0681652 -0.0344201
-0.280368 -0.0718094 -0.0329683
-0.389061 -0.0712549 -0.03287
-0.499852 -0.0667962 -0.0338771
-0.607949 -0.0589837 -0.0357571
-0.707399 -0.0485827 -0.0383559
-0.792224 -0.0365099 -0.0415649
-0.857476 -0.0237513 -0.0452341
-0.899129 -0.011286 -0.0490553
-0.914087 -2.42723e-05 -0.0526355
-0.900604 0.00925903 -0.0557184
-0.858179 0.0159888 -0.0581707
-0.787427 0.0198169 -0.0598518
-0.690595 0.0206259 -0.06071
-0.571762 0.0185525 -0.0608165
-0.435979 0.0140019 -0.0601758
-0.288495 0.00760152 -0.0587911
-0.134626 0.000111501 -0.0569206
0.0202773 -0.00764485 -0.0549992
0.170794 -0.014822 -0.0533804
0.311605 -0.0206068 -0.0522748
0.4379 -0.0243024 -0.0518169
0.545755 -0.0254044 -0.0521231
0.632388 -0.0236349 -0.0532785
0.69618 -0.0189507 -0.0552689
0.736403 -0.0115543 -0.0579896
0.753051 -0.00188492 -0.0613115
0.747311 0.00943056 -0.0650213
0.721878 0.021629 -0.0687905
0.680528 0.0338521 -0.072368
0.627555 0.045206 -0.0756293
0.567257 0.0548396 -0.0783857
0.503254 0.0620052 -0.0803809
0.438038 0.0661017 -0.0814268
0.373036 0.0667241 -0.0813894
0.308911 0.063704 -0.0801602
0.245805 0.0571185 -0.0777308
0.183622 0.0472762 -0.0742159
0.122409 0.0347039 -0.0698119
0.0624787 0.0201271 -0.0647602
0.00408701 0.00442354 -0.0593099
-0.0529903 -0.0114552 -0.0537455
-0.109429 -0.0265661 -0.0484203
-0.165948 -0.0400378 -0.0436808
-0.222973 -0.0511139 -0.0398039
-0.28065 -0.0591896 -0.0369907
-0.339181 -0.0638565 -0.0353135
-0.398954 -0.0649447 -0.0347138
-0.460187 -0.0625482 -0.0351084
-0.522269 -0.0570092 -0.0364433
-0.582984 -0.048864 -0.0386503
-0.63814 -0.038782 -0.0415837
-0.682384 -0.0275271 -0.045003
-0.710694 -0.015921 -0.0486305
-0.719264 -0.0047861 -0.0521968
-0.70565 0.00511892 -0.0554494
-0.668802 0.013155 -0.0582231
-0.609032 0.0188599 -0.0604553
-0.527656 0.0219929 -0.0620465
-0.426632 0.0225417 -0.0628475
-0.308571 0.0207029 -0.0628385
-0.176772 0.0168631 -0.062177
-0.0354049 0.0115755 -0.0610842
0.11007 0.0055071 -0.0597899
0.252934 -0.000631337 -0.0585212
0.386197 -0.00614526 -0.0574665
0.504048 -0.0104034 -0.0567652
0.602605 -0.0128816 -0.0565503
0.679335 -0.0132101 -0.056949
0.732184 -0.0112141 -0.0580071
0.759733 -0.00693942 -0.0596479
0.762136 -0.000651845 -0.0617318
0.741749 0.00719972 -0.064168
0.702876 0.01605 -0.0668899
0.650549 0.0252639 -0.0696925
0.588754 0.0341435 -0.0722646
0.519668 0.0419502 -0.0743686
0.444985 0.0479811 -0.0758444
0.367691 0.051664 -0.0765681
0.292122 0.0526146 -0.0765074
0.222277 0.0506546 -0.0756696
0.160163 0.0458075 -0.0739609
0.105683 0.0382745 -0.0712561
0.0578447 0.0284154 -0.0676464
0.0160707 0.0167556 -0.0634917
-0.0193398 0.00399367 -0.0591907
-0.0482683 -0.00905009 -0.054969
-0.0726937 -0.0215409 -0.0509038
-0.0971628 -0.0327178 -0.0470904
-0.126756 -0.0419325 -0.0437052
-0.164424 -0.0486768 -0.0409989
-0.210056 -0.0526097 -0.0393187
-0.261231 -0.0535655 -0.0389085
-0.314492 -0.0515569 -0.0396152
-0.366628 -0.0468014 -0.0410387
-0.415265 -0.0397384 -0.0429364
-0.45829 -0.0309852 -0.0452994
-0.493097 -0.0212502 -0.0481304
-0.516754 -0.0112582 -0.05129
-0.526805 -0.00169998 -0.0544912
-0.521657 0.00681034 -0.0573466
-0.500335 0.0137634 -0.0595154
-0.462399 0.018766 -0.0609211
-0.4084 0.0215617 -0.0617684
-0.340222 0.0220775 -0.0622764
-0.260898 0.0204552 -0.0624112
-0.174331 0.0170187 -0.0619616
-0.0848411 0.0122093 -0.0608703
0.00375767 0.00654022 -0.0593388
0.0885372 0.000570091 -0.057673
0.166647 -0.0051312 -0.0561871
0.234599 -0.0100165 -0.055098
0.288882 -0.0135982 -0.0543856
0.32705 -0.0155054 -0.0539269
0.348162 -0.0155377 -0.0537966
0.352812 -0.0136737 -0.0542513
0.342726 -0.0100444 -0.0554306
0.319827 -0.00491672 -0.0572181
0.285713 0.00131367 -0.059339
0.242216 0.00814598 -0.0614891
0.192334 0.0150145 -0.0634423
0.140193 0.0213359 -0.0651317
0.0900831 0.0265607 -0.0665813
0.0456787 0.0302279 -0.0677226
0.00988516 0.0320064 -0.0683348
-0.0151874 0.0317105 -0.0682018
-0.0284963 0.0293044 -0.0673086
-0.0302162 0.0249077 -0.0658208
-0.0217051 0.0187875 -0.0639108
-0.0055008 0.0113339 -0.0617146
0.0150139 0.00304121 -0.0593546
0.0365077 -0.00550824 -0.0568926
0.0564082 -0.0136953 -0.0543767
0.0725619 -0.020947 -0.0519979
0.0826268 -0.0267909 -0.0500714
0.0842771 -0.0308592 -0.048801
0.0758381 -0.0328942 -0.0481775
0.0568903 -0.0327787 -0.0481361
0.0284813 -0.0305598 -0.04867
-0.00733245 -0.0264432 -0.0497553
-0.0480304 -0.0207759 -0.051303
-0.0908249 -0.0140244 -0.0532059
-0.132721 -0.00673195 -0.0553395
-0.170659 0.0005486 -0.0575205
-0.201845 0.00730367 -0.0595028
-0.22422 0.0130653 -0.0610641
-0.23655 0.017421 -0.0621419
-0.237921 0.0200648 -0.0627821
-0.227423 0.0208548 -0.0629796
-0.204353 0.0198252 -0.0627094
-0.168604 0.017157 -0.0620005
-0.121044 0.0131425 -0.0609042
-0.0635766 0.00816292 -0.0595212
0.0011655 0.00267267 -0.0580353
0.0699855 -0.00282302 -0.0566378
0.139103 -0.00780465 -0.0554636
0.204483 -0.0117892 -0.054577
0.26233 -0.0143867 -0.0540028
0.309342 -0.0153334 -0.0538293
0.343128 -0.0144933 -0.054203
0.362519 -0.0118617 -0.0551672
0.367722 -0.00758785 -0.0566536
0.360082 -0.00197803 -0.0585918
