-2.00194e-06 -1.43774e-14 -0.0596251
-0.000193609 3.43623e-07 -0.0596233
-0.000917625 2.35196e-06 -0.0596148
-0.00223876 4.12137e-06 -0.0595957
-0.00405255 -9.35558e-06 -0.0595619
-0.00654858 -5.86833e-05 -0.0594828
-0.0102671 -0.000145725 -0.0592928
-0.0157066 -0.000269004 -0.0589512
-0.0228906 -0.000466969 -0.0584988
-0.0310841 -0.000800719 -0.0579845
-0.0386925 -0.00129629 -0.0573503
-0.0441069 -0.00193717 -0.0564859
-0.0470939 -0.00269432 -0.0554211
-0.0484526 -0.0035258 -0.0544194
-0.048686 -0.00436653 -0.0538657
-0.0481537 -0.00514816 -0.054013
-0.0472602 -0.00579444 -0.0547532
-0.0457327 -0.00622243 -0.0556701
-0.0433491 -0.00643421 -0.0563925
-0.0412686 -0.00653047 -0.0568274
-0.0407066 -0.00654703 -0.0570126
-0.0406742 -0.00640483 -0.0569419
-0.0391107 -0.00606109 -0.0566213
-0.0354985 -0.00554036 -0.0561029
-0.0301581 -0.00482268 -0.0554851
-0.0234431 -0.00389084 -0.0551034
-0.0167937 -0.00283024 -0.0555287
-0.0113289 -0.00168448 -0.0570188
-0.00577336 -0.000361099 -0.0591244
0.00233071 0.00111718 -0.0611048
0.0137439 0.00249229 -0.0625259
0.0268332 0.00355741 -0.0633092
0.0394873 0.00436606 -0.0635767
0.0502189 0.00509301 -0.0636883
0.0569293 0.00583714 -0.0640731
0.0577735 0.00662222 -0.0647722
0.054364 0.00741606 -0.0654021
0.0502099 0.00799654 -0.0656637
0.0473348 0.00805296 -0.0655301
0.0462049 0.00760911 -0.0648986
0.0452398 0.00702326 -0.0636614
0.0416458 0.00646486 -0.062295
0.0352688 0.00575112 -0.0616757
0.0285172 0.00471096 -0.0619982
0.0227277 0.00344868 -0.062398
0.0175618 0.00221744 -0.0619468
0.0115919 0.00106672 -0.0607687
0.00175828 -0.000203109 -0.0598187
-0.0129418 -0.00161837 -0.0595439
-0.0271604 -0.00294566 -0.0592854
-0.0360799 -0.00414418 -0.0581653
-0.0422945 -0.00536004 -0.055951
-0.0497356 -0.00648431 -0.053191
-0.059867 -0.00736779 -0.0511905
-0.07431 -0.00816614 -0.051163
-0.0911424 -0.00883788 -0.0526037
-0.102406 -0.00904451 -0.0534699
-0.10301 -0.00899465 -0.0525893
-0.0959068 -0.00935502 -0.0508105
-0.0848754 -0.0101659 -0.049571
-0.0717711 -0.0107453 -0.0495754
-0.060392 -0.0105232 -0.0508838
-0.0545747 -0.00940969 -0.0531394
-0.0548522 -0.00772394 -0.0556749
-0.0583363 -0.00608437 -0.0579024
-0.0614363 -0.00496962 -0.059372
-0.0628276 -0.00427716 -0.0594436
-0.0618225 -0.00352888 -0.0575961
-0.0583078 -0.00250375 -0.054409
-0.0556434 -0.00158425 -0.0516816
-0.0578905 -0.00122349 -0.0508932
-0.064467 -0.00121527 -0.0518275
-0.0725004 -0.00108101 -0.0533358
-0.0824401 -0.000873189 -0.0548294
-0.0952534 -0.00103819 -0.0561553
-0.106963 -0.00191127 -0.0568063
-0.112686 -0.00367578 -0.0561267
-0.110892 -0.00628212 -0.0537643
-0.10149 -0.00917161 -0.0499054
-0.0872936 -0.0116313 -0.0458443
-0.0753161 -0.0134364 -0.0439011
-0.0701938 -0.0146553 -0.0456817
-0.0680099 -0.0151561 -0.050418
-0.0638301 -0.0147628 -0.0555587
-0.060698 -0.013581 -0.0588704
-0.0634582 -0.0119528 -0.0597955
-0.072018 -0.0103022 -0.0591891
-0.085477 -0.00896222 -0.0579
-0.103123 -0.00780938 -0.0554956
-0.119769 -0.0063863 -0.0510144
-0.130275 -0.00481638 -0.0452514
-0.136395 -0.00387836 -0.0410212
-0.141589 -0.00380324 -0.0404417
-0.143815 -0.0039399 -0.0431103
-0.138578 -0.00385038 -0.0473414
-0.124677 -0.00388899 -0.051768
-0.103824 -0.0045795 -0.055423
-0.0765833 -0.00604179 -0.057689
-0.0428129 -0.00803242 -0.0586966
-0.00581377 -0.0100154 -0.0590018
0.0292871 -0.0111203 -0.0588329
0.0607074 -0.0106228 -0.0585203
0.0901655 -0.00873659 -0.05943
0.117928 -0.00624676 -0.0628985
0.142335 -0.00311604 -0.0680348
0.162488 0.00154014 -0.0724404
0.176032 0.00777591 -0.0754193
0.178944 0.0143121 -0.0783236
0.16961 0.0200869 -0.0813542
0.150659 0.0250853 -0.0823645
0.127086 0.0293122 -0.0796406
0.103595 0.0321224 -0.0741215
0.0814319 0.0329636 -0.0681115
0.0569705 0.032017 -0.0631508
0.0283999 0.0296734 -0.0599012
0.000968207 0.0258239 -0.058784
-0.0206978 0.0202097 -0.0594115
-0.0411496 0.0131839 -0.0600795
-0.0703739 0.00543732 -0.0592587
-0.114184 -0.00297306 -0.0572969
-0.169449 -0.0124728 -0.0551192
-0.225754 -0.0227561 -0.0515044
-0.269351 -0.0327193 -0.0437602
-0.29119 -0.0417189 -0.0317115
-0.29655 -0.0498316 -0.0193081
-0.300088 -0.0565939 -0.0115341
-0.309911 -0.0605793 -0.0109249
-0.32327 -0.0608521 -0.0170434
-0.33484 -0.0579375 -0.0271806
-0.341158 -0.0529296 -0.0369451
-0.338126 -0.0467445 -0.0424472
-0.324163 -0.0403959 -0.0431044
-0.303847 -0.0345476 -0.0409655
-0.279617 -0.0285319 -0.037455
-0.248077 -0.0211771 -0.0330745
-0.210602 -0.0127875 -0.0298679
-0.174884 -0.00488397 -0.031076
-0.139868 0.00188954 -0.0379256
-0.095335 0.00803678 -0.0487354
-0.0399058 0.0138008 -0.0608541
0.019628 0.018862 -0.071795
0.0820533 0.0227929 -0.0795906
0.147405 0.0248893 -0.0838648
0.210248 0.0246745 -0.085561
0.268466 0.0232026 -0.0850565
0.325623 0.0224415 -0.082528
0.377697 0.0231691 -0.0801939
0.412456 0.0247788 -0.0814556
0.425318 0.0267996 -0.0873163
0.42119 0.0293795 -0.0953709
0.40219 0.0325711 -0.102117
0.367161 0.0359857 -0.10504
0.318585 0.0388886 -0.103177
0.257722 0.0402557 -0.0969516
0.182445 0.0392754 -0.0873587
0.0976998 0.0360219 -0.0750962
0.0149882 0.031123 -0.0611313
-0.0609503 0.0248478 -0.0478748
-0.132174 0.0170456 -0.0384211
-0.19807 0.00767217 -0.0343164
-0.256945 -0.00306601 -0.0346085
-0.310485 -0.0147589 -0.0367094
-0.359447 -0.0269032 -0.0378541
-0.401599 -0.0392565 -0.0364142
-0.434673 -0.0517988 -0.0321689
-0.453648 -0.0641011 -0.0253935
-0.448016 -0.075093 -0.016509
-0.407154 -0.0834768 -0.00707467
-0.32527 -0.0880533 -0.000503109
-0.199798 -0.0878353 -0.00112577
-0.0285082 -0.0820577 -0.0120857
0.191101 -0.07001 -0.0336729
0.459974 -0.0511388 -0.0635008
0.774868 -0.0254736 -0.0982227
1.12791 0.00639445 -0.1351
1.50887 0.0437604 -0.172414
1.90902 0.0860317 -0.209035
2.32335 0.132754 -0.24396
2.74971 0.1835 -0.276658
3.18686 0.237476 -0.30807
3.63262 0.293356 -0.340738
4.08229 0.349799 -0.377234
4.52884 0.405964 -0.41837
4.96445 0.461152 -0.462983
5.37953 0.514076 -0.5089
5.758 0.562867 -0.553472
6.07279 0.60578 -0.59337
6.28676 0.641577 -0.624866
6.35888 0.66919 -0.644834
6.25204 0.687172 -0.651072
5.941 0.693485 -0.641319
5.41552 0.685619 -0.612407
4.67892 0.660812 -0.561012
3.74825 0.616321 -0.48559
2.65143 0.549863 -0.38773
1.42293 0.460124 -0.27181
0.0985281 0.347076 -0.14355
-1.27605 0.211811 -0.00891833
-2.61784 0.056105 0.126053
-3.82773 -0.117442 0.255638
-4.8439 -0.303965 0.375618
-5.64348 -0.494864 0.482461
-6.22565 -0.679717 0.569068
-6.61452 -0.849797 0.624492
-6.84991 -0.99698 0.643444
-6.96343 -1.11154 0.6344
-6.98286 -1.18567 0.61303
-6.95224 -1.21725 0.58994
-6.91978 -1.20754 0.569095
-6.91883 -1.15773 0.553386
-6.96431 -1.06975 0.545768
-7.04489 -0.948816 0.546684
-7.12658 -0.803798 0.553032
-7.17446 -0.645612 0.55906
-7.16142 -0.48513 0.557422
-7.06565 -0.332197 0.540319
-6.87111 -0.195627 0.502863
-6.56159 -0.082474 0.447067
-6.11304 0.00172273 0.38068
-5.50162 0.0516078 0.311617
-4.71776 0.0641585 0.245547
-3.7687 0.0428673 0.186633
-2.68195 -0.00268768 0.135012
-1.5097 -0.0612018 0.0835669
-0.314179 -0.121841 0.0218423
0.852942 -0.173817 -0.0555592
1.95249 -0.207046 -0.145647
2.94889 -0.21373 -0.24043
3.81352 -0.188772 -0.331374
4.53232 -0.129933 -0.411586
5.09879 -0.0383657 -0.47614
5.50871 0.0817987 -0.521526
5.76812 0.224602 -0.546026
5.89515 0.38249 -0.552327
5.90893 0.54606 -0.549124
5.82599 0.705007 -0.547398
5.66287 0.849366 -0.553804
5.42822 0.96948 -0.567677
5.11877 1.05569 -0.58314
4.72908 1.09903 -0.592488
4.26096 1.09262 -0.587883
3.72685 1.03334 -0.561518
3.14578 0.92264 -0.506665
2.5382 0.765694 -0.421143
1.92241 0.570264 -0.310861
1.3101 0.346637 -0.189468
0.707479 0.107799 -0.0733907
0.122365 -0.13117 0.0244689
-0.433396 -0.355104 0.0981443
-0.951029 -0.5515 0.147984
-1.43048 -0.711777 0.178711
-1.87548 -0.830344 0.198118
-2.28816 -0.903332 0.215123
-2.66833 -0.92854 0.236779
-3.01386 -0.906086 0.265855
-3.32439 -0.838998 0.299801
-3.60091 -0.733503 0.33128
-3.83731 -0.59843 0.350852
-4.01641 -0.443885 0.351128
-4.11351 -0.280282 0.329897
-4.10335 -0.118366 0.290106
-3.96901 0.0303688 0.2374
-3.70531 0.154575 0.178221
-3.31261 0.245556 0.119432
-2.79189 0.299062 0.0673246
-2.14921 0.315183 0.0251043
-1.4035 0.297514 -0.00880173
-0.586357 0.252296 -0.0400008
0.26593 0.187583 -0.0756565
1.11902 0.112678 -0.121188
1.94293 0.0377965 -0.177395
2.70799 -0.026794 -0.240102
3.38174 -0.0724998 -0.30277
3.93613 -0.0938729 -0.359498
4.3538 -0.0885148 -0.405532
4.62961 -0.0557592 -0.436064
4.77194 0.00410319 -0.447181
4.79785 0.0888467 -0.439767
4.72177 0.193152 -0.421481
4.54953 0.309539 -0.403016
4.28847 0.430022 -0.392112
3.95559 0.546091 -0.39099
3.57185 0.648097 -0.397155
3.15905 0.726154 -0.404397
2.73877 0.771737 -0.404383
2.32412 0.778406 -0.389901
1.91678 0.742626 -0.357269
1.51758 0.665051 -0.306497
1.13128 0.550241 -0.241226
0.757018 0.405078 -0.168697
0.38698 0.238065 -0.0976079
0.0165034 0.0592546 -0.0347316
-0.355228 -0.120648 0.0166777
-0.732408 -0.291462 0.0568124
-1.12161 -0.444036 0.0890766
-1.5254 -0.570759 0.118936
-1.94205 -0.666357 0.151438
-2.36826 -0.727907 0.189385
-2.79471 -0.754051 0.233062
-3.20135 -0.7448 0.279885
-3.5637 -0.702247 0.323748
-3.86175 -0.630888 0.356339
-4.07808 -0.536852 0.370658
-4.19344 -0.427224 0.363483
-4.19215 -0.310131 0.33526
-4.06699 -0.194277 0.289626
-3.81544 -0.0875717 0.233298
-3.43909 0.00360208 0.174224
-2.94843 0.07433 0.118505
-2.36205 0.121804 0.0691504
-1.70241 0.146312 0.0266346
-0.996541 0.150899 -0.0110619
-0.275946 0.140032 -0.0483776
0.430016 0.11883 -0.0899867
1.10109 0.0928895 -0.137693
1.72473 0.0677538 -0.189422
2.28984 0.0481265 -0.240701
2.78488 0.0376509 -0.286664
3.20021 0.0391331 -0.323505
3.52936 0.0544098 -0.349447
3.76924 0.0840795 -0.364831
3.92264 0.127654 -0.371293
3.99803 0.18361 -0.371369
4.0025 0.249006 -0.36887
3.93654 0.31952 -0.368157
3.79788 0.390198 -0.371795
3.58701 0.455835 -0.378862
3.30735 0.510711 -0.385267
2.96455 0.548805 -0.385105
2.56757 0.564773 -0.372286
2.12891 0.554813 -0.342666
1.66363 0.517098 -0.295841
1.18995 0.452124 -0.235175
0.730551 0.3628 -0.166448
0.309611 0.253898 -0.0966841
-0.0539566 0.131282 -0.033295
-0.353416 0.00167714 0.0174427
-0.598957 -0.127293 0.052195
-0.814941 -0.247735 0.0712562
-1.03046 -0.352799 0.078083
-1.26948 -0.437625 0.0789024
-1.5425 -0.49928 0.0822632
-1.84312 -0.536304 0.0968134
-2.153 -0.548621 0.127277
-2.45188 -0.537343 0.171528
-2.72362 -0.504172 0.221102
-2.95611 -0.451315 0.26426
-3.14141 -0.382201 0.289733
-3.27567 -0.301883 0.290479
-3.35711 -0.216611 0.266313
-3.38674 -0.133332 0.223685
-3.36974 -0.0592933 0.173075
-3.31238 -0.00114579 0.126152
-3.21664 0.0361997 0.0934347
-3.07907 0.0501416 0.0816399
-2.89582 0.0404952 0.091177
-2.66679 0.00957426 0.115461
-2.3949 -0.0378746 0.142797
-2.0841 -0.0953463 0.160054
-1.73998 -0.155753 0.15703
-1.37133 -0.212423 0.130099
-0.989213 -0.259757 0.083246
-0.60741 -0.293746 0.0257835
-0.246242 -0.311987 -0.0312437
0.0701926 -0.312919 -0.0776509
0.324748 -0.295272 -0.106077
0.512556 -0.258694 -0.114204
0.636996 -0.204493 -0.10567
0.707499 -0.135193 -0.08835
0.740431 -0.0538973 -0.0717907
0.753678 0.0353854 -0.0653552
0.758754 0.127483 -0.0757999
0.760047 0.216614 -0.104122
0.758301 0.296713 -0.144694
0.752086 0.361239 -0.187853
0.740565 0.403897 -0.223104
0.728704 0.420435 -0.241173
0.726631 0.409713 -0.236356
0.742357 0.373282 -0.209338
0.778238 0.314727 -0.167837
0.8351 0.239505 -0.123803
0.915614 0.154588 -0.0892208
1.0216 0.0675248 -0.0727082
1.15065 -0.0144643 -0.0773181
1.29601 -0.0851029 -0.100017
1.4434 -0.139677 -0.133335
1.56467 -0.175342 -0.167951
1.62278 -0.190579 -0.19459
1.58676 -0.184698 -0.205762
1.43847 -0.158411 -0.197951
1.17258 -0.114482 -0.172478
0.799465 -0.0572541 -0.133907
0.347769 0.00793966 -0.0882214
-0.141125 0.0747501 -0.0422519
-0.623253 0.136207 -0.0026386
-1.05739 0.185849 0.0263343
-1.41047 0.218374 0.0436965
-1.66433 0.229486 0.0507416
-1.81346 0.21617 0.0500462
-1.85648 0.177702 0.0454031
-1.79273 0.116157 0.0411425
-1.62669 0.0360227 0.040306
-1.3709 -0.0562708 0.0432118
-1.04158 -0.152763 0.0473161
-0.655779 -0.244667 0.0479287
-0.232858 -0.323246 0.0398624
0.208119 -0.380377 0.0198266
0.65287 -0.409223 -0.0123336
1.0886 -0.405472 -0.0545214
1.49814 -0.367985 -0.103521
1.86257 -0.29813 -0.154959
2.16792 -0.199094 -0.203642
2.40532 -0.0760754 -0.245326
2.56916 0.0636313 -0.278022
2.65997 0.211382 -0.301585
2.68579 0.357936 -0.317105
2.65919 0.493796 -0.326821
2.59347 0.609904 -0.333314
2.49919 0.698665 -0.338056
2.38193 0.754327 -0.340989
2.24245 0.77273 -0.341263
2.07861 0.751445 -0.33732
1.88839 0.690632 -0.326106
1.67097 0.593544 -0.303564
1.426 0.465888 -0.267106
1.1546 0.314974 -0.217586
0.861038 0.149595 -0.158712
0.551802 -0.0200951 -0.0952509
0.233769 -0.183434 -0.0321624
-0.0872658 -0.330444 0.0254877
-0.407905 -0.452684 0.0731383
-0.727366 -0.543704 0.107975
-1.04613 -0.599419 0.129939
-1.36531 -0.618401 0.141789
-1.68705 -0.601879 0.148108
-2.01394 -0.553524 0.153566
-2.34668 -0.479204 0.161177
-2.68082 -0.386501 0.171695
-3.00418 -0.283833 0.184496
-3.29824 -0.179674 0.198483
-3.5435 -0.0822707 0.21188
-3.72409 0.000588507 0.221768
-3.82846 0.0622345 0.224828
-3.84745 0.0979446 0.219111
-3.77308 0.105408 0.205344
-3.60014 0.0846574 0.186583
-3.32879 0.0378128 0.166526
-2.96577 -0.0309702 0.147743
-2.52437 -0.115415 0.130827
-2.02192 -0.207238 0.114688
-1.47605 -0.296751 0.0973692
-0.903446 -0.374059 0.0765673
-0.321523 -0.4304 0.0498556
0.250568 -0.458913 0.0152726
0.793178 -0.454816 -0.027721
1.28859 -0.415533 -0.0777024
1.72298 -0.341063 -0.131558
2.0866 -0.234343 -0.185249
2.37346 -0.101197 -0.234684
2.58245 0.0502505 -0.276563
2.71865 0.210464 -0.309085
2.79246 0.369419 -0.332233
2.81722 0.51738 -0.347448
2.80576 0.645325 -0.357028
2.76804 0.745133 -0.363476
2.71147 0.810035 -0.368587
2.64182 0.835401 -0.372434
2.56162 0.819351 -0.373107
2.46802 0.762849 -0.367574
2.3537 0.669372 -0.353053
2.21029 0.544489 -0.327971
2.03213 0.395633 -0.292044
1.81874 0.231962 -0.245994
1.57329 0.0638703 -0.191757
1.29811 -0.0979557 -0.133054
0.992543 -0.243561 -0.0752628
0.654958 -0.364526 -0.0240182
0.2854 -0.454528 0.0168981
-0.115241 -0.509688 0.0470196
-0.546607 -0.528821 0.068951
-1.00677 -0.513687 0.0865662
-1.4902 -0.468963 0.10321
-1.98604 -0.401528 0.121348
-2.47464 -0.319294 0.143037
-2.92896 -0.230482 0.169372
-3.32318 -0.143457 0.198883
-3.63759 -0.0662089 0.227002
-3.85536 -0.00543161 0.247666
-3.96076 0.034038 0.255882
-3.94285 0.0494092 0.249803
-3.79707 0.0400487 0.231289
-3.52535 0.00726066 0.204366
-3.13949 -0.0460521 0.172874
-2.66062 -0.115083 0.139692
-2.11211 -0.19263 0.107376
-1.51459 -0.269773 0.0778802
-0.888193 -0.337464 0.0511502
-0.254636 -0.387611 0.0246625
0.365427 -0.413341 -0.00529921
0.95419 -0.409223 -0.0419598
1.49469 -0.371843 -0.0869088
1.97149 -0.30041 -0.13942
2.37459 -0.1972 -0.196471
2.69935 -0.0677333 -0.253656
2.94426 0.0798202 -0.306152
3.11301 0.236061 -0.349293
3.2164 0.391489 -0.379668
3.26786 0.536716 -0.396803
3.2784 0.662645 -0.403503
3.25696 0.761283 -0.404025
3.21091 0.82654 -0.401984
3.14379 0.854478 -0.399513
3.05432 0.843349 -0.397052
2.93777 0.793694 -0.393096
2.78764 0.708211 -0.38437
2.59764 0.59145 -0.366737
2.36457 0.449685 -0.336386
2.0897 0.290966 -0.291093
1.77719 0.124805 -0.231627
1.43095 -0.0387 -0.162577
1.05253 -0.189778 -0.0913756
0.64189 -0.319617 -0.0257294
0.199699 -0.421097 0.0287082
-0.271312 -0.489703 0.06934
-0.766746 -0.523997 0.0968575
-1.28038 -0.525357 0.115075
-1.80305 -0.497558 0.129784
-2.32255 -0.446471 0.146662
-2.82402 -0.379439 0.169419
-3.28941 -0.304282 0.198909
-3.69772 -0.228549 0.232819
-4.02791 -0.159179 0.265985
-4.2617 -0.102125 0.291924
-4.38419 -0.0618689 0.305133
-4.38487 -0.0412942 0.30271
-4.26011 -0.0417834 0.284807
-4.01381 -0.0630659 0.254471
-3.65538 -0.102907 0.21696
-3.19813 -0.157137 0.178137
-2.65919 -0.220001 0.142527
-2.05861 -0.284468 0.112121
-1.41782 -0.342605 0.0861126
-0.760229 -0.38632 0.061164
-0.111861 -0.408318 0.0323724
0.501677 -0.402897 -0.00484549
1.05893 -0.366608 -0.0527178
1.54346 -0.298849 -0.110026
1.94419 -0.2021 -0.172227
2.25698 -0.0815884 -0.232594
2.48371 0.0553609 -0.284158
2.62965 0.200088 -0.321798
2.70409 0.343447 -0.343548
2.72217 0.476538 -0.350837
2.70349 0.591191 -0.347846
2.66794 0.680435 -0.340139
2.63136 0.738986 -0.333
2.60186 0.763529 -0.330133
2.5771 0.752767 -0.33288
2.54589 0.707413 -0.339682
2.49321 0.630133 -0.346001
2.40451 0.525369 -0.345279
2.2682 0.399075 -0.330977
2.07752 0.258492 -0.298889
1.83229 0.11191 -0.248798
1.53861 -0.0317509 -0.184848
1.2057 -0.163585 -0.114529
0.84286 -0.275494 -0.046691
0.457959 -0.361042 0.0105598
0.0566554 -0.416237 0.0515768
-0.357686 -0.439911 0.0745636
-0.78139 -0.433549 0.0823893
-1.20775 -0.400944 0.0819175
-1.6277 -0.347912 0.0815974
-2.03124 -0.281724 0.0885188
-2.40639 -0.210086 0.106278
-2.73772 -0.140182 0.134048
-3.00723 -0.0781298 0.166928
-3.19669 -0.0286833 0.197608
-3.29068 0.00486517 0.218656
-3.2802 0.0205218 0.224394
-3.16455 0.0174604 0.212197
-2.95044 -0.0037967 0.183412
-2.64962 -0.0411305 0.143418
-2.27718 -0.0909199 0.100161
-1.85111 -0.148447 0.0614841
-1.39149 -0.208202 0.032637
-0.918092 -0.263951 0.0149575
-0.447662 -0.308961 0.00579981
0.00708561 -0.336668 -0.00052501
0.436996 -0.341558 -0.0109087
0.834966 -0.319998 -0.0312324
1.19349 -0.270858 -0.0646176
1.50353 -0.195738 -0.110505
1.75622 -0.0986544 -0.164566
1.94561 0.0144851 -0.219605
2.06946 0.136343 -0.267466
2.12856 0.258668 -0.301278
2.12697 0.373047 -0.317247
2.07281 0.471747 -0.315557
1.97771 0.548396 -0.300175
1.85493 0.59838 -0.277484
1.71748 0.618954 -0.254182
1.57616 0.609046 -0.235338
1.43721 0.568983 -0.223169
1.30108 0.500527 -0.216527
1.16382 0.407118 -0.211261
1.01934 0.29388 -0.201691
0.860432 0.167238 -0.182705
0.680075 0.0344937 -0.151422
0.473543 -0.0965111 -0.107988
0.239957 -0.217857 -0.0557175
-0.0175533 -0.322156 -0.000573378
-0.292229 -0.403129 0.0502863
-0.574827 -0.456179 0.0904956
-0.855718 -0.47897 0.116129
-1.12637 -0.471811 0.126519
-1.37972 -0.437527 0.124247
-1.61104 -0.380893 0.114323
-1.81838 -0.30797 0.102608
-1.99973 -0.225569 0.0939711
-2.1503 -0.140802 0.091006
-2.26255 -0.0605195 0.0938078
-2.3271 0.00935028 0.100464
-2.33408 0.0642284 0.107555
-2.2757 0.100956 0.110687
-2.14816 0.117864 0.105699
-1.95175 0.11491 0.0903912
-1.69071 0.0935594 0.0655583
-1.37408 0.0564923 0.0346236
-1.0158 0.00744702 0.0023198
-0.633255 -0.0488142 -0.0268574
-0.244843 -0.106668 -0.0499203
0.132431 -0.160021 -0.0659859
0.484774 -0.202847 -0.0761367
0.802449 -0.229806 -0.0829137
1.07915 -0.236853 -0.0897641
1.3101 -0.221673 -0.1003
1.49144 -0.183817 -0.117125
1.62177 -0.124674 -0.140677
1.70323 -0.0475323 -0.168925
1.74049 0.0424286 -0.198034
1.73911 0.138644 -0.223467
1.70438 0.234037 -0.241256
1.64082 0.321789 -0.249278
1.55349 0.395834 -0.247885
1.44935 0.451209 -0.239371
1.33664 0.484271 -0.226724
1.22323 0.492761 -0.212626
1.11538 0.475832 -0.199061
1.01697 0.434148 -0.187116
0.929384 0.370049 -0.176678
0.851417 0.287494 -0.166311
0.778979 0.191644 -0.153771
0.705306 0.0883591 -0.137005
0.622681 -0.0161252 -0.11507
0.5243 -0.115409 -0.0885777
0.405097 -0.203234 -0.0595252
0.262322 -0.273965 -0.0306483
0.0959867 -0.323244 -0.00471425
-0.091337 -0.348627 0.0160065
-0.295094 -0.349812 0.0302256
-0.509229 -0.328374 0.0380632
-0.726344 -0.287363 0.0410108
-0.938025 -0.231068 0.0412456
-1.13572 -0.164855 0.0407655
-1.3115 -0.0947732 0.0409285
-1.45769 -0.026918 0.0423803
-1.56571 0.0331853 0.0449642
-1.62664 0.0809903 0.0476254
-1.63349 0.113214 0.0487009
-1.5828 0.128019 0.0465657
-1.47537 0.124973 0.0401576
-1.31646 0.104907 0.0292444
-1.11457 0.0699387 0.0146338
-0.879117 0.0235036 -0.0018642
-0.619581 -0.029929 -0.0180542
-0.346477 -0.0853579 -0.0322021
-0.071264 -0.137601 -0.0434876
0.194944 -0.181551 -0.0520879
0.441377 -0.212573 -0.0591803
0.656975 -0.226925 -0.0666582
0.832195 -0.222094 -0.0764
0.961433 -0.197154 -0.0895107
1.04267 -0.153097 -0.105892
1.07619 -0.0927593 -0.124072
1.06467 -0.0203683 -0.141458
1.01328 0.0588793 -0.155293
0.928473 0.139134 -0.163754
0.817423 0.214402 -0.166247
0.689198 0.27914 -0.163023
0.55486 0.328603 -0.154978
0.425307 0.359005 -0.143726
0.3094 0.367821 -0.131294
0.213465 0.354161 -0.119434
0.140606 0.318803 -0.109137
0.0902102 0.26393 -0.100513
0.0594725 0.192933 -0.092757
0.0453396 0.110283 -0.0843545
0.0440113 0.0212888 -0.0737922
0.0497338 -0.0682145 -0.0603704
0.0554263 -0.152157 -0.0445414
0.0537581 -0.224658 -0.0278041
0.0375867 -0.280647 -0.0123467
0.00127902 -0.316399 -0.00036804
-0.057436 -0.329795 0.00673447
-0.13757 -0.32045 0.00877877
-0.236797 -0.289759 0.00663525
-0.352427 -0.240769 0.00181898
-0.480368 -0.177888 -0.00389925
-0.613855 -0.106507 -0.00885771
-0.743537 -0.0325602 -0.0118154
-0.858289 0.0380298 -0.0121718
-0.946336 0.0998838 -0.0101993
-0.997529 0.148516 -0.00723843
-1.00598 0.180578 -0.0054188
-0.970422 0.19414 -0.00674313
-0.892558 0.188821 -0.012171
-0.776359 0.165612 -0.0213535
-0.628484 0.126653 -0.0328555
-0.457623 0.0752 -0.0445151
-0.273292 0.0155443 -0.0540599
-0.0854499 -0.0473237 -0.0599361
0.0962246 -0.108093 -0.0617951
0.263862 -0.161452 -0.0604228
0.411961 -0.202535 -0.0574971
0.536677 -0.227449 -0.055322
0.635132 -0.233614 -0.0562489
0.705361 -0.219889 -0.0618628
0.746548 -0.186695 -0.0724641
0.759184 -0.136129 -0.0870625
0.744968 -0.0718598 -0.103616
0.706916 0.0012874 -0.119402
0.649704 0.0778563 -0.131724
0.579483 0.152182 -0.138829
0.503311 0.218819 -0.14041
0.428719 0.273043 -0.137402
0.363262 0.311186 -0.131494
0.313337 0.330718 -0.124739
0.282767 0.330325 -0.119033
0.272561 0.310077 -0.115462
0.281418 0.271463 -0.113954
0.305773 0.217155 -0.113453
0.339947 0.15078 -0.112292
0.377137 0.0767864 -0.108608
0.410146 0.000213026 -0.100998
0.43132 -0.0736986 -0.0892139
0.43319 -0.139855 -0.074344
0.409768 -0.193629 -0.0583466
0.357004 -0.231307 -0.0434189
0.272736 -0.250561 -0.0314516
0.157246 -0.250699 -0.0235176
0.0137504 -0.232637 -0.019527
-0.152138 -0.198765 -0.0183009
-0.332989 -0.152707 -0.0180248
-0.519425 -0.0989807 -0.0168423
-0.70031 -0.0425886 -0.0134145
-0.863918 0.0114446 -0.0073327
-0.999269 0.0585367 0.000726499
-1.0968 0.0949419 0.00915366
-1.149 0.117992 0.0158235
-1.1513 0.12619 0.0187117
-1.1028 0.119231 0.0165851
-1.00644 0.0979924 0.00946683
-0.869105 0.0644524 -0.00141193
-0.700963 0.0215324 -0.014098
-0.513416 -0.0270886 -0.0264946
-0.317038 -0.0771932 -0.0368184
-0.121003 -0.124315 -0.043959
0.066457 -0.164078 -0.0477851
0.23779 -0.192555 -0.0493282
0.386172 -0.206613 -0.05065
0.505859 -0.204217 -0.0541964
0.593357 -0.184622 -0.0617818
0.648514 -0.148525 -0.0737734
0.673899 -0.0981404 -0.0889771
0.673134 -0.0370696 -0.105166
0.650108 0.0301252 -0.119848
0.609085 0.0984623 -0.130958
0.554811 0.163003 -0.137313
0.492661 0.219204 -0.138723
0.428467 0.263167 -0.135869
0.367443 0.291821 -0.130113
0.313336 0.3031 -0.123191
0.268829 0.296146 -0.116682
0.236003 0.271406 -0.111424
0.215546 0.230543 -0.107206
0.205488 0.176222 -0.102926
0.201181 0.111889 -0.0971577
0.19676 0.041589 -0.0888084
0.18694 -0.0301792 -0.0774956
0.16796 -0.0986428 -0.0635325
0.137643 -0.159103 -0.0477929
0.0948012 -0.207448 -0.0317147
0.0382121 -0.240635 -0.0172532
-0.0335843 -0.256882 -0.00640279
-0.120952 -0.255613 -0.000403441
-0.221823 -0.237453 0.000758467
-0.331958 -0.204343 -0.00176122
-0.446305 -0.159506 -0.0061264
-0.56 -0.107102 -0.0103651
-0.668291 -0.0517319 -0.0129555
-0.765965 0.00204061 -0.0132737
-0.847167 0.0500909 -0.0116186
-0.905655 0.0890043 -0.00889663
-0.935467 0.11615 -0.00632221
-0.931864 0.129691 -0.00520144
-0.891875 0.128759 -0.00657174
-0.814491 0.113732 -0.0107645
-0.70133 0.0862861 -0.0173182
-0.557632 0.0491062 -0.0253365
-0.392197 0.00553603 -0.033874
-0.215842 -0.0406554 -0.042077
-0.0395244 -0.0854505 -0.0492506
0.127204 -0.124815 -0.055006
0.27761 -0.155006 -0.0594151
0.408116 -0.172943 -0.0630588
0.51691 -0.176555 -0.0668938
0.602746 -0.164961 -0.0719376
0.665239 -0.138459 -0.0789294
0.705189 -0.0984756 -0.0881465
0.723996 -0.0474943 -0.0993498
0.72325 0.0110951 -0.111742
0.704946 0.0732105 -0.124024
0.671382 0.134344 -0.134682
0.62516 0.189943 -0.142355
0.57007 0.235883 -0.146113
0.511259 0.268817 -0.145644
0.453852 0.286363 -0.141321
0.40171 0.28722 -0.134051
0.356979 0.271237 -0.124988
0.319758 0.239403 -0.115268
0.288174 0.19377 -0.105762
0.259136 0.137338 -0.0968026
0.228845 0.073799 -0.0880761
0.192785 0.00720716 -0.0788028
0.146164 -0.0583357 -0.0681235
0.0849745 -0.118907 -0.0554862
0.00691643 -0.170936 -0.0408946
-0.0881421 -0.211386 -0.0249672
-0.198086 -0.237991 -0.00884345
-0.318795 -0.249513 0.00601969
-0.444854 -0.245871 0.0181463
-0.57038 -0.228112 0.026384
-0.689271 -0.198252 0.0301795
-0.795377 -0.159081 0.029688
-0.883426 -0.113967 0.0256952
-0.94958 -0.0666275 0.0194096
-0.990762 -0.0208395 0.012169
-1.00442 0.0198794 0.00510849
-0.989053 0.0526063 -0.00107886
-0.944093 0.0753104 -0.00621842
-0.869572 0.0869585 -0.0106697
-0.766723 0.0874279 -0.0152531
-0.638588 0.0774433 -0.0208978
-0.489581 0.0585728 -0.028164
-0.325103 0.0331012 -0.0370672
-0.151565 0.00377039 -0.0472323
0.0239557 -0.0264526 -0.0580315
0.194154 -0.0545584 -0.0686295
0.352045 -0.077716 -0.0781543
0.491731 -0.0935147 -0.0860182
0.608933 -0.10014 -0.0921409
0.701146 -0.0964571 -0.0969153
0.767544 -0.082077 -0.10103
0.80853 -0.0574692 -0.10529
0.825247 -0.024022 -0.110379
0.819701 0.0160747 -0.116551
0.794865 0.0600253 -0.12348
0.754093 0.104614 -0.130362
0.70072 0.146456 -0.136126
0.638087 0.182316 -0.139651
0.569256 0.209348 -0.140054
0.496703 0.225291 -0.136956
0.422403 0.228674 -0.13052
0.347944 0.218973 -0.121321
0.274488 0.196602 -0.110199
0.202855 0.162813 -0.0980854
0.133696 0.119567 -0.0857645
0.0673995 0.06942 -0.073653
0.00377262 0.0153674 -0.0617834
-0.0581623 -0.0393505 -0.0500066
-0.119885 -0.091471 -0.0382405
-0.182703 -0.137912 -0.0265875
-0.247285 -0.175962 -0.0153263
-0.313662 -0.203466 -0.00487006
-0.381508 -0.218978 0.0042541
-0.45031 -0.221861 0.0114148
-0.519303 -0.212356 0.0159582
-0.5872 -0.191566 0.017441
-0.651688 -0.161367 0.0159149
-0.709019 -0.124263 0.0120101
-0.754463 -0.0832305 0.00669895
-0.783441 -0.0414748 0.00091386
-0.792232 -0.00210029 -0.00473113
-0.778098 0.0321983 -0.0100504
-0.739435 0.0593111 -0.0152626
-0.675888 0.0778009 -0.0208216
-0.588048 0.0869607 -0.0271715
-0.477277 0.086814 -0.0345904
-0.346074 0.0780776 -0.0431401
-0.198321 0.0621423 -0.0526151
-0.0393443 0.0410097 -0.0625355
0.124 0.0170967 -0.0722984
0.283756 -0.00702856 -0.0813949
0.432057 -0.0288608 -0.0895007
0.56248 -0.0461129 -0.0964312
0.670673 -0.0568648 -0.102103
0.753848 -0.0597252 -0.106574
0.810119 -0.0539784 -0.110089
0.838699 -0.0396732 -0.113061
0.840563 -0.0176439 -0.115926
0.818585 0.0105616 -0.118892
0.77704 0.0428599 -0.121738
0.720718 0.0768186 -0.123895
0.653621 0.10978 -0.124837
0.578277 0.139024 -0.12437
0.496806 0.162055 -0.122507
0.412344 0.176868 -0.119178
0.329032 0.182052 -0.114172
0.250745 0.176829 -0.107314
0.179906 0.161121 -0.0987005
0.117306 0.135595 -0.0888216
0.0627325 0.101652 -0.0784563
0.0157414 0.0613534 -0.0683102
-0.0238439 0.017278 -0.0586933
-0.0564455 -0.0277417 -0.0495861
-0.0841561 -0.0709184 -0.0410059
-0.111327 -0.109663 -0.0332012
-0.14306 -0.141612 -0.0264825
-0.182873 -0.164765 -0.0209776
-0.231637 -0.17777 -0.0165628
-0.287739 -0.180124 -0.0129145
-0.347712 -0.172169 -0.00966929
-0.407521 -0.154964 -0.00673312
-0.46369 -0.130112 -0.00449808
-0.513178 -0.0995592 -0.00367201
-0.55273 -0.0654689 -0.00487133
-0.578904 -0.030231 -0.00834384
-0.588766 0.00358288 -0.0139064
-0.580444 0.0334759 -0.0209852
-0.553207 0.0573751 -0.028766
-0.507511 0.073852 -0.0364633
-0.445129 0.0821598 -0.0435161
-0.368929 0.0822011 -0.0495626
-0.282247 0.0744879 -0.054364
-0.188634 0.0600712 -0.0578848
-0.0919145 0.0404867 -0.0604029
0.00428227 0.0177267 -0.0624198
0.0968505 -0.00589984 -0.0644473
0.18259 -0.0280812 -0.0668601
0.257729 -0.0467992 -0.0697955
0.318628 -0.0604502 -0.0730907
0.362619 -0.0678828 -0.0763794
0.388132 -0.0684386 -0.0792856
0.394854 -0.0619679 -0.0815045
0.383861 -0.0488506 -0.0827952
0.357159 -0.0300512 -0.0830569
0.317202 -0.00709228 -0.082436
0.267036 0.0181422 -0.0812844
0.210662 0.0436572 -0.0799955
0.152699 0.0674976 -0.0788728
0.0975844 0.0878041 -0.0780596
0.0491317 0.102882 -0.0774897
0.0104813 0.111341 -0.0769041
-0.016126 0.112271 -0.0759713
-0.029871 0.105399 -0.0744275
-0.0314432 0.091164 -0.0721546
-0.0225984 0.0706354 -0.0692318
-0.00588654 0.0453084 -0.0659514
0.0155493 0.016944 -0.0626811
0.0385533 -0.0124727 -0.0596408
0.0604279 -0.0408091 -0.0568711
0.0786008 -0.0659969 -0.0544212
0.0902353 -0.086249 -0.0524346
0.0926546 -0.100181 -0.0509984
0.0840098 -0.106905 -0.0500121
0.0637504 -0.106119 -0.0492555
0.0327721 -0.098107 -0.0485203
-0.00693081 -0.0836392 -0.047681
-0.0526568 -0.0639062 -0.0467567
-0.10113 -0.0404845 -0.0459526
-0.148645 -0.0152487 -0.0455607
-0.191452 0.00982134 -0.0457543
-0.226235 0.0328438 -0.046512
-0.250577 0.0521417 -0.0477613
-0.263093 0.0663107 -0.0494937
-0.263007 0.0743449 -0.0516409
-0.249801 0.0757534 -0.0538992
-0.223322 0.070576 -0.0558005
-0.183922 0.0593489 -0.0569867
-0.132585 0.0430894 -0.0574278
-0.0710601 0.0232635 -0.0574453
-0.00177001 0.0016875 -0.057567
0.0722657 -0.0196408 -0.0583241
0.147388 -0.0387475 -0.0601015
0.219608 -0.0538736 -0.0630871
0.285012 -0.063624 -0.0672729
0.339786 -0.0670592 -0.0724202
0.380545 -0.0637198 -0.0779993
0.405012 -0.0536543 -0.0832648
0.412617 -0.0374953 -0.0875316
0.404453 -0.0164526 -0.0904088
