6.34007e-07 4.01681e-09 -0.0403818
-0.000195919 -6.42607e-07 -0.0403781
-0.000926993 -5.13102e-06 -0.0403729
-0.00213503 -1.75977e-05 -0.040404
-0.00340921 -3.73037e-05 -0.040497
-0.00476081 -5.9856e-05 -0.0405803
-0.00692942 -8.44307e-05 -0.0405934
-0.0104851 -0.000115944 -0.0406129
-0.0148519 -0.000160091 -0.0407499
-0.0185436 -0.000217338 -0.0410135
-0.0201539 -0.000278598 -0.0412703
-0.0193929 -0.000320576 -0.0413153
-0.0175566 -0.000320633 -0.0410404
-0.0163535 -0.000290338 -0.0406177
-0.0163371 -0.000283585 -0.0404765
-0.0174408 -0.000363899 -0.0408139
-0.0200493 -0.000557928 -0.0413186
-0.0240882 -0.000821467 -0.0416666
-0.0282184 -0.00104548 -0.0418194
-0.0310967 -0.00112965 -0.0418075
-0.0321102 -0.00106903 -0.0417685
-0.0302035 -0.00094333 -0.0418935
-0.0242587 -0.000816713 -0.0419924
-0.0155614 -0.000680695 -0.0415696
-0.00723107 -0.000491479 -0.0406083
-0.00136886 -0.000231803 -0.0398114
0.00152291 4.07465e-05 -0.0396863
0.00158696 0.000195208 -0.0400583
-0.000381892 0.000138354 -0.0406228
-0.00186098 -5.22818e-05 -0.0410302
0.000422538 -0.000150265 -0.0408578
0.00723721 2.45599e-05 -0.0401388
0.0160934 0.000436336 -0.0393889
0.0241914 0.000863784 -0.0390701
0.0293401 0.00107472 -0.039077
0.029142 0.000990916 -0.0390065
0.0241299 0.000739537 -0.0390569
0.0194905 0.000566706 -0.039562
0.0202134 0.000641834 -0.0399777
0.0253505 0.000906555 -0.0397159
0.0285047 0.00113807 -0.0390046
0.0256403 0.00114748 -0.0384005
0.0205505 0.000922418 -0.0385639
0.0183383 0.000597786 -0.0396103
0.016764 0.000318001 -0.0405016
0.0106656 0.000145188 -0.0404553
0.000644061 5.71445e-05 -0.0399445
-0.00954517 -2.91461e-05 -0.039846
-0.0178823 -0.00023324 -0.0406897
-0.0215796 -0.000584387 -0.0421917
-0.0193153 -0.000898603 -0.0429617
-0.0165145 -0.000939034 -0.0417501
-0.0192008 -0.000698272 -0.0396868
-0.0265701 -0.000418826 -0.0394165
-0.0350229 -0.000408228 -0.0412705
-0.0434872 -0.000837159 -0.0432504
-0.051009 -0.00153382 -0.0441017
-0.0540851 -0.00198097 -0.0435247
-0.04895 -0.00174986 -0.0418313
-0.0355862 -0.000980786 -0.0405429
-0.021001 -0.000285359 -0.0407497
-0.0154496 -0.000208021 -0.0414933
-0.0232757 -0.000798331 -0.0415178
-0.0401976 -0.00158436 -0.0413345
-0.0558363 -0.00196462 -0.0421454
-0.0598555 -0.0016936 -0.0437455
-0.0511495 -0.00103587 -0.0444044
-0.0374528 -0.00045175 -0.0429667
-0.0246945 -0.000147556 -0.0405265
-0.0132474 1.97367e-05 -0.0388165
-0.00513256 0.000248625 -0.0385207
-0.00624368 0.000475721 -0.0396694
-0.0199277 0.00042302 -0.041332
-0.0430908 -5.9345e-05 -0.0421308
-0.0670581 -0.000814754 -0.0422221
-0.0807045 -0.00147568 -0.042954
-0.0770408 -0.00169472 -0.0443566
-0.0581222 -0.00138872 -0.0445082
-0.0335145 -0.000806353 -0.0423692
-0.0146501 -0.000342456 -0.0395351
-0.00820927 -0.000278506 -0.0381344
-0.0136343 -0.000684655 -0.0391365
-0.0259689 -0.00144307 -0.0420923
-0.0424073 -0.00226809 -0.0448083
-0.0634689 -0.00281897 -0.045118
-0.0845153 -0.00289843 -0.0437119
-0.0934199 -0.00253353 -0.0433379
-0.0835727 -0.00193233 -0.0445692
-0.0633587 -0.00134671 -0.0449482
-0.0452935 -0.00086527 -0.0430552
-0.0328195 -0.0003341 -0.0401278
-0.0234522 0.000376335 -0.0379933
-0.0187373 0.00100591 -0.0379331
-0.0243954 0.00104552 -0.0400694
-0.0408458 0.000274304 -0.0426408
-0.0594596 -0.000942195 -0.0435829
-0.0703328 -0.00190734 -0.0429648
-0.067365 -0.00213339 -0.0425979
-0.0472106 -0.00166175 -0.043248
-0.0139957 -0.000972879 -0.0432545
0.0176056 -0.000582915 -0.0411536
0.0360967 -0.000621938 -0.0384521
0.0474565 -0.000747106 -0.0375703
0.0623858 -0.00052434 -0.0385227
0.0758988 6.73475e-05 -0.0394638
0.0744386 0.00063441 -0.0392752
0.0584114 0.000898081 -0.0384344
0.0442851 0.000996184 -0.0379347
0.0423238 0.00124126 -0.0384084
0.046262 0.00179604 -0.0394602
0.0495668 0.0026394 -0.0394644
0.0571558 0.00365398 -0.0374862
0.0715688 0.00459244 -0.0346791
0.0801653 0.00510793 -0.0330617
0.0711624 0.00494019 -0.0337724
0.0504639 0.00410735 -0.0362857
0.0274604 0.00286245 -0.0387654
-0.00393674 0.00144001 -0.0398125
-0.0534892 -5.33515e-05 -0.0403704
-0.111333 -0.00157428 -0.0426306
-0.153449 -0.00307667 -0.0469171
-0.167765 -0.00447932 -0.050873
-0.159675 -0.00554616 -0.051629
-0.13641 -0.00584808 -0.0484631
-0.105361 -0.00518459 -0.0434007
-0.0839662 -0.00412029 -0.0399678
-0.0913548 -0.00379099 -0.0412226
-0.12885 -0.00493531 -0.0466808
-0.180662 -0.00715358 -0.0519237
-0.230059 -0.0091478 -0.0537068
-0.261456 -0.00963212 -0.0531496
-0.257323 -0.00815902 -0.0524053
-0.211705 -0.00541782 -0.0510821
-0.14186 -0.00274623 -0.0477226
-0.0749193 -0.00103815 -0.0428809
-0.026876 -9.95018e-05 -0.0382042
-0.000303846 0.000797933 -0.0350086
0.00848052 0.00186968 -0.0352201
0.0056455 0.00259331 -0.0391082
-0.00393273 0.00240637 -0.0426273
-0.0149184 0.00137759 -0.0421502
-0.0152423 0.000317878 -0.039764
0.009794 0.000236845 -0.0390554
0.0633 0.00146558 -0.0391947
0.130614 0.00329699 -0.0375738
0.189829 0.00463548 -0.0340012
0.226125 0.00498047 -0.029978
0.236877 0.0046282 -0.0275388
0.225945 0.00411493 -0.028847
0.196642 0.00370226 -0.033753
0.152867 0.0032999 -0.0383403
0.104509 0.00278235 -0.0392148
0.0670262 0.00232748 -0.0378632
0.0510274 0.00236211 -0.037362
0.0542016 0.00310874 -0.0376894
0.0654049 0.00425868 -0.0373237
0.0720197 0.00517457 -0.0359602
0.0636728 0.00530988 -0.0340904
0.0359021 0.00446486 -0.0331812
-0.00925255 0.00278631 -0.0354466
-0.0690108 0.000560549 -0.0408447
-0.140783 -0.00198546 -0.0464849
-0.214857 -0.00465312 -0.050243
-0.273535 -0.00710726 -0.0525984
-0.299893 -0.00892592 -0.054482
-0.285253 -0.00982296 -0.0555012
-0.232584 -0.00974642 -0.0545641
-0.154561 -0.00886253 -0.0509694
-0.0649737 -0.00751241 -0.0454169
0.0276558 -0.00607847 -0.0402811
0.118984 -0.00482415 -0.0376439
0.20771 -0.00380599 -0.0371441
0.297264 -0.00279117 -0.0364759
0.396378 -0.00123862 -0.0336303
0.517705 0.00146115 -0.0285194
0.673932 0.00562468 -0.0223151
0.871443 0.0111637 -0.0153433
1.1057 0.0177574 -0.00656384
1.36386 0.0250857 0.00497966
1.63281 0.0329612 0.018701
1.90301 0.0412458 0.0324286
2.16376 0.0495802 0.0441823
2.39983 0.0572979 0.0535945
2.599 0.0637783 0.0613149
2.76083 0.0689013 0.0679526
2.89121 0.0730748 0.0736849
2.98713 0.0767914 0.0783384
3.03137 0.0801355 0.0815217
3.0033 0.0826368 0.0824857
2.89126 0.0835742 0.0802343
2.69514 0.0824824 0.0741287
2.42031 0.0794531 0.0644459
2.07369 0.0749733 0.0525186
1.66631 0.0694341 0.0396221
1.21117 0.062709 0.0256187
0.715986 0.0540778 0.00963297
0.176987 0.0425904 -0.00899525
-0.404986 0.0276475 -0.0310083
-0.985373 0.00950613 -0.0573964
-1.49642 -0.010589 -0.0865156
-1.92201 -0.031173 -0.110917
-2.3043 -0.0515772 -0.12642
-2.67626 -0.0719397 -0.140882
-3.0298 -0.0925603 -0.162178
-3.3534 -0.113349 -0.189134
-3.6555 -0.133301 -0.216754
-3.93719 -0.149957 -0.238203
-4.16449 -0.159996 -0.248464
-4.28565 -0.161308 -0.249327
-4.28319 -0.154298 -0.245835
-4.18335 -0.141187 -0.238921
-4.0102 -0.12417 -0.224197
-3.77285 -0.104159 -0.199521
-3.49671 -0.0813822 -0.169397
-3.22274 -0.0569575 -0.141363
-2.97912 -0.0336965 -0.121005
-2.78027 -0.0151514 -0.108258
-2.62963 -0.00372203 -0.0999334
-2.49617 0.000846743 -0.095015
-2.3096 0.00145481 -0.0924964
-2.00606 0.001443 -0.0885395
-1.57732 0.00199651 -0.0798602
-1.07011 0.00181955 -0.0662242
-0.545418 -0.000972501 -0.0502322
-0.0488596 -0.00696184 -0.0369908
0.387354 -0.0149083 -0.0315077
0.740471 -0.022394 -0.0336655
1.00853 -0.0270229 -0.0371564
1.22179 -0.0274137 -0.0359268
1.43378 -0.0231225 -0.0294471
1.69151 -0.0138633 -0.019023
2.00824 0.000757366 -0.00280376
2.36038 0.020777 0.0213156
2.70643 0.0451725 0.0511286
3.00526 0.0714748 0.0811682
3.22138 0.096136 0.105598
3.32076 0.11572 0.120585
3.27104 0.128266 0.126052
3.06317 0.133681 0.124014
2.73204 0.133051 0.114849
2.3448 0.127561 0.097847
1.96847 0.117809 0.0754823
1.6427 0.10405 0.0539118
1.37415 0.0868879 0.0384122
1.14713 0.0674347 0.0283028
0.932734 0.0465697 0.0172579
0.689953 0.0241616 -0.00050902
0.373749 -0.000653968 -0.0264038
-0.0399747 -0.0281961 -0.0579645
-0.534249 -0.0569395 -0.0909638
-1.05471 -0.0834822 -0.122391
-1.53025 -0.104044 -0.150694
-1.89813 -0.116209 -0.17314
-2.12137 -0.119561 -0.1849
-2.19516 -0.11501 -0.182126
-2.14676 -0.103768 -0.16612
-2.02323 -0.0870057 -0.143255
-1.87154 -0.0662643 -0.120982
-1.72925 -0.0439371 -0.103502
-1.62246 -0.0229443 -0.090149
-1.55567 -0.00552542 -0.0785783
-1.50388 0.00780116 -0.0681404
-1.42346 0.0180296 -0.0594208
-1.27381 0.026333 -0.0527086
-1.03412 0.0329122 -0.0464874
-0.709197 0.0369685 -0.0374976
-0.327107 0.0375315 -0.0243938
0.0698964 0.0343021 -0.0104764
0.440206 0.0278419 -0.00162798
0.754215 0.0191201 -0.00131765
0.995679 0.00901564 -0.00744064
1.15817 -0.00164309 -0.014952
1.25222 -0.0116086 -0.0206095
1.31701 -0.0189938 -0.0242972
1.40502 -0.0217125 -0.0265468
1.54638 -0.0183899 -0.0249254
1.73515 -0.00896727 -0.0153018
1.94707 0.00547515 0.00317078
2.15344 0.0232216 0.026843
2.3142 0.0421513 0.0493286
2.38218 0.0598506 0.0644115
2.32842 0.0741595 0.0698335
2.15935 0.0838691 0.0681216
1.91212 0.0889267 0.0630668
1.63759 0.0901406 0.0559657
1.38168 0.0885425 0.0470496
1.1697 0.0846364 0.0381507
1.00154 0.078029 0.030456
0.857196 0.0678819 0.0227187
0.704926 0.0537474 0.0131474
0.511538 0.0359007 8.91852e-05
0.253808 0.0151804 -0.0186103
-0.0734641 -0.00727617 -0.0436801
-0.455734 -0.0301948 -0.0722482
-0.862712 -0.0521332 -0.0999241
-1.25379 -0.0713599 -0.124002
-1.5848 -0.0859365 -0.143048
-1.82154 -0.0942621 -0.155083
-1.95352 -0.0957361 -0.158408
-1.99316 -0.0909652 -0.153582
-1.96405 -0.0814246 -0.14292
-1.89538 -0.0689126 -0.128944
-1.81949 -0.05515 -0.114684
-1.75947 -0.0415538 -0.103364
-1.71681 -0.0290749 -0.0958547
-1.67348 -0.0181741 -0.0901682
-1.60297 -0.00892879 -0.0843428
-1.47822 -0.00112947 -0.0777188
-1.27743 0.00557771 -0.0693865
-0.994368 0.011393 -0.0582946
-0.648453 0.0160692 -0.0450201
-0.280014 0.018981 -0.0316167
0.0691127 0.0195316 -0.0203825
0.370301 0.0175304 -0.0133911
0.610777 0.0133593 -0.0117459
0.79306 0.007971 -0.0143237
0.933532 0.00272279 -0.017779
1.05594 -0.000999554 -0.0189046
1.18292 -0.00218408 -0.0169205
1.33008 -0.000363787 -0.0124397
1.50033 0.00444596 -0.00534978
1.68088 0.0118591 0.00480118
1.84782 0.0212128 0.017273
1.97471 0.0316348 0.0299696
2.03819 0.0420265 0.0403723
2.02147 0.051114 0.0461967
1.9201 0.0577912 0.0462538
1.74726 0.0616128 0.0416303
1.53109 0.0629477 0.0349719
1.30387 0.0625902 0.0282037
1.0922 0.061135 0.0218037
0.911947 0.0585472 0.0157851
0.764614 0.0541924 0.0101627
0.637008 0.0472919 0.00446044
0.50832 0.0374876 -0.0025333
0.359443 0.0250659 -0.0120961
0.174249 0.0106839 -0.024963
-0.0638487 -0.00506391 -0.0413874
-0.363812 -0.021738 -0.0611949
-0.710826 -0.0386582 -0.0836302
-1.0637 -0.0544579 -0.106684
-1.36999 -0.067115 -0.126686
-1.58312 -0.0745246 -0.139496
-1.67388 -0.0753131 -0.142025
-1.64176 -0.0695228 -0.133615
-1.52125 -0.0588109 -0.117306
-1.37179 -0.0459005 -0.0988898
-1.25573 -0.0335183 -0.0838578
-1.21784 -0.02351 -0.0751101
-1.27352 -0.0165463 -0.0730934
-1.40515 -0.0123291 -0.0767945
-1.56566 -0.0100417 -0.0837728
-1.69261 -0.0087882 -0.0905889
-1.73001 -0.00783741 -0.0939722
-1.64685 -0.00666528 -0.0914894
-1.44646 -0.00504415 -0.082311
-1.16634 -0.00330531 -0.0682658
-0.867173 -0.00250754 -0.0540172
-0.611984 -0.00415959 -0.0450995
-0.446594 -0.00946212 -0.0445783
-0.389822 -0.0184904 -0.0518128
-0.428209 -0.0298602 -0.064087
-0.516244 -0.0410921 -0.0781427
-0.592492 -0.0495333 -0.090254
-0.605189 -0.0533308 -0.096647
-0.52622 -0.0518282 -0.095112
-0.350355 -0.0452582 -0.0853991
-0.0954832 -0.0342871 -0.0683507
0.195947 -0.0199772 -0.0464811
0.467787 -0.00396848 -0.0245061
0.670286 0.0116312 -0.00707986
0.772692 0.0247282 0.00368359
0.76512 0.0338991 0.00769576
0.661963 0.0389275 0.00552482
0.506593 0.0408416 -0.00116779
0.361906 0.0412471 -0.00913344
0.284586 0.0413704 -0.0147538
0.302311 0.0415609 -0.015493
0.408797 0.0414475 -0.0105283
0.570624 0.0403319 -0.00164127
0.737687 0.037439 0.00644086
0.857991 0.0320507 0.00855484
0.893962 0.0237311 0.00272899
0.832868 0.0126506 -0.00925916
0.690397 -0.000148461 -0.0245144
0.506095 -0.012771 -0.0406806
0.325895 -0.02296 -0.0550709
0.18289 -0.0289194 -0.0647407
0.0922686 -0.0299048 -0.0683623
0.0558887 -0.0261831 -0.066162
0.0639016 -0.0186286 -0.0586181
0.0934899 -0.00840872 -0.0473315
0.115679 0.00313731 -0.0354658
0.108487 0.0145591 -0.0257962
0.0617542 0.0243603 -0.019436
-0.0270014 0.0311522 -0.0165587
-0.155034 0.0340114 -0.0175123
-0.309849 0.0327827 -0.0223374
-0.466436 0.0279936 -0.0301572
-0.594161 0.0204742 -0.0400268
-0.666624 0.0110503 -0.0504594
-0.669253 0.000514183 -0.0587358
-0.603265 -0.0103298 -0.0628581
-0.483011 -0.020721 -0.0635841
-0.328865 -0.0300531 -0.063669
-0.163098 -0.0379588 -0.0647845
-0.0073432 -0.0442365 -0.066277
0.12543 -0.0485786 -0.0671419
0.238743 -0.0502845 -0.0667358
0.348569 -0.0483414 -0.0640098
0.470753 -0.0419395 -0.0581654
0.61417 -0.0309346 -0.0490378
0.781679 -0.0158931 -0.0362261
0.970231 0.00215444 -0.0193043
1.1683 0.021946 0.000639851
1.3572 0.0421058 0.0207108
1.51795 0.0611771 0.0382288
1.63398 0.0776246 0.0520743
1.68762 0.0899423 0.061695
1.66413 0.096959 0.066133
1.56427 0.0981808 0.0642633
1.40614 0.0938613 0.0558585
1.21196 0.084741 0.0423438
0.998026 0.0717424 0.026126
0.778035 0.0558678 0.00946267
0.567359 0.0381824 -0.0065244
0.376373 0.0197062 -0.0221873
0.201084 0.00128833 -0.0379848
0.0260266 -0.0163917 -0.0533792
-0.163493 -0.032729 -0.0676978
-0.373694 -0.0471383 -0.0810714
-0.601817 -0.0590394 -0.0942014
-0.836813 -0.067832 -0.107122
-1.06205 -0.0728949 -0.118114
-1.26096 -0.0736917 -0.124656
-1.42043 -0.0699729 -0.125486
-1.53025 -0.0619729 -0.121302
-1.58417 -0.0505125 -0.113726
-1.58484 -0.0369236 -0.103917
-1.54709 -0.0227741 -0.09229
-1.49338 -0.00952885 -0.0795223
-1.44361 0.00160947 -0.0675283
-1.40875 0.0096364 -0.0591652
-1.39088 0.0136988 -0.0564989
-1.38452 0.0132821 -0.0591186
-1.37714 0.00854675 -0.0644712
-1.35087 0.000462473 -0.0699462
-1.28695 -0.00949889 -0.0745543
-1.17318 -0.0199522 -0.0785707
-1.00998 -0.0300384 -0.0819693
-0.809832 -0.0393739 -0.0839742
-0.590482 -0.0475995 -0.0838455
-0.367661 -0.0539901 -0.0815645
-0.151896 -0.0575233 -0.0779196
0.0507142 -0.0573332 -0.0736958
0.23805 -0.0530895 -0.0686567
0.413797 -0.0449526 -0.0615743
0.586996 -0.0332124 -0.0511325
0.767398 -0.0180408 -0.0368861
0.960993 0.000354836 -0.0195808
1.16743 0.0213099 -0.000487911
1.37767 0.0434086 0.0193511
1.57357 0.0646322 0.0389103
1.732 0.082909 0.0565309
1.83283 0.0966846 0.069911
1.8656 0.10513 0.0768825
1.83035 0.107965 0.0765347
1.73339 0.105201 0.069808
1.58471 0.097096 0.0587203
1.39935 0.0842801 0.0448391
1.19712 0.0678491 0.0287069
0.997023 0.0492243 0.0107705
0.810226 0.0298303 -0.00763445
0.63632 0.0108247 -0.0246069
0.465167 -0.00697964 -0.0389682
0.28355 -0.0230395 -0.051324
0.0821843 -0.0369483 -0.0635836
-0.14158 -0.048315 -0.0768541
-0.386134 -0.0566997 -0.0899972
-0.646054 -0.0616362 -0.100634
-0.906417 -0.0627239 -0.10742
-1.1413 -0.0597787 -0.110729
-1.32393 -0.0530323 -0.110996
-1.43902 -0.0432206 -0.107674
-1.48725 -0.0314406 -0.100015
-1.4831 -0.0189487 -0.0881493
-1.44883 -0.00712632 -0.0743986
-1.40579 0.00249572 -0.0632277
-1.36896 0.00844515 -0.0580934
-1.34721 0.00974718 -0.0587234
-1.34101 0.00632604 -0.0624972
-1.33709 -0.000889065 -0.0676322
-1.31008 -0.0103313 -0.0737975
-1.23464 -0.0204909 -0.0804424
-1.09827 -0.0303794 -0.0861301
-0.903485 -0.0393796 -0.0889766
-0.661299 -0.0467808 -0.0873939
-0.386701 -0.0516262 -0.0814699
-0.0984908 -0.0530554 -0.0733461
0.182017 -0.0507549 -0.0652803
0.435179 -0.0450635 -0.0574542
0.648884 -0.0365929 -0.0484902
0.825006 -0.0256726 -0.037849
0.980258 -0.0121233 -0.0261109
1.13659 0.00437291 -0.0131799
1.30813 0.0235943 0.0018831
1.49598 0.0444208 0.0195084
1.6908 0.0650778 0.0390294
1.87579 0.0836869 0.0585347
2.02729 0.0986661 0.0749064
2.11766 0.10883 0.0850717
2.12429 0.113343 0.0876896
2.0387 0.111726 0.083148
1.86878 0.103996 0.0722336
1.63629 0.0908564 0.0557758
1.37285 0.0737251 0.035442
1.11159 0.0544515 0.0139839
0.875938 0.0348065 -0.00577184
0.673698 0.0160592 -0.0221969
0.498331 -0.00112707 -0.0353268
0.331498 -0.0165349 -0.0464783
0.147011 -0.0301591 -0.0574281
-0.078798 -0.0419649 -0.0695223
-0.353772 -0.0517025 -0.0829527
-0.665291 -0.058884 -0.0966378
-0.986119 -0.0629348 -0.108858
-1.2826 -0.0633719 -0.117901
-1.52189 -0.0599421 -0.122212
-1.68085 -0.0528013 -0.120654
-1.7541 -0.0426931 -0.11336
-1.7547 -0.030962 -0.102106
-1.70802 -0.019344 -0.0895408
-1.64455 -0.00963429 -0.0783057
-1.59229 -0.00332332 -0.0707102
-1.56794 -0.00125651 -0.0682878
-1.57037 -0.00346758 -0.0710675
-1.58166 -0.00927177 -0.0775851
-1.5742 -0.0175227 -0.0857217
-1.51863 -0.0268653 -0.0932233
-1.39174 -0.0359324 -0.0978479
-1.18468 -0.0435304 -0.0979796
-0.907907 -0.0488051 -0.0934431
-0.589188 -0.0513379 -0.0854141
-0.265313 -0.0511357 -0.0756162
0.0288948 -0.0484917 -0.0658756
0.270479 -0.0437225 -0.0576557
0.454154 -0.0368934 -0.0510867
0.592673 -0.0277166 -0.0447849
0.71172 -0.0157239 -0.036888
0.839489 -0.000630035 -0.0259213
0.995235 0.0172987 -0.0110894
1.1832 0.0370669 0.00727298
1.39264 0.0570733 0.0274076
1.60112 0.075448 0.0468309
1.77902 0.0904146 0.0632056
1.89544 0.100541 0.0744661
1.9258 0.104867 0.0788501
1.85906 0.102976 0.07531
1.70204 0.0950559 0.0639949
1.47825 0.0819603 0.0464205
1.22199 0.0651859 0.025346
0.970011 0.0466468 0.00422235
0.752346 0.0282606 -0.014078
0.585179 0.0114898 -0.0282733
0.466672 -0.00292824 -0.0385579
0.376469 -0.0149425 -0.0458779
0.280927 -0.0249032 -0.0515417
0.145726 -0.0332067 -0.0573457
-0.0496135 -0.0400496 -0.0651249
-0.304202 -0.0453501 -0.075569
-0.59659 -0.0487914 -0.0876026
-0.890351 -0.0498755 -0.0987334
-1.14313 -0.0480051 -0.105882
-1.31857 -0.0427338 -0.1067
-1.3972 -0.0341647 -0.100888
-1.38162 -0.0232442 -0.0901504
-1.29522 -0.0116918 -0.0769519
-1.17573 -0.00155794 -0.0637292
-1.06503 0.00537734 -0.0529769
-0.99621 0.00806897 -0.0471569
-0.982379 0.00632592 -0.0478946
-1.01372 0.00063754 -0.0550521
-1.0631 -0.00804495 -0.0664232
-1.0944 -0.0183965 -0.0784082
-1.0714 -0.0287727 -0.0873754
-0.968395 -0.0374533 -0.0910176
-0.779692 -0.0431083 -0.0889847
-0.521909 -0.0452135 -0.082377
-0.228566 -0.0441017 -0.0727484
0.0599253 -0.0406012 -0.0616894
0.307243 -0.0355005 -0.0509451
0.490362 -0.0291739 -0.042121
0.604823 -0.021566 -0.0359014
0.66455 -0.0124486 -0.031658
0.696616 -0.00167672 -0.0276696
0.732504 0.0107367 -0.021743
0.797794 0.0246276 -0.0121919
0.903445 0.0395845 0.00118531
1.04197 0.054745 0.0168284
1.18932 0.0686763 0.0321707
1.31093 0.079545 0.0446256
1.37114 0.0856016 0.0519415
1.34485 0.0857613 0.0523409
1.22581 0.0799443 0.0450324
1.02739 0.0689778 0.030726
0.77741 0.0542041 0.0115289
0.511371 0.0371205 -0.00964659
0.264648 0.0192192 -0.0297487
0.0634112 0.00193105 -0.0464209
-0.0825856 -0.0134941 -0.0587376
-0.1811 -0.0261994 -0.0671296
-0.252312 -0.0359052 -0.0727097
-0.321209 -0.0428975 -0.0767757
-0.410016 -0.0477408 -0.0805645
-0.530925 -0.0508524 -0.0848892
-0.680843 -0.0522172 -0.0897726
-0.84209 -0.0514401 -0.0944033
-0.990047 -0.0480811 -0.0973708
-1.10169 -0.0420194 -0.0971665
-1.15902 -0.0336052 -0.0929952
-1.15129 -0.0235633 -0.0851558
-1.08012 -0.012819 -0.0745458
-0.962174 -0.00239712 -0.0623659
-0.824125 0.00662706 -0.0503447
-0.69298 0.0131937 -0.0405288
-0.588511 0.0163983 -0.034751
-0.519746 0.0157271 -0.0340583
-0.483918 0.0113166 -0.0380657
-0.467267 0.00404371 -0.044983
-0.448813 -0.0047013 -0.0525004
-0.407112 -0.0134474 -0.0588045
-0.326902 -0.0210276 -0.0629224
-0.203294 -0.0267265 -0.064274
-0.0435752 -0.0301873 -0.0624619
0.134704 -0.0312398 -0.057688
0.309784 -0.029823 -0.0509867
0.461935 -0.0260444 -0.0438227
0.577213 -0.0202561 -0.0373877
0.6505 -0.0129747 -0.0321606
0.68821 -0.00462879 -0.0277766
0.706938 0.00465786 -0.0231233
0.726291 0.0149902 -0.0170048
0.75994 0.0263383 -0.00896686
0.81101 0.038173 0.000526699
0.873383 0.049396 0.0103514
0.934306 0.0586357 0.019056
0.976304 0.0647117 0.0252996
0.981775 0.0669694 0.0280465
0.939995 0.065308 0.0265087
0.851177 0.0599622 0.0203427
0.724938 0.0512961 0.00997837
0.576148 0.0398202 -0.0032564
0.421094 0.026366 -0.0174099
0.274561 0.0121454 -0.0307184
0.14758 -0.00149054 -0.0423114
0.044984 -0.0134627 -0.0520882
-0.0364337 -0.0232439 -0.0600645
-0.106647 -0.0308055 -0.0660957
-0.177347 -0.0362845 -0.0702602
-0.255871 -0.0396641 -0.0730868
-0.34245 -0.0407356 -0.0751636
-0.432103 -0.0393361 -0.0766067
-0.517525 -0.0355944 -0.0769114
-0.589865 -0.0299469 -0.0753587
-0.639451 -0.022954 -0.0715921
-0.659334 -0.015135 -0.0658685
-0.648828 -0.006982 -0.0589623
-0.612964 0.000904648 -0.0518266
-0.559951 0.00774691 -0.0452172
-0.499985 0.0126913 -0.0396688
-0.44393 0.015052 -0.0358341
-0.399875 0.0145524 -0.0345306
-0.370048 0.0113951 -0.0361733
-0.35076 0.00612195 -0.0403647
-0.333928 -0.000586048 -0.0460999
-0.308837 -0.00799052 -0.0520685
-0.265165 -0.015281 -0.0569015
-0.197095 -0.0216117 -0.0596655
-0.106002 -0.0262387 -0.0602338
-0.000415939 -0.0286908 -0.0589631
0.106013 -0.0288685 -0.0562157
0.199019 -0.0269891 -0.0524912
0.269529 -0.0233696 -0.0485533
0.316513 -0.0181996 -0.0448053
0.344914 -0.0115068 -0.0408314
0.361969 -0.00332133 -0.0359794
0.375591 0.0061224 -0.0300098
0.39316 0.0162914 -0.0230691
0.41817 0.0263986 -0.015557
0.447475 0.035554 -0.00817514
0.472942 0.0429503 -0.00183155
0.485525 0.0479651 0.00267646
0.477393 0.0501394 0.00470065
0.442501 0.0491353 0.00353718
0.378449 0.0448005 -0.00124012
0.288865 0.0373184 -0.00923444
0.183658 0.0272996 -0.0194196
0.0766292 0.0157168 -0.0306502
-0.0185499 0.00369852 -0.0417157
-0.0925201 -0.00772893 -0.0513694
-0.143018 -0.0178289 -0.058837
-0.174949 -0.0261787 -0.0641633
-0.197445 -0.0325555 -0.0678429
-0.219551 -0.0368076 -0.0703428
-0.247059 -0.0388064 -0.0719595
-0.281437 -0.0384756 -0.072675
-0.320087 -0.0358452 -0.0721086
-0.357355 -0.0310896 -0.0698858
-0.385773 -0.024532 -0.0660468
-0.397444 -0.0166187 -0.0609261
-0.386585 -0.00788984 -0.0547029
-0.352555 0.00102456 -0.0473947
-0.300539 0.00940264 -0.0394031
-0.239597 0.0164657 -0.0317596
-0.180819 0.0214583 -0.0257384
-0.135683 0.0237611 -0.0224368
-0.112424 0.0230377 -0.0225195
-0.111932 0.0193763 -0.0258907
-0.127162 0.0133162 -0.0316207
-0.146366 0.00570876 -0.0384646
-0.157103 -0.00249521 -0.0453661
-0.149352 -0.0104177 -0.0513969
-0.118103 -0.0173496 -0.0557072
-0.0651221 -0.0227776 -0.0578817
0.00178448 -0.0263597 -0.0580938
0.0720487 -0.0279012 -0.05682
0.135345 -0.027367 -0.0545859
0.183218 -0.0248897 -0.0518702
0.211413 -0.0207091 -0.0489823
0.22259 -0.0150585 -0.0459046
0.225468 -0.00809817 -0.0422592
0.23033 3.12186e-05 -0.0375734
0.245394 0.00907664 -0.0316357
0.275417 0.0185671 -0.0245811
0.320201 0.0277961 -0.0168491
0.372991 0.035903 -0.00924478
0.421957 0.0420393 -0.00287187
0.454629 0.0455478 0.00119689
0.461539 0.046056 0.0022227
0.437924 0.0434697 -0.000130677
0.385132 0.0379607 -0.00578643
0.311389 0.0299914 -0.0140578
0.229562 0.0203092 -0.0236572
0.152645 0.0098548 -0.033227
0.0900722 -0.000401039 -0.0417698
0.0458735 -0.00963663 -0.0486658
0.0179883 -0.0173185 -0.0536938
-0.00127187 -0.0232225 -0.0571002
-0.0226045 -0.0273238 -0.05939
-0.0552696 -0.029649 -0.0609828
-0.103372 -0.0302002 -0.0621258
-0.164871 -0.028978 -0.0628949
-0.232818 -0.0260461 -0.0630671
-0.297203 -0.021579 -0.0621358
-0.347279 -0.0158656 -0.0596604
-0.374603 -0.00929431 -0.0555836
-0.375965 -0.00235748 -0.0502128
-0.354847 0.00433122 -0.044136
-0.320308 0.0100529 -0.0382399
-0.283685 0.0140778 -0.0336048
-0.254924 0.0158276 -0.0311649
-0.240129 0.0150365 -0.0313795
-0.240546 0.0118295 -0.0341523
-0.252423 0.00667939 -0.038912
-0.26753 0.000278011 -0.0447834
-0.274629 -0.00660432 -0.0508251
-0.262591 -0.0132144 -0.0561208
-0.224644 -0.0188628 -0.0597425
-0.161431 -0.0229705 -0.0609592
-0.0808039 -0.0251477 -0.0597107
0.00514894 -0.0252777 -0.0567474
0.0837728 -0.0235326 -0.0531576
0.145246 -0.0202653 -0.0497301
0.185442 -0.0158125 -0.0466337
0.207125 -0.0103331 -0.0434732
0.218488 -0.00382188 -0.0396474
0.229749 0.00369868 -0.0348423
0.249327 0.0119597 -0.0291804
0.280827 0.0203757 -0.0229407
0.321794 0.0281685 -0.0164293
0.36448 0.0345852 -0.0101939
0.398154 0.0390531 -0.00514302
0.412478 0.0411879 -0.00234711
0.400848 0.0407311 -0.00266535
0.362104 0.0375516 -0.00631539
0.300063 0.0317598 -0.0126657
0.221988 0.0238248 -0.0205746
0.137254 0.0145514 -0.0290442
0.0562177 0.00487836 -0.0375316
-0.0119321 -0.00438291 -0.045638
-0.062534 -0.0126937 -0.0527072
-0.0972706 -0.0197386 -0.0579855
-0.12225 -0.0252755 -0.0611974
-0.14456 -0.029061 -0.0628025
-0.170336 -0.030932 -0.0636393
-0.203772 -0.0309332 -0.064336
-0.245332 -0.0293094 -0.0648957
-0.290324 -0.0263352 -0.0647042
-0.330297 -0.0221548 -0.0630617
-0.356804 -0.01681 -0.0597772
-0.364401 -0.0104425 -0.055232
-0.351762 -0.00349248 -0.0499816
-0.322268 0.00328832 -0.0444401
-0.283618 0.00904586 -0.0390115
-0.244882 0.0131205 -0.0343832
-0.212636 0.0152142 -0.0314155
-0.189508 0.015325 -0.0307018
-0.175356 0.0135676 -0.0322691
-0.16836 0.0100908 -0.0355484
-0.164903 0.00516028 -0.0396653
-0.159715 -0.000726801 -0.0439318
-0.147376 -0.00685673 -0.048045
-0.124315 -0.012467 -0.0517921
-0.0895987 -0.0169518 -0.0546942
-0.0441462 -0.0199589 -0.0561368
0.0101835 -0.0213319 -0.0558195
0.0703189 -0.0209904 -0.0538618
0.131563 -0.0188876 -0.0506114
0.188605 -0.0150746 -0.0465321
0.237387 -0.00977955 -0.0420316
0.276105 -0.00340657 -0.0372697
0.305108 0.00356532 -0.0322767
0.326478 0.0107097 -0.0271855
0.343195 0.0177029 -0.0222155
0.357935 0.0242536 -0.0175462
0.372214 0.0299914 -0.0133627
0.385776 0.0344447 -0.00993566
0.396027 0.0371365 -0.00752101
0.398178 0.0377203 -0.00639127
0.38647 0.0360609 -0.00700453
0.356009 0.0322229 -0.00982585
0.304623 0.0264053 -0.0149826
0.233874 0.0189111 -0.0221638
0.148669 0.0101879 -0.0306732
0.0561365 0.000873369 -0.0395969
-0.0355413 -0.00824895 -0.048081
-0.118719 -0.0164004 -0.0555109
-0.18823 -0.0229903 -0.0614863
-0.242538 -0.0277188 -0.0657153
-0.283449 -0.0305371 -0.0680476
-0.314656 -0.0315245 -0.0686244
-0.340161 -0.0307994 -0.0678744
-0.363231 -0.0285232 -0.0662982
-0.385499 -0.0249528 -0.0642635
-0.406239 -0.0204512 -0.0619248
-0.422745 -0.0154261 -0.0592264
-0.431379 -0.0102382 -0.0560651
-0.428083 -0.00515494 -0.0525427
-0.409453 -0.000386184 -0.0489054
-0.374855 0.00383093 -0.0452748
-0.327368 0.00718425 -0.0417496
-0.272299 0.0093426 -0.0386718
-0.21519 0.010077 -0.0365033
-0.161056 0.00934555 -0.0355789
-0.113982 0.00729408 -0.036041
-0.0760568 0.00420787 -0.0377806
-0.0460437 0.000463041 -0.0403804
-0.019607 -0.00350555 -0.0432457
0.00827747 -0.00722303 -0.0458065
0.0413745 -0.0102068 -0.0475725
0.0820174 -0.012029 -0.0481617
0.130839 -0.0124026 -0.0473691
0.185736 -0.011249 -0.0452055
0.241976 -0.0086978 -0.0419317
0.293892 -0.00501438 -0.0379537
0.336455 -0.00050929 -0.0336767
0.366369 0.00450539 -0.0295068
0.382842 0.00972086 -0.0257844
0.387562 0.0148319 -0.0226064
0.38378 0.0195382 -0.01986
0.374915 0.0235544 -0.0174828
0.363334 0.0266281 -0.0155709
0.349698 0.0285466 -0.0143003
0.332645 0.0291236 -0.0139024
0.308871 0.0281938 -0.0146431
0.274419 0.0256505 -0.0167557
0.226849 0.0215075 -0.0203771
0.166451 0.0159463 -0.0254659
0.0958124 0.00931681 -0.0317345
0.0189639 0.00209019 -0.0386602
-0.0591929 -0.00521485 -0.045612
-0.133404 -0.0121017 -0.0520485
-0.198847 -0.0181418 -0.0576132
-0.252198 -0.0229924 -0.062046
-0.292517 -0.0264022 -0.06509
-0.321374 -0.0282238 -0.0665859
-0.341839 -0.0284379 -0.0666494
-0.356907 -0.0271636 -0.065669
-0.368387 -0.0246331 -0.0640661
-0.376537 -0.0211331 -0.0620475
-0.379856 -0.0169347 -0.0595805
-0.375279 -0.0122578 -0.0565321
-0.359546 -0.00730127 -0.0528361
-0.331048 -0.00231793 -0.0486504
-0.290774 0.0023416 -0.0443684
-0.242085 0.00627146 -0.0404177
-0.189798 0.00911361 -0.0371171
-0.138678 0.0106559 -0.0347416
-0.0918178 0.0108737 -0.0335371
-0.0499737 0.00990048 -0.0335589
-0.012169 0.00796022 -0.0345693
0.0230422 0.00532039 -0.036153
0.0568516 0.00229132 -0.0378852
0.090401 -0.000765962 -0.0394454
0.124932 -0.00346706 -0.0406764
0.161327 -0.00546802 -0.0414752
0.199488 -0.00652445 -0.0416406
0.237867 -0.00651526 -0.0409031
0.27354 -0.00543226 -0.0391532
0.303476 -0.00335785 -0.0366785
0.326207 -0.00044604 -0.0340164
0.341934 0.00309355 -0.0314734
0.351124 0.00701213 -0.0289439
0.353749 0.0110443 -0.0262213
0.349699 0.0149265 -0.0233722
0.339184 0.0183883 -0.0208159
0.322651 0.0211315 -0.0191141
0.300626 0.0228544 -0.0186116
0.273686 0.0233335 -0.0191667
0.242252 0.0224971 -0.0203573
0.206256 0.0204169 -0.0220365
0.165494 0.0172299 -0.0245256
0.120408 0.013065 -0.0282122
0.0720328 0.00804508 -0.033026
0.0214672 0.00236808 -0.0383795
-0.0299467 -0.0036082 -0.0436055
-0.0803697 -0.0093853 -0.0483193
-0.128281 -0.0144745 -0.0524696
-0.173141 -0.0185659 -0.0562047
-0.214367 -0.0215581 -0.0595413
-0.249976 -0.0234259 -0.0620956
-0.276762 -0.0240744 -0.0632819
-0.291796 -0.0233322 -0.0628069
-0.293936 -0.0211007 -0.0608627
-0.284514 -0.0175366 -0.0578691
-0.267146 -0.0131031 -0.0542646
-0.246529 -0.00841501 -0.0504876
-0.226349 -0.00397926 -0.0468967
-0.207832 -3.87855e-05 -0.0437111
-0.190241 0.00336432 -0.0410626
-0.172215 0.00619567 -0.0390398
-0.152301 0.00830257 -0.0376528
-0.129196 0.00946577 -0.0367705
-0.10253 0.00956225 -0.0362298
-0.0731943 0.00868091 -0.0360319
-0.0427747 0.00708922 -0.0362874
-0.0131022 0.00507693 -0.0370205
0.0138707 0.002814 -0.0381582
0.0363869 0.000357504 -0.0396037
0.0533508 -0.00220593 -0.0411805
0.0645552 -0.00463718 -0.0426385
0.0708392 -0.00657179 -0.0438368
0.0741346 -0.0076721 -0.0447435
0.0769937 -0.00777349 -0.0451987
0.0816729 -0.00691662 -0.0448896
0.0892129 -0.00525261 -0.0436185
0.0992312 -0.00292138 -0.0414627
0.110397 -2.65537e-05 -0.0387255
0.12079 0.00327726 -0.0358404
0.128127 0.00669382 -0.0332159
0.130375 0.00981121 -0.0310814
0.126588 0.0122423 -0.0294849
0.117304 0.0137674 -0.0284602
0.104399 0.0143653 -0.0281487
0.0904134 0.01412 -0.0286419
0.0771684 0.0130943 -0.0297927
0.0648365 0.0112821 -0.0313433
0.0526303 0.00867598 -0.0331915
0.0401072 0.00538084 -0.0354118
0.0272833 0.00165348 -0.0380352
0.0138691 -0.00217093 -0.0409294
-0.00063679 -0.00579081 -0.0438489
-0.0161155 -0.00899112 -0.0464971
-0.0316766 -0.011621 -0.0486304
-0.0463258 -0.013544 -0.0501829
-0.0593139 -0.0146115 -0.0511945
-0.0696453 -0.0146891 -0.0515991
-0.0760432 -0.0137241 -0.0512183
-0.077962 -0.0118001 -0.0499552
-0.075982 -0.0091288 -0.0479311
-0.0709148 -0.00598263 -0.0454655
-0.0633777 -0.00262886 -0.0428888
-0.0546504 0.000690678 -0.0403973
-0.04692 0.00374548 -0.0381266
-0.0419646 0.006309 -0.0362472
-0.03992 0.00817805 -0.0349691
-0.0394663 0.00920794 -0.0344692
-0.0388994 0.00935215 -0.0347381
-0.0367008 0.00868313 -0.0355111
-0.0313556 0.00736651 -0.0364539
-0.0215561 0.00559549 -0.0374168
-0.00704061 0.00353026 -0.038446
0.0110051 0.00128884 -0.0395971
0.0302675 -0.00101224 -0.0407972
0.0479824 -0.00321238 -0.0418861
0.0621801 -0.00510101 -0.0427892
0.0727733 -0.00645858 -0.0435534
0.0810372 -0.00711412 -0.0441295
0.08834 -0.00698055 -0.0442677
0.0958665 -0.00604227 -0.0437087
0.105444 -0.00431702 -0.0423469
0.11928 -0.00184904 -0.0402303
