-1.34657e-06 -5.66401e-08 -0.0577044
-0.000192428 2.60925e-08 -0.0577023
-0.000915662 -1.26417e-07 -0.0576894
-0.00224796 -4.05564e-06 -0.0576498
-0.0041 -1.89465e-05 -0.0575829
-0.00660587 -4.55772e-05 -0.0575273
-0.0101862 -7.42287e-05 -0.0575067
-0.0153568 -0.000104609 -0.0574643
-0.0223339 -0.000159079 -0.0573582
-0.0304669 -0.000261367 -0.0572569
-0.0379966 -0.000407097 -0.0572492
-0.0430793 -0.000562165 -0.0573955
-0.0455124 -0.000693498 -0.0577315
-0.0466267 -0.000803051 -0.0581517
-0.0476678 -0.00093482 -0.058411
-0.0492838 -0.00113609 -0.0583622
-0.0513068 -0.00139253 -0.0580972
-0.0524459 -0.00162703 -0.0577748
-0.051948 -0.00177479 -0.0574751
-0.0510189 -0.00182174 -0.0573298
-0.0508918 -0.00178485 -0.0574075
-0.0504825 -0.00169932 -0.0575011
-0.0475403 -0.00159335 -0.0575593
-0.0413249 -0.00144031 -0.0578719
-0.0325673 -0.00117881 -0.0584189
-0.0229051 -0.000815441 -0.0587789
-0.0150389 -0.000454822 -0.0587613
-0.0101673 -0.00018869 -0.0584536
-0.00583426 -1.28527e-05 -0.0578508
0.00166816 0.0001392 -0.0570702
0.0135783 0.000347371 -0.0566585
0.0280044 0.000665088 -0.0569544
0.0421713 0.00106988 -0.0575435
0.0541339 0.00145302 -0.0579149
0.0617053 0.0016934 -0.0579706
0.0631938 0.00177626 -0.0577568
0.0604685 0.00179079 -0.0572866
0.0567708 0.00180111 -0.0567012
0.0539476 0.00181813 -0.0565489
0.0533326 0.00185966 -0.0571882
0.0537462 0.00191433 -0.0579438
0.0512956 0.00188689 -0.058136
0.0443776 0.00165574 -0.0579738
0.0348124 0.00120571 -0.0576419
0.025479 0.000720675 -0.0573205
0.0184624 0.000422731 -0.0574173
0.0118949 0.000277652 -0.0576556
0.000470734 5.08267e-05 -0.057646
-0.0170193 -0.000377154 -0.0574955
-0.0337711 -0.000917474 -0.0570496
-0.0432608 -0.00138407 -0.056718
-0.0471124 -0.00159322 -0.0575518
-0.0510992 -0.00151549 -0.0589603
-0.0603767 -0.00142028 -0.059295
-0.0779393 -0.00165116 -0.0585297
-0.0990713 -0.00218955 -0.0576432
-0.111915 -0.00267817 -0.0568256
-0.110605 -0.00283599 -0.0563952
-0.100538 -0.00265803 -0.0573042
-0.0883963 -0.00233481 -0.0590689
-0.0769017 -0.00210642 -0.0599295
-0.0679142 -0.00209326 -0.0595485
-0.0634165 -0.00220346 -0.058658
-0.0645399 -0.00225176 -0.0573672
-0.0694931 -0.00213802 -0.055944
-0.0740506 -0.001869 -0.0552235
-0.0744193 -0.00148098 -0.0556096
-0.0675143 -0.00099966 -0.0568043
-0.0545119 -0.000505741 -0.0580149
-0.0439691 -0.000152295 -0.0586707
-0.0436552 7.78235e-07 -0.0590505
-0.0522465 2.57288e-05 -0.0590292
-0.0642598 -3.12129e-05 -0.0579563
-0.0778316 -0.000211647 -0.0565529
-0.0934263 -0.000581101 -0.0557035
-0.108301 -0.00111665 -0.0549237
-0.117045 -0.00167166 -0.0545668
-0.11583 -0.00207446 -0.0558699
-0.10391 -0.00224243 -0.0584577
-0.0862605 -0.00228092 -0.0607692
-0.0742359 -0.002454 -0.061751
-0.075468 -0.00294221 -0.0611685
-0.084031 -0.00362865 -0.0593403
-0.0895931 -0.00415216 -0.0571156
-0.09069 -0.00418729 -0.05572
-0.0919042 -0.0037262 -0.0554702
-0.0965055 -0.00311278 -0.0554125
-0.105305 -0.00268225 -0.0553037
-0.115058 -0.00235341 -0.0560005
-0.118465 -0.00181439 -0.0574388
-0.113902 -0.00104155 -0.0587597
-0.109934 -0.00034808 -0.0599549
-0.113904 -3.18975e-05 -0.0608037
-0.122426 -0.000173976 -0.0600333
-0.126411 -0.000675846 -0.0577603
-0.120986 -0.00133291 -0.0558868
-0.107555 -0.00190427 -0.0553052
-0.0875188 -0.00224227 -0.0555296
-0.0603573 -0.00239165 -0.0563261
-0.0277075 -0.00247511 -0.0578656
0.00738607 -0.00246552 -0.0598524
0.0424648 -0.00224795 -0.0610517
0.0745408 -0.00186102 -0.0606731
0.100866 -0.00138457 -0.0599065
0.122816 -0.000668333 -0.0597475
0.144462 0.000509696 -0.0591178
0.164467 0.00201353 -0.0574281
0.17545 0.00339359 -0.0557648
0.173397 0.00446658 -0.0546723
0.163337 0.00551007 -0.0538295
0.153264 0.00674851 -0.0535741
0.146208 0.00795456 -0.0546974
0.13843 0.00871197 -0.0568911
0.122221 0.00882965 -0.0585781
0.0940098 0.00829452 -0.0586059
0.05883 0.00707063 -0.0574475
0.0231346 0.00523268 -0.0564564
-0.0137308 0.00312681 -0.0561639
-0.0592892 0.0010523 -0.0557304
-0.120455 -0.00116361 -0.0544812
-0.194539 -0.00386653 -0.053247
-0.266245 -0.00687265 -0.053311
-0.315121 -0.00946373 -0.0550862
-0.331729 -0.0111156 -0.0586342
-0.329248 -0.0119578 -0.0636312
-0.331634 -0.0124743 -0.0680344
-0.350238 -0.013073 -0.0687566
-0.378934 -0.0139402 -0.064834
-0.405438 -0.0148351 -0.0590237
-0.419132 -0.0150498 -0.0547137
-0.413334 -0.0140062 -0.0525333
-0.388805 -0.0118762 -0.0522164
-0.352123 -0.00935327 -0.0544253
-0.305334 -0.00690695 -0.0582295
-0.245987 -0.00457025 -0.0610075
-0.181836 -0.00231813 -0.0619834
-0.129885 -0.000240417 -0.0622876
-0.0934566 0.0015469 -0.0617309
-0.0587455 0.00289187 -0.0590141
-0.0160882 0.00369717 -0.05524
0.0349284 0.00412729 -0.052952
0.0936391 0.00448486 -0.0520467
0.156003 0.00489608 -0.0516505
0.215662 0.00536644 -0.0533
0.274075 0.00595166 -0.0573773
0.3369 0.00661908 -0.0610682
0.396718 0.00716722 -0.0627593
0.434278 0.00742431 -0.0630535
0.440501 0.00744174 -0.0616107
0.423882 0.0074524 -0.0580944
0.395616 0.00766051 -0.054258
0.360948 0.00809475 -0.0519487
0.322116 0.00858294 -0.0510667
0.275735 0.00889806 -0.0509167
0.216078 0.00898681 -0.0520429
0.147738 0.00890054 -0.0548691
0.081039 0.00851695 -0.0580137
0.0163563 0.00754774 -0.0602618
-0.0539273 0.00576902 -0.0615639
-0.133356 0.00311117 -0.0611506
-0.218973 -0.000272196 -0.0586732
-0.304882 -0.00397585 -0.0558894
-0.384354 -0.00763681 -0.0540686
-0.452106 -0.0111578 -0.0530485
-0.504837 -0.0144864 -0.0533697
-0.53643 -0.0173792 -0.0557768
-0.535377 -0.0194871 -0.0600005
-0.491434 -0.0205524 -0.0654535
-0.402992 -0.0205192 -0.0711486
-0.274553 -0.0195433 -0.0753983
-0.108612 -0.0178001 -0.0769075
0.0986656 -0.0151756 -0.0755877
0.354487 -0.0112484 -0.0724244
0.662479 -0.00560526 -0.0688946
1.0188 0.00190865 -0.0660158
1.41466 0.0111945 -0.0640331
1.84254 0.0220287 -0.0630966
2.2992 0.0342079 -0.0634438
2.78234 0.0476147 -0.0648821
3.28613 0.0620717 -0.0668662
3.79977 0.0771402 -0.0687304
4.31017 0.0922201 -0.0695417
4.80671 0.106835 -0.0684849
5.28247 0.120669 -0.0653067
5.72941 0.133446 -0.0603952
6.13262 0.144977 -0.054899
6.46717 0.155209 -0.0498678
6.69885 0.164016 -0.0451676
6.78939 0.170959 -0.0400407
6.70312 0.17529 -0.033982
6.41518 0.176264 -0.0270005
5.91604 0.173452 -0.0200003
5.20931 0.166717 -0.0146475
4.30915 0.155854 -0.0125024
3.2362 0.140307 -0.014139
2.01461 0.119305 -0.0188518
0.669725 0.0922917 -0.0253134
-0.761565 0.0591739 -0.0323003
-2.2034 0.0203146 -0.039537
-3.55922 -0.0233276 -0.0489763
-4.76135 -0.0697681 -0.0637617
-5.77665 -0.116281 -0.083281
-6.60195 -0.16104 -0.100525
-7.26508 -0.2036 -0.109527
-7.79138 -0.242853 -0.111464
-8.17452 -0.275798 -0.107203
-8.40238 -0.298863 -0.0964317
-8.4915 -0.309745 -0.085723
-8.48085 -0.308102 -0.0800767
-8.40543 -0.294886 -0.0756348
-8.27844 -0.271527 -0.0700364
-8.09432 -0.239765 -0.0649586
-7.84462 -0.201638 -0.0613633
-7.53156 -0.159423 -0.059634
-7.17028 -0.115872 -0.0576433
-6.77759 -0.0745575 -0.0518347
-6.36038 -0.0392175 -0.0418976
-5.90927 -0.0122894 -0.0290592
-5.39921 0.00557616 -0.0146991
-4.80325 0.0148523 -0.00416502
-4.10398 0.0165881 -0.00486922
-3.29287 0.0122937 -0.0183414
-2.37973 0.00346685 -0.0393553
-1.40626 -0.00890998 -0.0618344
-0.431261 -0.0236797 -0.0808687
0.502205 -0.0384414 -0.0922943
1.37805 -0.0497852 -0.0949989
2.19311 -0.0545467 -0.0917613
2.94934 -0.0507968 -0.0860379
3.65289 -0.0380435 -0.0791272
4.30515 -0.0167109 -0.0716234
4.90092 0.0126592 -0.065984
5.43589 0.0494124 -0.0642755
5.90279 0.0918077 -0.0649329
6.28172 0.136528 -0.0647729
6.54736 0.179427 -0.0611904
6.68218 0.216715 -0.051518
6.67401 0.245755 -0.0350798
6.51011 0.265026 -0.0151363
6.18047 0.273439 0.00410528
5.68806 0.269961 0.0192624
5.05762 0.254119 0.0266543
4.32819 0.22659 0.023216
3.53633 0.189049 0.00798693
2.70388 0.143576 -0.0174626
1.83482 0.0921774 -0.0483943
0.928998 0.0367956 -0.0782474
0.0023618 -0.0202947 -0.101419
-0.910926 -0.0762473 -0.114238
-1.77387 -0.127721 -0.116509
-2.55738 -0.17129 -0.112047
-3.23797 -0.204038 -0.10493
-3.79212 -0.223987 -0.0980092
-4.19756 -0.230329 -0.0940838
-4.44401 -0.223402 -0.0940441
-4.54399 -0.204414 -0.096005
-4.5297 -0.175319 -0.0971604
-4.43592 -0.138858 -0.0946059
-4.2825 -0.0983672 -0.0862504
-4.06936 -0.0571865 -0.0719696
-3.78659 -0.0182261 -0.0532052
-3.43046 0.0161087 -0.0327406
-3.00748 0.0440301 -0.014932
-2.52317 0.0644367 -0.0038993
-1.97549 0.0767512 -0.00150919
-1.36276 0.0807982 -0.00805781
-0.697853 0.0768866 -0.0223439
-0.012482 0.0659441 -0.0404578
0.655899 0.0495239 -0.0576568
1.28029 0.0296875 -0.070988
1.85129 0.00890562 -0.0793148
2.37058 -0.0101155 -0.082802
2.83738 -0.0248716 -0.0821571
3.24623 -0.0334799 -0.0784703
3.59488 -0.0346977 -0.0741575
3.89038 -0.0276813 -0.0719279
4.14802 -0.0120467 -0.0728446
4.37767 0.0115173 -0.0760499
4.56678 0.0409011 -0.0793196
4.68328 0.073191 -0.0797277
4.70003 0.10549 -0.073971
4.60961 0.135168 -0.0602315
4.41957 0.159892 -0.0410209
4.14627 0.177877 -0.021382
3.80923 0.187983 -0.00510125
3.42133 0.189458 0.00485154
2.98579 0.181852 0.00556668
2.50618 0.16514 -0.00322238
1.98876 0.139733 -0.0182861
1.43245 0.106562 -0.0360813
0.830616 0.0672431 -0.0540645
0.184991 0.0240144 -0.0691063
-0.490242 -0.020596 -0.0786862
-1.17506 -0.0639932 -0.0831565
-1.84706 -0.103576 -0.0842983
-2.48122 -0.136937 -0.0833983
-3.05448 -0.162124 -0.0820663
-3.55055 -0.177781 -0.0826183
-3.95589 -0.183262 -0.0861354
-4.25634 -0.178813 -0.0911767
-4.44464 -0.165656 -0.0952174
-4.52631 -0.145694 -0.0964706
-4.5111 -0.121039 -0.0934265
-4.40334 -0.0937702 -0.084458
-4.2044 -0.0659069 -0.0700606
-3.91596 -0.0392922 -0.0536024
-3.53784 -0.0153875 -0.0383258
-3.07061 0.0047759 -0.0261844
-2.52311 0.0204865 -0.0195847
-1.91288 0.0313356 -0.0205178
-1.26207 0.0372917 -0.0280251
-0.597755 0.0386572 -0.0389383
0.0481548 0.0359177 -0.0502165
0.647639 0.0297827 -0.0594125
1.18792 0.0214334 -0.0647573
1.67181 0.0125356 -0.0661685
2.10765 0.00488459 -0.0654256
2.50229 2.10589e-05 -0.0647673
2.85972 -0.000996866 -0.0652043
3.18041 0.00232528 -0.0665209
3.46242 0.0100288 -0.0686702
3.70486 0.0218802 -0.0715352
3.90656 0.0373557 -0.073818
4.0592 0.0554578 -0.0739605
4.14526 0.074692 -0.0710164
4.14665 0.093345 -0.0640208
4.05423 0.109824 -0.0525557
3.86815 0.122854 -0.0382901
3.59435 0.131557 -0.0247083
3.24294 0.135401 -0.0151481
2.82609 0.133989 -0.0115171
2.35628 0.126887 -0.0144646
1.8477 0.113773 -0.0234771
1.3185 0.0947512 -0.0365883
0.788558 0.0705125 -0.0511077
0.274044 0.0422561 -0.0648741
-0.216588 0.0115226 -0.0763295
-0.684254 -0.0199629 -0.0837999
-1.13628 -0.0504742 -0.0856836
-1.57964 -0.0784293 -0.081721
-2.01378 -0.102323 -0.0738241
-2.42452 -0.120534 -0.065573
-2.78476 -0.131474 -0.0607876
-3.06666 -0.134215 -0.0620525
-3.25612 -0.128962 -0.0697324
-3.35751 -0.11701 -0.0810624
-3.38855 -0.10036 -0.0905679
-3.37266 -0.081235 -0.0932239
-3.33103 -0.0616059 -0.0869793
-3.27611 -0.0429201 -0.0723615
-3.21162 -0.0262111 -0.0518769
-3.13648 -0.0123627 -0.0299511
-3.04579 -0.00214323 -0.011788
-2.9294 0.00396667 -0.00163928
-2.77564 0.00588142 -0.0019392
-2.58077 0.00380955 -0.0130663
-2.35422 -0.00196113 -0.0327048
-2.11434 -0.0111986 -0.0556513
-1.87922 -0.0236624 -0.0755144
-1.65989 -0.0387821 -0.0875072
-1.4573 -0.0552855 -0.0900979
-1.26243 -0.0712011 -0.0845848
-1.0624 -0.0843312 -0.0742071
-0.849467 -0.0928132 -0.0635332
-0.622329 -0.0953743 -0.0566171
-0.380227 -0.091376 -0.0550091
-0.122965 -0.0808653 -0.058279
0.142915 -0.0644954 -0.0655302
0.404966 -0.0433257 -0.0748425
0.651059 -0.0188119 -0.0823225
0.869932 0.00708861 -0.0840092
1.04991 0.0321684 -0.0782734
1.18262 0.0545683 -0.0653753
1.26648 0.0731081 -0.046805
1.30511 0.0871282 -0.026409
1.30701 0.0962589 -0.00998318
1.28839 0.100373 -0.00226928
1.26883 0.0995563 -0.00502222
1.25846 0.0939767 -0.0175128
1.25188 0.0838523 -0.03705
1.23623 0.069584 -0.0588408
1.20284 0.0518997 -0.0772732
1.15193 0.0319225 -0.0886076
1.09193 0.0111808 -0.0920177
1.03661 -0.00848101 -0.0884381
0.996643 -0.0251495 -0.0799673
0.968997 -0.0371355 -0.070034
0.939083 -0.0431854 -0.0620261
0.891805 -0.0427156 -0.0572238
0.813722 -0.0360218 -0.0552033
0.691661 -0.024154 -0.0556577
0.517852 -0.00855553 -0.0578581
0.295488 0.00909631 -0.0596313
0.0375034 0.0268478 -0.0592894
-0.23862 0.0425765 -0.0568699
-0.512645 0.05436 -0.0525046
-0.764989 0.0607972 -0.0461307
-0.983993 0.0610419 -0.0388296
-1.16468 0.054782 -0.0327711
-1.299 0.042304 -0.0299731
-1.37304 0.0244891 -0.0315583
-1.37512 0.00272948 -0.0383032
-1.30255 -0.0212253 -0.0504281
-1.1608 -0.0454827 -0.0660289
-0.959657 -0.0682035 -0.0817484
-0.710552 -0.0876712 -0.0949465
-0.421254 -0.102215 -0.103919
-0.092095 -0.110257 -0.107377
0.276894 -0.110568 -0.105091
0.677729 -0.10245 -0.0986125
1.09775 -0.0857649 -0.090012
1.52558 -0.0610113 -0.0802142
1.94929 -0.029433 -0.0699498
2.35294 0.00705417 -0.0606101
2.71883 0.0461372 -0.0526616
3.03114 0.0853146 -0.0453188
3.27673 0.121979 -0.0381833
3.44499 0.15358 -0.0315446
3.52769 0.177917 -0.0253771
3.51758 0.193331 -0.0192113
3.40781 0.198724 -0.0131758
3.19498 0.193621 -0.00858926
2.88446 0.178393 -0.00718084
2.49071 0.154265 -0.0100873
2.03084 0.122949 -0.0177503
1.52091 0.0863042 -0.0301319
0.977436 0.0463398 -0.0461834
0.418768 0.00533716 -0.0636551
-0.135693 -0.0342598 -0.0802668
-0.668555 -0.0701874 -0.0942172
-1.16736 -0.100599 -0.103738
-1.62316 -0.124067 -0.10756
-2.0275 -0.139549 -0.105524
-2.37244 -0.146404 -0.0987084
-2.65287 -0.14445 -0.0892523
-2.86983 -0.134131 -0.0790953
-3.0314 -0.116696 -0.069184
-3.14775 -0.0941162 -0.0602165
-3.22533 -0.0687252 -0.0527123
-3.26607 -0.0428466 -0.0466466
-3.27229 -0.0186588 -0.0418749
-3.25129 0.0017646 -0.0381081
-3.21318 0.0165177 -0.0347052
-3.1628 0.0241499 -0.0312619
-3.09492 0.023992 -0.0281593
-2.99732 0.0162971 -0.0266777
-2.8577 0.0021308 -0.0285487
-2.6692 -0.016917 -0.0348232
-2.43127 -0.0390116 -0.0452694
-2.14578 -0.0621964 -0.0587101
-1.81316 -0.0844107 -0.0732837
-1.43371 -0.103538 -0.0867765
-1.01161 -0.117531 -0.0974191
-0.556157 -0.124614 -0.104126
-0.0788734 -0.123495 -0.10613
0.410586 -0.113526 -0.103174
0.905422 -0.0947542 -0.0958315
1.39846 -0.0678601 -0.0853078
1.87946 -0.0340322 -0.0732603
2.33586 0.00507483 -0.06137
2.75504 0.0472843 -0.0507752
3.12602 0.0899428 -0.0420569
3.43901 0.130163 -0.0351408
3.68288 0.165152 -0.0292082
3.84457 0.19251 -0.0235191
3.91296 0.210435 -0.0180714
3.88348 0.217847 -0.0133855
3.7588 0.214426 -0.010369
3.54513 0.200567 -0.0100733
3.24877 0.177267 -0.0131257
2.87668 0.146052 -0.0197359
2.44 0.108958 -0.0299621
1.95668 0.0684479 -0.0435065
1.4485 0.0271758 -0.0594446
0.933416 -0.0123479 -0.0760794
0.421159 -0.048015 -0.0909567
-0.0835053 -0.0781787 -0.101481
-0.574594 -0.101556 -0.105992
-1.04338 -0.11713 -0.104432
-1.48139 -0.124242 -0.0979623
-1.88284 -0.122886 -0.0881113
-2.24542 -0.113923 -0.0764986
-2.56724 -0.0988978 -0.0649837
-2.84052 -0.0796431 -0.0553455
-3.05354 -0.0580955 -0.0486393
-3.20174 -0.036348 -0.0451578
-3.29209 -0.0166414 -0.0443978
-3.3352 -0.00119911 -0.0445262
-3.33637 0.00812837 -0.043486
-3.29324 0.0103367 -0.0411298
-3.19776 0.00549695 -0.0387413
-3.04187 -0.00548487 -0.0374969
-2.82418 -0.0212855 -0.0386768
-2.54923 -0.0403274 -0.043529
-2.21939 -0.0607308 -0.0520935
-1.83242 -0.0803697 -0.0632537
-1.38928 -0.0970711 -0.0758056
-0.899904 -0.108832 -0.0885202
-0.379322 -0.114022 -0.0993621
0.158108 -0.111563 -0.105881
0.69961 -0.101001 -0.106623
1.23405 -0.0824326 -0.10146
1.75277 -0.056423 -0.0909726
2.2474 -0.0239926 -0.0766335
2.70857 0.0134178 -0.061269
3.12971 0.0539666 -0.04781
3.50805 0.0953697 -0.0375351
3.83789 0.134945 -0.0304728
4.10583 0.169903 -0.0263803
4.29476 0.197781 -0.0242624
4.39 0.216744 -0.0225641
4.38162 0.225628 -0.0205404
4.26443 0.223869 -0.0183841
4.03865 0.211537 -0.0164743
3.71056 0.189448 -0.0154996
3.29246 0.159173 -0.016916
2.80307 0.122881 -0.022592
2.26602 0.0830833 -0.0336403
1.70438 0.0423005 -0.0494514
1.13445 0.00274793 -0.0678586
0.564042 -0.0337443 -0.0858638
-0.00379231 -0.065608 -0.100142
-0.565393 -0.0914789 -0.107893
-1.11385 -0.110334 -0.108016
-1.63953 -0.121624 -0.101365
-2.13061 -0.12526 -0.0900167
-2.57391 -0.121618 -0.0765252
-2.95787 -0.111606 -0.0636469
-3.27512 -0.0966456 -0.0538964
-3.52244 -0.0785456 -0.048538
-3.70036 -0.0593984 -0.0470623
-3.81369 -0.0414484 -0.0479468
-3.86994 -0.026806 -0.0495096
-3.87519 -0.0171118 -0.0500644
-3.83166 -0.0133383 -0.0484667
-3.73838 -0.0157413 -0.0450328
-3.5919 -0.0238696 -0.0413823
-3.38588 -0.036634 -0.0394034
-3.11274 -0.0524701 -0.0406931
-2.7678 -0.0695289 -0.046454
-2.35181 -0.0858328 -0.0569621
-1.87155 -0.0994333 -0.0708934
-1.34125 -0.108615 -0.0855642
-0.782288 -0.112072 -0.0979045
-0.217954 -0.108965 -0.10512
0.332539 -0.0988805 -0.105188
0.856231 -0.0817648 -0.0978173
1.34637 -0.057896 -0.0848652
1.80161 -0.0279605 -0.0693252
2.22226 0.00683735 -0.0542142
2.60574 0.0447317 -0.0420619
2.94608 0.0834607 -0.034206
3.23635 0.12045 -0.0303902
3.47001 0.153108 -0.0294518
3.64071 0.179148 -0.0300683
3.7419 0.196815 -0.0308442
3.76647 0.204955 -0.0304946
3.70637 0.203048 -0.0283917
3.55553 0.191257 -0.0248722
3.31446 0.170496 -0.0212056
2.99203 0.142414 -0.0194308
2.6032 0.109216 -0.0218652
2.16564 0.0733363 -0.030149
1.69754 0.0370943 -0.044265
1.21573 0.00249082 -0.0623863
0.733613 -0.0288264 -0.0815307
0.259874 -0.0555239 -0.0982039
-0.200878 -0.0765888 -0.109051
-0.646501 -0.0913997 -0.111812
-1.07463 -0.0997389 -0.106121
-1.47814 -0.101705 -0.0935599
-1.8437 -0.0976493 -0.0770993
-2.15685 -0.0882179 -0.0605498
-2.40815 -0.0744417 -0.0476898
-2.59487 -0.0577851 -0.0407713
-2.71934 -0.0401169 -0.0397937
-2.78685 -0.0235293 -0.0432225
-2.80395 -0.0100042 -0.0487532
-2.77782 -0.00108016 -0.0537193
-2.71628 0.00232111 -0.0559561
-2.62637 -9.13122e-05 -0.0546605
-2.51089 -0.00799262 -0.0505071
-2.36544 -0.0204361 -0.0453139
-2.18043 -0.0359193 -0.0415495
-1.94728 -0.0525749 -0.041685
-1.66363 -0.068423 -0.0473678
-1.33391 -0.0816225 -0.058525
-0.966904 -0.090692 -0.0731231
-0.573372 -0.0946289 -0.0879784
-0.164677 -0.0928751 -0.099728
0.247541 -0.0851971 -0.105478
0.651045 -0.0716174 -0.103606
1.03402 -0.0524444 -0.0943497
1.3879 -0.0283328 -0.0795481
1.70927 -0.000303555 -0.0619861
1.99754 0.0302932 -0.0448983
2.25044 0.06185 -0.0313282
2.46158 0.0925709 -0.0232395
2.62142 0.120512 -0.0209393
2.71926 0.143646 -0.0231845
2.74552 0.160065 -0.0277851
2.69391 0.16828 -0.0323002
2.56256 0.167474 -0.0347855
2.35378 0.157618 -0.0346298
2.07437 0.139456 -0.0327751
1.73671 0.11437 -0.0309987
1.35787 0.084168 -0.0311701
0.955831 0.0508806 -0.0349294
0.545936 0.0166457 -0.0432309
0.139914 -0.0164053 -0.0557431
-0.253663 -0.0463398 -0.0707988
-0.628452 -0.0716398 -0.0859287
-0.978708 -0.0912996 -0.0983717
-1.29808 -0.104762 -0.105572
-1.57984 -0.111798 -0.105996
-1.81734 -0.112427 -0.0997984
-2.0041 -0.106931 -0.0886927
-2.13532 -0.0959127 -0.0752213
-2.20992 -0.0803613 -0.0619605
-2.23038 -0.0616852 -0.050919
-2.20166 -0.0416176 -0.0432726
-2.13068 -0.0219612 -0.0394636
-2.02505 -0.00433139 -0.0392218
-1.89265 0.0099037 -0.041411
-1.74219 0.0195824 -0.0444065
-1.58182 0.0238484 -0.046807
-1.41618 0.0223747 -0.0476882
-1.24482 0.0155297 -0.0469559
-1.06388 0.00436021 -0.0457771
-0.869557 -0.00961652 -0.0459161
-0.660115 -0.0246989 -0.0486379
-0.435963 -0.039242 -0.0543257
-0.199109 -0.051771 -0.0624878
0.0474506 -0.0609844 -0.0719849
0.29997 -0.065779 -0.0812846
0.552952 -0.0653731 -0.0885905
0.79853 -0.0594463 -0.0922991
1.02851 -0.0481717 -0.0914137
1.2379 -0.0321253 -0.0855874
1.42628 -0.0121583 -0.0754623
1.59566 0.0107053 -0.0629827
1.74717 0.0353101 -0.050737
1.87869 0.0603306 -0.0408088
1.98406 0.0842004 -0.034205
2.05477 0.105145 -0.0309102
2.08297 0.121423 -0.0301508
2.06313 0.131682 -0.0308674
1.99246 0.135163 -0.0322347
1.87079 0.131662 -0.0338203
1.70111 0.121389 -0.0355239
1.49062 0.104936 -0.0375151
1.25038 0.0833184 -0.0401188
0.992503 0.0579932 -0.0438491
0.727182 0.0307517 -0.049353
0.46164 0.00349212 -0.0568599
0.201015 -0.0220394 -0.0658149
-0.0503942 -0.0444109 -0.07509
-0.288452 -0.0625319 -0.0832182
-0.509358 -0.0756196 -0.0887119
-0.710154 -0.0831929 -0.0906191
-0.888563 -0.0850953 -0.0888235
-1.04181 -0.081524 -0.0838963
-1.16585 -0.0730602 -0.0767631
-1.25666 -0.0606716 -0.0684736
-1.31261 -0.0456333 -0.0601404
-1.33584 -0.029357 -0.0528221
-1.3308 -0.0132392 -0.0472522
-1.30167 0.00139034 -0.0436894
-1.25157 0.0132857 -0.0420457
-1.18358 0.0213858 -0.0419853
-1.10141 0.0249881 -0.0428869
-1.00938 0.0238608 -0.0440912
-0.911817 0.0182485 -0.045392
-0.811076 0.00883066 -0.0470891
-0.705456 -0.00336021 -0.0495464
-0.590284 -0.0170636 -0.0530127
-0.461456 -0.0309039 -0.0577656
-0.317458 -0.0434686 -0.0638616
-0.159314 -0.0534214 -0.0707131
0.00911046 -0.0596692 -0.0772555
0.180773 -0.0614885 -0.0823462
0.347722 -0.058552 -0.0848203
0.503917 -0.0508981 -0.0837038
0.645417 -0.0388652 -0.0788976
0.769726 -0.0230115 -0.0714256
0.875808 -0.00411012 -0.0627209
0.963061 0.0167596 -0.0539719
1.02933 0.0381818 -0.0461908
1.07084 0.0585574 -0.0401668
1.08446 0.0763478 -0.0361019
1.06889 0.0902383 -0.0337887
1.02353 0.0991855 -0.0330835
0.94785 0.10245 -0.0338276
0.842723 0.0996591 -0.0355323
0.710866 0.0908549 -0.0375875
0.556473 0.0765363 -0.0398615
0.386195 0.0576722 -0.0427708
0.20971 0.0356403 -0.0467746
0.0375059 0.0120663 -0.0522125
-0.122047 -0.0113787 -0.0592836
-0.263773 -0.0331455 -0.0675481
-0.385719 -0.0519088 -0.0757552
-0.488911 -0.0666124 -0.0824818
-0.575595 -0.0764845 -0.0866718
-0.646565 -0.0810498 -0.0877052
-0.700635 -0.0801596 -0.0854853
-0.736676 -0.0740394 -0.0805245
-0.755268 -0.0633153 -0.0736966
-0.75811 -0.0489751 -0.065899
-0.746632 -0.0322721 -0.0580227
-0.721543 -0.0145954 -0.0510465
-0.68304 0.00265315 -0.0458406
-0.631571 0.0181331 -0.0427553
-0.569673 0.0306006 -0.0415246
-0.503075 0.0389926 -0.041587
-0.438708 0.0425832 -0.0422911
-0.381278 0.0411165 -0.0429986
-0.332102 0.0348365 -0.0435307
-0.290079 0.0244451 -0.0444354
-0.252314 0.0110233 -0.0464745
-0.214665 -0.00410697 -0.0500659
-0.173241 -0.0195507 -0.0553169
-0.125285 -0.0339551 -0.0620667
-0.0687753 -0.0460672 -0.0696277
-0.00253508 -0.0548076 -0.0768288
0.0729612 -0.0593704 -0.082491
0.15557 -0.0592922 -0.0856895
0.242521 -0.0544617 -0.0857158
0.331436 -0.0451013 -0.0822512
0.420514 -0.0317446 -0.0756903
0.508119 -0.0151847 -0.0671519
0.592689 0.00359705 -0.0580911
0.672601 0.023458 -0.0498153
0.74536 0.0430838 -0.0432697
0.807253 0.0610501 -0.0390039
0.853983 0.0759867 -0.0369883
0.881552 0.0867454 -0.0366269
0.886483 0.0924928 -0.0372453
0.865907 0.0927635 -0.0384093
0.818758 0.0875098 -0.0398096
0.746983 0.0771082 -0.0412701
0.655087 0.0623135 -0.0429856
0.548997 0.0442165 -0.0455396
0.435451 0.0241858 -0.049506
0.320656 0.00372015 -0.0550327
0.208444 -0.0157452 -0.0618418
0.100078 -0.0329737 -0.0692709
-0.00462267 -0.0469821 -0.0761493
-0.10657 -0.0570565 -0.0811232
-0.206957 -0.0627628 -0.0832826
-0.30626 -0.0639576 -0.0823283
-0.403161 -0.060798 -0.0784637
-0.49471 -0.0537394 -0.0724013
-0.577243 -0.0435178 -0.0652495
-0.646951 -0.0311039 -0.0581977
-0.700505 -0.0176261 -0.0522492
-0.736088 -0.00427747 -0.0480707
-0.753978 0.00776994 -0.0458961
-0.756029 0.0174379 -0.045453
-0.744894 0.0238252 -0.0460608
-0.723374 0.026319 -0.0470028
-0.693638 0.0247046 -0.0478595
-0.656747 0.0192159 -0.0485644
-0.612991 0.0104911 -0.0493588
-0.562315 -0.000543747 -0.0507022
-0.503822 -0.0128004 -0.05304
-0.435223 -0.0251109 -0.0566127
-0.3537 -0.0362784 -0.0614455
-0.25786 -0.0451599 -0.0672722
-0.149283 -0.0508075 -0.0733446
-0.0327489 -0.0526104 -0.0784703
0.0851695 -0.0503471 -0.08138
0.198981 -0.0441211 -0.0811547
0.306484 -0.034255 -0.0775479
0.408083 -0.0212299 -0.0711594
0.504326 -0.00569621 -0.0632742
0.594414 0.0114805 -0.0553168
0.676116 0.0292006 -0.0483502
0.746192 0.0462003 -0.0429978
0.800997 0.0612066 -0.0395345
0.836651 0.0730959 -0.037867
0.848627 0.0809881 -0.0376197
0.832305 0.0842741 -0.0383348
0.785157 0.0826259 -0.0395479
0.70869 0.0760385 -0.0409097
0.608016 0.0648983 -0.0424338
0.489451 0.0500022 -0.0444952
0.358543 0.0324651 -0.047532
0.220041 0.0135473 -0.0517929
0.0790474 -0.00549759 -0.0572375
-0.0583144 -0.0234863 -0.0635219
-0.185654 -0.039325 -0.0700177
-0.298393 -0.0520655 -0.0758737
-0.395634 -0.0610034 -0.0802121
-0.479431 -0.0657487 -0.0823332
-0.551602 -0.0662339 -0.0817641
-0.611311 -0.0626836 -0.0783967
-0.655718 -0.0555625 -0.0727736
-0.682534 -0.0455119 -0.0660165
-0.69192 -0.0333118 -0.0593149
-0.686348 -0.0198956 -0.053556
-0.669259 -0.00636268 -0.0492581
-0.643943 0.00610619 -0.0465458
-0.613038 0.0164273 -0.0451769
-0.578794 0.0237678 -0.0447282
-0.543412 0.0276066 -0.0448802
-0.508073 0.0277465 -0.045576
-0.471572 0.0243094 -0.0468503
-0.430845 0.0177083 -0.0486542
-0.383235 0.00860824 -0.0509951
-0.328191 -0.00210904 -0.053966
-0.266897 -0.0133919 -0.0575403
-0.200669 -0.0241111 -0.0615665
-0.129729 -0.0331941 -0.0658364
-0.0527651 -0.0397474 -0.0699884
0.0322734 -0.0431201 -0.0734936
0.126125 -0.0429092 -0.0758172
0.227223 -0.0389497 -0.0765747
0.332782 -0.0313381 -0.0755362
0.43981 -0.0204761 -0.0725964
0.545025 -0.00705796 -0.0679098
0.644705 0.00801983 -0.0619362
0.734784 0.0237624 -0.0552834
0.810789 0.0391479 -0.0487012
0.868247 0.0531685 -0.0430537
0.903976 0.0648588 -0.0389854
0.916608 0.0733411 -0.0367326
0.905577 0.077914 -0.0362802
0.87021 0.0781545 -0.037448
0.809768 0.0739672 -0.0398425
0.723803 0.0655667 -0.0429642
0.612991 0.0534401 -0.0464172
0.480168 0.0383164 -0.0499351
0.330287 0.0211434 -0.0533682
0.169247 0.00304736 -0.0567828
0.00281227 -0.0147586 -0.0603809
-0.163629 -0.0311114 -0.064258
-0.324779 -0.045023 -0.068298
-0.475403 -0.0557524 -0.0721559
-0.610706 -0.0628291 -0.0753116
-0.726804 -0.0660492 -0.0772402
-0.821196 -0.0654587 -0.077546
-0.892753 -0.0613393 -0.0760484
-0.940856 -0.0541983 -0.0728291
-0.964892 -0.0447427 -0.0681869
-0.964988 -0.0338104 -0.0626349
-0.942612 -0.0222763 -0.056891
-0.900091 -0.0109857 -0.0516868
-0.840288 -0.000720089 -0.0476251
-0.766579 0.00784156 -0.045179
-0.682334 0.0141621 -0.0445073
-0.590652 0.01787 -0.0452978
-0.494792 0.0187943 -0.0470695
-0.398089 0.01702 -0.0494606
-0.302885 0.0129073 -0.0521153
-0.209986 0.00703739 -0.0546985
-0.119118 0.000121086 -0.0571053
-0.0294548 -0.00706912 -0.0593872
0.0599606 -0.0137326 -0.0615684
0.149926 -0.0190866 -0.0636558
0.240817 -0.0224539 -0.0656502
0.332381 -0.0233552 -0.0674699
0.423771 -0.0215532 -0.0688791
0.513547 -0.0170545 -0.069476
0.599383 -0.0100999 -0.0688542
0.678064 -0.00113068 -0.0668427
0.746376 0.00926557 -0.0635134
0.801826 0.0203979 -0.0590963
0.842518 0.0315041 -0.0540859
0.866949 0.0417975 -0.0491896
0.87389 0.0505295 -0.0450228
0.862014 0.0570404 -0.0420199
0.829701 0.0607948 -0.0404942
0.77542 0.0614176 -0.0405268
0.698348 0.0587276 -0.0419004
0.598756 0.0527543 -0.0442362
0.478261 0.0437418 -0.0471393
0.340188 0.032153 -0.0503028
0.189626 0.0186626 -0.053574
0.032783 0.00410681 -0.0569024
-0.124035 -0.0106044 -0.0602704
-0.27503 -0.0245802 -0.06364
-0.415001 -0.0370139 -0.066867
-0.539325 -0.0472135 -0.0697309
-0.644208 -0.0546261 -0.0720394
-0.727333 -0.0588787 -0.073592
-0.788267 -0.0598282 -0.0741208
-0.82821 -0.0575891 -0.0733689
-0.84913 -0.0525094 -0.0712157
-0.852527 -0.0450998 -0.0677825
-0.838646 -0.0359597 -0.0634762
-0.807113 -0.0257439 -0.0589162
-0.758294 -0.0151509 -0.0547805
-0.693855 -0.00490075 -0.05158
-0.616512 0.00430225 -0.0494777
-0.529642 0.0118293 -0.0483784
-0.436811 0.017208 -0.0481279
-0.341067 0.0201868 -0.0485332
-0.244494 0.020747 -0.0493925
-0.148262 0.0190788 -0.050631
-0.0527657 0.015551 -0.0522665
0.0420051 0.0106805 -0.0542573
0.135599 0.00508622 -0.0564913
0.226568 -0.000567899 -0.0588471
0.312995 -0.00562976 -0.0611823
0.393633 -0.0095092 -0.0633187
0.468376 -0.0117227 -0.0650847
0.537348 -0.0119375 -0.0663329
0.599701 -0.0100081 -0.0668892
0.653597 -0.0059979 -0.0665304
0.697218 -0.000175005 -0.0650809
0.729763 0.00703561 -0.0626127
0.751715 0.0151235 -0.0594814
0.763859 0.0235295 -0.0560975
0.765434 0.0316378 -0.0527961
0.753489 0.0387801 -0.0498619
0.724774 0.0442999 -0.0474587
0.678265 0.0476503 -0.0456521
0.61564 0.0484719 -0.0446214
0.539635 0.0466219 -0.0446622
0.452233 0.0421514 -0.0458967
0.354381 0.0352527 -0.0481178
0.247192 0.0262286 -0.0509514
0.133458 0.0155175 -0.0540714
0.0181804 0.00373685 -0.0572704
-0.0929284 -0.00834271 -0.0604298
-0.196222 -0.0199086 -0.0634698
-0.2912 -0.0302248 -0.0662676
-0.378637 -0.0387033 -0.068517
-0.458029 -0.0449242 -0.0697999
-0.526826 -0.0486115 -0.0699833
-0.581329 -0.0495955 -0.0693563
-0.618146 -0.0478217 -0.0682922
-0.6357 -0.0434269 -0.0670127
-0.63486 -0.0368084 -0.0655787
-0.61798 -0.0285976 -0.063844
-0.587482 -0.0195397 -0.0615231
-0.545485 -0.0103557 -0.058515
-0.494249 -0.00165657 -0.0551351
-0.436258 0.0060674 -0.0519376
-0.373779 0.0124099 -0.0493777
-0.308712 0.017016 -0.0476906
-0.242976 0.0196135 -0.0469709
-0.178632 0.0201045 -0.0472462
-0.117555 0.0186272 -0.0484636
-0.0613805 0.0155171 -0.0505016
-0.0114206 0.0112057 -0.0532137
0.0320367 0.00614348 -0.0563053
0.0699331 0.000781221 -0.0592619
0.103409 -0.00441148 -0.0616379
0.132841 -0.00893318 -0.0632965
0.158177 -0.0122902 -0.0642609
0.179656 -0.0140917 -0.0645678
0.197911 -0.0141344 -0.0643209
0.213917 -0.0124135 -0.0636513
0.22865 -0.00907411 -0.0626075
0.242195 -0.0043647 -0.0612268
0.253262 0.00137365 -0.0596387
0.259973 0.00769916 -0.0579655
0.261176 0.0140769 -0.0562036
0.256805 0.0199264 -0.0543122
0.24727 0.0247043 -0.0523655
0.232994 0.0279867 -0.0505772
0.214526 0.0295083 -0.04923
0.192634 0.029148 -0.0486049
0.168098 0.0269 -0.048914
0.141558 0.0228623 -0.0501679
0.113425 0.0172441 -0.0521097
0.0836819 0.0103765 -0.0544175
0.0521494 0.0027167 -0.0569096
0.0193352 -0.00517619 -0.0594594
-0.0131701 -0.0127172 -0.0618698
-0.0436117 -0.0193872 -0.0639344
-0.0710896 -0.0247739 -0.0655013
-0.0954115 -0.0285543 -0.0664231
-0.116485 -0.0304844 -0.0665919
-0.133896 -0.0304294 -0.0660832
-0.146859 -0.0284058 -0.0651245
-0.154687 -0.0245961 -0.0638739
-0.157252 -0.0193348 -0.0623456
-0.155033 -0.0130739 -0.0605381
-0.148857 -0.00632704 -0.058534
-0.139523 0.000399556 -0.0564959
-0.127767 0.00664307 -0.054575
-0.114709 0.0119737 -0.0528515
-0.101871 0.0160002 -0.0514145
-0.0902975 0.0184282 -0.0503821
-0.079846 0.0191287 -0.0498567
-0.0693239 0.0181581 -0.0500025
-0.057152 0.0157173 -0.0510141
-0.0420741 0.0120927 -0.0528977
-0.0233677 0.00762276 -0.0554174
-0.000582048 0.00269218 -0.0582123
0.026508 -0.00226943 -0.0608909
0.0576623 -0.00680272 -0.0631284
0.0921693 -0.0104626 -0.0646997
0.128963 -0.0128823 -0.065448
0.166699 -0.0138117 -0.0653515
0.204176 -0.0131171 -0.0645452
0.240542 -0.0107824 -0.0631835
0.275182 -0.00692739 -0.0614462
0.307424 -0.00180926 -0.059631
