8.11093e-07 4.01681e-09 -0.0403818
-0.000195776 -6.12455e-07 -0.0403781
-0.000927742 -4.97817e-06 -0.0403729
-0.00214004 -1.73636e-05 -0.040404
-0.00342293 -3.73258e-05 -0.040497
-0.00478418 -6.03104e-05 -0.0405803
-0.00696192 -8.50242e-05 -0.0405934
-0.010532 -0.000116479 -0.0406129
-0.0149243 -0.000161082 -0.0407499
-0.0186508 -0.000219921 -0.0410135
-0.0202958 -0.000283721 -0.0412703
-0.0195568 -0.000328246 -0.0413153
-0.0177221 -0.000329887 -0.0410404
-0.0165078 -0.000300208 -0.0406177
-0.0164875 -0.000294703 -0.0404765
-0.0176026 -0.000378293 -0.040814
-0.0202236 -0.00057651 -0.0413186
-0.0242642 -0.000843155 -0.0416666
-0.0283875 -0.00106862 -0.0418194
-0.0312541 -0.00115279 -0.0418075
-0.032261 -0.00109127 -0.0417685
-0.0303635 -0.000964949 -0.0418935
-0.0244293 -0.000838372 -0.0419924
-0.0157131 -0.000701093 -0.0415696
-0.00733281 -0.000507393 -0.0406083
-0.00142468 -0.000241643 -0.0398114
0.00148753 3.55814e-05 -0.0396863
0.00155708 0.000192826 -0.0400583
-0.000410146 0.000137591 -0.0406228
-0.00187807 -5.16202e-05 -0.0410303
0.000447269 -0.000146707 -0.0408578
0.00733125 3.32909e-05 -0.0401388
0.0162522 0.000451332 -0.0393889
0.0243849 0.000883544 -0.0390701
0.0295473 0.00109666 -0.039077
0.0293613 0.00101418 -0.0390065
0.0243445 0.00076388 -0.0390569
0.0196693 0.000590515 -0.0395619
0.0203614 0.000664412 -0.0399777
0.0255048 0.000929493 -0.0397159
0.0286836 0.00116291 -0.0390046
0.0258302 0.00117384 -0.0384005
0.0207137 0.00094625 -0.0385639
0.018441 0.000613206 -0.0396103
0.0168192 0.000324586 -0.0405016
0.0107141 0.000148902 -0.0404553
0.000700455 6.22021e-05 -0.0399445
-0.00950542 -2.50512e-05 -0.039846
-0.0179108 -0.000235759 -0.0406897
-0.0217164 -0.000597533 -0.0421917
-0.0195242 -0.000921053 -0.0429618
-0.0166914 -0.000962472 -0.0417501
-0.0193073 -0.000714654 -0.0396868
-0.0267018 -0.000431594 -0.0394165
-0.0352776 -0.00042795 -0.0412706
-0.0438583 -0.000868164 -0.0432504
-0.0514375 -0.00157226 -0.0441018
-0.0544987 -0.00201986 -0.0435247
-0.0492802 -0.00178315 -0.0418313
-0.0358361 -0.00100802 -0.0405429
-0.0212347 -0.000311896 -0.0407497
-0.015687 -0.000237618 -0.0414933
-0.0234778 -0.000828182 -0.0415178
-0.0403619 -0.00161069 -0.0413345
-0.056028 -0.00198838 -0.0421454
-0.0601261 -0.00171748 -0.0437455
-0.0514609 -0.00105808 -0.0444044
-0.0377138 -0.000466221 -0.0429668
-0.0248666 -0.000151934 -0.0405265
-0.0133637 2.16483e-05 -0.0388165
-0.00524829 0.00025197 -0.0385207
-0.00641945 0.000476835 -0.0396694
-0.0201877 0.000421216 -0.041332
-0.0433916 -6.1636e-05 -0.0421309
-0.0673653 -0.000817623 -0.0422221
-0.0810601 -0.00148495 -0.0429541
-0.0774887 -0.00171617 -0.0443567
-0.0585987 -0.00141975 -0.0445083
-0.0338979 -0.000838211 -0.0423692
-0.0148961 -0.000370658 -0.0395351
-0.00837315 -0.000306393 -0.0381344
-0.0138123 -0.000719973 -0.0391365
-0.0262375 -0.0014922 -0.0420923
-0.0427485 -0.00232817 -0.0448084
-0.0637782 -0.00287668 -0.045118
-0.0847431 -0.00294185 -0.0437119
-0.0936578 -0.0025657 -0.0433379
-0.0839279 -0.00196492 -0.0445692
-0.0638082 -0.00138111 -0.0449483
-0.045743 -0.000891708 -0.0430552
-0.0332182 -0.000345875 -0.0401278
-0.0238064 0.000376678 -0.0379933
-0.0191015 0.00100997 -0.0379331
-0.0248418 0.0010439 -0.0400694
-0.0413683 0.000262378 -0.0426408
-0.0599486 -0.00096174 -0.0435829
-0.0706943 -0.00192958 -0.0429648
-0.0676185 -0.00215801 -0.0425979
-0.0474185 -0.00169273 -0.043248
-0.0141261 -0.00101033 -0.0432545
0.017656 -0.000619466 -0.0411536
0.0363434 -0.000651015 -0.0384521
0.0478038 -0.000770203 -0.0375703
0.0627652 -0.000545567 -0.0385227
0.0763307 5.15677e-05 -0.0394638
0.0749591 0.00063578 -0.0392752
0.0590141 0.000924852 -0.0384343
0.0449309 0.00104518 -0.0379347
0.0429445 0.0013033 -0.0384084
0.0467812 0.0018674 -0.0394601
0.0499804 0.00272523 -0.0394644
0.057542 0.00375833 -0.0374861
0.0719843 0.00471037 -0.0346791
0.0805658 0.00522888 -0.0330616
0.0714382 0.00505296 -0.0337724
0.0505517 0.00420076 -0.0362857
0.0274102 0.00292874 -0.0387654
-0.00402997 0.00148094 -0.0398125
-0.0536315 -3.22123e-05 -0.0403704
-0.111661 -0.00157766 -0.0426307
-0.154096 -0.00312 -0.0469172
-0.168735 -0.00457181 -0.0508731
-0.160833 -0.00567818 -0.0516291
-0.137568 -0.00599942 -0.0484632
-0.106384 -0.00534066 -0.0434007
-0.0848721 -0.00427804 -0.0399678
-0.0923302 -0.0039576 -0.0412227
-0.130064 -0.00512072 -0.0466809
-0.18206 -0.00735572 -0.0519238
-0.231451 -0.00934832 -0.0537069
-0.262762 -0.00981071 -0.0531497
-0.258587 -0.00830776 -0.0524053
-0.212918 -0.00553836 -0.0510822
-0.142926 -0.00283837 -0.0477227
-0.0757678 -0.0010993 -0.042881
-0.0274928 -0.000128614 -0.0382042
-0.000701124 0.000800084 -0.0350086
0.00820192 0.00189599 -0.0352201
0.00535496 0.00263023 -0.0391082
-0.00417665 0.00244749 -0.0426273
-0.0149001 0.00142965 -0.0421502
-0.0148925 0.000384266 -0.039764
0.0103449 0.000307772 -0.0390554
0.0639766 0.00153362 -0.0391947
0.131481 0.00336697 -0.0375738
0.190958 0.00471472 -0.0340012
0.227529 0.0050709 -0.0299779
0.23849 0.00472689 -0.0275387
0.227587 0.00421452 -0.0288469
0.19811 0.00379539 -0.0337529
0.154131 0.00339071 -0.0383403
0.105691 0.002885 -0.0392147
0.0681579 0.00244656 -0.0378631
0.0519856 0.00248672 -0.0373619
0.054877 0.00322927 -0.0376894
0.0657898 0.00437452 -0.0373237
0.0721575 0.00528482 -0.0359602
0.0636235 0.00540976 -0.0340904
0.0356845 0.00454639 -0.0331812
-0.00972045 0.00283446 -0.0354466
-0.06982 0.000559536 -0.0408448
-0.141906 -0.00203834 -0.0464849
-0.216196 -0.00475031 -0.0502431
-0.275038 -0.0072461 -0.0525985
-0.301559 -0.00910993 -0.0544821
-0.287051 -0.0100512 -0.0555014
-0.234404 -0.0100093 -0.0545642
-0.156214 -0.00914426 -0.0509695
-0.0662548 -0.00779441 -0.045417
0.0268805 -0.00634725 -0.0402811
0.118777 -0.00507414 -0.0376439
0.208158 -0.00402979 -0.0371441
0.298547 -0.00296941 -0.0364759
0.398732 -0.0013427 -0.0336302
0.521326 0.00145852 -0.0285192
0.678909 0.00574371 -0.0223148
0.877811 0.0114198 -0.0153429
1.11353 0.0181658 -0.00656342
1.37329 0.0256646 0.00498019
1.64393 0.0337285 0.0187016
1.91585 0.04221 0.0324294
2.17827 0.0507378 0.0441832
2.41595 0.0586411 0.0535954
2.61667 0.0652993 0.061316
2.78 0.0705892 0.0679537
2.91175 0.0749146 0.0736862
3.00885 0.0787672 0.0783397
3.05393 0.0822309 0.0815231
3.02621 0.0848294 0.082487
2.91388 0.0858304 0.0802356
2.71673 0.0847562 0.0741299
2.44009 0.0816918 0.0644471
2.09093 0.077125 0.0525197
1.68036 0.0714472 0.039623
1.22149 0.0645228 0.0256194
0.72207 0.0556187 0.00963341
0.178465 0.0437784 -0.00899505
-0.408377 0.0284021 -0.0310084
-0.993746 0.00974491 -0.0573968
-1.50954 -0.0109448 -0.0865163
-1.93906 -0.0321587 -0.110918
-2.32418 -0.0531663 -0.126421
-2.69829 -0.0740981 -0.140883
-3.05362 -0.0952752 -0.162179
-3.37866 -0.116592 -0.189135
-3.68178 -0.136991 -0.216755
-3.96401 -0.153951 -0.238205
-4.19134 -0.164116 -0.248465
-4.31221 -0.165385 -0.249329
-4.30956 -0.158191 -0.245837
-4.20974 -0.144781 -0.238923
-4.03655 -0.127352 -0.224199
-3.79881 -0.106832 -0.199523
-3.52197 -0.0834838 -0.169399
-3.24719 -0.0584728 -0.141364
-3.00278 -0.0346631 -0.121006
-2.80302 -0.0156528 -0.108259
-2.65113 -0.00386585 -0.0999345
-2.51611 0.000942509 -0.095016
-2.32762 0.00166954 -0.0924972
-2.02163 0.00166727 -0.0885403
-1.58983 0.00214741 -0.0798608
-1.07902 0.00184298 -0.0662247
-0.550388 -0.00111633 -0.0502324
-0.0498411 -0.0073046 -0.0369908
0.390066 -0.0154578 -0.0315075
0.746426 -0.0231112 -0.0336653
1.01742 -0.0278131 -0.0371561
1.23343 -0.0281463 -0.0359264
1.44791 -0.02367 -0.0294466
1.70766 -0.0141207 -0.0190223
2.02606 0.000889722 -0.00280295
2.37962 0.0214034 0.0213165
2.72685 0.0463764 0.0511297
3.02652 0.0732886 0.0811695
3.24305 0.0985316 0.1056
3.34237 0.118618 0.120586
3.29217 0.131555 0.126054
3.08348 0.137239 0.124015
2.7511 0.136739 0.114851
2.3621 0.131209 0.0978483
1.98352 0.121232 0.0754833
1.6553 0.107081 0.0539127
1.38436 0.0893981 0.0384129
1.15507 0.0693256 0.0283034
0.93835 0.0477588 0.0172583
0.693045 0.0245875 -0.000508728
0.374161 -0.00101825 -0.0264037
-0.0422301 -0.0293306 -0.0579647
-0.538979 -0.0587715 -0.0909642
-1.06166 -0.0858951 -0.122392
-1.53922 -0.106893 -0.150695
-1.90895 -0.119328 -0.173141
-2.13368 -0.12277 -0.184901
-2.20845 -0.118124 -0.182127
-2.16053 -0.106616 -0.166121
-2.03719 -0.0894507 -0.143256
-1.88562 -0.0682114 -0.120983
-1.74344 -0.0453394 -0.103503
-1.63657 -0.0237913 -0.0901497
-1.56935 -0.00583628 -0.078579
-1.51672 0.00797244 -0.068141
-1.43512 0.018596 -0.0594213
-1.28402 0.027185 -0.0527091
-1.04261 0.0339317 -0.0464877
-0.715554 0.0380434 -0.0374978
-0.33088 0.0385616 -0.0243939
0.0689765 0.0351987 -0.0104763
0.442081 0.0285274 -0.00162775
0.75861 0.0195384 -0.00131732
1.00234 0.00914968 -0.00744026
1.16697 -0.00176191 -0.0149516
1.26301 -0.0119117 -0.0206091
1.32948 -0.0193957 -0.0242967
1.41873 -0.0221242 -0.0265463
1.56093 -0.0187124 -0.0249248
1.75034 -0.00908435 -0.0153012
1.96279 0.00567743 0.00317154
2.16957 0.0238263 0.0268439
2.33044 0.0431953 0.0493295
2.39807 0.0613273 0.0644126
2.34346 0.0760284 0.0698345
2.17322 0.086064 0.0681225
1.92472 0.0913626 0.0630677
1.64885 0.092712 0.0559665
1.39149 0.0911248 0.0470504
1.17802 0.0871004 0.0381514
1.00839 0.08025 0.0304565
0.862565 0.0697416 0.0227192
0.70878 0.0551403 0.0131477
0.513823 0.0367466 8.94464e-05
0.254391 0.0154287 -0.0186102
-0.0747648 -0.00764537 -0.0436801
-0.459002 -0.0311634 -0.0722485
-0.867893 -0.0536417 -0.0999246
-1.2608 -0.0733179 -0.124002
-1.59359 -0.0882344 -0.143048
-1.83199 -0.0967734 -0.155084
-1.96539 -0.0983218 -0.158409
-2.0062 -0.093489 -0.153583
-1.97798 -0.0837684 -0.142921
-1.90987 -0.0709817 -0.128945
-1.83424 -0.056877 -0.114685
-1.77423 -0.0429026 -0.103365
-1.73132 -0.0300377 -0.0958555
-1.68737 -0.0187646 -0.0901689
-1.6158 -0.00918003 -0.0843435
-1.48964 -0.00109318 -0.0777193
-1.28709 0.00583815 -0.069387
-1.00192 0.0118108 -0.0582949
-0.653638 0.0165779 -0.0450203
-0.282715 0.0195186 -0.0316168
0.0688732 0.0200434 -0.0203824
0.372376 0.0179698 -0.0133909
0.614923 0.013693 -0.0117456
0.799013 0.00818846 -0.0143233
0.941107 0.00284208 -0.0177786
1.06502 -0.000936383 -0.0189041
1.19336 -0.00212451 -0.01692
1.34163 -0.0002547 -0.0124392
1.51277 0.00465737 -0.00534917
1.69402 0.0122261 0.00480185
1.8615 0.0217851 0.0172737
1.98874 0.0324487 0.0299704
2.05233 0.0430979 0.0403732
2.03542 0.052434 0.0461976
1.93347 0.0593276 0.0462547
1.75972 0.0633165 0.0416311
1.5424 0.0647601 0.0349727
1.31386 0.0644455 0.0282043
1.1007 0.0629589 0.0218043
0.918813 0.0602579 0.0157856
0.769786 0.0557049 0.0101632
0.640506 0.0485255 0.00446076
0.510219 0.0383726 -0.00253307
0.359863 0.02555 -0.012096
0.173342 0.0107375 -0.0249629
-0.0659473 -0.00544539 -0.0413875
-0.367047 -0.0225348 -0.0611951
-0.715244 -0.0398316 -0.0836306
-1.06939 -0.0559531 -0.106685
-1.377 -0.0688574 -0.126687
-1.5914 -0.0764169 -0.139497
-1.68323 -0.0772428 -0.142026
-1.65186 -0.0713781 -0.133616
-1.5318 -0.0604972 -0.117307
-1.38261 -0.0473524 -0.0988905
-1.26675 -0.0347014 -0.0838584
-1.229 -0.0244146 -0.0751107
-1.28477 -0.017179 -0.073094
-1.41643 -0.0127116 -0.0767951
-1.57692 -0.010211 -0.0837734
-1.70375 -0.00879521 -0.0905895
-1.74088 -0.0077421 -0.0939728
-1.65724 -0.00652915 -0.09149
-1.45613 -0.00492348 -0.0823116
-1.17505 -0.00324966 -0.0682662
-0.874789 -0.00256385 -0.0540175
-0.618535 -0.00437517 -0.0450998
-0.452177 -0.00987673 -0.0445785
-0.394495 -0.0191222 -0.051813
-0.431985 -0.0306972 -0.0640872
-0.519136 -0.0420952 -0.078143
-0.59451 -0.0506421 -0.0902543
-0.606334 -0.0544693 -0.0966473
-0.526518 -0.0529132 -0.0951122
-0.349865 -0.0462088 -0.0853993
-0.0942394 -0.0350293 -0.0683507
0.19792 -0.0204477 -0.046481
0.470386 -0.00412264 -0.024506
0.673337 0.0118103 -0.00707961
0.776048 0.0252298 0.0036839
0.768679 0.0346906 0.00769609
0.665598 0.0399595 0.00552515
0.510154 0.0420515 -0.00116748
0.365303 0.0425647 -0.00913318
0.287824 0.042723 -0.0147536
0.305475 0.0428781 -0.0154928
0.412035 0.0426646 -0.0105281
0.57409 0.0413903 -0.00164099
0.741422 0.0382839 0.00644119
0.861893 0.0326337 0.00855519
0.89791 0.0240205 0.00272932
0.836846 0.0126429 -0.00925889
0.694463 -0.000428083 -0.0245142
0.510276 -0.013275 -0.0406804
0.330176 -0.0236216 -0.0550708
0.187209 -0.0296549 -0.0647406
0.0964679 -0.0306239 -0.0683622
0.0597168 -0.0268021 -0.066162
0.067105 -0.0190774 -0.058618
0.0958345 -0.00863439 -0.0473315
0.116918 0.00316397 -0.0354658
0.108421 0.0148399 -0.0257961
0.0603329 0.0248699 -0.019436
-0.0296718 0.0318419 -0.0165587
-0.158772 0.034813 -0.0175123
-0.314442 0.0336138 -0.0223375
-0.471638 0.0287665 -0.0301573
-0.599722 0.0211012 -0.040027
-0.672288 0.0114525 -0.0504596
-0.674686 0.000634372 -0.0587361
-0.608076 -0.0105208 -0.0628584
-0.486881 -0.0212273 -0.0635843
-0.331634 -0.0308597 -0.0636692
-0.164697 -0.0390295 -0.0647846
-0.0076936 -0.0455075 -0.0662771
0.126405 -0.049961 -0.0671419
0.241083 -0.0516735 -0.0667358
0.352291 -0.0496239 -0.0640098
0.47583 -0.0430015 -0.0581653
0.620496 -0.0316708 -0.0490376
0.78912 -0.0162153 -0.0362258
0.978673 0.00231141 -0.0193039
1.17761 0.0226174 0.000640362
1.36717 0.0432904 0.0207114
1.52831 0.0628371 0.0382295
1.64451 0.0796903 0.052075
1.69816 0.0923179 0.0616958
1.67448 0.0995277 0.0661338
1.57419 0.100809 0.0642641
1.41537 0.0964049 0.0558593
1.22024 0.0870613 0.0423444
1.00519 0.0737196 0.0261266
0.783954 0.0574083 0.0094631
0.571946 0.0392178 -0.00652409
0.379544 0.0201914 -0.0221871
0.20276 0.00120779 -0.0379847
0.0261881 -0.0170161 -0.0533793
-0.16479 -0.0338408 -0.067698
-0.376369 -0.0486554 -0.0810717
-0.605819 -0.0608636 -0.0942017
-0.842117 -0.0698538 -0.107122
-1.06858 -0.074996 -0.118115
-1.26857 -0.0757483 -0.124657
-1.42896 -0.0718662 -0.125487
-1.5396 -0.0636047 -0.121302
-1.59428 -0.0518157 -0.113727
-1.59565 -0.0378644 -0.103918
-1.55848 -0.0233467 -0.0922907
-1.50515 -0.00975308 -0.0795229
-1.45558 0.0016863 -0.0675289
-1.42078 0.00993717 -0.0591657
-1.40288 0.0141223 -0.0564994
-1.39638 0.0137176 -0.0591191
-1.38863 0.00889103 -0.0644717
-1.36167 0.000629271 -0.0699467
-1.29677 -0.00957647 -0.0745548
-1.1818 -0.0203211 -0.0785711
-1.01725 -0.0307208 -0.0819698
-0.81558 -0.0403618 -0.0839746
-0.594561 -0.048853 -0.0838458
-0.369953 -0.05544 -0.0815648
-0.152362 -0.0590773 -0.0779198
0.0520182 -0.0588838 -0.0736959
0.241017 -0.05452 -0.0686567
0.418317 -0.0461453 -0.0615742
0.59297 -0.0340573 -0.0511324
0.77471 -0.018444 -0.0368858
0.969479 0.000462829 -0.0195804
1.17688 0.0219675 -0.000487401
1.3879 0.0446192 0.0193517
1.5844 0.0663627 0.0389111
1.7433 0.085091 0.0565317
1.8444 0.099217 0.0699119
1.87721 0.107886 0.0768834
1.84175 0.1108 0.0765356
1.74438 0.107971 0.0698089
1.59512 0.0996632 0.0587211
1.40905 0.0865217 0.0448398
1.20593 0.06966 0.0287075
1.00475 0.0505236 0.010771
0.816696 0.0305708 -0.00763408
0.641466 0.0109994 -0.0246066
0.46899 -0.00733969 -0.0389681
0.286045 -0.0238743 -0.051324
0.0832791 -0.0381795 -0.0635836
-0.141999 -0.0498502 -0.0768542
-0.388127 -0.0584307 -0.0899975
-0.649592 -0.0634413 -0.100634
-0.911443 -0.0644805 -0.10742
-1.14779 -0.0613819 -0.11073
-1.33188 -0.0544041 -0.110996
-1.44834 -0.0443082 -0.107675
-1.49775 -0.032214 -0.100015
-1.49448 -0.0194022 -0.0881499
-1.46078 -0.00728415 -0.0743991
-1.41809 0.00257368 -0.0632282
-1.38147 0.0086681 -0.0580939
-1.35971 0.010013 -0.058724
-1.35315 0.00654081 -0.0624978
-1.3485 -0.000805375 -0.0676327
-1.32045 -0.0104468 -0.073798
-1.24372 -0.0208575 -0.0804429
-1.10588 -0.0310236 -0.0861306
-0.909422 -0.0402969 -0.088977
-0.665359 -0.0479332 -0.0873943
-0.388719 -0.0529472 -0.0814701
-0.0984357 -0.0544589 -0.0733462
0.184041 -0.0521437 -0.0652803
0.439032 -0.046332 -0.0574541
0.654464 -0.0376303 -0.0484901
0.832185 -0.0263746 -0.0378488
0.988833 -0.0124046 -0.0261105
1.14633 0.00457544 -0.0131794
1.31885 0.0243205 0.00188367
1.50752 0.0456815 0.0195091
1.70303 0.0668489 0.0390301
1.88859 0.0859077 0.0585355
2.04048 0.101241 0.0749074
2.13098 0.111638 0.0850727
2.13746 0.116249 0.0876907
2.0515 0.114591 0.083149
1.88096 0.106683 0.0722346
1.6476 0.0932349 0.0557766
1.38303 0.0756851 0.0354427
1.12044 0.0559121 0.0139844
0.88334 0.0357231 -0.00577143
0.679606 0.0164226 -0.0221966
0.502719 -0.0012952 -0.0353266
0.334332 -0.017189 -0.0464782
0.148226 -0.0312324 -0.0574282
-0.0792944 -0.0433718 -0.0695225
-0.356064 -0.0533429 -0.082953
-0.669412 -0.0606503 -0.0966382
-0.992046 -0.0647193 -0.108859
-1.29027 -0.0650743 -0.117902
-1.53118 -0.0614766 -0.122212
-1.69157 -0.0541023 -0.120655
-1.76602 -0.0437194 -0.11336
-1.76756 -0.0317015 -0.102107
-1.72158 -0.0198154 -0.0895415
-1.65855 -0.00988472 -0.0783064
-1.60646 -0.00342112 -0.0707109
-1.58204 -0.00128389 -0.0682884
-1.58415 -0.00351088 -0.0710682
-1.59483 -0.00941131 -0.0775858
-1.58646 -0.017825 -0.0857223
-1.52969 -0.0273773 -0.093224
-1.40131 -0.0366766 -0.0978485
-1.19247 -0.0445016 -0.0979801
-0.913692 -0.0499711 -0.0934435
-0.592826 -0.052643 -0.0854144
-0.26677 -0.0525052 -0.0756164
0.0295446 -0.0498381 -0.0658757
0.273059 -0.0449531 -0.0576557
0.458428 -0.0379146 -0.0510866
0.598408 -0.028437 -0.0447847
0.718708 -0.016061 -0.0368877
0.847542 -0.000518968 -0.025921
1.00419 0.0178984 -0.0110889
1.1929 0.0381654 0.00727353
1.40293 0.0586454 0.0274082
1.61183 0.0774336 0.0468317
1.79001 0.0927249 0.0632064
1.9066 0.103066 0.074467
1.93699 0.107483 0.078851
1.87011 0.105553 0.0753109
1.71274 0.0974631 0.0639958
1.48836 0.0840789 0.0464212
1.2313 0.0669186 0.0253466
0.978325 0.0479265 0.00422284
0.759544 0.0290543 -0.0140776
0.591161 0.011795 -0.028273
0.471356 -0.0030882 -0.0385577
0.379802 -0.0155211 -0.0458778
0.282892 -0.0258329 -0.0515417
0.146305 -0.0344041 -0.0573458
-0.0504683 -0.0414241 -0.065125
-0.306551 -0.0468098 -0.0755693
-0.600466 -0.0502476 -0.0876029
-0.89572 -0.0512454 -0.0987338
-1.14986 -0.0492151 -0.105883
-1.32647 -0.0437248 -0.1067
-1.40603 -0.0348994 -0.100888
-1.39118 -0.0237135 -0.0901509
-1.3053 -0.0119156 -0.0769524
-1.18609 -0.00158065 -0.0637297
-1.07542 0.00549316 -0.0529774
-1.00642 0.00824871 -0.0471573
-0.992233 0.0064893 -0.047895
-1.02307 0.000706491 -0.0550525
-1.07179 -0.00813652 -0.0664236
-1.10225 -0.0186938 -0.0784086
-1.07816 -0.0292949 -0.0873759
-0.973869 -0.0381935 -0.091018
-0.783715 -0.0440364 -0.0889851
-0.524411 -0.0462804 -0.0823773
-0.229533 -0.0452433 -0.0727486
0.0604777 -0.0417426 -0.0616894
0.309258 -0.0365609 -0.0509451
0.493723 -0.0300722 -0.0421209
0.609358 -0.0222256 -0.0359013
0.670062 -0.0128027 -0.0316578
0.702916 -0.00167258 -0.0276693
0.739436 0.0111333 -0.0217426
0.805237 0.0254294 -0.0121915
0.911287 0.04078 0.00118576
1.05006 0.0562959 0.0168289
1.1975 0.0705164 0.0321713
1.319 0.0815844 0.0446263
1.37894 0.0877328 0.0519421
1.3522 0.0878672 0.0523416
1.23254 0.0819072 0.0450331
1.03334 0.0706893 0.0307265
0.782452 0.0555743 0.0115293
0.515416 0.0380835 -0.00964631
0.267657 0.0197362 -0.0297485
0.0653871 0.00199205 -0.0464208
-0.0816327 -0.0138711 -0.0587376
-0.181175 -0.0269707 -0.0671298
-0.253424 -0.0370066 -0.0727099
-0.323355 -0.0442498 -0.076776
-0.413175 -0.0492564 -0.0805647
-0.535059 -0.0524406 -0.0848896
-0.685892 -0.0537881 -0.089773
-0.847959 -0.0529088 -0.0944037
-0.996605 -0.0493724 -0.0973712
-1.10878 -0.0430719 -0.097167
-1.16647 -0.0343777 -0.0929957
-1.15893 -0.0240404 -0.0851563
-1.0878 -0.0130113 -0.0745463
-0.969735 -0.00233562 -0.0623663
-0.831407 0.00689431 -0.050345
-0.699843 0.0136034 -0.040529
-0.594844 0.0168749 -0.0347512
-0.525463 0.0161895 -0.0340585
-0.488941 0.0116886 -0.0380658
-0.471498 0.00426405 -0.0449832
-0.452134 -0.00467228 -0.0525006
-0.409425 -0.0136271 -0.0588047
-0.328158 -0.0214132 -0.0629225
-0.203485 -0.0272964 -0.0642742
-0.0427091 -0.0309008 -0.062462
0.136604 -0.032039 -0.057688
0.312658 -0.0306379 -0.0509866
0.465676 -0.0268005 -0.0438226
0.581679 -0.0208811 -0.0373875
0.655528 -0.0134038 -0.0321604
0.693648 -0.00480848 -0.0277763
0.712673 0.00476762 -0.0231231
0.732252 0.0154144 -0.0170045
0.76607 0.0270837 -0.00896651
0.817237 0.0392247 0.000527095
0.879617 0.0507149 0.0103519
0.940443 0.0601589 0.0190565
0.982242 0.066359 0.0253
0.987421 0.0686523 0.028047
0.945256 0.0669361 0.0265092
0.855961 0.0614472 0.0203431
0.729166 0.052557 0.00997874
0.579769 0.0407895 -0.00325612
0.424098 0.0269968 -0.0174097
0.276969 0.012416 -0.0307183
0.149402 -0.00157744 -0.0423113
0.0462038 -0.0138824 -0.0520882
-0.0358453 -0.0239531 -0.0600646
-0.106704 -0.0317447 -0.0660958
-0.17805 -0.0373824 -0.0702604
-0.257223 -0.0408431 -0.073087
-0.344463 -0.0419176 -0.0751638
-0.434777 -0.040447 -0.076607
-0.520827 -0.0365679 -0.0769117
-0.593721 -0.0307295 -0.075359
-0.643753 -0.0235101 -0.0715924
-0.663967 -0.0154495 -0.0658687
-0.653683 -0.00706005 -0.0589626
-0.617943 0.00103922 -0.0518269
-0.564943 0.00805364 -0.0452174
-0.504855 0.0131164 -0.0396689
-0.448541 0.0155329 -0.0358342
-0.404121 0.0150227 -0.0345307
-0.373854 0.0117906 -0.0361734
-0.354066 0.0063877 -0.0403648
-0.336679 -0.000490936 -0.0461
-0.310977 -0.00808966 -0.0520686
-0.26663 -0.0155789 -0.0569017
-0.197823 -0.0220934 -0.0596656
-0.105968 -0.0268712 -0.0602339
0.000363262 -0.0294263 -0.0589631
0.107491 -0.0296482 -0.0562157
0.20112 -0.0277483 -0.0524912
0.272135 -0.0240441 -0.0485532
0.319484 -0.0187306 -0.0448052
0.348126 -0.0118421 -0.0408313
0.365322 -0.00341786 -0.0359792
0.378994 0.00629309 -0.0300097
0.396525 0.0167378 -0.023069
0.421423 0.0271071 -0.0155567
0.450547 0.0364905 -0.00817489
0.475769 0.0440632 -0.00183129
0.488062 0.0491898 0.00267673
0.479618 0.051402 0.00470092
0.444393 0.050357 0.00353744
0.379978 0.0459021 -0.0012399
0.290011 0.0382278 -0.00923427
0.184426 0.0279582 -0.0194195
0.0770381 0.0160838 -0.0306502
-0.0184698 0.00375465 -0.0417157
-0.0927169 -0.00798005 -0.0513695
-0.143432 -0.0183622 -0.0588371
-0.175542 -0.0269517 -0.0641635
-0.198214 -0.0335121 -0.0678431
-0.220514 -0.0378813 -0.070343
-0.248245 -0.0399245 -0.0719596
-0.282871 -0.0395637 -0.0726752
-0.321775 -0.0368315 -0.0721088
-0.359284 -0.0319108 -0.069886
-0.387932 -0.0251394 -0.066047
-0.399825 -0.0169827 -0.0609263
-0.389164 -0.00800062 -0.0547031
-0.355271 0.00115865 -0.0473948
-0.303297 0.00975601 -0.0394032
-0.242303 0.0169958 -0.0317596
-0.18339 0.0221075 -0.0257384
-0.138056 0.0244619 -0.0224368
-0.114561 0.023719 -0.0225195
-0.113808 0.0199701 -0.0258907
-0.128742 0.0137647 -0.0316208
-0.14761 0.00596913 -0.0384647
-0.157982 -0.00244859 -0.0453661
-0.149851 -0.0105921 -0.051397
-0.118207 -0.0177335 -0.0557073
-0.0648201 -0.0233418 -0.0578818
0.0024835 -0.0270597 -0.0580938
0.0731183 -0.0286812 -0.05682
0.136748 -0.028164 -0.0545859
0.184903 -0.0256386 -0.0518702
0.213317 -0.0213473 -0.0489823
0.224647 -0.0155307 -0.0459045
0.227624 -0.00835965 -0.0422591
0.232545 1.18049e-05 -0.0375734
0.247639 0.00931511 -0.0316356
0.277665 0.0190613 -0.024581
0.322437 0.0285246 -0.0168489
0.375207 0.0368261 -0.00924458
0.424137 0.0431023 -0.00287163
0.456753 0.046685 0.00119714
0.463587 0.0471959 0.00222295
0.439875 0.0445404 -0.000130437
0.386956 0.038895 -0.00578621
0.313061 0.0307317 -0.0140577
0.231074 0.0208127 -0.023657
0.154005 0.0100973 -0.0332269
0.0912852 -0.00042394 -0.0417698
0.046937 -0.00991036 -0.0486658
0.0188904 -0.0178118 -0.0536938
-0.000561344 -0.0238909 -0.0571003
-0.0221377 -0.0281134 -0.05939
-0.0551095 -0.0304997 -0.0609829
-0.103583 -0.0310502 -0.0621259
-0.165513 -0.029768 -0.0628951
-0.233934 -0.026724 -0.0630673
-0.298806 -0.0221028 -0.062136
-0.349345 -0.016207 -0.0596606
-0.377082 -0.00944105 -0.0555838
-0.378783 -0.00231418 -0.050213
-0.357912 0.00454424 -0.0441361
-0.323516 0.0104011 -0.03824
-0.286938 0.0145144 -0.0336049
-0.258129 0.0162974 -0.031165
-0.243197 0.0154816 -0.0313796
-0.243395 0.0121956 -0.0341523
-0.254977 0.00692094 -0.038912
-0.269725 0.000362116 -0.0447835
-0.276419 -0.00669629 -0.0508252
-0.263943 -0.013486 -0.0561209
-0.225529 -0.0193011 -0.0597426
-0.161815 -0.0235457 -0.0609593
-0.0806677 -0.0258157 -0.0597107
0.00578903 -0.0259863 -0.0567474
0.0848548 -0.0242265 -0.0531576
0.14668 -0.0208909 -0.0497301
0.187136 -0.0163196 -0.0466336
0.209007 -0.0106771 -0.0434731
0.220512 -0.00396618 -0.0396474
0.23188 0.00377851 -0.0348422
0.251525 0.0122722 -0.0291803
0.283049 0.0209115 -0.0229406
0.324012 0.0289015 -0.0164292
0.366672 0.0354754 -0.0101937
0.400295 0.0400486 -0.0051428
0.414526 0.0422289 -0.00234688
0.402744 0.0417525 -0.00266512
0.36379 0.0384878 -0.00631518
0.301505 0.0325509 -0.0126656
0.223183 0.0244227 -0.0205745
0.138209 0.0149231 -0.0290441
0.056924 0.00500644 -0.0375315
-0.011499 -0.00450066 -0.045638
-0.0623878 -0.0130438 -0.0527072
-0.0973974 -0.0202913 -0.0579856
-0.122622 -0.0259874 -0.0611975
-0.145161 -0.0298792 -0.0628027
-0.17118 -0.0317997 -0.0636394
-0.204893 -0.0317938 -0.0643361
-0.246759 -0.0301095 -0.0648958
-0.292053 -0.0270269 -0.0647044
-0.332288 -0.0226985 -0.0630619
-0.359003 -0.0171775 -0.0597773
-0.366769 -0.0106196 -0.0552321
-0.354267 -0.00348085 -0.0499817
-0.324867 0.00347109 -0.0444402
-0.286249 0.00936863 -0.0390116
-0.247481 0.0135414 -0.0343833
-0.215151 0.0156841 -0.0314155
-0.191891 0.0157914 -0.0307018
-0.177561 0.0139795 -0.0322692
-0.170323 0.0104038 -0.0355485
-0.166549 0.00533994 -0.0396653
-0.160977 -0.000702562 -0.0439318
-0.148219 -0.00699669 -0.048045
-0.12474 -0.0127656 -0.0517922
-0.0896241 -0.0173883 -0.0546943
-0.0437844 -0.0204995 -0.0561369
0.0109238 -0.0219328 -0.0558195
0.0714235 -0.0216025 -0.0538618
0.133007 -0.0194592 -0.0506114
0.190351 -0.0155547 -0.046532
0.239386 -0.010123 -0.0420315
0.278311 -0.00357684 -0.0372696
0.30748 0.00359291 -0.0322766
0.328972 0.0109463 -0.0271854
0.345761 0.0181453 -0.0222154
0.360518 0.0248846 -0.017546
0.374761 0.0307808 -0.0133625
0.388244 0.0353501 -0.00993544
0.398381 0.0381064 -0.00752079
0.400396 0.0386978 -0.00639105
0.388526 0.0369882 -0.00700431
0.357863 0.0330443 -0.00982565
0.306229 0.0270716 -0.0149824
0.235185 0.0193828 -0.0221637
0.149647 0.0104385 -0.0306731
0.0567565 0.000891249 -0.0395968
-0.0352997 -0.00845902 -0.048081
-0.118876 -0.0168186 -0.055511
-0.188804 -0.0235845 -0.0614864
-0.243539 -0.0284467 -0.0657155
-0.28487 -0.0313498 -0.0680478
-0.316474 -0.0323704 -0.0686246
-0.342347 -0.0316273 -0.0678746
-0.365752 -0.0292866 -0.0662984
-0.388313 -0.025612 -0.0642637
-0.40929 -0.0209763 -0.061925
-0.425961 -0.0157986 -0.0592266
-0.434675 -0.0104513 -0.0560652
-0.431377 -0.00521368 -0.0525429
-0.412668 -0.000307162 -0.0489056
-0.377917 0.00402195 -0.0452749
-0.330197 0.00745503 -0.0417497
-0.274824 0.00965625 -0.0386718
-0.217357 0.0103942 -0.0365034
-0.162824 0.00962839 -0.0355789
-0.115324 0.00750984 -0.036041
-0.0769596 0.00433209 -0.0377806
-0.0465025 0.000481291 -0.0403804
-0.0196196 -0.00359693 -0.0432457
0.00870539 -0.00741687 -0.0458065
0.0422254 -0.0104852 -0.0475725
0.0832643 -0.0123649 -0.0481617
0.132449 -0.012762 -0.0473691
0.187674 -0.0115942 -0.0452055
0.244196 -0.00899122 -0.0419316
0.296341 -0.00522111 -0.0379536
0.339078 -0.000600135 -0.0336765
0.369105 0.00455172 -0.0295067
0.385627 0.00991609 -0.0257842
0.390334 0.0151773 -0.0226063
0.38649 0.0200246 -0.0198598
0.377526 0.0241624 -0.0174826
0.365806 0.0273289 -0.0155707
0.351994 0.0293041 -0.0143001
0.334727 0.0298962 -0.0139022
0.310702 0.0289375 -0.0146429
0.275957 0.0263218 -0.0167555
0.228058 0.0220663 -0.020377
0.167297 0.016358 -0.0254658
0.0962706 0.00955614 -0.0317344
0.0190261 0.00214296 -0.0386602
-0.0595205 -0.00535042 -0.0456121
-0.134105 -0.0124156 -0.0520486
-0.199903 -0.0186137 -0.0576133
-0.253584 -0.0235933 -0.0620461
-0.294201 -0.0270954 -0.0650902
-0.323313 -0.0289673 -0.0665861
-0.343988 -0.0291874 -0.0666496
-0.359231 -0.0278769 -0.0656692
-0.370862 -0.0252733 -0.0640663
-0.379137 -0.0216705 -0.0620477
-0.382545 -0.0173475 -0.0595806
-0.378004 -0.0125329 -0.0565323
-0.36224 -0.00743479 -0.0528363
-0.333639 -0.00231599 -0.0486505
-0.293198 0.00246307 -0.0443685
-0.244283 0.00648794 -0.0404177
-0.191718 0.00939467 -0.0371171
-0.140271 0.0109683 -0.0347416
-0.0930487 0.0111838 -0.0335371
-0.0508158 0.0101775 -0.0335589
-0.0125996 0.00817843 -0.0345693
0.0230432 0.00546171 -0.036153
0.057295 0.00234642 -0.0378852
0.0912817 -0.000797229 -0.0394453
0.126223 -0.00357623 -0.0406764
0.162982 -0.00563888 -0.0414752
0.201453 -0.00673407 -0.0416405
0.240093 -0.00673536 -0.0409031
0.275981 -0.00563171 -0.0391531
0.306075 -0.00350638 -0.0366784
0.32889 -0.000517938 -0.0340163
0.344624 0.00311771 -0.0314733
0.353765 0.00714545 -0.0289438
0.356308 0.0112933 -0.0262212
0.352154 0.0152895 -0.0233721
0.341502 0.018854 -0.0208157
0.324786 0.0216785 -0.0191139
0.302525 0.023453 -0.0186115
0.275314 0.0239496 -0.0191665
0.243606 0.0230956 -0.0203572
0.20735 0.0209641 -0.0220364
0.166328 0.0176936 -0.0245255
0.120963 0.0134156 -0.0282121
0.072295 0.0082586 -0.0330259
0.0214442 0.00242965 -0.0383795
-0.0302243 -0.00370213 -0.0436056
-0.0808659 -0.00962719 -0.0483194
-0.128973 -0.0148475 -0.0524697
-0.17403 -0.0190463 -0.0562048
-0.215473 -0.0221171 -0.0595414
-0.251307 -0.0240309 -0.0620958
-0.278297 -0.0246897 -0.063282
-0.293496 -0.0239209 -0.0628071
-0.295759 -0.0216283 -0.0608628
-0.286424 -0.0179745 -0.0578692
-0.269104 -0.0134313 -0.0542647
-0.248497 -0.00862316 -0.0504878
-0.228288 -0.0040668 -0.0468968
-0.209699 -1.31306e-05 -0.0437111
-0.191994 0.00348923 -0.0410627
-0.173816 0.00640031 -0.0390398
-0.153716 0.00856245 -0.0376528
-0.130395 0.00975291 -0.0367705
-0.103483 0.00984775 -0.0362298
-0.0738826 0.00893787 -0.0360319
-0.0431969 0.00729524 -0.0362874
-0.0132678 0.00521565 -0.0370205
0.0139474 0.00287557 -0.0381582
0.0366872 0.000338429 -0.0396037
0.0538541 -0.00230248 -0.0411805
0.0652404 -0.00480074 -0.0426385
0.0716771 -0.00678515 -0.0438368
0.075082 -0.00791322 -0.0447435
0.0780047 -0.00801782 -0.0451987
0.082713 -0.00713922 -0.0448896
0.0902584 -0.00543011 -0.0436184
0.100261 -0.00303378 -0.0414626
0.111388 -5.86955e-05 -0.0387255
0.121713 0.00333424 -0.0358404
0.128956 0.00684126 -0.0332159
0.131091 0.0100426 -0.0310814
0.127187 0.0125441 -0.0294848
0.117794 0.0141204 -0.0284601
0.104792 0.0147463 -0.0281487
0.0907162 0.0145032 -0.0286418
0.0773972 0.013454 -0.0297926
0.065016 0.0115941 -0.0313432
0.0527835 0.00891914 -0.0331915
0.040245 0.00553789 -0.0354118
0.0274063 0.00171286 -0.0380352
0.0139737 -0.00221324 -0.0409294
-0.000555403 -0.00593066 -0.0438489
-0.0160595 -0.0092171 -0.0464971
-0.0316462 -0.011916 -0.0486305
-0.0463281 -0.013887 -0.050183
-0.0593676 -0.0149786 -0.0511945
-0.0697711 -0.0150547 -0.0515992
-0.0762518 -0.0140624 -0.0512184
-0.0782527 -0.0120877 -0.0499553
-0.0763504 -0.00934673 -0.0479311
-0.0713582 -0.00611823 -0.0454655
-0.0638917 -0.00267677 -0.0428888
-0.0552223 0.000729206 -0.0403973
-0.0475299 0.00386346 -0.0381266
-0.0425904 0.00649396 -0.0362472
-0.0405423 0.00841209 -0.0349691
-0.0400706 0.00946872 -0.0344692
-0.0394719 0.00961542 -0.0347381
-0.03722 0.00892591 -0.0355111
-0.0317895 0.0075692 -0.0364539
-0.0218708 0.00574249 -0.0374168
-0.00721045 0.00361025 -0.038446
0.010997 0.00129561 -0.0395971
0.0304347 -0.00107871 -0.0407972
0.0483373 -0.00334516 -0.0418861
0.0627265 -0.00528681 -0.0427892
0.0734986 -0.00667949 -0.0435534
0.081917 -0.00734923 -0.0441295
0.0893477 -0.00720694 -0.0442677
0.0969747 -0.00623647 -0.0437087
0.106624 -0.00445728 -0.0423469
0.1205 -0.00191753 -0.0402303
