9.12476e-07 1.04747e-08 -0.0353715
-0.000193904 -8.75777e-07 -0.0353701
-0.000889223 -5.85112e-06 -0.0353832
-0.00194436 -1.76735e-05 -0.0354542
-0.00293816 -3.45717e-05 -0.0355693
-0.00400879 -5.33038e-05 -0.0356444
-0.00590654 -7.52294e-05 -0.0356843
-0.00899871 -0.000105018 -0.0357925
-0.0125665 -0.000143242 -0.0360191
-0.0152236 -0.00018665 -0.036292
-0.0158748 -0.000228574 -0.0364509
-0.014586 -0.000253145 -0.0363537
-0.0128222 -0.000245473 -0.0359791
-0.0120137 -0.00021459 -0.0355463
-0.0120809 -0.000201266 -0.0354329
-0.0127413 -0.00025859 -0.0357358
-0.0148087 -0.000416806 -0.036221
-0.0185166 -0.000646323 -0.0367184
-0.0225509 -0.000850269 -0.0371079
-0.0255958 -0.000930696 -0.0372526
-0.026774 -0.000877746 -0.037255
-0.0246888 -0.00076157 -0.0372848
-0.0186577 -0.00064192 -0.0371293
-0.0108595 -0.000522463 -0.0364123
-0.00432859 -0.000371406 -0.0353252
7.79606e-06 -0.00016311 -0.0345783
0.00224397 6.51534e-05 -0.0344717
0.00216581 0.000197237 -0.0348117
0.000310611 0.000137545 -0.0354505
-0.00123061 -5.10188e-05 -0.0360568
-1.19404e-05 -0.00016105 -0.0360712
0.00465449 -2.83709e-05 -0.0353432
0.011328 0.000322043 -0.0344355
0.0182131 0.000697518 -0.033988
0.022843 0.000882065 -0.0338615
0.0222326 0.0007958 -0.0337617
0.0175399 0.000555382 -0.034093
0.0141913 0.000395587 -0.0348361
0.0156992 0.000473726 -0.0350429
0.0202859 0.000723825 -0.0344174
0.0224895 0.000927982 -0.0336069
0.0193786 0.000925308 -0.0332649
0.0153336 0.000730466 -0.0337193
0.01495 0.00047292 -0.0344999
0.0146665 0.000261687 -0.0349353
0.00902504 0.000116702 -0.0351393
-0.000777624 2.22316e-05 -0.035272
-0.0102818 -5.44593e-05 -0.0354341
-0.0165286 -0.000204019 -0.0361875
-0.0169673 -0.000468609 -0.0374256
-0.0127438 -0.000712448 -0.0377762
-0.0111919 -0.000750393 -0.0364199
-0.0160508 -0.000564337 -0.0348032
-0.0225503 -0.000322479 -0.0349189
-0.027305 -0.000271911 -0.0365039
-0.0322908 -0.000599794 -0.0380838
-0.0378823 -0.00120949 -0.0390103
-0.0411016 -0.00163649 -0.0388823
-0.0384627 -0.00145505 -0.0374806
-0.0280096 -0.000765007 -0.0358021
-0.0144855 -0.000114442 -0.0352052
-0.00880679 -2.53831e-05 -0.0356653
-0.0170569 -0.000579964 -0.0363035
-0.0343247 -0.00134211 -0.0370866
-0.0485288 -0.00171327 -0.038567
-0.0500826 -0.00145044 -0.0400863
-0.0408454 -0.000838167 -0.0399067
-0.029499 -0.000331331 -0.0379365
-0.0197451 -0.000107855 -0.0357656
-0.010356 3.24811e-06 -0.034076
-0.00288152 0.000213168 -0.033227
-0.00241278 0.000446674 -0.0339763
-0.013163 0.000416412 -0.0358383
-0.0342409 -3.35185e-05 -0.0375209
-0.0571123 -0.000741209 -0.0386592
-0.0688465 -0.00132379 -0.0397615
-0.0625729 -0.00145919 -0.0406034
-0.0435155 -0.00111781 -0.0396949
-0.0226018 -0.000566536 -0.0367319
-0.00830676 -0.000160533 -0.0337405
-0.00416121 -0.000112081 -0.032607
-0.00868205 -0.000448305 -0.0337527
-0.0176414 -0.00107617 -0.0366243
-0.0309992 -0.00178789 -0.039576
-0.0520085 -0.00232241 -0.0408652
-0.0746846 -0.00247928 -0.0408555
-0.0831371 -0.0021974 -0.0410912
-0.0707439 -0.00162717 -0.041276
-0.049304 -0.00105804 -0.0400606
-0.032493 -0.000648063 -0.0375626
-0.0222868 -0.000240367 -0.0348507
-0.014904 0.000353205 -0.0327266
-0.0104867 0.000930634 -0.0321385
-0.0136533 0.00100829 -0.0338625
-0.0267593 0.00034294 -0.0369175
-0.0448458 -0.000760819 -0.0390111
-0.0584385 -0.00166053 -0.0392801
-0.0581556 -0.00186193 -0.0391574
-0.0392735 -0.00138289 -0.0392967
-0.00901831 -0.000702471 -0.038005
0.0163947 -0.000344928 -0.0349572
0.0291121 -0.000431863 -0.032658
0.0379593 -0.000592507 -0.032404
0.0517673 -0.000393173 -0.032825
0.0631629 0.000138509 -0.032802
0.0592086 0.00057831 -0.0329604
0.0417063 0.000678057 -0.0338407
0.0268444 0.000640553 -0.0345683
0.0249885 0.000805993 -0.0346851
0.0308446 0.00128302 -0.0348461
0.036483 0.00199931 -0.0346994
0.0439415 0.00284978 -0.0327893
0.0559623 0.00365245 -0.029321
0.0637743 0.00411934 -0.0269342
0.0584419 0.00401077 -0.027659
0.0441234 0.0033436 -0.0305155
0.0260467 0.0023265 -0.0329685
-0.003002 0.00113008 -0.0343903
-0.0491024 -0.000165162 -0.036683
-0.0991093 -0.00145741 -0.0408852
-0.130501 -0.00263363 -0.0453779
-0.135435 -0.00366224 -0.0478081
-0.122542 -0.00443875 -0.047087
-0.100097 -0.00462509 -0.0433793
-0.0742604 -0.0039941 -0.0377273
-0.0576332 -0.00299018 -0.0332697
-0.0629333 -0.00262031 -0.0341984
-0.0915781 -0.00358195 -0.0404525
-0.135603 -0.00556783 -0.047114
-0.183166 -0.00744827 -0.0507937
-0.215818 -0.0080295 -0.0521843
-0.213116 -0.00681265 -0.0520253
-0.171268 -0.00439136 -0.0489209
-0.109301 -0.00203328 -0.042772
-0.0515147 -0.000607315 -0.0364174
-0.0116758 7.20184e-05 -0.0317016
0.0076328 0.000731311 -0.0287048
0.012655 0.00161536 -0.0288542
0.0109598 0.00224672 -0.0327844
0.00158034 0.00204588 -0.0369402
-0.0154082 0.00101194 -0.0380213
-0.0240003 -7.4696e-05 -0.0374264
-0.00437994 -0.000192555 -0.0369459
0.0443386 0.000978004 -0.0352054
0.104008 0.00269582 -0.0310698
0.153907 0.00389289 -0.0260789
0.181822 0.00413323 -0.0223047
0.186878 0.00374177 -0.0206869
0.175663 0.00326052 -0.0222661
0.152528 0.00292222 -0.0273573
0.116305 0.0025663 -0.0329148
0.0715883 0.00202089 -0.0355067
0.0359821 0.00150198 -0.0356869
0.0244254 0.00150125 -0.0353248
0.0339823 0.00223427 -0.0341678
0.0511745 0.00335926 -0.0318356
0.0629676 0.0042574 -0.0291301
0.0590471 0.00443841 -0.0268892
0.0363005 0.00374878 -0.0264269
-0.000397039 0.00236233 -0.0292535
-0.0481367 0.000553662 -0.0351193
-0.107832 -0.00153869 -0.0419167
-0.172473 -0.00379241 -0.047582
-0.223828 -0.00586646 -0.0514896
-0.244053 -0.00732365 -0.0536218
-0.225777 -0.00791541 -0.0532521
-0.174184 -0.00764897 -0.049737
-0.103258 -0.00672299 -0.0435931
-0.0264831 -0.0054686 -0.0362446
0.0499108 -0.00421264 -0.0297329
0.123983 -0.00315473 -0.0259058
0.194018 -0.00235599 -0.0247801
0.260415 -0.00167409 -0.0243664
0.329525 -0.000656827 -0.0225854
0.414635 0.00128264 -0.0187124
0.530711 0.00448483 -0.0127701
0.685102 0.0088954 -0.00447517
0.872431 0.0142125 0.00671993
1.07911 0.020111 0.0208758
1.29309 0.0264169 0.036865
1.50753 0.0330586 0.0527258
1.71418 0.0397698 0.0668004
1.89908 0.0459496 0.0780536
2.05054 0.0510067 0.0861468
2.16812 0.0548415 0.0917778
2.25813 0.0578639 0.0960166
2.31973 0.0605456 0.0991582
2.33971 0.0629741 0.100447
2.30229 0.0647444 0.0986233
2.20001 0.0652458 0.0929002
2.03533 0.0641149 0.0833505
1.81438 0.0614782 0.0706168
1.54256 0.0577853 0.0560173
1.22811 0.0534051 0.0408768
0.881915 0.0482632 0.0254787
0.509815 0.0417504 0.00918195
0.106125 0.0330126 -0.00938212
-0.330324 0.0214828 -0.0318732
-0.759086 0.00742936 -0.0588434
-1.12424 -0.00803705 -0.0860208
-1.42809 -0.0238184 -0.105862
-1.71776 -0.0395775 -0.119882
-2.01238 -0.0555318 -0.137743
-2.2959 -0.0718285 -0.162565
-2.55967 -0.0883867 -0.191879
-2.8136 -0.104629 -0.223225
-3.06166 -0.118598 -0.251801
-3.27433 -0.127346 -0.271438
-3.39807 -0.128839 -0.278532
-3.4057 -0.123254 -0.275204
-3.31667 -0.112583 -0.265457
-3.16116 -0.0988693 -0.247696
-2.95666 -0.0829036 -0.218956
-2.72525 -0.0646943 -0.184055
-2.49718 -0.0450039 -0.152531
-2.29515 -0.0261824 -0.129547
-2.13658 -0.0113233 -0.115016
-2.02871 -0.00255157 -0.107958
-1.94085 0.000409291 -0.107012
-1.80636 0.000283068 -0.107356
-1.57031 0.000180621 -0.101696
-1.22845 0.00106505 -0.086907
-0.822706 0.00153312 -0.066339
-0.406782 -0.000251195 -0.0450692
-0.0182359 -0.00485348 -0.0275836
0.320232 -0.0112275 -0.018415
0.590262 -0.0173644 -0.0187903
0.78436 -0.0213254 -0.0235642
0.92585 -0.022012 -0.0258488
1.06898 -0.0189926 -0.0226799
1.26325 -0.0118819 -0.0126095
1.51911 -0.000270702 0.00701734
1.81048 0.0158428 0.0363683
2.09898 0.0355875 0.0713049
2.3492 0.056941 0.105673
2.53105 0.0769146 0.13338
2.61443 0.0925615 0.149892
2.56811 0.102197 0.153276
2.38209 0.105796 0.144375
2.09127 0.104486 0.125713
1.76332 0.0995458 0.100762
1.46137 0.091627 0.0744033
1.21595 0.0808463 0.052769
1.02512 0.0675479 0.0399413
0.872576 0.05263 0.0338105
0.735363 0.0368348 0.0280391
0.577433 0.019948 0.0164639
0.354654 0.000968695 -0.0052576
0.0391114 -0.0206896 -0.0373765
-0.359243 -0.0438832 -0.0759137
-0.791254 -0.0656474 -0.115783
-1.18818 -0.0825693 -0.152037
-1.4904 -0.0924856 -0.179492
-1.66696 -0.0951145 -0.192945
-1.71834 -0.0913488 -0.189325
-1.66994 -0.0822558 -0.17088
-1.55983 -0.0687437 -0.144945
-1.42553 -0.0519848 -0.119491
-1.3008 -0.0339628 -0.099123
-1.2138 -0.0172308 -0.0849572
-1.17229 -0.00374693 -0.0762452
-1.15282 0.00617314 -0.0710344
-1.11169 0.0136562 -0.0670188
-1.00759 0.0199403 -0.062224
-0.820808 0.0252497 -0.0543687
-0.559493 0.028795 -0.0413039
-0.252465 0.0295942 -0.0233017
0.0641845 0.0273073 -0.00451049
0.359222 0.022419 0.00871127
0.609537 0.015729 0.0126474
0.797195 0.00783891 0.0088483
0.911376 -0.000748009 0.000939329
0.961626 -0.00907819 -0.00829987
0.989 -0.0154494 -0.0165499
1.04666 -0.017911 -0.0207871
1.16118 -0.015237 -0.0171334
1.32199 -0.0074733 -0.00347587
1.5038 0.00434125 0.0188871
1.68053 0.0187699 0.0462273
1.81866 0.0341075 0.0721955
1.87986 0.0483358 0.0892028
1.83882 0.0596125 0.0934146
1.69692 0.0669251 0.0873499
1.48418 0.070324 0.07599
1.24939 0.0706724 0.0624388
1.03801 0.069036 0.0491306
0.872163 0.0659374 0.0389797
0.749911 0.0609839 0.0327443
0.653245 0.0533474 0.0279985
0.552433 0.0425396 0.0216058
0.415415 0.028696 0.0108915
0.221616 0.0124447 -0.00705075
-0.0329296 -0.00532044 -0.0334073
-0.338013 -0.0236046 -0.0652848
-0.669666 -0.0412811 -0.0977139
-0.990357 -0.0568923 -0.126919
-1.25755 -0.0687212 -0.149974
-1.44094 -0.0753571 -0.16335
-1.53365 -0.0763071 -0.165142
-1.54776 -0.0721375 -0.157276
-1.50522 -0.0641426 -0.143177
-1.43469 -0.0538722 -0.125898
-1.36605 -0.04278 -0.109519
-1.31807 -0.0320252 -0.0982901
-1.29164 -0.0223522 -0.0929756
-1.27257 -0.0140818 -0.0906549
-1.23662 -0.00718687 -0.0884398
-1.15586 -0.00138135 -0.0847044
-1.00858 0.00373395 -0.0773635
-0.789467 0.00837834 -0.0645846
-0.515427 0.0123171 -0.0474039
-0.221004 0.0149375 -0.0295291
0.0572397 0.0156413 -0.0145781
0.294381 0.0142076 -0.0047981
0.480388 0.0109221 -0.00143041
0.617812 0.00654978 -0.00370964
0.719107 0.00220192 -0.00796954
0.804 -0.000946817 -0.0102184
0.895096 -0.00200396 -0.00885419
1.00958 -0.000538679 -0.00360139
1.14998 0.003436 0.00597687
1.30246 0.00954701 0.0195858
1.44402 0.0171881 0.0352112
1.5507 0.0256126 0.0498674
1.6019 0.0339146 0.0607511
1.584 0.0410436 0.0654357
1.49508 0.0460858 0.0625857
1.34733 0.0487078 0.0536232
1.16483 0.0493057 0.042261
0.97686 0.0486647 0.0316588
0.809174 0.0473917 0.0232011
0.67655 0.0455043 0.0174617
0.578439 0.0424256 0.0143931
0.500344 0.0373992 0.0124844
0.421329 0.0300252 0.00909684
0.321843 0.020475 0.00206007
0.184942 0.00924772 -0.00983811
-0.0054066 -0.00323256 -0.0275426
-0.256101 -0.0166784 -0.0515682
-0.55088 -0.030546 -0.0806153
-0.850074 -0.0436361 -0.11056
-1.1056 -0.0541563 -0.135714
-1.27616 -0.0602646 -0.150944
-1.33776 -0.0607708 -0.152623
-1.293 -0.0557134 -0.14019
-1.17403 -0.0465498 -0.117908
-1.03318 -0.03567 -0.093614
-0.925868 -0.0254555 -0.0748267
-0.893692 -0.0175034 -0.0657739
-0.951382 -0.0123539 -0.0673715
-1.08153 -0.00965708 -0.0779308
-1.23915 -0.00856659 -0.0930531
-1.36579 -0.00816499 -0.106643
-1.40925 -0.00772101 -0.113239
-1.34127 -0.00673875 -0.109637
-1.16658 -0.00503738 -0.0954183
-0.920985 -0.00296579 -0.0736537
-0.659179 -0.00152723 -0.0510832
-0.436746 -0.00213704 -0.035364
-0.295788 -0.00596433 -0.0310625
-0.256058 -0.0131992 -0.0384715
-0.306642 -0.0227072 -0.0549169
-0.404841 -0.0323119 -0.0755851
-0.493124 -0.0396385 -0.0939291
-0.523331 -0.0430293 -0.103972
-0.468024 -0.0419151 -0.102867
-0.321139 -0.0365143 -0.0903812
-0.10051 -0.0274111 -0.0677255
0.153231 -0.0155336 -0.0387857
0.389605 -0.00231051 -0.0104444
0.564179 0.0104313 0.0109176
0.647328 0.0208817 0.0224204
0.628778 0.027821 0.023655
0.523639 0.0311299 0.0154569
0.374324 0.0318471 0.00120788
0.239 0.0315321 -0.0128968
0.168918 0.0313537 -0.0209637
0.188653 0.0316208 -0.0201697
0.290644 0.0319469 -0.0106067
0.44258 0.0316491 0.00481763
0.599643 0.0299878 0.0199684
0.716383 0.0262626 0.027927
0.757231 0.019973 0.0251521
0.706349 0.0111252 0.0124962
0.576014 0.000540725 -0.00713551
0.404131 -0.0101254 -0.0299724
0.2347 -0.018855 -0.0509629
0.0993468 -0.0240458 -0.0655359
0.0149407 -0.0250369 -0.0719613
-0.014153 -0.0220523 -0.0702403
0.00263366 -0.0158343 -0.0608309
0.0434386 -0.00737691 -0.0461005
0.0821337 0.00218726 -0.0304297
0.0978467 0.011649 -0.0176646
0.0778027 0.019744 -0.00933811
0.0162219 0.0252881 -0.00590965
-0.0850534 0.0275104 -0.00831146
-0.21418 0.0263276 -0.0163169
-0.348317 0.0222779 -0.027725
-0.458295 0.016141 -0.0402487
-0.519153 0.008634 -0.0516685
-0.519625 0.000380901 -0.0592293
-0.463399 -0.00802661 -0.0612385
-0.362909 -0.0160082 -0.0589787
-0.233657 -0.0230954 -0.0556618
-0.0952306 -0.0290592 -0.0533086
0.0304244 -0.0338543 -0.0522353
0.130501 -0.0373335 -0.0525625
0.208954 -0.0389326 -0.0535924
0.280848 -0.0377393 -0.0531087
0.362024 -0.0329902 -0.0492319
0.463291 -0.0245074 -0.0414202
0.588573 -0.012733 -0.0291892
0.734453 0.00149196 -0.011939
0.890886 0.0171519 0.00918765
1.04349 0.0331604 0.0308598
1.17653 0.0483541 0.0499933
1.2735 0.0614699 0.0652046
1.31674 0.0712314 0.0753344
1.29355 0.0766511 0.0785192
1.20675 0.0773632 0.0737737
1.07417 0.0736663 0.0623457
0.915825 0.0662391 0.046662
0.745636 0.0558407 0.0289656
0.574655 0.0432623 0.0113698
0.415777 0.0293727 -0.00449236
0.278352 0.0150038 -0.0183916
0.157988 0.000788127 -0.0311542
0.0378448 -0.0128384 -0.0436891
-0.0987181 -0.0255018 -0.0565169
-0.258982 -0.0367889 -0.0700051
-0.439716 -0.0462365 -0.0847406
-0.62976 -0.0533434 -0.100413
-0.814823 -0.05758 -0.114732
-0.981449 -0.0584782 -0.124846
-1.1174 -0.0557819 -0.129198
-1.21095 -0.0495974 -0.127731
-1.25387 -0.040518 -0.121254
-1.24809 -0.0296153 -0.110747
-1.20874 -0.018213 -0.0973835
-1.15809 -0.00755558 -0.083095
-1.11442 0.00137602 -0.0704451
-1.08593 0.0078073 -0.0620131
-1.07257 0.01107 -0.0595221
-1.06958 0.010726 -0.0626063
-1.06801 0.00687739 -0.0687666
-1.05351 0.000333337 -0.0751124
-1.00832 -0.00762821 -0.0799122
-0.919382 -0.0158131 -0.0825602
-0.78636 -0.0235474 -0.0829311
-0.62172 -0.0306395 -0.0811342
-0.443213 -0.0369341 -0.0774958
-0.265779 -0.0419091 -0.0726541
-0.0981008 -0.0447221 -0.0674679
0.055833 -0.0446386 -0.0624951
0.195054 -0.0413929 -0.0575221
0.323009 -0.035146 -0.0513741
0.447899 -0.0261334 -0.0423336
0.57961 -0.014425 -0.0293221
0.725779 -7.69762e-05 -0.0125083
0.887847 0.016462 0.00728187
1.0577 0.0340572 0.0289231
1.21801 0.0510101 0.0506297
1.34748 0.0655675 0.0698665
1.42868 0.0764524 0.083832
1.45361 0.0830379 0.0903896
1.42308 0.0851503 0.0890001
1.34213 0.0828166 0.0807405
1.21855 0.0762277 0.0675242
1.06589 0.0658978 0.0512524
0.90354 0.0527653 0.0333751
0.749742 0.0380392 0.0151892
0.613366 0.0228737 -0.00183701
0.490791 0.00812998 -0.0165162
0.369612 -0.00564354 -0.0287253
0.236802 -0.0180912 -0.0397994
0.0850746 -0.0289263 -0.0517909
-0.0872875 -0.0378546 -0.0657396
-0.280545 -0.0445501 -0.080707
-0.492257 -0.0486582 -0.0946794
-0.708802 -0.04981 -0.1061
-0.90394 -0.047738 -0.113927
-1.05138 -0.0425117 -0.116919
-1.1376 -0.0346863 -0.114132
-1.16533 -0.0251828 -0.105473
-1.15048 -0.0150558 -0.0918946
-1.11376 -0.00543234 -0.0763916
-1.07169 0.00244934 -0.0636412
-1.03569 0.00737479 -0.0571373
-1.01586 0.00848391 -0.0571644
-1.01632 0.00564905 -0.0618665
-1.02551 -0.000339582 -0.0693403
-1.01774 -0.00807463 -0.0778396
-0.967746 -0.0162158 -0.0851839
-0.863515 -0.0239696 -0.0894584
-0.708003 -0.0309403 -0.089544
-0.51297 -0.0366477 -0.0847639
-0.292787 -0.0403476 -0.075454
-0.0625534 -0.0413282 -0.0638628
0.160849 -0.0393484 -0.052772
0.359129 -0.0347718 -0.043084
0.519321 -0.0282004 -0.0340996
0.643921 -0.0199091 -0.0253393
0.751347 -0.00962607 -0.0162459
0.863432 0.0030768 -0.00516094
0.993046 0.0181237 0.00955309
1.14106 0.0346132 0.0280574
1.29887 0.0510662 0.0491996
1.45124 0.0659276 0.0708107
1.57779 0.0779091 0.089486
1.655 0.0860468 0.101409
1.66228 0.0896323 0.104317
1.59053 0.0882373 0.0982419
1.44677 0.0818692 0.0843249
1.25251 0.0711461 0.0641317
1.03755 0.0573023 0.0404631
0.830966 0.0419153 0.0172356
0.651888 0.0264501 -0.0023447
0.505507 0.0118958 -0.017039
0.384435 -0.0012946 -0.0274649
0.270868 -0.0130489 -0.0356126
0.140241 -0.0234717 -0.0443028
-0.0294269 -0.0326322 -0.0560759
-0.246012 -0.0403752 -0.071656
-0.499093 -0.0462829 -0.089492
-0.764216 -0.0498205 -0.106891
-1.00999 -0.0505032 -0.121104
-1.206 -0.0480228 -0.129425
-1.33164 -0.0424202 -0.129759
-1.38243 -0.0342621 -0.122065
-1.37 -0.0246555 -0.108683
-1.31755 -0.0150601 -0.0931079
-1.25366 -0.00700837 -0.0789296
-1.20432 -0.00178413 -0.0694534
-1.18455 -0.000112564 -0.0669094
-1.19336 -0.0020074 -0.0712684
-1.21476 -0.00685939 -0.080306
-1.2232 -0.0136695 -0.0909183
-1.19105 -0.0212732 -0.0999324
-1.097 -0.0285218 -0.104303
-0.933457 -0.034446 -0.102048
-0.709825 -0.038392 -0.0934171
-0.450735 -0.0400958 -0.0805751
-0.189275 -0.0396627 -0.0663759
0.0435948 -0.0374283 -0.0536672
0.228447 -0.033714 -0.0445184
0.361558 -0.0285815 -0.039071
0.454825 -0.0217448 -0.0353829
0.53213 -0.0127174 -0.0305318
0.620145 -0.00113874 -0.0218313
0.737182 0.0128745 -0.00762504
0.887677 0.0285568 0.0120255
1.06255 0.0446009 0.0351137
1.2415 0.0594467 0.0584651
1.39653 0.0715884 0.0786959
1.49829 0.0797958 0.0926215
1.52413 0.0832456 0.0975841
1.46472 0.0815877 0.0922435
1.3274 0.0749946 0.0772435
1.13481 0.0642137 0.0550561
0.918815 0.0505344 0.0295729
0.712323 0.0355896 0.00533708
0.541724 0.0209954 -0.0139548
0.421065 0.00795526 -0.0266571
0.347744 -0.00298286 -0.0332781
0.30118 -0.0119039 -0.0358054
0.248074 -0.0192526 -0.0371959
0.155598 -0.0254845 -0.0408886
0.00504508 -0.0308217 -0.0494922
-0.202393 -0.0351877 -0.0634398
-0.446933 -0.0382706 -0.0808382
-0.695308 -0.0395817 -0.0981085
-0.909293 -0.0385238 -0.110821
-1.05612 -0.0346048 -0.115292
-1.11723 -0.0278029 -0.110353
-1.09369 -0.0188516 -0.0975979
-1.00678 -0.00920521 -0.0802737
-0.892484 -0.000657679 -0.062286
-0.790505 0.00521378 -0.0477972
-0.731162 0.00748902 -0.0405082
-0.725491 0.00602021 -0.0422856
-0.763636 0.00125568 -0.05228
-0.820462 -0.00597776 -0.0673045
-0.863143 -0.0145539 -0.0828052
-0.858875 -0.0230741 -0.0940249
-0.78392 -0.0300659 -0.097603
-0.6319 -0.0344047 -0.0927838
-0.416949 -0.0357002 -0.0811711
-0.169954 -0.0343467 -0.0655831
0.0709724 -0.0311794 -0.0492146
0.27206 -0.0269654 -0.0351822
0.412919 -0.0220516 -0.0257604
0.490704 -0.0163526 -0.0214783
0.519383 -0.00959854 -0.0208966
0.52477 -0.00157783 -0.0211696
0.536324 0.00779267 -0.0189512
0.577832 0.0184742 -0.0115166
0.660068 0.0302187 0.00196709
0.777423 0.0423727 0.0199109
0.908597 0.053748 0.0390898
1.02139 0.0627577 0.05572
1.08216 0.0678535 0.0661061
1.06747 0.0680676 0.0674128
0.971544 0.0633299 0.0586733
0.806443 0.0543697 0.0411936
0.597401 0.0423506 0.0179835
0.376626 0.0285463 -0.00706412
0.175834 0.014207 -0.0298974
0.0181043 0.000517088 -0.0473909
-0.0881121 -0.0115065 -0.0584233
-0.150242 -0.0211998 -0.0639056
-0.18774 -0.0284149 -0.0658783
-0.225036 -0.0335007 -0.0667397
-0.283787 -0.0370343 -0.0687863
-0.375888 -0.0394264 -0.0735068
-0.498871 -0.0406595 -0.0808756
-0.636635 -0.0403386 -0.0893377
-0.766516 -0.0380057 -0.0964854
-0.867056 -0.0334771 -0.0999913
-0.920775 -0.026975 -0.0984056
-0.916502 -0.0190405 -0.091369
-0.855165 -0.0104013 -0.0795109
-0.752303 -0.00190453 -0.0646435
-0.632621 0.00552821 -0.0495706
-0.520931 0.010983 -0.0372194
-0.435078 0.013679 -0.0299565
-0.382796 0.0131612 -0.0290104
-0.361399 0.0095301 -0.03394
-0.358752 0.0035259 -0.0426462
-0.356089 -0.00366343 -0.0520896
-0.333259 -0.0107761 -0.0595825
-0.274973 -0.0168256 -0.0635329
-0.176088 -0.0212436 -0.0631385
-0.0437965 -0.0237997 -0.0583205
0.105116 -0.0244281 -0.0501086
0.250592 -0.0231324 -0.0404023
0.37487 -0.0200322 -0.0311821
0.465597 -0.0154394 -0.0239367
0.518579 -0.00979498 -0.0193253
0.540033 -0.0034414 -0.0168065
0.545005 0.00357533 -0.0146326
0.55127 0.0114377 -0.0107553
0.571916 0.0202193 -0.00405488
0.610913 0.0295455 0.00523775
0.66358 0.0385236 0.0159187
0.718604 0.0459967 0.0262569
0.75974 0.0509512 0.0343113
0.770379 0.0528197 0.0382585
0.740417 0.0515188 0.0368893
0.669981 0.0472588 0.029999
0.567785 0.0403456 0.0183553
0.446953 0.0311808 0.00360254
0.321383 0.0204299 -0.012024
0.20379 0.00909328 -0.0264595
0.104288 -0.00169534 -0.0384568
0.0277082 -0.0110403 -0.0476686
-0.0291401 -0.0185505 -0.0543024
-0.0765145 -0.0242899 -0.0588567
-0.126137 -0.0284565 -0.0621288
-0.184949 -0.0310697 -0.0649963
-0.252949 -0.0319342 -0.0679119
-0.325556 -0.0308769 -0.0706679
-0.396409 -0.0279805 -0.0725987
-0.457759 -0.0235915 -0.0728716
-0.500764 -0.0181444 -0.0707555
-0.518591 -0.0120161 -0.0660352
-0.509796 -0.00555704 -0.0592809
-0.47836 0.000771833 -0.0515595
-0.431962 0.00632822 -0.0438905
-0.380666 0.0103802 -0.0371646
-0.334642 0.0123302 -0.0324782
-0.300647 0.0119376 -0.0309193
-0.280057 0.00938163 -0.0328059
-0.269332 0.00512554 -0.0374817
-0.261056 -0.000268805 -0.0437302
-0.245503 -0.0062045 -0.0500236
-0.213653 -0.0120257 -0.054703
-0.160485 -0.0170437 -0.056626
-0.0868945 -0.0206561 -0.0557117
-0.000274164 -0.0224987 -0.0526025
0.0867104 -0.0225349 -0.0481196
0.160992 -0.0209971 -0.043287
0.215076 -0.0181764 -0.0391757
0.248668 -0.0142203 -0.0360702
0.26605 -0.00911478 -0.0332353
0.273664 -0.00283754 -0.0297723
0.279302 0.00447029 -0.0251727
0.290365 0.0124197 -0.0191726
0.310349 0.0203942 -0.0118166
0.336618 0.0276731 -0.00385565
0.361926 0.0335944 0.00339867
0.377582 0.0376466 0.00881933
0.375694 0.0394499 0.011576
0.350681 0.0387157 0.010733
0.30066 0.0353005 0.00567687
0.228648 0.0293393 -0.0031368
0.143092 0.0213322 -0.0144025
0.0563699 0.0120928 -0.0266032
-0.0193011 0.00256266 -0.0381747
-0.0761745 -0.00642175 -0.0476694
-0.112883 -0.0142877 -0.0543689
-0.133905 -0.020736 -0.058607
-0.147364 -0.0256327 -0.0612639
-0.161581 -0.0288906 -0.0631141
-0.181984 -0.0304235 -0.0646295
-0.210071 -0.0301724 -0.0658984
-0.243798 -0.0281536 -0.0665115
-0.278099 -0.0244879 -0.0658504
-0.305463 -0.0194007 -0.0635817
-0.31765 -0.0132088 -0.0596232
-0.309099 -0.00631405 -0.0538108
-0.279795 0.00078937 -0.0461314
-0.234915 0.00751589 -0.0372782
-0.18264 0.0132251 -0.0285865
-0.132863 0.0172897 -0.021539
-0.0957657 0.0191848 -0.0175138
-0.0783794 0.0186139 -0.0174857
-0.0813048 0.0156404 -0.0214239
-0.0984506 0.0107163 -0.0281287
-0.119299 0.00456109 -0.0359402
-0.132104 -0.00202681 -0.0434159
-0.127449 -0.00832234 -0.049321
-0.101127 -0.0137605 -0.0526656
-0.0551976 -0.0179557 -0.0531879
0.00305304 -0.0206691 -0.0514761
0.0637705 -0.0217778 -0.0484524
0.117171 -0.0212837 -0.0449588
0.155419 -0.0193202 -0.0417397
0.174932 -0.0160953 -0.0393158
0.178524 -0.011788 -0.0375521
0.174329 -0.00648924 -0.0355899
0.171993 -0.000257796 -0.0324751
0.179606 0.00675455 -0.0276848
0.202025 0.0142047 -0.0210921
0.239201 0.0215363 -0.0129872
0.285008 0.0280429 -0.00434379
0.328802 0.0330108 0.00328966
0.359209 0.0358829 0.00839044
0.367309 0.0363422 0.00996472
0.34859 0.0343035 0.0075451
0.304504 0.0299018 0.00116959
0.242601 0.0235162 -0.00824473
0.174162 0.0157683 -0.0189781
0.110674 0.00743837 -0.0293135
0.0607284 -0.000672697 -0.0380511
0.0278743 -0.0078984 -0.0444914
0.00991192 -0.0138297 -0.0485092
-0.000340819 -0.0183298 -0.0506823
-0.0126958 -0.0214292 -0.0519891
-0.035806 -0.0231861 -0.0532493
-0.0736193 -0.0236135 -0.0548323
-0.124216 -0.022698 -0.0566875
-0.181149 -0.020464 -0.0583612
-0.235406 -0.0170228 -0.0590205
-0.277304 -0.0125753 -0.0578363
-0.299031 -0.00740093 -0.0544267
-0.297614 -0.00187135 -0.0489453
-0.276432 0.00352286 -0.0420743
-0.243939 0.00818424 -0.035031
-0.210471 0.0114942 -0.0293031
-0.185066 0.012955 -0.0261369
-0.173366 0.0123321 -0.0261728
-0.176556 0.00972404 -0.0293658
-0.191131 0.00552641 -0.0350303
-0.209323 0.000322023 -0.0419978
-0.220431 -0.00524147 -0.0488904
-0.213918 -0.0105379 -0.0543688
-0.183762 -0.0150098 -0.0573193
-0.131179 -0.018206 -0.0571644
-0.0637213 -0.0198363 -0.0542179
0.00785915 -0.019834 -0.0496204
0.0725756 -0.01837 -0.044777
0.121802 -0.0157649 -0.0407453
0.151748 -0.0123133 -0.0378821
0.164652 -0.0081353 -0.0357463
0.167794 -0.00318145 -0.0334059
0.170897 0.00259408 -0.0300548
0.182533 0.00902764 -0.0253476
0.206604 0.0156675 -0.0193176
0.240873 0.0218744 -0.0123417
0.278073 0.0270192 -0.00525995
0.30844 0.0306273 0.000676582
0.322812 0.0323864 0.00412376
0.315482 0.0320826 0.00408541
0.285374 0.0295944 0.000308849
0.235367 0.0249915 -0.00658371
0.171262 0.0186473 -0.0153812
0.101344 0.0112335 -0.0248466
0.0355427 0.0035482 -0.0340445
-0.0173535 -0.00372939 -0.042192
-0.0536 -0.0101821 -0.0485479
-0.0759008 -0.0156065 -0.0527119
-0.0907235 -0.0198557 -0.0549058
-0.104681 -0.0227518 -0.055843
-0.123 -0.0241607 -0.0564008
-0.149082 -0.0241221 -0.05728
-0.183341 -0.0228513 -0.0585931
-0.222024 -0.0205801 -0.0596871
-0.257895 -0.0174028 -0.0595754
-0.282943 -0.0132983 -0.0576441
-0.291242 -0.00832183 -0.0539243
-0.280858 -0.00279825 -0.0487878
-0.254965 0.00265183 -0.0426974
-0.221028 0.00729919 -0.0364062
-0.187391 0.0105816 -0.0310205
-0.159799 0.0122608 -0.0275407
-0.140496 0.0123559 -0.0264816
-0.12947 0.0109664 -0.0278503
-0.125476 0.00819497 -0.0311701
-0.125688 0.00423512 -0.0356081
-0.125292 -0.000511542 -0.0402983
-0.118691 -0.00544419 -0.0446141
-0.101911 -0.00992211 -0.0481304
-0.0740811 -0.0134564 -0.0503811
-0.0366025 -0.0157893 -0.050918
0.0083928 -0.0168273 -0.0496224
0.057966 -0.0165247 -0.0467324
0.107824 -0.0148475 -0.0427125
0.153309 -0.0118347 -0.0381799
0.190962 -0.0076706 -0.033644
0.219192 -0.00268459 -0.0292776
0.238423 0.00273715 -0.0250555
0.251044 0.00826809 -0.0209533
0.260447 0.0136843 -0.0169413
0.269555 0.01879 -0.012958
0.28005 0.0233101 -0.0090487
0.291874 0.0268665 -0.00546547
0.30249 0.0290608 -0.00256726
0.307171 0.0295952 -0.000830006
0.300591 0.0283485 -0.000918636
0.278425 0.0253683 -0.00345002
0.238673 0.020808 -0.00863957
0.182534 0.0148973 -0.0161714
0.114132 0.00798431 -0.0252821
0.0395979 0.000582547 -0.0349508
-0.0338429 -0.00666228 -0.0441182
-0.0992811 -0.0131021 -0.051913
-0.152089 -0.0182518 -0.0577992
-0.191253 -0.0218856 -0.0615491
-0.219063 -0.0239971 -0.0632219
-0.239417 -0.024679 -0.0632088
-0.256213 -0.024038 -0.0621136
-0.272531 -0.0222029 -0.0605144
-0.289895 -0.0193767 -0.0588276
-0.307654 -0.0158486 -0.0571965
-0.323404 -0.0119417 -0.0554457
-0.333733 -0.0079314 -0.0533106
-0.33441 -0.00400315 -0.0506815
-0.321704 -0.000290975 -0.0475253
-0.294863 0.00303366 -0.0438258
-0.256753 0.0057139 -0.0398148
-0.212069 0.0074636 -0.0360462
-0.16566 0.00808162 -0.0331211
-0.122048 0.00752413 -0.0314774
-0.0849092 0.00590096 -0.0313748
-0.0560641 0.00343643 -0.0328255
-0.0344339 0.000429977 -0.0354224
-0.0161739 -0.00276749 -0.0384037
0.00336116 -0.00576854 -0.0410022
0.0277924 -0.00817681 -0.0426499
0.0593406 -0.00964029 -0.042924
0.0985022 -0.00992542 -0.041546
0.143258 -0.00897579 -0.0385942
0.189333 -0.00691366 -0.0345508
0.231601 -0.00397185 -0.03001
0.265472 -0.000409469 -0.0254974
0.288115 0.0035248 -0.0214799
0.299171 0.00759379 -0.0182604
0.300387 0.0115673 -0.0158122
0.294751 0.0152209 -0.0138635
0.285543 0.0183415 -0.0121892
0.275237 0.0207418 -0.0107514
0.264658 0.0222641 -0.00965669
0.252614 0.0227615 -0.00912918
0.236049 0.0220915 -0.0095438
0.211267 0.0201507 -0.0113463
0.175879 0.0169337 -0.0148078
0.129889 0.012577 -0.0198925
0.075319 0.00735951 -0.0262964
0.0154037 0.0016601 -0.0334783
-0.0458636 -0.00410362 -0.0407521
-0.104005 -0.00953136 -0.0474825
-0.154738 -0.0142778 -0.0531977
-0.195176 -0.0180706 -0.057569
-0.224843 -0.0207163 -0.0603899
-0.245628 -0.0221082 -0.0616467
-0.260512 -0.0222401 -0.0616038
-0.272017 -0.0212128 -0.0607274
-0.281475 -0.0192152 -0.0594229
-0.288968 -0.016477 -0.0578552
-0.293126 -0.0132106 -0.055962
-0.29122 -0.00957651 -0.053506
-0.280315 -0.00571048 -0.0502412
-0.258746 -0.00179516 -0.0461972
-0.227016 0.00189482 -0.0417388
-0.187918 0.00502578 -0.0373549
-0.145835 0.00729509 -0.0335125
-0.105091 0.00852032 -0.0306469
-0.0683168 0.00868031 -0.0290852
-0.0360676 0.00788827 -0.0288657
-0.00752302 0.00632689 -0.0296947
0.0185312 0.00420698 -0.0311383
0.0432049 0.001772 -0.0327814
0.0677238 -0.0006871 -0.0342693
0.0935576 -0.00285441 -0.035332
0.121812 -0.00444728 -0.03578
0.152393 -0.00527212 -0.0354485
0.183527 -0.00524502 -0.0341802
0.212226 -0.0043735 -0.0320103
0.23594 -0.00272864 -0.0293333
0.253893 -0.000428909 -0.0266433
0.266465 0.00236402 -0.0241367
0.273716 0.00545047 -0.0217144
0.275193 0.00861515 -0.0192738
0.270782 0.0116535 -0.0168995
0.26113 0.0143658 -0.0148694
0.247332 0.016529 -0.0135692
0.23029 0.0179041 -0.013272
0.210216 0.0183034 -0.0138931
0.186684 0.0176617 -0.0151135
0.159211 0.0160387 -0.016834
0.127955 0.0135541 -0.0193528
0.0938128 0.0103152 -0.0229844
0.0575583 0.00640648 -0.0276213
0.0193974 0.00196127 -0.0328102
-0.0202026 -0.00274972 -0.0380662
-0.0599062 -0.00732047 -0.042994
-0.0982029 -0.0113413 -0.0473992
-0.134096 -0.0145577 -0.0513542
-0.166672 -0.0169022 -0.0548957
-0.1944 -0.0183747 -0.0576655
-0.215084 -0.0189053 -0.0590535
-0.226454 -0.0183396 -0.0587086
-0.227326 -0.0165722 -0.0567557
-0.218713 -0.0137173 -0.0535884
-0.203861 -0.0101621 -0.049728
-0.186975 -0.00643077 -0.045795
-0.171309 -0.00294794 -0.0423072
-0.157932 0.000103191 -0.0394658
-0.146063 0.00272041 -0.0372415
-0.134139 0.00490379 -0.0356065
-0.120472 0.00653731 -0.0345103
-0.103772 0.00743403 -0.0337465
-0.083713 0.00748419 -0.0331199
-0.0608965 0.00676145 -0.0326645
-0.0364959 0.0054942 -0.0325114
-0.0121789 0.00392384 -0.0326952
0.0101147 0.00217602 -0.0332269
0.0286793 0.000269161 -0.0341531
0.0423481 -0.00175249 -0.0354057
0.0507059 -0.00370297 -0.0367688
0.0545769 -0.00527527 -0.0380521
0.0560533 -0.00617739 -0.0391177
0.0575703 -0.00626795 -0.0397024
0.0609369 -0.00558782 -0.0394426
0.0668981 -0.00427167 -0.0381616
0.0751422 -0.00243347 -0.0359778
0.0846023 -0.000142852 -0.0331878
0.0937041 0.00249047 -0.0301893
0.100502 0.00522943 -0.0274301
0.103081 0.00772863 -0.0252598
0.100312 0.00966068 -0.0237994
0.0925373 0.0108492 -0.0230609
0.0816726 0.0112968 -0.0230843
0.070258 0.011095 -0.0238125
0.0598224 0.0103029 -0.0250165
0.0502332 0.00890337 -0.0264998
0.0407479 0.00687237 -0.028272
0.0311668 0.00428595 -0.030415
0.021588 0.00135464 -0.0328902
0.0116385 -0.00164762 -0.0355762
0.000686437 -0.00448345 -0.0383374
-0.0113985 -0.00699222 -0.0409563
-0.0240065 -0.00906368 -0.0431664
-0.0361356 -0.0105917 -0.0448473
-0.0468065 -0.011452 -0.0460116
-0.055044 -0.0115273 -0.0465638
-0.0599251 -0.0107687 -0.0462799
-0.0611839 -0.0092439 -0.0450497
-0.0593176 -0.00712707 -0.0430509
-0.0548384 -0.00463866 -0.0406258
-0.0482088 -0.00198969 -0.0380357
-0.0407101 0.000630079 -0.0354809
-0.0344346 0.00303538 -0.0332235
-0.0309645 0.00504359 -0.0315106
-0.0302403 0.006495 -0.0304899
-0.0307794 0.0072793 -0.0302128
-0.0308795 0.00736369 -0.0305913
-0.0293217 0.00680936 -0.0313672
-0.0250246 0.00575393 -0.0322185
-0.0169073 0.00435756 -0.0329417
-0.00462092 0.00274848 -0.0335487
0.0108257 0.00101076 -0.0341645
0.027138 -0.000779998 -0.0348383
0.0414979 -0.00251047 -0.0355539
0.0520891 -0.0040168 -0.0363515
0.0591255 -0.00511702 -0.0372361
0.0639942 -0.00566619 -0.0380216
0.0679642 -0.00559298 -0.038413
0.0721604 -0.00488656 -0.0381611
0.0784257 -0.00355503 -0.0370903
0.0889503 -0.00161788 -0.0350984
