1100              0.00000000000000000000             0.00000000000000000000             0.00000000000000000000             0.00000000000000000000             0.00000000000000000000             0.00000000000000000000
1200              0.00000000000000000000             0.00000000000000000000             0.00000000000000000000             0.00000000000000000000             0.00000000000000000000             0.00000000000000000000
1101             -0.00519425959406483694             0.00052391209733953972            -0.00258807518171757242            -0.00000514308339153293            -0.00004885186765400114            -0.00000378434048710329
1201             -0.00519425959401877222            -0.00052391209647103404             0.00258807518171479253             0.00000514308338266432            -0.00004885186764908535            -0.00000378434048721667
1102             -0.00464931456309064864             0.00052391209734383381            -0.00335719875651041295            -0.00000544016220775130            -0.00004827834065252117            -0.00000378434049859284
1103             -0.00573955472372993710             0.00052391255969178323            -0.00188819371015484122            -0.00000471889029907269            -0.00004803293943620398            -0.00000378798735959991
1104             -0.00464931456309048731             0.00015683106873377645             0.00131142161398987512            -0.00000544016220620385            -0.00004802680651243959            -0.00000378434050240549
1105             -0.00573955472372973674             0.00015647778559510657             0.00275047038374020376            -0.00000471889029743998            -0.00004767377865646414            -0.00000378798736293216
1106             -0.00440919557358491945             0.00012963025770295017             0.00131140728727216103            -0.00000544016220612779            -0.00004802078928978742            -0.00000378434050240549
1107             -0.00550120731013978466             0.00013288333410810878             0.00275044992689751130            -0.00000471889029736083            -0.00004766518677951676            -0.00000378798736293216
1108             -0.00287294109204486690            -0.00004445493288820107             0.00131136144177547540            -0.00000544016220589631            -0.00004800153417729627            -0.00000378434050240549
1109             -0.00397650787199496734            -0.00001812115540237609             0.00275038446500090001            -0.00000471889029712354            -0.00004763769277327994            -0.00000378798736293216
1202             -0.00464931456305575207            -0.00052391209647533843             0.00335719875523043335             0.00000544016219888143            -0.00004827834064752703            -0.00000378434049841740
1203             -0.00573955472373296680            -0.00052391255882328612             0.00188819371142888871             0.00000471889029020669            -0.00004803293943119588            -0.00000378798736005220
1204             -0.00464931456305585269            -0.00015683106788251012            -0.00131142161478284671             0.00000544016219733395            -0.00004802680650739206            -0.00000378434050222679
1205             -0.00573955472373309343            -0.00015647778468294945            -0.00275047038197731271             0.00000471889028857396            -0.00004767377865139265            -0.00000378798736338117
1206             -0.00440919557357552505            -0.00012963025689603428            -0.00131140728806513219             0.00000544016219725791            -0.00004802078928473821            -0.00000378434050222679
1207             -0.00550120731016850301            -0.00013288333324028198            -0.00275044992513462155             0.00000471889028849481            -0.00004766518677444328            -0.00000378798736338117
1208             -0.00287294109219702557             0.00004445493341128151            -0.00131136144256844981             0.00000544016219702644            -0.00004800153417224819            -0.00000378434050222679
1209             -0.00397650787218600289             0.00001812115598648980            -0.00275038446323801374             0.00000471889028825753            -0.00004763769276820817            -0.00000378798736338117
2101             -0.01418352292219287811             0.00148045653057541846            -0.00440541321745189281            -0.00000797173196599373            -0.00007305930136204005            -0.00001066197064735231
2201             -0.01418352292034863633            -0.00148045652799459315             0.00440541321742886349             0.00000797173195118375            -0.00007305930134073472            -0.00001066197064732702
2102             -0.01264819914874737786             0.00148045653058740670            -0.00559125551175130783            -0.00000836665791509113            -0.00007229687498581140            -0.00001066197065160434
2103             -0.01571930284541687289             0.00148045715212341902            -0.00331431120270767911            -0.00000737978000303871            -0.00007191650529728857            -0.00001066672221158199
2104             -0.01264819914875047434             0.00044624537721713606             0.00140242686686884452            -0.00000836665791276244            -0.00007196249447646383            -0.00001066197065415046
2105             -0.01571930284542082806             0.00044578509745404676             0.00363293921567401593            -0.00000737978000065858            -0.00007141530447039392            -0.00001066672221383847
2106             -0.01228840667406664797             0.00040441208765360425             0.00140240782144289140            -0.00000836665791265282            -0.00007195449539707182            -0.00001066197065415046
2107             -0.01536225629749241560             0.00040888619745104099             0.00363291066860807477            -0.00000737978000054705            -0.00007140331470097305            -0.00001066672221383846
2108             -0.00998640889184650334             0.00013667903445549142             0.00140234687607986583            -0.00000836665791233520            -0.00007192889834303308            -0.00001066197065415046
2109             -0.01307816872865330375             0.00017273323744038571             0.00363281931799707119            -0.00000737978000022592            -0.00007136494743884662            -0.00001066672221383846
2202             -0.01264819914698001903            -0.00148045652800658377             0.00559125550959583412             0.00000836665790028315            -0.00007229687496427978            -0.00001066197065081612
2203             -0.01571930284364149444            -0.00148045714954259111             0.00331431120481776031             0.00000737977998822377            -0.00007191650527575462            -0.00001066672221231209
2204             -0.01264819914698382675            -0.00044624537471276956            -0.00140242686692838370             0.00000836665789795448            -0.00007196249445478052            -0.00001066197065336224
2205             -0.01571930284364616084            -0.00044578509480239974            -0.00363293921146773825             0.00000737977998584364            -0.00007141530444870814            -0.00001066672221456857
2206             -0.01228840667240842580            -0.00040441208522327651            -0.00140240782150243340             0.00000836665789784484            -0.00007195449537538210            -0.00001066197065336224
2207             -0.01536225629582618768            -0.00040888619487347013            -0.00363291066440179534             0.00000737977998573213            -0.00007140331467928108            -0.00001066672221456856
2208             -0.00998640889088277944            -0.00013667903249901803            -0.00140234687613935774             0.00000836665789752723            -0.00007192889832132346            -0.00001066197065336224
2209             -0.01307816872768165738            -0.00017273323533689082            -0.00363281931379074666             0.00000737977998541101            -0.00007136494741713460            -0.00001066672221456856
3101             -0.02620107022024568272             0.00279257211538781660            -0.00606922206124198543            -0.00001008636582906935            -0.00009093518913482227            -0.00002010206789438629
3201             -0.02620107021433409553            -0.00279257211028408970             0.00606922206120401667             0.00001008636580894180            -0.00009093518910140598            -0.00002010206789309724
3102             -0.02330637244356786875             0.00279257211539239106            -0.00756382627505434134            -0.00001052561097906629            -0.00009008720199279343            -0.00002010206789353232
3103             -0.02909661233472699352             0.00279257328778876029            -0.00468288480084321466            -0.00000939783021433806            -0.00008960593289813731            -0.00002011086307894708
3104             -0.02330637244356990184             0.00084267152969087333             0.00115337276307952898            -0.00001052561097831778            -0.00008971529675779137            -0.00002010206789397893
3105             -0.02909661233472979336             0.00084181956910535718             0.00397556542519209456            -0.00000939783021358053            -0.00008902295548184217            -0.00002011086307934198
3106             -0.02285781820165067382             0.00079004347479937672             0.00115335158034655006            -0.00001052561097828313            -0.00008970640000990370            -0.00002010206789397893
3107             -0.02865153242240588843             0.00079483041803754539             0.00397553222034961566            -0.00000939783021354552            -0.00008900900944771856            -0.00002011086307934197
3108             -0.01998782075265604849             0.00045322392349642646             0.00115328379560109993            -0.00001052561097818431            -0.00008967793041667075            -0.00002010206789397893
3109             -0.02580419616934151450             0.00049409985120620883             0.00397542596485379006            -0.00000939783021344610            -0.00008896438213853362            -0.00002011086307934197
3202             -0.02330637243778237166            -0.00279257211028866633             0.00756382627211816226             0.00001052561095894035            -0.00009008720195859059            -0.00002010206789286324
3203             -0.02909661232850591431            -0.00279257328268503685             0.00468288480370418307             0.00000939783019420452            -0.00008960593286388182            -0.00002011086307636774
3204             -0.02330637243778383577            -0.00084267152465204590            -0.00115337276267236987             0.00001052561095819189            -0.00008971529672305963            -0.00002010206789330985
3205             -0.02909661232850751372            -0.00084181956425182186            -0.00397556541898100822             0.00000939783019344700            -0.00008902295544702417            -0.00002011086307676265
3206             -0.02285781819603833337            -0.00079004346986117323            -0.00115335157993938855             0.00001052561095815722            -0.00008970639997514576            -0.00002010206789330984
3207             -0.02865153241635778197            -0.00079483041328467867            -0.00397553221413853020             0.00000939783019341201            -0.00008900900941287239            -0.00002011086307676265
3208             -0.01998782074815759827            -0.00045322391920225315            -0.00115328379519375563             0.00001052561095805841            -0.00008967793038183597            -0.00002010206789330984
3209             -0.02580419616441025077            -0.00049409984709761581            -0.00397542595864250423             0.00000939783019331260            -0.00008896438210360406            -0.00002011086307676265
4101             -0.04046414094760950042             0.00436520764387387031            -0.00756158939230914488            -0.00001159531971621377            -0.00010429312702027106            -0.00003141723518526087
4201             -0.04046414093680095886            -0.00436520763552622482             0.00756158939226823749             0.00001159531969138854            -0.00010429312698364097            -0.00003141723518323774
4102             -0.03594005908212640626             0.00436520764386960289            -0.00927469482605066883            -0.00001204718841029038            -0.00010342076938730998            -0.00003141723517255920
4103             -0.04498952834008981133             0.00436520947650004265            -0.00596275492307232931            -0.00001085686586336820            -0.00010286750081754986            -0.00003143083441213598
4104             -0.03594005908213732808             0.00131773583215395295             0.00073524926642052387            -0.00001204718841098096            -0.00010303817588974325            -0.00003141723517220976
4105             -0.04498952834010401525             0.00131641853854346912             0.00397965133752947470            -0.00001085686586406403            -0.00010224225803347722            -0.00003143083441181700
4106             -0.03542489108377114282             0.00125749989009896982             0.00073522747491333801            -0.00001204718841101291            -0.00010302902345673518            -0.00003141723517220975
4107             -0.04447835444270951261             0.00126213420922307272             0.00397961572536445311            -0.00001085686586409620            -0.00010222730092434070            -0.00003143083441181699
4108             -0.03212858713924812704             0.00087198986094461951             0.00073515774209051226            -0.00001204718841110332            -0.00010299973567114796            -0.00003141723517220975
4109             -0.04120810188511324357             0.00091471450157005162             0.00397950176643656860            -0.00001085686586418693            -0.00010217943817515476            -0.00003143083441181699
4202             -0.03594005907162652058            -0.00436520763552196173             0.00927469482243502980             0.00001204718838546607            -0.00010342076934913211            -0.00003141723517035558
4203             -0.04498952832890670828            -0.00436520946815239196             0.00596275492660685441             0.00001085686583853676            -0.00010286750077929123            -0.00003143083440924588
4204             -0.03594005907163758812            -0.00131773582402006442            -0.00073524926628237017             0.00001204718838615667            -0.00010303817585052323            -0.00003141723517000614
4205             -0.04498952832892012116            -0.00131641853047616362            -0.00397965133023075578             0.00001085686583923260            -0.00010224225799412440            -0.00003143083440892687
4206             -0.03542489107346766947            -0.00125749988208919599            -0.00073522747477517943             0.00001204718838618862            -0.00010302902341745894            -0.00003141723517000613
4207             -0.04447835443172250963            -0.00126213420127991444            -0.00397961571806573419             0.00001085686583926476            -0.00010222730088492720            -0.00003143083440892686
4208             -0.03212858713020463192            -0.00087198985372923497            -0.00073515774195200305             0.00001204718838627903            -0.00010299973563172477            -0.00003141723517000613
4209             -0.04120810187539081237            -0.00091471449442151074            -0.00397950175913748018             0.00001085686583935550            -0.00010217943813558398            -0.00003143083440892686
5101             -0.05639702746871860795             0.00611755428021585126            -0.00887494941293033579            -0.00001258845452152577            -0.00011419904670383556            -0.00004402592323544760
5201             -0.05639702745283679819            -0.00611755426799199566             0.00887494941288929050             0.00001258845449261410            -0.00011419904666659372            -0.00004402592323262191
5102             -0.05005729452410608016             0.00611755428021028280            -0.01073041171896125905            -0.00001303350509404823            -0.00011333985183350345            -0.00004402592322173958
5103             -0.06273858098980521214             0.00611755684852254879            -0.00713480539950216847            -0.00001183227287943777            -0.00011273919601796424            -0.00004404488756003037
5104             -0.05005729452411796648             0.00184703972772337112             0.00024201336927304499            -0.00001303350509491658            -0.00011296303118298594            -0.00004402592322140187
5105             -0.06273858098982099119             0.00184520275521974850             0.00376429726685351823            -0.00001183227288031050            -0.00011209894326027284            -0.00004404488755971881
5106             -0.04949250190403928912             0.00178187220224868860             0.00024199190657188700            -0.00001303350509495650            -0.00011295401684848278            -0.00004402592322140187
5107             -0.06217812456396709653             0.00178604139081808139             0.00376426079976038223            -0.00001183227288035056            -0.00011208362708128908            -0.00004404488755971880
5108             -0.04587858874345485116             0.00136480003920766771             0.00024192322592844328            -0.00001303350509506960            -0.00011292517097815573            -0.00004402592322140187
5109             -0.05859249408184881436             0.00140740865864443995             0.00376414410506260930            -0.00001183227288046394            -0.00011203461530864889            -0.00004404488755971880
5202             -0.05005729450872163644            -0.00611755426798642893             0.01073041171475684445             0.00001303350506513556            -0.00011333985179414167            -0.00004402592321797135
5203             -0.06273858097346651785            -0.00611755683629869144             0.00713480540362318276             0.00001183227285053886            -0.00011273919597857073            -0.00004404488755668392
5204             -0.05005729450873440400            -0.00184703971586503042            -0.00024201336959010084             0.00001303350506600390            -0.00011296303114219568            -0.00004402592321763366
5205             -0.06273858097348178342            -0.00184520274332049955            -0.00376429725884085912             0.00001183227285141158            -0.00011209894321942417            -0.00004404488755637238
5206             -0.04949250188885989665            -0.00178187219053490588            -0.00024199190688894198             0.00001303350506604383            -0.00011295401680761613            -0.00004402592321763365
5207             -0.06217812454783233633            -0.00178604137906333144            -0.00376426079174771748             0.00001183227285145165            -0.00011208362704035966            -0.00004404488755637237
5208             -0.04587858872958786721            -0.00136480002841910149            -0.00024192322624497394             0.00001303350506615695            -0.00011292517093706852            -0.00004402592321763365
5209             -0.05859249406702882884            -0.00140740864781445894            -0.00376414409704938641             0.00001183227285156503            -0.00011203461526748436            -0.00004404488755637237
6101             -0.07354682155229175233             0.00798077736758371140            -0.01000865564272879031            -0.00001314250881787479            -0.00012129539866546725            -0.00005743278074092983
6201             -0.07354682153172661940            -0.00798077735093655205             0.01000865564270061493             0.00001314250878544876            -0.00012129539863507263            -0.00005743278073723676
6102             -0.06527650112731311904             0.00798077736758068257            -0.01194203082111294258            -0.00001356807036606036            -0.00012047382844850271            -0.00005743278072299507
6103             -0.08181951625317017418             0.00798078071812372003            -0.00818817146678330401            -0.00001239212242399161            -0.00011984673603709494            -0.00005745751276362448
6104             -0.06527650112732964749             0.00240979763745605667            -0.00027666672823318779            -0.00001356807036649931            -0.00012011350899716410            -0.00005743278072290396
6105             -0.08181951625319197619             0.00240740198005742062             0.00340064307280893083            -0.00001239212242443206            -0.00011921139007064265            -0.00005745751276354280
6106             -0.06467595513132264051             0.00234195728562350096            -0.00027668725107016798            -0.00001356807036651938            -0.00012010488940564279            -0.00005743278072290399
6107             -0.08122349729983482924             0.00234544136793521894             0.00340060688519345372            -0.00001239212242445219            -0.00011919619127221068            -0.00005745751276354278
6108             -0.06083318710112207983             0.00190777903389366746            -0.00027675292414814420            -0.00001356807036657639            -0.00012007730671283117            -0.00005743278072290399
6109             -0.07741025675042879917             0.00194889345035152532             0.00340049108482429717            -0.00001239212242450930            -0.00011914755511730403            -0.00005745751276354278
6202             -0.06527650110740725042            -0.00798077735093352669             0.01194203081641535824             0.00001356807033363379            -0.00012047382841529868            -0.00005743278071797473
6203             -0.08181951623201702550            -0.00798078070147656936             0.00818817147142497995             0.00001239212239156022            -0.00011984673600382062            -0.00005745751275934582
6204             -0.06527650110742498624            -0.00240979762129586543             0.00027666672684819671             0.00001356807033407274            -0.00012011350896206731            -0.00005743278071788367
6205             -0.08181951623203828627            -0.00240740196382529994            -0.00340064306484563501             0.00001239212239200069            -0.00011921139003543092            -0.00005745751275926411
6206             -0.06467595511159371369            -0.00234195726962544998             0.00027668724968517083             0.00001356807033409281            -0.00012010488937045505            -0.00005743278071788366
6207             -0.08122349727885747050            -0.00234544135186524720            -0.00340060687723015573             0.00001239212239202080            -0.00011919619123690473            -0.00005745751275926411
6208             -0.06083318708252535845            -0.00190777901893326475             0.00027675292276383963             0.00001356807033414984            -0.00012007730667735241            -0.00005743278071788366
6209             -0.07741025673058782308            -0.00194889343531935971            -0.00340049107686025845             0.00001239212239207790            -0.00011914755508168807            -0.00005745751275926411
7101             -0.09153620061275913322             0.00989644694497185742            -0.01096700614053268928            -0.00001332547530522973            -0.00012599159196795111            -0.00007121734040987214
7201             -0.09153620059002719189            -0.00989644692343731418             0.01096700614055016489             0.00001332547526986790            -0.00012599159196710711            -0.00007121734040529707
7102             -0.08128090359519346553             0.00989644694496992494            -0.01292399390434421577            -0.00001372255155386371            -0.00012522501420713066            -0.00007121734039467167
7103             -0.10179445154645790084             0.00989645109976215742            -0.00911787432553123542            -0.00001259905208709242            -0.00012458919158436730            -0.00007124811035439510
7104             -0.08128090359520755148             0.00298836492668979464            -0.00079638609845691759            -0.00001372255155415606            -0.00012488881302467723            -0.00007121734039462512
7105             -0.10179445154647671912             0.00298538439538853159             0.00293211822483430400            -0.00001259905208738550            -0.00012397413504163798            -0.00007124811035435313
7106             -0.08065647963666504328             0.00291975216891898065            -0.00079640524758153863            -0.00001372255155416908            -0.00012488077039234330            -0.00007121734039462512
7107             -0.10117461765485163960             0.00292238913495159250             0.00293208319285039043            -0.00001259905208739852            -0.00012395942160842621            -0.00007124811035435314
7108             -0.07666084402780866391             0.00248063051918479688            -0.00079646652477994521            -0.00001372255155420472            -0.00012485503396897040            -0.00007121734039462512
7109             -0.09720892060041994021             0.00251921946815405334             0.00293197109050226910            -0.00001259905208743423            -0.00012391233862227348            -0.00007124811035435314
7202             -0.08128090357315850834            -0.00989644692343540078             0.01292399389926947827             0.00001372255151850073            -0.00012522501420279199            -0.00007121734038969917
7203             -0.10179445152287777687            -0.00989645107822760724             0.00911787433064126587             0.00001259905205172587            -0.00012458919157985399            -0.00007124811034784759
7204             -0.08128090357317301062            -0.00298836490563759126             0.00079638609391721781             0.00001372255151879308            -0.00012488881301798394            -0.00007121734038965264
7205             -0.10179445152289479104            -0.00298538437448909837            -0.00293211821916667184             0.00001259905205201894            -0.00012397413503465509            -0.00007124811034780566
7206             -0.08065647961466422544            -0.00291975214804358375             0.00079640524304184016             0.00001372255151880611            -0.00012488077038553524            -0.00007121734038965263
7207             -0.10117461763130487784            -0.00292238911422897617            -0.00293208318718275306             0.00001259905205203197            -0.00012395942160132146            -0.00007124811034780567
7208             -0.07666084400603281890            -0.00248063049944103123             0.00079646652024103234             0.00001372255151884180            -0.00012485503396182990            -0.00007121734038965263
7209             -0.09720892057710810163            -0.00251921944856316540            -0.00293197108483378172             0.00001259905205206768            -0.00012391233861481289            -0.00007124811034780567
8101             -0.11003806584831181403             0.01181554707902549364            -0.01175809109945314714            -0.00001320027769991963            -0.00012857716939787751            -0.00008502688474246960
8201             -0.11003806582979336337            -0.01181554705222073731             0.01175809109955460938             0.00001320027766217112            -0.00012857716945293801            -0.00008502688473705176
8102             -0.09779419444857660737             0.01181554707902008824            -0.01369364244763887281            -0.00001356185436060693            -0.00012787912555814072            -0.00008502688470924848
8103             -0.12228548578515015255             0.01181555203950169011            -0.00992328272326332625            -0.00001251244840231667            -0.00012724927671444187            -0.00008506384863741310
8104             -0.09779419444860734667             0.00356793926223096872            -0.00130686765348425257            -0.00001356185436141166            -0.00012757298158123026            -0.00008502688470912441
8105             -0.12228548578518953771             0.00356435872168004222             0.00238660603823256934            -0.00001251244840312272            -0.00012666689732250850            -0.00008506384863729807
8106             -0.09715634784970464399             0.00350012999042382394            -0.00130688509063024878            -0.00001356185436144830            -0.00012756565797986447            -0.00008502688470912440
8107             -0.12165218612789620301             0.00350179647966433055             0.00238657286745234346            -0.00001251244840315938            -0.00012665296559483466            -0.00008506384863729806
8108             -0.09307474675219905291             0.00306615065085532462            -0.00130694088949711348            -0.00001356185436154940            -0.00012754222245564233            -0.00008502688470912440
8109             -0.11760024230146669255             0.00310139813076107038             0.00238646672095599137            -0.00001251244840326054            -0.00012660838406646768            -0.00008506384863729806
8202             -0.09779419443045962723            -0.01181554705221530069             0.01369364244230433791             0.00001356185432285613            -0.00012787912561028561            -0.00008502688470777551
8203             -0.12228548576520062441            -0.01181555201269688694             0.00992328272880090533             0.00001251244836456470            -0.00012724927676638221            -0.00008506384862521471
8204             -0.09779419443048667504            -0.00356793923556911717             0.00130686764318694920             0.00001356185432366085            -0.00012757298163140990            -0.00008502688470765137
8205             -0.12228548576523363967            -0.00356435869605849394            -0.00238660603763129597             0.00001251244836537074            -0.00012666689737234852            -0.00008506384862509975
8206             -0.09715634783133331176            -0.00350012996395069470             0.00130688508033295148             0.00001356185432369751            -0.00012756565802994556            -0.00008502688470765135
8207             -0.12165218610769140684            -0.00350179645423154273            -0.00238657286685106836             0.00001251244836540742            -0.00012665296564456758            -0.00008506384862509973
8208             -0.09307474673223135875            -0.00306615062559022385             0.00130694087920050312             0.00001356185432379859            -0.00012754222250543223            -0.00008502688470765135
8209             -0.11760024227967727506            -0.00310139810653633531            -0.00238646672035396079             0.00001251244836550858            -0.00012660838411588163            -0.00008506384862509973
9101             -0.12876332681487873133             0.01369797877685511450            -0.01239308894552662230            -0.00001282796033584494            -0.00012929130345404295            -0.00009857286606077170
9201             -0.12876332680628385652            -0.01369797874447366108             0.01239308894563250114             0.00001282796029621974            -0.00012929130351117774            -0.00009857286606060735
9102             -0.11456883410573220905             0.01369797877684507392            -0.01427105463729193974            -0.00001314816245515696            -0.00012867313546012900            -0.00009857286602319094
9103             -0.14296196806065314400             0.01369798452762166496            -0.01060703891763571313            -0.00001219070762313231            -0.00012806105166999031            -0.00009861607994640722
9104             -0.11456883410576726434             0.00413641077259839507            -0.00180525834645386008            -0.00001314816245656872            -0.00012840202296357807            -0.00009857286602314684
9105             -0.14296196806069755292             0.00413222477282228218             0.00178403993147747096            -0.00001219070762454558            -0.00012752149505169838            -0.00009861607994637441
9106             -0.11392684020488792751             0.00407066996031539216            -0.00180527378829978616            -0.00001314816245663264            -0.00012839553738817460            -0.00009857286602314682
9107             -0.14232439285373346682             0.00407127123469935501             0.00178400919976861444            -0.00001219070762460951            -0.00012750858773396298            -0.00009861607994637441
9108             -0.10981862575707704299             0.00364992876169939820            -0.00180532320220659539            -0.00001314816245681003            -0.00012837478354704609            -0.00009857286602314682
9109             -0.13824499918579960522             0.00368116859070808863             0.00178391085830044514            -0.00001219070762478693            -0.00012746728431741573            -0.00009861607994637441
9202             -0.11456883409767415483            -0.01369797874446363264             0.01427105463169145612             0.00001314816241552817            -0.00012867313551622204            -0.00009857286601768121
9203             -0.14296196805254207662            -0.01369798449524019593             0.01060703892344783475             0.00001219070758350484            -0.00012806105172621745            -0.00009861607995152899
9204             -0.11456883409771420612            -0.00413641074075140648             0.00180525833544641426             0.00001314816241693998            -0.00012840202301896806            -0.00009857286601763708
9205             -0.14296196805259142604            -0.00413222473994399528            -0.00178403993108975810             0.00001219070758491806            -0.00012752149510731511            -0.00009861607995149618
9206             -0.11392684019655802130            -0.00407066992866652287             0.00180527377729234294             0.00001314816241700390            -0.00012839553744352152            -0.00009857286601763707
9207             -0.14232439284534931234            -0.00407127120201922731            -0.00178400919938090331             0.00001219070758498204            -0.00012750858778953831            -0.00009861607995149613
9208             -0.10981862574697902335            -0.00364992873131862045             0.00180532319119948935             0.00001314816241718128            -0.00012837478360225310            -0.00009857286601763707
9209             -0.13824499917564014861            -0.00368116855929602818            -0.00178391085791240289             0.00001219070758515943            -0.00012746728437285020            -0.00009861607995149613
10101             -0.14745703365113355110             0.01551249940775467628            -0.01288578155770158870            -0.00001227057077517965            -0.00012836930515325949            -0.00011163046920664153
10201             -0.14745703364556458914            -0.01551249936956034317             0.01288578155769573748             0.00001227057073414267            -0.00012836930513363115            -0.00011163046920649028
10102             -0.13138224608834342400             0.01551249940776193437            -0.01467902951707780734            -0.00001254438085549626            -0.00012784069958687877            -0.00011163046917597012
10103             -0.16353656679130407214             0.01551250592032269587            -0.01117421947452763506            -0.00001169348631172227            -0.00012725521154512189            -0.00011167990227368011
10104             -0.13138224608837298368             0.00468434389767297468            -0.00229173412127774579            -0.00001254438085437457            -0.00012760886685378174            -0.00011163046917627730
10105             -0.16353656679134134788             0.00467955539975626125             0.00114160503874103248            -0.00001169348631059987            -0.00012676659889655087            -0.00011167990227398097
10106             -0.13074421561890858801             0.00462162199340122176            -0.00229174732585345643            -0.00001254438085432348            -0.00012760332093199550            -0.00011163046917627728
10107             -0.16290276301843889528             0.00462108796820339535             0.00114157720866474733            -0.00001169348631054882            -0.00012675491026443306            -0.00011167990227398098
10108             -0.12666128795067393975             0.00422020180606594297            -0.00229178958049564788            -0.00001254438085417956            -0.00012758557398250244            -0.00011163046917627728
10109             -0.15884740383392362273             0.00424689640626892476             0.00114148815242073095            -0.00001169348631040491            -0.00012671750664193510            -0.00011167990227398098
10202             -0.13138224608305010266            -0.01551249936956761860             0.01467902951116174283             0.00001254438081444995            -0.00012784069956765646            -0.00011163046917317542
10203             -0.16353656678595990259            -0.01551250588212838705             0.01117421948043154263             0.00001169348627068069            -0.00012725521152618334            -0.00011167990227609589
10204             -0.13138224608308218810            -0.00468434385974971813             0.00229173411721310090             0.00001254438081332824            -0.00012760886683482877            -0.00011163046917348260
10205             -0.16353656678599948204            -0.00467955536132761384            -0.00114160503102268265             0.00001169348626955829            -0.00012676659887807913            -0.00011167990227639677
10206             -0.13074421561371246669            -0.00462162195568320902             0.00229174732178881414             0.00001254438081327715            -0.00012760332091306444            -0.00011163046917348258
10207             -0.16290276301318926122            -0.00462108792997997266            -0.00114157720094640162             0.00001169348626950719            -0.00012675491024599490            -0.00011167990227639674
10208             -0.12666128794608522146            -0.00422020176966145071             0.00229178957643118471             0.00001254438081313323            -0.00012758557396349714            -0.00011163046917348258
10209             -0.15884740382926570978            -0.00424689636935881437            -0.00114148814470221133             0.00001169348626936328            -0.00012671750662342164            -0.00011167990227639674
11101             -0.16590055221516347705             0.01723706615790631530            -0.01325213492188703247            -0.00001159389776203788            -0.00012608010647765827            -0.00012404108270224002
11201             -0.16590055220063157360            -0.01723706611372736314             0.01325213492176627317             0.00001159389772001894            -0.00012608010637861700            -0.00012404108270199253
11102             -0.14803863631068306383             0.01723706615800089242            -0.01494310503769048434            -0.00001181732315343129            -0.00012564877142794394            -0.00012404108265534852
11103             -0.18376780077977553085             0.01723707339458100535            -0.01163157128354922777            -0.00001108392234649648            -0.00012509557074259141            -0.00012409663119835134
11104             -0.14803863631073249651             0.00520508114030448360            -0.00276598804222501736            -0.00001181732313950364            -0.00012545959902429988            -0.00012404108265732180
11105             -0.18376780077983764783             0.00519970016821638681             0.00047801616652665309            -0.00001108392233256592            -0.00012466377881825396            -0.00012409663120027569
11106             -0.14741134962910637518             0.00514599452460860751            -0.00276599881698447094            -0.00001181732313886810            -0.00012545507362615174            -0.00012404108265732174
11107             -0.18314450770915333133             0.00514428055655524741             0.00047799157280583714            -0.00001108392233193039            -0.00012465344945553018            -0.00012409663120027569
11108             -0.14339709620691062919             0.00476784018420253058            -0.00276603329621452013            -0.00001181732313710162            -0.00012544059235234921            -0.00012404108265732174
11109             -0.17915630247773095540             0.00478959504197117719             0.00047791287289943984            -0.00001108392233016450            -0.00012462039549515454            -0.00012409663120027569
11202             -0.14803863629682245673            -0.01723706611382194026             0.01494310503151795484             0.00001181732311140146            -0.00012564877132631601            -0.00012404108264847942
11203             -0.18376780076583532075            -0.01723707335040194910             0.01163157128947937130             0.00001108392230447570            -0.00012509557064081111            -0.00012409663120463869
11204             -0.14803863629687802339            -0.00520508109679181097             0.00276598804599505459             0.00001181732309747383            -0.00012545959892092473            -0.00012404108265045264
11205             -0.18376780076590351620            -0.00519970012342754750            -0.00047801615063437254             0.00001108392229054509            -0.00012466377871462963            -0.00012409663120656296
11206             -0.14741134961576901619            -0.00514599448130610010             0.00276599882075450731             0.00001181732309683828            -0.00012545507352272256            -0.00012404108265045262
11207             -0.18314450769573742406            -0.00514428051197647965            -0.00047799155691355269             0.00001108392228990953            -0.00012465344935185378            -0.00012409663120656298
11208             -0.14339709619688675857            -0.00476784014224497510             0.00276603329998497977             0.00001181732309507179            -0.00012544059224874255            -0.00012404108265045262
11209             -0.17915630246763664113            -0.00478959499873704564            -0.00047791285700673558             0.00001108392228814367            -0.00012462039539129957            -0.00012409663120656298
12101             -0.18391930192584773907             0.01885957389177553983            -0.01350982084355621324            -0.00001087022033816066            -0.00012276610543259582            -0.00013571760903809176
12201             -0.18391930189947586216            -0.01885957384149797300             0.01350982084353563248             0.00001087022029552928            -0.00012276610539912406            -0.00013571760902940494
12102             -0.16437596622730232809             0.01885957389205603768            -0.01509152194840184327            -0.00001104094299133387            -0.00012243651607926235            -0.00013571760901027774
12103             -0.20346854196567887296             0.01885958180980812360            -0.01198669022716255562            -0.00001043083373662741            -0.00012191784557582487            -0.00013577911256528320
12104             -0.16437596622733890994             0.00569496581781439581            -0.00322344289518647093            -0.00001104094295075254            -0.00012229196670328774            -0.00013571760901406139
12105             -0.20346854196572503048             0.00568900789073561314            -0.00018192559920896705            -0.00001043083369605030            -0.00012154582071634324            -0.00013577911256899554
12106             -0.16376451503862926584             0.00563976110306546596            -0.00322345112834201628            -0.00001104094294890479            -0.00012228850878057981            -0.00013571760901406139
12107             -0.20286083511117070088             0.00563685372226016557            -0.00018194678876053876            -0.00001043083369420309            -0.00012153692110535416            -0.00013577911256899556
12108             -0.15985151881850398481             0.00528645092881011025            -0.00322347747443931399            -0.00001104094294376851            -0.00012227744342808308            -0.00013571760901406139
12109             -0.19897226118257183014             0.00530306704415518110            -0.00018201459532503784            -0.00001043083368906951            -0.00012150844235040183            -0.00013577911256899556
12202             -0.16437596620113065216            -0.01885957384177843615             0.01509152194224346738             0.00001104094294871415            -0.00012243651604282741            -0.00013571760901253600
12203             -0.20346854193656968568            -0.01885958175953058105             0.01198669023328096869             0.00001043083369399534            -0.00012191784553926175            -0.00013577911254111322
12204             -0.16437596620115690893            -0.00569496576731773341             0.00322344289265892245             0.00001104094290813278            -0.00012229196666486210            -0.00013571760901631960
12205             -0.20346854193660138255            -0.00568900784280252161             0.00018192560897498187             0.00001043083365341824            -0.00012154582067769812            -0.00013577911254482555
12206             -0.16376451501263969424            -0.00563976105278190046             0.00322345112581447343             0.00001104094290628501            -0.00012228850874205114            -0.00013571760901631962
12207             -0.20286083508224062033            -0.00563685367454026115             0.00018194679852654837             0.00001043083365157100            -0.00012153692106659857            -0.00013577911254482555
12208             -0.15985151879375553152            -0.00528645087989037393             0.00322347747191268274             0.00001104094290114878            -0.00012227744338916908            -0.00013571760901631962
12209             -0.19897226115489094478            -0.00530306699779949792             0.00018201460509207398             0.00001043083364643740            -0.00012150844231121633            -0.00013577911254482555
13101             -0.20139727439567209344             0.02037900045385263731            -0.01367754684205188184            -0.00001018122774638245            -0.00011889758096005737            -0.00014665270779093558
13201             -0.20139727437572843560            -0.02037900039740818750             0.01367754684223298350             0.00001018122770340406            -0.00011889758106219925            -0.00014665270778160659
13102             -0.18027928447923000088             0.02037900045418544748            -0.01515503852191969064            -0.00001029992444089896            -0.00011866843061879069            -0.00014665270773728335
13103             -0.22252172155210458993             0.02037900900983324881            -0.01224700189820282677            -0.00000981089594071010            -0.00011818263527325353            -0.00014671997065383695
13104             -0.18027928447929195133             0.00615368780339491106            -0.00364994569099532078            -0.00001029992439275968            -0.00011856793119797263            -0.00014665270774152076
13105             -0.22252172155218163940             0.00614717185613810474            -0.00080121040196779510            -0.00000981089589258838            -0.00011786907856267823            -0.00014671997065805718
13106             -0.17968645083369177984             0.00610218818143679759            -0.00364995141518349633            -0.00001029992439056690            -0.00011856552704208409            -0.00014665270774152071
13107             -0.22193239491169572397             0.00609811737668086717            -0.00080122826132998388            -0.00000981089589039676            -0.00011786157763170255            -0.00014671997065805720
13108             -0.17589251809205011523             0.00577259060106853628            -0.00364996973258524884            -0.00001029992438447734            -0.00011855783374341149            -0.00014665270774152071
13109             -0.21816133649103119918             0.00578416870831805624            -0.00080128541128851550            -0.00000981089588431122            -0.00011783757465279390            -0.00014671997065805720
13202             -0.18027928445913138367            -0.02037900039774095950             0.01515503851591145160             0.00001029992439791590            -0.00011866843071794153            -0.00014665270774356082
13203             -0.22252172152884608369            -0.02037900895338876431             0.01224700190457270535             0.00000981089589773278            -0.00011818263537206352            -0.00014671997062397219
13204             -0.18027928445917876243            -0.00615368774634154209             0.00364994567546722375             0.00001029992434977660            -0.00011856793129510655            -0.00014665270774779835
13205             -0.22252172152890395407            -0.00614717180259053905             0.00080121039886197828             0.00000981089584961098            -0.00011786907865924330            -0.00014671997062819247
13206             -0.17968645081309331246            -0.00610218812459834004             0.00364995139965539886             0.00001029992434758389            -0.00011856552713910892            -0.00014665270774779832
13207             -0.22193239488793556347            -0.00609811732334818168             0.00080122825822416532             0.00000981089584741938            -0.00011786157772814419            -0.00014671997062819242
13208             -0.17589251806835398684            -0.00577259054560559301             0.00364996971705795325             0.00001029992434149431            -0.00011855783384009991            -0.00014665270774779832
13209             -0.21816133646419311187            -0.00578416865636060401             0.00080128540818360725             0.00000981089584133387            -0.00011783757474885122            -0.00014671997062819242
14101             -0.21830162903445529676             0.02180699638126108036            -0.01377401235073509936            -0.00000962128362763407            -0.00011515834665856950            -0.00015693011366498213
14201             -0.21830162902393374091            -0.02180699631861589619             0.01377401235067401801             0.00000962128358451719            -0.00011515834659484394            -0.00015693011367444128
14102             -0.19570369267243720168             0.02180699638061632528            -0.01516645960332333939            -0.00000969401710179334            -0.00011501793026151945            -0.00015693011360004799
14103             -0.24090655613042161187             0.02180700553577457484            -0.01241835829656593761            -0.00000931075461824181            -0.00011455885233679016            -0.00015700293374529021
14104             -0.19570369267247869627             0.00658477536186032053            -0.00401324069249973242            -0.00000969401719470563            -0.00011495634726731878            -0.00015693011359310999
14105             -0.24090655613047406991             0.00657772096293448433            -0.00132117930740465145            -0.00000931075471110154            -0.00011429592965878539            -0.00015700293373828412
14106             -0.19512891461912432178             0.00653630527587576587            -0.00401324420008731392            -0.00000969401719893567            -0.00011495487407442502            -0.00015693011359311002
14107             -0.24033509220631921188             0.00653116718936794238            -0.00132119428276862116            -0.00000931075471532879            -0.00011428964000319207            -0.00015700293373828409
14108             -0.19145045921870845751             0.00622609672525931829            -0.00401325542436747895            -0.00000969401721067699            -0.00011495015985728033            -0.00015693011359311002
14109             -0.23667825310003584582             0.00623322303822713975            -0.00132124220393325053            -0.00000931075472706084            -0.00011426951310544127            -0.00015700293373828409
14202             -0.19570369266389694984            -0.02180699631797114804             0.01516645959705456917             0.00000969401705868838            -0.00011501793019409845            -0.00015693011357467937
14203             -0.24090655612509395689            -0.02180700547312937332             0.01241835830271409077             0.00000931075457512071            -0.00011455885226939716            -0.00015700293379466580
14204             -0.19570369266397094621            -0.00658477530167585201             0.00401324069289137660             0.00000969401715160069            -0.00011495634719741341            -0.00015693011356774126
14205             -0.24090655612518380169            -0.00657772089549985353             0.00132117932020970035             0.00000931075466798045            -0.00011429592958892357            -0.00015700293378765961
14206             -0.19512891461096643075            -0.00653630521590682634             0.00401324420047896591             0.00000969401715583069            -0.00011495487400443390            -0.00015693011356774123
14207             -0.24033509220137849738            -0.00653116712214893771             0.00132119429557366660             0.00000931075467220765            -0.00011428963993325121            -0.00015700293378765964
14208             -0.19145045921279255086            -0.00622609666666976841             0.00401325542475937727             0.00000969401716757199            -0.00011495015978718235            -0.00015693011356774123
14209             -0.23667825309733431238            -0.00623322297238800699             0.00132124221673843821             0.00000931075468393976            -0.00011426951303544235            -0.00015700293378765964
15101             -0.23472374013799870984             0.02316997552352727252            -0.01381620501554429482            -0.00000930108314247639            -0.00011258874516482652            -0.00016670009217927323
15201             -0.23472374009761801106            -0.02316997545466984582             0.01381620501514222235             0.00000930108309932372            -0.00011258874486987468            -0.00016670009216927971
15102             -0.21071892687888138518             0.02316997551930986832            -0.01515963298789581998            -0.00000934350003256030            -0.00011250685477458622            -0.00016670009199644674
15103             -0.25873462228184113121             0.02316998338207554298            -0.01250298962967742906            -0.00000902878558990255            -0.00011206305450192015            -0.00016676330954533896
15104             -0.21071892687894117069             0.00700006659824392585            -0.00424852111601639083            -0.00000934350063917874            -0.00011247093979166365            -0.00016670009195640323
15105             -0.25873462228191590473             0.00699394235879555876            -0.00164605272352159621            -0.00000902878619622706            -0.00011183250033056432            -0.00016676330950485591
15106             -0.21015657432788081849             0.00695334909497598297            -0.00424852316154057490            -0.00000934350066678585            -0.00011247008063250889            -0.00016670009195640314
15107             -0.25817547356857101226             0.00694879842774233369            -0.00164606585519852392            -0.00000902878622381868            -0.00011182698500740364            -0.00016676330950485599
15108             -0.20655759039956889112             0.00665435707200412452            -0.00424852970721736889            -0.00000934350074341221            -0.00011246733132336729            -0.00016670009195640314
15109             -0.25459738656105773691             0.00665987726694655668            -0.00164610787656401057            -0.00000902878630039493            -0.00011180933597348352            -0.00016676330950485599
15202             -0.21071892683884024811            -0.02316997545045235835             0.01515963298127977546             0.00000934349998940768            -0.00011250685447453377            -0.00016670009199790516
15203             -0.25873462223841564578            -0.02316998331321804341             0.01250298963548935813             0.00000902878554674984            -0.00011206305420147729            -0.00016676330951862089
15204             -0.21071892683888934772            -0.00700006652924506714             0.00424852113867206158             0.00000934350059602608            -0.00011247093948817557            -0.00016670009195786159
15205             -0.25873462223847470964            -0.00699394229252976382             0.00164605275865586671             0.00000902878615307434            -0.00011183250002642284            -0.00016676330947813789
15206             -0.21015657428934697570            -0.00695334902619281284             0.00424852318419624651             0.00000934350062363315            -0.00011247008032881384            -0.00016670009195786148
15207             -0.25817547352665115579            -0.00694879836169239040             0.00164606589033278877             0.00000902878618066599            -0.00011182698470303166            -0.00016676330947813789
15208             -0.20655759037076423801            -0.00665435700460187754             0.00424852972987425914             0.00000934350070025959            -0.00011246733101916082            -0.00016670009195786148
15209             -0.25459738652888991295            -0.00665987720227745328             0.00164610791169961333             0.00000902878625724224            -0.00011180933566854882            -0.00016676330947813789
