-5040 1.57968e-09 7675.53 -9.13895e-12
-2393.57 8.32188e-11 118475 9.44561e-12
-1122.57 3.76644e-09 122658 -3.07662e-11
59.6006 1.54932e-09 101032 -1.51405e-11
919.998 8.58563e-10 90778.3 -2.69949e-11
1662.62 1.49248e-09 86626.6 8.89191e-12
2348.14 -1.45828e-08 88641.7 3.04173e-10
3013.24 -4.36557e-10 93678.1 -3.96857e-12
3666.96 -1.50685e-08 100801 3.58287e-10
4311.9 1.32422e-09 109656 -5.81992e-11
4956.2 8.24002e-10 118386 -3.20061e-11
5598.43 6.39557e-09 127476 -1.85784e-10
6238.47 1.09376e-08 136564 -2.03205e-10
6873.02 -5.8717e-09 145953 1.57524e-10
7494.88 -2.37196e-09 155894 7.57931e-11
8077.37 3.58341e-09 166070 -1.24267e-10
8583.95 1.05865e-09 176062 1.14237e-11
9035.09 2.1173e-09 185514 -7.93414e-11
9452.81 2.29375e-08 194301 -1.28246e-09
9835.36 2.47383e-10 201750 -9.08532e-11
9187.85 -8.44011e-10 192166 5.92691e-11
8539.34 -9.80654e-08 182841 1.65402e-09
7888.01 -3.59069e-09 174250 8.98557e-11
7235.54 1.12996e-08 165531 -2.9404e-10
6582.01 4.50018e-09 156859 -8.6281e-11
5926.68 4.95857e-09 148537 -1.59757e-10
5270.53 1.45519e-09 140215 -2.39119e-11
4606.74 -1.03846e-08 133516 2.13313e-10
3931.66 2.48656e-09 129126 -5.19975e-11
3242.42 1.10667e-08 126380 -2.21296e-10
2514.81 1.33459e-08 129509 -2.12879e-10
1738.27 -2.92857e-10 137570 9.11525e-12
914.075 -3.06327e-08 149422 2.69142e-10
13.7163 -1.48066e-09 165287 -1.38432e-11
-1025.49 -2.33649e-09 185320 2.98097e-11
-2331.18 1.02771e-08 208081 -1.74815e-10
-3798.35 5.78545e-10 208097 -1.71429e-11
-5454.19 5.35806e-09 93266 -3.00903e-11
-7096.31 7.13248e-09 -66339.5 -4.37956e-11
-8570.5 9.69612e-09 -203009 -5.5166e-11
-9536.28 3.38105e-09 -283677 -2.83228e-11
-10430.3 -1.3556e-08 -356920 -2.47112e-10
-11176.4 2.00089e-11 -417588 -2.4519e-12
-11837.9 -5.10454e-09 -470111 1.37909e-10
-12479.8 3.71256e-09 -519081 -4.31095e-11
-13120.5 2.86673e-09 -565540 -2.84463e-12
-13763.1 -2.24827e-09 -609633 5.6949e-11
-14406.3 -2.81307e-09 -652630 8.93196e-11
-15046.8 -2.45564e-10 -694965 5.48903e-12
-15683.6 1.57524e-09 -736693 -6.51888e-11
-16315.4 -7.78527e-10 -778006 5.06422e-11
-16934.6 -6.3892e-09 -818681 1.90667e-10
-17522.1 -6.85759e-10 -858794 -2.79505e-11
-18038.7 2.0118e-09 -898504 -6.26429e-11
-18483 9.74069e-10 -937333 -7.42822e-11
-18887.8 1.29603e-09 -974816 -3.90115e-11
-19261.4 1.99179e-10 -1.01171e+06 -1.81806e-11
-19598.8 9.05857e-10 -1.04999e+06 -3.2396e-11
-19898.9 -4.33829e-10 -1.09007e+06 -5.10696e-11
-19254.4 9.65156e-09 -1.04903e+06 -1.30972e-10
-18608.1 3.82352e-09 -1.0077e+06 -1.21476e-10
-17960.4 2.56478e-09 -966162 -8.25801e-11
-17311.9 1.56888e-09 -924584 -1.92641e-10
-16661.5 -3.16868e-09 -882861 2.33755e-10
-16016.4 5.12591e-09 -840967 -1.94513e-10
-15372.3 1.1406e-08 -798697 2.74746e-10
-14722 1.93049e-08 -755474 -5.86497e-10
-14071.5 3.78805e-09 -711899 -9.11404e-11
-13411 -7.29779e-09 -668050 1.75588e-10
-12726.6 2.73758e-09 -623779 -4.51819e-11
-12017.9 -1.46583e-08 -578654 -3.4605e-10
-11263.9 2.30375e-09 -531770 -2.92773e-11
-10455.4 2.11458e-09 -482125 -2.00278e-11
-9566.31 3.77986e-09 -428340 3.15791e-11
-8548 3.07e-09 -368496 -1.88839e-11
-7475.86 -2.8117e-09 -313592 1.37253e-11
-6303.73 4.42651e-09 -263966 -4.60599e-11
-4965.71 1.47215e-08 -209418 -1.06399e-10
-3478.71 -1.09362e-08 -138909 4.16311e-11
-2135.32 8.07859e-10 -62202.7 -5.68377e-12
-984.343 1.54466e-09 7290.55 -1.09176e-11
-32.8334 1.15028e-09 41271.8 -1.12299e-11
719.889 1.92313e-09 60489 -3.38202e-11
1360.41 2.57751e-09 83600.8 -4.645e-11
1974.43 1.52886e-09 98608.7 -3.74458e-11
2601.74 -1.5234e-09 104093 2.81768e-11
3210.31 7.53062e-10 109855 -4.46266e-12
3805.96 1.37879e-09 116651 -3.57804e-11
4402.2 3.05772e-09 123479 -9.58352e-11
4994.75 4.54747e-10 130307 -1.62012e-11
5611.8 -1.19853e-08 137811 3.17642e-10
6241.57 -2.47383e-10 146301 -1.16445e-11
6871.34 4.31464e-09 155295 -1.15729e-10
7490.68 -5.1914e-08 164182 1.75674e-09
8094.11 -1.04046e-09 173438 7.07444e-11
8674.73 1.36242e-08 182594 -9.61803e-10
9218.69 3.6016e-10 191361 -1.17913e-11
9705.18 8.18545e-10 199108 -7.51596e-11
10114.8 -1.73059e-08 205503 1.14148e-09
10459.8 -4.4347e-09 210779 1.40381e-10
10766.3 1.64e-08 215786 -4.40984e-10
11051.4 3.44517e-09 221275 -4.75858e-11
11319.4 -5.27507e-09 227517 1.85472e-10
11573.7 4.58385e-10 234385 -1.60332e-11
11818.3 -1.226e-09 242228 5.37549e-11
12052.1 -4.25644e-10 251377 8.99524e-12
12272.4 5.49335e-10 261476 3.30621e-11
12480.3 2.09657e-08 273033 -1.16979e-09
12677.2 -3.11411e-09 286888 1.23396e-10
12865.4 -1.53668e-08 300843 9.43802e-10
13041 1.02591e-09 315337 -6.79571e-11
13205 9.8953e-09 328459 -5.80782e-11
13360.3 1.38098e-08 339035 -3.6434e-10
13506.2 -3.85626e-10 347559 -7.49042e-12
13645.6 4.86762e-09 353006 -2.21024e-10
13779 1.22382e-08 355806 -3.24779e-10
13905.6 -1.00044e-08 356999 2.62358e-10
14025.1 -1.10012e-08 357308 8.45452e-10
13332.9 2.19006e-09 357898 4.94236e-11
12636 1.89175e-08 359058 -1.71771e-10
11938.4 -5.92991e-10 360710 1.66847e-10
11240.9 5.83168e-09 363611 2.59798e-10
10550.6 -1.63709e-09 367400 1.55222e-10
9865.1 1.49157e-09 370744 2.61545e-11
9192.77 7.63976e-10 372912 9.66948e-11
8523.48 1.93904e-09 376312 2.64926e-10
7849.23 -5.11864e-09 380013 1.58055e-10
7175 -2.41125e-08 383783 1.18423e-09
6504.52 1.43846e-08 387921 -7.4363e-11
5828.49 -2.2701e-09 392860 3.97089e-10
5151.97 2.0591e-09 397836 -5.8858e-11
4475.48 -1.68402e-08 403060 9.26132e-10
3802.04 7.42148e-09 408628 2.86324e-12
3122.75 4.81668e-09 414525 6.56314e-11
2438.97 1.43336e-09 420793 7.13398e-11
1753.22 2.78023e-07 427247 -3.0761e-09
1063.14 5.12955e-10 433962 2.1922e-11
373.215 -7.65795e-10 440759 1.17451e-10
-320.852 -3.97267e-09 447683 7.86006e-11
-1025.63 4.2437e-09 454792 7.0267e-11
-1733.46 -5.02223e-09 458605 1.68094e-10
-2439.76 6.13363e-09 453617 2.86484e-11
-3180.61 1.18193e-08 447525 -9.57377e-11
-3948.51 3.79509e-09 440741 3.35391e-11
-4730.63 1.59162e-10 433296 9.46747e-11
-5519.07 1.85194e-08 425025 -1.51823e-10
-6296.93 -8.93579e-10 415319 9.37152e-11
-7063.12 -9.09495e-11 403467 7.69381e-11
-7821.16 3.47882e-09 388916 5.73089e-11
-8556.82 1.78989e-09 372678 1.80296e-11
-9237.1 4.69299e-10 357064 5.89642e-11
-9849.5 5.32964e-10 339646 4.40829e-11
-10384.6 -4.09273e-10 312757 4.43044e-11
-10883.7 1.10958e-09 266583 2.74066e-11
-11352.8 3.92356e-09 196399 -1.11475e-10
-11799.4 1.41154e-09 109328 1.92468e-11
-12229.5 -2.75941e-09 15258.8 9.44911e-11
-12642.7 2.12822e-10 -81776.4 2.7528e-11
-13041.6 6.38465e-10 -179957 2.54823e-11
-13427.6 -1.29148e-09 -276284 6.3433e-11
-13807.1 6.91216e-10 -363880 2.99609e-11
-14181.5 8.36735e-11 -434534 6.26424e-11
-14547.6 2.452e-09 -490359 -2.10472e-11
-14907.5 6.25732e-10 -536566 4.65098e-11
-15255.3 6.25732e-10 -576322 3.24399e-11
-15592.2 -3.33603e-09 -611973 1.42564e-10
-15919 -7.16682e-10 -644882 6.2902e-11
-16237 1.29148e-09 -675925 -3.70518e-12
-16548 7.67614e-10 -705694 1.41204e-11
-16856.4 -1.56433e-10 -734843 4.98335e-11
-17165.7 -1.81171e-09 -763824 5.97351e-11
-17468.3 1.67711e-09 -792446 -1.86918e-12
-17762.4 8.14907e-10 -820847 1.78606e-11
-18048 9.82254e-11 -849174 3.53097e-11
-18366.6 -2.54659e-11 -880105 2.87685e-11
-18749.5 9.49512e-10 -915480 3.90243e-11
-19122.2 -3.89773e-08 -951258 1.36153e-09
-19474.9 -8.07995e-09 -988656 3.44155e-10
-19791.1 4.44561e-09 -1.02783e+06 -9.0208e-11
-20077.8 2.40107e-10 -1.06708e+06 6.14802e-11
-20349.7 -1.75241e-08 -1.10649e+06 6.52365e-10
-20601.6 -5.08589e-09 -1.14449e+06 3.07104e-10
-20838.5 1.70985e-09 -1.18076e+06 6.57962e-11
-21061.4 4.54747e-10 -1.21493e+06 5.49792e-11
-21270.3 -6.54836e-09 -1.24692e+06 2.62831e-10
-21467 3.05954e-09 -1.27683e+06 -4.4897e-11
-21655.4 -1.0441e-09 -1.30482e+06 7.34134e-11
-21836.5 -4.91491e-09 -1.33126e+06 3.19365e-10
-22009.4 -6.58474e-10 -1.35613e+06 4.68003e-11
-22172.9 7.7569e-08 -1.37944e+06 -3.82237e-09
-22328.6 -4.79122e-09 -1.40155e+06 -3.24505e-10
-22477.2 1.55705e-09 -1.42195e+06 -4.79617e-11
-22620.1 2.61934e-08 -1.44105e+06 -1.46931e-09
-22757.2 -2.62298e-09 -1.45857e+06 2.01952e-10
-22887.8 -3.63798e-11 -1.47479e+06 4.32723e-11
-23011.3 -1.26929e-08 -1.49006e+06 7.6113e-10
-23127.4 1.60508e-08 -1.50441e+06 -4.53775e-10
-22469.2 -4.46016e-09 -1.46472e+06 -2.40051e-10
-21820.6 8.07995e-09 -1.42534e+06 -8.00315e-10
-21182.1 -1.47884e-08 -1.38619e+06 -1.37141e-11
-20549.3 5.03187e-07 -1.3474e+06 -1.47557e-08
-19918.8 -1.70439e-08 -1.30896e+06 2.36774e-10
-19287.5 -2.16278e-09 -1.27055e+06 -3.19969e-10
-18655.6 -3.73057e-08 -1.23215e+06 2.26734e-10
-18017.8 -4.13274e-09 -1.19313e+06 -3.29039e-10
-17383.3 -3.79623e-09 -1.15448e+06 -2.3665e-10
-16747.6 -2.43745e-09 -1.1159e+06 -2.74213e-10
-16115.5 -2.56478e-09 -1.0776e+06 -2.62946e-10
-15484.3 5.98138e-08 -1.03913e+06 -1.34276e-09
-14851.4 1.05138e-09 -1.00092e+06 -3.48809e-10
-14217.9 -6.32826e-09 -962932 -8.1794e-11
-13586 8.32188e-09 -925171 -5.78509e-10
-12954.5 2.39925e-08 -887564 -2.3729e-10
-12321.3 3.16868e-09 -849904 -3.43836e-10
-11695.1 1.78261e-09 -812635 -4.38277e-10
-11070.3 -3.29237e-10 -775333 -2.63232e-10
-10442.6 -2.35195e-09 -737964 -2.57698e-10
-9824.05 -5.92627e-09 -701803 -2.6191e-10
-9206.65 -4.84943e-09 -665964 -1.66496e-10
-8583.71 -3.5725e-09 -629502 -1.98493e-10
-7944.08 -6.47378e-09 -591857 -1.27313e-10
-7276.06 4.07999e-09 -552119 -3.63271e-10
-6588.57 -6.32826e-09 -510590 -2.31662e-10
-5896.21 -1.12959e-09 -467902 -2.56572e-10
-5213.65 5.48789e-09 -424929 -4.00998e-10
-4536.38 4.82032e-10 -380834 -2.30188e-10
-3869.88 -2.00907e-09 -336056 -1.68284e-10
-3241.02 -8.94033e-09 -292339 -8.94772e-11
-2628.45 1.1587e-09 -247048 -1.91364e-10
-2046.22 -6.8394e-10 -205062 -1.71115e-10
-1539.72 1.62981e-09 -174570 7.48251e-11
-1052.31 5.22778e-09 -145448 -3.03088e-10
-591.913 -7.49424e-10 -121314 -1.13001e-10
-140.309 2.36343e-07 -96107 -9.30963e-09
297.884 -6.5711e-10 -70114.1 -9.75246e-11
715.535 -2.28724e-08 -43592.3 6.81749e-10
1124.97 -1.42609e-09 -15139.7 -1.3101e-10
1536.23 -3.22871e-11 11598.5 -5.95655e-11
1928.38 -9.24643e-10 36496 -1.56947e-11
2302.08 -6.27551e-11 61770 -5.35143e-11
2663.5 -1.54159e-10 87033.9 -3.32524e-11
3036.43 -2.44654e-10 108513 5.33048e-12
3395.17 -1.42791e-10 129016 4.49149e-12
3736.82 5.45697e-12 149128 2.21917e-12
4066.09 -1.11686e-09 169012 4.11783e-11
4384.95 -7.27596e-11 188655 8.38317e-12
4693.78 -6.00267e-10 207992 1.59136e-11
4995.23 7.71252e-10 226983 -2.18878e-11
5286.37 -3.11775e-09 245559 1.3066e-10
5570.34 -5.67525e-10 263836 1.56264e-11
5847.63 -4.36557e-11 281711 5.26601e-12
6124.64 -1.19643e-06 299418 3.85355e-08
6395.81 6.67533e-08 316887 -2.14281e-09
6660.89 1.38243e-10 334064 6.63951e-13
6919.51 1.68075e-09 350978 -5.23018e-11
7171.45 1.14596e-09 367647 -2.62756e-11
7416.65 -9.78616e-10 384065 3.93491e-11
7663.33 -6.18456e-11 400531 9.73575e-12
7904.31 7.09406e-10 416824 -1.63293e-11
8139.87 -1.46247e-09 432941 5.15799e-11
8387.33 3.15413e-09 449203 -9.4017e-11
8700.05 4.76575e-10 466074 4.51268e-12
9016.23 -1.38301e-07 485094 3.71952e-09
9360.41 1.5134e-09 496674 8.03805e-11
9716.1 -2.80786e-07 501752 6.37343e-09
10064.5 -3.2378e-09 505692 3.18554e-10
10403.1 1.58252e-08 507938 -3.45959e-10
10731.9 -1.18816e-07 507746 3.58715e-09
11051.1 -2.40107e-10 504493 1.70262e-10
11359.7 5.23869e-10 499522 1.39518e-10
11655.5 3.9654e-09 494133 3.65864e-12
11937.6 1.36279e-08 488175 -9.1467e-10
12205.8 1.97178e-09 481329 8.305e-11
12458.7 -4.33356e-08 473843 2.38904e-09
12696.5 1.87283e-08 465319 -5.80203e-10
12919.4 5.16593e-10 456105 2.06024e-10
13127.4 1.64146e-08 446481 -1.65931e-09
13322 2.13913e-09 436929 1.26357e-10
13503.8 -2.02999e-09 428010 3.98473e-10
13672.7 5.82077e-11 419945 3.11517e-10
13830.8 -1.1969e-08 412423 8.8938e-10
13978.3 1.56433e-09 405367 9.98657e-11
14116.8 1.41663e-08 398717 -1.30654e-09
14248 -3.25963e-09 392510 4.75538e-10
14372.9 1.4923e-08 386720 -6.94728e-10
14492.3 -6.39557e-09 381289 6.24921e-10
14661.8 9.3205e-09 373709 -3.54355e-10
14768.2 -2.16824e-09 369056 3.19694e-10
14869.9 3.33966e-09 364643 -4.63089e-11
14967.6 2.09548e-09 360408 8.68302e-11
15035 -1.57161e-09 361346 4.21274e-10
15074.3 -2.18279e-10 367340 3.62795e-10
15115.5 -5.12227e-09 372737 6.48576e-10
15158.5 -2.41271e-08 377509 2.3784e-09
15103.8 1.01863e-09 397504 2.27862e-10
15161 8.97126e-09 399884 -3.30906e-10
15205.1 -6.18456e-10 403274 2.83132e-10
15294.8 5.34783e-09 398783 -7.83708e-11
15380 -5.23505e-08 394840 4.35021e-09
15460.2 4.32192e-09 391447 -3.88084e-11
15512.9 1.57161e-09 389757 1.82472e-10
15562.2 -4.58385e-09 388279 5.29551e-10
15610.5 1.52068e-08 386919 -8.73418e-10
15657.9 9.58244e-09 385651 -5.44632e-10
15704.1 -4.03088e-09 384503 5.77007e-10
15748.6 -5.78584e-08 383614 -1.65668e-09
15615.5 -2.12385e-08 410597 -3.9152e-10
15809.5 -4.27826e-09 396744 -1.19122e-09
15859.4 -5.9008e-09 394236 -1.06802e-09
15903.7 -2.85218e-09 392764 -1.23201e-09
15946.1 4.6879e-08 391651 -4.67059e-09
15988.5 2.21262e-08 390532 -3.208e-09
16030.3 -1.23109e-08 389485 2.39314e-10
16071.4 9.05129e-09 388492 -1.4732e-09
16111.8 1.37152e-08 387595 -1.89074e-09
16151.8 -2.4811e-09 386723 -4.54639e-10
16191.7 -6.8103e-09 385852 1.67331e-11
15541.8 -5.07134e-09 379598 1.92104e-10
14897.7 1.71276e-08 372968 -7.62852e-10
14264.5 -8.9276e-09 366198 1.16787e-10
13634.1 -1.86265e-09 359336 -2.00724e-10
13009.5 1.40499e-08 352425 -8.69058e-10
12391.2 1.77777e-07 345468 -5.06662e-09
11775.1 8.34189e-09 338477 -5.37971e-10
11165.1 1.36424e-09 331467 -2.7662e-10
10560.4 2.36432e-08 324454 -1.22037e-09
9958.64 2.03217e-08 317742 -1.66686e-09
9362.12 1.07335e-07 311175 -3.16824e-09
8769.22 5.28162e-08 304606 -2.16046e-09
8180.35 3.9483e-08 298027 -1.80297e-09
7594.32 1.26638e-08 291572 -6.15873e-10
7013.82 7.29779e-09 285518 -2.94068e-10
6442.43 7.16682e-09 279479 -4.30181e-10
5877.82 2.39197e-08 273422 -1.45028e-09
5319.33 2.05509e-08 267243 -1.31618e-09
4774.72 2.86764e-08 258901 -1.22058e-09
4249.04 -3.31966e-09 246049 -1.63461e-10
3728.63 8.22183e-10 233308 -3.51252e-10
3213.58 -5.11136e-10 220694 -2.33139e-10
2703.14 5.70799e-09 208203 -4.2712e-10
2196.68 -1.015e-09 195711 -1.78781e-10
1697.7 8.11178e-09 183143 -7.11758e-10
1203.48 -6.25732e-10 170544 -1.96375e-10
711.909 1.19871e-09 157848 -2.88158e-10
224.183 1.01772e-09 145106 -3.06336e-10
-264.719 -4.20937e-09 132380 -2.36396e-10
-750.501 -1.68972e-08 119488 1.94606e-10
-1237.57 -6.70752e-11 106265 -4.4358e-10
-1735.27 1.14737e-08 92912.9 -9.1037e-10
-2244.72 -2.63344e-09 79593.2 -4.97958e-10
-2766.93 -2.90765e-09 66490.5 -3.2052e-10
-3285.17 -2.96113e-08 53644.5 7.30573e-10
-3793.72 -1.9827e-10 41350.7 -6.86644e-10
-4289.65 -4.68754e-09 29678.9 -4.12817e-10
-4767.33 -6.50653e-09 18509 -3.4117e-10
-5228.56 -5.2205e-09 8435.16 -4.60117e-10
-5673.01 -6.17547e-09 -481.002 -4.00373e-10
-6099.14 -2.85218e-09 -8336.9 -5.46013e-10
-6494.68 -8.89122e-09 -16278.9 -3.31752e-10
-6862.87 -8.2382e-09 -24248 -1.6125e-10
-7217.75 -1.61708e-09 -31531.5 -4.60245e-10
-7561.15 2.79178e-08 -38315 -1.92279e-09
-7895.02 -3.0268e-09 -44733.1 -2.28591e-10
-8219.31 -6.52653e-09 -50755.5 7.38811e-11
-8533.99 -2.75759e-09 -56357.5 -1.18388e-10
-8839.56 1.10595e-09 -61564.2 -4.62338e-10
-9135.38 3.53321e-08 -66358.5 -2.35764e-09
-9423.04 -4.78285e-08 -70757 2.53547e-09
-9703.2 3.43789e-09 -74744.1 -5.78173e-10
-9976.02 -3.00861e-09 -78341.9 -1.09393e-10
-10241.7 -3.72893e-09 -81597.6 -9.92079e-11
-10500.6 -3.20142e-10 -84507 -2.90588e-10
-10753 -2.65936e-09 -87072 -3.46293e-11
-10998.5 1.10231e-09 -89381.4 -3.9377e-10
-11237.3 1.46429e-08 -91435.7 -2.60417e-09
-11470.6 -5.31145e-10 -93167.7 -2.8457e-10
-11698.3 -2.20098e-09 -94607.6 -1.3323e-10
-11920.8 -1.93904e-08 -95766.7 1.11737e-09
-12138.2 -1.83718e-09 -96655.2 -1.42557e-10
-12351.1 -1.14596e-09 -97266.5 -2.58509e-10
-12557.8 -8.40373e-10 -97776.6 -2.9123e-10
-12758.6 -2.1646e-09 -98187.5 -2.05531e-10
-12952.6 -2.77214e-09 -98630.8 -6.2525e-11
-13138.5 4.81014e-08 -99218.2 -1.90704e-09
-13320 -7.96717e-10 -99750.6 -2.30077e-10
-13497.2 -1.36424e-09 -100191 -2.44903e-10
-13671.1 3.86535e-08 -100492 -3.18874e-09
-13842.6 -1.01136e-09 -100662 -2.05079e-10
-14010.4 -6.91216e-11 -100787 -2.52997e-10
-14174.9 1.4843e-09 -100915 -4.19693e-10
-14336.7 -1.6953e-09 -101045 -1.80171e-10
-14495.8 -8.44011e-10 -101141 -1.77719e-10
-14652.4 -1.44064e-09 -100997 -7.32817e-11
-14808.2 -5.74801e-10 -100917 -2.18201e-10
-14962.8 -1.07684e-09 -100996 -1.79099e-10
-15116.2 -1.12414e-09 -101275 -1.25421e-10
-15267.4 -4.69299e-10 -101856 -2.11101e-10
-15417.1 -9.60426e-10 -102595 -2.10563e-10
-15564.2 -1.63709e-10 -103444 -2.16255e-10
-15732.3 -1.5898e-09 -118903 -3.09532e-10
-15936.3 -1.24419e-09 -163610 -3.60116e-10
-16143.1 -1.94996e-09 -215262 -2.98832e-10
-16348.5 -1.9063e-09 -270322 -3.25345e-10
-16550.6 -3.20142e-09 -326480 -3.00145e-10
-16748.9 -3.13594e-09 -381894 -2.58255e-10
-16943.2 -2.37196e-09 -433489 -3.38644e-10
-17133.6 -2.98314e-09 -479619 -3.20328e-10
-17320.2 -1.17871e-09 -521183 -3.56588e-10
-17503.6 -1.68802e-09 -559907 -3.40749e-10
-17683.6 -1.84082e-09 -596711 -3.14994e-10
-17859.8 -3.5725e-09 -632000 -2.6806e-10
-18032.2 -2.14641e-09 -666009 -3.24533e-10
-18200.5 -2.58296e-09 -698835 -2.92274e-10
-18364.8 -2.28465e-09 -730648 -3.08538e-10
-18525.4 -2.02999e-09 -761512 -2.95115e-10
-18682.5 -1.89437e-07 -791562 1.09903e-08
-18836.3 -3.31056e-09 -820885 -2.24127e-10
-18987.2 -1.63709e-09 -849530 -2.66744e-10
-19135 -2.65572e-09 -877555 -2.59298e-10
-19279.9 1.75787e-08 -904970 -1.83147e-09
-19421.8 -2.37196e-09 -931827 -2.53725e-10
-19561 1.25947e-07 -958089 -1.04616e-08
-19697.3 -8.68749e-09 -983784 3.83048e-10
-19830.9 -2.10275e-09 -1.00888e+06 -2.37029e-10
-19961.8 -2.452e-09 -1.03339e+06 -2.46896e-10
-20090.1 -2.31375e-09 -1.05727e+06 -8.60851e-10
-20215.7 -1.50612e-09 -1.08049e+06 -2.64971e-10
-20338.7 -2.54659e-10 -1.10299e+06 -5.86787e-10
-20458.9 -7.26868e-09 -1.12478e+06 -6.25035e-10
-20576.6 -1.34969e-09 -1.14576e+06 -2.90465e-10
-20691.6 -1.83718e-09 -1.16583e+06 -7.36235e-10
-20803.6 -2.02635e-09 -1.18504e+06 -2.59019e-10
-20917.2 -8.03993e-10 -1.20388e+06 -2.92315e-10
-21089 -1.48255e-07 -1.22849e+06 -1.17372e-08
-21255.4 4.56275e-08 -1.25216e+06 -3.10204e-09
-21431.8 -9.13133e-10 -1.27588e+06 -2.83527e-10
-21626.5 -1.41154e-09 -1.30039e+06 -2.12144e-10
-21815.8 -7.14499e-09 -1.32397e+06 -5.05245e-11
-22006.6 -2.20098e-09 -1.34704e+06 -2.18113e-10
-22187 -7.07223e-09 -1.36881e+06 1.13391e-10
-22358.3 -3.5252e-09 -1.38948e+06 -5.48329e-11
-22514.5 -8.58563e-10 -1.40854e+06 -2.22974e-10
-22655.7 -5.18048e-09 -1.4257e+06 6.21008e-11
-22783.1 -1.14596e-09 -1.44128e+06 -3.19443e-10
-22898.8 -9.33505e-09 -1.45545e+06 3.33913e-10
-23005.2 -2.0118e-09 -1.46858e+06 -1.89004e-10
-23103.7 2.48838e-09 -1.4808e+06 -3.62205e-10
-23195.3 -2.92857e-09 -1.49222e+06 -5.97131e-11
-23281.1 1.40826e-08 -1.50296e+06 -7.45994e-10
-23362 -1.01172e-08 -1.51311e+06 3.01505e-10
-23476.2 -4.05998e-09 -1.52743e+06 -1.3527e-10
-23549.2 1.86992e-09 -1.5365e+06 -4.76592e-10
-23619.5 -1.23691e-10 -1.54523e+06 -2.76516e-10
-23687.4 3.49246e-09 -1.55364e+06 -5.67725e-10
-23753.2 4.56566e-09 -1.56176e+06 -5.97861e-10
-23817.2 -1.97542e-09 -1.56961e+06 -1.66222e-10
-23879.5 4.06726e-09 -1.57723e+06 -4.885e-10
-23940.3 -1.22236e-09 -1.58465e+06 -1.77803e-10
-23999.7 -3.43061e-09 -1.59186e+06 -6.99419e-11
-24058 -6.10453e-09 -1.59885e+06 1.78373e-10
-24115 -6.4756e-10 -1.60567e+06 -1.99348e-10
-24171.6 1.437e-09 -1.61234e+06 -5.1109e-10
-24227.1 1.94632e-09 -1.61877e+06 -7.32047e-11
-24281.7 -6.25732e-10 -1.62505e+06 -2.84302e-10
-24335.4 -1.69894e-09 -1.63117e+06 -1.29242e-10
-24388.2 3.26327e-09 -1.63715e+06 -5.2786e-10
-24434.4 6.48288e-09 -1.63919e+06 -8.29287e-10
-24445.6 -4.48199e-09 -1.60505e+06 -3.06686e-11
-24471.2 -6.2646e-09 -1.58451e+06 3.36554e-10
-24511.5 -8.94943e-10 -1.58097e+06 -1.26247e-10
-24429.5 -1.41954e-08 -1.51761e+06 1.07893e-10
-24515.9 -2.64845e-09 -1.5123e+06 -2.22097e-11
-24542.3 6.37374e-09 -1.50137e+06 -4.97396e-10
-24575 5.64614e-09 -1.49511e+06 -4.56458e-10
-24624.6 4.43106e-09 -1.50287e+06 -4.51856e-10
-24673 -2.25555e-10 -1.51042e+06 -2.14369e-10
-24719.8 -2.88564e-08 -1.51821e+06 7.17144e-10
-24765.2 -2.20462e-09 -1.52583e+06 -5.4194e-12
-24131.1 -1.11104e-08 -1.48622e+06 -7.62449e-11
-23500.6 1.32422e-09 -1.44683e+06 -3.67611e-10
-22874.2 1.64437e-09 -1.4078e+06 -2.45813e-10
-22253.1 4.86762e-09 -1.36892e+06 -4.94405e-10
-21636.8 -3.63798e-11 -1.33043e+06 -9.87225e-11
-21026.2 2.24754e-08 -1.29229e+06 -1.0739e-09
-20422 -4.22151e-08 -1.25453e+06 2.75977e-10
-19825 1.79716e-09 -1.21723e+06 -1.78567e-10
-19235.7 8.57981e-08 -1.18031e+06 -2.82468e-09
-18655.9 -1.1496e-09 -1.14384e+06 -9.97392e-11
-18080 -1.24037e-07 -1.10759e+06 3.89514e-09
-17504.9 3.82934e-08 -1.07162e+06 -2.01891e-09
-16932.8 3.52156e-09 -1.03582e+06 -2.07763e-10
-16363.9 -7.31234e-10 -1.00014e+06 -2.61936e-10
-15798.6 1.01063e-08 -964594 -1.95544e-10
-15234.9 -1.38243e-09 -929229 -6.18441e-11
-14674 1.34969e-09 -893843 -3.62223e-10
-14118.4 6.59929e-09 -858588 -3.52108e-10
-13569.6 -8.80391e-09 -823428 -1.24372e-10
-13026.2 2.86709e-08 -788449 -4.23924e-10
-12484.9 1.54978e-09 -753628 -4.05354e-10
-11947.3 4.12183e-09 -718866 -3.50728e-10
-11415.5 3.99268e-09 -684265 -1.86421e-10
-10895.2 3.89628e-09 -650738 -3.45976e-10
-10381.6 2.77032e-09 -617916 -2.38066e-10
-9873.23 3.46336e-09 -584960 -3.37378e-10
-9366.84 1.62618e-09 -551851 -2.03491e-10
-8865.4 2.68483e-09 -518737 -2.71709e-10
-8386.31 2.75941e-09 -487709 -3.23032e-10
-7917.98 4.75484e-09 -458414 -4.09418e-10
-7455.76 2.04454e-09 -430372 -2.83097e-10
-7011.99 4.88035e-09 -406112 -3.89196e-10
-6579.77 -3.11775e-09 -383186 -1.30911e-10
-6153.63 -1.34787e-09 -360078 -2.37729e-11
-5736.15 3.28964e-09 -336835 -3.44395e-10
-5327.52 2.24463e-09 -312613 -1.54793e-10
-4925.87 8.71296e-10 -287985 -2.45603e-10
-4530.81 1.10504e-10 -263211 -1.70278e-10
-4143.06 2.31557e-09 -238446 -3.59567e-10
-3764.03 2.00998e-09 -213655 -2.88762e-10
-3395.33 1.26073e-09 -189002 -3.06344e-10
-3040.02 -8.01037e-10 -165921 -1.41643e-10
-2701.23 3.72711e-09 -145628 -3.974e-10
-2372.14 2.21007e-09 -125828 -3.22245e-10
-2051.38 -7.4624e-10 -106130 -8.90049e-11
-1738.84 1.78352e-09 -86590.8 -1.93071e-10
-1434.88 -4.29281e-10 -67307.2 -1.68119e-10
-1139.14 1.58434e-09 -48275 -2.40483e-10
-851.222 4.70754e-09 -29479.2 -4.22071e-10
-571.332 6.45741e-10 -10968.8 -2.77774e-10
-299.451 1.71531e-09 7193.4 -2.52324e-10
-35.3074 6.43468e-08 25004.1 -4.57503e-09
221.346 1.35515e-09 42457 -2.32788e-10
470.973 1.36424e-09 59562.2 -2.10373e-10
713.905 1.20635e-08 76332.2 -9.02859e-10
949.338 -6.33736e-09 92512.8 2.41696e-10
1177.49 -2.1646e-10 108321 -1.49855e-10
1397.74 -2.40107e-10 123767 -1.09367e-10
1610.01 5.47516e-10 138846 -1.87089e-10
1812.28 3.63798e-10 153532 -1.00728e-10
2008.11 1.55796e-08 167878 -1.42157e-09
2198.54 -1.0059e-07 181906 8.41652e-09
2383.83 1.26602e-09 195611 -2.80487e-10
2564.03 9.74978e-10 209003 -1.91841e-10
2740.4 9.27685e-10 222108 -2.26683e-10
2911.92 1.60435e-09 234916 -2.23333e-10
3078.3 4.65661e-10 247386 -1.48736e-10
3241.46 2.11003e-10 259604 -1.91284e-10
3401.07 1.05865e-09 271637 -2.34782e-10
3557.29 8.91305e-10 283435 -2.13504e-10
3710.64 2.29193e-10 295046 -1.55826e-10
3859.46 2.61934e-10 306797 -2.08765e-10
4004.37 6.6575e-10 318476 -2.02651e-10
4145.57 6.76664e-10 329914 -2.58018e-10
4283.48 1.60071e-10 341125 -1.99661e-10
4419.04 3.67436e-10 352133 -2.07568e-10
4551.59 -1.81899e-11 362587 -1.19357e-10
4681.83 5.05679e-10 372798 -1.98365e-10
4810.17 4.1473e-10 382817 -1.85244e-10
4936.52 3.85626e-10 392633 -1.8662e-10
5061.25 -4.00178e-10 402241 -1.35373e-10
5184.5 2.58296e-10 411677 -1.88913e-10
5305.77 3.20142e-10 420887 -1.54007e-10
5425.03 2.29193e-10 429837 -1.46618e-10
5542.41 -3.27418e-11 438583 -1.24404e-10
5658.03 4.29281e-10 447128 -1.43732e-10
5770.88 1.60071e-10 454719 -9.68e-11
5881.82 -2.10275e-09 461983 2.28798e-10
5990.66 2.18279e-10 469004 -1.47003e-10
6107.24 -1.81171e-09 475712 -4.56348e-10
6244.14 6.00267e-10 481576 -9.63136e-11
6385.76 1.015e-09 487013 -1.39608e-10
6527.62 4.83851e-10 492161 -8.81051e-11
6669.81 3.3393e-08 497033 -2.80642e-09
6814.28 1.09139e-11 501522 -2.91592e-10
6961.01 -7.31234e-10 505574 -2.14994e-10
7104.73 -3.51814e-07 509500 2.63817e-08
7244.99 -1.17143e-09 513304 -2.49311e-10
7381.8 -5.20231e-10 516975 -3.12093e-10
7515.63 -1.55342e-09 520529 -2.58471e-10
7646.84 -4.43833e-10 523976 -3.02052e-10
7775.55 -1.04774e-09 527313 -2.55587e-10
7901.8 -9.38599e-10 530531 -2.52699e-10
8025.69 -7.2032e-10 533624 -2.53906e-10
8147.23 -1.03319e-09 536598 -2.68803e-10
8266.44 1.12486e-08 539458 -1.30434e-09
8383.36 -8.87667e-10 542212 -2.63805e-10
8498.06 -6.62112e-10 544868 -2.97556e-10
8610.54 -4.74392e-09 547428 4.2899e-11
8720.87 -9.0804e-09 549902 4.98194e-10
8829.04 -7.69796e-09 552292 3.37211e-10
8935.09 -6.24277e-09 554608 2.3864e-10
9039.08 -5.50062e-09 556850 1.50614e-10
9141.03 -8.30187e-09 559023 4.3662e-10
9240.96 -4.58385e-09 561131 7.89423e-11
9338.93 -1.36788e-09 563178 -3.03067e-10
9435 -9.02219e-10 565165 -2.96749e-10
9529.19 -1.3315e-09 567100 -2.73315e-10
9621.55 -1.42609e-09 568980 -2.79478e-10
9712.13 -1.41881e-09 570811 -2.81521e-10
9800.95 -6.8394e-10 572598 -3.42407e-10
9888.07 -2.71393e-09 574341 -8.93912e-11
9985.78 3.91447e-09 575802 -8.4505e-10
10117.5 -2.65572e-09 576473 -2.54378e-10
10250 4.84579e-09 577082 -8.33335e-10
10382.8 -1.52795e-09 577525 -3.26537e-10
10593.8 -2.76486e-10 577629 -4.11752e-10
10732.8 -3.61615e-09 577612 -9.78098e-11
10876.7 8.83374e-08 577326 -8.19065e-09
11020.7 -1.22236e-09 576733 -3.18851e-10
11160.6 -2.07365e-09 576128 -2.69684e-10
11301.1 2.83762e-10 575441 -4.96382e-10
11443 -1.01863e-10 574568 -4.86921e-10
11584.6 -4.24916e-09 573354 -1.68334e-10
11722.5 -3.04863e-09 572157 -1.81049e-10
11856.6 -4.45289e-09 570972 -4.50907e-11
11990.5 -7.30506e-09 569363 1.80574e-10
12126.6 -7.05768e-10 567557 -3.72386e-10
12261.6 4.72937e-10 565706 -4.46237e-10
12393.2 -7.52334e-09 563819 3.77401e-10
12526.1 -7.34872e-10 561135 -3.42537e-10
12664.3 -1.24855e-08 556759 1.09412e-09
12798.8 -5.43514e-09 552422 5.07226e-11
12930 -6.21367e-09 548139 5.5125e-10
13058 -3.32511e-09 543915 -1.13116e-10
13183.7 -3.31784e-09 539724 -2.62327e-10
13312.2 -2.16096e-09 535360 -3.83895e-10
13437.8 -1.68293e-08 531062 7.79558e-10
13560.5 3.47063e-09 526831 -6.60039e-10
13680.3 -9.82982e-09 522664 9.44477e-10
13797.3 7.93079e-10 518561 -3.74185e-10
13911.4 -3.03407e-09 514519 -2.60125e-10
14022.9 -1.49303e-08 510536 6.87997e-10
14131.5 -1.96451e-09 506613 -1.84734e-10
14237.3 -6.62112e-09 502752 1.60989e-10
14340.5 -6.6575e-09 498952 7.08574e-11
14441.3 -8.3528e-09 495196 3.77213e-10
14542.4 -1.5054e-08 491368 1.36907e-09
14640.5 9.34961e-09 487625 -1.10234e-09
14735.6 -5.20231e-09 483973 1.26019e-10
14827.8 1.22236e-09 480415 -4.87263e-10
14917.2 -2.14859e-08 476954 1.33353e-09
15003.7 -5.03496e-09 473593 8.16655e-11
15087.6 2.43599e-08 470330 -2.9006e-09
15168.9 2.87619e-08 467166 -2.72954e-09
15247.9 1.22964e-09 464097 -5.03135e-10
15324.5 -3.0268e-09 461130 -2.74885e-10
15398.9 -8.22911e-09 458275 3.91231e-10
15469.2 -8.15635e-09 455907 4.75407e-10
15537 -8.89122e-09 453764 3.75589e-10
15603.2 2.25555e-09 451682 -5.52284e-11
15667.8 3.11411e-09 449660 -6.02265e-10
15731 9.46602e-09 447692 -1.28847e-09
15792.9 -3.55067e-09 445773 5.61049e-11
15853.6 6.0827e-09 443904 -9.97672e-10
15912.9 -2.01544e-09 442095 1.44762e-10
15971.1 -1.9063e-09 440338 -6.49498e-11
16028.3 -8.28732e-09 438623 6.07016e-10
16084.5 -6.27915e-09 436948 5.57006e-10
16139.8 8.65839e-09 435309 -1.69112e-09
16194.2 1.33878e-09 433705 -2.94345e-10
15557.4 -9.94623e-09 424060 5.18721e-10
14918.7 -9.08767e-09 414550 1.24693e-10
14283.3 -9.50822e-08 405038 2.63972e-09
13657.8 1.59052e-08 395674 -8.71504e-10
13042.1 -3.4488e-09 386501 -1.25988e-10
12432.7 1.0732e-08 377482 -1.41727e-09
11826.6 -2.71575e-08 368742 5.78545e-11
11227.5 5.31145e-09 360056 -7.77558e-10
10633.4 6.04778e-08 351434 -2.12998e-09
10045.1 2.84563e-08 342883 -2.02783e-09
9463.93 4.47471e-08 334408 -3.21185e-09
8887.35 5.27907e-08 325978 -1.95385e-09
8321.39 1.23691e-09 317051 -4.40926e-10
7780.4 -1.9365e-08 304347 -1.54813e-10
7248.82 4.17276e-08 291523 -1.74628e-09
6724.02 -1.20144e-07 278897 3.10727e-09
6202.14 -5.35874e-09 266503 -3.16173e-10
5686.79 -9.67702e-09 254364 3.79375e-11
5176.3 -2.98678e-09 242421 -1.81226e-10
4670.04 -2.64117e-09 230682 -2.89766e-10
4172.34 9.41873e-09 219241 -7.36938e-10
3680.58 -8.29459e-10 207989 -3.61953e-10
3194.65 4.17878e-07 196918 -1.63121e-08
2712.89 -4.30737e-09 186013 -1.90194e-10
2234.83 -6.14091e-09 175261 -5.9659e-11
1760.73 -7.8453e-09 164693 -8.07021e-11
1292.48 -4.84761e-10 154373 -3.4065e-10
827.905 -3.90264e-09 144177 -1.5065e-10
366.895 -3.51065e-10 134127 -2.76676e-10
-91.9694 -1.85355e-09 124244 -1.99741e-10
-549.529 -3.43323e-09 114463 -2.13209e-10
-1000.04 -6.55626e-09 104956 -2.7747e-11
-1442.49 -1.50408e-09 95758.2 -2.8125e-10
-1880.02 -2.95631e-09 86591.6 -2.13898e-10
-2327.02 -3.02907e-09 77319.9 -8.99284e-11
-2750.54 1.52158e-09 68735.1 -5.00475e-10
-3156.97 -1.43336e-09 60140.2 -2.66154e-10
-3554.71 -5.1532e-09 51723.2 5.14842e-11
-3948.31 -2.27283e-09 43614.9 -2.35409e-10
-4336.21 -7.2414e-09 35629.8 1.16017e-10
-4717.13 -2.24281e-09 27853.1 -1.4861e-10
-5091.02 -4.51655e-09 20420.8 -2.29549e-11
-5456.72 -7.85622e-09 13358.9 2.35173e-10
-5813.89 -2.91766e-09 6720.11 -1.32207e-10
-6161.08 -1.80626e-09 579.072 -2.42605e-10
-6488.33 -4.84397e-09 -5898.72 6.68563e-11
-6803.68 -7.60701e-09 -12160 2.55312e-10
-7110.43 -3.29055e-09 -17987.7 -4.0055e-11
-7409.1 -8.96762e-09 -23437.1 3.81106e-10
-7699.94 -3.1614e-09 -28508.6 -8.4399e-11
-7983.34 -2.07001e-09 -33207.1 -1.38177e-10
-8259.41 -8.41828e-09 -37526.1 4.67385e-10
-8527.88 -1.8299e-09 -41432.6 -2.52183e-11
-8788.93 -2.79033e-09 -44979.8 6.5984e-12
-9042.69 -5.07862e-09 -48164.1 2.00145e-10
-9289.38 -2.55386e-09 -51032.1 -3.77436e-11
-9529.29 -8.94943e-10 -53615.8 -2.23548e-10
-9762.76 -3.84171e-09 -55923.9 8.75361e-11
-9990.06 -2.21917e-09 -57981.3 -5.14965e-11
-10211.5 -6.62112e-10 -59810.1 -2.14702e-10
-10427.2 -1.17507e-09 -61428.6 -1.22374e-10
-10637.8 -4.44197e-09 -62837.3 1.40841e-10
-10843.2 -1.20781e-09 -64055.7 -1.01638e-10
-11043.6 -4.09636e-09 -65102.1 2.04834e-10
-11239.1 -4.72937e-10 -66009.8 -1.9311e-10
-11429.6 -4.28627e-08 -66794.9 3.75582e-09
-11615 -2.98314e-09 -67491.9 3.05025e-11
-11794.6 -1.51704e-09 -68179 -1.164e-10
-11968.7 -1.3606e-09 -68896.5 -8.9721e-11
-12137.2 -8.20728e-09 -69638.3 7.19164e-10
-12301.2 -8.94943e-10 -70314.1 -1.16211e-10
-12460.5 -2.25555e-09 -70952.3 2.62159e-11
-12616.8 -1.43336e-09 -71450 -8.07066e-11
-12769.2 -9.82254e-10 -71875.1 -7.73817e-11
-12918.1 -7.60338e-10 -72221.3 -1.23829e-10
-13063.8 -2.27374e-09 -72491.9 8.02546e-11
-13206.8 -2.36832e-09 -72658.6 4.85341e-11
-13345.7 -1.16415e-09 -72816.5 -1.15427e-10
-13481.8 -3.81624e-09 -72925 3.312e-10
-13615.4 -1.28057e-09 -72965.9 -4.64994e-11
-13746.4 -2.82671e-09 -72934.4 1.31399e-10
-13874.7 -1.42245e-09 -72842.5 3.72896e-11
-14001.3 -1.49885e-09 -72662.2 -4.44067e-11
-14125.8 -6.40284e-10 -72428.3 -8.59642e-11
-14248.2 -1.3024e-09 -72121.2 7.95787e-12
-14368.6 -1.32059e-09 -71767.2 7.69132e-13
-14487.5 -1.1969e-09 -71357.8 -2.70235e-11
-14604.6 -1.8299e-09 -70913.3 -3.4396e-12
-14719.8 -6.87578e-10 -70451.5 -8.11062e-11
-14833 -1.35333e-09 -69977.8 -7.46793e-12
-14944 -1.15688e-09 -69536 -1.35433e-12
-15053.1 -6.36646e-10 -69103.2 -6.92698e-12
-15160.5 -4.54747e-10 -68668.9 -1.10242e-10
-15266.5 -9.60426e-10 -68228.4 5.62454e-11
-15370.8 -6.76664e-10 -67805.4 8.22896e-12
-15473.5 -1.04046e-09 -67387.8 3.05739e-11
-15574.4 -7.2032e-10 -67000.1 -7.56047e-11
-15673.5 -7.82165e-10 -66640.8 3.98576e-11
-15771.7 -1.03682e-09 -66295.5 5.53057e-11
-15868.5 -5.27507e-10 -65956.2 1.20373e-11
-15964.2 -1.07684e-09 -65638.2 -1.37806e-11
-16058.7 -5.96629e-10 -65361.6 1.62643e-11
-16152.4 -8.87667e-10 -65138.9 3.13831e-11
-16244.5 -4.00178e-10 -65073.6 -3.43678e-11
-16336.1 -7.05768e-10 -65114.3 5.16961e-11
-16427.2 -6.8394e-10 -65286.1 -1.52727e-11
-16518.5 -6.62112e-10 -65844.1 3.18456e-11
-16610.7 -2.25555e-10 -67172.3 8.64728e-12
-16702.4 -1.0994e-08 -68754.2 2.93213e-09
-16793.5 -5.45697e-10 -70530 1.824e-11
-16904.5 -2.17915e-08 -84514.2 2.07402e-09
-17037.2 2.05182e-09 -119240 1.79281e-10
-17172.7 -6.19184e-09 -158170 3.25405e-10
-17313 -2.40107e-10 -203296 2.01046e-10
-17455.2 6.08998e-09 -251605 -1.9406e-10
-17594.6 -7.27596e-12 -295383 2.25982e-10
-17731.6 1.01863e-10 -335539 1.85535e-10
-17865.8 3.41555e-07 -373695 -2.70623e-08
-17997.2 6.76664e-10 -410793 1.7557e-10
-18125.9 -1.45519e-10 -447006 2.24745e-10
-18252.1 9.47322e-07 -482316 -7.28196e-08
-18375.9 -1.30967e-10 -516504 1.91264e-10
-18497.4 5.89353e-10 -549442 2.08868e-10
-18616.6 1.21508e-09 -581143 1.19962e-10
-18733.5 7.61065e-09 -611648 -3.28229e-10
-18848.4 8.87667e-10 -641000 2.09562e-10
-18961.1 2.98314e-10 -669253 2.31722e-10
-19071.7 1.79716e-09 -696457 1.66428e-10
-19180.3 6.33008e-10 -722655 2.32326e-10
-19286.8 -5.09317e-11 -747914 2.70741e-10
-19391.4 7.49424e-10 -772307 1.94529e-10
-19494.1 7.82384e-08 -795873 -6.99017e-09
-19595 -2.91038e-11 -818682 2.53515e-10
-19693.9 1.62254e-08 -840800 -1.06491e-09
-19838.9 4.27899e-08 -872764 -3.8079e-09
-19933.3 1.20053e-09 -893320 2.32919e-10
-20025.9 6.59202e-09 -913292 -3.9954e-10
-20116.7 9.82254e-10 -932699 1.10728e-10
-20205.9 -1.89175e-10 -951561 2.06962e-10
-20293.3 3.0559e-10 -969914 1.72882e-10
-20379.1 1.06957e-09 -987724 1.52979e-10
-20463.3 9.09495e-10 -1.00505e+06 2.35063e-10
-20545.9 8.00355e-10 -1.02188e+06 1.65328e-10
-20626.9 6.03904e-10 -1.03821e+06 1.49284e-10
-20706.4 8.29459e-10 -1.05409e+06 1.73509e-10
-20784.5 -1.74623e-10 -1.06949e+06 1.92418e-10
-20861.1 -4.51109e-10 -1.08444e+06 2.5801e-10
-20936.3 8.03266e-09 -1.09896e+06 -6.64747e-10
-21010.2 4.65661e-10 -1.11304e+06 9.26204e-11
-21082.6 2.91038e-11 -1.12669e+06 1.81577e-10
-21153.4 5.16593e-10 -1.13982e+06 1.67759e-10
-21222.9 -5.09317e-11 -1.15253e+06 1.53203e-10
-21303.2 1.32422e-09 -1.16543e+06 -5.53552e-12
-21393.9 -2.85218e-09 -1.17844e+06 3.92861e-10
-21498.6 -7.27596e-11 -1.19249e+06 2.24273e-10
-21618.6 -1.73677e-08 -1.20781e+06 6.07928e-10
-21735.4 -4.3583e-09 -1.22261e+06 4.43185e-10
-21851.9 1.33878e-09 -1.23713e+06 5.66514e-11
-21967 -1.68584e-08 -1.25127e+06 5.16363e-10
-22078.9 -2.92493e-09 -1.26496e+06 2.919e-10
-22187.8 1.07466e-08 -1.27822e+06 1.33848e-10
-22295.4 3.30911e-08 -1.29118e+06 -4.69207e-10
-22402.3 -8.01083e-09 -1.30392e+06 6.48032e-10
-22506.4 1.0441e-08 -1.3163e+06 -2.29333e-10
-22607.9 6.13363e-09 -1.32834e+06 -1.26149e-10
-22706.9 2.16824e-09 -1.34007e+06 1.32522e-10
-22803.4 -1.08412e-08 -1.3515e+06 3.38702e-10
-22897.7 -2.91038e-10 -1.36265e+06 1.97459e-10
-22989.7 6.48288e-09 -1.37354e+06 2.85036e-11
-23079.7 -1.97178e-09 -1.3842e+06 2.32762e-10
-23168.3 2.78669e-09 -1.39467e+06 2.05471e-10
-23255.9 -4.15457e-09 -1.405e+06 4.68846e-10
-23341.5 4.59113e-09 -1.41511e+06 1.24068e-11
-23425.2 7.66886e-09 -1.42502e+06 -7.83446e-11
-23507.1 -4.59841e-09 -1.43474e+06 4.45715e-10
-23587.1 -1.81899e-09 -1.44429e+06 3.37892e-10
-23665.5 -3.37604e-09 -1.45366e+06 3.45488e-10
-23742.2 -3.65981e-09 -1.46286e+06 3.56277e-10
-23817.3 -5.89353e-10 -1.47189e+06 2.05387e-10
-23890.9 2.07801e-08 -1.48077e+06 -3.52397e-10
-23963.1 2.05328e-08 -1.4895e+06 -4.40157e-10
-24032.3 2.01035e-08 -1.49727e+06 3.43505e-11
-24099.4 -3.52156e-09 -1.50463e+06 4.24688e-10
-24165.2 8.66567e-09 -1.51183e+06 -4.21395e-10
-24229.3 4.77303e-09 -1.51878e+06 -1.74631e-10
-24292.1 5.67525e-10 -1.52561e+06 7.51498e-11
-24353.8 -4.88217e-09 -1.53234e+06 4.71959e-10
-24414.4 -9.31323e-10 -1.53896e+06 3.98187e-10
-24473.9 4.59113e-09 -1.54548e+06 -8.22437e-11
-24532.6 -1.04992e-08 -1.5519e+06 1.03612e-09
-24590.2 -3.27418e-10 -1.55822e+06 2.15635e-10
-24647 8.31642e-09 -1.56444e+06 -4.66413e-10
-24702.9 -1.18307e-08 -1.57057e+06 4.95654e-10
-24758 6.34464e-09 -1.57658e+06 2.31478e-10
-24812.3 6.08998e-09 -1.58246e+06 -2.12918e-10
-24865.6 -1.13141e-08 -1.58816e+06 1.17244e-09
-24889.6 8.53033e-08 -1.59262e+06 -2.27331e-10
-24744.7 6.76664e-10 -1.51612e+06 6.51538e-10
-25023.1 1.65746e-08 -1.54072e+06 -5.30794e-10
-25220.7 8.63656e-09 -1.55814e+06 -1.36955e-10
-25350.7 1.85391e-08 -1.57136e+06 -5.95931e-10
-24717.7 -1.04774e-09 -1.5314e+06 -1.37484e-10
-24089.5 -9.09495e-09 -1.49162e+06 2.20463e-10
-23470.2 -2.90747e-08 -1.45245e+06 2.82518e-10
-22853.2 -1.32059e-08 -1.41358e+06 4.98681e-10
-22245.8 1.16896e-07 -1.3752e+06 -3.16949e-09
-21645.1 4.26735e-09 -1.33727e+06 -1.6484e-10
-21052 8.52888e-08 -1.29981e+06 -2.4651e-09
-20463.2 -9.16771e-09 -1.26274e+06 2.42841e-10
-19878.7 1.0521e-08 -1.22596e+06 -2.70699e-10
-19299.9 2.51624e-07 -1.1895e+06 -7.59645e-09
-18729.4 2.67028e-09 -1.15344e+06 -2.01275e-10
-18164.9 -1.42791e-08 -1.1178e+06 7.94767e-10
-17604.7 -1.83354e-09 -1.08229e+06 9.33859e-11
-17049.9 2.86054e-08 -1.04692e+06 -2.42551e-10
-16499.9 -3.93229e-08 -1.01171e+06 1.61254e-09
-15952.2 8.62929e-09 -976794 -3.21466e-10
-15409.7 2.62698e-08 -942051 -4.13751e-10
-14871.5 4.07817e-09 -907524 -1.83983e-10
-14339.5 -2.40107e-09 -873209 -4.17454e-11
-13811.7 3.59069e-09 -839145 -1.85116e-10
-13294.1 6.92125e-09 -806066 -3.13748e-10
-12787.9 4.32919e-10 -774050 -1.82376e-10
-12286.8 9.84073e-10 -742076 -1.21583e-10
-11788.2 2.77396e-09 -710260 -1.99478e-10
-11294.7 1.1496e-09 -678556 -1.38205e-10
-10809.2 3.39933e-08 -647182 -7.50785e-10
-10332.6 1.72258e-09 -616189 -9.66257e-11
-9858.34 2.91038e-10 -585138 -4.00845e-10
-9392.57 2.30921e-09 -554268 -1.54288e-10
-8946.51 7.87622e-10 -525426 -4.24019e-11
-8512.36 2.82853e-09 -498019 -2.05335e-10
-8090.94 2.29102e-09 -472868 -4.74934e-11
-7670.02 6.18184e-09 -447769 -3.25637e-10
-7256.91 1.86412e-09 -424530 6.92702e-10
-6855.07 1.49083e-07 -403108 -5.17325e-09
-6457.14 -9.29958e-11 -381500 6.36239e-11
-6065.07 1.42563e-09 -359708 -5.51507e-11
-5679.57 7.49878e-10 -337749 1.0018e-10
-5300.91 2.28465e-09 -315656 -1.19877e-11
-4930 6.89033e-09 -293430 -3.68759e-10
-4567.61 1.92085e-09 -271014 -2.24459e-12
-4214.21 1.46247e-09 -248743 3.76208e-11
-3870.38 -3.45608e-10 -226503 -3.2389e-11
-3535.72 2.261e-09 -204176 -4.45184e-11
-3217.76 5.73891e-09 -184752 1.82344e-10
-2910.91 -4.91127e-11 -166568 1.19128e-10
-2611.87 5.98448e-10 -148575 1.00173e-10
-2320.89 3.64162e-09 -130831 -8.58418e-11
-2037.9 4.96584e-10 -113398 1.55832e-10
-1762.09 -5.29872e-09 -96237 6.3027e-10
-1493.88 -5.64432e-09 -79406.9 6.54473e-10
-1232.95 3.05772e-09 -62908.9 -6.69126e-11
-979.103 -2.49383e-09 -46733.3 3.09581e-10
-731.893 -4.47835e-09 -30835.5 5.87749e-10
-491.298 -2.23736e-09 -15255.1 3.3447e-10
-256.925 -4.15966e-08 17.4087 3.62094e-09
-28.7858 2.1646e-09 14963.3 5.38544e-11
193.439 -1.29512e-09 29605.9 4.28547e-10
409.872 2.33922e-09 43932.2 9.73998e-11
620.94 -4.04943e-08 57952.5 3.814e-09
825.555 -3.24872e-09 71541.4 6.49192e-10
1023.8 2.61571e-09 84745.3 1.7436e-10
1216.17 1.78989e-09 97654.4 1.81858e-10
1400.75 2.92443e-07 110259 -2.52366e-08
1579.33 -8.59982e-08 122569 7.57032e-09
1752.78 -1.7622e-07 134605 1.68108e-08
1921.68 2.39743e-09 146385 1.96338e-10
2086.2 2.15732e-09 157921 1.68853e-10
2247.56 1.52068e-09 169220 2.52611e-10
2403.95 9.56788e-10 180244 3.99179e-10
2557.07 1.40426e-09 191035 2.79594e-10
2706.04 1.81899e-09 201600 2.25495e-10
2850.12 7.3851e-10 211938 3.35807e-10
2990.53 1.00044e-09 222073 3.03527e-10
3126.5 1.70985e-09 232010 2.16762e-10
3257.82 1.23691e-09 241748 2.2242e-10
3385.39 1.5425e-09 251301 1.43249e-10
3510.42 1.17143e-09 260721 1.83665e-10
3632.58 7.71252e-10 269965 8.11752e-11
3752.42 9.45874e-11 279045 1.35555e-10
3869.87 9.82254e-11 287963 -3.92221e-11
3985.23 6.18456e-11 296730 -5.94469e-11
4098.49 1.81899e-10 305353 -7.29958e-11
4210.26 -6.54836e-10 313843 -1.38996e-10
4320.4 -4.03816e-10 322177 -2.12591e-10
4429.07 -9.34961e-10 330359 -2.47714e-10
4536.12 -1.18234e-09 338403 -2.85018e-10
4641.15 -1.34241e-09 346160 -4.16172e-10
4744.45 -1.64073e-09 353724 -3.47523e-10
4846.31 -2.97587e-09 361168 -3.23476e-10
4946.9 -1.90266e-09 368498 -5.39288e-10
5046.49 -1.91721e-09 375719 -5.38738e-10
5144.91 -2.60479e-09 382826 -3.86692e-10
5242.18 -2.49202e-09 389820 -4.86345e-10
5338.56 -1.72804e-09 396713 -4.56032e-10
5433.75 -1.98997e-09 403464 -3.8039e-10
5527.8 -1.44064e-09 410173 -3.72983e-10
5620.83 -1.42245e-09 416880 -3.03019e-10
5713.03 -1.33878e-09 423670 -2.84527e-10
5804.41 -8.98581e-10 430361 -1.92393e-10
