0.000255991 -0.402553
0.000886142 -0.806368
0.00189364 -1.21145
0.00328172 -1.61782
0.00505363 -2.02547
0.00721266 -2.43442
0.00976215 -2.84467
0.0127054 -3.25623
0.0160459 -3.66912
0.0197871 -4.08334
0.0239323 -4.4989
0.0284852 -4.91581
0.0334492 -5.33407
0.0388279 -5.75371
0.044625 -6.17472
0.0508441 -6.59713
0.0574889 -7.02093
0.0645631 -7.44613
0.0720706 -7.87276
0.080015 -8.30081
0.0884004 -8.7303
0.0972306 -9.16124
0.10651 -9.59364
0.116241 -10.0275
0.12643 -10.4629
0.137079 -10.8997
0.148194 -11.338
0.159777 -11.7779
0.171834 -12.2193
0.184369 -12.6622
0.197386 -13.1067
0.210889 -13.5527
0.224883 -14.0003
0.239372 -14.4495
0.254361 -14.9003
0.269855 -15.3527
0.285857 -15.8067
0.302374 -16.2623
0.319409 -16.7196
0.336967 -17.1786
0.355053 -17.6392
0.373673 -18.1015
0.392831 -18.5656
0.412532 -19.0313
0.432781 -19.4988
0.453584 -19.968
0.474946 -20.4389
0.496872 -20.9117
0.519367 -21.3862
0.542437 -21.8625
0.566088 -22.3406
0.590324 -22.8206
0.615153 -23.3024
0.640578 -23.7861
0.666607 -24.2717
0.693246 -24.7591
0.720499 -25.2485
0.748373 -25.7398
0.776875 -26.233
0.80601 -26.7282
0.835785 -27.2254
0.866206 -27.7246
0.89728 -28.2258
0.929013 -28.729
0.961412 -29.2343
0.994483 -29.7416
1.02823 -30.251
1.06267 -30.7626
1.0978 -31.2762
1.13363 -31.792
1.17017 -32.31
1.20742 -32.8301
1.2454 -33.3525
1.28411 -33.8771
1.32355 -34.4039
1.36374 -34.933
1.40468 -35.4644
1.44638 -35.998
1.48885 -36.5341
1.5321 -37.0724
1.57614 -37.6132
1.62096 -38.1563
1.6666 -38.7019
1.71304 -39.2499
1.7603 -39.8004
1.80839 -40.3534
1.85732 -40.9089
1.9071 -41.4669
1.95773 -42.0275
2.00924 -42.5907
2.06161 -43.1565
2.11487 -43.7249
2.16903 -44.296
2.22409 -44.8699
2.28007 -45.4464
2.33698 -46.0257
2.39482 -46.6078
2.45361 -47.1926
2.51335 -47.7804
2.57407 -48.3709
