-0.276821 -0.000792827
-0.554701 -0.00171934
-0.833647 -0.00278151
-1.11367 -0.00398136
-1.39477 -0.00532094
-1.67695 -0.00680232
-1.96024 -0.00842763
-2.24462 -0.010199
-2.53012 -0.0121187
-2.81673 -0.0141888
-3.10447 -0.0164116
-3.39334 -0.0187895
-3.68335 -0.0213247
-3.97451 -0.0240197
-4.26683 -0.0268768
-4.56031 -0.0298985
-4.85497 -0.0330873
-5.1508 -0.0364456
-5.44783 -0.0399762
-5.74605 -0.0436815
-6.04548 -0.0475643
-6.34612 -0.0516273
-6.64798 -0.0558731
-6.95108 -0.0603047
-7.25541 -0.0649247
-7.561 -0.0697362
-7.86783 -0.074742
-8.17594 -0.0799452
-8.48532 -0.0853487
-8.79598 -0.0909556
-9.10794 -0.0967692
-9.4212 -0.102793
-9.73576 -0.109029
-10.0517 -0.115481
-10.3689 -0.122154
-10.6874 -0.129049
-11.0073 -0.136171
-11.3286 -0.143523
-11.6512 -0.151108
-11.9752 -0.158931
-12.3006 -0.166995
-12.6274 -0.175304
-12.9556 -0.183861
-13.2852 -0.19267
-13.6163 -0.201736
-13.9488 -0.211063
-14.2827 -0.220654
-14.6181 -0.230513
-14.9549 -0.240646
-15.2932 -0.251056
-15.6331 -0.261747
-15.9744 -0.272725
-16.3172 -0.283993
-16.6616 -0.295557
-17.0074 -0.30742
-17.3549 -0.319588
-17.7038 -0.332065
-18.0544 -0.344857
-18.4065 -0.357968
-18.7602 -0.371404
-19.1155 -0.38517
-19.4724 -0.39927
-19.8309 -0.413711
-20.1911 -0.428498
-20.5529 -0.443636
-20.9164 -0.459131
-21.2815 -0.474988
-21.6483 -0.491214
-22.0168 -0.507815
-22.387 -0.524796
-22.7589 -0.542164
-23.1326 -0.559924
-23.508 -0.578084
-23.8851 -0.59665
-24.264 -0.615627
-24.6447 -0.635024
-25.0271 -0.654846
-25.4114 -0.6751
-25.7975 -0.695794
-26.1854 -0.716935
-26.5751 -0.73853
-26.9667 -0.760586
-27.3601 -0.783111
-27.7554 -0.806112
-28.1527 -0.829598
-28.5518 -0.853575
-28.9528 -0.878053
-29.3557 -0.903039
-29.7606 -0.928541
-30.1675 -0.954569
-30.5763 -0.98113
-30.9871 -1.00823
-31.3998 -1.03589
-31.8146 -1.0641
-32.2314 -1.09288
-32.6503 -1.12225
-33.0711 -1.1522
-33.4941 -1.18274
-33.9191 -1.2139
-34.3461 -1.24567
