-0.25721 -0.000915523
-0.515139 -0.00196802
-0.773788 -0.00315964
-1.03316 -0.00449258
-1.29327 -0.00596907
-1.55411 -0.00759137
-1.81569 -0.0093618
-2.07801 -0.0112827
-2.34107 -0.0133565
-2.60489 -0.0155855
-2.86947 -0.0179723
-3.1348 -0.0205194
-3.4009 -0.0232293
-3.66776 -0.0261047
-3.9354 -0.0291481
-4.20382 -0.0323624
-4.47301 -0.0357501
-4.743 -0.0393142
-5.01377 -0.0430574
-5.28534 -0.0469827
-5.55772 -0.051093
-5.83089 -0.0553912
-6.10488 -0.0598805
-6.37968 -0.0645639
-6.6553 -0.0694445
-6.93174 -0.0745256
-7.20901 -0.0798105
-7.48712 -0.0853025
-7.76607 -0.0910049
-8.04585 -0.0969211
-8.32649 -0.103055
-8.60798 -0.109409
-8.89033 -0.115989
-9.17354 -0.122796
-9.45763 -0.129836
-9.74258 -0.137111
-10.0284 -0.144626
-10.3151 -0.152385
-10.6027 -0.160391
-10.8912 -0.168649
-11.1806 -0.177164
-11.471 -0.185938
-11.7622 -0.194977
-12.0543 -0.204285
-12.3474 -0.213867
-12.6413 -0.223726
-12.9363 -0.233868
-13.2321 -0.244298
-13.5289 -0.255019
-13.8267 -0.266038
-14.1254 -0.277359
-14.425 -0.288987
-14.7256 -0.300927
-15.0272 -0.313184
-15.3298 -0.325765
-15.6334 -0.338674
-15.9379 -0.351916
-16.2434 -0.365498
-16.55 -0.379425
-16.8575 -0.393704
-17.1661 -0.408339
-17.4756 -0.423337
-17.7862 -0.438705
-18.0978 -0.454448
-18.4105 -0.470572
-18.7242 -0.487086
-19.0389 -0.503994
-19.3547 -0.521303
-19.6715 -0.539021
-19.9894 -0.557155
-20.3084 -0.575711
-20.6285 -0.594697
-20.9496 -0.61412
-21.2718 -0.633988
-21.5951 -0.654308
-21.9195 -0.675088
-22.2451 -0.696336
-22.5717 -0.718059
-22.8994 -0.740267
-23.2283 -0.762967
-23.5583 -0.786168
-23.8894 -0.809878
-24.2216 -0.834106
-24.555 -0.858862
-24.8896 -0.884154
-25.2253 -0.909991
-25.5622 -0.936383
-25.9002 -0.963339
-26.2394 -0.99087
-26.5798 -1.01898
-26.9214 -1.04769
-27.2642 -1.07701
-27.6081 -1.10693
-27.9533 -1.13749
-28.2996 -1.16868
-28.6472 -1.20051
-28.996 -1.23301
-29.346 -1.26617
-29.6972 -1.30002
-30.0497 -1.33456
