-0.122823 -0.00119783
-0.245342 -0.00261401
-0.367552 -0.00425244
-0.489452 -0.00611715
-0.611037 -0.00821218
-0.732303 -0.0105417
-0.853248 -0.0131099
-0.973867 -0.015921
-1.09416 -0.0189794
-1.21411 -0.0222896
-1.33373 -0.025856
-1.45301 -0.0296833
-1.57195 -0.033776
-1.69054 -0.038139
-1.80878 -0.0427771
-1.92666 -0.0476951
-2.04418 -0.0528981
-2.16133 -0.0583912
-2.27812 -0.0641795
-2.39454 -0.0702683
-2.51058 -0.076663
-2.62624 -0.0833689
-2.74152 -0.0903917
-2.85641 -0.0977369
-2.9709 -0.10541
-3.085 -0.113418
-3.19869 -0.121765
-3.31198 -0.130459
-3.42486 -0.139504
-3.53732 -0.148908
-3.64936 -0.158677
-3.76098 -0.168817
-3.87217 -0.179335
-3.98292 -0.190238
-4.09323 -0.201532
-4.2031 -0.213224
-4.31252 -0.225321
-4.42149 -0.237831
-4.53 -0.250761
-4.63804 -0.264118
-4.74561 -0.27791
-4.85271 -0.292145
-4.95933 -0.30683
-5.06546 -0.321973
-5.1711 -0.337583
-5.27625 -0.353668
-5.38089 -0.370235
-5.48502 -0.387295
-5.58865 -0.404854
-5.69175 -0.422923
-5.79432 -0.44151
-5.89636 -0.460625
-5.99787 -0.480276
-6.09883 -0.500473
-6.19925 -0.521227
-6.2991 -0.542546
-6.39839 -0.56444
-6.49712 -0.586921
-6.59527 -0.609997
-6.69283 -0.633681
-6.78981 -0.657981
-6.88619 -0.68291
-6.98197 -0.708479
-7.07713 -0.734698
-7.17168 -0.76158
-7.26561 -0.789135
-7.3589 -0.817377
-7.45156 -0.846316
-7.54357 -0.875965
-7.63492 -0.906337
-7.72561 -0.937445
-7.81563 -0.969302
-7.90497 -1.00192
-7.99363 -1.03531
-8.08159 -1.06949
-8.16885 -1.10448
-8.2554 -1.14028
-8.34123 -1.17691
-8.42633 -1.21439
-8.51069 -1.25273
-8.59431 -1.29195
-8.67717 -1.33206
-8.75927 -1.37307
-8.84059 -1.41501
-8.92113 -1.45789
-9.00087 -1.50172
-9.07981 -1.54653
-9.15794 -1.59233
-9.23525 -1.63913
-9.31172 -1.68696
-9.38735 -1.73583
-9.46212 -1.78577
-9.53602 -1.83678
-9.60905 -1.88889
-9.6812 -1.94213
-9.75244 -1.9965
-9.82277 -2.05203
-9.89218 -2.10873
-9.96066 -2.16664
-10.0282 -2.22577
