-4.73888e-07 1.03699e-08 -0.0355954
-0.000189564 -9.55059e-05 -0.0356087
-0.000839855 -0.000346148 -0.0356771
-0.00177007 -0.000587674 -0.0358128
-0.00258949 -0.000704547 -0.0359411
-0.00347925 -0.000716572 -0.0359928
-0.0051199 -0.000666943 -0.0360038
-0.00777718 -0.000617765 -0.0360612
-0.0107585 -0.000610805 -0.0361882
-0.012882 -0.00073124 -0.0363244
-0.0132912 -0.000916324 -0.0363675
-0.0120876 -0.000983862 -0.036199
-0.0105635 -0.00126544 -0.0358896
-0.0100163 -0.00214465 -0.0358325
-0.0105129 -0.00301552 -0.0362498
-0.0119643 -0.00272547 -0.036729
-0.014752 -0.00108218 -0.0367689
-0.0180806 0.000659242 -0.0365167
-0.0200615 0.00160242 -0.0363339
-0.0199751 0.0018524 -0.0361108
-0.0183289 0.00133741 -0.0357458
-0.0149367 0.000765282 -0.0353931
-0.00940473 0.00179084 -0.0347964
-0.00335388 0.00419239 -0.0336566
0.000841244 0.0054798 -0.0326791
0.00243214 0.00433992 -0.0328944
0.001587 0.00259653 -0.034019
-0.00101344 0.00230584 -0.0348681
-0.00325337 0.00278357 -0.0351574
-0.00208812 0.00273168 -0.0353999
0.00406079 0.00229752 -0.0355322
0.013243 0.00166177 -0.0351303
0.0214482 0.000666111 -0.0345239
0.0260979 -0.000143418 -0.034414
0.0257193 0.000364273 -0.0346691
0.0193747 0.00258971 -0.0346738
0.0102062 0.00535275 -0.0345057
0.00441419 0.0067257 -0.0344987
0.00547088 0.00520774 -0.0345049
0.0116954 0.000827367 -0.0344914
0.0174081 -0.00421699 -0.0346819
0.0185039 -0.00691 -0.0352208
0.017064 -0.00558618 -0.036033
0.0151241 -0.00179506 -0.0366174
0.00935857 -0.000546463 -0.0370737
-0.00179678 -0.0052418 -0.0385546
-0.0136385 -0.0125568 -0.0410563
-0.021683 -0.0165025 -0.0427854
-0.0251663 -0.0149248 -0.0426521
-0.023293 -0.0101787 -0.0412177
-0.0168521 -0.00603301 -0.0392521
-0.0115535 -0.00409254 -0.0371645
-0.0118037 -0.0032645 -0.0357422
-0.0169404 -0.00207251 -0.0355814
-0.0261886 -0.000356449 -0.0359891
-0.0382248 0.000908714 -0.0362131
-0.0468435 0.000550509 -0.0364919
-0.0454747 -0.00191568 -0.0368454
-0.0336189 -0.00557211 -0.0371311
-0.0163913 -0.0084255 -0.0374992
-0.00239449 -0.00891608 -0.0378082
0.00067121 -0.00731221 -0.0379631
-0.00796391 -0.00605491 -0.0386716
-0.0222492 -0.00758198 -0.0407611
-0.0335068 -0.011224 -0.043398
-0.0354516 -0.0149181 -0.0445832
-0.0282446 -0.017957 -0.0435967
-0.0153287 -0.0195216 -0.0416308
0.000931794 -0.0182839 -0.0399572
0.015393 -0.0149335 -0.0387169
0.0194309 -0.0126555 -0.0383236
0.00873782 -0.0138601 -0.0396804
-0.0128017 -0.0176453 -0.0423896
-0.0358693 -0.0213656 -0.0451478
-0.051561 -0.023323 -0.0473422
-0.05448 -0.022962 -0.0484336
-0.0441086 -0.0206999 -0.0471958
-0.0249348 -0.0190811 -0.0440088
-0.00446672 -0.0205621 -0.0413199
0.00827955 -0.023519 -0.0409717
0.0061039 -0.0248191 -0.0419567
-0.0113608 -0.0245918 -0.0434414
-0.0348638 -0.0243509 -0.0461916
-0.0555408 -0.0240421 -0.0490573
-0.0716047 -0.0237086 -0.0504304
-0.0800796 -0.0244727 -0.0507431
-0.0748262 -0.0266173 -0.0504543
-0.0561947 -0.0287929 -0.0495221
-0.0360129 -0.029011 -0.0473802
-0.0241924 -0.0260171 -0.0443337
-0.019767 -0.0207839 -0.0420989
-0.021236 -0.015282 -0.0408304
-0.0298045 -0.0103048 -0.0404551
-0.0455459 -0.00777052 -0.0412349
-0.0638704 -0.00993145 -0.0426985
-0.0741226 -0.0135765 -0.0441666
-0.0705716 -0.0134922 -0.0439915
-0.0533255 -0.00823607 -0.0414626
-0.0242886 0.00150852 -0.0374626
0.00697551 0.0123257 -0.0325676
0.0285908 0.0185985 -0.0288698
0.0358901 0.0174813 -0.0280118
0.0359813 0.010315 -0.0300346
0.0370265 0.00285155 -0.0330088
0.0354302 0.00272136 -0.0337141
0.0282522 0.0116561 -0.0315016
0.0226549 0.022382 -0.0285481
0.0287949 0.0259047 -0.0274438
0.045779 0.0213985 -0.028182
0.0601175 0.0134991 -0.0285398
0.0650609 0.00473907 -0.0281912
0.0668362 -0.0018257 -0.0286033
0.0693947 -0.00219713 -0.0298486
0.0631765 0.00147616 -0.0310567
0.0399371 0.00228934 -0.0330776
0.0108349 -0.0038999 -0.0376854
-0.0100886 -0.0152329 -0.0435297
-0.0274605 -0.0259416 -0.0475792
-0.0527709 -0.0316793 -0.0499566
-0.0826547 -0.031185 -0.0524047
-0.10209 -0.0272231 -0.0549259
-0.104698 -0.0255714 -0.0562926
-0.0962459 -0.0289817 -0.0564201
-0.0826296 -0.0355271 -0.0558126
-0.070901 -0.0414665 -0.0546445
-0.0725354 -0.04412 -0.0533302
-0.0921664 -0.0440974 -0.0537816
-0.120651 -0.0432289 -0.0579741
-0.1457 -0.0407942 -0.0647942
-0.164886 -0.0368259 -0.0705811
-0.17901 -0.0352298 -0.0727956
-0.181385 -0.0380443 -0.0719307
-0.167129 -0.0425787 -0.0686558
-0.139404 -0.0448633 -0.0633712
-0.104176 -0.04059 -0.0575189
-0.0706561 -0.0280019 -0.0519164
-0.0486709 -0.0119575 -0.0461733
-0.0390374 0.00111416 -0.0409918
-0.0335479 0.00938828 -0.0376009
-0.0282542 0.0133545 -0.0351714
-0.0256204 0.0137455 -0.032627
-0.0211949 0.0135587 -0.0308415
-0.00702855 0.0165298 -0.0291184
0.0168856 0.024148 -0.0252861
0.047617 0.0347601 -0.0206499
0.0798949 0.0442217 -0.0163215
0.105919 0.0477314 -0.0129582
0.120934 0.0428942 -0.0116414
0.12325 0.0329083 -0.0128814
0.117713 0.0243572 -0.016095
0.108186 0.0208312 -0.0184984
0.0944761 0.0215206 -0.0198705
0.0831692 0.0240692 -0.0213102
0.0768792 0.0250451 -0.0224496
0.0701765 0.0217829 -0.0233338
0.0627382 0.0154613 -0.0244969
0.0564629 0.00992006 -0.0259904
0.0493973 0.00918513 -0.0272092
0.0368236 0.0151719 -0.0269649
0.0156185 0.0256188 -0.0261472
-0.0121496 0.0366874 -0.0254026
-0.0451993 0.0467385 -0.0255865
-0.0816965 0.0580778 -0.025995
-0.113508 0.0754787 -0.0240851
-0.135196 0.102841 -0.017604
-0.143612 0.141714 -0.00380686
-0.132767 0.190705 0.0178124
-0.0994472 0.24549 0.0462025
-0.0438192 0.299889 0.0794279
0.0323427 0.347967 0.113517
0.12849 0.385005 0.145119
0.242936 0.408801 0.173319
0.369698 0.42101 0.198207
0.504786 0.426391 0.220619
0.646534 0.429388 0.241537
0.795627 0.431399 0.260897
0.956268 0.431261 0.27901
1.13131 0.42684 0.295956
1.32325 0.416421 0.312585
1.5365 0.399451 0.330622
1.77654 0.377224 0.351668
2.0471 0.352244 0.378706
2.34456 0.326759 0.411868
2.66217 0.30306 0.451671
2.99736 0.286464 0.500445
3.34629 0.283316 0.559271
3.69498 0.292342 0.628107
4.01692 0.302785 0.70264
4.27924 0.305272 0.775154
4.45487 0.299737 0.839937
4.52913 0.29201 0.894462
4.49947 0.288993 0.937206
4.37381 0.295737 0.966352
4.17089 0.315231 0.979677
3.91779 0.349837 0.977438
3.64074 0.401522 0.964669
3.35464 0.468021 0.947922
3.07541 0.533659 0.929997
2.85622 0.57463 0.906237
2.76983 0.581198 0.872906
2.84369 0.561279 0.840696
3.04733 0.524323 0.826939
3.32309 0.473277 0.832775
3.61503 0.404399 0.845571
3.87831 0.314166 0.84825
4.06884 0.205894 0.833193
4.13518 0.0922747 0.798184
4.04219 -0.00685182 0.742753
3.78807 -0.0810235 0.673018
3.37133 -0.13256 0.588716
2.79281 -0.171638 0.485763
2.09035 -0.21251 0.363933
1.32034 -0.262752 0.228185
0.509717 -0.327165 0.0991397
-0.334088 -0.411416 -0.00715279
-1.1567 -0.515647 -0.0956394
-1.86268 -0.633181 -0.193996
-2.44037 -0.758485 -0.2916
-2.94692 -0.8878 -0.345663
-3.34583 -1.01623 -0.380685
-3.58886 -1.13558 -0.405574
-3.70673 -1.23925 -0.398284
-3.73708 -1.33305 -0.375078
-3.73346 -1.42547 -0.348655
-3.7493 -1.51605 -0.320405
-3.80046 -1.59444 -0.301377
-3.89128 -1.6525 -0.295685
-4.03297 -1.68641 -0.292789
-4.21902 -1.69209 -0.295018
-4.42479 -1.67191 -0.311305
-4.6323 -1.63588 -0.333985
-4.83571 -1.59592 -0.356215
-5.04088 -1.56226 -0.3775
-5.25458 -1.54287 -0.398163
-5.47662 -1.54158 -0.422808
-5.70532 -1.55958 -0.45151
-5.94511 -1.59791 -0.47767
-6.21248 -1.653 -0.499296
-6.52631 -1.71102 -0.51627
-6.88537 -1.75444 -0.526476
-7.26295 -1.77099 -0.529625
-7.62087 -1.75709 -0.526347
-7.92958 -1.7175 -0.515163
-8.17454 -1.65945 -0.497071
-8.3493 -1.58588 -0.475851
-8.45323 -1.49631 -0.453202
-8.4934 -1.3932 -0.428396
-8.47791 -1.28435 -0.401277
-8.40856 -1.17922 -0.374462
-8.28263 -1.08514 -0.350994
-8.09593 -1.00643 -0.331915
-7.8489 -0.945755 -0.318014
-7.55185 -0.906728 -0.310574
-7.2179 -0.893917 -0.310794
-6.86256 -0.907443 -0.318373
-6.51579 -0.93295 -0.329639
-6.20862 -0.945127 -0.34194
-5.94766 -0.926208 -0.35557
-5.72053 -0.874235 -0.36938
-5.51285 -0.799159 -0.381183
-5.31097 -0.715697 -0.387939
-5.10156 -0.635405 -0.389647
-4.87939 -0.562495 -0.390618
-4.6499 -0.497851 -0.397605
-4.41636 -0.44784 -0.410638
-4.17192 -0.420884 -0.421221
-3.91522 -0.415145 -0.424604
-3.65249 -0.417722 -0.416098
-3.37935 -0.411878 -0.392836
-3.08218 -0.382643 -0.358473
-2.75312 -0.323891 -0.317281
-2.3997 -0.240281 -0.27023
-2.03831 -0.139467 -0.220763
-1.67716 -0.0294736 -0.176465
-1.31426 0.0791637 -0.139583
-0.950563 0.175893 -0.100154
-0.589173 0.259366 -0.0529799
-0.224486 0.340628 0.00133508
0.147319 0.427188 0.0751192
0.51246 0.514254 0.168812
0.855923 0.597045 0.269954
1.17838 0.673716 0.369853
1.48419 0.740317 0.461599
1.7736 0.794569 0.54452
2.04862 0.839551 0.620968
2.31081 0.881289 0.69393
2.5554 0.923498 0.764782
2.77512 0.965967 0.83258
2.96481 1.0074 0.895552
3.11996 1.04852 0.952753
3.23585 1.09212 1.00414
3.31194 1.14153 1.04947
3.35379 1.19811 1.08886
3.36962 1.25871 1.12218
3.36367 1.31701 1.14975
3.33636 1.36532 1.17085
3.29473 1.39683 1.18267
3.25053 1.40917 1.18506
3.20912 1.40542 1.18052
3.17354 1.39136 1.17159
3.15224 1.37094 1.15985
3.15082 1.34547 1.14692
3.16527 1.31597 1.13407
3.19145 1.28396 1.12074
3.23087 1.25082 1.10625
3.28307 1.21769 1.09054
3.34253 1.18581 1.07296
3.40308 1.15612 1.05318
3.45714 1.12908 1.03155
3.49184 1.1042 1.00863
3.49062 1.0795 0.983977
3.43795 1.0521 0.956375
3.32321 1.02055 0.924539
3.14474 0.987182 0.886789
2.91304 0.958062 0.842987
2.6478 0.938853 0.794876
2.36705 0.931517 0.745236
2.08293 0.935778 0.697118
1.80616 0.950638 0.653023
1.54613 0.974418 0.615095
1.30809 1.00505 0.585359
1.09621 1.04002 0.565337
0.917092 1.07411 0.554995
0.774898 1.09941 0.551895
0.664851 1.10939 0.551934
0.574446 1.10091 0.551396
0.489538 1.07181 0.548048
0.397451 1.02113 0.540238
0.28759 0.95191 0.527041
0.152899 0.869631 0.509334
-0.00926518 0.777526 0.48673
-0.19738 0.674817 0.456519
-0.405483 0.559959 0.416518
-0.621898 0.433497 0.366726
-0.830874 0.298869 0.309305
-1.01784 0.161322 0.24787
-1.17654 0.0228702 0.18705
-1.31598 -0.119499 0.130662
-1.45662 -0.269381 0.0792255
-1.6166 -0.427994 0.0297947
-1.80232 -0.596487 -0.024075
-2.00767 -0.779953 -0.0873997
-2.219 -0.986872 -0.156025
-2.42125 -1.22093 -0.224229
-2.60268 -1.47279 -0.289215
-2.76101 -1.72259 -0.345022
-2.90323 -1.9524 -0.387991
-3.03762 -2.15444 -0.418998
-3.16685 -2.32786 -0.439044
-3.28827 -2.47479 -0.45126
-3.39971 -2.60219 -0.461139
-3.50223 -2.7206 -0.472862
-3.59563 -2.83792 -0.488446
-3.67728 -2.95627 -0.507493
-3.74962 -3.07292 -0.525648
-3.81907 -3.18429 -0.539606
-3.89172 -3.2888 -0.549251
-3.97324 -3.38635 -0.554288
-4.06342 -3.47842 -0.555377
-4.15588 -3.56653 -0.554313
-4.2442 -3.64939 -0.552153
-4.32371 -3.7225 -0.548979
-4.39115 -3.77986 -0.545144
-4.44838 -3.81633 -0.540444
-4.50396 -3.82907 -0.534121
-4.56677 -3.81697 -0.525763
-4.63754 -3.77912 -0.515398
-4.70968 -3.7153 -0.503101
-4.7764 -3.62778 -0.488313
-4.83193 -3.52164 -0.470949
-4.87021 -3.40439 -0.451595
-4.88845 -3.28573 -0.431027
-4.89078 -3.17383 -0.410418
-4.88511 -3.07097 -0.39087
-4.87529 -2.97476 -0.372674
-4.8566 -2.88059 -0.3554
-4.81907 -2.78292 -0.337576
-4.75503 -2.67561 -0.317319
-4.66319 -2.55176 -0.29358
-4.54785 -2.40516 -0.266036
-4.41512 -2.23226 -0.234745
-4.26797 -2.03258 -0.20012
-4.10322 -1.80864 -0.160804
-3.91839 -1.56448 -0.114995
-3.71693 -1.30484 -0.0633174
-3.50346 -1.03603 -0.00798836
-3.28945 -0.768917 0.0510829
-3.10304 -0.517068 0.116166
-2.97489 -0.288313 0.184316
-2.91407 -0.0823745 0.25005
-2.90833 0.109027 0.312096
-2.93611 0.301379 0.372739
-2.96783 0.508669 0.435572
-2.96745 0.735588 0.502367
-2.90219 0.978958 0.573975
-2.75371 1.23074 0.650651
-2.52022 1.47975 0.73078
-2.21236 1.71583 0.815295
-1.8482 1.9313 0.911377
-1.44158 2.12041 1.01774
-0.99467 2.28253 1.12323
-0.509281 2.42161 1.22582
0.00135221 2.54196 1.32906
0.51671 2.64684 1.43258
1.01534 2.73712 1.53483
1.47699 2.81218 1.6325
1.88463 2.87283 1.72119
2.2275 2.92313 1.79853
2.50434 2.97107 1.86237
2.72126 3.02436 1.91426
2.88507 3.08515 1.95828
2.99901 3.15075 1.9974
3.06774 3.21585 2.03206
3.10174 3.2739 2.06023
3.11103 3.31902 2.08174
3.10336 3.34698 2.09771
3.08984 3.35433 2.10732
3.08277 3.33798 2.10804
3.08847 3.29638 2.09827
3.10604 3.23063 2.07828
3.13244 3.14449 2.04738
3.16993 3.04348 2.01292
3.22385 2.93286 1.9725
3.29042 2.81638 1.92211
3.36386 2.69638 1.87057
3.45075 2.57465 1.81546
3.55735 2.45227 1.75385
3.67895 2.32793 1.68951
3.8082 2.1978 1.6233
3.93941 2.058 1.55294
4.06635 1.90553 1.47739
4.18059 1.73786 1.3953
4.27355 1.55192 1.30537
4.33538 1.34343 1.20817
4.35299 1.11014 1.10534
4.31628 0.856479 0.998991
4.22178 0.592525 0.890145
4.07225 0.328733 0.780162
3.8729 0.072234 0.672959
3.62699 -0.171865 0.572761
3.34141 -0.40046 0.481424
3.02581 -0.614866 0.397281
2.69001 -0.821591 0.318079
2.34797 -1.02754 0.243683
2.01575 -1.23489 0.174716
1.706 -1.44236 0.110852
1.42714 -1.64725 0.0513103
1.1865 -1.84662 -0.00311864
0.987133 -2.03664 -0.0501787
0.823272 -2.21158 -0.0867951
0.683588 -2.36526 -0.111988
0.560074 -2.49566 -0.128624
0.4513 -2.6039 -0.13966
0.355907 -2.69124 -0.147483
0.265378 -2.76148 -0.154147
0.165338 -2.82185 -0.160972
0.0444667 -2.88125 -0.169653
-0.10186 -2.9463 -0.182005
-0.277431 -3.01893 -0.198597
-0.487123 -3.09847 -0.219044
-0.729979 -3.18351 -0.243146
-0.996423 -3.27159 -0.270582
-1.27625 -3.35882 -0.300566
-1.56555 -3.43991 -0.331449
-1.86228 -3.50832 -0.360291
-2.15918 -3.55754 -0.385983
-2.44669 -3.58284 -0.408961
-2.72032 -3.5822 -0.428361
-2.97976 -3.55666 -0.443251
-3.22221 -3.50982 -0.453572
-3.44116 -3.44633 -0.459929
-3.62956 -3.37063 -0.46294
-3.78001 -3.28594 -0.462885
-3.88485 -3.19407 -0.45943
-3.94081 -3.09652 -0.451859
-3.95286 -2.99518 -0.439337
-3.93051 -2.89119 -0.421243
-3.88143 -2.78332 -0.397886
-3.81517 -2.66902 -0.370679
-3.74778 -2.54601 -0.339213
-3.69221 -2.4123 -0.30427
-3.65079 -2.2663 -0.267608
-3.62154 -2.10804 -0.228077
-3.60316 -1.93916 -0.185551
-3.59363 -1.76145 -0.140158
-3.59131 -1.57588 -0.0904173
-3.59697 -1.38313 -0.0370121
-3.6084 -1.18355 0.0186707
-3.61576 -0.976697 0.0777367
-3.60736 -0.762074 0.142683
-3.57347 -0.541239 0.215395
-3.50301 -0.317987 0.293797
-3.38709 -0.0954555 0.373823
-3.22681 0.124815 0.452715
-3.03151 0.341323 0.529517
-2.81024 0.551614 0.604217
-2.56891 0.752419 0.676811
-2.31357 0.940486 0.746657
-2.05092 1.11383 0.812417
-1.78595 1.27258 0.872756
-1.52398 1.41854 0.927493
-1.27223 1.55408 0.976914
-1.03518 1.68178 1.02022
-0.811751 1.8044 1.05646
-0.599265 1.92392 1.08563
-0.397069 2.04039 1.10964
-0.204951 2.15078 1.13441
-0.0215675 2.24841 1.16845
0.153519 2.32645 1.20772
0.31822 2.38275 1.24201
0.469042 2.41711 1.26885
0.603976 2.42844 1.28756
0.723748 2.41797 1.29754
0.831084 2.3903 1.29815
0.93039 2.35151 1.28904
1.02675 2.3069 1.2713
1.12495 2.25971 1.24739
1.2291 2.21156 1.21977
1.34207 2.16368 1.19047
1.46442 2.11714 1.16161
1.59321 2.07107 1.13547
1.72211 2.02168 1.11296
1.84413 1.96472 1.0924
1.95576 1.89794 1.07066
2.05796 1.82054 1.04479
2.15263 1.73158 1.01209
2.23866 1.6304 0.971111
2.31286 1.51837 0.923092
2.37304 1.39898 0.871427
2.41754 1.27648 0.819206
2.44409 1.15471 0.767743
2.45198 1.03634 0.717787
2.44378 0.922531 0.66993
2.42275 0.813295 0.624153
2.39219 0.708026 0.580448
2.35757 0.605485 0.538857
2.32532 0.504071 0.499099
2.29968 0.402408 0.461059
2.28296 0.299305 0.425076
2.27685 0.193546 0.391295
2.28036 0.0842236 0.35958
2.28774 -0.0287561 0.329973
2.28976 -0.143888 0.302155
2.27617 -0.257165 0.275442
2.23765 -0.363156 0.249198
2.1679 -0.458027 0.222683
2.06573 -0.540572 0.194845
1.93511 -0.611393 0.164969
1.78204 -0.672836 0.133145
1.61169 -0.728988 0.100136
1.42873 -0.784738 0.0669823
1.23866 -0.844063 0.034491
1.04789 -0.908515 0.00368505
0.86388 -0.976878 -0.0241802
0.694314 -1.04592 -0.0481481
0.543889 -1.11236 -0.067831
0.411029 -1.1746 -0.0834046
0.287264 -1.23179 -0.0955713
0.160601 -1.28255 -0.106072
0.0204854 -1.32569 -0.117214
-0.139263 -1.36054 -0.130224
-0.319669 -1.38744 -0.145354
-0.516735 -1.40797 -0.162449
-0.722385 -1.42302 -0.180764
-0.926695 -1.43172 -0.198938
-1.12138 -1.43379 -0.215465
-1.30255 -1.43255 -0.229592
-1.47024 -1.43443 -0.241674
-1.62578 -1.44426 -0.252207
-1.77008 -1.46159 -0.261487
-1.90293 -1.48233 -0.269728
-2.02322 -1.5013 -0.276171
-2.12973 -1.51288 -0.28037
-2.22266 -1.51249 -0.282661
-2.30427 -1.49781 -0.282673
-2.37721 -1.46864 -0.279852
-2.44192 -1.42682 -0.273998
-2.49699 -1.37539 -0.264992
-2.54129 -1.3178 -0.252915
-2.57459 -1.25771 -0.238256
-2.59681 -1.19809 -0.221881
-2.60761 -1.1404 -0.204647
-2.60659 -1.08463 -0.186862
-2.59387 -1.02975 -0.168447
-2.5702 -0.974521 -0.149103
-2.53727 -0.918327 -0.128429
-2.49723 -0.861583 -0.106695
-2.45113 -0.805169 -0.0847819
-2.39795 -0.749402 -0.0635631
-2.33533 -0.692843 -0.0432057
-2.26162 -0.631463 -0.0230562
-2.17761 -0.56069 -0.0022961
-2.08672 -0.479268 0.0195908
-1.9935 -0.389785 0.0423746
-1.90136 -0.296685 0.0647406
-1.81197 -0.204739 0.084572
-1.72781 -0.118759 0.100494
-1.65274 -0.0438011 0.113928
-1.5876 0.0169971 0.126066
-1.52984 0.0642198 0.136784
-1.47666 0.102075 0.148095
-1.42334 0.13655 0.160127
-1.36412 0.172265 0.17013
-1.29628 0.211869 0.178157
-1.21912 0.256595 0.185867
-1.13261 0.305765 0.193514
-1.03785 0.356815 0.200733
-0.936946 0.40629 0.207145
-0.833587 0.449733 0.211761
-0.732686 0.482045 0.213574
-0.637467 0.500773 0.213846
-0.547678 0.507682 0.213286
-0.460188 0.506842 0.211463
-0.370463 0.50281 0.208799
-0.275491 0.498779 0.205567
-0.174909 0.495384 0.202034
-0.0700785 0.491875 0.198393
0.035119 0.487964 0.194754
0.133911 0.483962 0.191295
0.220533 0.479727 0.188213
0.294068 0.474166 0.185326
0.357147 0.465454 0.182248
0.412656 0.452001 0.17906
0.463224 0.433569 0.175849
0.512502 0.411359 0.172847
0.564487 0.387216 0.170661
0.622049 0.362942 0.169552
0.686827 0.339728 0.169745
0.759075 0.317632 0.171647
0.836967 0.295697 0.175007
0.917131 0.272514 0.179154
0.996284 0.246928 0.183392
1.07193 0.218625 0.186815
1.14218 0.187958 0.188816
1.20565 0.155473 0.189096
1.26122 0.121572 0.187503
1.30738 0.0863154 0.183952
1.34148 0.049615 0.178285
1.36084 0.0113426 0.170352
1.36524 -0.0284319 0.160291
1.35732 -0.0690508 0.148748
1.33982 -0.10943 0.136677
1.31294 -0.148334 0.124711
1.27511 -0.184469 0.11299
1.22571 -0.216874 0.1013
1.16619 -0.245569 0.0892997
1.09887 -0.271779 0.0768909
1.0264 -0.297586 0.0641691
0.951782 -0.324787 0.0511763
0.878284 -0.353639 0.0380959
0.809406 -0.383021 0.025464
0.747723 -0.411301 0.0139686
0.693131 -0.436883 0.00408084
0.643349 -0.458987 -0.0041523
0.596126 -0.477912 -0.0111365
0.549521 -0.493931 -0.0175985
0.500726 -0.506664 -0.0240941
0.44654 -0.515754 -0.0307866
0.384649 -0.52146 -0.037783
0.313945 -0.524321 -0.0452324
0.234546 -0.524503 -0.0529816
0.147621 -0.522018 -0.0605724
0.0545718 -0.517493 -0.0676469
-0.0430474 -0.51211 -0.0741521
-0.142698 -0.506573 -0.0801096
-0.241688 -0.500384 -0.0853109
-0.338625 -0.492294 -0.089286
-0.432023 -0.481037 -0.0915737
-0.518703 -0.465561 -0.0919095
-0.595746 -0.445329 -0.0901576
-0.662926 -0.420472 -0.0861627
-0.721864 -0.391453 -0.0797643
-0.774162 -0.358726 -0.0708066
-0.821059 -0.322626 -0.0594185
-0.863133 -0.283508 -0.0461385
-0.899605 -0.241907 -0.031236
-0.929239 -0.19872 -0.014837
-0.952616 -0.155299 0.00256194
-0.972543 -0.113157 0.0205331
-0.992739 -0.0732642 0.0386769
-1.01734 -0.03543 0.0564659
-1.04954 0.00138842 0.0734313
-1.08914 0.0380871 0.0891349
-1.13284 0.0747664 0.103317
-1.17741 0.110716 0.11589
-1.22186 0.144824 0.126872
-1.2662 0.175826 0.136411
-1.30955 0.202449 0.144916
-1.35054 0.223927 0.152994
-1.38787 0.240446 0.161216
-1.41918 0.252805 0.169729
-1.44079 0.261784 0.178126
-1.44964 0.267943 0.185842
-1.44502 0.271572 0.192361
-1.42843 0.272573 0.197317
-1.4025 0.270704 0.200539
-1.36964 0.266132 0.201932
-1.33083 0.259415 0.201398
-1.28616 0.250804 0.198805
-1.23676 0.239842 0.193981
-1.1857 0.225673 0.186718
-1.13728 0.2076 0.176653
-1.09601 0.185487 0.163852
-1.06511 0.160186 0.148682
-1.04475 0.133252 0.131325
-1.03257 0.105607 0.112276
-1.02598 0.0765657 0.0919742
-1.0234 0.044376 0.0704652
-1.02246 0.00767021 0.0482147
-1.01795 -0.0334701 0.026192
-1.00395 -0.0772899 0.00525366
-0.975271 -0.121181 -0.0132199
-0.927161 -0.162872 -0.0285197
-0.857301 -0.201023 -0.0406717
-0.767195 -0.235452 -0.0493771
-0.661592 -0.267124 -0.054954
-0.547258 -0.297596 -0.0583296
-0.431041 -0.328032 -0.0603505
-0.318559 -0.358356 -0.061384
-0.214039 -0.38734 -0.0618277
-0.120721 -0.413624 -0.062152
-0.0408937 -0.436568 -0.0625641
0.0247228 -0.456405 -0.0630588
0.0770569 -0.47409 -0.0636178
0.118156 -0.490994 -0.0641815
0.151146 -0.508119 -0.0645589
0.17976 -0.525501 -0.0645476
0.206912 -0.542372 -0.0639699
0.234295 -0.557492 -0.0626731
0.263571 -0.569422 -0.060582
0.296426 -0.577121 -0.0577469
0.333243 -0.580812 -0.0542668
0.373118 -0.582155 -0.0503232
0.415206 -0.583067 -0.0461909
0.458993 -0.584416 -0.0420363
0.50337 -0.586088 -0.037845
0.546681 -0.587796 -0.0336273
0.587541 -0.589368 -0.0295506
0.624522 -0.590631 -0.0258593
0.655654 -0.591287 -0.0227485
0.679243 -0.590987 -0.0203426
0.694725 -0.589339 -0.0186942
0.702256 -0.585557 -0.0177224
0.701978 -0.578388 -0.0171871
0.693826 -0.566674 -0.0167788
0.677541 -0.550175 -0.0162965
0.652788 -0.529975 -0.015779
0.619272 -0.507734 -0.0154116
0.576856 -0.484653 -0.0153512
0.526028 -0.460852 -0.0157039
0.468433 -0.435255 -0.0164527
0.406775 -0.406352 -0.0173072
0.343903 -0.373284 -0.0178287
0.282289 -0.336539 -0.0176462
0.224429 -0.297663 -0.0164471
0.17293 -0.258061 -0.0139683
0.129648 -0.218133 -0.00990487
0.0946742 -0.177038 -0.0040286
0.0664232 -0.133348 0.00399544
0.0425193 -0.0860598 0.0146327
0.0200555 -0.03499 0.0277453
-0.00435188 0.0189057 0.0425354
-0.034502 0.0736787 0.0580175
-0.0745461 0.126961 0.0733215
-0.127746 0.176566 0.0875945
-0.194679 0.221406 0.100177
-0.272745 0.262005 0.111224
-0.357337 0.300145 0.121618
-0.443697 0.338218 0.132155
-0.528135 0.378111 0.143234
-0.608144 0.41994 0.155029
-0.681714 0.461956 0.167469
-0.746513 0.501288 0.180435
-0.799826 0.534908 0.193906
-0.839245 0.560646 0.207851
-0.863632 0.577716 0.222059
-0.873934 0.586597 0.236034
-0.873171 0.588588 0.249083
-0.865477 0.585362 0.260463
-0.855157 0.578686 0.26956
-0.846268 0.570107 0.276051
-0.842494 0.560536 0.279782
-0.846615 0.550213 0.280529
-0.859582 0.538886 0.278004
-0.880325 0.52586 0.272078
-0.906975 0.510244 0.262867
-0.938548 0.491069 0.250681
-0.975078 0.467117 0.236184
-1.01564 0.437116 0.220275
-1.0567 0.400357 0.203511
-1.09297 0.357214 0.186038
-1.11967 0.309095 0.167922
-1.1339 0.257866 0.149222
-1.1351 0.205247 0.130206
-1.12476 0.152478 0.111382
-1.10546 0.100009 0.0929893
-1.07966 0.047219 0.0749442
-1.04894 -0.00749161 0.0569648
-1.01468 -0.065933 0.0385763
-0.979632 -0.129211 0.0193319
-0.94762 -0.197295 -0.000990006
-0.921364 -0.269011 -0.0221443
-0.901497 -0.342301 -0.0436595
-0.887399 -0.41484 -0.0652883
-0.877474 -0.48493 -0.0867486
-0.868652 -0.552018 -0.107156
-0.856956 -0.616337 -0.125572
-0.839111 -0.677989 -0.14164
-0.8134 -0.736394 -0.155037
-0.779449 -0.790675 -0.165584
-0.738051 -0.840208 -0.173062
-0.690832 -0.8844 -0.177403
-0.639644 -0.922616 -0.179267
-0.586177 -0.954669 -0.1796
-0.531158 -0.980793 -0.179123
-0.474023 -1.00129 -0.178129
-0.414476 -1.01671 -0.176568
-0.353962 -1.02812 -0.174201
-0.294841 -1.03682 -0.170893
-0.238758 -1.04339 -0.166726
-0.186455 -1.04721 -0.16188
-0.138507 -1.04687 -0.156521
-0.0956188 -1.04115 -0.150867
-0.0587113 -1.02987 -0.145275
-0.0288637 -1.01372 -0.140092
-0.00637661 -0.993974 -0.135438
0.0100677 -0.972239 -0.131173
0.0227478 -0.949702 -0.12694
0.0337286 -0.926359 -0.1223
0.0444752 -0.901182 -0.116975
0.0559567 -0.872792 -0.110973
0.0687405 -0.840024 -0.104499
0.0830497 -0.802209 -0.0977881
0.0986108 -0.759376 -0.0909238
0.114233 -0.712397 -0.0838654
0.127891 -0.662536 -0.0766197
0.137641 -0.610599 -0.069176
0.142403 -0.556715 -0.0614017
0.141933 -0.500986 -0.0531585
0.136534 -0.443945 -0.0443527
0.126791 -0.386169 -0.0350222
0.113112 -0.328132 -0.0252965
0.0952241 -0.270263 -0.0149718
0.0725031 -0.212495 -0.00386159
0.0449497 -0.154263 0.00767707
0.0128598 -0.0951474 0.0193822
-0.024076 -0.035156 0.0311453
-0.0659698 0.0251178 0.0426968
-0.111792 0.0842446 0.0538464
-0.160384 0.140409 0.0645751
-0.211153 0.192235 0.0749519
-0.262992 0.239249 0.085085
-0.313698 0.281849 0.0953985
-0.360779 0.321036 0.10639
-0.402147 0.358098 0.118158
-0.436166 0.393941 0.130565
-0.461665 0.428724 0.143358
-0.4782 0.462152 0.156291
-0.486517 0.49357 0.169334
-0.488487 0.521959 0.182444
-0.486125 0.546319 0.195367
-0.480682 0.566054 0.207714
-0.472909 0.58107 0.219095
-0.463846 0.591613 0.229188
-0.454975 0.597869 0.23767
-0.448003 0.599772 0.244152
-0.444616 0.597082 0.248236
-0.446109 0.58969 0.249613
-0.453067 0.578001 0.248151
-0.465312 0.562977 0.243929
-0.482245 0.545889 0.237198
-0.50313 0.527629 0.228323
-0.526994 0.508034 0.217675
-0.552617 0.48586 0.205541
-0.578745 0.459212 0.192168
-0.604025 0.426222 0.177795
-0.62652 0.385828 0.16256
-0.643861 0.338705 0.146556
-0.65431 0.287317 0.130203
-0.657357 0.234639 0.114231
-0.653474 0.182937 0.0991164
-0.643561 0.133058 0.0848862
-0.628606 0.0843518 0.0711878
-0.609868 0.0352028 0.057453
-0.589432 -0.0161162 0.0432684
-0.570403 -0.0705095 0.0283442
-0.556271 -0.127578 0.0124883
-0.549954 -0.185912 -0.00418976
-0.553203 -0.243894 -0.0215498
-0.566128 -0.300039 -0.0394817
-0.586588 -0.353003 -0.0576284
-0.61069 -0.401971 -0.0753994
-0.634378 -0.446833 -0.0919629
-0.65435 -0.487808 -0.106371
-0.668323 -0.525221 -0.118259
-0.67512 -0.559547 -0.12777
-0.674097 -0.591193 -0.135099
-0.664399 -0.620181 -0.140315
-0.645056 -0.646026 -0.14345
-0.6156 -0.667724 -0.144758
-0.576766 -0.68402 -0.144496
-0.531158 -0.694071 -0.142834
-0.483067 -0.698002 -0.139927
-0.437173 -0.696917 -0.136076
-0.397088 -0.692623 -0.131721
-0.364529 -0.687024 -0.127367
-0.339359 -0.681336 -0.123412
-0.320675 -0.675708 -0.119997
-0.307958 -0.669494 -0.117004
-0.300805 -0.661693 -0.114187
-0.297732 -0.651069 -0.111249
-0.296012 -0.636662 -0.10786
-0.292863 -0.618551 -0.103764
-0.286443 -0.597733 -0.0988836
-0.276177 -0.575209 -0.0933045
-0.262722 -0.551281 -0.0871846
-0.24718 -0.525559 -0.0806107
-0.230074 -0.49741 -0.0736199
-0.211321 -0.466569 -0.0662787
-0.191318 -0.433528 -0.0585976
-0.171762 -0.399201 -0.0506723
-0.155073 -0.364248 -0.0426879
-0.142987 -0.328692 -0.0346687
-0.135847 -0.292052 -0.0265015
-0.132911 -0.253964 -0.0181594
-0.133135 -0.214666 -0.00981143
-0.136285 -0.175048 -0.00171212
-0.143614 -0.136422 0.00586538
-0.157104 -0.10005 0.0126424
-0.177539 -0.0666479 0.0184146
-0.203198 -0.0359125 0.0231904
-0.230379 -0.00646736 0.0272927
-0.255163 0.0232688 0.0312862
-0.274964 0.0538809 0.0357132
-0.288907 0.0846773 0.0408638
-0.297233 0.114437 0.0468064
-0.30053 0.14207 0.0535146
-0.299181 0.166793 0.0608458
-0.293499 0.188132 0.068446
-0.284505 0.206059 0.0758639
-0.274214 0.221274 0.082773
-0.265019 0.235252 0.0890593
-0.259134 0.249596 0.0948099
-0.258499 0.265021 0.100129
-0.264389 0.28085 0.104938
-0.276847 0.295325 0.10897
-0.294581 0.306429 0.111947
-0.315291 0.31291 0.113771
-0.336269 0.315049 0.114635
-0.35536 0.314462 0.115005
-0.371694 0.312839 0.115405
-0.385302 0.310686 0.116086
-0.396162 0.307173 0.116875
-0.403912 0.300964 0.117356
-0.408248 0.291191 0.117183
-0.409491 0.277814 0.116212
-0.408926 0.261427 0.114429
-0.408585 0.242942 0.111829
-0.410552 0.223212 0.108394
-0.416179 0.202623 0.104078
-0.425844 0.180923 0.0987896
-0.439324 0.157475 0.0923683
-0.456167 0.131656 0.0846866
-0.475714 0.103196 0.075808
-0.49712 0.0725325 0.0659645
-0.519713 0.0407238 0.0554853
-0.543168 0.00869426 0.0446648
-0.56704 -0.023301 0.0336185
-0.590352 -0.0555008 0.0222985
-0.611885 -0.0881916 0.0107092
-0.630737 -0.121301 -0.000936624
-0.646386 -0.15447 -0.0124038
-0.658556 -0.187354 -0.0235036
-0.667278 -0.219714 -0.0340565
-0.673039 -0.251433 -0.0439369
-0.676587 -0.28236 -0.0530977
-0.678194 -0.312081 -0.061542
-0.677477 -0.339827 -0.0692575
-0.674237 -0.364766 -0.0761756
-0.668882 -0.386526 -0.0821914
-0.661871 -0.405543 -0.0872387
-0.653384 -0.423058 -0.0913534
-0.64374 -0.440479 -0.0947499
-0.633687 -0.458521 -0.0976725
-0.623923 -0.476854 -0.100261
-0.614474 -0.494307 -0.102579
-0.604741 -0.50943 -0.104615
-0.594064 -0.521245 -0.106308
-0.581935 -0.530029 -0.107593
-0.567704 -0.537133 -0.108463
-0.550518 -0.543862 -0.108879
-0.529617 -0.550789 -0.108698
-0.504558 -0.557665 -0.107779
-0.475454 -0.563649 -0.106088
-0.443214 -0.567851 -0.103735
-0.409258 -0.569677 -0.100936
-0.375068 -0.568838 -0.0979199
-0.3423 -0.565351 -0.094862
-0.312914 -0.559544 -0.0918859
-0.288693 -0.551848 -0.0890904
-0.270094 -0.542687 -0.0865433
-0.25595 -0.532463 -0.0842512
