-6.05011e-07 3.81229e-09 -0.0239652
-0.000150962 -5.6209e-05 -0.0240001
-0.000584727 -0.000178574 -0.0241213
-0.00105887 -0.000268935 -0.0242748
-0.00138851 -0.000301141 -0.0243606
-0.00185709 -0.000289262 -0.0243944
-0.00284829 -0.000245061 -0.0244697
-0.00431428 -0.000199966 -0.0246328
-0.00567136 -0.000188143 -0.0248136
-0.00627411 -0.000266213 -0.0248987
-0.00586014 -0.000363691 -0.0248031
-0.00480043 -0.000395799 -0.0245098
-0.00404017 -0.000587264 -0.024252
-0.00397264 -0.00104208 -0.0243384
-0.00413201 -0.00134559 -0.024652
-0.00473006 -0.0010104 -0.0248197
-0.00641922 -0.000142415 -0.0247998
-0.0085558 0.00060273 -0.0248312
-0.00990053 0.000990169 -0.0248975
-0.0101169 0.00103062 -0.0248375
-0.00923022 0.000510242 -0.0247561
-0.00686983 7.8509e-07 -0.0245306
-0.00332883 0.000475106 -0.0236751
-0.000266699 0.00155973 -0.022385
0.00138004 0.00194402 -0.0216666
0.00190932 0.00136043 -0.0220092
0.0011387 0.000876865 -0.0228535
-0.000696772 0.00100676 -0.0235201
-0.00207165 0.00113188 -0.0239072
-0.00138979 0.00111287 -0.0240398
0.00176026 0.00119322 -0.023688
0.0061247 0.000977277 -0.0229698
0.00998116 0.000289999 -0.0224692
0.0123014 -0.000175042 -0.0224137
0.0116954 0.000250186 -0.0225531
0.0075833 0.0013586 -0.0228244
0.00280638 0.00241733 -0.0232325
0.00057993 0.00279518 -0.0234697
0.00168892 0.00186899 -0.023504
0.00509208 -0.000420359 -0.0236331
0.00772341 -0.00284886 -0.0239477
0.00815249 -0.00376744 -0.0242729
0.00871264 -0.00247603 -0.0240013
0.00918048 -0.000118888 -0.0230784
0.00583352 0.00063201 -0.0232029
-0.00146164 -0.0015217 -0.0256212
-0.00861896 -0.00467046 -0.028791
-0.0126911 -0.00635231 -0.0304489
-0.013163 -0.00581493 -0.0300487
-0.0100545 -0.00386012 -0.028247
-0.0057753 -0.00199791 -0.0260327
-0.00439769 -0.00113866 -0.0244899
-0.00554503 -0.00104908 -0.0240524
-0.00700516 -0.00093007 -0.0242207
-0.0105959 -0.000474142 -0.0247176
-0.0170685 -0.00014022 -0.025709
-0.02177 -0.000547157 -0.0268538
-0.0209155 -0.00178877 -0.0273116
-0.0147964 -0.00324453 -0.0268331
-0.005515 -0.00400419 -0.0257292
0.00182626 -0.00353681 -0.0245852
0.00190597 -0.00218732 -0.0242817
-0.00475579 -0.00126533 -0.0254438
-0.0129554 -0.00191927 -0.0279216
-0.0176911 -0.00368749 -0.030518
-0.0176385 -0.00574985 -0.0318081
-0.0146732 -0.00775303 -0.0315169
-0.00893644 -0.00879077 -0.0302107
0.000282258 -0.00803767 -0.0279034
0.00913781 -0.00620428 -0.0252256
0.0117812 -0.00506933 -0.0241473
0.00564803 -0.00549313 -0.0258357
-0.0072061 -0.00690278 -0.0294532
-0.0205422 -0.00841274 -0.0330838
-0.0276151 -0.00937164 -0.0356871
-0.0263752 -0.00912126 -0.0359292
-0.0192397 -0.00782631 -0.0332894
-0.00924973 -0.00719449 -0.0296873
0.000927081 -0.00826039 -0.0271024
0.00787536 -0.00967961 -0.0264802
0.00652043 -0.0101218 -0.027329
-0.00371035 -0.010133 -0.0295891
-0.0158073 -0.0101243 -0.0331516
-0.0269117 -0.00963335 -0.0363174
-0.0374099 -0.00918939 -0.0386931
-0.0423149 -0.00974869 -0.0405242
-0.0377274 -0.010936 -0.0398881
-0.0258968 -0.0117182 -0.0365975
-0.0144051 -0.0115196 -0.0327506
-0.00806015 -0.0100592 -0.0294432
-0.00481506 -0.00768574 -0.0271957
-0.00532221 -0.00511302 -0.0258905
-0.0104101 -0.00288119 -0.0258038
-0.0183167 -0.00246888 -0.0280387
-0.0279049 -0.00457423 -0.0319971
-0.0342023 -0.00672496 -0.0351221
-0.0335296 -0.00668522 -0.0351828
-0.0246892 -0.00420347 -0.0317165
-0.0086078 0.000627403 -0.0255785
0.00672411 0.00605606 -0.019216
0.0154201 0.00893738 -0.0157671
0.0178208 0.00771076 -0.0161023
0.0183099 0.0035427 -0.0191111
0.0190784 -0.000231288 -0.022079
0.0152482 -0.000108984 -0.0231811
0.00718204 0.00422637 -0.0224452
0.00262296 0.0091446 -0.0208766
0.00697811 0.010777 -0.0191989
0.0178626 0.00892861 -0.0177658
0.0264787 0.00518261 -0.0174354
0.0293194 0.000421887 -0.018215
0.0311163 -0.00268697 -0.0189858
0.0336831 -0.00180309 -0.0181421
0.0306827 0.000799603 -0.0173003
0.0185768 0.00145797 -0.0197483
0.00463536 -0.00105378 -0.0250502
-0.00538869 -0.00568196 -0.0304998
-0.016112 -0.0103225 -0.0348646
-0.0305885 -0.0130964 -0.0388017
-0.043267 -0.0126453 -0.0418951
-0.0480806 -0.0102332 -0.042448
-0.0447169 -0.00934995 -0.0407431
-0.036975 -0.0111437 -0.0388416
-0.0278253 -0.0143006 -0.0373099
-0.0228717 -0.0170792 -0.0362874
-0.0281445 -0.0184315 -0.0366685
-0.0404909 -0.0185396 -0.0390224
-0.0526481 -0.0177044 -0.0429171
-0.0614572 -0.015523 -0.0469448
-0.0685987 -0.013132 -0.0504717
-0.0750218 -0.0130675 -0.0533484
-0.0768007 -0.015333 -0.0545146
-0.0721157 -0.017952 -0.053092
-0.0618493 -0.0193054 -0.0492258
-0.0452648 -0.0173357 -0.0431077
-0.0269053 -0.0110507 -0.0353302
-0.015698 -0.0033013 -0.0282166
-0.0121208 0.00248334 -0.0241641
-0.00996638 0.00564622 -0.0224301
-0.00884796 0.00634352 -0.021753
-0.0103508 0.00491656 -0.0225874
-0.00961841 0.0034033 -0.0237755
-0.00316997 0.00413557 -0.0226444
0.00666739 0.0077446 -0.0186536
0.0198139 0.0129582 -0.0133828
0.0351777 0.017683 -0.00783087
0.0473409 0.0196525 -0.00391778
0.052783 0.0174007 -0.00316692
0.0513193 0.0126371 -0.00584189
0.0480545 0.00877242 -0.00965275
0.0435717 0.00732365 -0.0117878
0.0356624 0.0080142 -0.0133244
0.0311269 0.00977553 -0.0139763
0.0300755 0.0106476 -0.0136083
0.027222 0.00925499 -0.0141013
0.0249968 0.0062811 -0.0153839
0.024723 0.00369376 -0.0162162
0.0240308 0.00351927 -0.0159465
0.019984 0.00651951 -0.0147041
0.0107039 0.0114241 -0.0140355
-0.00307356 0.0165215 -0.0140165
-0.0194599 0.0208201 -0.0155175
-0.0359782 0.0254445 -0.0177622
-0.0497197 0.032962 -0.016977
-0.05815 0.0451998 -0.0111932
-0.0592399 0.0631939 0.00136558
-0.0504769 0.0860596 0.0219552
-0.0306019 0.110759 0.0496637
0.000189168 0.133747 0.0805415
0.0449687 0.152221 0.109201
0.104129 0.164537 0.135315
0.170414 0.170392 0.158617
0.239687 0.171236 0.17675
0.310591 0.170003 0.19223
0.381871 0.168867 0.207377
0.456361 0.168058 0.223071
0.536845 0.166689 0.240601
0.624891 0.163682 0.259562
0.722296 0.158461 0.280682
0.831268 0.151174 0.305573
0.955031 0.143039 0.3359
1.09455 0.135745 0.373217
1.24757 0.129916 0.416643
1.41205 0.12542 0.465036
1.58654 0.124155 0.519571
1.76618 0.128991 0.582189
1.93683 0.137792 0.651752
2.07724 0.144182 0.722024
2.16781 0.144778 0.783287
2.19576 0.14101 0.827809
2.15993 0.136238 0.851355
2.07003 0.133723 0.853079
1.94035 0.135434 0.836747
1.78783 0.142478 0.808725
1.6289 0.156281 0.775055
1.47423 0.178019 0.741563
1.32532 0.20603 0.711029
1.19165 0.231216 0.679535
1.11735 0.242154 0.6459
1.14837 0.236678 0.621748
1.27425 0.219898 0.622637
1.44528 0.196112 0.649975
1.63094 0.166399 0.687359
1.81275 0.1316 0.722603
1.96937 0.0907913 0.749312
2.08552 0.0445988 0.765027
2.13138 0.000114866 0.759636
2.08173 -0.034744 0.72347
1.93779 -0.0571956 0.664697
1.69733 -0.0685436 0.586168
1.36122 -0.0719826 0.482616
0.969734 -0.0771417 0.351857
0.56406 -0.0901001 0.200711
0.141691 -0.111108 0.0474096
-0.298936 -0.141833 -0.0890189
-0.680612 -0.183868 -0.197113
-0.950941 -0.235372 -0.281771
-1.18832 -0.292655 -0.348384
-1.41175 -0.354822 -0.391822
-1.55549 -0.417282 -0.414964
-1.62613 -0.475538 -0.417506
-1.64985 -0.527148 -0.396323
-1.62964 -0.57242 -0.36676
-1.59693 -0.616502 -0.343086
-1.57872 -0.657685 -0.324119
-1.57482 -0.689733 -0.309522
-1.59657 -0.710326 -0.300901
-1.65754 -0.718106 -0.295728
-1.74058 -0.712341 -0.291302
-1.8232 -0.695088 -0.289481
-1.90119 -0.672328 -0.287874
-1.97254 -0.650601 -0.285641
-2.04163 -0.634569 -0.287668
-2.11408 -0.627955 -0.295837
-2.18736 -0.632149 -0.31093
-2.264 -0.647987 -0.332803
-2.35412 -0.676623 -0.357389
-2.47149 -0.71511 -0.384386
-2.62892 -0.754525 -0.415008
-2.82289 -0.785513 -0.446104
-3.03343 -0.802593 -0.474259
-3.23819 -0.805253 -0.496346
-3.42068 -0.796555 -0.509134
-3.57052 -0.779214 -0.512902
-3.68114 -0.753042 -0.509318
-3.75194 -0.716587 -0.498429
-3.78864 -0.670883 -0.480366
-3.79674 -0.620631 -0.456914
-3.77555 -0.571573 -0.431369
-3.72015 -0.52799 -0.406775
-3.6279 -0.492902 -0.38426
-3.5022 -0.468313 -0.364419
-3.35159 -0.456173 -0.348476
-3.18374 -0.458706 -0.33619
-3.00937 -0.473841 -0.327815
-2.85125 -0.490877 -0.324552
-2.7268 -0.495888 -0.325407
-2.63041 -0.482194 -0.327209
-2.54889 -0.452036 -0.326908
-2.47633 -0.411953 -0.324929
-2.40597 -0.36971 -0.322053
-2.32808 -0.330619 -0.318361
-2.23999 -0.295551 -0.314938
-2.1463 -0.262888 -0.314972
-2.05167 -0.23475 -0.322675
-1.95727 -0.217721 -0.335304
-1.86233 -0.213783 -0.346413
-1.76971 -0.217563 -0.351775
-1.67656 -0.21962 -0.345107
-1.56474 -0.20948 -0.322758
-1.42197 -0.182351 -0.288882
-1.25695 -0.14137 -0.248404
-1.08317 -0.0904314 -0.205295
-0.902663 -0.031795 -0.164347
-0.711169 0.0281666 -0.126512
-0.509833 0.0797748 -0.0853419
-0.30186 0.120679 -0.0392434
-0.0898398 0.158333 0.0139708
0.117172 0.19615 0.0880831
0.30632 0.231678 0.178258
0.474079 0.264701 0.269517
0.627308 0.295368 0.358107
0.772456 0.32257 0.440567
0.913245 0.34473 0.514599
1.05053 0.362318 0.581497
1.18051 0.378191 0.644472
1.29803 0.393897 0.704589
1.40113 0.409233 0.760174
1.4892 0.424422 0.809267
1.55759 0.441124 0.851633
1.60067 0.46142 0.887951
1.61961 0.486915 0.91903
1.62134 0.517591 0.945927
1.61167 0.550947 0.969442
1.59212 0.582946 0.988926
1.56407 0.60895 1.00103
1.53441 0.625183 1.00363
1.51017 0.630583 0.99864
1.4912 0.627405 0.988366
1.4773 0.619173 0.975356
1.47389 0.607985 0.962924
1.48258 0.594677 0.953084
1.49793 0.58035 0.945837
1.5177 0.566216 0.940384
1.54543 0.552788 0.936732
1.58241 0.54019 0.935111
1.62601 0.528755 0.935354
1.67338 0.518762 0.936953
1.72025 0.510313 0.938452
1.75785 0.503109 0.937149
1.77264 0.495738 0.929476
1.75191 0.486513 0.911896
1.68952 0.474917 0.882317
1.58668 0.462718 0.841092
1.45405 0.453574 0.791576
1.30817 0.449945 0.739084
1.16098 0.45194 0.688068
1.01776 0.459018 0.641272
0.882538 0.470651 0.600684
0.758873 0.485897 0.5677
0.647756 0.503364 0.542973
0.549961 0.521336 0.526742
0.468684 0.536904 0.518575
0.406367 0.546188 0.516417
0.360267 0.546579 0.516739
0.324591 0.537114 0.515889
0.29454 0.517434 0.510571
0.26502 0.487775 0.498071
0.228935 0.449695 0.477993
0.179328 0.405647 0.452715
0.112707 0.357334 0.42329
0.0304258 0.305064 0.387992
-0.0623284 0.248755 0.345681
-0.158307 0.188996 0.297666
-0.249535 0.127358 0.246939
-0.329804 0.0660651 0.197503
-0.399751 0.00541897 0.153128
-0.470625 -0.0564818 0.114513
-0.556485 -0.120882 0.0783995
-0.660733 -0.187246 0.0386388
-0.775422 -0.256047 -0.00886787
-0.890045 -0.332243 -0.0630478
-0.999317 -0.421875 -0.121517
-1.10207 -0.525966 -0.1824
-1.1958 -0.637712 -0.239526
-1.27763 -0.745025 -0.285137
-1.34806 -0.839655 -0.318706
-1.41389 -0.921319 -0.343429
-1.48272 -0.991612 -0.361161
-1.5528 -1.05124 -0.373678
-1.61851 -1.10321 -0.383614
-1.67697 -1.15269 -0.393323
-1.72267 -1.20348 -0.403453
-1.75332 -1.256 -0.413895
-1.77558 -1.30847 -0.423169
-1.79662 -1.35945 -0.429809
-1.82212 -1.40874 -0.434625
-1.85686 -1.45689 -0.438193
-1.89892 -1.505 -0.440534
-1.94266 -1.55368 -0.442135
-1.98513 -1.60155 -0.442747
-2.02352 -1.64526 -0.441666
-2.05484 -1.68105 -0.438905
-2.08102 -1.70608 -0.434564
-2.10841 -1.71896 -0.429067
-2.14149 -1.71915 -0.42313
-2.17865 -1.70621 -0.416403
-2.21521 -1.68018 -0.407876
-2.24853 -1.64271 -0.397027
-2.27641 -1.59714 -0.383985
-2.29516 -1.54786 -0.369187
-2.30377 -1.50006 -0.35367
-2.30619 -1.45716 -0.338944
-2.30684 -1.41899 -0.326127
-2.30594 -1.38361 -0.315151
-2.29886 -1.34865 -0.304539
-2.27979 -1.31165 -0.292192
-2.2462 -1.26993 -0.276686
-2.19924 -1.22027 -0.257356
-2.14175 -1.15992 -0.234187
-2.07598 -1.08743 -0.207571
-2.00173 -1.00279 -0.176851
-1.91863 -0.906355 -0.140302
-1.82827 -0.799161 -0.0974888
-1.73226 -0.6836 -0.0495273
-1.6326 -0.563445 0.00229061
-1.54053 -0.444751 0.0568985
-1.47696 -0.334112 0.108629
-1.45423 -0.23513 0.149989
-1.46792 -0.146609 0.18018
-1.50509 -0.0637052 0.203139
-1.55179 0.0216215 0.224598
-1.58904 0.117386 0.25236
-1.5922 0.225721 0.292797
-1.54713 0.344047 0.34879
-1.45261 0.467734 0.419466
-1.31013 0.590928 0.500243
-1.1274 0.708565 0.588071
-0.917249 0.815128 0.685085
-0.683395 0.90672 0.787247
-0.423202 0.985146 0.887072
-0.142732 1.05297 0.987232
0.144106 1.11097 1.09261
0.423953 1.16048 1.20221
0.689908 1.20185 1.31001
0.935755 1.23483 1.40906
1.14848 1.26126 1.49446
1.31902 1.28462 1.56448
1.44951 1.30965 1.61942
1.54508 1.33997 1.66364
1.60446 1.37536 1.702
1.6271 1.41345 1.73386
1.62179 1.45131 1.75799
1.59852 1.48581 1.77494
1.56441 1.51381 1.78397
1.5268 1.53251 1.78415
1.49287 1.53974 1.77616
1.4682 1.53417 1.76029
1.45461 1.51575 1.73628
1.44907 1.48564 1.70475
1.44898 1.44608 1.66524
1.4568 1.40002 1.62347
1.47694 1.35025 1.58177
1.50928 1.29867 1.53953
1.54979 1.24675 1.50023
1.60165 1.19551 1.46362
1.67319 1.14491 1.43089
1.76182 1.09358 1.40177
1.85729 1.03934 1.37351
1.95429 0.980282 1.34399
2.05047 0.915388 1.31112
2.14079 0.843859 1.27185
2.21798 0.764112 1.22378
2.2766 0.673368 1.1646
2.31039 0.56921 1.0904
2.30767 0.453067 1.00109
2.26205 0.330715 0.902692
2.17905 0.207774 0.801119
2.06493 0.0885561 0.701056
1.92349 -0.0227439 0.606012
1.76181 -0.124451 0.517744
1.58798 -0.219183 0.435184
1.40689 -0.311573 0.356195
1.22385 -0.405154 0.281532
1.04728 -0.501115 0.212748
0.885039 -0.598482 0.150139
0.743824 -0.695612 0.0937016
0.628796 -0.790521 0.0448103
0.540363 -0.880657 0.00523881
0.471847 -0.961385 -0.0234867
0.41439 -1.02914 -0.041399
0.365799 -1.08543 -0.051653
0.329384 -1.13161 -0.0564621
0.306112 -1.16838 -0.0564053
0.288838 -1.19823 -0.0537836
0.264848 -1.2249 -0.0522836
0.22606 -1.25297 -0.0552527
0.170396 -1.28537 -0.0639116
0.0952301 -1.32245 -0.0782021
-0.00253847 -1.36375 -0.0983103
-0.121288 -1.40876 -0.123859
-0.254925 -1.45613 -0.153164
-0.398514 -1.50361 -0.184323
-0.550657 -1.54808 -0.215872
-0.708885 -1.58543 -0.245583
-0.866024 -1.61199 -0.272015
-1.01581 -1.62596 -0.294831
-1.15864 -1.62696 -0.313873
-1.29732 -1.616 -0.329659
-1.43037 -1.59515 -0.342433
-1.55189 -1.56674 -0.351967
-1.65527 -1.53304 -0.357919
-1.73452 -1.4958 -0.359744
-1.78468 -1.45626 -0.356654
-1.80539 -1.41571 -0.348179
-1.80293 -1.3754 -0.334855
-1.7841 -1.33556 -0.317961
-1.75228 -1.29501 -0.297957
-1.71427 -1.25184 -0.275599
-1.68143 -1.20434 -0.251821
-1.66005 -1.15129 -0.227481
-1.64841 -1.09208 -0.202588
-1.64294 -1.02689 -0.175633
-1.6408 -0.956641 -0.14681
-1.64016 -0.882111 -0.116435
-1.64257 -0.803194 -0.0832375
-1.65135 -0.719995 -0.0472032
-1.66554 -0.633017 -0.00983544
-1.67906 -0.542142 0.0289434
-1.68633 -0.447493 0.0721185
-1.68405 -0.349996 0.122275
-1.66619 -0.250594 0.180444
-1.62355 -0.149858 0.246816
-1.55199 -0.0479314 0.318905
-1.4555 0.05452 0.39316
-1.34003 0.155726 0.467102
-1.20971 0.253497 0.539092
-1.06939 0.345846 0.607261
-0.925285 0.43161 0.669714
-0.781237 0.510812 0.725757
-0.640062 0.58432 0.776005
-0.506222 0.653328 0.820748
-0.381481 0.719262 0.859597
-0.262656 0.783624 0.892936
-0.147392 0.847438 0.921641
-0.0369721 0.910382 0.947035
0.0677829 0.969378 0.973747
0.166495 1.01841 1.00902
0.255811 1.05436 1.04682
0.331508 1.07915 1.0761
0.392769 1.09356 1.09488
0.441613 1.0971 1.10248
0.480552 1.0908 1.09932
0.513789 1.07712 1.08738
0.547255 1.05939 1.06974
0.585417 1.04021 1.04953
0.630267 1.021 1.0292
0.682654 1.00231 1.01047
0.742956 0.984707 0.994586
0.809723 0.968656 0.982417
0.878307 0.953263 0.973766
0.942507 0.935923 0.966754
0.998459 0.914303 0.958274
1.04679 0.887715 0.945809
1.09084 0.856096 0.928505
1.13397 0.818985 0.906296
1.17775 0.775864 0.87879
1.22088 0.727066 0.845693
1.25969 0.673987 0.80846
1.29015 0.618694 0.769403
1.3098 0.563536 0.72956
1.31789 0.51025 0.689339
1.31505 0.459419 0.649577
1.30341 0.410878 0.610807
1.28587 0.364055 0.573068
1.26612 0.317907 0.536714
1.24864 0.271342 0.502343
1.23644 0.223783 0.47031
1.23066 0.1748 0.440725
1.23185 0.123915 0.413634
1.2387 0.0708923 0.388826
1.24674 0.0159666 0.365682
1.24973 -0.0398367 0.343184
1.24199 -0.0943707 0.320422
1.21999 -0.145035 0.296765
1.18239 -0.190303 0.271547
1.12988 -0.229921 0.244459
1.06534 -0.264147 0.215953
0.992412 -0.294016 0.186661
0.913038 -0.321483 0.157057
0.827638 -0.348973 0.12748
0.737959 -0.378646 0.0980378
0.647449 -0.411343 0.0692281
0.560047 -0.446256 0.0423631
0.479549 -0.481433 0.0191506
0.408382 -0.515001 0.000636492
0.34584 -0.545935 -0.0133556
0.287481 -0.573358 -0.0237309
0.227855 -0.596642 -0.0323236
0.162772 -0.615614 -0.0416132
0.0885889 -0.629882 -0.0529323
0.00328693 -0.63963 -0.0664289
-0.0914146 -0.645857 -0.081858
-0.190396 -0.649059 -0.0982948
-0.287795 -0.648948 -0.114194
-0.380223 -0.645988 -0.128397
-0.467915 -0.642765 -0.141132
-0.552736 -0.643076 -0.153607
-0.635333 -0.648843 -0.1662
-0.714539 -0.65878 -0.178292
-0.788275 -0.670458 -0.189357
-0.853884 -0.681141 -0.19826
-0.909176 -0.687817 -0.204037
-0.954958 -0.688371 -0.206842
-0.994608 -0.681805 -0.20703
-1.03053 -0.667994 -0.204925
-1.0631 -0.647921 -0.200656
-1.092 -0.623264 -0.194099
-1.11711 -0.595937 -0.185401
-1.13813 -0.567967 -0.175083
-1.154 -0.540893 -0.163714
-1.16337 -0.515349 -0.151565
-1.16527 -0.49117 -0.138484
-1.15935 -0.46771 -0.124335
-1.14634 -0.444362 -0.109108
-1.12828 -0.420856 -0.0929017
-1.10757 -0.397294 -0.076329
-1.08529 -0.373886 -0.0601251
-1.06019 -0.350559 -0.0442325
-1.02994 -0.326412 -0.0279199
-0.993555 -0.299091 -0.0100784
-0.952298 -0.266146 0.0103941
-0.90864 -0.227367 0.0334938
-0.864802 -0.184545 0.0580133
-0.821736 -0.140105 0.0824053
-0.779745 -0.0964416 0.105109
-0.740181 -0.0554874 0.124488
-0.706042 -0.01951 0.139188
-0.679323 0.00904287 0.149389
-0.65797 0.0297411 0.156282
-0.638483 0.0444747 0.160487
-0.618107 0.0571062 0.163159
-0.59318 0.0717428 0.166346
-0.561192 0.0900868 0.171671
-0.522627 0.112398 0.180032
-0.478426 0.138108 0.191486
-0.428883 0.16555 0.205117
-0.374556 0.19278 0.219305
-0.316512 0.217741 0.231661
-0.257684 0.237427 0.239737
-0.202786 0.249047 0.243219
-0.1535 0.252979 0.243324
-0.10713 0.252029 0.241171
-0.060266 0.249116 0.238278
-0.0108079 0.246326 0.23583
0.0417025 0.244177 0.233921
0.0960258 0.242306 0.232211
0.148656 0.240665 0.230334
0.194653 0.239369 0.227792
0.231645 0.238106 0.22409
0.261189 0.235999 0.219113
0.285601 0.231874 0.213137
0.306422 0.224849 0.206635
0.32539 0.214869 0.199892
0.344817 0.202708 0.193576
0.367064 0.189552 0.188681
0.393794 0.176632 0.1858
0.425581 0.164813 0.185349
0.462047 0.154131 0.187615
0.501976 0.143859 0.192066
0.54371 0.132958 0.197746
0.585705 0.120619 0.203842
0.626782 0.106698 0.209378
0.665889 0.0914956 0.213751
0.702061 0.075396 0.21677
0.73463 0.0586372 0.218245
0.762515 0.0411881 0.217879
0.783768 0.0229841 0.215217
0.796687 0.00401332 0.209811
0.801218 -0.0156203 0.201675
0.798818 -0.035555 0.191625
0.790585 -0.0552492 0.180824
0.77578 -0.0740467 0.16981
0.753082 -0.0912787 0.158475
0.723091 -0.106524 0.146643
0.687962 -0.119829 0.134352
0.649432 -0.131922 0.12177
0.608967 -0.14413 0.108998
0.568622 -0.15751 0.0961492
0.530742 -0.172135 0.0836258
0.497217 -0.187351 0.0721059
0.468756 -0.202234 0.0622068
0.444381 -0.215834 0.0541564
0.422176 -0.227647 0.0477079
0.401128 -0.237795 0.0424048
0.381186 -0.24634 0.0378078
0.36137 -0.252977 0.033514
0.339416 -0.257505 0.0291212
0.313287 -0.260121 0.0242019
0.281984 -0.261136 0.0183843
0.245111 -0.260631 0.0116358
0.202494 -0.258709 0.00420086
0.15436 -0.255914 -0.00377984
0.101699 -0.252998 -0.0122605
0.0464574 -0.250277 -0.0208987
-0.00934035 -0.247398 -0.0290291
-0.0644348 -0.243693 -0.0360083
-0.117227 -0.238402 -0.0412356
-0.165134 -0.23075 -0.0440233
-0.206397 -0.220308 -0.0439626
-0.241411 -0.207171 -0.0411408
-0.271567 -0.191715 -0.0358077
-0.297706 -0.174287 -0.027951
-0.320088 -0.155157 -0.0175971
-0.33864 -0.134657 -0.00526586
-0.352542 -0.113266 0.00871608
-0.361022 -0.0915671 0.0242673
-0.365269 -0.0702098 0.0407867
-0.368407 -0.0499203 0.0574006
-0.373999 -0.0311036 0.0732892
-0.384955 -0.0134743 0.0878318
-0.402317 0.00369111 0.100829
-0.424347 0.0210203 0.112455
-0.447732 0.0386227 0.12313
-0.470304 0.0560902 0.133061
-0.492078 0.0728032 0.142004
-0.513728 0.0880542 0.14957
-0.535224 0.101082 0.155675
-0.556193 0.11136 0.160633
-0.576047 0.118918 0.164901
-0.592894 0.124224 0.168972
-0.603571 0.127808 0.173406
-0.605614 0.13012 0.178542
-0.59864 0.131447 0.184154
-0.583982 0.131794 0.189643
-0.563814 0.131045 0.194424
-0.540039 0.129324 0.198113
-0.513398 0.12691 0.200637
-0.484219 0.123834 0.202024
-0.453926 0.119707 0.201985
-0.425168 0.113977 0.199852
-0.40074 0.106256 0.194824
-0.382899 0.0965304 0.18618
-0.372914 0.0852663 0.173814
-0.370209 0.0731422 0.158534
-0.372706 0.0604696 0.141379
-0.378855 0.0467557 0.122729
-0.38843 0.0310703 0.102141
-0.401191 0.012829 0.0793215
-0.414678 -0.00785542 0.0555278
-0.423195 -0.0302462 0.0330839
-0.420577 -0.0530475 0.0140433
-0.403047 -0.0747799 -0.000453411
-0.369242 -0.0944362 -0.0101965
-0.320649 -0.111876 -0.0152664
-0.261106 -0.127796 -0.0163841
-0.195015 -0.143241 -0.0151293
-0.126719 -0.158969 -0.0128513
-0.0602843 -0.174892 -0.0100866
0.000987687 -0.19028 -0.00724083
0.0549234 -0.204445 -0.0048995
0.100126 -0.216962 -0.00337957
0.135836 -0.227676 -0.00266335
0.162276 -0.236962 -0.00276564
0.180575 -0.245708 -0.0037767
0.192671 -0.254602 -0.00550908
0.201005 -0.263669 -0.00743693
0.207683 -0.272413 -0.00901669
0.214289 -0.280074 -0.00986754
0.222614 -0.285818 -0.00962181
0.2343 -0.289076 -0.00795564
0.249716 -0.290084 -0.0049003
0.268263 -0.289911 -0.000878734
0.28949 -0.289662 0.00368963
0.313074 -0.289775 0.0086275
0.337952 -0.290228 0.0138196
0.362674 -0.29096 0.019019
0.386278 -0.291889 0.0239571
0.407831 -0.292836 0.0284128
0.42606 -0.293549 0.0321574
0.440071 -0.293793 0.0350249
0.449677 -0.293289 0.0370253
0.454855 -0.291485 0.0383491
0.455403 -0.287648 0.03924
0.450993 -0.281246 0.0398455
0.441258 -0.272372 0.0401068
0.426003 -0.261826 0.0397567
0.405175 -0.250588 0.0385203
0.37888 -0.239336 0.0362521
0.347869 -0.228142 0.0330115
0.313819 -0.216367 0.0292057
0.278857 -0.203097 0.0255355
0.244777 -0.187761 0.0226693
0.212958 -0.170579 0.0210152
0.184863 -0.152304 0.0209133
0.162009 -0.133556 0.0227702
0.145284 -0.114403 0.0269927
0.134343 -0.0942185 0.0337701
0.127922 -0.0721141 0.0432382
0.124348 -0.0474087 0.0556529
0.121618 -0.0199557 0.0706568
0.117248 0.00948358 0.0871181
0.108122 0.0394098 0.103607
0.0911877 0.0680513 0.118679
0.0645832 0.0939819 0.13119
0.0284993 0.116698 0.140626
-0.0148357 0.136572 0.147467
-0.0623466 0.154581 0.152971
-0.111447 0.17225 0.158453
-0.160095 0.190928 0.164906
-0.20622 0.210873 0.172763
-0.247917 0.231269 0.181915
-0.283478 0.250509 0.192062
-0.311091 0.26672 0.202795
-0.329105 0.278507 0.213732
-0.336873 0.285383 0.224643
-0.335382 0.287788 0.235286
-0.326997 0.286748 0.245257
-0.314758 0.283455 0.254107
-0.301707 0.279044 0.261483
-0.290616 0.274389 0.267121
-0.283841 0.26987 0.270801
-0.282736 0.265495 0.272291
-0.287142 0.261082 0.271442
-0.29574 0.256221 0.268264
-0.307411 0.250361 0.262863
-0.322409 0.242842 0.25519
-0.341843 0.232801 0.244906
-0.365779 0.219356 0.231765
-0.392063 0.202047 0.216126
-0.417142 0.18112 0.198935
-0.437558 0.157423 0.181257
-0.450719 0.132122 0.163896
-0.455467 0.10634 0.147296
-0.452443 0.0808547 0.131644
-0.44341 0.0558816 0.11691
-0.430048 0.0309218 0.102724
-0.413455 0.00490219 0.0884821
-0.39485 -0.0233241 0.0735507
-0.37641 -0.0544634 0.0573026
-0.36055 -0.0885536 0.039288
-0.348425 -0.124937 0.0198619
-0.340075 -0.162329 -0.000100733
-0.335317 -0.199177 -0.0201793
-0.333409 -0.234377 -0.0400547
-0.332366 -0.267604 -0.0586751
-0.329402 -0.29901 -0.074951
-0.322535 -0.328815 -0.0886429
-0.31115 -0.356923 -0.0997566
-0.295321 -0.383021 -0.108222
-0.275465 -0.406725 -0.113746
-0.252264 -0.427448 -0.116098
-0.226529 -0.444795 -0.115845
-0.198812 -0.458909 -0.114017
-0.168996 -0.470127 -0.111318
-0.136551 -0.478682 -0.107901
-0.101886 -0.484925 -0.103779
-0.0670384 -0.489596 -0.0991995
-0.0343842 -0.493488 -0.0945661
-0.00521401 -0.496838 -0.0901027
0.0202009 -0.499167 -0.0858053
0.0418462 -0.499636 -0.0816097
0.0597217 -0.497633 -0.0775691
0.0738199 -0.493104 -0.0738945
0.0840918 -0.486397 -0.0708447
0.0908818 -0.478142 -0.0685451
0.0951653 -0.469196 -0.0668698
0.0979517 -0.460156 -0.0654395
0.0998936 -0.450934 -0.0637683
0.101604 -0.440891 -0.0614595
0.103901 -0.429169 -0.0582572
0.10779 -0.414993 -0.0540264
0.114162 -0.39787 -0.0487187
0.123218 -0.377791 -0.0423182
0.134179 -0.35537 -0.0349797
0.145641 -0.331499 -0.0271058
0.156163 -0.306739 -0.0190425
0.164636 -0.281215 -0.0108968
0.170359 -0.254983 -0.00268699
0.17309 -0.228155 0.00568324
0.173097 -0.200758 0.0143697
0.170609 -0.172813 0.0233492
0.165041 -0.14434 0.0326922
0.15539 -0.115154 0.042539
0.141495 -0.0850333 0.0527215
0.123793 -0.0539448 0.0631096
0.102305 -0.0219794 0.0735141
0.0774031 0.0103713 0.0835431
0.0501833 0.0420595 0.093011
0.021312 0.0718529 0.101801
-0.00908557 0.0988161 0.109698
-0.040275 0.122637 0.116738
-0.0704788 0.143524 0.123555
-0.0978249 0.162151 0.130977
-0.121012 0.179546 0.139517
-0.138988 0.196464 0.149425
-0.150747 0.213153 0.160681
-0.155762 0.229528 0.173091
-0.154731 0.245141 0.186374
-0.149407 0.259303 0.199989
-0.141441 0.271422 0.213264
-0.131788 0.281174 0.22571
-0.121164 0.288511 0.23702
-0.110503 0.293542 0.246913
-0.100936 0.296336 0.25506
-0.0936807 0.296894 0.261091
-0.0898152 0.295174 0.264621
-0.0901001 0.29123 0.265377
-0.0948883 0.285407 0.263367
-0.104047 0.278315 0.258897
-0.117045 0.270678 0.252463
-0.133027 0.262888 0.244534
-0.150826 0.254704 0.235333
-0.169333 0.245361 0.224831
-0.187848 0.233742 0.212908
-0.205654 0.218645 0.199518
-0.221288 0.199229 0.184807
-0.232764 0.175751 0.169273
-0.238719 0.149724 0.15381
-0.239006 0.122998 0.139358
-0.234406 0.096988 0.126453
-0.22576 0.0723015 0.115102
-0.213454 0.0486109 0.104853
-0.198122 0.024896 0.0949155
-0.181386 -5.7366e-05 0.0844196
-0.165887 -0.0269499 0.0726455
-0.154553 -0.0555896 0.0592215
-0.149656 -0.085157 0.044309
-0.152397 -0.114678 0.0280731
-0.162532 -0.143176 0.0106281
-0.178194 -0.169822 -0.00741493
-0.196637 -0.19423 -0.0251746
-0.215101 -0.216451 -0.0416719
-0.231277 -0.23672 -0.0559373
-0.24387 -0.255408 -0.0677482
-0.252394 -0.272931 -0.0774376
-0.256226 -0.289458 -0.0851267
-0.254377 -0.304774 -0.0905231
-0.245702 -0.318357 -0.0932614
-0.229418 -0.329562 -0.0933248
-0.205866 -0.337741 -0.0909761
-0.17714 -0.342533 -0.0866986
-0.146768 -0.344098 -0.0811919
-0.1183 -0.343142 -0.07531
-0.0941257 -0.340805 -0.0698572
-0.0750895 -0.338242 -0.0653896
-0.0607903 -0.336125 -0.0620853
-0.0506027 -0.334456 -0.059828
-0.0444539 -0.332802 -0.058418
-0.0422655 -0.330524 -0.0576173
-0.0429816 -0.326781 -0.056952
-0.044711 -0.320893 -0.0557574
-0.0457368 -0.312828 -0.0535463
-0.0450012 -0.303071 -0.0501754
-0.0420124 -0.29214 -0.0457207
-0.0368011 -0.280242 -0.0403749
-0.02958 -0.267281 -0.0342911
-0.0202655 -0.253024 -0.0274685
-0.00863036 -0.237401 -0.0198678
0.00490756 -0.220721 -0.0115279
0.0187705 -0.203486 -0.00280021
0.0309311 -0.186053 0.00572952
0.040057 -0.168381 0.0137802
0.0457129 -0.150109 0.0214959
0.0481482 -0.130958 0.0290749
0.0479775 -0.111017 0.036529
0.0453649 -0.0907852 0.0436696
0.0394715 -0.0710206 0.0500785
0.0291049 -0.0524335 0.0552443
0.0141769 -0.0354019 0.0589157
-0.0036315 -0.0196833 0.0614221
-0.0216295 -0.00443489 0.0636053
-0.0373683 0.0112129 0.0663585
-0.0495019 0.0275019 0.0701977
-0.0578486 0.04399 0.0751515
-0.0628703 0.0599559 0.0809736
-0.0650767 0.0746512 0.0873856
-0.0645517 0.0874497 0.0941686
-0.0611551 0.098032 0.101123
-0.0553225 0.106528 0.107988
-0.048323 0.113587 0.114513
-0.041755 0.120227 0.1206
-0.0371466 0.127365 0.126289
-0.0359185 0.135325 0.131535
-0.0390341 0.143677 0.136063
-0.0464927 0.151408 0.1395
-0.0573041 0.157352 0.141571
-0.0697745 0.160769 0.142289
-0.0820483 0.161807 0.142078
-0.0928668 0.161398 0.14164
-0.101913 0.160494 0.141565
-0.109262 0.159384 0.142032
-0.114682 0.157658 0.142852
-0.117637 0.15465 0.143685
-0.117696 0.149893 0.144242
-0.114981 0.143299 0.144367
-0.11043 0.135149 0.143954
-0.105617 0.125988 0.142877
-0.102193 0.116344 0.14099
-0.101253 0.106414 0.13814
-0.103162 0.0959841 0.134165
-0.107856 0.0846325 0.128864
-0.115092 0.0719587 0.122074
-0.12444 0.0577731 0.113817
-0.135433 0.0423239 0.104332
-0.147924 0.0262254 0.093992
-0.16201 0.00999063 0.0831017
-0.177356 -0.00622846 0.0718152
-0.19288 -0.0225171 0.0602414
-0.207297 -0.0390043 0.0485992
-0.219762 -0.055673 0.0372243
-0.229871 -0.0723951 0.0263183
-0.237443 -0.0890088 0.0159713
-0.242646 -0.105356 0.00630706
-0.246086 -0.121355 -0.00264287
-0.248371 -0.136929 -0.0109313
-0.249449 -0.151859 -0.0185022
-0.248732 -0.165707 -0.0251648
-0.246029 -0.178029 -0.0307794
-0.241766 -0.188695 -0.0353794
-0.23638 -0.198051 -0.039113
-0.230167 -0.206878 -0.0421898
-0.223716 -0.215984 -0.0449504
-0.217858 -0.225729 -0.0477188
-0.213002 -0.235845 -0.0505584
-0.208775 -0.245557 -0.0532616
-0.204371 -0.2539 -0.0554935
-0.199189 -0.260213 -0.0570085
-0.192942 -0.264663 -0.0578217
-0.185258 -0.268087 -0.0581121
-0.175691 -0.271294 -0.057968
-0.163999 -0.274714 -0.0573468
-0.150125 -0.278304 -0.0561478
-0.134235 -0.281632 -0.0542705
-0.116844 -0.284181 -0.0517347
-0.0985854 -0.285542 -0.0487036
-0.0800925 -0.285481 -0.0453777
-0.062396 -0.283983 -0.0419816
-0.0469507 -0.281255 -0.0388178
-0.0350061 -0.277576 -0.036173
-0.0266486 -0.273226 -0.0341622
-0.0208787 -0.268461 -0.0326696
