-8.32244e-07 -9.36684e-09 -0.0555706
-0.000193213 -0.000126362 -0.055573
-0.000919328 -0.000551701 -0.0555742
-0.00222075 -0.00117218 -0.0555449
-0.00388945 -0.00172651 -0.0554535
-0.00594986 -0.00211729 -0.0553215
-0.00891283 -0.00241559 -0.0552284
-0.0134374 -0.00259912 -0.0552499
-0.0195204 -0.00251693 -0.0553754
-0.0260344 -0.00224108 -0.0555452
-0.0311183 -0.00194025 -0.0557495
-0.0334728 -0.00158293 -0.0559922
-0.0336639 -0.0015855 -0.0562502
-0.0333755 -0.00285888 -0.0564431
-0.0335131 -0.00518659 -0.0563627
-0.0340106 -0.00647217 -0.0558561
-0.0344625 -0.00501301 -0.0551567
-0.0342981 -0.00188851 -0.0548238
-0.0334155 0.00109359 -0.0552119
-0.0324836 0.00403413 -0.056183
-0.0318213 0.0072765 -0.0574434
-0.0302911 0.0103067 -0.0586501
-0.0263434 0.0136107 -0.0593084
-0.0202365 0.0178293 -0.0593337
-0.0136548 0.0204842 -0.0592194
-0.00810242 0.0180833 -0.0591464
-0.00444475 0.0123186 -0.0586611
-0.00213978 0.00857402 -0.0575143
0.000813376 0.00766146 -0.0561828
0.00669421 0.00578426 -0.0551928
0.0165934 0.00213621 -0.0545995
0.0291451 -0.000419968 -0.0544225
0.041271 -0.00118418 -0.0546524
0.050286 -0.0018727 -0.0548904
0.0538823 -0.0016524 -0.0547864
0.0506308 0.00228393 -0.0545611
0.0426213 0.00932814 -0.0547721
0.0344899 0.0153046 -0.0556757
0.0303594 0.0168419 -0.0569945
0.0312472 0.0130618 -0.0582756
0.0327957 0.00475846 -0.0588774
0.0295582 -0.00554985 -0.0578916
0.021763 -0.0138662 -0.0550266
0.0132601 -0.0182665 -0.0512905
0.00600591 -0.0226647 -0.0484375
-0.000921027 -0.0323712 -0.0477209
-0.00995143 -0.0447859 -0.0486811
-0.0225766 -0.0507826 -0.0495998
-0.036232 -0.0460342 -0.0497113
-0.0445344 -0.0355744 -0.0497952
-0.0446393 -0.0263013 -0.0506657
-0.0423614 -0.0193084 -0.0525321
-0.0453618 -0.0116771 -0.0552429
-0.0556762 -0.00198385 -0.0580589
-0.0702003 0.00832394 -0.0599154
-0.0831723 0.0165654 -0.0607321
-0.0890136 0.0197879 -0.0613139
-0.085921 0.0155641 -0.061601
-0.0753383 0.0040398 -0.0606152
-0.058863 -0.011073 -0.0580647
-0.0399129 -0.0247735 -0.0543966
-0.0253257 -0.0342423 -0.0502912
-0.0210832 -0.0403294 -0.0470196
-0.0276509 -0.0452816 -0.0458279
-0.0377143 -0.0487478 -0.046551
-0.0411588 -0.0488908 -0.0481041
-0.0346311 -0.046934 -0.0498439
-0.0222662 -0.0460937 -0.051294
-0.0105461 -0.0465839 -0.0516945
-0.00443759 -0.0464152 -0.0506833
-0.00506028 -0.0469678 -0.0489007
-0.0116857 -0.0520313 -0.0474256
-0.0246205 -0.0610483 -0.0465857
-0.0434397 -0.0689075 -0.045919
-0.0639424 -0.0726834 -0.0452187
-0.0779268 -0.0732187 -0.0448116
-0.0788446 -0.0711039 -0.0448829
-0.0676363 -0.0674584 -0.0455389
-0.0513249 -0.0661475 -0.0469723
-0.0392512 -0.0686657 -0.048367
-0.0380278 -0.070669 -0.0492505
-0.047088 -0.0694636 -0.0491011
-0.0594613 -0.0685299 -0.0476819
-0.0694197 -0.0704726 -0.045695
-0.0785398 -0.0732321 -0.0441217
-0.0886954 -0.0757366 -0.0438906
-0.0976257 -0.0802202 -0.0449387
-0.103348 -0.0865022 -0.0455635
-0.105841 -0.0897489 -0.0449267
-0.107034 -0.0864965 -0.0442754
-0.109325 -0.0784111 -0.0445503
-0.11435 -0.0676902 -0.0457379
-0.121302 -0.0529854 -0.0478259
-0.126558 -0.034798 -0.0512804
-0.126265 -0.0197629 -0.0554589
-0.11785 -0.011531 -0.0588923
-0.101492 -0.00570755 -0.0606358
-0.0766861 0.00248285 -0.0607394
-0.0417331 0.0134738 -0.0594482
-0.000635972 0.0253983 -0.0575651
0.0369727 0.0363282 -0.0571281
0.0627087 0.0432099 -0.0595006
0.0777281 0.0429183 -0.0631288
0.0904069 0.0379634 -0.0651134
0.104699 0.0368474 -0.0640559
0.1171 0.0445408 -0.0614641
0.122605 0.0544133 -0.0592539
0.121732 0.0549909 -0.0577557
0.117813 0.0449589 -0.0571876
0.111941 0.0325145 -0.0580305
0.104332 0.0205605 -0.059485
0.0949415 0.00591089 -0.059426
0.0831231 -0.00874403 -0.0561979
0.0656655 -0.0177313 -0.0510612
0.0415455 -0.0248586 -0.0472698
0.0175059 -0.0392555 -0.0456925
-0.00211309 -0.0603881 -0.045211
-0.0228796 -0.0782175 -0.0449779
-0.054051 -0.0872252 -0.0450053
-0.0983678 -0.0892188 -0.0451159
-0.147865 -0.0867559 -0.0442088
-0.192145 -0.0832705 -0.0431088
-0.224043 -0.0838555 -0.04353
-0.239065 -0.0903915 -0.0446226
-0.240801 -0.0991526 -0.0437395
-0.242478 -0.105634 -0.0417081
-0.255308 -0.110234 -0.0407206
-0.280948 -0.115668 -0.0393423
-0.312739 -0.119418 -0.0361893
-0.340893 -0.116442 -0.033539
-0.356733 -0.109199 -0.0338371
-0.352303 -0.105464 -0.0377432
-0.328601 -0.106685 -0.0423941
-0.296123 -0.106318 -0.0439843
-0.261708 -0.0981614 -0.0435378
-0.22962 -0.0813645 -0.0419796
-0.203501 -0.0584098 -0.0404178
-0.17933 -0.0321153 -0.042205
-0.150412 -0.00403142 -0.0478588
-0.115484 0.0256731 -0.0563812
-0.0772849 0.055343 -0.0659085
-0.035311 0.0810322 -0.0732018
0.0139805 0.100435 -0.0774408
0.0700024 0.114952 -0.0779492
0.129073 0.125954 -0.0750256
0.186047 0.131644 -0.0721197
0.234269 0.129219 -0.0704768
0.268108 0.118004 -0.0699687
0.28557 0.100851 -0.0700867
0.287681 0.083325 -0.0701906
0.274775 0.0694347 -0.0695404
0.249772 0.0591307 -0.0665176
0.219937 0.0507324 -0.0621522
0.188327 0.0424964 -0.0585856
0.153393 0.0330124 -0.0565924
0.115263 0.0227326 -0.0563319
0.0748953 0.0148569 -0.0572004
0.0329177 0.0147851 -0.0576427
-0.00982901 0.0265477 -0.0574003
-0.0514848 0.0492256 -0.0574028
-0.0916533 0.0797325 -0.0605371
-0.134674 0.117338 -0.0667218
-0.181979 0.165593 -0.0750734
-0.227605 0.2307 -0.08572
-0.26409 0.317091 -0.0963217
-0.282538 0.425835 -0.105989
-0.275942 0.554966 -0.115576
-0.242449 0.699959 -0.125533
-0.179478 0.854201 -0.136165
-0.0844213 1.00886 -0.146849
0.0458822 1.15376 -0.156788
0.216371 1.27973 -0.165333
0.429039 1.38129 -0.17019
0.684939 1.45757 -0.170691
0.982926 1.50994 -0.167762
1.31769 1.53915 -0.160842
1.68735 1.54393 -0.148854
2.09234 1.52189 -0.13003
2.53272 1.47054 -0.103909
3.01179 1.38901 -0.0683664
3.53506 1.2798 -0.0191589
4.10472 1.14951 0.0457823
4.72001 1.00863 0.126682
5.38303 0.86953 0.217451
6.09429 0.746202 0.308564
6.84311 0.652806 0.394364
7.60542 0.595334 0.470894
8.34639 0.565205 0.531906
9.02641 0.548468 0.571361
9.60709 0.538632 0.587523
10.056 0.538354 0.583387
10.3511 0.555865 0.563766
10.4824 0.600602 0.534796
10.4533 0.680173 0.503032
10.2803 0.799332 0.472147
9.98792 0.959647 0.441333
9.6009 1.15676 0.405269
9.15042 1.37005 0.357224
8.70086 1.56179 0.295697
8.3301 1.70077 0.225666
8.07154 1.78008 0.145287
7.9158 1.80701 0.0489819
7.84719 1.78249 -0.0511639
7.84496 1.69127 -0.141798
7.86572 1.51107 -0.196003
7.85353 1.24208 -0.187124
7.75751 0.913688 -0.141303
7.52981 0.557611 -0.0913166
7.13439 0.195751 -0.0492515
6.55054 -0.158885 -0.027966
5.7661 -0.498049 -0.0177754
4.79445 -0.823512 0.0162615
3.67824 -1.14785 0.0918081
2.47031 -1.47521 0.207507
1.21634 -1.79533 0.343263
-0.0558488 -2.0976 0.466533
-1.32808 -2.37714 0.571013
-2.58523 -2.63292 0.650587
-3.80182 -2.87094 0.698366
-4.94041 -3.09969 0.734517
-5.97039 -3.31905 0.776172
-6.87996 -3.5219 0.822683
-7.68111 -3.70916 0.882173
-8.3845 -3.89266 0.96738
-9.01586 -4.08367 1.07178
-9.63044 -4.27875 1.20118
-10.2291 -4.45698 1.35515
-10.8089 -4.5945 1.49381
-11.4191 -4.67802 1.61586
-12.0491 -4.70684 1.73382
-12.6668 -4.68557 1.82808
-13.2775 -4.62066 1.89304
-13.867 -4.52262 1.93229
-14.4185 -4.40366 1.94321
-14.9262 -4.27308 1.92864
-15.37 -4.13693 1.8998
-15.7409 -4.00201 1.86125
-16.0582 -3.87395 1.82225
-16.3434 -3.74943 1.79096
-16.614 -3.6165 1.76506
-16.8852 -3.46228 1.74377
-17.1614 -3.28301 1.72423
-17.4449 -3.08809 1.70029
-17.734 -2.89214 1.67228
-18.0101 -2.70387 1.64345
-18.2495 -2.52341 1.6156
-18.4329 -2.3479 1.59182
-18.5451 -2.1778 1.57453
-18.58 -2.01749 1.56302
-18.5336 -1.87174 1.55468
-18.4022 -1.74399 1.54613
-18.189 -1.63779 1.53391
-17.8964 -1.55955 1.5165
-17.5245 -1.51938 1.49397
-17.08 -1.52474 1.46805
-16.5769 -1.56755 1.44229
-16.0362 -1.6207 1.41916
-15.4795 -1.65466 1.39609
-14.922 -1.65351 1.36814
-14.3746 -1.61768 1.33078
-13.8363 -1.55731 1.27809
-13.2894 -1.48277 1.2114
-12.7106 -1.39923 1.13689
-12.079 -1.30766 1.06284
-11.3732 -1.21052 0.99582
-10.5819 -1.11026 0.931488
-9.71924 -1.00543 0.865943
-8.81713 -0.894076 0.802178
-7.90803 -0.77358 0.745596
-7.018 -0.638155 0.69831
-6.16446 -0.482917 0.656827
-5.35704 -0.307922 0.61832
-4.59651 -0.118743 0.584113
-3.86933 0.0773276 0.555516
-3.15877 0.279538 0.531751
-2.45897 0.493451 0.512267
-1.76928 0.723753 0.497967
-1.08473 0.971876 0.485869
-0.40164 1.23414 0.473247
0.272087 1.49762 0.459885
0.924405 1.74496 0.442957
1.55046 1.96542 0.420989
2.151 2.15833 0.395556
2.72899 2.32916 0.368901
3.2892 2.48638 0.344636
3.83487 2.63906 0.326195
4.36352 2.79208 0.315046
4.86928 2.94263 0.311574
5.34744 3.08273 0.314469
5.79219 3.20606 0.320218
6.19426 3.31235 0.325792
6.54554 3.40718 0.330666
6.84319 3.49782 0.335576
7.08746 3.58804 0.340926
7.27854 3.6768 0.345922
7.41772 3.75915 0.350696
7.50932 3.82799 0.35653
7.55861 3.87704 0.362052
7.57077 3.9036 0.365142
7.55462 3.90827 0.365537
7.52298 3.89161 0.363977
7.48618 3.8525 0.360263
7.44913 3.79035 0.352612
7.41426 3.70774 0.340924
7.38183 3.60992 0.327065
7.34968 3.50289 0.313104
7.31599 3.39225 0.300742
7.27861 3.28266 0.290749
7.23157 3.17743 0.283274
7.16598 3.0778 0.278046
7.06998 2.9818 0.274091
6.92658 2.88507 0.26967
6.71848 2.78388 0.262489
6.43596 2.67915 0.250826
6.07793 2.57867 0.234577
5.64956 2.49379 0.21559
5.16319 2.43388 0.197311
4.63829 2.40416 0.182356
4.09598 2.40642 0.170605
3.55545 2.43971 0.159702
3.03307 2.50082 0.146072
2.53869 2.5841 0.125274
2.07284 2.67926 0.0937965
1.6291 2.77072 0.0511606
1.19619 2.84163 -0.000185393
0.759499 2.87758 -0.0500866
0.307772 2.87079 -0.0807373
-0.162856 2.82443 -0.0908981
-0.650765 2.74387 -0.0878504
-1.15354 2.62841 -0.070102
-1.67009 2.47288 -0.0393972
-2.19318 2.26865 0.000519963
-2.70801 2.00793 0.0469715
-3.20017 1.68749 0.0992665
-3.65635 1.31113 0.15783
-4.06152 0.889212 0.222879
-4.40609 0.432697 0.29565
-4.69863 -0.0539729 0.375715
-4.96311 -0.573385 0.45898
-5.21848 -1.12569 0.549073
-5.4702 -1.70243 0.646769
-5.71809 -2.29568 0.746824
-5.95857 -2.90724 0.851196
-6.17989 -3.54173 0.965003
-6.36335 -4.19291 1.09199
-6.49451 -4.83998 1.23203
-6.56992 -5.45683 1.38177
-6.59727 -6.02528 1.5353
-6.5958 -6.54059 1.68778
-6.58947 -7.00708 1.83478
-6.59672 -7.43244 1.97156
-6.62755 -7.82447 2.09365
-6.68502 -8.18885 2.19885
-6.76466 -8.52619 2.2887
-6.85606 -8.83123 2.36582
-6.95084 -9.09708 2.43262
-7.04733 -9.32013 2.49037
-7.14672 -9.50159 2.53785
-7.2509 -9.64717 2.57284
-7.3649 -9.76487 2.59412
-7.49302 -9.86013 2.60302
-7.63398 -9.93307 2.60111
-7.78337 -9.97855 2.59078
-7.93714 -9.98861 2.57513
-8.09436 -9.95662 2.55624
-8.25607 -9.87868 2.53492
-8.42043 -9.75222 2.5114
-8.58353 -9.57536 2.4847
-8.74317 -9.34827 2.45253
-8.89711 -9.07451 2.41287
-9.03924 -8.76194 2.36284
-9.163 -8.42319 2.29953
-9.26607 -8.07221 2.22211
-9.3482 -7.71838 2.13198
-9.40769 -7.36413 2.03222
-9.43995 -7.00575 1.92674
-9.4385 -6.63556 1.81907
-9.39715 -6.24406 1.71249
-9.31116 -5.82111 1.60886
-9.17762 -5.3579 1.50781
-8.99556 -4.84948 1.40678
-8.76506 -4.29563 1.30215
-8.48724 -3.69899 1.19095
-8.16428 -3.06303 1.0718
-7.79801 -2.39187 0.944679
-7.392 -1.6917 0.810739
-6.95927 -0.975278 0.672495
-6.52433 -0.263669 0.535466
-6.11184 0.42285 0.410142
-5.738 1.07589 0.308686
-5.41747 1.69886 0.230123
-5.16481 2.30098 0.166441
-4.97927 2.89292 0.114757
-4.83885 3.48133 0.073302
-4.71202 4.06502 0.0396578
-4.56698 4.63569 0.00813252
-4.37431 5.1807 -0.0251459
-4.11393 5.68829 -0.0607968
-3.77878 6.15261 -0.0968456
-3.36712 6.57382 -0.129755
-2.87974 6.95594 -0.157618
-2.33062 7.30411 -0.178645
-1.74379 7.62 -0.191844
-1.13463 7.90126 -0.195788
-0.510473 8.14433 -0.188911
0.119837 8.34591 -0.176996
0.750763 8.50446 -0.167697
1.38318 8.62313 -0.164144
2.01796 8.71338 -0.166743
2.65222 8.79105 -0.174283
3.28135 8.86713 -0.183757
3.8993 8.94408 -0.192343
4.49738 9.01845 -0.199521
5.06847 9.0848 -0.204461
5.61033 9.13859 -0.204766
6.12421 9.17634 -0.198183
6.61432 9.19293 -0.187575
7.08571 9.18026 -0.178475
7.53834 9.12987 -0.173249
7.96584 9.03571 -0.171713
8.35182 8.89468 -0.163567
8.6873 8.70769 -0.158016
8.98709 8.47706 -0.15336
9.24794 8.20481 -0.135673
9.45676 7.89392 -0.119132
9.62428 7.55034 -0.103966
9.75876 7.17999 -0.0843558
9.86106 6.7841 -0.0643399
9.93819 6.36135 -0.0439684
9.99473 5.9076 -0.0204727
10.0241 5.41756 0.00563145
10.0232 4.88731 0.0345511
9.99269 4.31475 0.0662037
9.92189 3.69888 0.0998271
9.795 3.04019 0.137439
9.60336 2.34337 0.18023
9.33991 1.61864 0.227566
8.99438 0.879943 0.283215
8.56531 0.140844 0.351655
8.06255 -0.588514 0.435288
7.49503 -1.30198 0.53577
6.87039 -1.99588 0.652961
6.20311 -2.66858 0.784753
5.50636 -3.32136 0.923059
4.78339 -3.95887 1.05695
4.04044 -4.58512 1.18038
3.295 -5.19875 1.29039
2.56257 -5.79358 1.38692
1.85201 -6.36086 1.47342
1.17384 -6.89052 1.56337
0.538908 -7.37212 1.65974
-0.0485243 -7.79537 1.75669
-0.588472 -8.15287 1.85382
-1.08158 -8.44362 1.94619
-1.53114 -8.67251 2.03122
-1.94326 -8.84929 2.10571
-2.32207 -8.98786 2.16477
-2.66709 -9.10142 2.20505
-2.97711 -9.19764 2.22655
-3.25454 -9.27905 2.23171
-3.50355 -9.34632 2.22456
-3.72527 -9.39939 2.20947
-3.91911 -9.43677 2.19035
-4.0872 -9.45521 2.17047
-4.23293 -9.45 2.15219
-4.3569 -9.4154 2.13586
-4.45923 -9.34445 2.12
-4.54423 -9.23058 2.10332
-4.61884 -9.07141 2.08453
-4.68833 -8.86983 2.06129
-4.75579 -8.6314 2.03063
-4.82312 -8.36151 1.98998
-4.8898 -8.06365 1.93772
-4.95268 -7.73928 1.87332
-5.00909 -7.38938 1.79736
-5.05825 -7.01637 1.71073
-5.10016 -6.6241 1.61394
-5.13569 -6.21596 1.50811
-5.16691 -5.79286 1.39689
-5.20045 -5.35409 1.28235
-5.24984 -4.89834 1.169
-5.325 -4.42368 1.06148
-5.42791 -3.92889 0.96111
-5.5572 -3.41531 0.870519
-5.70637 -2.88901 0.786654
-5.86813 -2.35883 0.706782
-6.03643 -1.83241 0.632656
-6.20004 -1.31381 0.562786
-6.3461 -0.803504 0.495777
-6.47005 -0.301398 0.434522
-6.5706 0.19099 0.379793
-6.64083 0.670188 0.329564
-6.67427 1.13318 0.283572
-6.66934 1.57976 0.242341
-6.62339 2.01165 0.205221
-6.53113 2.42979 0.170931
-6.39077 2.8331 0.1389
-6.20427 3.21903 0.108651
-5.97179 3.58501 0.0790959
-5.69348 3.9298 0.049377
-5.3763 4.25425 0.0193271
-5.03052 4.56086 -0.0115192
-4.66014 4.85303 -0.0438892
-4.26432 5.13428 -0.0776643
-3.84442 5.4071 -0.112206
-3.40162 5.67231 -0.146919
-2.93286 5.92872 -0.180165
-2.43491 6.17237 -0.208898
-1.90696 6.39622 -0.232718
-1.34814 6.59172 -0.253813
-0.761193 6.75156 -0.272305
-0.158183 6.87099 -0.287746
0.444278 6.94768 -0.300933
1.03345 6.98236 -0.312557
1.60142 6.97882 -0.321998
2.14277 6.94196 -0.327904
2.65616 6.87595 -0.329871
3.14647 6.78376 -0.328138
3.6219 6.66828 -0.322541
4.08837 6.53298 -0.31284
4.54668 6.38047 -0.298808
4.99259 6.21025 -0.279423
5.41765 6.01865 -0.2547
5.81051 5.80112 -0.226575
6.15952 5.55441 -0.196447
6.4558 5.27779 -0.164795
6.69428 4.97352 -0.131776
6.87253 4.64632 -0.0968175
6.99093 4.30187 -0.0593409
7.05279 3.94539 -0.0193586
7.06211 3.58142 0.0229435
7.02271 3.21415 0.067434
6.93927 2.84734 0.113685
6.81646 2.48437 0.160862
6.65741 2.12815 0.207789
6.46489 1.78008 0.252776
6.24295 1.43936 0.294063
5.9962 1.10373 0.330402
5.72918 0.770467 0.361399
5.44707 0.436984 0.387314
5.15509 0.101349 0.408658
4.85604 -0.236989 0.426261
4.54853 -0.576015 0.441331
4.22793 -0.909807 0.455991
3.88908 -1.22897 0.472974
3.52819 -1.5237 0.494219
3.14358 -1.78745 0.519599
2.73684 -2.01853 0.547148
2.31336 -2.21967 0.575877
1.8802 -2.39713 0.605875
1.4446 -2.55859 0.634252
1.01627 -2.70983 0.656826
0.606731 -2.85325 0.670898
0.226779 -2.98862 0.676016
-0.11456 -3.11396 0.674331
-0.412101 -3.22642 0.669183
-0.666566 -3.32418 0.665701
-0.8849 -3.4075 0.669282
-1.0777 -3.47732 0.67941
-1.2561 -3.53353 0.692524
-1.43001 -3.57552 0.70667
-1.60584 -3.60375 0.720527
-1.7847 -3.61916 0.733296
-1.96247 -3.62096 0.743618
-2.1312 -3.60566 0.75042
-2.28242 -3.56965 0.753054
-2.41155 -3.5141 0.750812
-2.51928 -3.44678 0.742885
-2.60978 -3.37786 0.72888
-2.68943 -3.31337 0.709367
-2.7656 -3.25337 0.686256
-2.84421 -3.19418 0.662555
-2.92856 -3.13074 0.64089
-3.02063 -3.0581 0.622549
-3.12231 -2.9726 0.607971
-3.23397 -2.87295 0.596794
-3.35319 -2.76045 0.587734
-3.47681 -2.63771 0.578931
-3.60359 -2.5078 0.568642
-3.73362 -2.37421 0.55563
-3.86628 -2.24024 0.539232
-4.0001 -2.10792 0.519788
-4.13326 -1.97764 0.498895
-4.26239 -1.84819 0.479083
-4.38256 -1.71767 0.461808
-4.49008 -1.58591 0.446906
-4.58385 -1.45592 0.434232
-4.66347 -1.33218 0.423232
-4.72757 -1.21758 0.412699
-4.77412 -1.11145 0.401702
-4.80121 -1.00879 0.389773
-4.80788 -0.901892 0.376571
-4.79482 -0.784477 0.361606
-4.76381 -0.654342 0.344071
-4.71552 -0.512888 0.323097
-4.64798 -0.364013 0.298636
-4.55959 -0.211853 0.271158
-4.45159 -0.0588099 0.241293
-4.32561 0.09355 0.21025
-4.18267 0.243511 0.179557
-4.02361 0.389113 0.15121
-3.84953 0.528922 0.126274
-3.66104 0.662178 0.103769
-3.45804 0.78848 0.0826699
-3.24122 0.908212 0.0629343
-3.01171 1.02189 0.0447943
-2.77053 1.12907 0.0282472
-2.51853 1.2282 0.0131666
-2.25595 1.31747 -0.000221812
-1.98296 1.39575 -0.0123022
-1.7014 1.46304 -0.0240131
-1.41415 1.52029 -0.0354286
-1.12274 1.56865 -0.0463034
-0.827585 1.60902 -0.0566625
-0.529463 1.6416 -0.0666645
-0.228855 1.66552 -0.076261
0.0740442 1.67946 -0.0850463
0.376373 1.68306 -0.0923835
0.671515 1.67756 -0.0974707
0.952252 1.66496 -0.099859
1.21266 1.64641 -0.099558
1.4474 1.62121 -0.0967813
1.65263 1.58773 -0.0916889
1.82763 1.54475 -0.0841347
1.97422 1.49174 -0.0738477
2.0953 1.42871 -0.0611289
2.19426 1.35617 -0.0468596
2.27455 1.27524 -0.0316035
2.33845 1.18758 -0.0154127
2.38717 1.09478 0.0014531
2.42129 0.997652 0.0183449
2.44024 0.896103 0.0346832
2.44205 0.789815 0.0499647
2.4252 0.67863 0.0638821
2.38974 0.562854 0.076976
2.33699 0.44346 0.089758
2.26892 0.321347 0.102308
2.18802 0.196794 0.114988
2.09724 0.0699713 0.128007
2.00024 -0.0583564 0.141346
1.9017 -0.186505 0.155051
1.80562 -0.312277 0.169401
1.71288 -0.43336 0.184864
1.62151 -0.547302 0.201191
1.52958 -0.65174 0.217268
1.43647 -0.744879 0.23239
1.34151 -0.826027 0.245976
1.24404 -0.896 0.257211
1.14521 -0.956494 0.265249
1.0482 -1.00865 0.269264
0.956819 -1.05248 0.268839
0.874431 -1.08743 0.264261
0.80299 -1.1131 0.256834
0.741849 -1.12965 0.248296
0.688088 -1.1379 0.239701
0.638044 -1.13866 0.231377
0.58769 -1.13221 0.223588
0.532788 -1.11868 0.216443
0.470405 -1.09879 0.209468
0.400016 -1.07363 0.20207
0.322346 -1.04391 0.193934
0.237739 -1.00977 0.18497
0.146165 -0.971682 0.175312
0.0476468 -0.931096 0.165087
-0.0581135 -0.889648 0.154407
-0.172159 -0.847764 0.143844
-0.295718 -0.804427 0.13452
-0.428811 -0.758318 0.126937
-0.569804 -0.708745 0.120955
-0.71642 -0.655458 0.116546
-0.866872 -0.598133 0.113653
-1.02038 -0.536312 0.111833
-1.17721 -0.469545 0.110331
-1.33814 -0.397347 0.1086
-1.50335 -0.319197 0.106372
-1.67133 -0.234883 0.104261
-1.83918 -0.145195 0.102494
-2.00376 -0.0524186 0.100508
-2.16258 0.0402303 0.0982676
-2.31436 0.130048 0.0959364
-2.45998 0.215718 0.0939218
-2.60198 0.297093 0.0925258
-2.74252 0.374449 0.0916084
-2.88234 0.447892 0.0910035
-3.02076 0.517112 0.0907291
-3.15594 0.581384 0.0908097
-3.28481 0.639871 0.0910064
-3.40373 0.692043 0.0910328
-3.50975 0.737892 0.0908912
-3.60132 0.777885 0.0908588
-3.67741 0.812618 0.091288
-3.7369 0.842317 0.0923938
-3.77855 0.866673 0.0941471
-3.80129 0.885026 0.0963814
-3.80447 0.896567 0.0988704
-3.78779 0.900614 0.10133
-3.75067 0.897095 0.103473
-3.69199 0.886619 0.105132
-3.61087 0.86975 0.106306
-3.50777 0.84625 0.106925
-3.38475 0.81521 0.10675
-3.24534 0.775794 0.105477
-3.094 0.727979 0.10288
-2.93515 0.673027 0.0989384
-2.77217 0.613114 0.0939104
-2.60761 0.549931 0.0882813
-2.44396 0.483223 0.0825785
-2.2834 0.410727 0.0773689
-2.12681 0.329992 0.0731244
-1.97316 0.240783 0.070112
-1.82038 0.145599 0.0686279
-1.66644 0.0478228 0.0692829
-1.50986 -0.0500677 0.0725148
-1.3499 -0.146613 0.0783593
-1.18729 -0.240754 0.0868275
-1.02487 -0.33185 0.0967372
-0.86701 -0.420195 0.106838
-0.718073 -0.506652 0.11701
-0.581178 -0.591206 0.127163
-0.458047 -0.672265 0.137274
-0.349196 -0.747815 0.147443
-0.254021 -0.817262 0.157639
-0.17109 -0.881772 0.16766
-0.0984718 -0.943023 0.177517
-0.0338428 -1.00231 0.187442
0.0253732 -1.06053 0.197585
0.0813416 -1.11816 0.208094
0.135199 -1.17493 0.219245
0.187484 -1.22956 0.231223
0.238867 -1.28001 0.243929
0.289831 -1.32411 0.257055
0.340174 -1.36063 0.270164
0.389439 -1.39 0.282625
0.437402 -1.41369 0.293638
0.483912 -1.43281 0.302434
0.52848 -1.44755 0.308552
0.57056 -1.45785 0.311937
0.610017 -1.46395 0.312894
0.646751 -1.46626 0.311962
0.680302 -1.4649 0.309808
0.710253 -1.45964 0.307105
0.736676 -1.45015 0.30429
0.759931 -1.43566 0.301537
0.780118 -1.41456 0.298877
0.796702 -1.38469 0.296124
0.808634 -1.3445 0.292698
0.814589 -1.29393 0.28776
0.812579 -1.2341 0.280523
0.799735 -1.16604 0.270248
0.773311 -1.08992 0.256455
0.731897 -1.00473 0.239139
0.675704 -0.909025 0.218683
0.606296 -0.802183 0.195651
0.526362 -0.685473 0.170732
0.439228 -0.562202 0.144798
0.34786 -0.436596 0.118851
0.254413 -0.311843 0.0945845
0.160977 -0.188431 0.0733335
0.0691582 -0.0651172 0.0556844
-0.0212141 0.0589097 0.0419766
-0.111507 0.183604 0.0318457
-0.203549 0.308774 0.0241585
-0.29948 0.43437 0.0173127
-0.401517 0.559659 0.00986575
-0.511714 0.682725 0.00082193
-0.631212 0.801467 -0.0100979
-0.75936 0.91503 -0.0216394
-0.893862 1.02412 -0.0317935
-1.03209 1.12988 -0.0398552
-1.17213 1.23257 -0.0456887
-1.31255 1.33126 -0.0495115
-1.4521 1.42415 -0.0518875
-1.58994 1.50905 -0.0530937
-1.725 1.58378 -0.0532942
-1.85532 1.6463 -0.0524943
-1.97891 1.69498 -0.050483
-2.0946 1.72884 -0.0469447
-2.20193 1.74749 -0.0418137
-2.30107 1.75106 -0.0352484
-2.39299 1.74041 -0.0275307
-2.47932 1.71717 -0.0190063
-2.56192 1.68317 -0.00998034
-2.64223 1.63991 -0.000734463
-2.72049 1.58841 0.00835896
-2.7951 1.52923 0.016892
-2.8632 1.46284 0.0246138
-2.92234 1.38973 0.0315667
-2.97107 1.31007 0.0379292
-3.00782 1.2234 0.0437201
-3.03032 1.12906 0.0489488
-3.03659 1.02698 0.0539205
-3.02565 0.917812 0.059186
-2.99721 0.802519 0.0653416
-2.95173 0.682147 0.0728277
-2.89061 0.557895 0.0817173
-2.81576 0.4309 0.0916818
-2.72899 0.301588 0.102144
-2.6319 0.169341 0.112468
-2.52612 0.0328997 0.1223
-2.41388 -0.108829 0.131811
-2.29794 -0.256267 0.141635
-2.18089 -0.40909 0.152411
-2.06503 -0.566206 0.164553
-1.95235 -0.725778 0.177933
-1.8439 -0.885656 0.192348
-1.7389 -1.04398 0.20801
-1.63495 -1.19927 0.225144
-1.52951 -1.34982 0.243991
-1.4212 -1.49334 0.264582
-1.31008 -1.62773 0.286428
-1.1979 -1.75205 0.308799
-1.08819 -1.86628 0.331073
-0.985482 -1.97048 0.352572
-0.893559 -2.06443 0.372565
-0.813671 -2.14791 0.390529
-0.744048 -2.2207 0.406304
-0.681572 -2.28259 0.420054
-0.623699 -2.33384 0.431997
-0.569005 -2.37553 0.442161
-0.517103 -2.40885 0.45039
-0.468783 -2.43403 0.456614
-0.425969 -2.44995 0.460943
-0.390956 -2.45496 0.463451
-0.365485 -2.4481 0.464008
-0.350211 -2.42949 0.462417
-0.344369 -2.40012 0.458573
-0.345799 -2.36148 0.45248
-0.351741 -2.31515 0.444302
-0.35983 -2.26204 0.434381
-0.368625 -2.20216 0.422967
-0.377538 -2.13475 0.410032
-0.386367 -2.05867 0.395473
-0.395026 -1.97251 0.379358
-0.40349 -1.87478 0.361786
-0.411644 -1.76443 0.342624
-0.419176 -1.64128 0.321478
-0.425686 -1.50554 0.297776
-0.43083 -1.35746 0.270996
-0.434347 -1.19787 0.241054
-0.436032 -1.02913 0.208757
-0.435644 -0.855047 0.175773
-0.432642 -0.679414 0.144084
-0.42589 -0.504605 0.115598
-0.414374 -0.332055 0.0906221
-0.398311 -0.162893 0.0689626
-0.379412 0.00239323 0.0507358
-0.360732 0.163775 0.0347467
-0.345655 0.321212 0.0197869
-0.336744 0.474514 0.00526259
-0.335943 0.623148 -0.00928123
-0.344794 0.766128 -0.0238592
-0.363678 0.902323 -0.0380098
-0.391829 1.03083 -0.0506123
-0.42877 1.15097 -0.0611692
-0.474903 1.26197 -0.069756
-0.530536 1.36298 -0.0760735
-0.594967 1.45337 -0.0802388
-0.666733 1.53294 -0.0825558
-0.744401 1.60167 -0.0831518
-0.826826 1.65934 -0.0821537
-0.913037 1.70543 -0.0798604
-1.00215 1.73956 -0.0766351
-1.09333 1.76181 -0.0728065
-1.18585 1.77267 -0.0685753
-1.27891 1.77242 -0.0640522
-1.37154 1.76074 -0.059395
-1.46255 1.7369 -0.0547481
-1.55063 1.70031 -0.0500805
-1.63455 1.65106 -0.0452163
-1.71323 1.59024 -0.0399545
-1.7859 1.51982 -0.034113
-1.85218 1.44195 -0.0275303
-1.91183 1.35822 -0.0201512
-1.96467 1.26938 -0.0120153
-2.01088 1.17547 -0.0032347
-2.05069 1.07601 0.00597983
-2.08342 0.970409 0.0148419
-2.10698 0.859099 0.0228343
-2.11877 0.744079 0.0303628
-2.11667 0.627918 0.0383004
-2.0995 0.512604 0.047562
-2.06727 0.398978 0.0584441
-2.02071 0.286852 0.0705075
-1.96104 0.175369 0.0827977
-1.89003 0.0635031 0.0947271
-1.80995 -0.0492901 0.105883
-1.72326 -0.162778 0.115749
-1.63233 -0.275993 0.124264
-1.53945 -0.387573 0.131757
-1.44686 -0.496081 0.138663
-1.35632 -0.600025 0.145438
-1.26885 -0.697928 0.152379
-1.18481 -0.788671 0.159571
-1.10405 -0.871625 0.167107
-1.02638 -0.94656 0.17482
-0.952436 -1.01397 0.182125
-0.883554 -1.07522 0.188728
-0.821387 -1.13196 0.194873
-0.767435 -1.18518 0.200978
-0.722616 -1.2347 0.207419
-0.687079 -1.27924 0.214435
-0.660667 -1.31724 0.222082
-0.643548 -1.34763 0.230132
-0.636347 -1.37009 0.238072
-0.639912 -1.38522 0.245125
-0.654793 -1.39432 0.250436
-0.680704 -1.3988 0.253425
-0.716632 -1.39952 0.253963
-0.761143 -1.39654 0.252349
-0.811967 -1.3894 0.249211
-0.865564 -1.37729 0.245303
-0.917762 -1.35937 0.24138
-0.964927 -1.3354 0.238001
-1.0045 -1.30591 0.235296
-1.03532 -1.27151 0.232885
-1.05784 -1.23201 0.229996
-1.07329 -1.18608 0.225806
-1.08247 -1.13188 0.219714
-1.08527 -1.06803 0.211427
-1.08124 -0.994273 0.200997
-1.07003 -0.91141 0.1887
-1.05146 -0.820561 0.174834
-1.02534 -0.722516 0.159785
-0.991678 -0.617814 0.143943
-0.950877 -0.507445 0.127728
-0.903719 -0.393176 0.111601
-0.851607 -0.27734 0.0958611
-0.797032 -0.16262 0.0805627
-0.743276 -0.0517313 0.0656308
-0.69305 0.0531858 0.0511763
-0.647498 0.151389 0.0375578
-0.606325 0.243854 0.0252578
-0.5684 0.332435 0.0146884
-0.532474 0.418264 0.00593919
-0.497832 0.50096 -0.00136401
-0.464728 0.579461 -0.00789433
-0.434475 0.653053 -0.0142273
-0.408919 0.721266 -0.0205404
-0.389888 0.783157 -0.0265934
-0.379174 0.837363 -0.0318777
-0.37832 0.883124 -0.0359782
-0.388178 0.921052 -0.0388202
-0.409049 0.952681 -0.0405114
-0.441194 0.979226 -0.0411722
-0.484904 1.00069 -0.0409122
-0.540251 1.01594 -0.0398849
-0.606857 1.02345 -0.0382961
-0.683506 1.02227 -0.0363367
-0.767907 1.01273 -0.0340507
-0.85719 0.996525 -0.0312968
-0.948742 0.975712 -0.0278718
-1.04048 0.951247 -0.0236578
-1.13075 0.922493 -0.0186685
-1.21832 0.888133 -0.0129684
-1.30226 0.847491 -0.00656529
-1.38165 0.800948 0.000560065
-1.45564 0.749464 0.0083025
-1.52351 0.694121 0.0164403
-1.58461 0.636059 0.0247446
-1.6383 0.576356 0.0330077
-1.68391 0.515717 0.0409987
-1.72088 0.454339 0.0484857
-1.74856 0.392111 0.0553354
-1.76605 0.32899 0.0615188
-1.77239 0.265398 0.0670785
-1.76713 0.202263 0.0721001
-1.75084 0.140362 0.0766829
-1.72492 0.0796757 0.080878
-1.691 0.0195158 0.0847046
-1.65066 -0.0407762 0.0882864
-1.60547 -0.101199 0.0918733
-1.55663 -0.161254 0.0956721
-1.50492 -0.22057 0.0997421
-1.45115 -0.279142 0.104054
-1.39669 -0.337128 0.108548
-1.34348 -0.394505 0.113177
-1.29324 -0.45086 0.117934
-1.24717 -0.505241 0.122842
-1.20612 -0.556324 0.127915
-1.17058 -0.603006 0.133091
-1.14033 -0.645148 0.138161
-1.11481 -0.683998 0.142825
-1.09382 -0.721685 0.146917
-1.07778 -0.760078 0.150578
-1.06741 -0.799975 0.154193
-1.06309 -0.841022 0.158172
-1.06465 -0.882143 0.162878
-1.07143 -0.922175 0.16858
-1.08229 -0.960658 0.175259
-1.09528 -0.998018 0.182557
-1.10807 -1.03473 0.189988
-1.11857 -1.07055 0.197146
-1.12526 -1.10442 0.203733
-1.12728 -1.13492 0.209563
-1.12461 -1.16074 0.214563
-1.1177 -1.18101 0.218693
-1.107 -1.19509 0.221922
-1.0931 -1.20252 0.224194
-1.07681 -1.20304 0.225383
-1.05897 -1.1966 0.225279
-1.03973 -1.18334 0.223615
-1.0184 -1.16366 0.220222
