-8.00855e-07 8.87206e-16 -0.0491414
-0.000193337 -0.000122258 -0.0491407
-0.000910556 -0.000501577 -0.0491282
-0.00213552 -0.000962707 -0.0490996
-0.00354289 -0.00124311 -0.0491011
-0.00511442 -0.00132779 -0.0491777
-0.00747083 -0.00134025 -0.0493303
-0.011275 -0.00128783 -0.0496025
-0.0162366 -0.00104385 -0.050084
-0.0209955 -0.000671862 -0.0507996
-0.0239069 -0.000338942 -0.051655
-0.0242269 -4.56456e-05 -0.0524959
-0.0230276 -0.00021862 -0.0531786
-0.0222108 -0.00151219 -0.0535056
-0.0225638 -0.00321576 -0.0533009
-0.0237268 -0.00318589 -0.0527036
-0.0252256 -0.00041049 -0.0520931
-0.0265521 0.00321843 -0.0517198
-0.0271265 0.00552239 -0.0516683
-0.0268351 0.00664597 -0.052078
-0.0258885 0.00729649 -0.0530108
-0.0235737 0.00784497 -0.0540671
-0.0186279 0.00956679 -0.0547574
-0.0118552 0.0127838 -0.0550935
-0.00594992 0.014495 -0.0550524
-0.00267599 0.0117415 -0.0541689
-0.00190701 0.00687752 -0.0523854
-0.00231234 0.00489745 -0.0504377
-0.00194099 0.00573136 -0.0488958
0.00174067 0.00517264 -0.0475851
0.0103387 0.00217474 -0.0464129
0.0220983 -0.000855304 -0.0457909
0.0330573 -0.00287716 -0.0456303
0.0403817 -0.00434451 -0.0451896
0.0421888 -0.00397746 -0.0443353
0.0371136 0.000193239 -0.0437345
0.0273944 0.00672406 -0.0438587
0.018947 0.0112505 -0.0446971
0.016973 0.0106006 -0.046093
0.0214328 0.00463509 -0.0476382
0.0261599 -0.00427411 -0.0485552
0.0253753 -0.0121081 -0.0482778
0.0199082 -0.014877 -0.0470341
0.0136067 -0.0125044 -0.0455613
0.00730895 -0.0115145 -0.0443
-0.000840126 -0.018529 -0.043178
-0.0116706 -0.0301348 -0.0423782
-0.0235823 -0.0359494 -0.0426979
-0.0333501 -0.0311589 -0.044509
-0.036522 -0.0208285 -0.0471114
-0.0317676 -0.0127041 -0.0497617
-0.0257049 -0.00892696 -0.0523926
-0.0270197 -0.0059998 -0.0550192
-0.0373271 -0.000563249 -0.0573584
-0.05156 0.00723601 -0.0590757
-0.063922 0.0145107 -0.0600316
-0.0703161 0.0174041 -0.0603095
-0.0680327 0.0131503 -0.0600659
-0.0567505 0.0026499 -0.0591101
-0.0392864 -0.00919757 -0.0570612
-0.0214685 -0.0172421 -0.0538246
-0.0105756 -0.0202227 -0.0497942
-0.0118696 -0.0212641 -0.0458094
-0.0246211 -0.0240897 -0.0428013
-0.0391401 -0.0283566 -0.0413679
-0.0434442 -0.0314109 -0.041656
-0.0348456 -0.0334543 -0.0432479
-0.0194215 -0.0361549 -0.0450479
-0.00442194 -0.0382594 -0.0462279
0.00508237 -0.0375759 -0.0467667
0.00616901 -0.0359625 -0.0464618
-0.0024961 -0.0375908 -0.044808
-0.0198818 -0.0426813 -0.0422781
-0.0419762 -0.0472277 -0.0403505
-0.0624352 -0.0487145 -0.0399421
-0.0729032 -0.047652 -0.0410681
-0.0673849 -0.0447927 -0.0435008
-0.0481342 -0.0421509 -0.0468787
-0.0254139 -0.043471 -0.0501117
-0.0114836 -0.0483642 -0.0514196
-0.0131635 -0.0510161 -0.0508535
-0.0284777 -0.0483871 -0.0490929
-0.0480847 -0.0438199 -0.0461563
-0.0640347 -0.0411745 -0.0425921
-0.0764787 -0.0412831 -0.0400516
-0.0870777 -0.0446393 -0.0397762
-0.0922886 -0.0516931 -0.0416777
-0.0879397 -0.0595704 -0.0446984
-0.0770723 -0.0628891 -0.0479556
-0.0682251 -0.0592805 -0.0509719
-0.0666021 -0.0517537 -0.0531053
-0.0717272 -0.0433385 -0.0545544
-0.0817072 -0.0324243 -0.0556774
-0.0935708 -0.0189176 -0.0566849
-0.101384 -0.00875093 -0.0574258
-0.0995507 -0.00440462 -0.057422
-0.087395 -0.00098462 -0.0570762
-0.0654764 0.00588259 -0.0571016
-0.0323376 0.0166729 -0.0569723
0.0079767 0.028587 -0.0562779
0.0425504 0.0368717 -0.0553432
0.0603849 0.0376293 -0.0542726
0.0648955 0.0300206 -0.052367
0.0679667 0.0195002 -0.0491007
0.0732776 0.0163626 -0.0445587
0.0758776 0.0247153 -0.0400698
0.073951 0.035441 -0.0372594
0.0733186 0.0353276 -0.0362398
0.0773459 0.0228745 -0.0367288
0.0808231 0.00707428 -0.0386262
0.0795509 -0.00764604 -0.0410353
0.0752351 -0.0213622 -0.0421996
0.0696847 -0.0293846 -0.0414387
0.0574718 -0.0283894 -0.0400464
0.0341282 -0.0252742 -0.0389112
0.00848447 -0.0301401 -0.0375676
-0.0100231 -0.0432207 -0.0366019
-0.026416 -0.055085 -0.0372394
-0.0534953 -0.0590602 -0.0392968
-0.0926679 -0.054958 -0.0422359
-0.130151 -0.04562 -0.0463977
-0.155815 -0.0371937 -0.0521036
-0.168615 -0.0364767 -0.0579862
-0.167362 -0.0447411 -0.0628855
-0.158107 -0.0561602 -0.065424
-0.156292 -0.0634 -0.0655494
-0.172383 -0.0647032 -0.0644982
-0.204374 -0.0626812 -0.0616213
-0.24078 -0.0575104 -0.0569921
-0.272455 -0.0491825 -0.0529259
-0.293399 -0.0439182 -0.0513763
-0.295053 -0.0482462 -0.0523917
-0.274038 -0.059463 -0.054376
-0.237405 -0.0676858 -0.056136
-0.196592 -0.0647364 -0.0578374
-0.161258 -0.0499607 -0.0585251
-0.136146 -0.0293697 -0.0583023
-0.118668 -0.00965251 -0.0587302
-0.101892 0.00727936 -0.0597546
-0.0822263 0.0228061 -0.0613653
-0.0595152 0.0371375 -0.063417
-0.0324603 0.049741 -0.0640555
0.00170616 0.0609896 -0.0625053
0.0450321 0.0719517 -0.0593586
0.0940558 0.0823382 -0.0550003
0.140701 0.0887568 -0.0507038
0.178941 0.0869741 -0.0470105
0.20489 0.0755159 -0.0437998
0.215777 0.0579681 -0.0404775
0.211744 0.0411918 -0.0369933
0.195085 0.029631 -0.0342519
0.171302 0.0230783 -0.0319722
0.147247 0.0195405 -0.0304555
0.125672 0.0160118 -0.0306872
0.104762 0.00894859 -0.0329546
0.0815524 -0.00138885 -0.0368262
0.0563832 -0.00977059 -0.0417512
0.0306234 -0.00914422 -0.0470533
0.00275408 0.0047926 -0.0526415
-0.0275556 0.0298813 -0.0581728
-0.0607133 0.0604675 -0.0648568
-0.099648 0.0938897 -0.0726003
-0.143457 0.133349 -0.0815533
-0.185538 0.185509 -0.0925643
-0.216653 0.255234 -0.104674
-0.227736 0.342682 -0.117416
-0.214356 0.444157 -0.130161
-0.175645 0.553912 -0.142544
-0.11011 0.665324 -0.154256
-0.0167648 0.771328 -0.163802
0.105456 0.864481 -0.169742
0.258224 0.938619 -0.170509
0.441703 0.9913 -0.163722
0.653514 1.0241 -0.148457
0.888496 1.04047 -0.124545
1.14212 1.04236 -0.0915263
1.4149 1.02897 -0.0493144
1.70978 0.998337 0.00322667
2.02999 0.948707 0.0660557
2.38121 0.87948 0.139947
2.77149 0.792322 0.228156
3.2075 0.69313 0.331695
3.69296 0.592481 0.448508
4.22898 0.502519 0.571408
4.81129 0.433938 0.691884
5.42761 0.394167 0.804874
6.05181 0.380956 0.907415
6.64367 0.378399 0.996694
7.15945 0.368617 1.07094
7.56118 0.345605 1.13159
7.82381 0.316292 1.18107
7.93798 0.295097 1.21956
7.90833 0.297991 1.24574
7.75382 0.338024 1.25752
7.50235 0.422992 1.25229
7.18211 0.554474 1.22697
6.81466 0.725315 1.17824
6.4237 0.910921 1.10421
6.06555 1.0706 1.00829
5.81103 1.17256 0.89985
5.69016 1.21026 0.781214
5.692 1.18999 0.648504
5.79155 1.11441 0.514957
5.9517 0.98002 0.398641
6.12244 0.787988 0.326848
6.24962 0.557631 0.302396
6.27807 0.31786 0.298176
6.1624 0.0945519 0.300727
5.87031 -0.0944235 0.297426
5.37126 -0.248369 0.282879
4.6519 -0.378807 0.269727
3.73513 -0.508093 0.280272
2.6783 -0.660383 0.322416
1.54077 -0.839271 0.397338
0.367132 -1.03744 0.492232
-0.803203 -1.24968 0.577211
-1.94428 -1.46613 0.647024
-3.03402 -1.67629 0.692388
-4.04144 -1.88191 0.694854
-4.9169 -2.08554 0.669879
-5.62324 -2.27379 0.627301
-6.18188 -2.43272 0.570075
-6.6177 -2.56248 0.515787
-6.94126 -2.67469 0.47439
-7.21232 -2.78031 0.454619
-7.47985 -2.87256 0.462515
-7.75527 -2.93226 0.48692
-8.07256 -2.94458 0.508762
-8.44705 -2.90419 0.527763
-8.85976 -2.81733 0.547652
-9.29841 -2.69748 0.558675
-9.75553 -2.55918 0.556921
-10.2178 -2.41602 0.544596
-10.6755 -2.27893 0.5213
-11.1152 -2.15362 0.489637
-11.5134 -2.03884 0.452828
-11.8565 -1.93175 0.412831
-12.1503 -1.83047 0.377243
-12.4127 -1.72773 0.351061
-12.6669 -1.61181 0.332315
-12.9288 -1.47684 0.318208
-13.2059 -1.32949 0.305992
-13.502 -1.18746 0.292401
-13.8095 -1.06806 0.277468
-14.1073 -0.974532 0.263004
-14.37 -0.896089 0.249532
-14.5726 -0.820331 0.237072
-14.6973 -0.742514 0.226302
-14.7361 -0.666701 0.217869
-14.6855 -0.601652 0.211364
-14.5478 -0.556088 0.206071
-14.332 -0.537368 0.201326
-14.0457 -0.552034 0.196813
-13.6962 -0.60469 0.193229
-13.294 -0.693335 0.192996
-12.8555 -0.799972 0.199337
-12.4034 -0.892108 0.213327
-11.9603 -0.9444 0.231665
-11.5456 -0.95481 0.250393
-11.1725 -0.940108 0.268176
-10.8367 -0.920791 0.280656
-10.5131 -0.906357 0.285548
-10.1669 -0.890944 0.285045
-9.76314 -0.862001 0.283917
-9.2727 -0.811304 0.285417
-8.68459 -0.737871 0.286485
-8.01179 -0.646283 0.28586
-7.28705 -0.544667 0.28683
-6.55383 -0.441087 0.294752
-5.84751 -0.33995 0.312714
-5.18534 -0.240302 0.336935
-4.57293 -0.138042 0.361632
-4.00153 -0.0295137 0.384122
-3.44527 0.0895924 0.403793
-2.87776 0.2257 0.420721
-2.2892 0.383555 0.435101
-1.68413 0.562834 0.448555
-1.07009 0.759007 0.460264
-0.456431 0.960452 0.469064
0.140811 1.14661 0.475656
0.703806 1.29958 0.47957
1.22309 1.41439 0.482866
1.7018 1.49699 0.489202
2.15293 1.55987 0.498961
2.59162 1.61885 0.510764
3.02608 1.68801 0.524628
3.45372 1.77326 0.541889
3.8671 1.87045 0.563361
4.25753 1.96995 0.588733
4.61282 2.06383 0.617052
4.92047 2.14994 0.647214
5.17449 2.23207 0.678287
5.37568 2.31615 0.709551
5.52749 2.40506 0.740238
5.63429 2.49692 0.768519
5.70284 2.58573 0.793193
5.74184 2.66296 0.814417
5.75653 2.72061 0.830736
5.74929 2.75422 0.840746
5.72616 2.76321 0.844504
5.69599 2.74818 0.842824
5.66486 2.70959 0.836468
5.63763 2.64971 0.824842
5.62065 2.57433 0.807953
5.61748 2.4915 0.787084
5.62766 2.40915 0.763552
5.64967 2.33338 0.738114
5.67856 2.26782 0.711177
5.70382 2.21337 0.683525
5.71262 2.16801 0.656112
5.68873 2.12648 0.629668
5.61042 2.08163 0.604657
5.45784 2.02798 0.58056
5.22178 1.96583 0.556139
4.90451 1.90344 0.530479
4.51815 1.85314 0.502784
4.08447 1.82509 0.471864
3.63 1.82476 0.435937
3.17735 1.85314 0.393279
2.74218 1.90739 0.343183
2.33485 1.98152 0.285985
1.95959 2.06659 0.221767
1.61394 2.14888 0.150352
1.29098 2.21022 0.073102
0.980221 2.23354 -0.00619586
0.668657 2.20943 -0.0747661
0.344413 2.14238 -0.125707
0.0043044 2.04341 -0.169614
-0.346911 1.9235 -0.207805
-0.707241 1.79315 -0.234001
-1.07707 1.65384 -0.247601
-1.45256 1.49819 -0.249627
-1.82575 1.31645 -0.241853
-2.1875 1.10163 -0.224365
-2.52753 0.852902 -0.197039
-2.83416 0.575477 -0.160379
-3.1015 0.274246 -0.114222
-3.34122 -0.0538447 -0.0592158
-3.57632 -0.414713 0.00302653
-3.82311 -0.806561 0.0789653
-4.08745 -1.21991 0.170098
-4.36521 -1.64475 0.269834
-4.63825 -2.07829 0.376549
-4.87752 -2.521 0.491248
-5.05791 -2.96264 0.614705
-5.1706 -3.38156 0.744914
-5.22164 -3.75686 0.877369
-5.2273 -4.07964 1.00593
-5.20981 -4.35474 1.12659
-5.19119 -4.59427 1.23801
-5.18837 -4.81144 1.33976
-5.21028 -5.01692 1.4301
-5.25725 -5.21516 1.50737
-5.32055 -5.40274 1.57222
-5.38539 -5.57077 1.62486
-5.44095 -5.71097 1.66549
-5.48667 -5.82069 1.69563
-5.52857 -5.90377 1.71602
-5.57526 -5.9693 1.72711
-5.63527 -6.02757 1.73024
-5.71349 -6.08445 1.72697
-5.80889 -6.13827 1.71789
-5.91624 -6.18071 1.70381
-6.0305 -6.20064 1.68527
-6.14995 -6.18883 1.66217
-6.27573 -6.13983 1.63489
-6.40673 -6.05067 1.60379
-6.53905 -5.92048 1.56819
-6.6701 -5.75193 1.52659
-6.79652 -5.55176 1.47764
-6.91221 -5.33032 1.41978
-7.01238 -5.10118 1.35244
-7.09618 -4.87712 1.27696
-7.16438 -4.66393 1.19608
-7.21573 -4.45927 1.11267
-7.24439 -4.25516 1.02856
-7.24099 -4.04096 0.943955
-7.19724 -3.80562 0.858644
-7.10903 -3.53847 0.772149
-6.97706 -3.23089 0.683851
-6.80622 -2.87912 0.593339
-6.60181 -2.48542 0.50034
-6.3675 -2.05605 0.404575
-6.10677 -1.59824 0.306477
-5.82217 -1.11881 0.207386
-5.5157 -0.624819 0.108843
-5.19791 -0.127794 0.0129395
-4.8906 0.355087 -0.0743957
-4.61285 0.811863 -0.143759
-4.379 1.24324 -0.186845
-4.20545 1.65705 -0.206055
-4.09935 2.06312 -0.209734
-4.04856 2.46829 -0.204822
-4.02688 2.87208 -0.197804
-4.00256 3.26832 -0.193673
-3.94205 3.64697 -0.197535
-3.81456 3.99602 -0.211103
-3.60152 4.30723 -0.231876
-3.2972 4.58015 -0.254756
-2.90152 4.82086 -0.275917
-2.42074 5.03774 -0.295609
-1.87109 5.23697 -0.314994
-1.27569 5.42019 -0.330982
-0.659615 5.5843 -0.33796
-0.0463494 5.72305 -0.330349
0.543015 5.8299 -0.308293
1.09458 5.90157 -0.276304
1.606 5.94347 -0.237134
2.08082 5.97149 -0.19246
2.52339 6.00469 -0.143482
2.93763 6.05543 -0.090272
3.32452 6.12583 -0.0321362
3.6831 6.21026 0.0304991
4.01367 6.29938 0.0971628
4.31894 6.38416 0.167524
4.60508 6.45858 0.239713
4.88167 6.51739 0.309434
5.15738 6.55257 0.372395
5.43453 6.5552 0.426677
5.7085 6.51875 0.472375
5.96768 6.44004 0.517863
6.20319 6.32006 0.554452
6.4205 6.16343 0.582722
6.61925 5.97573 0.615163
6.79357 5.76265 0.639338
6.95133 5.53089 0.653761
7.10106 5.28743 0.664106
7.24451 5.03458 0.667165
7.38335 4.76799 0.663692
7.51497 4.48004 0.659153
7.63067 4.16293 0.655428
7.72363 3.80995 0.654413
7.78472 3.41564 0.659273
7.79863 2.97625 0.671238
7.75242 2.49134 0.690986
7.63786 1.96589 0.718708
7.44607 1.41166 0.753665
7.17042 0.844563 0.797751
6.81486 0.279851 0.85296
6.39212 -0.270888 0.919971
5.91458 -0.800469 0.99808
5.393 -1.30629 1.0847
4.83912 -1.79158 1.17746
4.26046 -2.26717 1.27005
3.66117 -2.74578 1.3553
3.04984 -3.23268 1.43038
2.4404 -3.7256 1.49404
1.84651 -4.21738 1.54728
1.27888 -4.69583 1.59242
0.750552 -5.145 1.64115
0.276052 -5.54712 1.69407
-0.139357 -5.88662 1.74105
-0.502735 -6.15651 1.77949
-0.823161 -6.3583 1.80718
-1.10669 -6.4985 1.82496
-1.36277 -6.58941 1.83298
-1.60267 -6.64667 1.83138
-1.83227 -6.68294 1.82109
-2.05301 -6.70394 1.80378
-2.26562 -6.70986 1.78101
-2.4696 -6.69916 1.75434
-2.66191 -6.66964 1.72559
-2.83848 -6.61835 1.69627
-2.99704 -6.5417 1.66745
-3.13796 -6.43594 1.63978
-3.26286 -6.29787 1.61302
-3.37304 -6.12492 1.58527
-3.46958 -5.91612 1.55413
-3.55484 -5.67457 1.51746
-3.63263 -5.40764 1.47364
-3.70565 -5.12429 1.42169
-3.77324 -4.83232 1.36086
-3.83143 -4.53683 1.29054
-3.8754 -4.24036 1.21038
-3.90223 -3.94453 1.1206
-3.91174 -3.65182 1.02192
-3.90602 -3.36517 0.915616
-3.88997 -3.0857 0.804545
-3.87187 -2.81196 0.69373
-3.86141 -2.54075 0.585435
-3.86938 -2.26746 0.482349
-3.90671 -1.98682 0.387278
-3.97693 -1.69477 0.298966
-4.07498 -1.39006 0.217439
-4.19471 -1.07504 0.1431
-4.33119 -0.755195 0.0757484
-4.47863 -0.436839 0.0157479
-4.6304 -0.124936 -0.0374026
-4.77876 0.177839 -0.0842558
-4.91574 0.47007 -0.123655
-5.03479 0.749451 -0.156392
-5.12884 1.01311 -0.184468
-5.18983 1.26075 -0.208491
-5.21174 1.49586 -0.229265
-5.19071 1.72316 -0.247883
-5.12317 1.94561 -0.265152
-5.00793 2.16321 -0.28126
-4.84782 2.37387 -0.29599
-4.64644 2.57526 -0.309232
-4.40797 2.76653 -0.320888
-4.14156 2.94901 -0.33047
-3.85887 3.12563 -0.337651
-3.56564 3.30015 -0.342648
-3.26169 3.47667 -0.345573
-2.94685 3.65843 -0.346293
-2.62067 3.84656 -0.344527
-2.27898 4.03951 -0.339107
-1.91606 4.23272 -0.327861
-1.52782 4.41907 -0.31086
-1.11209 4.59061 -0.290364
-0.671649 4.73992 -0.266974
-0.217309 4.861 -0.240575
0.235381 4.95084 -0.211679
0.673899 5.01068 -0.181054
1.09258 5.04508 -0.149347
1.48991 5.05953 -0.116793
1.86736 5.05828 -0.083696
2.23095 5.04379 -0.0505772
2.58953 5.01762 -0.017979
2.94931 4.98119 0.0136475
3.31061 4.93444 0.044385
3.66915 4.8742 0.0748344
4.01734 4.79497 0.105455
4.34412 4.69126 0.136985
4.63811 4.55927 0.170543
4.8911 4.39689 0.206616
5.09755 4.20398 0.244873
5.25371 3.98326 0.284948
5.35854 3.73939 0.326373
5.41407 3.47746 0.368507
5.42415 3.20261 0.411023
5.39328 2.91995 0.453839
5.32725 2.63411 0.496413
5.23273 2.34869 0.537585
5.11465 2.06568 0.576032
4.97563 1.78468 0.610335
4.8176 1.50266 0.639287
4.64244 1.21537 0.662364
4.45212 0.918879 0.679951
4.2494 0.610585 0.692956
4.03749 0.289814 0.702366
3.81832 -0.0415261 0.70925
3.59031 -0.378034 0.714713
3.34862 -0.709969 0.720439
3.08827 -1.0241 0.727965
2.80635 -1.30713 0.736492
2.5027 -1.54951 0.743795
2.18031 -1.74823 0.749313
1.84494 -1.90804 0.7533
1.50219 -2.03943 0.755692
1.15708 -2.15383 0.755638
0.816009 -2.25986 0.751186
0.486714 -2.36216 0.740702
0.179147 -2.46058 0.723873
-0.0958701 -2.55092 0.701679
-0.330869 -2.62723 0.675311
-0.524676 -2.68415 0.647076
-0.68275 -2.7178 0.621611
-0.815431 -2.72569 0.60037
-0.935628 -2.70707 0.58176
-1.05554 -2.66349 0.564851
-1.18273 -2.59866 0.548848
-1.31893 -2.51731 0.533174
-1.4603 -2.42294 0.516761
-1.59814 -2.31557 0.498482
-1.72255 -2.19452 0.477002
-1.82743 -2.06353 0.451162
-1.91199 -1.93211 0.420749
-1.97983 -1.81088 0.387181
-2.03747 -1.70517 0.352932
-2.0922 -1.61383 0.320031
-2.1495 -1.53185 0.289596
-2.21205 -1.45294 0.261894
-2.28133 -1.3713 0.236592
-2.3585 -1.28328 0.213357
-2.44323 -1.18846 0.191911
-2.53422 -1.08947 0.171885
-2.63019 -0.990707 0.152744
-2.73079 -0.896981 0.133959
-2.83627 -0.812832 0.115269
-2.94621 -0.741445 0.0968107
-3.059 -0.683436 0.0789611
-3.17162 -0.636481 0.062386
-3.27952 -0.595928 0.0475592
-3.37738 -0.556678 0.0342773
-3.46154 -0.51617 0.0226001
-3.53178 -0.475834 0.0129898
-3.58994 -0.439591 0.00567925
-3.63761 -0.410863 0.000343414
-3.67494 -0.389411 -0.00374611
-3.70097 -0.369882 -0.00725625
-3.71475 -0.344049 -0.0109113
-3.71665 -0.305789 -0.0156055
-3.70824 -0.253694 -0.0219597
-3.69008 -0.189735 -0.0300917
-3.65962 -0.11709 -0.0396739
-3.61257 -0.0382128 -0.0505723
-3.5458 0.0461198 -0.0629065
-3.45773 0.135975 -0.0763679
-3.34876 0.231079 -0.090068
-3.22238 0.330409 -0.102286
-3.08286 0.432182 -0.111871
-2.93249 0.53448 -0.119436
-2.77269 0.636266 -0.125861
-2.60396 0.737527 -0.131551
-2.42557 0.838429 -0.13678
-2.23716 0.938425 -0.14155
-2.03851 1.03615 -0.145515
-1.82832 1.12978 -0.1481
-1.60609 1.21765 -0.149309
-1.37386 1.29873 -0.149671
-1.1347 1.3724 -0.149182
-0.891641 1.43809 -0.147531
-0.647911 1.49536 -0.144384
-0.406173 1.54364 -0.139541
-0.167082 1.58184 -0.132912
0.069876 1.60897 -0.124198
0.303122 1.62563 -0.112965
0.527723 1.63403 -0.0988052
0.738025 1.6364 -0.0816436
0.92976 1.63329 -0.0616893
1.10001 1.62282 -0.0393845
1.24728 1.60165 -0.0153481
1.37125 1.56699 0.0098334
1.4725 1.51757 0.0356239
1.55317 1.45367 0.0613727
1.61758 1.37668 0.0863784
1.6713 1.28897 0.110134
1.7188 1.19349 0.132347
1.76225 1.09284 0.152757
1.80152 0.988452 0.171133
1.83422 0.880403 0.187444
1.85627 0.768021 0.20176
1.86378 0.650503 0.214266
1.85438 0.527685 0.225369
1.82739 0.40058 0.235307
1.78346 0.270949 0.244451
1.72467 0.140753 0.253697
1.65452 0.0119929 0.263522
1.57737 -0.113194 0.273934
1.49806 -0.232384 0.284927
1.4208 -0.343265 0.296458
1.34676 -0.44398 0.308621
1.2735 -0.532913 0.321121
1.19821 -0.608704 0.333089
1.12021 -0.670637 0.343912
1.03994 -0.719196 0.352825
0.958137 -0.756483 0.35861
0.876662 -0.785396 0.360175
0.798525 -0.807807 0.356938
0.726706 -0.824038 0.348833
0.663757 -0.833565 0.336159
0.611604 -0.835486 0.319696
0.57004 -0.829044 0.30052
0.536462 -0.814014 0.279706
0.507489 -0.790373 0.258248
0.479474 -0.758036 0.237065
0.448033 -0.717354 0.216777
0.409164 -0.669677 0.197358
0.360928 -0.617052 0.178535
0.302898 -0.561341 0.160252
0.234885 -0.503919 0.142565
0.15719 -0.446345 0.125432
0.0708301 -0.390784 0.108704
-0.0232989 -0.339004 0.0924722
-0.124997 -0.291111 0.0772357
-0.234151 -0.245787 0.0634954
-0.349738 -0.201613 0.050903
-0.46961 -0.15775 0.0389201
-0.590981 -0.113786 0.0273205
-0.711697 -0.0695683 0.0157484
-0.831589 -0.0250147 0.00385891
-0.95223 0.020057 -0.00850408
-1.07528 0.0659591 -0.021339
-1.20105 0.113179 -0.0346866
-1.32821 0.162171 -0.047878
-1.45454 0.21268 -0.0605882
-1.57771 0.263278 -0.0731324
-1.69613 0.31206 -0.0852076
-1.80981 0.357844 -0.0963859
-1.92088 0.400761 -0.106131
-2.0324 0.441849 -0.114173
-2.14662 0.48199 -0.120642
-2.26379 0.521324 -0.125726
-2.38224 0.55926 -0.129738
-2.49928 0.594786 -0.132999
-2.6116 0.627009 -0.135799
-2.7154 0.655492 -0.138457
-2.80727 0.680435 -0.141219
-2.88487 0.70267 -0.144163
-2.94651 0.723172 -0.147259
-2.99063 0.742388 -0.150478
-3.01605 0.760075 -0.153794
-3.02247 0.775516 -0.157108
-3.01062 0.787743 -0.160262
-2.98182 0.795916 -0.163061
-2.93697 0.799942 -0.165273
-2.87584 0.800502 -0.166696
-2.79804 0.798143 -0.167156
-2.7044 0.792449 -0.166495
-2.59744 0.782255 -0.164558
-2.48136 0.766505 -0.161218
-2.36127 0.745039 -0.156369
-2.24162 0.71906 -0.149929
-2.12509 0.690576 -0.14186
-2.01299 0.660702 -0.132147
-1.90612 0.628111 -0.120835
-1.80466 0.58937 -0.107963
-1.70714 0.541343 -0.0936787
-1.61028 0.483644 -0.0784374
-1.51002 0.418769 -0.0628606
-1.40256 0.350002 -0.0472703
-1.285 0.279577 -0.0318729
-1.15588 0.208401 -0.0168396
-1.01651 0.136606 -0.00187373
-0.871814 0.0637043 0.0125772
-0.72813 -0.0112093 0.0258154
-0.590528 -0.0884916 0.0384346
-0.46308 -0.167221 0.0513543
-0.349311 -0.245091 0.0649857
-0.251224 -0.319336 0.0795204
-0.169328 -0.388637 0.0951528
-0.10297 -0.453632 0.112107
-0.0501851 -0.515806 0.130536
-0.00793829 -0.576654 0.150325
0.0272789 -0.6373 0.171169
0.0586494 -0.698125 0.192803
0.0883913 -0.758518 0.215026
0.117971 -0.816879 0.237494
0.148772 -0.870857 0.259617
0.182045 -0.918056 0.280689
0.218444 -0.957271 0.300022
0.257941 -0.989261 0.316967
0.299849 -1.01602 0.331056
0.34286 -1.03918 0.342124
0.385198 -1.05942 0.350214
0.425229 -1.07693 0.355425
0.461982 -1.09163 0.357957
0.494949 -1.103 0.358281
0.523925 -1.10987 0.357123
0.549107 -1.11087 0.355215
0.570988 -1.10487 0.35304
0.590098 -1.09077 0.350789
0.606618 -1.06726 0.34846
0.619908 -1.0331 0.34581
0.628571 -0.987987 0.34223
0.631 -0.933285 0.336898
0.625276 -0.871328 0.329169
0.608979 -0.804092 0.318531
0.580052 -0.732241 0.304546
0.537883 -0.654943 0.286925
0.483595 -0.570647 0.26549
0.419752 -0.478425 0.240146
0.349924 -0.379179 0.211099
0.277875 -0.275863 0.179199
0.206693 -0.172109 0.146039
0.139218 -0.0697287 0.113321
0.0774102 0.0318552 0.0814723
0.0206757 0.133981 0.0510553
-0.0331407 0.23771 0.0232762
-0.0867533 0.343042 -0.00128799
-0.143522 0.449038 -0.0227237
-0.206946 0.554521 -0.0418837
-0.280392 0.657793 -0.0596868
-0.366748 0.756523 -0.0765548
-0.467308 0.848903 -0.092459
-0.580656 0.9349 -0.10657
-0.702983 1.016 -0.11812
-0.830246 1.09383 -0.127584
-0.959496 1.16922 -0.135206
-1.08828 1.24156 -0.14137
-1.21423 1.30868 -0.146941
-1.33496 1.36782 -0.152435
-1.44783 1.41652 -0.15835
-1.55023 1.45292 -0.164905
-1.64039 1.47609 -0.171877
-1.7182 1.48601 -0.178754
-1.78501 1.48335 -0.185068
-1.843 1.46934 -0.190453
-1.89508 1.44583 -0.194584
-1.94455 1.41509 -0.197241
-1.99455 1.37926 -0.198296
-2.04739 1.33977 -0.197696
-2.10392 1.29732 -0.195483
-2.16295 1.25198 -0.191791
-2.2217 1.20353 -0.186823
-2.27727 1.15158 -0.180781
-2.32748 1.09533 -0.173831
-2.37006 1.03369 -0.166168
-2.40184 0.965936 -0.157991
-2.41955 0.892367 -0.149444
-2.42071 0.814212 -0.140609
-2.40391 0.732984 -0.13145
-2.36925 0.650039 -0.121796
-2.31858 0.566465 -0.111527
-2.25473 0.482801 -0.100679
-2.18031 0.398589 -0.0893722
-2.09719 0.312374 -0.0777867
-2.00692 0.222411 -0.0659523
-1.91169 0.127675 -0.0535637
-1.81458 0.0282687 -0.0399474
-1.71909 -0.0748942 -0.0243622
-1.62812 -0.180463 -0.00634297
-1.54332 -0.286896 0.0137707
-1.46469 -0.392852 0.0353551
-1.39038 -0.497616 0.0582758
-1.31688 -0.600928 0.0825165
-1.24014 -0.702002 0.107918
-1.15727 -0.799131 0.134094
-1.06767 -0.890741 0.160442
-0.973391 -0.976485 0.186413
-0.878781 -1.05705 0.21178
-0.789317 -1.13327 0.236337
-0.709554 -1.20558 0.259733
-0.64107 -1.27399 0.281574
-0.582107 -1.33789 0.301618
-0.52933 -1.39646 0.319842
-0.480024 -1.44946 0.336325
-0.433144 -1.4976 0.351212
-0.389229 -1.54178 0.364735
-0.349888 -1.58198 0.377171
-0.317288 -1.61688 0.388614
-0.293558 -1.64457 0.398813
-0.280142 -1.66367 0.407306
-0.277239 -1.67362 0.413744
-0.283399 -1.67467 0.417967
-0.295684 -1.66779 0.419856
-0.310637 -1.65425 0.419311
-0.325529 -1.63472 0.416316
-0.339155 -1.609 0.410789
-0.351541 -1.5761 0.402461
-0.362743 -1.53445 0.391017
-0.372073 -1.48201 0.376281
-0.378434 -1.4167 0.358209
-0.381043 -1.33729 0.336772
-0.379909 -1.24383 0.311894
-0.375955 -1.13717 0.28354
-0.370628 -1.01837 0.251822
-0.365196 -0.889099 0.217157
-0.360368 -0.75204 0.1807
-0.355984 -0.610175 0.144529
-0.350452 -0.465172 0.110675
-0.341704 -0.317519 0.0802161
-0.329167 -0.167663 0.05292
-0.313653 -0.0159607 0.0288323
-0.297195 0.136807 0.00836223
-0.28331 0.288892 -0.00931126
-0.275294 0.438295 -0.025097
-0.274999 0.583039 -0.0395539
-0.283273 0.72107 -0.0532492
-0.30018 0.850637 -0.0664994
-0.324977 0.970586 -0.079358
-0.356646 1.08033 -0.0911163
-0.394492 1.17959 -0.101564
-0.438117 1.26811 -0.111105
-0.486866 1.34567 -0.119741
-0.539514 1.41224 -0.127739
-0.594489 1.46804 -0.135331
-0.650479 1.5134 -0.142497
-0.706952 1.5481 -0.149123
-0.764069 1.57144 -0.155076
-0.822291 1.58286 -0.160225
-0.882178 1.5824 -0.164465
-0.944209 1.57066 -0.167697
-1.00862 1.54835 -0.169824
-1.07544 1.51591 -0.17074
-1.14431 1.47362 -0.170337
-1.21425 1.42199 -0.168518
-1.28393 1.36221 -0.165234
-1.35199 1.29623 -0.160502
-1.41726 1.22651 -0.154413
-1.47888 1.15528 -0.147089
-1.53612 1.08375 -0.138706
-1.58823 1.01189 -0.129485
-1.6345 0.938533 -0.119769
-1.67413 0.861616 -0.110031
-1.70574 0.779719 -0.101056
-1.72736 0.693641 -0.0933054
-1.73661 0.606175 -0.0865814
-1.73125 0.520984 -0.0804413
-1.71016 0.44098 -0.0742748
-1.67378 0.367137 -0.0675918
-1.62378 0.298603 -0.0602823
-1.5627 0.233307 -0.0524797
-1.49343 0.168924 -0.0440568
-1.41911 0.103969 -0.0350079
-1.343 0.0383828 -0.0254829
-1.26796 -0.0265548 -0.0153576
-1.19613 -0.0890159 -0.00449064
-1.12886 -0.147429 0.00716921
-1.06645 -0.200737 0.0196233
-1.00827 -0.248666 0.0326891
-0.953127 -0.291908 0.046023
-0.899707 -0.331587 0.0592338
-0.847099 -0.368652 0.0718126
-0.795057 -0.404169 0.0832362
-0.743981 -0.439591 0.0933521
-0.694845 -0.476259 0.102416
-0.648896 -0.514823 0.110755
-0.607263 -0.55484 0.118561
-0.570774 -0.594765 0.125919
-0.540188 -0.632686 0.132894
-0.516582 -0.667164 0.139486
-0.501467 -0.697674 0.145636
-0.496586 -0.724807 0.151194
-0.503263 -0.750006 0.155943
-0.521826 -0.774763 0.15976
-0.551835 -0.799711 0.162677
-0.5923 -0.824312 0.164803
-0.641127 -0.847105 0.166257
-0.69451 -0.865909 0.16719
-0.747275 -0.878399 0.167786
-0.794175 -0.883208 0.168073
-0.831475 -0.880391 0.167785
-0.858121 -0.870705 0.166562
-0.875499 -0.854446 0.164029
-0.88582 -0.830951 0.15973
-0.890518 -0.798955 0.153218
-0.889701 -0.757325 0.144243
-0.882742 -0.705725 0.132929
-0.869325 -0.644596 0.119728
-0.849759 -0.574524 0.105178
-0.824545 -0.495776 0.0898296
-0.794169 -0.408571 0.0741288
-0.759067 -0.313747 0.0585029
-0.719782 -0.213027 0.0434024
-0.67768 -0.108864 0.0291644
-0.635452 -0.0041498 0.0160075
-0.596359 0.0983185 0.00400225
-0.562648 0.196549 -0.00680594
-0.534483 0.290024 -0.0164004
-0.510103 0.379766 -0.0248595
-0.486936 0.467273 -0.03236
-0.462941 0.55281 -0.039129
-0.437398 0.634783 -0.0454481
-0.411006 0.710891 -0.0516478
-0.385412 0.779403 -0.057995
-0.3624 0.839295 -0.0645771
-0.343587 0.889767 -0.0711913
-0.330681 0.930222 -0.0773417
-0.325511 0.960942 -0.0825801
-0.32966 0.983569 -0.0867281
-0.344181 1.00051 -0.0897544
-0.369687 1.01344 -0.0916943
-0.4064 1.02233 -0.0926014
-0.454072 1.02563 -0.0925826
-0.511892 1.02126 -0.0918557
-0.578208 1.0078 -0.0907401
-0.650479 0.985463 -0.0895278
-0.725864 0.956266 -0.0883742
-0.80189 0.92282 -0.0873346
-0.876536 0.886713 -0.0864189
-0.948075 0.847927 -0.0856048
-1.0151 0.80568 -0.0848469
-1.0766 0.759672 -0.0840775
-1.13211 0.710543 -0.0831942
-1.18191 0.659472 -0.0820726
-1.22678 0.607774 -0.0805548
-1.26742 0.556751 -0.0784912
-1.30404 0.507458 -0.0758174
-1.33633 0.460388 -0.0725913
-1.36362 0.415467 -0.0689397
-1.3851 0.372347 -0.0649359
-1.39977 0.330818 -0.0605896
-1.40668 0.291213 -0.0559059
-1.40528 0.25436 -0.05095
-1.39591 0.22079 -0.0458269
-1.37955 0.190111 -0.0406173
-1.35722 0.161269 -0.0353626
-1.32968 0.133282 -0.0300702
-1.29756 0.105832 -0.0247426
-1.26138 0.0790812 -0.0194181
-1.22157 0.0530234 -0.0141507
-1.17884 0.0272404 -0.00895234
-1.13458 0.00109642 -0.00382011
-1.09066 -0.0258866 0.0012403
-1.04876 -0.0537042 0.00624271
-1.00994 -0.0817098 0.0112125
-0.974863 -0.108895 0.0161333
-0.943913 -0.134568 0.020932
-0.917118 -0.159047 0.0255348
-0.894278 -0.183921 0.0299454
-0.875409 -0.211378 0.0342888
-0.86104 -0.242974 0.0388002
-0.852043 -0.278878 0.0437424
-0.84901 -0.31796 0.0493102
-0.851694 -0.358406 0.0556235
-0.859074 -0.398601 0.0627071
-0.869642 -0.438088 0.0704217
-0.881455 -0.477642 0.0785225
-0.892362 -0.518139 0.0867792
-0.900495 -0.559627 0.0949666
-0.904613 -0.601207 0.102814
-0.904301 -0.641338 0.110082
-0.899975 -0.678353 0.116636
-0.892432 -0.7108 0.122443
-0.882337 -0.737469 0.127553
-0.870319 -0.757431 0.131987
-0.857256 -0.770195 0.135673
-0.844176 -0.775661 0.138478
-0.831441 -0.774046 0.140235
-0.818346 -0.765865 0.140802
