-2.44758e-05 -1.94579e-06 -0.0625741
-0.000218046 -0.000123566 -0.0625768
-0.000958018 -0.00055605 -0.0625854
-0.00234268 -0.00134716 -0.0625748
-0.00433056 -0.00248369 -0.0624852
-0.00722659 -0.00382306 -0.0623226
-0.0117414 -0.00500238 -0.0622038
-0.0184252 -0.00567012 -0.0622158
-0.0270834 -0.00564964 -0.0623582
-0.0368823 -0.00501644 -0.0626264
-0.046638 -0.0039377 -0.0630094
-0.0550204 -0.00261435 -0.0634462
-0.0610756 -0.00183694 -0.0638384
-0.0641972 -0.00272862 -0.0641113
-0.0639006 -0.00560037 -0.064121
-0.0607035 -0.00944949 -0.0635481
-0.0562494 -0.0123177 -0.0623872
-0.0517956 -0.0121803 -0.0614269
-0.0477751 -0.00747359 -0.0616028
-0.04491 0.00179063 -0.0629555
-0.0442366 0.012985 -0.0647038
-0.0452347 0.0230915 -0.0662209
-0.0453652 0.0308836 -0.0672095
-0.0425636 0.0357236 -0.0673226
-0.0362042 0.0367677 -0.0668029
-0.0262507 0.0338846 -0.0665239
-0.0136751 0.0279671 -0.0663686
-0.00053493 0.020118 -0.0651639
0.0114975 0.0113092 -0.0628825
0.0227696 0.00348105 -0.0611553
0.0347044 -0.00120206 -0.0609084
0.0470819 -0.00273122 -0.0612294
0.058572 -0.00258172 -0.061344
0.069123 -0.00171241 -0.0615467
0.0782231 -0.000185718 -0.0616726
0.0833605 0.00286341 -0.061129
0.0832075 0.00889446 -0.060469
0.0786801 0.0184071 -0.0610288
0.0710703 0.028874 -0.0631507
0.0607538 0.034762 -0.0657079
0.0470252 0.0304808 -0.0671679
0.0314593 0.0136461 -0.0664237
0.0189805 -0.0127596 -0.0630316
0.0117011 -0.0410519 -0.0579586
0.00642138 -0.0638167 -0.0538071
-0.000126791 -0.0776773 -0.0528939
-0.00841534 -0.082806 -0.0548417
-0.019076 -0.0820842 -0.0568171
-0.0344474 -0.0784359 -0.0568488
-0.0541902 -0.0717116 -0.05611
-0.0739679 -0.0601629 -0.0569082
-0.0904261 -0.0430974 -0.0597266
-0.102515 -0.0217246 -0.063287
-0.110219 0.000862097 -0.0662765
-0.115623 0.0209086 -0.0681791
-0.121548 0.0354926 -0.0690827
-0.127134 0.042325 -0.0694188
-0.127878 0.0389432 -0.0696305
-0.120868 0.0234587 -0.0693502
-0.10742 -0.00352091 -0.067356
-0.0908467 -0.0375467 -0.0629523
-0.0728971 -0.0707781 -0.0572798
-0.0539519 -0.0951553 -0.0526235
-0.0363333 -0.105943 -0.0506741
-0.0230342 -0.102652 -0.0516077
-0.0164517 -0.0896685 -0.0540583
-0.018921 -0.0751171 -0.0566431
-0.0280429 -0.0659624 -0.0588485
-0.0363362 -0.065121 -0.0599389
-0.0391454 -0.0722542 -0.059033
-0.0382133 -0.0847391 -0.0565524
-0.0376538 -0.0987244 -0.0542352
-0.0393596 -0.111227 -0.0530297
-0.0439013 -0.121416 -0.0523094
-0.0539551 -0.129512 -0.0513648
-0.0714569 -0.134491 -0.0506662
-0.0937406 -0.134312 -0.0510626
-0.114893 -0.129031 -0.0524119
-0.128139 -0.121312 -0.0546425
-0.128857 -0.113853 -0.0573052
-0.118081 -0.109542 -0.0589403
-0.101402 -0.111739 -0.0576968
-0.0836387 -0.120217 -0.0544493
-0.0698264 -0.130431 -0.0513718
-0.0672291 -0.138434 -0.0494735
-0.0793624 -0.143255 -0.0490328
-0.102805 -0.145802 -0.0503991
-0.133601 -0.148122 -0.0527639
-0.170585 -0.15145 -0.0539268
-0.208122 -0.153528 -0.0534328
-0.233441 -0.149884 -0.0527193
-0.237171 -0.136396 -0.0535832
-0.223358 -0.110283 -0.0560737
-0.203169 -0.0737513 -0.0591859
-0.181375 -0.0351069 -0.0628548
-0.155942 -0.00252193 -0.0670788
-0.126635 0.0180519 -0.06996
-0.0954175 0.0242187 -0.0694828
-0.0623808 0.0223199 -0.0665421
-0.0274975 0.0233005 -0.0639614
0.00829811 0.0345483 -0.0633285
0.0468902 0.0567497 -0.0655726
0.093754 0.0820995 -0.0700597
0.14837 0.0989628 -0.0735844
0.197892 0.101628 -0.0726458
0.228982 0.0929704 -0.067216
0.241022 0.080095 -0.0612278
0.240856 0.0699823 -0.0588423
0.229286 0.0668887 -0.0608671
0.202076 0.0680504 -0.0646428
0.162987 0.0630947 -0.0672373
0.12664 0.044067 -0.0674674
0.102841 0.0119906 -0.0650184
0.0845971 -0.0271368 -0.0592667
0.0621709 -0.065012 -0.0525475
0.0387867 -0.094409 -0.0494382
0.0199829 -0.114442 -0.0504882
-0.0025173 -0.12936 -0.0522022
-0.0446014 -0.143628 -0.0521439
-0.110204 -0.157521 -0.0508371
-0.188049 -0.16789 -0.0496952
-0.267132 -0.171954 -0.0496423
-0.340399 -0.168382 -0.0517656
-0.397657 -0.160066 -0.0565235
-0.433778 -0.154956 -0.0599574
-0.456054 -0.160126 -0.0594406
-0.471661 -0.177648 -0.0562125
-0.478689 -0.203606 -0.0516603
-0.474009 -0.227214 -0.0471525
-0.462206 -0.237205 -0.0440831
-0.451551 -0.2301 -0.0430672
-0.443442 -0.208969 -0.0463455
-0.434573 -0.181815 -0.0530467
-0.423461 -0.159772 -0.0577835
-0.408857 -0.147691 -0.0586074
-0.38967 -0.140392 -0.0559783
-0.362375 -0.127471 -0.0527441
-0.321413 -0.0977613 -0.0528738
-0.264386 -0.0444575 -0.057458
-0.193515 0.028945 -0.0658936
-0.114999 0.108276 -0.0756271
-0.0329849 0.176919 -0.0831698
0.0511876 0.222787 -0.0869478
0.135828 0.241455 -0.0862001
0.217434 0.238282 -0.0819273
0.290474 0.224549 -0.0766599
0.351829 0.210061 -0.0731903
0.399406 0.198147 -0.0725694
0.431174 0.186419 -0.0729969
0.447983 0.170707 -0.0726893
0.448939 0.147178 -0.070254
0.431431 0.115711 -0.065637
0.395645 0.0827419 -0.0603508
0.342143 0.0563434 -0.056877
0.272181 0.0404087 -0.0568819
0.192095 0.0345218 -0.0598215
0.110344 0.0350552 -0.0638655
0.0318938 0.0387749 -0.066365
-0.0408865 0.0474138 -0.0670908
-0.106739 0.0672619 -0.0671216
-0.165663 0.106161 -0.0693661
-0.218087 0.17026 -0.0755633
-0.26521 0.261849 -0.0853412
-0.309088 0.380592 -0.0968146
-0.349185 0.526317 -0.107935
-0.381421 0.700712 -0.118297
-0.398923 0.906031 -0.128189
-0.39134 1.14163 -0.138716
-0.347986 1.40191 -0.150428
-0.259926 1.67638 -0.162569
-0.118677 1.95058 -0.173991
0.0836594 2.2084 -0.183364
0.353333 2.43566 -0.188583
0.695008 2.62258 -0.18844
1.11295 2.76284 -0.182615
1.61091 2.8508 -0.170467
2.19025 2.88101 -0.151473
2.84714 2.8496 -0.124009
3.57374 2.75534 -0.0867628
4.36611 2.60117 -0.0392219
5.22428 2.39363 0.0179973
6.14092 2.14268 0.0863006
7.09887 1.86331 0.171369
8.07701 1.57536 0.271326
9.06296 1.30168 0.375448
10.0581 1.0657 0.475101
11.0571 0.885084 0.567231
12.0363 0.765869 0.649728
12.9657 0.708111 0.718245
13.8198 0.711646 0.769241
14.5772 0.773785 0.803294
15.2156 0.887401 0.823728
15.711 1.04306 0.835714
16.0467 1.23235 0.84192
16.215 1.45091 0.840223
16.2098 1.69882 0.826897
16.0216 1.97649 0.794341
15.6499 2.27487 0.733431
15.1399 2.57187 0.649681
14.5626 2.84639 0.563248
13.9552 3.08506 0.4738
13.3271 3.2721 0.361529
12.6875 3.38267 0.233664
12.0347 3.38544 0.11244
11.3621 3.25309 0.0262608
10.6809 2.96554 0.0115116
10.0024 2.50249 0.0531989
9.3204 1.86171 0.103934
8.62951 1.07155 0.141052
7.91997 0.174525 0.163702
7.1584 -0.774356 0.19242
6.31605 -1.70955 0.251973
5.39446 -2.56415 0.346918
4.38662 -3.29376 0.465243
3.2594 -3.89431 0.588333
1.98783 -4.38115 0.70341
0.568697 -4.76696 0.810132
-0.98079 -5.06786 0.879777
-2.62696 -5.31349 0.893617
-4.32607 -5.53273 0.885375
-6.03033 -5.74261 0.867269
-7.71504 -5.95646 0.842419
-9.38073 -6.19249 0.837911
-11.0371 -6.46354 0.882146
-12.6726 -6.76344 0.975378
-14.2536 -7.07294 1.08707
-15.7746 -7.37901 1.20857
-17.252 -7.67282 1.35422
-18.6369 -7.93258 1.51193
-19.8464 -8.13048 1.63835
-20.8771 -8.24437 1.73363
-21.7348 -8.26223 1.79756
-22.4321 -8.17699 1.81788
-23.0233 -7.98747 1.81741
-23.5252 -7.70474 1.79224
-23.9596 -7.34791 1.74682
-24.3614 -6.94536 1.7
-24.738 -6.52992 1.64975
-25.1155 -6.12533 1.60591
-25.5034 -5.74347 1.57639
-25.8671 -5.387 1.55266
-26.1826 -5.04934 1.53625
-26.4215 -4.72227 1.51918
-26.56 -4.40367 1.48726
-26.6212 -4.09661 1.44954
-26.635 -3.80869 1.41408
-26.6255 -3.54979 1.38291
-26.621 -3.32571 1.36569
-26.6163 -3.13447 1.35871
-26.5875 -2.96595 1.35277
-26.515 -2.80624 1.34715
-26.3669 -2.64615 1.33447
-26.1221 -2.48849 1.31099
-25.7809 -2.35077 1.28347
-25.3422 -2.25952 1.25416
-24.8128 -2.23273 1.22768
-24.2015 -2.26859 1.21195
-23.4935 -2.35038 1.20343
-22.6601 -2.45023 1.19224
-21.6793 -2.53484 1.17155
-20.5468 -2.57793 1.13139
-19.285 -2.56643 1.06955
-17.938 -2.49841 0.995422
-16.5584 -2.3799 0.922646
-15.2023 -2.21941 0.861975
-13.9115 -2.02182 0.809862
-12.6891 -1.78916 0.758459
-11.5128 -1.52358 0.70613
-10.3582 -1.23185 0.658169
-9.19917 -0.930344 0.619013
-8.0187 -0.636968 0.586345
-6.83045 -0.359744 0.558101
-5.67157 -0.0948348 0.535431
-4.57685 0.173909 0.517389
-3.56477 0.467762 0.500893
-2.63638 0.799677 0.485636
-1.78025 1.17343 0.474189
-0.972262 1.58709 0.465112
-0.179169 2.02788 0.457431
0.621902 2.47402 0.451731
1.43127 2.91093 0.444101
2.23812 3.33508 0.432317
3.03615 3.74387 0.418563
3.82403 4.13383 0.405039
4.59779 4.50271 0.394303
5.34944 4.84738 0.390323
6.0719 5.16248 0.394941
6.76127 5.44122 0.407174
7.41334 5.6778 0.426494
8.02287 5.87031 0.451836
8.58727 6.02153 0.47991
9.10624 6.13863 0.50798
9.57816 6.23113 0.536131
9.99923 6.30766 0.565354
10.3639 6.37499 0.59455
10.6677 6.43722 0.622048
10.9118 6.49467 0.646267
11.1015 6.54452 0.663805
11.241 6.58238 0.672972
11.3333 6.60295 0.675159
11.3803 6.59972 0.673006
11.3797 6.56642 0.668321
11.3258 6.49943 0.659938
11.2161 6.39849 0.646817
11.0539 6.26574 0.629747
10.8456 6.10488 0.610657
10.5987 5.92097 0.59198
10.3206 5.72005 0.575522
10.0186 5.50862 0.562471
9.69906 5.29297 0.552773
9.36309 5.07801 0.54522
9.00493 4.8668 0.538303
8.61863 4.66172 0.529653
8.20249 4.46655 0.516711
7.75744 4.28746 0.498803
7.28406 4.13067 0.477235
6.77961 4.00088 0.45434
6.23627 3.90294 0.432753
5.64393 3.84261 0.413905
4.99587 3.82524 0.396779
4.29106 3.85481 0.378755
3.53438 3.93331 0.355776
2.73886 4.05789 0.322345
1.92417 4.21894 0.273902
1.10713 4.40204 0.209574
0.295212 4.58963 0.137409
-0.511342 4.75834 0.0754878
-1.31895 4.87528 0.0362857
-2.13645 4.90725 0.0174806
-2.96412 4.83556 0.0136609
-3.79449 4.65093 0.0233757
-4.61772 4.34503 0.0465969
-5.42012 3.91338 0.0810101
-6.1811 3.35711 0.124727
-6.87493 2.68354 0.176506
-7.48117 1.90567 0.236149
-7.99096 1.03876 0.307229
-8.4046 0.100429 0.391361
-8.72876 -0.88412 0.481136
-8.97896 -1.88823 0.572397
-9.17905 -2.89992 0.669708
-9.34633 -3.92088 0.775362
-9.48501 -4.95586 0.887174
-9.59405 -6.00759 1.00172
-9.6764 -7.07177 1.11858
-9.74862 -8.13681 1.24609
-9.83276 -9.1893 1.39509
-9.93304 -10.2159 1.56241
-10.0343 -11.201 1.73372
-10.1247 -12.1282 1.89734
-10.2051 -12.9863 2.04969
-10.2809 -13.7708 2.1867
-10.3611 -14.4798 2.30468
-10.4607 -15.1103 2.40511
-10.5919 -15.6583 2.4896
-10.7599 -16.1211 2.56006
-10.9688 -16.4982 2.61941
-11.2193 -16.7913 2.66806
-11.5 -17.0057 2.70323
-11.7913 -17.1492 2.72224
-12.0781 -17.2298 2.72467
-12.3519 -17.254 2.71209
-12.6075 -17.2265 2.68922
-12.8473 -17.1501 2.66135
-13.0828 -17.0261 2.63275
-13.3231 -16.854 2.60617
-13.5668 -16.63 2.58093
-13.8077 -16.3477 2.55449
-14.0384 -16.0009 2.52435
-14.247 -15.5847 2.48668
-14.4233 -15.0978 2.43652
-14.5663 -14.5441 2.37138
-14.6806 -13.9317 2.29014
-14.7728 -13.2692 2.19238
-14.8493 -12.5649 2.081
-14.908 -11.8273 1.96127
-14.9363 -11.0637 1.83789
-14.9203 -10.2783 1.71592
-14.8515 -9.4713 1.59977
-14.7234 -8.63907 1.49095
-14.5279 -7.77517 1.38744
-14.2557 -6.87108 1.28463
-13.8954 -5.91753 1.17731
-13.4359 -4.90663 1.06198
-12.8744 -3.83329 0.937878
-12.2201 -2.69686 0.805644
-11.4966 -1.50676 0.66722
-10.7399 -0.285987 0.528861
-9.99086 0.93483 0.401179
-9.28377 2.12539 0.297781
-8.63396 3.26309 0.222933
-8.03657 4.34034 0.169665
-7.47874 5.3617 0.130385
-6.94705 6.33426 0.0991808
-6.4321 7.26416 0.0728549
-5.93712 8.15477 0.0486479
-5.47431 9.00526 0.023724
-5.05158 9.81424 -0.00658462
-4.66792 10.5824 -0.0450678
-4.31787 11.3095 -0.0885314
-3.98976 11.9913 -0.127274
-3.65655 12.6196 -0.149091
-3.27862 13.1878 -0.156237
-2.82136 13.6936 -0.157732
-2.26401 14.1354 -0.151029
-1.59499 14.5104 -0.137884
-0.812393 14.8165 -0.124954
0.0756852 15.0543 -0.113596
1.05975 15.2294 -0.103151
2.12689 15.351 -0.0925583
3.253 15.4282 -0.0789034
4.41191 15.4709 -0.0591569
5.58516 15.4897 -0.034494
6.7544 15.4934 -0.0052426
7.89774 15.4869 0.0331713
8.99833 15.4706 0.08308
10.0441 15.439 0.13689
11.0201 15.3832 0.185935
11.9102 15.2928 0.227774
12.7046 15.1574 0.261605
13.4026 14.9675 0.295224
14.0068 14.7145 0.316838
14.5107 14.3911 0.329561
14.902 13.9905 0.350996
15.1792 13.5073 0.366459
15.345 12.9402 0.376311
15.4011 12.2926 0.392007
15.3578 11.5697 0.409462
15.2275 10.7772 0.425887
15.0201 9.92158 0.447228
14.7533 9.0105 0.471309
14.4461 8.05061 0.493433
14.1083 7.04607 0.516989
13.7469 5.9983 0.544357
13.3659 4.90755 0.574343
12.9573 3.77526 0.608363
12.5096 2.605 0.649523
12.0181 1.40161 0.699699
11.4775 0.171264 0.760667
10.8757 -1.07631 0.837963
10.2003 -2.32736 0.93384
9.44373 -3.56751 1.04473
8.60378 -4.78554 1.16957
7.68985 -5.97292 1.3043
6.72389 -7.11959 1.43719
5.72913 -8.21313 1.55589
4.7202 -9.24374 1.65451
3.70304 -10.2073 1.73627
2.67958 -11.1031 1.80671
1.65224 -11.9303 1.87847
0.627392 -12.688 1.95348
-0.38414 -13.3744 2.02743
-1.36757 -13.9864 2.10534
-2.30259 -14.5171 2.18504
-3.16723 -14.9599 2.25866
-3.94683 -15.3144 2.31863
-4.63604 -15.5866 2.36192
-5.23556 -15.7848 2.38794
-5.74972 -15.9177 2.39743
-6.18309 -15.9954 2.39227
-6.53816 -16.0303 2.37596
-6.81767 -16.0342 2.35254
-7.02799 -16.0163 2.32587
-7.17871 -15.9815 2.29946
-7.28111 -15.9302 2.27652
-7.34771 -15.8585 2.25987
-7.39054 -15.759 2.25037
-7.41919 -15.6215 2.24606
-7.44253 -15.4357 2.24261
-7.4718 -15.1924 2.23529
-7.5176 -14.8842 2.2197
-7.58479 -14.5055 2.19138
-7.67279 -14.0535 2.14687
-7.77969 -13.527 2.08481
-7.90466 -12.9276 2.00584
-8.04792 -12.2599 1.91144
-8.2099 -11.5304 1.8033
-8.39037 -10.7457 1.68393
-8.58891 -9.91191 1.55786
-8.80525 -9.03557 1.42677
-9.03559 -8.12391 1.29432
-9.27081 -7.18495 1.16545
-9.49986 -6.22953 1.04334
-9.71249 -5.27259 0.932941
-9.9015 -4.32976 0.833284
-10.0644 -3.41143 0.740328
-10.2028 -2.52208 0.653208
-10.3187 -1.6634 0.573902
-10.4075 -0.833909 0.504293
-10.4601 -0.0298419 0.442893
-10.471 0.750926 0.386581
-10.4386 1.50788 0.334858
-10.3633 2.24029 0.28767
-10.2498 2.94827 0.243922
-10.1044 3.63266 0.204218
-9.92838 4.29505 0.168584
-9.71965 4.93678 0.13557
-9.47475 5.558 0.104597
-9.18588 6.15805 0.0754606
-8.84341 6.73628 0.047087
-8.4419 7.29218 0.0186089
-7.97808 7.82504 -0.0101579
-7.44731 8.33396 -0.0393598
-6.84756 8.81839 -0.0689097
-6.18087 9.27812 -0.0985322
-5.44965 9.7128 -0.127713
-4.6587 10.1215 -0.154076
-3.81885 10.5024 -0.173149
-2.94314 10.8531 -0.183998
-2.0435 11.1709 -0.189832
-1.13214 11.4508 -0.192138
-0.21869 11.6853 -0.191546
0.692523 11.8659 -0.189285
1.5969 11.9854 -0.185661
2.4857 12.0379 -0.17995
3.35142 12.0194 -0.171701
4.19037 11.928 -0.160998
4.99649 11.7647 -0.146962
5.76039 11.5336 -0.127941
6.47584 11.2422 -0.102973
7.13892 10.8985 -0.0716384
7.74231 10.5088 -0.0340325
8.27929 10.0789 0.00778042
8.75088 9.61496 0.0500608
9.1614 9.12266 0.0901809
9.51184 8.6054 0.12793
9.80318 8.06444 0.164176
10.038 7.50064 0.19996
10.2147 6.91534 0.236699
10.3277 6.31052 0.276036
10.3733 5.68952 0.318563
10.3488 5.05765 0.363765
10.2491 4.42206 0.410739
10.0727 3.7909 0.457865
9.82466 3.17184 0.502666
9.51255 2.57057 0.543023
9.14491 1.99012 0.577963
8.73426 1.43145 0.606526
8.29379 0.893864 0.627851
7.83224 0.375108 0.642549
7.35552 -0.127906 0.651979
6.86817 -0.618339 0.657068
6.36904 -1.09847 0.659337
5.85227 -1.56837 0.662332
5.31414 -2.0258 0.670126
4.75344 -2.46806 0.685074
4.16917 -2.89228 0.705998
3.56506 -3.29381 0.729592
2.95207 -3.66651 0.753309
2.34178 -4.00448 0.776437
1.74253 -4.30337 0.796519
1.16195 -4.56213 0.80937
0.606302 -4.78361 0.813851
0.0795388 -4.97249 0.811519
-0.414196 -5.13351 0.804738
-0.871408 -5.27172 0.796184
-1.29326 -5.39319 0.789862
-1.68499 -5.504 0.789922
-2.05086 -5.6087 0.795634
-2.39341 -5.70991 0.804705
-2.71484 -5.80724 0.816653
-3.01443 -5.89672 0.829722
-3.28839 -5.97241 0.841702
-3.53454 -6.02753 0.851563
-3.75354 -6.05423 0.859504
-3.94694 -6.04565 0.865274
-4.11894 -5.99955 0.867701
-4.27729 -5.91921 0.864695
-4.42908 -5.81062 0.85405
-4.57751 -5.67942 0.834692
-4.72413 -5.53124 0.807919
-4.87112 -5.37227 0.777969
-5.02003 -5.20826 0.749552
-5.1723 -5.04313 0.725368
-5.33102 -4.87829 0.706498
-5.49889 -4.7127 0.692701
-5.67513 -4.54306 0.682463
-5.85691 -4.3646 0.673494
-6.04198 -4.17268 0.663205
-6.22761 -3.96424 0.649027
-6.40986 -3.73849 0.62908
-6.58668 -3.49691 0.603163
-6.75808 -3.24325 0.573012
-6.92299 -2.98335 0.541616
-7.07993 -2.72498 0.512466
-7.22854 -2.47664 0.488437
-7.36573 -2.24467 0.46968
-7.48383 -2.03173 0.453873
-7.57497 -1.83814 0.439286
-7.63285 -1.66237 0.42552
-7.65096 -1.49962 0.411973
-7.6251 -1.34243 0.397789
-7.55634 -1.18306 0.382524
-7.44802 -1.0141 0.36565
-7.30305 -0.828493 0.346127
-7.12794 -0.620965 0.323991
-6.93382 -0.389363 0.299986
-6.72835 -0.136005 0.273583
-6.51354 0.132604 0.244161
-6.29083 0.407987 0.213343
-6.05919 0.680628 0.185116
-5.81207 0.940489 0.162072
-5.54251 1.17938 0.143336
-5.24834 1.39359 0.127549
-4.92919 1.58313 0.113663
-4.58517 1.74947 0.100082
-4.22094 1.89513 0.0866307
-3.84379 2.02354 0.0745311
-3.46001 2.13864 0.0646614
-3.07611 2.24464 0.0569291
-2.6962 2.3449 0.0503746
-2.31627 2.44016 0.0437925
-1.92738 2.52838 0.0364111
-1.52335 2.60627 0.0289906
-1.10161 2.67004 0.0226584
-0.661472 2.71571 0.017601
-0.206277 2.74015 0.0141332
0.254545 2.74254 0.0131953
0.708372 2.7247 0.0155861
1.14405 2.69017 0.0215306
1.55348 2.64296 0.0308523
1.93182 2.58586 0.0426388
2.27669 2.51986 0.0557683
2.58528 2.4446 0.0701886
2.85417 2.35856 0.086644
3.08156 2.25986 0.105216
3.26735 2.1474 0.124695
3.41097 2.0216 0.143536
3.51116 1.8842 0.161053
3.56703 1.73769 0.177341
3.57858 1.58454 0.192516
3.54822 1.42663 0.206347
3.48274 1.26495 0.218206
3.39177 1.09945 0.227768
3.28386 0.929229 0.236047
3.16527 0.753081 0.244589
3.04057 0.570138 0.253918
2.91176 0.380703 0.263912
2.77858 0.185944 0.274432
2.64174 -0.013007 0.285577
2.50437 -0.214997 0.297644
2.36936 -0.418546 0.310923
2.23721 -0.621433 0.325702
2.10699 -0.820077 0.341569
1.97749 -1.00965 0.357667
1.84763 -1.18486 0.373551
1.71712 -1.34097 0.388226
1.58667 -1.4747 0.399933
1.4569 -1.5846 0.407178
1.32845 -1.67067 0.409324
1.20279 -1.73452 0.406809
1.08079 -1.77913 0.400797
0.961041 -1.8077 0.392764
0.841319 -1.82302 0.383984
0.720718 -1.82748 0.375061
0.599269 -1.82271 0.366162
0.477294 -1.80961 0.357383
0.355692 -1.78902 0.348632
0.235101 -1.76199 0.339665
0.115151 -1.7293 0.330587
-0.00434647 -1.69075 0.321694
-0.123118 -1.64544 0.312865
-0.242266 -1.59273 0.303782
-0.364505 -1.53292 0.294204
-0.492331 -1.46677 0.283891
-0.628229 -1.39511 0.272972
-0.775877 -1.31906 0.26239
-0.93838 -1.23983 0.252939
-1.11651 -1.15799 0.244818
-1.31026 -1.07315 0.237901
-1.52021 -0.984097 0.231831
-1.74647 -0.888883 0.226124
-1.98798 -0.785043 0.220293
-2.24234 -0.670346 0.214034
-2.50482 -0.543532 0.206887
-2.76857 -0.404619 0.199014
-3.02762 -0.254942 0.190609
-3.27866 -0.0973323 0.181514
-3.52001 0.063709 0.172054
-3.75136 0.22254 0.162977
-3.97417 0.373896 0.155549
-4.18908 0.514387 0.150338
-4.39327 0.642722 0.146735
-4.58248 0.759127 0.143897
-4.75462 0.864746 0.141256
-4.91049 0.961265 0.138488
-5.05276 1.05037 0.135425
-5.18526 1.13294 0.132439
-5.31142 1.20889 0.130326
-5.43208 1.27769 0.129387
-5.54506 1.33866 0.129275
-5.64644 1.39097 0.129613
-5.73156 1.43381 0.130129
-5.79617 1.46645 0.130601
-5.83765 1.48797 0.131033
-5.85439 1.49738 0.131666
-5.84385 1.49417 0.132692
-5.80238 1.4784 0.134097
-5.72643 1.45025 0.135756
-5.61352 1.40968 0.137363
-5.46302 1.35658 0.13847
-5.27724 1.29076 0.138871
-5.06061 1.21205 0.138779
-4.81751 1.12089 0.138516
-4.55141 1.01844 0.138352
-4.26567 0.90608 0.138672
-3.9643 0.784777 0.139744
-3.65309 0.655183 0.141518
-3.34038 0.51792 0.14378
-3.03553 0.373579 0.146689
-2.74639 0.222582 0.151201
-2.47801 0.0655151 0.158519
-2.23265 -0.0960649 0.168768
-2.0101 -0.259375 0.18109
-1.80911 -0.420715 0.194905
-1.62884 -0.576063 0.209217
-1.46762 -0.722157 0.22257
-1.32129 -0.857503 0.233892
-1.18482 -0.982674 0.243075
-1.05449 -1.09976 0.251416
-0.927606 -1.21113 0.260314
-0.802128 -1.31826 0.270288
-0.677113 -1.4215 0.281263
-0.552382 -1.52077 0.292968
-0.427815 -1.61625 0.305152
-0.303564 -1.70838 0.317666
-0.180771 -1.79755 0.330465
-0.0615598 -1.88417 0.34363
0.0516289 -1.96834 0.357337
0.156589 -2.04918 0.371671
0.251491 -2.12461 0.38643
0.335008 -2.19206 0.401013
0.406544 -2.24944 0.41447
0.46664 -2.29534 0.425836
0.517486 -2.32878 0.43442
0.562298 -2.34958 0.439933
0.603923 -2.35885 0.442534
0.644177 -2.35856 0.442749
0.683826 -2.35081 0.441241
0.722632 -2.33744 0.438688
0.759744 -2.31992 0.435724
0.794507 -2.29923 0.432841
0.826815 -2.27528 0.430303
0.85664 -2.24637 0.42814
0.883451 -2.2095 0.426157
0.906017 -2.16101 0.423833
0.922379 -2.09759 0.420331
0.929889 -2.01667 0.414644
0.925789 -1.91658 0.405635
0.907812 -1.7966 0.392499
0.873932 -1.65674 0.375253
0.822046 -1.49765 0.354566
0.750058 -1.32076 0.331247
0.656119 -1.12849 0.306017
0.53946 -0.924189 0.279581
0.40161 -0.711745 0.25239
0.246088 -0.49561 0.224896
0.0761849 -0.281118 0.198252
-0.105486 -0.0733845 0.175109
-0.294715 0.125491 0.157101
-0.485397 0.317237 0.143249
-0.671938 0.505471 0.13186
-0.850875 0.693855 0.121245
-1.02121 0.884873 0.110123
-1.18366 1.07905 0.0976746
-1.33914 1.27481 0.0835698
-1.48791 1.46871 0.0689316
-1.63043 1.65619 0.0557439
-1.76894 1.83323 0.0448949
-1.90781 1.99786 0.036795
-2.0524 2.15003 0.0314184
-2.20776 2.29056 0.0282002
-2.37697 2.42035 0.0263283
-2.5601 2.53951 0.0247539
-2.75478 2.64655 0.0229242
-2.9578 2.73856 0.0210043
-3.1657 2.81175 0.0198349
-3.37446 2.86244 0.0201373
-3.57964 2.88797 0.0220028
-3.77682 2.88707 0.0253058
-3.96176 2.85973 0.0299777
-4.13079 2.80701 0.0358911
-4.28106 2.73097 0.042792
-4.40998 2.63469 0.0502501
-4.51506 2.52181 0.0577921
-4.59493 2.39611 0.0651687
-4.65016 2.26094 0.0723681
-4.6827 2.11871 0.079387
-4.695 1.97068 0.0861701
-4.68925 1.81691 0.0928468
-4.66681 1.65634 0.0997523
-4.62817 1.48718 0.107109
-4.57365 1.30759 0.115061
-4.50436 1.11642 0.124028
-4.42218 0.913937 0.134544
-4.32897 0.702104 0.146806
-4.22556 0.483976 0.160421
-4.11113 0.262506 0.174392
-3.98428 0.0392814 0.187639
-3.8449 -0.186168 0.199752
-3.69455 -0.416211 0.211483
-3.53515 -0.653947 0.224339
-3.368 -0.901429 0.239574
-3.19404 -1.15842 0.257135
-3.01461 -1.42227 0.276328
-2.83211 -1.68849 0.297097
-2.65006 -1.95161 0.319808
-2.47236 -2.20624 0.344436
-2.30261 -2.44796 0.370118
-2.1439 -2.67389 0.395929
-1.99841 -2.88262 0.421434
-1.86663 -3.07363 0.44625
-1.74709 -3.24673 0.469555
-1.63752 -3.402 0.490492
-1.53591 -3.53952 0.50874
-1.44089 -3.65894 0.524473
-1.35194 -3.75981 0.538071
-1.26958 -3.8423 0.549846
-1.19443 -3.9073 0.559876
-1.12599 -3.95579 0.568053
-1.06244 -3.98831 0.574295
-1.00153 -4.00491 0.578578
-0.941888 -4.00542 0.580881
-0.884162 -3.98963 0.581204
-0.830947 -3.95712 0.579567
-0.785042 -3.90745 0.575896
-0.747959 -3.8409 0.570048
-0.72005 -3.75861 0.561985
-0.701133 -3.66221 0.551876
-0.690743 -3.55348 0.540022
-0.688384 -3.43394 0.526763
-0.693665 -3.30405 0.512324
-0.706088 -3.16258 0.496588
-0.72504 -3.00684 0.479139
-0.750167 -2.83369 0.45956
-0.781123 -2.64037 0.437553
-0.816465 -2.42478 0.412813
-0.853045 -2.1859 0.38509
-0.886649 -1.92454 0.354417
-0.913122 -1.6438 0.321379
-0.929232 -1.34899 0.287005
-0.933788 -1.04765 0.252616
-0.928359 -0.749034 0.220599
-0.915702 -0.461661 0.192863
-0.89747 -0.190256 0.17
-0.874281 0.0646193 0.151896
-0.846761 0.305402 0.137081
-0.815869 0.536341 0.123734
-0.783776 0.761772 0.110672
-0.754411 0.984731 0.0973065
-0.732477 1.2064 0.0832156
-0.72248 1.42558 0.0683546
-0.728465 1.63871 0.0542098
-0.753445 1.84111 0.0421333
-0.798783 2.0285 0.0321792
-0.864751 2.19777 0.0240651
-0.95142 2.34709 0.017499
-1.0586 2.47602 0.0125359
-1.18552 2.58526 0.00919795
-1.33051 2.67586 0.00735727
-1.49029 2.74891 0.00674479
-1.65974 2.80539 0.00692895
-1.83276 2.84584 0.00756721
-2.00341 2.87023 0.0084996
-2.16685 2.87792 0.00963916
-2.31985 2.86771 0.0110527
-2.46062 2.83801 0.012977
-2.58812 2.78715 0.0156214
-2.70175 2.71394 0.0191493
-2.80129 2.61817 0.023791
-2.88703 2.50102 0.0297701
-2.95984 2.36496 0.0372323
-3.02114 2.21342 0.0462376
-3.07267 2.05052 0.0566658
-3.11612 1.8807 0.0680423
-3.1524 1.70799 0.079515
-3.18138 1.53528 0.0894292
-3.20295 1.3634 0.0969904
-3.21782 1.19085 0.103667
-3.22632 1.01505 0.111338
-3.22731 0.834172 0.120976
-3.2185 0.648241 0.132802
-3.1965 0.459279 0.146281
-3.15711 0.270355 0.160205
-3.09646 0.0841747 0.173509
-3.01269 -0.09785 0.185383
-2.90681 -0.275845 0.195635
-2.78206 -0.451097 0.204997
-2.64272 -0.625344 0.214452
-2.49317 -0.799471 0.224707
-2.33702 -0.972315 0.235997
-2.17722 -1.14067 0.248092
-2.01724 -1.30019 0.260606
-1.86201 -1.44668 0.273408
-1.71762 -1.57749 0.286216
-1.58986 -1.69223 0.298299
-1.48281 -1.79224 0.308925
-1.39801 -1.87983 0.317681
-1.33461 -1.95782 0.324749
-1.2903 -2.0287 0.330783
-1.26267 -2.09376 0.336523
-1.25029 -2.15273 0.342577
-1.2529 -2.20402 0.349122
-1.27024 -2.24529 0.355749
-1.30063 -2.27444 0.361573
-1.34052 -2.29033 0.36552
-1.38529 -2.29304 0.366779
-1.43081 -2.28362 0.365167
-1.47467 -2.26401 0.3612
-1.51642 -2.23664 0.355915
-1.55671 -2.20357 0.35052
-1.59611 -2.16598 0.345945
-1.63478 -2.12436 0.342458
-1.67272 -2.07845 0.339706
-1.70973 -2.02696 0.337082
-1.74501 -1.96755 0.333903
-1.77682 -1.89734 0.32948
-1.80258 -1.81349 0.323215
-1.8194 -1.71363 0.314635
-1.82527 -1.59644 0.303539
-1.81996 -1.462 0.290137
-1.80437 -1.31172 0.274953
-1.77887 -1.14807 0.258775
-1.74276 -0.974011 0.242329
-1.69451 -0.792764 0.226008
-1.63267 -0.607599 0.209909
-1.55752 -0.421724 0.194132
-1.47195 -0.238233 0.178926
-1.38058 -0.0601151 0.164392
-1.28783 0.109692 0.150581
-1.197 0.268678 0.137811
-1.1103 0.415567 0.126597
-1.02936 0.550728 0.117286
-0.956151 0.675875 0.109938
-0.893351 0.793636 0.10422
-0.84333 0.907029 0.0992595
-0.807053 1.01828 0.0940587
-0.784028 1.1276 0.0880909
-0.772993 1.23289 0.0813696
-0.772787 1.33042 0.0743138
-0.783012 1.41616 0.0676321
-0.804144 1.4872 0.0621551
-0.83709 1.54249 0.0585502
-0.88273 1.58259 0.0570168
-0.941653 1.60905 0.0572684
-1.01382 1.62382 0.0586523
-1.09823 1.62854 0.0603645
-1.19308 1.62415 0.0617636
-1.29661 1.61112 0.0626943
-1.40787 1.58968 0.0635865
-1.527 1.55999 0.0651789
-1.65448 1.52202 0.0680208
-1.78986 1.47579 0.0720832
-1.9308 1.42138 0.0768012
-2.07337 1.35887 0.0815865
-2.21335 1.28823 0.0863383
-2.34722 1.20942 0.0913996
-2.47205 1.12287 0.0971322
-2.58516 1.0297 0.103644
-2.68389 0.931581 0.110816
-2.76558 0.830336 0.118318
-2.82797 0.727745 0.125622
-2.86975 0.625192 0.132295
-2.89064 0.523371 0.138264
-2.89126 0.422446 0.143799
-2.87315 0.322391 0.149289
-2.83865 0.223039 0.155012
-2.79013 0.124149 0.16095
-2.72979 0.0256037 0.166841
-2.66003 -0.0726164 0.172491
-2.58356 -0.17045 0.177936
-2.5033 -0.267795 0.183363
-2.42214 -0.364521 0.189018
-2.34294 -0.460386 0.195083
-2.26797 -0.555105 0.201495
-2.19878 -0.648406 0.20804
-2.13609 -0.739859 0.214571
-2.07982 -0.828595 0.221049
-2.02977 -0.913258 0.227444
-1.98609 -0.992254 0.233687
-1.94911 -1.06427 0.239677
-1.91888 -1.129 0.245201
-1.89515 -1.18754 0.249906
-1.87766 -1.24222 0.253595
-1.86619 -1.29617 0.256661
-1.86038 -1.35245 0.260011
-1.85966 -1.41296 0.264503
-1.86345 -1.47769 0.270474
-1.87126 -1.54504 0.277689
-1.88245 -1.61255 0.285583
-1.89605 -1.67731 0.293487
-1.9105 -1.73677 0.300772
-1.9236 -1.78926 0.307038
-1.93318 -1.83394 0.312233
-1.9377 -1.87053 0.31653
-1.93598 -1.89896 0.320082
-1.92697 -1.91897 0.3229
-1.91026 -1.92997 0.324921
-1.88629 -1.93119 0.326037
-1.85585 -1.92177 0.326067
-1.81932 -1.901 0.324803
-1.77636 -1.86866 0.322109
