7.89331e-07 2.19862e-08 -0.030041
-0.000178935 -8.19177e-05 -0.0300636
-0.00076213 -0.000283593 -0.0301595
-0.00152139 -0.00046166 -0.0303127
-0.00212876 -0.000540424 -0.0304246
-0.00283972 -0.000539365 -0.0304606
-0.00424461 -0.000486282 -0.0304957
-0.00645672 -0.000434131 -0.0306075
-0.00877339 -0.000427242 -0.030773
-0.0101978 -0.00054351 -0.0308967
-0.0101406 -0.000707569 -0.0308781
-0.00887812 -0.000768103 -0.0306418
-0.00762673 -0.00102561 -0.0303366
-0.00730429 -0.00174612 -0.0303437
-0.00765918 -0.0023758 -0.0307305
-0.00872124 -0.00203357 -0.0310607
-0.0111031 -0.000682084 -0.031047
-0.0140679 0.000644775 -0.0309267
-0.0158812 0.00134705 -0.0308812
-0.0159574 0.00149474 -0.030741
-0.0146098 0.000915224 -0.0305259
-0.0115326 0.000303356 -0.0302738
-0.00664917 0.00110885 -0.0295511
-0.00175068 0.00300503 -0.028265
0.00132395 0.00391788 -0.0273588
0.00238021 0.00300248 -0.0276649
0.00147419 0.00183158 -0.0286945
-0.000944034 0.00176958 -0.0294602
-0.00292278 0.00209101 -0.0298025
-0.00196111 0.00205386 -0.0300054
0.00300235 0.00190197 -0.0298842
0.0102544 0.00148219 -0.0292692
0.0166821 0.000583857 -0.0286802
0.0203652 -0.000103426 -0.0286161
0.0198353 0.00040384 -0.0288194
0.014212 0.00219208 -0.0289362
0.00665834 0.00421861 -0.0290914
0.00235913 0.00512356 -0.0292693
0.00359232 0.00377801 -0.0293034
0.0088065 0.000163376 -0.0293708
0.0133154 -0.00385525 -0.0296263
0.0140933 -0.00574272 -0.0300458
0.013615 -0.00424885 -0.0303116
0.0130082 -0.000868637 -0.0300613
0.00824995 0.000230123 -0.0302487
-0.00174943 -0.0034802 -0.0322696
-0.0120367 -0.00913721 -0.0352786
-0.0184633 -0.0121787 -0.0370426
-0.0204428 -0.0110706 -0.0367526
-0.0176425 -0.00750161 -0.0351004
-0.0117636 -0.00428677 -0.0329392
-0.00815583 -0.00278228 -0.0310056
-0.00902087 -0.00230251 -0.0300478
-0.0125527 -0.00164979 -0.0301473
-0.0192844 -0.000565655 -0.0306655
-0.0291685 0.000201593 -0.0313108
-0.036369 -0.000288476 -0.0321383
-0.0352058 -0.00228928 -0.0326067
-0.025571 -0.00495367 -0.0324291
-0.0113402 -0.00676892 -0.0319529
0.000125788 -0.00665802 -0.0314341
0.00174125 -0.004979 -0.0312621
-0.00665299 -0.00375343 -0.032163
-0.0188271 -0.00492934 -0.0345575
-0.0274268 -0.00788699 -0.037385
-0.0284204 -0.0110431 -0.0387568
-0.0229195 -0.0138091 -0.0380762
-0.0130178 -0.0152038 -0.0363574
0.000581853 -0.0140513 -0.0343107
0.013207 -0.0111618 -0.032207
0.0168715 -0.0092768 -0.0313584
0.0078163 -0.0101717 -0.0329461
-0.0107299 -0.0130081 -0.0362626
-0.0303298 -0.0158645 -0.0395986
-0.0426107 -0.0174714 -0.0421809
-0.0434344 -0.0171458 -0.0429724
-0.0337426 -0.0152116 -0.0409275
-0.0179058 -0.013986 -0.0372554
-0.00137316 -0.0153686 -0.0344107
0.00922906 -0.0177285 -0.0339429
0.0073102 -0.0186504 -0.0348978
-0.00762589 -0.0185676 -0.0368227
-0.0268517 -0.0185288 -0.0402353
-0.0439271 -0.0181652 -0.0434733
-0.0583575 -0.0177349 -0.045377
-0.0659925 -0.0184013 -0.0465584
-0.0607977 -0.0201211 -0.0461667
-0.0439644 -0.021628 -0.0438591
-0.026544 -0.0215812 -0.0405601
-0.0166681 -0.0191621 -0.0371649
-0.0125904 -0.0150398 -0.0348525
-0.0136787 -0.0106615 -0.0335177
-0.0209703 -0.00681228 -0.0332882
-0.0337742 -0.00538362 -0.0350236
-0.0489418 -0.00795139 -0.03811
-0.0579205 -0.0112824 -0.0406684
-0.0556528 -0.0112673 -0.0405738
-0.0415672 -0.0070551 -0.0373612
-0.0171733 0.000901487 -0.0320022
0.00793639 0.00977709 -0.0259374
0.0240682 0.0147559 -0.0221243
0.0290347 0.0134249 -0.0219564
0.0290755 0.00723406 -0.0247588
0.0299483 0.00114111 -0.0279767
0.0269052 0.00117641 -0.0288405
0.0182665 0.00844222 -0.0272103
0.0122485 0.0169983 -0.024876
0.0177608 0.0198749 -0.0235015
0.0330575 0.0165364 -0.0231048
0.0454745 0.0103401 -0.0230802
0.049504 0.00307139 -0.0233582
0.0512649 -0.00208602 -0.0240393
0.0542165 -0.00166783 -0.0241414
0.0496897 0.00181258 -0.0240671
0.0307445 0.00256168 -0.0263301
0.00758991 -0.00225303 -0.0316457
-0.00872684 -0.0109855 -0.0375915
-0.0234668 -0.0193621 -0.0417841
-0.0448036 -0.0240292 -0.0449849
-0.0677479 -0.0235824 -0.0480942
-0.0803854 -0.0201918 -0.0498071
-0.0790903 -0.0189306 -0.0494444
-0.0696733 -0.0218404 -0.0483107
-0.0570877 -0.0271008 -0.0471688
-0.0480223 -0.0317439 -0.045957
-0.051952 -0.0338049 -0.0452549
-0.06951 -0.0338121 -0.0467402
-0.0914641 -0.0329397 -0.0511736
-0.109343 -0.0305433 -0.0569127
-0.123232 -0.0271868 -0.0617391
-0.134505 -0.0263292 -0.064428
-0.137174 -0.0290454 -0.0647661
-0.127337 -0.0327941 -0.0624139
-0.107119 -0.0346396 -0.05752
-0.0792095 -0.0312169 -0.0511378
-0.0510679 -0.0209679 -0.0440688
-0.0331298 -0.00803606 -0.0372659
-0.0264026 0.00216973 -0.0324917
-0.0227093 0.00827798 -0.0300615
-0.0193829 0.0106373 -0.0286219
-0.0190836 0.00983765 -0.0278995
-0.0167184 0.00867739 -0.0278948
-0.00572971 0.0105445 -0.0265881
0.0122856 0.01663 -0.0224258
0.0355945 0.025308 -0.0171005
0.0610155 0.0331211 -0.0118375
0.0813235 0.0362105 -0.00801271
0.0921336 0.0324536 -0.00690844
0.0923428 0.0245069 -0.00895076
0.0873265 0.0178437 -0.0127702
0.0796958 0.0152619 -0.0151937
0.0678799 0.0161507 -0.0166082
0.0592359 0.0186124 -0.0176835
0.0555192 0.0197021 -0.0180451
0.0506296 0.0172183 -0.0186442
0.0455047 0.0122101 -0.0199167
0.0422129 0.00782637 -0.0211751
0.0385235 0.00730412 -0.0215992
0.0300217 0.0120874 -0.0207319
0.0139445 0.0202142 -0.0199776
-0.00802633 0.0287147 -0.019577
-0.0342962 0.0361593 -0.0205067
-0.0626406 0.0443835 -0.0221744
-0.0866985 0.0573783 -0.0210234
-0.102364 0.0782483 -0.0148769
-0.107293 0.108432 -0.00157095
-0.0966256 0.146752 0.0198242
-0.0676854 0.189306 0.0483542
-0.0209228 0.230732 0.0814197
0.0434446 0.266243 0.113782
0.126309 0.292249 0.14257
0.223717 0.307392 0.168382
0.328398 0.313764 0.190141
0.437603 0.315484 0.208842
0.550335 0.316132 0.226547
0.668249 0.316731 0.243671
0.795616 0.3161 0.261393
0.934796 0.312523 0.279479
1.0882 0.304712 0.298634
1.25947 0.292446 0.320585
1.45329 0.277081 0.346984
1.6721 0.260876 0.379985
1.91253 0.245112 0.419169
2.16947 0.230683 0.46386
2.4408 0.221585 0.516026
2.72238 0.222866 0.577542
2.99975 0.232809 0.647975
3.24804 0.242252 0.722329
3.43896 0.244301 0.79172
3.55009 0.239723 0.849981
3.57118 0.233452 0.893994
3.50422 0.230869 0.921035
3.36178 0.235685 0.929384
3.16589 0.249868 0.920413
2.94165 0.275293 0.899415
2.70879 0.313971 0.873491
2.47561 0.363808 0.848316
2.25337 0.411547 0.823526
2.09398 0.437727 0.792663
2.06403 0.436101 0.757925
2.17453 0.414926 0.737358
2.381 0.381725 0.745294
2.63269 0.338268 0.770239
2.88815 0.283239 0.795733
3.11442 0.214026 0.811231
3.28295 0.13194 0.811163
3.34714 0.0480269 0.789293
3.27217 -0.0227876 0.742882
3.05993 -0.0736277 0.679483
2.71032 -0.106842 0.598189
2.22327 -0.129734 0.494466
1.6374 -0.15417 0.366383
1.0038 -0.187322 0.219886
0.337324 -0.232176 0.0749841
-0.356259 -0.292964 -0.0536558
-1.01005 -0.369822 -0.16668
-1.53119 -0.461642 -0.271487
-1.95821 -0.56029 -0.356858
-2.34941 -0.662166 -0.404831
-2.63858 -0.765195 -0.433216
-2.80209 -0.859649 -0.442301
-2.87229 -0.943301 -0.421239
-2.87178 -1.01819 -0.391267
-2.84713 -1.09154 -0.365156
-2.84033 -1.16285 -0.342457
-2.85947 -1.22257 -0.327034
-2.91332 -1.26522 -0.319339
-3.01615 -1.28865 -0.311805
-3.15477 -1.29001 -0.307077
-3.30354 -1.27108 -0.311918
-3.44994 -1.24071 -0.320101
-3.59055 -1.20874 -0.327819
-3.73114 -1.18383 -0.338029
-3.87916 -1.17184 -0.352452
-4.03283 -1.1757 -0.373848
-4.19297 -1.19632 -0.401293
-4.36657 -1.23519 -0.42879
-4.5699 -1.28871 -0.455547
-4.82095 -1.34437 -0.482672
-5.11776 -1.38722 -0.508206
-5.43529 -1.4074 -0.529768
-5.74062 -1.40259 -0.544468
-6.00836 -1.37695 -0.549518
-6.22506 -1.33594 -0.545077
-6.38361 -1.28108 -0.533703
-6.48266 -1.21152 -0.516736
-6.52851 -1.1294 -0.49398
-6.52829 -1.04179 -0.466657
-6.48266 -0.957094 -0.438449
-6.38786 -0.881518 -0.413075
-6.24038 -0.818859 -0.391615
-6.04213 -0.771526 -0.374369
-5.803 -0.742508 -0.362462
-5.53331 -0.735686 -0.356071
-5.24753 -0.749915 -0.354806
-4.97571 -0.771739 -0.356862
-4.74511 -0.779996 -0.360314
-4.55634 -0.761155 -0.364299
-4.39474 -0.715415 -0.36687
-4.24953 -0.651683 -0.367285
-4.10987 -0.582167 -0.365713
-3.96244 -0.516102 -0.363252
-3.80208 -0.456483 -0.361549
-3.63335 -0.40318 -0.364709
-3.46087 -0.361179 -0.375835
-3.28163 -0.338896 -0.3885
-3.09322 -0.336006 -0.395769
-2.90135 -0.341787 -0.393168
-2.70257 -0.341272 -0.376797
-2.48068 -0.320623 -0.347936
-2.22726 -0.274223 -0.309979
-1.95077 -0.206704 -0.265321
-1.66639 -0.124479 -0.217983
-1.37879 -0.0334449 -0.174286
-1.08373 0.0569198 -0.135972
-0.782477 0.135772 -0.0948457
-0.479117 0.201152 -0.0477821
-0.171178 0.263298 0.00625457
0.139368 0.328798 0.081306
0.437112 0.393996 0.175335
0.71042 0.456267 0.274086
0.963474 0.514706 0.371101
1.20307 0.56611 0.460643
1.43099 0.608126 0.5408
1.64911 0.642386 0.613722
1.85707 0.673582 0.683051
2.04979 0.704593 0.750236
2.22182 0.735258 0.813713
2.36945 0.765131 0.871101
2.48779 0.795648 0.921744
2.57151 0.82959 0.966224
2.62087 0.869668 1.00497
2.64252 0.916536 1.03849
2.64438 0.967067 1.0673
2.62992 1.01546 1.09136
2.59966 1.05498 1.10805
2.56093 1.07993 1.11461
2.52432 1.08851 1.11213
2.49225 1.08384 1.10343
2.46584 1.07114 1.0913
2.45263 1.05378 1.07822
2.4566 1.03294 1.06617
2.47269 1.0097 1.05594
2.49747 0.985425 1.04675
2.53382 0.961002 1.03809
2.58239 0.937 1.03
2.63913 0.9142 1.02207
2.69922 0.893221 1.01371
2.75604 0.874357 1.00413
2.7977 0.857222 0.991687
2.80754 0.839974 0.974778
2.77002 0.820191 0.951567
2.67594 0.796844 0.920239
2.52508 0.772199 0.880304
2.32916 0.751531 0.832911
2.10801 0.739186 0.781354
1.87819 0.73617 0.72942
1.64936 0.74193 0.680154
1.42947 0.755613 0.635982
1.2253 0.775865 0.598795
1.03987 0.800957 0.570052
0.875447 0.828772 0.550804
0.737011 0.855133 0.540971
0.628079 0.873814 0.538342
0.544806 0.879876 0.539107
0.477594 0.870913 0.539374
0.415976 0.845459 0.535615
0.350148 0.802936 0.525094
0.271052 0.745607 0.507438
0.171811 0.677741 0.484808
0.0494416 0.602151 0.457871
-0.0947833 0.518709 0.424389
-0.255318 0.426594 0.382435
-0.422254 0.326542 0.332502
-0.58295 0.22138 0.277288
-0.725973 0.11516 0.220836
-0.847718 0.0091463 0.167687
-0.958889 -0.099158 0.120573
-1.07866 -0.212456 0.0780279
-1.21987 -0.331413 0.0349949
-1.38196 -0.456861 -0.0150101
-1.55417 -0.594179 -0.075216
-1.72513 -0.751615 -0.141285
-1.88665 -0.932157 -0.207651
-2.03073 -1.12716 -0.269868
-2.15465 -1.31938 -0.321431
-2.26407 -1.49446 -0.360353
-2.36743 -1.64764 -0.388901
-2.47005 -1.77914 -0.408217
-2.57012 -1.89025 -0.42071
-2.66298 -1.9863 -0.43059
-2.74689 -2.07599 -0.441177
-2.8183 -2.16606 -0.454002
-2.87484 -2.25781 -0.468902
-2.922 -2.34875 -0.482744
-2.96667 -2.43653 -0.493127
-3.01545 -2.52005 -0.500416
-3.07426 -2.59948 -0.504677
-3.14227 -2.676 -0.506474
-3.21311 -2.75058 -0.506971
-3.28157 -2.82164 -0.506385
-3.3435 -2.88486 -0.504323
-3.39545 -2.93505 -0.501013
-3.43925 -2.968 -0.496349
-3.48281 -2.98161 -0.490155
-3.53367 -2.97509 -0.482742
-3.59151 -2.94777 -0.474078
-3.65005 -2.89955 -0.46361
-3.70402 -2.83253 -0.450639
-3.74923 -2.75117 -0.435135
-3.78044 -2.66186 -0.417685
-3.79552 -2.57263 -0.399214
-3.79879 -2.48977 -0.38109
-3.79707 -2.41441 -0.364576
-3.7927 -2.34417 -0.349967
-3.78038 -2.2753 -0.336341
-3.75127 -2.20353 -0.3217
-3.69974 -2.12418 -0.304165
-3.62572 -2.03178 -0.282747
-3.53334 -1.92145 -0.257193
-3.42763 -1.79038 -0.227861
-3.31031 -1.63815 -0.194928
-3.17907 -1.46649 -0.156196
-3.03369 -1.27822 -0.110104
-2.87707 -1.0771 -0.0583981
-2.71189 -0.8686 -0.00300748
-2.54934 -0.661932 0.0563239
-2.41641 -0.468024 0.117858
-2.33752 -0.29304 0.174714
-2.31466 -0.136425 0.222763
-2.33349 0.00903782 0.263657
-2.37506 0.156271 0.302251
-2.41446 0.317312 0.34546
-2.41934 0.495981 0.39745
-2.3634 0.689319 0.460295
-2.23568 0.890665 0.534473
-2.03641 1.09073 0.616488
-1.77615 1.2812 0.70466
-1.47228 1.45499 0.803701
-1.13444 1.60654 0.910428
-0.760441 1.73589 1.0146
-0.352724 1.84667 1.11699
0.0745649 1.94205 1.22275
0.502798 2.02467 1.33164
0.914331 2.0953 1.43978
1.29311 2.15349 1.54102
1.62309 2.20068 1.63043
1.89406 2.2409 1.70592
2.10712 2.28083 1.7663
2.26923 2.32642 1.81474
2.38483 2.37862 1.85644
2.45501 2.43461 1.8931
2.48614 2.48997 1.92343
2.48987 2.53943 1.94605
2.475 2.57824 1.96078
2.44889 2.60249 1.96762
2.42188 2.60908 1.96648
2.40407 2.59572 1.9566
2.39976 2.56174 1.9373
2.40665 2.50852 1.90928
2.42123 2.43945 1.87193
2.44551 2.35926 1.83164
2.48526 2.27238 1.78904
2.53897 2.1818 1.74175
2.60055 2.08951 1.69546
2.67558 1.99692 1.64943
2.77301 1.9045 1.60259
2.88828 1.81071 1.55633
3.01155 1.71228 1.5102
3.1372 1.60617 1.46185
3.26007 1.49034 1.40903
3.37223 1.36313 1.34913
3.46568 1.22202 1.28031
3.53271 1.06317 1.20076
3.56109 0.883807 1.10913
3.53808 0.687174 1.00829
3.46034 0.482222 0.902609
3.33341 0.277499 0.795383
3.16349 0.0788284 0.690802
2.95425 -0.109275 0.592553
2.71289 -0.28418 0.502104
2.4496 -0.448015 0.417638
2.17229 -0.606803 0.337075
1.89068 -0.765739 0.261221
1.61783 -0.926474 0.1912
1.36464 -1.08771 0.126907
1.13906 -1.24706 0.0679929
0.947894 -1.4019 0.0155944
0.793265 -1.549 -0.0281874
0.668725 -1.68308 -0.0609993
0.563633 -1.79909 -0.0822776
0.472441 -1.89692 -0.0951191
0.396135 -1.97812 -0.102521
0.334754 -2.04365 -0.10603
0.280172 -2.0969 -0.107632
0.217557 -2.14372 -0.109851
0.135971 -2.19128 -0.115467
0.0318635 -2.24469 -0.126133
-0.0980045 -2.30512 -0.141963
-0.258117 -2.37195 -0.162879
-0.447289 -2.44412 -0.18866
-0.656837 -2.5196 -0.218131
-0.878229 -2.59502 -0.249701
-1.10863 -2.66581 -0.281749
-1.34627 -2.72621 -0.311752
-1.58405 -2.77057 -0.338515
-1.81324 -2.7952 -0.362109
-2.03126 -2.79879 -0.381882
-2.23959 -2.78244 -0.397533
-2.43622 -2.74917 -0.40922
-2.61455 -2.7027 -0.417217
-2.76721 -2.64665 -0.42171
-2.88686 -2.58369 -0.422563
-2.96667 -2.51546 -0.419149
-3.00455 -2.4434 -0.410799
-3.0065 -2.36923 -0.397273
-2.98184 -2.29365 -0.379027
-2.9369 -2.21531 -0.356702
-2.88019 -2.13175 -0.331331
-2.82652 -2.04086 -0.303108
-2.78637 -1.94096 -0.272954
-2.75977 -1.83098 -0.241779
-2.7433 -1.71108 -0.208356
-2.73456 -1.58273 -0.173136
-2.73162 -1.44737 -0.136262
-2.73479 -1.30546 -0.0955527
-2.74644 -1.1572 -0.0514122
-2.76521 -1.00277 -0.00558905
-2.78301 -0.841774 0.0430826
-2.79005 -0.674016 0.0975955
-2.77858 -0.500877 0.160338
-2.73859 -0.325058 0.230983
-2.65928 -0.148747 0.306965
-2.53916 0.0270383 0.384963
-2.38627 0.200954 0.462486
-2.20911 0.37052 0.538348
-2.01324 0.532697 0.611839
-1.80461 0.68464 0.681713
-1.59007 0.824697 0.746479
-1.37423 0.953027 0.80522
-1.16131 1.07113 0.858138
-0.957608 1.18096 0.905542
-0.766475 1.28465 0.946822
-0.585599 1.38451 0.981614
-0.412123 1.48217 1.01037
-0.246371 1.57747 1.03491
-0.0888471 1.6673 1.06069
0.061155 1.74504 1.09573
0.202675 1.80515 1.13481
0.332413 1.84723 1.16697
0.447281 1.87172 1.18996
0.546806 1.87778 1.20301
0.632781 1.86668 1.20594
0.709031 1.84236 1.19947
0.781279 1.80997 1.18505
0.854723 1.77385 1.16499
0.932944 1.73655 1.14191
1.01861 1.69925 1.11804
1.11343 1.66289 1.09507
1.21682 1.62833 1.07453
1.32455 1.5946 1.0575
1.42982 1.55823 1.04355
1.52667 1.5156 1.03011
1.61341 1.46517 1.01405
1.69244 1.40649 0.993296
1.76696 1.33884 0.966536
1.83735 1.26158 0.932669
1.90082 1.17562 0.891956
1.95399 1.08364 0.846994
1.99397 0.98912 0.800674
2.01817 0.895417 0.754233
2.02556 0.804849 0.708329
2.01805 0.718242 0.663793
1.99884 0.635425 0.62086
1.97119 0.555729 0.579486
1.94007 0.477926 0.539942
1.91145 0.400609 0.502411
1.88918 0.322756 0.466965
1.87495 0.243505 0.433817
1.86996 0.161954 0.403095
1.87301 0.0774737 0.374666
1.87862 -0.00990533 0.348227
1.87858 -0.0989181 0.323062
1.86442 -0.18631 0.298353
1.82924 -0.267837 0.273378
1.76923 -0.340868 0.24737
1.6845 -0.404771 0.219632
1.57885 -0.459924 0.190022
1.45738 -0.508071 0.158887
1.32375 -0.552422 0.126854
1.18057 -0.596855 0.0947271
1.0316 -0.64462 0.0630344
0.881893 -0.696948 0.0324976
0.737518 -0.752699 0.004435
0.604854 -0.809062 -0.0196683
0.487975 -0.86328 -0.0389633
0.385805 -0.914034 -0.0536522
0.291528 -0.960498 -0.0646683
0.195712 -1.00165 -0.0739716
0.0901184 -1.03672 -0.0841416
-0.0307513 -1.06502 -0.0964808
-0.168515 -1.08674 -0.111051
-0.320105 -1.10322 -0.127607
-0.478568 -1.11519 -0.145351
-0.635492 -1.122 -0.1628
-0.784555 -1.12376 -0.178517
-0.923793 -1.12365 -0.192149
-1.05431 -1.12719 -0.204482
-1.17735 -1.13797 -0.216055
-1.29289 -1.15498 -0.226799
-1.39979 -1.17459 -0.236559
-1.49618 -1.19253 -0.244377
-1.5803 -1.20411 -0.249529
-1.65245 -1.20566 -0.252177
-1.71551 -1.19537 -0.252237
-1.77235 -1.1731 -0.249643
-1.82357 -1.14037 -0.244427
-1.8682 -1.09973 -0.236442
-1.90556 -1.05405 -0.225793
-1.93541 -1.00644 -0.213002
-1.9572 -0.959334 -0.19885
-1.96995 -0.913893 -0.183934
-1.97278 -0.87008 -0.168328
-1.96536 -0.82707 -0.151987
-1.94833 -0.783909 -0.134808
-1.92364 -0.740145 -0.116688
-1.89375 -0.696034 -0.0981005
-1.85997 -0.652107 -0.0796591
-1.82119 -0.608418 -0.0615779
-1.77485 -0.563667 -0.0435407
-1.71953 -0.514405 -0.024532
-1.65614 -0.456871 -0.00348499
-1.58773 -0.39035 0.0197896
-1.51795 -0.317306 0.0444099
-1.44914 -0.241537 0.0688813
-1.38214 -0.166987 0.0914004
-1.31874 -0.0974077 0.110071
-1.26261 -0.0369357 0.124271
-1.2152 0.0113134 0.135311
-1.17399 0.0475623 0.144334
-1.13605 0.0752459 0.15191
-1.0974 0.0998451 0.158773
-1.05253 0.126195 0.165035
-0.998724 0.156701 0.171338
-0.936296 0.192249 0.179147
-0.865735 0.232149 0.188874
-0.787707 0.274054 0.199805
-0.703748 0.314959 0.211068
-0.616396 0.351199 0.220194
-0.529782 0.378237 0.225
-0.448189 0.393316 0.226708
-0.372337 0.397833 0.226439
-0.299166 0.395589 0.224373
-0.224569 0.390709 0.221523
-0.145846 0.386096 0.218668
-0.0627054 0.38236 0.215962
0.0234004 0.378888 0.213354
0.108626 0.375475 0.210715
0.186749 0.372332 0.207894
0.253285 0.369173 0.204683
0.308501 0.364902 0.200838
0.355177 0.357906 0.196323
0.395712 0.346904 0.191475
0.432358 0.331796 0.18645
0.468297 0.313689 0.181699
0.506924 0.294233 0.178084
0.550674 0.275053 0.176054
0.600794 0.257225 0.175982
0.657303 0.240749 0.178255
0.718683 0.224651 0.18246
0.782307 0.207564 0.187715
0.845614 0.188415 0.193216
0.90659 0.166963 0.197985
0.963607 0.143581 0.201406
1.01541 0.118792 0.203263
1.06103 0.0929333 0.203377
1.09913 0.0659884 0.201551
1.12729 0.0378268 0.197472
1.14317 0.00833183 0.190808
1.14661 -0.0224308 0.181605
1.13986 -0.0539337 0.170622
1.12509 -0.0853196 0.158984
1.10213 -0.115604 0.147347
1.06942 -0.143731 0.135746
1.02686 -0.168951 0.123924
0.976328 -0.191303 0.111659
0.920028 -0.211828 0.0990002
0.860201 -0.232356 0.0860847
0.799527 -0.254417 0.0729775
0.740957 -0.278176 0.0599436
0.687338 -0.302643 0.0476129
0.640407 -0.326411 0.0367021
0.599559 -0.348088 0.0276125
0.562538 -0.36699 0.0202542
0.527629 -0.38338 0.0141493
0.493788 -0.397475 0.00863177
0.458933 -0.408891 0.00317844
0.420009 -0.417252 -0.00247361
0.374636 -0.422766 -0.00857013
0.321678 -0.425899 -0.0153845
0.260945 -0.426761 -0.0228592
0.192966 -0.425387 -0.0306009
0.118596 -0.422382 -0.038325
0.039168 -0.418766 -0.045992
-0.0428779 -0.415081 -0.0534531
-0.124943 -0.410867 -0.0602527
-0.205612 -0.405089 -0.0658171
-0.283321 -0.39666 -0.069636
-0.355008 -0.384603 -0.0712466
-0.418136 -0.368398 -0.0703454
-0.472806 -0.348166 -0.0668753
-0.52066 -0.324365 -0.0608936
-0.563014 -0.297434 -0.0523519
-0.600644 -0.267703 -0.0413656
-0.63381 -0.235546 -0.0284635
-0.661643 -0.201511 -0.0139292
-0.682953 -0.166405 0.00214207
-0.698571 -0.13132 0.0192148
-0.711688 -0.0974599 0.0366303
-0.726238 -0.0655819 0.053782
-0.746054 -0.0354439 0.0701054
-0.773481 -0.00610076 0.08524
-0.807517 0.0232639 0.0990254
-0.844536 0.0527623 0.111546
-0.881515 0.0817909 0.122902
-0.917924 0.109409 0.133008
-0.954193 0.134537 0.141717
-0.989857 0.156051 0.149151
-1.0239 0.173231 0.155765
-1.05524 0.186189 0.16207
-1.08156 0.195613 0.168435
-1.09915 0.20223 0.174951
-1.10495 0.206611 0.18146
-1.09838 0.20909 0.187583
-1.08106 0.209627 0.192818
-1.05569 0.208024 0.196783
-1.02467 0.204431 0.199232
-0.988946 0.199302 0.20007
-0.948677 0.192797 0.199278
-0.905166 0.184472 0.196704
-0.861491 0.173575 0.1919
-0.821511 0.159514 0.18425
-0.789018 0.142178 0.173428
-0.766548 0.122257 0.159512
-0.753803 0.100972 0.143021
-0.748283 0.0790106 0.12474
-0.747732 0.0557622 0.105069
-0.751344 0.0298075 0.0837889
-0.757881 0.000115723 0.0609605
-0.762551 -0.0332153 0.0379478
-0.758568 -0.0688413 0.0163419
-0.740641 -0.104591 -0.00246901
-0.704645 -0.138438 -0.0175015
-0.648617 -0.169158 -0.0285253
-0.574226 -0.196577 -0.0354079
-0.485905 -0.221618 -0.0386593
-0.389665 -0.245692 -0.0396031
-0.291491 -0.269852 -0.0393879
-0.196466 -0.294035 -0.0384653
-0.108517 -0.317188 -0.0372091
-0.0305063 -0.338221 -0.0361398
0.0355715 -0.356573 -0.0355543
0.0889518 -0.372309 -0.0354504
0.130271 -0.386153 -0.0358171
0.161221 -0.399318 -0.0366584
0.18449 -0.412698 -0.037768
0.203413 -0.426301 -0.0387589
0.220695 -0.439436 -0.0392566
0.238058 -0.451033 -0.0389982
0.257314 -0.459881 -0.0377754
0.280285 -0.465133 -0.0354524
0.307435 -0.467063 -0.0320839
0.337985 -0.467169 -0.0279829
0.371242 -0.467093 -0.0235283
0.40675 -0.467525 -0.0189089
0.443326 -0.468365 -0.0141555
0.479285 -0.469403 -0.00937337
0.513363 -0.470502 -0.00478587
0.544339 -0.471485 -0.000631955
0.570519 -0.472085 0.00287326
0.590528 -0.472009 0.00556572
0.603977 -0.470912 0.00740976
0.610948 -0.46807 0.00855141
0.611405 -0.462401 0.00925653
0.605101 -0.452976 0.00977203
0.591668 -0.439704 0.0101776
0.570801 -0.423597 0.0103081
0.542311 -0.406078 0.00991141
0.506175 -0.388153 0.00882698
0.463039 -0.369916 0.00701879
0.414674 -0.350436 0.00468824
0.363677 -0.32841 0.0023393
0.312541 -0.303072 0.000548451
0.263277 -0.274772 -0.000275481
0.217964 -0.244731 0.000191685
0.178869 -0.214068 0.00228866
0.147482 -0.18304 0.00638512
0.123595 -0.150818 0.0126972
0.105597 -0.116131 0.0214625
0.0912945 -0.0780938 0.0330464
0.0780395 -0.036533 0.0472179
0.0627495 0.00764166 0.0629852
0.041861 0.0525733 0.0791147
0.0115051 0.0960452 0.0944312
-0.0311091 0.136115 0.107891
-0.086221 0.171925 0.118889
-0.151275 0.203967 0.127742
-0.222149 0.233749 0.135564
-0.294865 0.263408 0.143488
-0.366293 0.294704 0.152261
-0.434013 0.327825 0.162149
-0.496021 0.361365 0.173006
-0.550169 0.3929 0.184609
-0.594011 0.419771 0.196729
-0.625384 0.44004 0.209178
-0.643315 0.453003 0.221819
-0.648743 0.459161 0.234288
-0.64444 0.459784 0.245953
-0.63418 0.456437 0.256193
-0.621905 0.450694 0.26454
-0.611377 0.44386 0.270722
-0.605905 0.436622 0.274569
-0.607735 0.429095 0.275856
-0.617295 0.421024 0.274343
-0.633268 0.411792 0.269929
-0.653962 0.400603 0.262706
-0.678921 0.386569 0.252828
-0.708846 0.368559 0.240385
-0.743459 0.345398 0.225637
-0.779738 0.316455 0.209112
-0.812784 0.282073 0.191441
-0.837972 0.243495 0.173233
-0.852252 0.202381 0.1549
-0.854765 0.160261 0.136821
-0.846801 0.118203 0.1194
-0.830756 0.0765649 0.102715
-0.808894 0.0347477 0.0864968
-0.782691 -0.00868961 0.0702915
-0.753497 -0.055344 0.0535365
-0.723907 -0.106193 0.0357022
-0.697328 -0.161235 0.016435
-0.675916 -0.219458 -0.00402294
-0.66002 -0.279034 -0.0250097
-0.649196 -0.337873 -0.0461288
-0.642173 -0.394475 -0.0670488
-0.63616 -0.448377 -0.086807
-0.627498 -0.499809 -0.104408
-0.613413 -0.548953 -0.119538
-0.592751 -0.595435 -0.131992
-0.565394 -0.638597 -0.141623
-0.531995 -0.677895 -0.148181
-0.493814 -0.712702 -0.151552
-0.452317 -0.742425 -0.152348
-0.408797 -0.766989 -0.151558
-0.363624 -0.786686 -0.149933
-0.316159 -0.801818 -0.147718
-0.266354 -0.812895 -0.144878
-0.216023 -0.820946 -0.141384
-0.167732 -0.827117 -0.137368
-0.123077 -0.831848 -0.132997
-0.0825884 -0.834535 -0.128366
-0.0465619 -0.833934 -0.123508
-0.0153505 -0.829058 -0.118543
0.0105984 -0.819785 -0.11376
0.0307208 -0.806716 -0.109495
0.0450452 -0.790917 -0.105913
0.0548157 -0.773748 -0.102897
0.0618492 -0.756179 -0.100048
0.0676492 -0.738148 -0.0968522
0.0733322 -0.718729 -0.0929418
0.0798443 -0.6967 -0.0881864
0.0880197 -0.671029 -0.082638
0.0984688 -0.641136 -0.0764208
0.111214 -0.607094 -0.0695827
0.125258 -0.569758 -0.0621812
0.138754 -0.530309 -0.0544368
0.149844 -0.489472 -0.0465429
0.157317 -0.447354 -0.0384903
0.160624 -0.403999 -0.0302036
0.159738 -0.359688 -0.0215872
0.155116 -0.314729 -0.0125765
0.147137 -0.269421 -0.00322418
0.135341 -0.224024 0.0066162
0.118899 -0.178406 0.0171172
0.0977768 -0.132115 0.0280373
0.0723619 -0.0848679 0.0391798
0.0423896 -0.0366775 0.0503736
0.00786277 0.0119146 0.0612525
-0.0300937 0.0595914 0.0716017
-0.0704761 0.104723 0.0813675
-0.11292 0.146072 0.0904895
-0.156478 0.183232 0.0990419
-0.19906 0.216558 0.107561
-0.238368 0.24698 0.116722
-0.272612 0.275764 0.126856
-0.300349 0.30381 0.138041
-0.320403 0.331316 0.150135
-0.33225 0.358048 0.162892
-0.336627 0.383389 0.176155
-0.335462 0.40641 0.189639
-0.330724 0.426251 0.202857
-0.323573 0.442415 0.215347
-0.314728 0.454825 0.226766
-0.305196 0.463671 0.23682
-0.296363 0.469085 0.245195
-0.289784 0.471022 0.251515
-0.28695 0.469317 0.255373
-0.288975 0.463924 0.256459
-0.296343 0.455232 0.254711
-0.308852 0.444078 0.250339
-0.325832 0.431518 0.243736
-0.34637 0.418219 0.23532
-0.369283 0.403918 0.225354
-0.393305 0.387492 0.213938
-0.417417 0.36733 0.201148
-0.440561 0.341811 0.187123
-0.460929 0.309922 0.172022
-0.476185 0.272164 0.156133
-0.484683 0.230693 0.140111
-0.486094 0.188104 0.124797
-0.481064 0.146369 0.110723
-0.470498 0.10626 0.0979124
-0.455129 0.0672322 0.0859225
-0.435982 0.0278693 0.0740459
-0.415081 -0.0133991 0.0616426
-0.395536 -0.0574181 0.0482094
-0.38081 -0.10385 0.0334602
-0.37368 -0.151479 0.0175177
-0.375714 -0.198917 0.000548503
-0.386874 -0.244857 -0.0173278
-0.405004 -0.288124 -0.0356299
-0.426518 -0.328042 -0.0535914
-0.447782 -0.364554 -0.0703036
-0.46588 -0.397883 -0.0848328
-0.47897 -0.428381 -0.0968559
-0.486202 -0.456512 -0.106561
-0.486945 -0.482568 -0.114128
-0.48021 -0.506442 -0.119466
-0.464862 -0.527598 -0.122416
-0.440245 -0.545141 -0.123104
-0.406957 -0.558034 -0.121775
-0.367505 -0.565632 -0.118744
-0.326039 -0.568108 -0.114428
-0.286954 -0.566464 -0.109426
-0.253464 -0.562316 -0.104395
-0.226937 -0.557318 -0.0998967
-0.207052 -0.552483 -0.0962294
-0.19294 -0.547883 -0.0933918
-0.184242 -0.542934 -0.0912002
-0.180689 -0.536762 -0.0894
-0.180896 -0.528267 -0.0876039
-0.182307 -0.516603 -0.0852996
-0.18241 -0.501842 -0.0820942
-0.179606 -0.484813 -0.0778714
-0.173331 -0.466342 -0.0727281
-0.164 -0.446701 -0.0668598
-0.152383 -0.425617 -0.0604027
-0.138748 -0.402624 -0.0533831
-0.122897 -0.37755 -0.045811
-0.105207 -0.350845 -0.0377119
-0.0873885 -0.323289 -0.0293077
-0.0718507 -0.295429 -0.0209823
-0.0602772 -0.267254 -0.0129012
-0.0530803 -0.238302 -0.00493106
-0.0497067 -0.208206 0.0030648
-0.0492571 -0.177116 0.0110215
-0.0515166 -0.145756 0.0187148
-0.057631 -0.115221 0.025787
-0.0693662 -0.0865512 0.031825
-0.0872661 -0.0603183 0.0365765
-0.109537 -0.0362153 0.0401951
-0.132742 -0.0130352 0.0432831
-0.153466 0.0105534 0.046615
-0.169632 0.0350098 0.0507464
-0.180719 0.0597387 0.0558304
-0.187154 0.0837089 0.0617597
-0.189553 0.105943 0.0683743
-0.188169 0.125689 0.0754921
-0.183076 0.14253 0.0828315
-0.175044 0.15653 0.0900337
-0.165846 0.168416 0.096803
-0.157623 0.179518 0.10303
-0.152352 0.191173 0.108785
-0.151795 0.203919 0.114104
-0.157129 0.217142 0.118803
-0.168355 0.229342 0.122546
-0.184244 0.238808 0.125045
-0.202664 0.244478 0.126258
-0.221176 0.246591 0.126509
-0.237942 0.246526 0.126416
-0.252306 0.245694 0.126558
-0.26432 0.244505 0.12715
-0.273833 0.242263 0.127991
-0.280337 0.237866 0.128684
-0.28342 0.23058 0.128904
-0.283303 0.220331 0.128505
-0.281164 0.207586 0.127428
-0.27893 0.19313 0.125603
-0.278591 0.177698 0.122944
-0.281445 0.161592 0.119347
-0.287866 0.144549 0.114684
-0.297669 0.125988 0.108776
-0.310468 0.10535 0.101476
-0.325694 0.0823882 0.0928242
-0.34266 0.0574744 0.0830556
-0.360934 0.0315219 0.0725408
-0.380392 0.00532057 0.0616051
-0.40063 -0.0208984 0.0503876
-0.420564 -0.0473014 0.0388981
-0.438861 -0.0741032 0.0272265
-0.454592 -0.101245 0.0156395
-0.467302 -0.128454 0.00436477
-0.476805 -0.15545 -0.00644843
-0.483228 -0.182011 -0.0166459
-0.487165 -0.208021 -0.0261388
-0.489368 -0.233345 -0.0349277
-0.489979 -0.257635 -0.0429972
-0.488489 -0.280232 -0.0502543
-0.484688 -0.300446 -0.0565859
-0.479036 -0.318006 -0.0619484
-0.472041 -0.333333 -0.0663902
-0.463969 -0.347511 -0.0700442
-0.455291 -0.361724 -0.0731811
-0.446843 -0.37654 -0.0760704
-0.439218 -0.391627 -0.0788159
-0.432221 -0.405937 -0.0813494
-0.425076 -0.418178 -0.0835016
-0.417082 -0.427485 -0.0851154
-0.407808 -0.434115 -0.0861654
-0.396719 -0.439265 -0.0867494
-0.383117 -0.444083 -0.086901
-0.366451 -0.449113 -0.0865154
-0.346438 -0.454196 -0.0854535
-0.323203 -0.458642 -0.0836358
-0.297473 -0.461703 -0.0811238
-0.270336 -0.462855 -0.0781253
-0.242913 -0.461843 -0.0748772
-0.216614 -0.458687 -0.0715817
-0.193244 -0.453695 -0.0684453
-0.174422 -0.447256 -0.0656668
-0.16046 -0.43975 -0.0633533
-0.150195 -0.431527 -0.0614573
