1.21994e-06 -2.15485e-07 -0.0613356
-0.000190262 -0.000124365 -0.0613363
-0.000914462 -0.000560872 -0.0613455
-0.00224626 -0.00130009 -0.0614047
-0.00412274 -0.00220531 -0.0615813
-0.00681875 -0.00313303 -0.0618566
-0.010982 -0.00393082 -0.0620993
-0.0171667 -0.00440234 -0.0622542
-0.0253236 -0.00435582 -0.0624035
-0.034651 -0.00386248 -0.0625665
-0.0437564 -0.00310901 -0.0626146
-0.0513311 -0.00220173 -0.0624473
-0.0569669 -0.00175067 -0.0621403
-0.0606504 -0.00280508 -0.0618788
-0.0619624 -0.00551662 -0.0619293
-0.0609087 -0.00834471 -0.0625973
-0.058387 -0.00928768 -0.0637324
-0.0551587 -0.00770782 -0.0644672
-0.0517901 -0.00367573 -0.0640367
-0.0493217 0.0028409 -0.0626264
-0.0483062 0.0106593 -0.0609547
-0.047461 0.0178195 -0.0594592
-0.0447859 0.023681 -0.0584358
-0.0396287 0.0283131 -0.058185
-0.0320641 0.0302641 -0.0583234
-0.0221545 0.0275924 -0.058141
-0.0108545 0.0214257 -0.0580477
0.00057881 0.0151593 -0.0590951
0.011731 0.0099039 -0.0609887
0.0229607 0.00472829 -0.0621794
0.0346429 0.000268112 -0.062003
0.0464566 -0.00185077 -0.0612384
0.0577426 -0.00196826 -0.0605103
0.0681906 -0.00174907 -0.059826
0.0765472 -0.000934592 -0.0595716
0.0804569 0.00255141 -0.0601484
0.0794614 0.00930798 -0.0608477
0.0750742 0.0174872 -0.0604833
0.0687577 0.0240608 -0.0587962
0.061197 0.0256385 -0.0565722
0.0512595 0.0194229 -0.0551306
0.038267 0.00512037 -0.0560253
0.0254902 -0.0136664 -0.0600406
0.0162276 -0.031595 -0.0658492
0.00913868 -0.0463193 -0.0703345
0.00129859 -0.0585695 -0.0710972
-0.00880938 -0.0674023 -0.0691224
-0.022715 -0.0699634 -0.0679041
-0.0406106 -0.0655643 -0.0690342
-0.058554 -0.0567215 -0.0704435
-0.0732816 -0.0459641 -0.0697629
-0.0863092 -0.0332145 -0.0670194
-0.098625 -0.0176373 -0.0636804
-0.108731 -0.000386627 -0.0612245
-0.116705 0.0156963 -0.0603106
-0.123172 0.0277133 -0.0601957
-0.12651 0.0330444 -0.0597091
-0.125338 0.0291993 -0.058961
-0.119596 0.0151557 -0.0590788
-0.107993 -0.00705403 -0.0608669
-0.0904633 -0.0325905 -0.0643776
-0.0708584 -0.0556892 -0.0689057
-0.0532682 -0.0722179 -0.0728554
-0.0398327 -0.0805876 -0.0746294
-0.0304981 -0.0804003 -0.0739521
-0.0240848 -0.0732113 -0.0717135
-0.0210567 -0.0640202 -0.0688101
-0.0217192 -0.058384 -0.0659826
-0.0240843 -0.0582253 -0.0645994
-0.0260398 -0.0621781 -0.0658865
-0.0269523 -0.0692797 -0.0688945
-0.0276644 -0.0794521 -0.0712099
-0.0307493 -0.0908777 -0.0722155
-0.0396264 -0.100403 -0.0733295
-0.0556482 -0.106619 -0.0750759
-0.0759605 -0.109583 -0.0764539
-0.0959967 -0.108567 -0.0766171
-0.112228 -0.103865 -0.075523
-0.121902 -0.098706 -0.0731987
-0.124445 -0.0957182 -0.0697944
-0.12105 -0.0944467 -0.0680418
-0.113145 -0.0950314 -0.0697219
-0.101544 -0.0991661 -0.0732677
-0.0895593 -0.105991 -0.0761059
-0.0861858 -0.112006 -0.0774426
-0.0958672 -0.115739 -0.0774077
-0.11404 -0.119087 -0.0763756
-0.136303 -0.123391 -0.0756231
-0.160997 -0.126857 -0.0760701
-0.18472 -0.126465 -0.0771682
-0.201661 -0.120642 -0.0773825
-0.208852 -0.108117 -0.076662
-0.206891 -0.0866197 -0.0750553
-0.197173 -0.0575724 -0.0720503
-0.182073 -0.028721 -0.0676273
-0.163375 -0.00665462 -0.0626519
-0.142711 0.00734754 -0.0591828
-0.119718 0.0146971 -0.0587647
-0.0908723 0.0189367 -0.0602035
-0.0555318 0.0249114 -0.061241
-0.0163205 0.0362768 -0.0600917
0.0255056 0.0520796 -0.0561563
0.0725636 0.0661853 -0.0508504
0.125521 0.0732778 -0.0471994
0.177304 0.0740934 -0.046955
0.218792 0.0726929 -0.0500819
0.245281 0.0702317 -0.0545662
0.257855 0.0649619 -0.0572719
0.25789 0.0583435 -0.0568666
0.244479 0.0530335 -0.0542281
0.220316 0.04495 -0.0516407
0.192722 0.0276849 -0.051447
0.166547 0.00257784 -0.0552013
0.138571 -0.023726 -0.0625597
0.105309 -0.0479515 -0.0699163
0.0704906 -0.0710901 -0.0733282
0.0360998 -0.0925314 -0.0734671
-0.00561695 -0.109295 -0.0733883
-0.0644348 -0.121281 -0.0742283
-0.140517 -0.129923 -0.0762548
-0.224833 -0.134724 -0.0798484
-0.307436 -0.135277 -0.0833453
-0.380198 -0.133237 -0.0830553
-0.436605 -0.131681 -0.0784423
-0.476219 -0.133198 -0.0715319
-0.503206 -0.139136 -0.0665599
-0.520286 -0.150962 -0.0678894
-0.529069 -0.168024 -0.0745045
-0.529611 -0.183134 -0.0829944
-0.523765 -0.187469 -0.0902116
-0.514914 -0.179857 -0.0914474
-0.50038 -0.16603 -0.086316
-0.478836 -0.151599 -0.0780773
-0.453032 -0.139238 -0.0711326
-0.421893 -0.128568 -0.0697844
-0.386373 -0.116692 -0.0719175
-0.348394 -0.098827 -0.0739605
-0.303834 -0.0698045 -0.0738005
-0.247479 -0.0267866 -0.0688986
-0.17929 0.0281067 -0.0604315
-0.10543 0.0865537 -0.0517658
-0.0295234 0.137209 -0.043577
0.0499224 0.171855 -0.0375077
0.129773 0.18899 -0.0356466
0.205978 0.192379 -0.0371837
0.278424 0.187388 -0.0396706
0.343726 0.178115 -0.0411832
0.397191 0.166151 -0.0414146
0.437002 0.151527 -0.040687
0.463027 0.134327 -0.0406173
0.472576 0.114322 -0.04345
0.462347 0.091841 -0.0495292
0.435895 0.0696623 -0.0562582
0.395644 0.0510311 -0.0608935
0.33949 0.0376873 -0.0624923
0.269539 0.0297598 -0.0607954
0.192126 0.0264118 -0.0580199
0.111946 0.0284582 -0.0568188
0.0305767 0.038779 -0.0576492
-0.0487823 0.0605007 -0.0581978
-0.124175 0.096578 -0.0565794
-0.19926 0.149984 -0.0512559
-0.274922 0.223766 -0.0425458
-0.347037 0.320643 -0.031952
-0.411696 0.442533 -0.0190911
-0.462978 0.590823 -0.00252292
-0.492365 0.765771 0.0197828
-0.491545 0.965012 0.048636
-0.451431 1.18259 0.0828615
-0.362278 1.40859 0.12127
-0.214822 1.63027 0.162734
-0.00178989 1.83437 0.205462
0.279205 2.01032 0.248386
0.627837 2.15212 0.290082
1.0429 2.2565 0.328739
1.5209 2.32034 0.363225
2.05879 2.33996 0.391771
2.65326 2.31217 0.414485
3.3009 2.23542 0.431663
4.00075 2.11084 0.444975
4.75073 1.94314 0.459113
5.54994 1.74159 0.478195
6.39983 1.51941 0.505336
7.29858 1.29229 0.538292
8.2405 1.07911 0.571405
9.21431 0.900206 0.602508
10.1994 0.768982 0.634273
11.164 0.685712 0.67061
12.071 0.644461 0.713689
12.8875 0.641676 0.764508
13.588 0.676459 0.82209
14.152 0.748483 0.880372
14.5642 0.856707 0.931063
14.8142 0.999589 0.966559
14.8957 1.17655 0.980485
14.8047 1.38839 0.971452
14.5363 1.63407 0.942705
14.0983 1.89971 0.8998
13.547 2.15584 0.855635
12.9638 2.37609 0.828651
12.3856 2.54908 0.815959
11.805 2.66977 0.794023
11.2214 2.7263 0.758315
10.6518 2.69479 0.715361
10.1061 2.54545 0.690352
9.58521 2.25816 0.718081
9.07479 1.83902 0.748516
8.53765 1.31113 0.701434
7.95471 0.697092 0.558421
7.32477 0.0253458 0.33479
6.62254 -0.666829 0.0735707
5.81077 -1.34275 -0.162507
4.88232 -1.97311 -0.326851
3.84502 -2.53794 -0.408801
2.68421 -3.02924 -0.423834
1.39917 -3.44656 -0.395456
0.0148748 -3.79326 -0.334792
-1.46856 -4.08088 -0.271118
-3.05083 -4.32764 -0.233599
-4.6826 -4.55165 -0.208808
-6.31082 -4.76476 -0.192254
-7.92401 -4.97616 -0.181932
-9.5167 -5.19586 -0.153267
-11.0774 -5.43201 -0.103444
-12.6079 -5.68661 -0.032825
-14.119 -5.95138 0.0584525
-15.63 -6.21085 0.164137
-17.1078 -6.44492 0.279524
-18.5038 -6.63313 0.37679
-19.8359 -6.76033 0.45502
-21.0877 -6.81729 0.523961
-22.2272 -6.79895 0.572647
-23.2705 -6.70492 0.615335
-24.206 -6.5424 0.662969
-25.0187 -6.32168 0.710793
-25.7127 -6.05625 0.764846
-26.281 -5.76636 0.823711
-26.7389 -5.47231 0.880092
-27.1199 -5.18588 0.933891
-27.4377 -4.90884 0.97958
-27.7015 -4.6354 1.01092
-27.9171 -4.35978 1.03447
-28.08 -4.08303 1.05354
-28.1922 -3.8109 1.07024
-28.2542 -3.54979 1.09107
-28.2533 -3.30437 1.11159
-28.1822 -3.07802 1.12435
-28.0385 -2.87387 1.12961
-27.8156 -2.69253 1.12667
-27.5098 -2.53027 1.11794
-27.1176 -2.38122 1.11061
-26.6344 -2.2419 1.10663
-26.0611 -2.11678 1.10656
-25.398 -2.02074 1.11017
-24.6449 -1.97234 1.11015
-23.8127 -1.97805 1.09848
-22.9195 -2.02436 1.06883
-21.9801 -2.08704 1.01491
-21.0069 -2.1419 0.940399
-20.0074 -2.17126 0.860233
-18.9844 -2.16589 0.78258
-17.9407 -2.12376 0.712406
-16.8714 -2.04701 0.653108
-15.7678 -1.93879 0.605891
-14.6272 -1.80361 0.570606
-13.4525 -1.64589 0.539308
-12.2545 -1.46676 0.508065
-11.055 -1.26604 0.482917
-9.88005 -1.04772 0.474162
-8.74571 -0.818157 0.485769
-7.65653 -0.582482 0.511175
-6.61679 -0.344952 0.541293
-5.63186 -0.106661 0.570722
-4.69548 0.137046 0.59834
-3.7911 0.395846 0.625045
-2.90651 0.680206 0.652496
-2.03819 0.995685 0.684579
-1.18444 1.34154 0.723048
-0.344191 1.709 0.770628
0.475538 2.08124 0.83094
1.26262 2.44243 0.902963
2.01302 2.78447 0.985351
2.73459 3.10548 1.07605
3.43948 3.40618 1.16885
4.13749 3.68832 1.25689
4.8325 3.95391 1.33569
5.51944 4.20252 1.40241
6.18865 4.42928 1.4569
6.83224 4.62712 1.50224
7.44242 4.79174 1.54124
8.00915 4.92449 1.57406
8.52404 5.03216 1.59996
8.98355 5.12369 1.6192
9.3872 5.20606 1.63255
9.73383 5.28288 1.63968
10.0213 5.35428 1.64135
10.2487 5.41712 1.64007
10.4156 5.46675 1.63681
10.5213 5.49946 1.63227
10.567 5.51277 1.62794
10.5565 5.50353 1.62562
10.4948 5.46754 1.62587
10.3867 5.40229 1.62496
10.2389 5.30864 1.61795
10.0598 5.19 1.6019
9.85782 5.05108 1.57542
9.64081 4.89723 1.53834
9.41393 4.734 1.49177
9.17887 4.56657 1.43823
8.93401 4.39916 1.38088
8.67269 4.23366 1.32314
8.38276 4.06979 1.26797
8.05216 3.90724 1.21628
7.67489 3.74846 1.16716
7.25174 3.60031 1.11893
6.78628 3.4716 1.06912
6.28237 3.36955 1.01603
5.74387 3.29944 0.960288
5.17358 3.26536 0.90422
4.57369 3.27006 0.850989
3.94804 3.31443 0.804568
3.30186 3.3968 0.768274
2.63947 3.51071 0.743255
1.96315 3.64388 0.729578
1.27237 3.78084 0.728129
0.564596 3.90508 0.745201
-0.158798 3.9983 0.792415
-0.888755 4.04258 0.861243
-1.6157 4.02491 0.919651
-2.33215 3.9346 0.950722
-3.02766 3.76147 0.953848
-3.69252 3.49697 0.928679
-4.31986 3.13468 0.878815
-4.90283 2.67364 0.809282
-5.43438 2.11992 0.723749
-5.9085 1.48583 0.626061
-6.32491 0.785835 0.5219
-6.69511 0.0331844 0.418329
-7.03953 -0.759746 0.322679
-7.37658 -1.58061 0.245385
-7.71558 -2.41792 0.186735
-8.05713 -3.26684 0.136787
-8.39674 -4.13103 0.0901453
-8.72777 -5.01469 0.0445465
-9.04434 -5.91326 -0.000705172
-9.34475 -6.81119 -0.0420566
-9.63265 -7.68868 -0.0749066
-9.91829 -8.52954 -0.100221
-10.2157 -9.323 -0.120436
-10.5345 -10.0621 -0.135814
-10.878 -10.7436 -0.144812
-11.2455 -11.3676 -0.148264
-11.6323 -11.9351 -0.149163
-12.0316 -12.4451 -0.148818
-12.4354 -12.8936 -0.148592
-12.8369 -13.2761 -0.14904
-13.2328 -13.5906 -0.148023
-13.6223 -13.8387 -0.143477
-14.0026 -14.0261 -0.134744
-14.3693 -14.161 -0.122107
-14.7196 -14.2503 -0.106316
-15.0506 -14.2978 -0.0891335
-15.3559 -14.3034 -0.0720777
-15.6321 -14.2649 -0.0564827
-15.8822 -14.1801 -0.0424446
-16.1083 -14.0468 -0.0293429
-16.3087 -13.8621 -0.017129
-16.4812 -13.6217 -0.0052017
-16.6237 -13.3219 0.0070634
-16.7342 -12.9616 0.0199638
-16.8102 -12.5431 0.0339626
-16.8498 -12.0742 0.0503599
-16.855 -11.5661 0.0704252
-16.8304 -11.0283 0.0947273
-16.7787 -10.4671 0.123285
-16.697 -9.8858 0.15527
-16.5779 -9.28479 0.188551
-16.4147 -8.66185 0.221897
-16.2044 -8.01212 0.25507
-15.9454 -7.32943 0.287445
-15.635 -6.6081 0.318786
-15.2693 -5.84355 0.350023
-14.8444 -5.03194 0.382425
-14.3561 -4.17018 0.417627
-13.8008 -3.25697 0.458012
-13.1787 -2.29473 0.506021
-12.4986 -1.29457 0.563484
-11.7793 -0.278824 0.633396
-11.0436 0.726027 0.718919
-10.3118 1.69858 0.821685
-9.59699 2.62761 0.934252
-8.90883 3.51305 1.04527
-8.25747 4.36178 1.14851
-7.64679 5.18075 1.24281
-7.06867 5.97313 1.33319
-6.51021 6.73719 1.42282
-5.96313 7.46708 1.51253
-5.4222 8.15698 1.60297
-4.87948 8.80392 1.69462
-4.32441 9.40706 1.78852
-3.74487 9.96601 1.88607
-3.12811 10.4795 1.9869
-2.4686 10.9453 2.08195
-1.7691 11.3605 2.16642
-1.02882 11.7218 2.24704
-0.244263 12.0263 2.32508
0.582237 12.2724 2.39739
1.44778 12.4615 2.46186
2.35266 12.6016 2.514
3.29289 12.7051 2.54742
4.25672 12.7827 2.56003
5.2295 12.8413 2.55518
6.19637 12.885 2.53778
7.14116 12.9161 2.51623
8.04801 12.9355 2.50192
8.90429 12.9415 2.50088
9.70094 12.9294 2.50708
10.4301 12.8909 2.51204
11.0824 12.8164 2.5133
11.6479 12.6971 2.51071
12.1171 12.5261 2.51159
12.4826 12.2984 2.50303
12.7464 12.0103 2.48665
12.915 11.6589 2.47253
12.9885 11.2435 2.4364
12.975 10.7664 2.37418
12.8965 10.2319 2.29322
12.7662 9.64326 2.18823
12.5919 9.0028 2.06138
12.3888 8.31239 1.92323
12.1669 7.5735 1.77777
11.9306 6.78776 1.62861
11.6875 5.95678 1.48249
11.4401 5.08147 1.34137
11.1816 4.16275 1.20375
10.9059 3.20358 1.06842
10.6086 2.21034 0.93315
10.2828 1.19187 0.795188
9.92397 0.157938 0.653044
9.53312 -0.881261 0.509906
9.10665 -1.9157 0.369349
8.63597 -2.93611 0.233523
8.11684 -3.93515 0.107693
7.548 -4.90748 -0.00569816
6.92542 -5.84822 -0.107934
6.24716 -6.75264 -0.198071
5.51869 -7.616 -0.274217
4.74804 -8.43321 -0.335301
3.94067 -9.19901 -0.382646
3.10237 -9.90818 -0.409926
2.24169 -10.5556 -0.421363
1.36742 -11.1361 -0.428115
0.488948 -11.644 -0.429759
-0.383598 -12.0749 -0.42595
-1.24382 -12.4283 -0.416747
-2.08991 -12.7082 -0.404336
-2.91874 -12.9239 -0.389509
-3.72411 -13.0862 -0.371477
-4.50175 -13.2042 -0.350378
-5.25062 -13.2847 -0.328255
-5.96926 -13.3346 -0.307818
-6.65454 -13.3603 -0.291174
-7.30447 -13.3662 -0.279193
-7.92035 -13.3537 -0.271839
-8.50493 -13.3209 -0.267758
-9.05932 -13.2632 -0.264156
-9.58403 -13.1731 -0.258808
-10.0822 -13.0419 -0.250839
-10.5594 -12.8627 -0.239793
-11.0196 -12.6313 -0.22466
-11.4635 -12.3465 -0.204629
-11.887 -12.0079 -0.180198
-12.2828 -11.6155 -0.152454
-12.6432 -11.1692 -0.12213
-12.9629 -10.6702 -0.0893898
-13.2383 -10.1222 -0.0541403
-13.4659 -9.5303 -0.016392
-13.642 -8.89985 0.0243379
-13.7654 -8.2351 0.0710571
-13.8387 -7.53992 0.122795
-13.8667 -6.81773 0.178689
-13.8501 -6.07228 0.239705
-13.7848 -5.30921 0.302433
-13.6693 -4.53678 0.363603
-13.5043 -3.76486 0.417563
-13.2917 -3.00336 0.460284
-13.0364 -2.2596 0.49513
-12.7401 -1.53663 0.526971
-12.4029 -0.833918 0.559233
-12.0312 -0.149439 0.594978
-11.6324 0.517233 0.635395
-11.2056 1.1644 0.680499
-10.7504 1.79012 0.729718
-10.2715 2.3942 0.781356
-9.77215 2.97805 0.833812
-9.25222 3.5431 0.886302
-8.714 4.08964 0.938972
-8.16057 4.61669 0.992695
-7.59149 5.12279 1.04807
-7.00695 5.60695 1.10525
-6.41236 6.06923 1.16419
-5.81296 6.51026 1.22361
-5.20881 6.93107 1.28099
-4.59893 7.33297 1.3342
-3.98432 7.71704 1.38157
-3.3647 8.0835 1.42227
-2.73815 8.43132 1.45833
-2.10518 8.75783 1.49457
-1.46855 9.05869 1.53345
-0.832022 9.32833 1.57464
-0.203121 9.56049 1.61919
0.407734 9.74861 1.66706
0.992957 9.88686 1.71547
1.5484 9.97126 1.7604
2.06963 10.0002 1.79729
2.55371 9.97381 1.82146
3.0032 9.89307 1.82938
3.42334 9.75979 1.8206
3.81817 9.57759 1.79726
4.1914 9.3521 1.76196
4.54558 9.08897 1.7177
4.87888 8.79158 1.6678
5.18762 8.4613 1.6144
5.47133 8.0993 1.55851
5.73147 7.70719 1.50136
5.96804 7.28675 1.44387
6.18033 6.84017 1.38535
6.36774 6.37054 1.3246
6.52857 5.88144 1.26117
6.66106 5.37635 1.19541
6.76537 4.85893 1.12768
6.84197 4.33379 1.05824
6.89036 3.80642 0.98749
6.91065 3.28275 0.915361
6.90379 2.76847 0.841435
6.87003 2.26766 0.766106
6.80975 1.78192 0.690884
6.72457 1.31095 0.617325
6.61617 0.853307 0.546946
6.48582 0.406711 0.481493
6.33542 -0.0314011 0.421829
6.16626 -0.463123 0.367374
5.97602 -0.888948 0.317084
5.75958 -1.30637 0.27049
5.51277 -1.71008 0.227014
5.23266 -2.09443 0.184616
4.91636 -2.4548 0.138728
4.56306 -2.78752 0.0858442
4.17447 -3.09037 0.0278069
3.75153 -3.36276 -0.0282465
3.29406 -3.60577 -0.0760844
2.80362 -3.8217 -0.113829
2.28413 -4.0128 -0.141455
1.74118 -4.18101 -0.159556
1.18187 -4.32817 -0.168938
0.613209 -4.45617 -0.171212
0.0388358 -4.56783 -0.167327
-0.541269 -4.66685 -0.157107
-1.12714 -4.75663 -0.144012
-1.71849 -4.83873 -0.132837
-2.31616 -4.91232 -0.125353
-2.91948 -4.97523 -0.121291
-3.5239 -5.02474 -0.118901
-4.12239 -5.0565 -0.116355
-4.70671 -5.0642 -0.111869
-5.26802 -5.04229 -0.104291
-5.80029 -4.9899 -0.0931518
-6.30193 -4.9124 -0.078152
-6.77246 -4.81811 -0.0590583
-7.2104 -4.71356 -0.0364984
-7.615 -4.60231 -0.0119363
-7.9864 -4.48605 0.0133945
-8.32364 -4.36529 0.0380919
-8.6254 -4.23965 0.0602923
-8.8921 -4.10808 0.0788659
-9.12425 -3.96921 0.0939108
-9.31978 -3.82183 0.106535
-9.47594 -3.66468 0.118211
-9.59249 -3.49666 0.130188
-9.67065 -3.31774 0.143119
-9.71074 -3.12902 0.157177
-9.71317 -2.93239 0.172328
-9.67915 -2.73025 0.188284
-9.60902 -2.52549 0.204348
-9.50301 -2.32154 0.219064
-9.36383 -2.12232 0.230541
-9.19556 -1.93226 0.237956
-9.00104 -1.75533 0.242222
-8.78296 -1.59342 0.244571
-8.54454 -1.44537 0.245583
-8.28807 -1.30633 0.244948
-8.01613 -1.16871 0.24198
-7.73345 -1.02516 0.236815
-7.44486 -0.870384 0.230845
-7.15271 -0.701102 0.226309
-6.85814 -0.516016 0.225737
-6.56336 -0.315882 0.23026
-6.27104 -0.10328 0.238606
-5.98322 0.11776 0.248876
-5.70196 0.341652 0.260255
-5.42907 0.561816 0.273507
-5.16561 0.771964 0.288948
-4.91239 0.967529 0.305355
-4.67034 1.14619 0.321818
-4.4401 1.30778 0.337319
-4.2213 1.45353 0.350488
-4.01224 1.58474 0.361345
-3.80947 1.7026 0.371062
-3.60838 1.80859 0.381016
-3.40502 1.90453 0.391986
-3.19703 1.99214 0.403837
-2.98232 2.07224 0.415901
-2.7578 2.14432 0.4273
-2.52036 2.2069 0.437788
-2.26766 2.25798 0.447162
-1.99766 2.29501 0.454702
-1.70908 2.31569 0.459985
-1.40388 2.31937 0.462952
-1.08735 2.30752 0.463397
-0.764951 2.28296 0.46109
-0.441102 2.24828 0.456292
-0.120294 2.20484 0.449302
0.192739 2.15268 0.440551
0.493047 2.09101 0.431488
0.776143 2.01869 0.424042
1.03972 1.93454 0.418978
1.28336 1.83807 0.415257
1.50651 1.72999 0.411078
1.70841 1.61212 0.405047
1.88925 1.48666 0.396429
2.04939 1.35538 0.385229
2.18836 1.21925 0.371995
2.30581 1.07868 0.357106
2.40216 0.933685 0.340885
2.47809 0.783995 0.324249
2.53448 0.62944 0.307782
2.57282 0.470108 0.29071
2.59454 0.306306 0.272511
2.60067 0.138446 0.253382
2.59304 -0.0326369 0.233187
2.57448 -0.205488 0.211691
2.54642 -0.378244 0.189024
2.50695 -0.548559 0.165821
2.45228 -0.713262 0.142673
2.37938 -0.868533 0.120207
2.28653 -1.01054 0.099602
2.17233 -1.13619 0.0814511
2.03574 -1.24394 0.0656407
1.87669 -1.33369 0.0522334
1.69669 -1.40604 0.0415272
1.49899 -1.46191 0.033782
1.28695 -1.50267 0.0290079
1.06251 -1.52992 0.0272542
0.82695 -1.54541 0.0284536
0.582603 -1.55094 0.0319461
0.332607 -1.54791 0.0366714
0.079606 -1.53701 0.0415325
-0.174311 -1.51876 0.0454241
-0.427083 -1.49401 0.0475455
-0.676475 -1.46366 0.048069
-0.920118 -1.42794 0.0478781
-1.15616 -1.38641 0.0477561
-1.38406 -1.33891 0.0482415
-1.60407 -1.28621 0.0496559
-1.81624 -1.22953 0.0520832
-2.02114 -1.16965 0.0555681
-2.22085 -1.10676 0.0602283
-2.41723 -1.04085 0.0656392
-2.61011 -0.971846 0.0713661
-2.79869 -0.899509 0.0775664
-2.98321 -0.823069 0.0845737
-3.1644 -0.741207 0.0927793
-3.34236 -0.652378 0.102717
-3.51683 -0.555155 0.114808
-3.68683 -0.448538 0.128705
-3.84996 -0.332299 0.144119
-4.00325 -0.207426 0.160603
-4.14446 -0.0765761 0.177601
-4.27233 0.056121 0.195087
-4.38702 0.186221 0.212737
-4.49088 0.310275 0.230086
-4.58707 0.42636 0.246367
-4.6773 0.533846 0.260533
-4.76209 0.632903 0.271953
-4.84246 0.724027 0.280639
-4.92018 0.807829 0.287272
-4.99659 0.884809 0.293072
-5.0721 0.955161 0.299337
-5.14687 1.01887 0.306851
-5.22106 1.07588 0.315599
-5.29425 1.12608 0.324994
-5.36493 1.16915 0.334316
-5.43071 1.20449 0.342971
-5.48904 1.23134 0.350653
-5.53803 1.24881 0.357394
-5.57577 1.25603 0.363374
-5.59917 1.25266 0.368544
-5.60407 1.239 0.372465
-5.58664 1.21543 0.374503
-5.54415 1.18186 0.374083
-5.47529 1.13778 0.370851
-5.38062 1.08265 0.364694
-5.26203 1.01636 0.355513
-5.12148 0.939739 0.342971
-4.96059 0.854483 0.326673
-4.78118 0.762223 0.306632
-4.58606 0.663515 0.283491
-4.37948 0.557718 0.258584
-4.1665 0.443918 0.23345
-3.95137 0.322131 0.209093
-3.73662 0.193739 0.185869
-3.52391 0.0608012 0.164032
-3.31462 -0.0746481 0.143792
-3.10962 -0.210474 0.125409
-2.9095 -0.344125 0.109794
-2.71507 -0.473067 0.0974663
-2.52675 -0.595712 0.0883436
-2.34361 -0.711725 0.082089
-2.16377 -0.821404 0.0776427
-1.98551 -0.924986 0.0734918
-1.80739 -1.02262 0.0681436
-1.62804 -1.11481 0.0609514
-1.4465 -1.20247 0.0524419
-1.26274 -1.28648 0.0435453
-1.07738 -1.36754 0.034925
-0.891277 -1.44623 0.0270311
-0.705892 -1.52301 0.0202725
-0.523694 -1.59804 0.0148646
-0.347511 -1.67081 0.0106925
-0.179649 -1.73982 0.00743296
-0.0219166 -1.8029 0.00475389
0.123988 -1.85801 0.00242857
0.256518 -1.90414 0.000463665
0.374706 -1.94114 -0.000784482
0.478444 -1.96898 -0.000810483
0.567916 -1.98768 0.000686544
0.643173 -1.99775 0.00365821
0.704606 -2.00037 0.00781039
0.75318 -1.99694 0.0127192
0.789966 -1.98861 0.017877
0.815951 -1.97617 0.0226758
0.832353 -1.96002 0.0264976
0.840489 -1.93978 0.0289822
0.841007 -1.91379 0.0302084
0.83347 -1.87935 0.0306388
0.816719 -1.83366 0.03094
0.789207 -1.77479 0.0319102
0.748753 -1.70179 0.034309
0.692658 -1.61422 0.0383283
0.618523 -1.51173 0.0436197
0.524772 -1.39382 0.0497432
0.410679 -1.26017 0.0563462
0.276267 -1.11128 0.0632148
0.122324 -0.949048 0.0705696
-0.0493718 -0.776901 0.0793286
-0.235886 -0.599084 0.0906656
-0.433522 -0.419921 0.105411
-0.638688 -0.24286 0.122792
-0.848086 -0.0696686 0.141359
-1.05781 0.0992541 0.160542
-1.26331 0.26453 0.180347
-1.46081 0.427888 0.20071
-1.648 0.591444 0.221038
-1.82402 0.756377 0.240766
-1.98908 0.922131 0.25983
-2.14353 1.08675 0.278283
-2.28748 1.24779 0.296272
-2.42153 1.4031 0.313524
-2.5477 1.55109 0.32883
-2.66898 1.69081 0.342204
-2.78818 1.82167 0.354721
-2.90792 1.94334 0.367379
-3.03026 2.05533 0.381052
-3.15567 2.1566 0.395842
-3.28308 2.24544 0.411304
-3.41077 2.31948 0.426983
-3.53686 2.37615 0.442386
-3.65962 2.41328 0.456662
-3.77761 2.42941 0.468831
-3.88958 2.42411 0.477937
-3.99436 2.39807 0.482986
-4.09121 2.35275 0.483112
-4.1797 2.29003 0.477934
-4.25898 2.2121 0.467641
-4.32737 2.12125 0.452935
-4.38333 2.01977 0.434936
-4.42692 1.90984 0.414966
-4.45968 1.79301 0.394348
-4.48296 1.66981 0.374235
-4.49702 1.53991 0.355357
-4.50162 1.40263 0.337648
-4.49702 1.25727 0.320272
-4.48397 1.10328 0.30231
-4.46336 0.940488 0.28337
-4.43626 0.769608 0.263592
-4.40348 0.592292 0.243505
-4.36504 0.410464 0.22382
-4.31999 0.225443 0.204937
-4.26716 0.0374705 0.186727
-4.20636 -0.154262 0.168729
-4.13824 -0.351261 0.150498
-4.06341 -0.555041 0.131692
-3.98235 -0.766189 0.112017
-3.89605 -0.983704 0.090826
-3.8058 -1.20509 0.0678193
-3.71216 -1.42697 0.0441037
-3.61459 -1.64568 0.0217373
-3.51228 -1.85755 0.00249194
-3.40509 -2.05917 -0.0132264
-3.29349 -2.24792 -0.0258502
-3.17839 -2.42254 -0.035658
-3.06115 -2.58269 -0.0427757
-2.94328 -2.72828 -0.0477263
-2.82551 -2.85919 -0.051373
-2.70695 -2.97524 -0.0545194
-2.58511 -3.07614 -0.0576676
-2.45735 -3.16153 -0.0609217
-2.32237 -3.23166 -0.0640832
-2.18012 -3.28752 -0.0667797
-2.03108 -3.3303 -0.0686048
-1.87621 -3.36046 -0.0693645
-1.71756 -3.3775 -0.069378
-1.55803 -3.38047 -0.0694246
-1.40079 -3.36872 -0.070199
-1.24894 -3.34207 -0.0717919
-1.10504 -3.30078 -0.0737455
-0.970874 -3.24574 -0.0754419
-0.848069 -3.17831 -0.0762955
-0.738759 -3.09984 -0.0757959
-0.645466 -3.01132 -0.0736706
-0.570513 -2.91324 -0.0699403
-0.515483 -2.8053 -0.0648743
-0.481036 -2.68617 -0.0589466
-0.467055 -2.55364 -0.0526227
-0.472992 -2.40545 -0.0460321
-0.49809 -2.23996 -0.0387811
-0.541232 -2.05612 -0.0301103
-0.600727 -1.85348 -0.0192499
-0.674434 -1.63288 -0.00562459
-0.759864 -1.39708 0.0113611
-0.853826 -1.15092 0.032291
-0.952575 -0.900626 0.056786
-1.05281 -0.652472 0.0832507
-1.15191 -0.411504 0.109097
-1.24752 -0.180879 0.133007
-1.33822 0.0385955 0.155355
-1.42424 0.248304 0.176144
-1.50622 0.450644 0.195722
-1.58461 0.647923 0.214838
-1.66036 0.841703 0.234047
-1.735 1.03222 0.253739
-1.80986 1.21816 0.274095
-1.8857 1.39711 0.295672
-1.96312 1.56618 0.318186
-2.04295 1.72266 0.340395
-2.12566 1.86434 0.361378
-2.21062 1.98985 0.380281
-2.2962 2.09889 0.39664
-2.38064 2.19184 0.410506
-2.46249 2.26916 0.422218
-2.54017 2.33128 0.432184
-2.61169 2.37852 0.440677
-2.67504 2.41125 0.447633
-2.72879 2.42974 0.452662
-2.77212 2.43378 0.455247
-2.80468 2.42256 0.455034
-2.8265 2.39483 0.451839
-2.83813 2.3493 0.44542
-2.84069 2.28534 0.43543
-2.83572 2.2033 0.4216
-2.82522 2.10473 0.403897
-2.81174 1.99203 0.382714
-2.79796 1.86791 0.358991
-2.78659 1.73508 0.334137
-2.78047 1.59613 0.309732
-2.78232 1.45322 0.287188
-2.79383 1.30766 0.26699
-2.81507 1.15986 0.24923
-2.84475 1.00988 0.233765
-2.88115 0.857596 0.219706
-2.92241 0.702962 0.206208
-2.96611 0.5464 0.192913
-3.00922 0.388932 0.179938
-3.04857 0.231826 0.167655
-3.08142 0.0760863 0.156574
-3.10608 -0.0777802 0.146668
-3.12159 -0.22973 0.137313
-3.12741 -0.380051 0.127785
-3.12357 -0.52906 0.117177
-3.11059 -0.676516 0.1047
-3.08911 -0.821061 0.0901752
-3.05981 -0.960221 0.0741324
-3.02394 -1.09101 0.0578606
-2.9832 -1.21086 0.0433136
-2.93931 -1.31831 0.0318402
-2.8939 -1.41337 0.0234966
-2.84846 -1.49745 0.0178529
-2.8039 -1.57264 0.0143836
-2.76009 -1.641 0.0124394
-2.71608 -1.70377 0.0112885
-2.67055 -1.76102 0.0102953
-2.62227 -1.81184 0.00910941
-2.5706 -1.85485 0.00764506
-2.51548 -1.88863 0.00601199
-2.45691 -1.91226 0.00433238
-2.3948 -1.9257 0.00257752
-2.32909 -1.92959 0.000666582
-2.26023 -1.92488 -0.00141401
-2.18954 -1.91269 -0.00363809
-2.11875 -1.89418 -0.00593575
-2.04908 -1.87018 -0.00817204
-1.98108 -1.841 -0.0102568
-1.91535 -1.80681 -0.0122524
-1.85322 -1.76764 -0.0141001
-1.79663 -1.72305 -0.0152408
-1.74767 -1.67167 -0.0148744
-1.70809 -1.61133 -0.0125387
-1.67869 -1.53951 -0.00826802
-1.65903 -1.45416 -0.00234202
-1.6479 -1.35442 0.00513018
-1.64422 -1.24072 0.0143655
-1.64698 -1.11446 0.0256021
-1.65476 -0.977394 0.0388282
-1.66575 -0.831423 0.0536166
-1.67806 -0.678764 0.0693401
-1.69003 -0.52207 0.0854432
-1.70085 -0.364215 0.101597
-1.71115 -0.208155 0.117787
-1.72247 -0.0568535 0.133995
-1.73604 0.0869791 0.149937
-1.75187 0.221566 0.16499
-1.76907 0.346682 0.178361
-1.78646 0.46346 0.189551
-1.8033 0.573457 0.198947
-1.81944 0.677978 0.207859
-1.83508 0.778097 0.217751
-1.85036 0.874597 0.2294
-1.86506 0.967393 0.242613
-1.87866 1.05497 0.25653
-1.8907 1.13466 0.270068
-1.90088 1.20384 0.282083
-1.90915 1.26118 0.291545
-1.91568 1.30676 0.297804
-1.92113 1.34143 0.3007
-1.92661 1.36606 0.300616
-1.93341 1.38121 0.298331
-1.94267 1.38712 0.294637
-1.95525 1.38387 0.290057
-1.9718 1.37189 0.284887
-1.9931 1.3521 0.27931
-2.02012 1.32557 0.273477
-2.05376 1.29278 0.267609
-2.09429 1.25343 0.261978
-2.14126 1.20689 0.256646
-2.19372 1.15286 0.251325
-2.25059 1.09155 0.245604
-2.31081 1.02344 0.239254
-2.37333 0.949265 0.232319
-2.4371 0.870148 0.224986
-2.50088 0.787501 0.217384
-2.56321 0.702707 0.209499
-2.62268 0.61687 0.201281
-2.67816 0.5307 0.192836
-2.7287 0.444545 0.184393
-2.77355 0.35868 0.176131
-2.81265 0.273523 0.168091
-2.84682 0.189371 0.16025
-2.87715 0.106105 0.15263
-2.90441 0.023314 0.145316
-2.92918 -0.059367 0.138335
-2.95204 -0.141904 0.131569
-2.97337 -0.223973 0.124852
-2.9932 -0.305309 0.118229
-3.01145 -0.385796 0.111993
-3.02824 -0.465391 0.10638
-3.04382 -0.543947 0.101371
-3.05795 -0.621031 0.0967692
-3.06975 -0.695718 0.092278
-3.07818 -0.766618 0.0875863
-3.08246 -0.832291 0.0826
-3.08167 -0.891921 0.0776228
-3.0747 -0.945944 0.0731711
-3.06081 -0.996022 0.0695525
-3.04015 -1.04439 0.0666464
-3.01338 -1.09319 0.0639419
-2.98098 -1.1439 0.0606477
-2.9432 -1.19698 0.0559918
-2.90037 -1.25186 0.0496142
-2.85293 -1.30742 0.0417849
-2.80095 -1.3625 0.0334054
-2.74424 -1.41579 0.0256395
-2.6827 -1.4658 0.0192841
-2.61644 -1.51111 0.0145059
-2.54596 -1.55051 0.0111044
-2.4721 -1.58322 0.00874196
-2.39571 -1.60875 0.00700623
-2.31743 -1.62666 0.00553758
-2.23812 -1.63643 0.00411789
-2.15916 -1.6375 0.00269195
-2.08219 -1.62934 0.00140377
-2.0083 -1.61164 0.000548947
-1.93781 -1.58446 0.000418637
