8.32244e-07 -9.36684e-09 -0.0555706
-0.000191549 -0.000126356 -0.0555684
-0.000917664 -0.000553564 -0.0555478
-0.00221908 -0.00118683 -0.0554764
-0.00388779 -0.00177714 -0.0553481
-0.0059482 -0.00222313 -0.0551902
-0.00891117 -0.00257937 -0.0550034
-0.0134358 -0.00283557 -0.0547972
-0.0195188 -0.00289119 -0.0546524
-0.0260327 -0.0028504 -0.0546329
-0.0311167 -0.00284546 -0.0546877
-0.0334713 -0.00276747 -0.0547002
-0.0336627 -0.00298909 -0.0546113
-0.0333744 -0.00445383 -0.0544141
-0.033512 -0.00702447 -0.0540706
-0.0340095 -0.00863425 -0.0536032
-0.0344614 -0.00748634 -0.0531797
-0.0342971 -0.00451982 -0.0530398
-0.0334144 -0.00150445 -0.0534218
-0.0324826 0.00159866 -0.0544124
-0.0318203 0.0050775 -0.0557791
-0.0302901 0.00839079 -0.0570505
-0.0263423 0.0120134 -0.0578608
-0.0202354 0.0166268 -0.0582076
-0.0136538 0.0197961 -0.0582651
-0.00810133 0.0179385 -0.0581515
-0.00444369 0.0125667 -0.057922
-0.00213868 0.00901964 -0.0575116
0.000814332 0.00823842 -0.0568932
0.00669497 0.00655701 -0.0563072
0.0165942 0.00321189 -0.0560173
0.0291459 0.00104916 -0.056024
0.0412717 0.000692934 -0.0561864
0.0502867 0.000294517 -0.0564323
0.0538829 0.000612532 -0.0567375
0.0506314 0.00454202 -0.0570433
0.0426213 0.011598 -0.0574378
0.0344893 0.0175911 -0.0582823
0.0303588 0.019114 -0.0597048
0.0312466 0.0153755 -0.0609687
0.032795 0.00720751 -0.0608599
0.0295577 -0.0030621 -0.0588399
0.0217623 -0.0117114 -0.0554399
0.0132595 -0.016852 -0.0518308
0.00600526 -0.0220622 -0.0492786
-0.000921627 -0.0323071 -0.0482494
-0.00995195 -0.0450925 -0.0481819
-0.0225772 -0.0516595 -0.0484265
-0.0362326 -0.0477475 -0.0485991
-0.0445351 -0.038098 -0.0485516
-0.04464 -0.0293249 -0.0488119
-0.0423629 -0.0224404 -0.0499317
-0.0453645 -0.0147044 -0.0515401
-0.0556787 -0.00512319 -0.0532774
-0.0702028 0.00459762 -0.0553748
-0.0831751 0.0121224 -0.057456
-0.089016 0.0150557 -0.0584893
-0.0859238 0.0110718 -0.0581602
-0.0753406 3.5082e-05 -0.0568097
-0.0588658 -0.0145756 -0.0542904
-0.0399157 -0.0278515 -0.0506713
-0.025328 -0.0369639 -0.0470969
-0.0210866 -0.0426775 -0.0447823
-0.0276529 -0.0472229 -0.0442555
-0.0377175 -0.0503271 -0.0455685
-0.0411622 -0.0501205 -0.0481191
-0.0346338 -0.047618 -0.0505587
-0.0222704 -0.0459283 -0.0516131
-0.0105482 -0.0455425 -0.0509594
-0.00444197 -0.0449192 -0.0493799
-0.00506318 -0.0455642 -0.0478314
-0.0116887 -0.0510559 -0.0466309
-0.024625 -0.0606695 -0.0457866
-0.0434411 -0.0692777 -0.0452441
-0.0639464 -0.0739366 -0.0447098
-0.0779295 -0.0753978 -0.0438144
-0.0788497 -0.0741448 -0.042848
-0.0676383 -0.0712198 -0.0425433
-0.0513206 -0.0704236 -0.0429851
-0.0389716 -0.0732329 -0.0437502
-0.0376334 -0.0755124 -0.0438957
-0.0469853 -0.0748808 -0.0436528
-0.0593433 -0.0747596 -0.0434276
-0.069466 -0.0772515 -0.0432884
-0.0785697 -0.0797785 -0.0430802
-0.0886388 -0.0812104 -0.0425307
-0.097728 -0.0843514 -0.0417447
-0.103233 -0.0897512 -0.0412991
-0.105764 -0.0926968 -0.0413209
-0.106776 -0.0892394 -0.0405949
-0.108992 -0.0808199 -0.0394187
-0.114114 -0.0700421 -0.0394839
-0.120906 -0.0559706 -0.0416298
-0.126429 -0.0390481 -0.0454353
-0.126198 -0.0255904 -0.050289
-0.117832 -0.0188487 -0.0549993
-0.101558 -0.0139619 -0.0574989
-0.0765938 -0.00593421 -0.0570204
-0.0417024 0.00544187 -0.0550422
-0.000409099 0.0180555 -0.0538147
0.0372335 0.0301355 -0.0549629
0.0628462 0.0387972 -0.0581788
0.0778448 0.04064 -0.0627529
0.0903231 0.0379398 -0.0675099
0.104734 0.0395041 -0.0699757
0.117335 0.0505645 -0.0686572
0.123449 0.0640436 -0.0657302
0.122929 0.0676853 -0.0647597
0.118579 0.059898 -0.0663642
0.11267 0.0492347 -0.0683848
0.104805 0.0387968 -0.068559
0.0952536 0.0248479 -0.0664104
0.0834236 0.00936168 -0.0624553
0.065639 -0.00193007 -0.0573425
0.0417781 -0.0122447 -0.0522113
0.0178244 -0.0305221 -0.0485353
-0.00180593 -0.0562631 -0.0470233
-0.0225915 -0.078848 -0.0462287
-0.0540966 -0.0920436 -0.0437754
-0.0982525 -0.097884 -0.0395562
-0.147821 -0.0995978 -0.0361275
-0.192004 -0.100428 -0.035367
-0.222661 -0.104404 -0.0370052
-0.235093 -0.112759 -0.0392795
-0.232962 -0.122167 -0.0414022
-0.231838 -0.128789 -0.0416033
-0.245534 -0.13361 -0.0378911
-0.273435 -0.139985 -0.0335024
-0.306313 -0.145333 -0.0317814
-0.335587 -0.143282 -0.0323452
-0.352073 -0.135021 -0.0337035
-0.348362 -0.128473 -0.0349775
-0.325065 -0.126174 -0.037674
-0.290698 -0.122417 -0.0419036
-0.254856 -0.111307 -0.0448984
-0.222347 -0.0919962 -0.0455376
-0.195679 -0.066597 -0.0455128
-0.172571 -0.0377089 -0.0469058
-0.145093 -0.00729968 -0.0509777
-0.111936 0.0240101 -0.0576983
-0.076139 0.0547145 -0.0660676
-0.0350472 0.0812674 -0.0740625
0.0143126 0.101664 -0.0791652
0.0705909 0.117588 -0.0809375
0.129619 0.130549 -0.0802391
0.186515 0.138603 -0.0778787
0.235139 0.138579 -0.0758024
0.269301 0.129587 -0.0758357
0.287421 0.114612 -0.0770829
0.2909 0.0994141 -0.0766466
0.279894 0.0879526 -0.0736099
0.255993 0.0798163 -0.0697452
0.225641 0.0729687 -0.06648
0.193312 0.0655588 -0.0642322
0.157404 0.0562531 -0.0634964
0.117881 0.045526 -0.0642476
0.0769395 0.0363374 -0.0646673
0.0341378 0.0337325 -0.0643121
-0.00846582 0.0416351 -0.0638253
-0.0482749 0.0593339 -0.0640379
-0.0882617 0.0840466 -0.0651294
-0.131402 0.115333 -0.0689019
-0.177992 0.15699 -0.0756914
-0.224184 0.215374 -0.0839311
-0.260212 0.295225 -0.0932971
-0.277519 0.398284 -0.10252
-0.270506 0.523354 -0.110839
-0.23526 0.666444 -0.119188
-0.171165 0.820931 -0.1291
-0.0753165 0.977543 -0.141101
0.0561777 1.12581 -0.153954
0.22539 1.25647 -0.166078
0.436378 1.36397 -0.17666
0.690435 1.44748 -0.184526
0.985158 1.50859 -0.188255
1.32003 1.54784 -0.187827
1.69422 1.56327 -0.18216
2.10635 1.55167 -0.169138
2.55617 1.51007 -0.14648
3.04533 1.43773 -0.113556
3.57734 1.33747 -0.0704695
4.15406 1.21611 -0.0166666
4.77562 1.08404 0.0460674
5.44436 0.952842 0.11233
6.16156 0.836162 0.177969
6.91769 0.74935 0.241334
7.68907 0.699715 0.301049
8.44251 0.678894 0.356907
9.14124 0.672783 0.408555
9.74793 0.675277 0.456513
10.2303 0.689346 0.50174
10.5652 0.72206 0.544656
10.739 0.780405 0.583127
10.751 0.869624 0.613684
10.6141 0.993039 0.632839
10.351 1.1517 0.638241
9.98543 1.34136 0.629514
9.54826 1.542 0.606296
9.10321 1.71673 0.566631
8.72722 1.83559 0.512249
8.45833 1.89419 0.45271
8.29093 1.90316 0.394107
8.20428 1.86502 0.336284
8.17878 1.76329 0.28566
8.18293 1.57479 0.257387
8.15805 1.29863 0.272418
8.04188 0.961157 0.312685
7.80011 0.59218 0.353997
7.40767 0.214547 0.396627
6.82493 -0.155002 0.433627
6.03518 -0.50518 0.467362
5.0689 -0.838622 0.5141
3.96668 -1.17024 0.582839
2.76493 -1.50508 0.664215
1.51288 -1.83331 0.755973
0.247128 -2.14436 0.870255
-1.02633 -2.43225 0.983135
-2.29201 -2.69671 1.06499
-3.51301 -2.94731 1.12802
-4.66057 -3.19438 1.17545
-5.71572 -3.43781 1.20543
-6.656 -3.67237 1.2228
-7.47826 -3.90084 1.2326
-8.21062 -4.13438 1.24817
-8.85071 -4.38165 1.27809
-9.37798 -4.63778 1.33297
-9.85531 -4.88261 1.40816
-10.3606 -5.09263 1.4807
-10.8924 -5.25199 1.54133
-11.439 -5.35651 1.58241
-11.9954 -5.40916 1.60652
-12.5458 -5.41606 1.62857
-13.0889 -5.38723 1.64799
-13.6148 -5.33391 1.65522
-14.1 -5.26497 1.64712
-14.531 -5.1864 1.62337
-14.9035 -5.1046 1.58727
-15.2242 -5.02415 1.54396
-15.5143 -4.94059 1.49223
-15.7935 -4.84052 1.43323
-16.0717 -4.7088 1.37539
-16.3543 -4.53866 1.3211
-16.6444 -4.33652 1.27254
-16.936 -4.11619 1.23392
-17.212 -3.88899 1.20081
-17.4493 -3.6596 1.16893
-17.6296 -3.42945 1.13984
-17.7416 -3.20157 1.10991
-17.7767 -2.98087 1.07411
-17.7295 -2.77165 1.03164
-17.5987 -2.57707 0.981195
-17.3843 -2.40078 0.922496
-17.0889 -2.25026 0.85682
-16.7169 -2.13797 0.785213
-16.2742 -2.07451 0.711557
-15.7763 -2.05464 0.640613
-15.2436 -2.05277 0.571763
-14.6907 -2.03837 0.505869
-14.1336 -1.99173 0.448801
-13.5867 -1.90909 0.399224
-13.0484 -1.79988 0.353158
-12.5025 -1.67763 0.305607
-11.9271 -1.55207 0.250831
-11.2982 -1.42859 0.201157
-10.5938 -1.31365 0.154781
-9.80696 -1.21051 0.0932865
-8.9542 -1.11334 0.0168578
-8.06258 -1.01417 -0.0581058
-7.16131 -0.904404 -0.10983
-6.27933 -0.771732 -0.135089
-5.43679 -0.607573 -0.143868
-4.64078 -0.413831 -0.14503
-3.88639 -0.202083 -0.145034
-3.16155 0.0136144 -0.149402
-2.4565 0.229409 -0.164933
-1.76535 0.451673 -0.190766
-1.08023 0.68663 -0.22484
-0.394847 0.937523 -0.262177
0.286299 1.20424 -0.286648
0.952202 1.47734 -0.292965
1.59622 1.73975 -0.285207
2.21335 1.97903 -0.267078
2.79942 2.19299 -0.244687
3.35926 2.38505 -0.221068
3.90284 2.56097 -0.198096
4.43354 2.72819 -0.178205
4.94671 2.89179 -0.161959
5.43678 3.05023 -0.146483
5.89905 3.1967 -0.12862
6.32574 3.3258 -0.10694
6.70674 3.43805 -0.0812714
7.03531 3.53954 -0.0520052
7.30942 3.63715 -0.0202901
7.52915 3.73334 0.0114988
7.69616 3.82544 0.0403458
7.81514 3.9075 0.0630081
7.89281 3.97254 0.0776971
7.93397 4.01534 0.085269
7.94272 4.03472 0.0873068
7.92675 4.03272 0.0868035
7.89621 4.01067 0.0867195
7.86021 3.96724 0.0875934
7.82386 3.90108 0.0890396
7.78811 3.81403 0.0901109
7.7534 3.7108 0.0896963
7.72057 3.59687 0.0872807
7.68756 3.47733 0.0831627
7.64986 3.35676 0.0777863
7.60298 3.23901 0.0718367
7.5393 3.12635 0.06611
7.44417 3.01787 0.061117
7.3001 2.91011 0.0569231
7.09241 2.80003 0.0533909
6.81034 2.6889 0.0504723
6.45063 2.58446 0.0475178
6.0206 2.49744 0.0435571
5.53402 2.43581 0.0372572
5.0083 2.40319 0.0269374
4.4656 2.40033 0.0108069
3.92835 2.42647 -0.0113836
3.4099 2.4796 -0.0381129
2.91587 2.55572 -0.068194
2.44869 2.64606 -0.101037
2.00421 2.73624 -0.135933
1.57023 2.81025 -0.171726
1.13236 2.85442 -0.205342
0.68154 2.86037 -0.231328
0.215442 2.82733 -0.245349
-0.267872 2.75681 -0.247735
-0.768785 2.64738 -0.240843
-1.28216 2.49443 -0.226351
-1.80074 2.2903 -0.205085
-2.31413 2.02793 -0.177102
-2.80703 1.70494 -0.142345
-3.26199 1.32593 -0.100827
-3.6649 0.901429 -0.0522451
-4.00937 0.441803 0.00527582
-4.30238 -0.0489778 0.0746782
-4.56524 -0.57301 0.157985
-4.81943 -1.13111 0.259764
-5.0721 -1.71827 0.381792
-5.31923 -2.33032 0.516522
-5.55627 -2.97036 0.656375
-5.77613 -3.64238 0.794502
-5.96147 -4.34029 0.927608
-6.09332 -5.04393 1.06306
-6.16763 -5.72538 1.20719
-6.19597 -6.3626 1.35879
-6.1962 -6.9474 1.51503
-6.18876 -7.48197 1.67409
-6.19429 -7.97277 1.83351
-6.22577 -8.42732 1.98864
-6.28392 -8.85211 2.13376
-6.36242 -9.2491 2.26244
-6.45363 -9.61379 2.37089
-6.54935 -9.93896 2.45811
-6.6438 -10.2197 2.52422
-6.73883 -10.4552 2.5723
-6.84031 -10.649 2.60674
-6.95105 -10.8073 2.63062
-7.0735 -10.9351 2.64624
-7.20937 -11.0329 2.65579
-7.35409 -11.0965 2.65907
-7.50263 -11.1191 2.65547
-7.65599 -11.0947 2.64542
-7.81544 -11.0197 2.62888
-7.97822 -10.8917 2.60573
-8.14093 -10.7089 2.57579
-8.30139 -10.4716 2.53778
-8.45576 -10.1831 2.48934
-8.59814 -9.85159 2.42898
-8.72264 -9.48991 2.35624
-8.82641 -9.11278 2.27109
-8.90976 -8.73057 2.17471
-8.97129 -8.34683 2.06929
-9.00576 -7.95881 1.95684
-9.00646 -7.55951 1.83942
-8.96719 -7.1399 1.7186
-8.88311 -6.6902 1.59544
-8.75088 -6.20184 1.47152
-8.56934 -5.66961 1.3476
-8.33952 -5.09256 1.22332
-8.06284 -4.47254 1.09856
-7.7405 -3.81253 0.971833
-7.37362 -3.11633 0.840688
-6.96667 -2.38981 0.703881
-6.53433 -1.64534 0.562776
-6.09975 -0.904018 0.419742
-5.68566 -0.186861 0.279706
-5.31021 0.496733 0.157428
-4.99018 1.15081 0.0663469
-4.7389 1.78674 0.0012759
-4.55451 2.41698 -0.0498317
-4.41612 3.04926 -0.0943221
-4.29035 3.68249 -0.137851
-4.14273 4.30748 -0.183307
-3.94707 4.9103 -0.233306
-3.68667 5.47791 -0.29026
-3.35204 6.00328 -0.350184
-2.94008 6.48484 -0.409243
-2.45544 6.92383 -0.464765
-1.90976 7.32228 -0.510988
-1.32126 7.68085 -0.54594
-0.710261 7.99883 -0.569867
-0.0883938 8.27486 -0.580998
0.541242 8.50731 -0.579671
1.17436 8.69575 -0.569236
1.80649 8.84343 -0.552748
2.43933 8.96034 -0.533144
3.07392 9.06009 -0.51089
3.70234 9.15165 -0.48589
4.31387 9.2361 -0.458072
4.902 9.30996 -0.425158
5.4613 9.36906 -0.384668
5.98676 9.41036 -0.335642
6.48055 9.43107 -0.280125
6.95224 9.42579 -0.222454
7.40906 9.38612 -0.167142
7.84921 9.30422 -0.116999
8.26421 9.17561 -0.0724946
8.65303 8.99916 -0.0382452
9.01318 8.77746 -0.00281555
9.32521 8.51355 0.0312725
9.58587 8.20919 0.0560193
9.80277 7.86672 0.0840613
9.97235 7.4917 0.110751
10.1009 7.09015 0.132627
10.2004 6.66345 0.155102
10.273 6.21075 0.177886
10.3201 5.72918 0.198617
10.3479 5.21512 0.219849
10.3521 4.66618 0.24448
10.3203 4.08163 0.273122
10.2461 3.46149 0.307055
10.1228 2.8065 0.347372
9.93446 2.12083 0.392422
9.66775 1.41384 0.441493
9.32137 0.698948 0.496759
8.89563 -0.0106437 0.560868
8.39094 -0.706087 0.634541
7.81855 -1.38348 0.717431
7.19565 -2.04108 0.807397
6.53249 -2.6782 0.90153
5.8355 -3.29598 0.998653
5.11418 -3.89758 1.09712
4.37816 -4.48547 1.19472
3.63585 -5.05856 1.2909
2.90108 -5.61274 1.38703
2.19133 -6.14201 1.48309
1.51674 -6.63906 1.57975
0.880838 -7.09616 1.67697
0.291083 -7.50583 1.771
-0.245463 -7.86279 1.86044
-0.733093 -8.1664 1.94535
-1.18145 -8.4207 2.02446
-1.59392 -8.63472 2.09556
-1.96936 -8.82194 2.1565
-2.3093 -8.9953 2.20735
-2.61771 -9.16208 2.2496
-2.89608 -9.3243 2.2842
-3.14401 -9.48202 2.31088
-3.3631 -9.63434 2.32961
-3.55651 -9.77856 2.34163
-3.72642 -9.90983 2.34937
-3.87382 -10.0216 2.35656
-3.99961 -10.1061 2.36496
-4.10526 -10.1537 2.37438
-4.19347 -10.1553 2.38427
-4.26933 -10.1061 2.39233
-4.33935 -10.0072 2.39489
-4.40827 -9.86297 2.38843
-4.47716 -9.67738 2.37067
-4.5445 -9.45271 2.33936
-4.60826 -9.18952 2.29212
-4.66646 -8.88813 2.2277
-4.71716 -8.55044 2.14658
-4.75805 -8.17991 2.05213
-4.78711 -7.77975 1.94943
-4.80977 -7.35089 1.83906
-4.83993 -6.8928 1.72375
-4.888 -6.40471 1.60629
-4.96084 -5.88565 1.48499
-5.06431 -5.33601 1.36274
-5.19571 -4.75912 1.24038
-5.34697 -4.16231 1.1161
-5.51018 -3.55466 0.993382
-5.67688 -2.94417 0.876154
-5.83788 -2.33547 0.765026
-5.98393 -1.72958 0.660167
-6.1072 -1.12687 0.563109
-6.20344 -0.529845 0.474562
-6.27122 0.0563877 0.39254
-6.30637 0.626874 0.315994
-6.3014 1.1792 0.244455
-6.25245 1.71289 0.176279
-6.15988 2.22728 0.109922
-6.02164 2.72015 0.0455837
-5.83383 3.18799 -0.0162364
-5.59736 3.62741 -0.0758589
-5.3181 4.03677 -0.132665
-5.00222 4.41681 -0.18482
-4.65533 4.7699 -0.231737
-4.2833 5.09906 -0.274308
-3.88903 5.40734 -0.31325
-3.4707 5.69695 -0.349235
-3.02662 5.96872 -0.382088
-2.55742 6.22189 -0.40795
-2.06145 6.4531 -0.420263
-1.53381 6.65564 -0.422558
-0.973054 6.82087 -0.421779
-0.3861 6.94207 -0.418342
0.214903 7.01638 -0.411575
0.817091 7.04345 -0.400447
1.40718 7.02508 -0.384804
1.97356 6.96573 -0.364842
2.51156 6.87098 -0.341251
3.02341 6.74587 -0.315203
3.51372 6.59442 -0.287566
3.98762 6.42055 -0.258244
4.45132 6.22875 -0.22723
4.90834 6.02253 -0.195312
5.35384 5.80225 -0.162965
5.77656 5.56517 -0.130361
6.16571 5.3077 -0.0977163
6.51218 5.02754 -0.0652275
6.80723 4.72474 -0.0330107
7.04456 4.40199 -0.00154786
7.22248 4.06427 0.0287565
7.34211 3.71754 0.0584248
7.40484 3.36707 0.088443
7.41386 3.0173 0.119551
7.37468 2.67196 0.151446
7.29196 2.33396 0.182776
7.16891 2.00574 0.211618
7.00925 1.68946 0.236459
6.81694 1.38612 0.256554
6.59531 1.09464 0.272095
6.34828 0.812486 0.284107
6.08131 0.536668 0.293939
5.80003 0.264087 0.302741
5.50867 -0.00810222 0.311369
5.2096 -0.281679 0.32063
4.90215 -0.556024 0.331125
4.58177 -0.826772 0.343372
4.24266 -1.08637 0.357731
3.88144 -1.32734 0.373804
3.49725 -1.54542 0.39017
3.09104 -1.74038 0.405198
2.66764 -1.91545 0.417996
2.23517 -2.07637 0.429202
1.80158 -2.22977 0.440235
1.37509 -2.38074 0.451835
0.966474 -2.53146 0.464629
0.587467 -2.68175 0.47943
0.246991 -2.82996 0.496719
-0.0505101 -2.97398 0.516412
-0.305306 -3.11269 0.53875
-0.523743 -3.24648 0.565117
-0.716782 -3.37591 0.596115
-0.895518 -3.50022 0.630956
-1.06895 -3.61782 0.669148
-1.24372 -3.72756 0.709629
-1.42218 -3.82859 0.750548
-1.60001 -3.91854 0.790412
-1.76832 -3.99242 0.827843
-1.91893 -4.04521 0.860872
-2.04798 -4.07661 0.886953
-2.15571 -4.09289 0.903872
-2.24595 -4.10267 0.911214
-2.32589 -4.11051 0.910589
-2.40301 -4.11533 0.904796
-2.48213 -4.11292 0.897939
-2.56663 -4.09799 0.891643
-2.6593 -4.06534 0.885437
-2.76176 -4.01074 0.878716
-2.87374 -3.93224 0.870006
-2.99292 -3.83079 0.858726
-3.11686 -3.70875 0.844684
-3.24395 -3.56915 0.827499
-3.37356 -3.41568 0.806639
-3.50563 -3.25215 0.781232
-3.63924 -3.08152 0.750939
-3.77182 -2.90542 0.716558
-3.89981 -2.72419 0.679115
-4.01926 -2.53766 0.63943
-4.12643 -2.347 0.598232
-4.21939 -2.15591 0.556193
-4.29795 -1.96915 0.514092
-4.36134 -1.79011 0.47328
-4.40708 -1.61906 0.435066
-4.43304 -1.45217 0.399521
-4.43906 -1.28282 0.365858
-4.42603 -1.10574 0.333355
-4.39491 -0.919521 0.301716
-4.34616 -0.726304 0.27089
-4.27809 -0.531412 0.242116
-4.18906 -0.340534 0.213522
-4.08027 -0.156636 0.180041
-3.95385 0.0187204 0.139211
-3.811 0.183964 0.0941294
-3.65207 0.337464 0.0546354
-3.47791 0.478869 0.0259441
-3.2896 0.608909 0.00421425
-3.08691 0.727987 -0.0130675
-2.86974 0.836766 -0.0268256
-2.63972 0.93595 -0.0385215
-2.39868 1.02519 -0.0483094
-2.14664 1.10288 -0.0557068
-1.88333 1.16721 -0.0593752
-1.61014 1.2173 -0.0615979
-1.32899 1.25382 -0.0654902
-1.04168 1.27887 -0.0712234
-0.750062 1.29496 -0.077662
-0.455236 1.3042 -0.0828687
-0.157278 1.30787 -0.0860115
0.143641 1.30596 -0.0868518
0.446532 1.29771 -0.0855332
0.7485 1.28291 -0.0824753
1.04351 1.26264 -0.0780043
1.32396 1.23886 -0.072118
1.58346 1.21282 -0.0651532
1.81742 1.18403 -0.0579829
2.02256 1.15115 -0.051197
2.19749 1.1133 -0.0448134
2.34366 1.07032 -0.0381913
2.46458 1.02247 -0.0304139
2.56367 0.970163 -0.0214604
2.64354 0.914047 -0.0121322
2.70696 0.854947 -0.00329835
2.75591 0.793449 0.00401672
2.79022 0.72945 0.00928494
2.80867 0.662282 0.0127264
2.81024 0.591314 0.0146688
2.7937 0.516165 0.0158593
2.75827 0.436774 0.0174302
2.7054 0.353455 0.020268
2.63775 0.266332 0.0246061
2.55725 0.174989 0.0302576
2.46621 0.0788993 0.0369996
2.36892 -0.0218776 0.0446144
2.2705 -0.126255 0.0530059
2.17433 -0.232423 0.0623847
2.08118 -0.338243 0.072969
1.98971 -0.441315 0.0846816
1.89791 -0.539294 0.0972421
1.80449 -0.630479 0.110291
1.70905 -0.714369 0.123136
1.61164 -0.791903 0.134752
1.51314 -0.864661 0.144534
1.4162 -0.933377 0.152706
1.32498 -0.997454 0.15979
1.24304 -1.05577 0.166131
1.17175 -1.10751 0.171954
1.11032 -1.15258 0.177374
1.05635 -1.19152 0.182377
1.00611 -1.22482 0.186986
0.955351 -1.25235 0.191284
0.900257 -1.27368 0.195194
0.838106 -1.28885 0.19854
0.767844 -1.29823 0.201346
0.690046 -1.30174 0.20377
0.605478 -1.29878 0.205702
0.514013 -1.28918 0.206771
0.415289 -1.27399 0.206665
0.309268 -1.25455 0.205259
0.195253 -1.23104 0.202625
0.071771 -1.20226 0.199096
-0.0613477 -1.16683 0.195055
-0.202194 -1.12409 0.190594
-0.348479 -1.0738 0.185428
-0.498734 -1.01571 0.179188
-0.65216 -0.949492 0.171709
-0.808789 -0.874941 0.163253
-0.96952 -0.791862 0.154191
-1.13461 -0.70008 0.144405
-1.30234 -0.599845 0.133782
-1.46975 -0.492452 0.122491
-1.63395 -0.380598 0.110587
-1.79251 -0.267824 0.0982277
-1.94398 -0.157252 0.0857101
-2.08932 -0.0506923 0.073594
-2.23118 0.0512983 0.0626239
-2.37165 0.1487 0.0531764
-2.51127 0.241331 0.0452965
-2.64947 0.328523 0.0388281
-2.78458 0.409202 0.0334249
-2.91362 0.482267 0.0286413
-3.03283 0.546984 0.0243794
-3.13912 0.603154 0.0209278
-3.23076 0.651066 0.0184031
-3.30672 0.691188 0.0166934
-3.36598 0.72368 0.0157536
-3.40747 0.748209 0.0156384
-3.43021 0.764163 0.016294
-3.43348 0.770877 0.0177196
-3.41688 0.76789 0.0201296
-3.37979 0.755357 0.0236746
-3.32113 0.734067 0.0282274
-3.24004 0.704742 0.0334129
-3.13694 0.667361 0.0387555
-3.0139 0.621324 0.0438217
-2.87447 0.566168 0.0483637
-2.72305 0.502243 0.0523839
-2.56403 0.431159 0.0558972
-2.40088 0.355386 0.0589376
-2.23614 0.2769 0.0618231
-2.0721 0.195795 0.0651158
-1.91111 0.11021 0.0697553
-1.75442 0.0180678 0.0758733
-1.60096 -0.0806125 0.0823632
-1.44831 -0.183165 0.0889994
-1.29442 -0.286046 0.0962466
-1.13779 -0.386614 0.103713
-0.977589 -0.483308 0.110822
-0.8148 -0.575046 0.11755
-0.652645 -0.66122 0.123763
-0.495295 -0.742186 0.12914
-0.346719 -0.818921 0.13375
-0.210067 -0.891682 0.138012
-0.0870857 -0.959305 0.142218
0.0218228 -1.02017 0.146576
0.117142 -1.07393 0.151432
0.200169 -1.12186 0.156994
0.272931 -1.16576 0.163171
0.337768 -1.20708 0.169697
0.397093 -1.24684 0.176364
0.453062 -1.2857 0.183116
0.506973 -1.32356 0.190024
0.559294 -1.35938 0.197103
0.610522 -1.39139 0.204207
0.661277 -1.41781 0.210954
0.71155 -1.4378 0.216729
0.760758 -1.45215 0.22096
0.808593 -1.46253 0.223471
0.855055 -1.47007 0.224514
0.899654 -1.47486 0.224526
0.941665 -1.47679 0.223949
0.980986 -1.4762 0.223175
1.01764 -1.47371 0.222446
1.05109 -1.46965 0.221837
1.08087 -1.46394 0.22132
1.10723 -1.45636 0.220795
1.13056 -1.44615 0.220139
1.15081 -1.43149 0.219251
1.16745 -1.40988 0.217938
1.17955 -1.37941 0.215813
1.18563 -1.33979 0.212399
1.18354 -1.29194 0.207272
1.1706 -1.2367 0.200103
1.14416 -1.17399 0.190758
1.10269 -1.10261 0.179355
1.04644 -1.02099 0.166078
0.977156 -0.92846 0.150925
0.897386 -0.82624 0.133842
0.810247 -0.717484 0.115101
0.718842 -0.606048 0.0952599
0.625536 -0.494711 0.0750712
0.532196 -0.383925 0.0552875
0.44021 -0.27261 0.0368746
0.349705 -0.159882 0.021024
0.259355 -0.0454913 0.00822469
0.167146 0.0707014 -0.00206191
0.0711536 0.188788 -0.0109685
-0.0307435 0.308028 -0.0196357
-0.140859 0.426563 -0.0288931
-0.260335 0.5424 -0.0389825
-0.388226 0.654678 -0.0491082
-0.52229 0.763983 -0.0580722
-0.660249 0.871432 -0.0656263
-0.80014 0.977402 -0.0718906
-0.940421 1.08102 -0.0768667
-1.08012 1.18044 -0.080818
-1.21826 1.27332 -0.0842262
-1.3533 1.35722 -0.0877896
-1.48341 1.42982 -0.0918466
-1.60696 1.48924 -0.0960796
-1.72257 1.53424 -0.0998483
-1.82958 1.56426 -0.102571
-1.92847 1.57923 -0.103831
-2.02031 1.57981 -0.103376
-2.10649 1.56734 -0.101116
-2.18885 1.54331 -0.0970821
-2.26913 1.50891 -0.0914764
-2.34746 1.46489 -0.084707
-2.42198 1.41161 -0.0771669
-2.48996 1.34935 -0.0691141
-2.54907 1.27853 -0.0607348
-2.59765 1.19938 -0.0521215
-2.63418 1.11155 -0.0432819
-2.65669 1.01437 -0.0340847
-2.66305 0.907675 -0.0243704
-2.65204 0.792062 -0.0141228
-2.6236 0.668578 -0.00336956
-2.57823 0.538434 0.00813036
-2.51707 0.403026 0.0208689
-2.44198 0.263702 0.0351443
-2.35512 0.121084 0.0508699
-2.25808 -0.0253098 0.0675263
-2.15231 -0.176651 0.0843034
-2.04017 -0.333938 0.10066
-1.92445 -0.497462 0.116762
-1.80753 -0.666723 0.133662
-1.69169 -0.840355 0.152585
-1.57911 -1.01614 0.173851
-1.4708 -1.19153 0.197077
-1.36584 -1.3644 0.222102
-1.26202 -1.53305 0.248525
-1.15679 -1.69552 0.275042
-1.04852 -1.84921 0.30027
-0.937357 -1.99173 0.32333
-0.825282 -2.12186 0.344376
-0.715738 -2.23929 0.364132
-0.613046 -2.34364 0.382813
-0.52112 -2.43437 0.400155
-0.441284 -2.5112 0.415773
-0.371587 -2.57421 0.429248
-0.3089 -2.62356 0.439956
-0.250883 -2.65976 0.447268
-0.196113 -2.68403 0.450944
-0.144085 -2.69769 0.451293
-0.0956782 -2.70114 0.448995
-0.052885 -2.69348 0.444712
-0.0178388 -2.6735 0.438757
0.0077692 -2.64085 0.431088
0.0231303 -2.59634 0.421522
0.0290364 -2.54155 0.409884
0.0277758 -2.4785 0.396068
0.0220105 -2.40915 0.380232
0.0139979 -2.33474 0.362941
0.00526862 -2.25546 0.344887
-0.00360772 -2.17079 0.326577
-0.0125964 -2.07991 0.308243
-0.0215277 -1.98192 0.289722
-0.0301329 -1.87587 0.270498
-0.0383057 -1.76118 0.249951
-0.0458584 -1.63791 0.227664
-0.052362 -1.50623 0.203648
-0.0574801 -1.36607 0.178283
-0.0610966 -1.21781 0.152136
-0.0630255 -1.06336 0.126019
-0.0628798 -0.906111 0.100813
-0.0600139 -0.749573 0.0771741
-0.0533412 -0.596107 0.0558174
-0.0418648 -0.447056 0.0372849
-0.02569 -0.303064 0.0216085
-0.00665933 -0.163843 0.00883347
0.0119913 -0.0284972 -0.00135742
0.0270492 0.103769 -0.00978061
0.0360004 0.233324 -0.0172034
0.0368084 0.360018 -0.0244736
0.0281084 0.483256 -0.0324354
0.00954165 0.602295 -0.041378
-0.0184587 0.716546 -0.0506875
-0.0554391 0.825617 -0.0595112
-0.101529 0.92906 -0.067441
-0.157092 1.02623 -0.074399
-0.221577 1.11648 -0.0805747
-0.293337 1.19947 -0.0862395
-0.370847 1.275 -0.0915897
-0.453168 1.34261 -0.0968447
-0.539364 1.4016 -0.102076
-0.628424 1.45133 -0.107118
-0.719586 1.4916 -0.111795
-0.812162 1.52257 -0.115999
-0.90523 1.54404 -0.11961
-0.997796 1.55521 -0.122508
-1.08879 1.5548 -0.124588
-1.17689 1.54162 -0.125727
-1.26078 1.5152 -0.125804
-1.33942 1.47608 -0.124709
-1.41212 1.42571 -0.122282
-1.47839 1.36578 -0.118284
-1.53794 1.29748 -0.112529
-1.59073 1.2212 -0.105086
-1.6369 1.13673 -0.0963731
-1.67654 1.04347 -0.0870313
-1.70908 0.940878 -0.0776989
-1.73264 0.829395 -0.068515
-1.74449 0.710892 -0.0588437
-1.74239 0.587841 -0.0479319
-1.72527 0.462227 -0.0354751
-1.6931 0.334974 -0.0213694
-1.64657 0.206075 -0.00564728
-1.587 0.0749955 0.0113628
-1.51621 -0.0588329 0.0292442
-1.43635 -0.195437 0.0475518
-1.34981 -0.334086 0.0659475
-1.25901 -0.473378 0.0844723
-1.16625 -0.611577 0.103203
-1.07368 -0.746867 0.12212
-0.983136 -0.877291 0.141232
-0.895679 -1.00078 0.160288
-0.811667 -1.11554 0.178847
-0.730959 -1.2203 0.196591
-0.653432 -1.31427 0.212836
-0.579607 -1.39744 0.226737
-0.510803 -1.47074 0.237981
-0.448727 -1.53555 0.246898
-0.394841 -1.5927 0.254115
-0.34998 -1.64189 0.26008
-0.314359 -1.68185 0.264975
-0.287892 -1.71123 0.26867
-0.270717 -1.7293 0.270883
-0.263491 -1.73621 0.271238
-0.26709 -1.73293 0.269348
-0.281972 -1.72115 0.264992
-0.307782 -1.70267 0.25829
-0.343539 -1.67875 0.249731
-0.387813 -1.64989 0.240045
-0.438341 -1.61615 0.229982
-0.491694 -1.5774 0.220072
-0.543762 -1.53356 0.210454
-0.590796 -1.48512 0.200851
-0.6302 -1.43324 0.19086
-0.660932 -1.37895 0.180352
-0.683453 -1.32227 0.169503
-0.698927 -1.26201 0.15858
-0.708155 -1.19655 0.147668
-0.711064 -1.12476 0.136584
-0.707099 -1.04665 0.12511
-0.695906 -0.963141 0.113028
-0.677371 -0.875336 0.100238
-0.651336 -0.783861 0.0870413
-0.617792 -0.688989 0.0739757
-0.57713 -0.591343 0.0614405
-0.530074 -0.492269 0.0496304
-0.477976 -0.393659 0.0387066
-0.423363 -0.297697 0.028832
-0.369568 -0.20655 0.0201217
-0.319314 -0.121847 0.0126827
-0.273734 -0.0439237 0.00659953
-0.232507 0.0285578 0.00177498
-0.194462 0.0978681 -0.00215076
-0.158332 0.165635 -0.00565542
-0.123521 0.232022 -0.00918226
-0.0904137 0.296481 -0.0131154
-0.0602663 0.358705 -0.0177384
-0.0348335 0.41846 -0.023141
-0.015967 0.474873 -0.0292089
-0.00539887 0.526547 -0.0356216
-0.00455156 0.572658 -0.0418677
-0.0143293 0.613746 -0.0474281
-0.035152 0.65124 -0.0519852
-0.0672692 0.686169 -0.0555281
-0.110936 0.718283 -0.0582945
-0.166263 0.746166 -0.0606504
-0.23286 0.768038 -0.0629434
-0.309423 0.782691 -0.0653375
-0.393683 0.790202 -0.0677518
-0.48287 0.791973 -0.0699304
-0.574365 0.789672 -0.0715836
-0.666055 0.783784 -0.0725378
-0.75633 0.773149 -0.0728188
-0.843971 0.755941 -0.072596
-0.927967 0.731039 -0.0719822
-1.00741 0.698457 -0.07084
-1.08145 0.65886 -0.0687946
-1.14933 0.613105 -0.0654354
-1.21044 0.562146 -0.0605119
-1.26416 0.506887 -0.0540364
-1.30982 0.447856 -0.0462605
-1.34678 0.385122 -0.037601
-1.37441 0.318554 -0.0284581
-1.39185 0.248191 -0.0190169
-1.3981 0.174614 -0.00927593
-1.39274 0.0989665 0.000831807
-1.3764 0.0223162 0.0113404
-1.35045 -0.0550066 0.0222381
-1.31649 -0.133337 0.0334894
-1.27614 -0.213001 0.0450479
-1.23096 -0.293654 0.0568326
-1.18212 -0.374409 0.0686364
-1.13041 -0.454472 0.0802888
-1.07669 -0.533394 0.0917344
-1.02234 -0.610879 0.102896
-0.969229 -0.68648 0.113691
-0.919132 -0.759421 0.124126
-0.873243 -0.828469 0.134193
-0.832347 -0.892077 0.143708
-0.796912 -0.948948 0.152365
-0.766791 -0.998772 0.159903
-0.741384 -1.04265 0.166172
-0.720421 -1.08256 0.17105
-0.70436 -1.1203 0.174614
-0.693936 -1.1567 0.177316
-0.689548 -1.19158 0.179801
-0.691038 -1.22412 0.182553
-0.697778 -1.25345 0.185653
-0.708572 -1.2794 0.188816
-0.721497 -1.30267 0.191621
-0.734237 -1.32399 0.19372
-0.744684 -1.34339 0.194895
-0.751272 -1.36009 0.195073
-0.753205 -1.373 0.194353
-0.750507 -1.38124 0.192952
-0.743596 -1.38436 0.191068
-0.732901 -1.38216 0.188812
-0.719005 -1.37455 0.18615
-0.702712 -1.36161 0.182934
-0.684829 -1.34351 0.179049
-0.66553 -1.32055 0.174511
-0.644175 -1.2932 0.1694
