3.6678e-07 -2.19862e-08 -0.030041
-0.000167071 -7.52832e-05 -0.0300177
-0.000686476 -0.0002523 -0.029925
-0.00131745 -0.000394322 -0.0297908
-0.00178526 -0.00044233 -0.029711
-0.00236547 -0.000416878 -0.0297018
-0.00358383 -0.000335189 -0.0296872
-0.00549514 -0.000241965 -0.029611
-0.00741624 -0.000184568 -0.0295196
-0.00844236 -0.000245453 -0.0295086
-0.00811467 -0.000361577 -0.0296408
-0.00683877 -0.000415026 -0.0299344
-0.00581988 -0.000701927 -0.0302135
-0.00571497 -0.00141935 -0.0301616
-0.00595586 -0.00196861 -0.0298286
-0.00642697 -0.00149486 -0.0296827
-0.0078086 -9.14204e-06 -0.029938
-0.00976308 0.00142209 -0.0302568
-0.0111572 0.00214843 -0.0303627
-0.0115882 0.00219283 -0.0304006
-0.0109495 0.00144918 -0.0304476
-0.00856978 0.000690361 -0.0305665
-0.00449873 0.00128832 -0.0311569
-0.00070488 0.00285127 -0.0322104
0.00119664 0.00344249 -0.0328083
0.00140396 0.00241096 -0.0322605
0.000305362 0.00134742 -0.0311525
-0.00148918 0.00147906 -0.0304885
-0.0024858 0.00198281 -0.0303436
-0.00120713 0.00204622 -0.0302242
0.00270467 0.00178512 -0.0301557
0.0078953 0.00104204 -0.0303611
0.012421 -0.000175464 -0.0305565
0.0152631 -0.000969414 -0.030459
0.0150825 -0.000366788 -0.0303326
0.0107628 0.00156596 -0.0304287
0.00486976 0.0036809 -0.0305516
0.00155622 0.00460771 -0.0305781
0.00249932 0.00324778 -0.0305165
0.00643505 -0.000379046 -0.0302019
0.0094209 -0.00439215 -0.0295931
0.00928828 -0.00628031 -0.0289155
0.00893683 -0.0048121 -0.028736
0.00938423 -0.00138722 -0.0293967
0.0065412 7.42748e-05 -0.0296856
-0.00107779 -0.00286524 -0.0280409
-0.00955057 -0.00772843 -0.0252826
-0.015108 -0.0104132 -0.023718
-0.0163859 -0.00935548 -0.0243023
-0.0127549 -0.00595371 -0.026329
-0.00690431 -0.00294615 -0.0286125
-0.00467065 -0.00178976 -0.0301824
-0.00708159 -0.0017699 -0.03066
-0.0107759 -0.00140838 -0.0305473
-0.0154668 -0.000131969 -0.0305935
-0.0216206 0.00129147 -0.0307634
-0.0259229 0.00144086 -0.0305793
-0.0250923 -0.000478065 -0.0300402
-0.0189595 -0.00363191 -0.0294302
-0.00901156 -0.00604413 -0.0290729
0.000218573 -0.0061853 -0.0291831
0.00218798 -0.00431858 -0.029389
-0.00421314 -0.00266303 -0.0287122
-0.0142548 -0.0033625 -0.0266358
-0.0215861 -0.00594739 -0.0241278
-0.0221961 -0.00890243 -0.0228782
-0.0177344 -0.0116913 -0.0232754
-0.0104051 -0.0134872 -0.0242615
-0.000813671 -0.0132065 -0.0254091
0.00775819 -0.0113218 -0.0267856
0.0102679 -0.00982749 -0.0274756
0.00395133 -0.0100651 -0.0264448
-0.00951994 -0.0115895 -0.024054
-0.0245587 -0.0133034 -0.0215955
-0.0351357 -0.0143949 -0.0199526
-0.0363652 -0.0140968 -0.0196164
-0.0272573 -0.0124804 -0.0213837
-0.0128824 -0.011708 -0.0246319
0.00104634 -0.0135432 -0.0267849
0.00911488 -0.0162245 -0.0268374
0.00649909 -0.0172127 -0.0258228
-0.00539106 -0.0166427 -0.0243737
-0.0194986 -0.0154419 -0.0225649
-0.0313571 -0.013742 -0.020842
-0.0433632 -0.0126064 -0.019689
-0.0539379 -0.0136549 -0.0184145
-0.0530869 -0.0164409 -0.0175407
-0.0399716 -0.018875 -0.0184143
-0.0245656 -0.0193051 -0.0208083
-0.013984 -0.0171255 -0.0236737
-0.0107204 -0.0134763 -0.0258012
-0.0134565 -0.0098427 -0.026779
-0.0209081 -0.00641812 -0.0270422
-0.0315653 -0.00451484 -0.0266614
-0.040704 -0.00563788 -0.0254565
-0.0448315 -0.00753054 -0.0244
-0.0417358 -0.00723469 -0.0248872
-0.0297394 -0.00398469 -0.0272341
-0.00979812 0.00239349 -0.0313115
0.0116709 0.00989389 -0.036291
0.0246586 0.0141366 -0.039501
0.0276698 0.0125945 -0.0392634
0.0273411 0.00650561 -0.0360854
0.0266198 0.000514164 -0.032494
0.0227831 0.000425872 -0.0310372
0.013665 0.00713068 -0.0318921
0.00581849 0.0146725 -0.0334276
0.00817031 0.0165339 -0.0337614
0.0183 0.0124561 -0.0329214
0.0260102 0.00583852 -0.0319516
0.0268523 -0.00155734 -0.0306657
0.0264502 -0.00676391 -0.0293082
0.0279658 -0.00651789 -0.0291876
0.024588 -0.00293232 -0.0298645
0.0126908 -0.00100531 -0.0291266
-0.00058778 -0.00358141 -0.0260855
-0.00963709 -0.00991484 -0.0226153
-0.0196445 -0.0164786 -0.0202352
-0.0367413 -0.0199174 -0.0184601
-0.0557459 -0.0185744 -0.0172055
-0.0650616 -0.014466 -0.0170885
-0.0607296 -0.0125494 -0.018177
-0.0487092 -0.014945 -0.0194305
-0.0363159 -0.0201625 -0.0201014
-0.0303105 -0.0253759 -0.0202583
-0.0366222 -0.0279584 -0.020163
-0.0530948 -0.0275761 -0.0189575
-0.0706329 -0.025377 -0.0156851
-0.0848613 -0.0214464 -0.0113791
-0.0979115 -0.0171005 -0.0077158
-0.110125 -0.0161419 -0.00511987
-0.117073 -0.0197273 -0.00355298
-0.11322 -0.0249562 -0.00404944
-0.0967683 -0.0281981 -0.00733419
-0.070979 -0.0260256 -0.012796
-0.0446362 -0.017311 -0.018906
-0.029071 -0.00612325 -0.0244884
-0.0250974 0.00260174 -0.0283744
-0.0236452 0.00762394 -0.030271
-0.0217343 0.00937538 -0.0315152
-0.0204722 0.00866324 -0.0326416
-0.0160909 0.00788006 -0.0333751
-0.00477613 0.0096504 -0.0348107
0.0117707 0.0148801 -0.0382179
0.0289281 0.0221345 -0.0422713
0.0452859 0.028318 -0.0460607
0.0583968 0.030355 -0.0485161
0.0634871 0.0266015 -0.0487073
0.0632617 0.0193329 -0.0461161
0.0599069 0.0132249 -0.0420302
0.0513773 0.0104978 -0.0390602
0.0401759 0.0108779 -0.0366682
0.0316664 0.0128977 -0.0351981
0.0282147 0.0138866 -0.0349205
0.024802 0.0116875 -0.0344052
0.0190459 0.00690481 -0.0330146
0.0157819 0.00253478 -0.0317534
0.013336 0.00201947 -0.0321155
0.00785982 0.00698778 -0.0341453
-9.45441e-05 0.0156423 -0.0365685
-0.013841 0.024986 -0.0391003
-0.0344093 0.0334743 -0.0405345
-0.0567004 0.0427212 -0.0413951
-0.075021 0.0563211 -0.0437567
-0.0850297 0.0770581 -0.0490032
-0.0846037 0.105994 -0.0574248
-0.0714884 0.141559 -0.0677989
-0.0436768 0.179805 -0.079887
-0.00172183 0.215764 -0.0931824
0.0506386 0.245503 -0.107227
0.112845 0.266287 -0.121273
0.186144 0.27707 -0.13321
0.266139 0.279791 -0.14187
0.348597 0.278201 -0.147059
0.43247 0.275271 -0.148219
0.51738 0.27137 -0.144958
0.60562 0.265039 -0.136776
0.700389 0.254716 -0.122871
0.803758 0.23972 -0.103703
0.920848 0.22076 -0.079333
1.05845 0.20034 -0.0499336
1.22044 0.181794 -0.0201369
1.40793 0.16725 0.00417128
1.62022 0.157947 0.0196464
1.85284 0.156783 0.0239597
2.09448 0.166631 0.0153068
2.32376 0.183641 -0.0044603
2.51131 0.197072 -0.0286828
2.63219 0.199817 -0.0488095
2.67523 0.193853 -0.0584274
2.64257 0.185491 -0.0559482
2.54542 0.180807 -0.0441182
2.39974 0.183861 -0.0284707
2.22589 0.197165 -0.0164238
2.04372 0.222975 -0.0145531
1.86581 0.263266 -0.0259046
1.69532 0.315588 -0.0505048
1.53671 0.366179 -0.0852869
1.43005 0.394541 -0.122398
1.42853 0.391634 -0.156266
1.52686 0.362631 -0.192836
1.67226 0.315788 -0.234006
1.82412 0.257598 -0.262516
1.97371 0.191012 -0.272724
2.11636 0.115863 -0.273151
2.2266 0.0356701 -0.274731
2.28174 -0.0363435 -0.274528
2.26409 -0.0864831 -0.262617
2.14976 -0.112932 -0.248763
1.92803 -0.120985 -0.237571
1.59792 -0.11914 -0.217707
1.15847 -0.122895 -0.181067
0.633075 -0.14181 -0.118796
0.0859365 -0.175522 -0.0069285
-0.42766 -0.225691 0.149638
-0.919852 -0.29223 0.307758
-1.44433 -0.372342 0.456446
-1.96669 -0.462233 0.619573
-2.39793 -0.559933 0.770783
-2.73663 -0.662205 0.885781
-2.96375 -0.758604 0.982551
-3.04645 -0.841143 1.05218
-3.03656 -0.909607 1.0956
-2.98014 -0.970329 1.13118
-2.9032 -1.0228 1.15841
-2.84367 -1.06007 1.17925
-2.82365 -1.07985 1.20237
-2.84737 -1.0819 1.22544
-2.91391 -1.06394 1.24599
-3.00381 -1.02743 1.26769
-3.09671 -0.980982 1.29285
-3.19793 -0.935679 1.32124
-3.31324 -0.900145 1.35444
-3.44005 -0.878125 1.3953
-3.57513 -0.87027 1.44325
-3.70871 -0.875781 1.49542
-3.838 -0.894987 1.54675
-3.9786 -0.92366 1.59344
-4.14741 -0.949728 1.6342
-4.3515 -0.961114 1.6685
-4.5856 -0.953133 1.69633
-4.83473 -0.928904 1.71916
-5.08631 -0.896261 1.73886
-5.33247 -0.861779 1.75702
-5.5617 -0.825726 1.77329
-5.75929 -0.783768 1.78406
-5.91106 -0.732935 1.78473
-6.00601 -0.675327 1.77446
-6.03898 -0.616464 1.75572
-6.00807 -0.562309 1.73033
-5.91698 -0.518459 1.70037
-5.77713 -0.48953 1.66756
-5.60153 -0.479327 1.6322
-5.40482 -0.490761 1.59393
-5.20206 -0.52084 1.55393
-5.00327 -0.55466 1.51376
-4.82048 -0.571677 1.47172
-4.6685 -0.561001 1.42564
-4.55266 -0.525666 1.37783
-4.4683 -0.477233 1.33385
-4.4096 -0.43007 1.29521
-4.3698 -0.393189 1.26023
-4.33094 -0.365289 1.22424
-4.26417 -0.339565 1.18064
-4.14317 -0.314017 1.12613
-3.95639 -0.292283 1.06004
-3.71315 -0.275491 0.984703
-3.4395 -0.260295 0.906341
-3.16616 -0.241456 0.834007
-2.91584 -0.213679 0.774869
-2.69468 -0.175084 0.727956
-2.49571 -0.127964 0.687455
-2.30942 -0.0739001 0.648251
-2.11892 -0.0128571 0.606217
-1.89789 0.0531571 0.559122
-1.62807 0.119201 0.507216
-1.31335 0.182587 0.452358
-0.974033 0.246195 0.394938
-0.632746 0.309417 0.336572
-0.315965 0.364926 0.280796
-0.0514348 0.4092 0.230098
0.152476 0.443658 0.187953
0.314911 0.469622 0.156318
0.467904 0.488792 0.13114
0.635146 0.504787 0.106625
0.820654 0.522539 0.0803185
1.01334 0.544868 0.0525971
1.19866 0.571252 0.0251672
1.3654 0.600104 -4.51109e-05
1.50428 0.631431 -0.0215925
1.60787 0.666991 -0.0388349
1.67516 0.70902 -0.0521262
1.7115 0.757997 -0.0623939
1.72368 0.810848 -0.0697868
1.72008 0.862227 -0.0745845
1.71285 0.90623 -0.0772272
1.7103 0.937677 -0.0775038
1.71075 0.954186 -0.0759457
1.71058 0.957367 -0.0730335
1.70981 0.950661 -0.0692759
1.70811 0.936085 -0.065208
1.70437 0.914413 -0.0610116
1.70048 0.887621 -0.0577353
1.70176 0.858977 -0.0566452
1.71526 0.831328 -0.0583557
1.74804 0.806508 -0.0632606
1.80251 0.785667 -0.0718246
1.87265 0.769144 -0.0838838
1.94685 0.756606 -0.0981162
2.01189 0.747093 -0.112623
2.0514 0.738346 -0.124981
2.0455 0.727536 -0.132255
1.98083 0.713234 -0.133027
1.85982 0.697432 -0.128173
1.69685 0.685224 -0.120093
1.5088 0.680578 -0.112174
1.31099 0.684121 -0.10719
1.11575 0.695244 -0.106594
0.930557 0.713449 -0.110399
0.759912 0.737842 -0.117212
0.606874 0.766515 -0.125501
0.471555 0.796319 -0.134521
0.351659 0.821991 -0.142685
0.24484 0.836873 -0.148663
0.148332 0.836379 -0.151798
0.0573357 0.818948 -0.151568
-0.0346047 0.784631 -0.147765
-0.131762 0.734724 -0.139841
-0.232976 0.673182 -0.126235
-0.335029 0.606104 -0.105323
-0.435889 0.537944 -0.0765275
-0.534985 0.468787 -0.0402172
-0.632815 0.396007 0.00187082
-0.730976 0.317427 0.0486571
-0.830833 0.23276 0.0982842
-0.931461 0.143359 0.147976
-1.0338 0.0488857 0.198184
-1.14617 -0.0527687 0.251776
-1.28154 -0.162998 0.311715
-1.44592 -0.280983 0.389671
-1.6299 -0.405411 0.491346
-1.81461 -0.539391 0.608781
-1.97866 -0.68717 0.735648
-2.10221 -0.847296 0.86633
-2.17637 -1.01079 0.993203
-2.20649 -1.16408 1.10819
-2.20526 -1.29722 1.20638
-2.18734 -1.40835 1.28689
-2.16924 -1.50003 1.35225
-2.16495 -1.57621 1.40685
-2.17711 -1.64347 1.45665
-2.19682 -1.70958 1.50691
-2.21504 -1.77919 1.55883
-2.2262 -1.85151 1.61149
-2.22338 -1.92217 1.66133
-2.20573 -1.98755 1.7029
-2.18109 -2.04644 1.73508
-2.15767 -2.09984 1.76015
-2.14174 -2.15056 1.78118
-2.13632 -2.20143 1.80199
-2.142 -2.25257 1.82486
-2.15867 -2.30086 1.84879
-2.18344 -2.34143 1.8713
-2.21357 -2.3694 1.88889
-2.25179 -2.38144 1.89822
-2.30091 -2.37555 1.89817
-2.35738 -2.35035 1.88883
-2.41552 -2.30582 1.86969
-2.47205 -2.24453 1.84076
-2.52467 -2.17139 1.80367
-2.57029 -2.09292 1.76068
-2.60714 -2.01678 1.7149
-2.63847 -1.94849 1.66999
-2.66975 -1.88843 1.62828
-2.70054 -1.83357 1.58979
-2.72216 -1.77961 1.55199
-2.72281 -1.72194 1.51034
-2.69472 -1.65583 1.46025
-2.63841 -1.57636 1.39834
-2.56063 -1.4796 1.32279
-2.46905 -1.36358 1.23366
-2.36926 -1.22827 1.13239
-2.26538 -1.07561 1.02205
-2.15905 -0.908992 0.907881
-2.04855 -0.732649 0.794193
-1.9374 -0.552063 0.682678
-1.84035 -0.375615 0.575804
-1.7745 -0.21181 0.480844
-1.74914 -0.06374 0.405557
-1.76194 0.0713126 0.35419
-1.80276 0.199925 0.324233
-1.86171 0.33121 0.307527
-1.92824 0.472622 0.296649
-1.98653 0.624428 0.286129
-2.01749 0.781967 0.271779
-2.00626 0.939252 0.249354
-1.94991 1.08968 0.216471
-1.85167 1.22891 0.17435
-1.70594 1.35498 0.12633
-1.50176 1.46649 0.0736342
-1.23759 1.56382 0.0152553
-0.922241 1.64866 -0.0486982
-0.571077 1.72254 -0.115738
-0.206385 1.78651 -0.180334
0.143849 1.83881 -0.234468
0.450259 1.87731 -0.276853
0.695226 1.9046 -0.310234
0.881375 1.92646 -0.334143
1.02051 1.95027 -0.349293
1.12158 1.98256 -0.358767
1.1922 2.02491 -0.362986
1.24064 2.07533 -0.360944
1.27337 2.13012 -0.354055
1.29644 2.18433 -0.342737
1.31618 2.23275 -0.328013
1.3382 2.27054 -0.313352
1.36937 2.29344 -0.301456
1.41604 2.29834 -0.292281
1.47676 2.28401 -0.285003
1.54441 2.25122 -0.278765
1.6148 2.20237 -0.268997
1.68661 2.14086 -0.260138
1.75793 2.07011 -0.251787
1.82866 1.99301 -0.23932
1.90384 1.91239 -0.230362
1.99054 1.83085 -0.225112
2.09403 1.74958 -0.222256
2.21601 1.66751 -0.224888
2.35104 1.58202 -0.231293
2.48832 1.49052 -0.236664
2.61721 1.39086 -0.239421
2.73094 1.28089 -0.239294
2.82776 1.15804 -0.232965
2.905 1.01893 -0.215892
2.95447 0.8614 -0.185206
2.96378 0.688471 -0.14052
2.92135 0.507965 -0.0851112
2.8245 0.327468 -0.0215375
2.68165 0.152288 0.049538
2.50298 -0.0140101 0.127157
2.29191 -0.169977 0.209781
2.05397 -0.318056 0.296624
1.79883 -0.46334 0.385303
1.5322 -0.610856 0.473671
1.25804 -0.763617 0.563149
0.982993 -0.9218 0.654091
0.715926 -1.08404 0.745325
0.464093 -1.24747 0.837763
0.232833 -1.40706 0.93243
0.0296262 -1.55356 1.03793
-0.138527 -1.67816 1.14595
-0.270127 -1.78061 1.23682
-0.365326 -1.86306 1.30957
-0.429436 -1.92631 1.36459
-0.474053 -1.97405 1.40387
-0.509141 -2.01225 1.43291
-0.544599 -2.04809 1.45701
-0.591149 -2.08645 1.48011
-0.653521 -2.12809 1.5042
-0.728332 -2.17195 1.529
-0.809942 -2.21679 1.55317
-0.893894 -2.2606 1.57556
-0.975189 -2.30018 1.59468
-1.04924 -2.33157 1.60827
-1.11542 -2.3504 1.61456
-1.17607 -2.35298 1.61294
-1.23195 -2.33724 1.6024
-1.2826 -2.30314 1.58135
-1.33093 -2.25296 1.54964
-1.38191 -2.19063 1.50954
-1.43534 -2.12035 1.46412
-1.483 -2.04568 1.41514
-1.51439 -1.96905 1.363
-1.52435 -1.89192 1.30749
-1.51449 -1.81562 1.2487
-1.48884 -1.74164 1.18737
-1.45201 -1.67045 1.12457
-1.41115 -1.60048 1.06159
-1.37555 -1.52903 1.00029
-1.35433 -1.45345 0.940767
-1.35346 -1.37148 0.883011
-1.37271 -1.28151 0.827758
-1.40668 -1.18311 0.775267
-1.44829 -1.07698 0.725897
-1.4925 -0.963679 0.679122
-1.53963 -0.842998 0.635071
-1.59408 -0.715721 0.594537
-1.65971 -0.584036 0.557904
-1.73751 -0.449599 0.525639
-1.82486 -0.313584 0.497662
-1.91425 -0.178193 0.471396
-1.99466 -0.0458748 0.44528
-2.05674 0.082591 0.419236
-2.09424 0.207999 0.391679
-2.10311 0.330978 0.361404
-2.08326 0.450949 0.32835
-2.03769 0.566413 0.292784
-1.96896 0.675472 0.255256
-1.87982 0.77674 0.216652
-1.7763 0.870197 0.177642
-1.66616 0.95705 0.138878
-1.55471 1.03891 0.101348
-1.44405 1.11742 0.0657622
-1.3347 1.19441 0.0319865
-1.22578 1.27128 -0.000376233
-1.11486 1.34819 -0.0312861
-0.997996 1.42312 -0.0600523
-0.869734 1.4915 -0.0854428
-0.727641 1.549 -0.107803
-0.577715 1.59421 -0.12902
-0.42913 1.62645 -0.149399
-0.286179 1.6446 -0.167802
-0.148132 1.64911 -0.183121
-0.0135586 1.64249 -0.195092
0.1173 1.62837 -0.204238
0.245586 1.61013 -0.210953
0.37568 1.58998 -0.215716
0.511777 1.56915 -0.21954
0.655041 1.54875 -0.223708
0.804306 1.52976 -0.229148
0.956144 1.51127 -0.235732
1.10367 1.48983 -0.242538
1.23988 1.46203 -0.248815
1.36316 1.42662 -0.253517
1.47593 1.38316 -0.255196
1.57957 1.33052 -0.252831
1.67359 1.26769 -0.245869
1.75595 1.19517 -0.234113
1.82249 1.11522 -0.217867
1.86864 1.03105 -0.197446
1.89291 0.945977 -0.173356
1.89726 0.862632 -0.146804
1.88475 0.782421 -0.119054
1.85895 0.705654 -0.0911619
1.82481 0.63181 -0.0636923
1.78631 0.559228 -0.0367562
1.74402 0.48547 -0.0102849
1.6972 0.408402 0.0164991
1.64559 0.32642 0.044843
1.58827 0.238386 0.0755308
1.52374 0.144025 0.108899
1.45089 0.044317 0.14513
1.36791 -0.0581572 0.184086
1.27148 -0.158781 0.22558
1.15979 -0.252236 0.268953
1.03647 -0.335468 0.312253
0.906421 -0.407508 0.351747
0.772537 -0.468068 0.384598
0.63933 -0.518282 0.411352
0.510779 -0.561169 0.433813
0.385401 -0.601335 0.454077
0.258441 -0.643501 0.474327
0.128959 -0.690207 0.495565
0.00269352 -0.740859 0.517574
-0.112582 -0.792506 0.538729
-0.211596 -0.841827 0.556586
-0.291511 -0.886471 0.571026
-0.35203 -0.924023 0.584483
-0.39712 -0.95227 0.594918
-0.434045 -0.970362 0.599406
-0.469511 -0.978056 0.599229
-0.508121 -0.976339 0.59591
-0.55208 -0.967718 0.591143
-0.599751 -0.954059 0.58598
-0.646409 -0.935731 0.579827
-0.688068 -0.913487 0.571074
-0.724328 -0.890585 0.559096
-0.75668 -0.87214 0.545527
-0.785951 -0.861416 0.533322
-0.812604 -0.857526 0.52451
-0.83716 -0.857437 0.519149
-0.859971 -0.857739 0.516135
-0.881721 -0.854752 0.513866
-0.903609 -0.845263 0.510597
-0.927339 -0.827288 0.505126
-0.954993 -0.800446 0.497175
-0.987708 -0.766248 0.487442
-1.02554 -0.727372 0.477145
-1.06892 -0.686861 0.467387
-1.11846 -0.647788 0.459164
-1.17311 -0.612316 0.453383
-1.22978 -0.581066 0.450211
-1.2846 -0.553284 0.448845
-1.33408 -0.527347 0.447949
-1.37565 -0.501504 0.446122
-1.40835 -0.474617 0.442389
-1.43327 -0.446583 0.436691
-1.45291 -0.418207 0.429959
-1.47004 -0.390525 0.423287
-1.48638 -0.363415 0.41685
-1.50218 -0.334132 0.409545
-1.51735 -0.298897 0.399767
-1.53213 -0.256377 0.38668
-1.54637 -0.208031 0.3708
-1.55892 -0.156558 0.35336
-1.56812 -0.104989 0.335461
-1.57186 -0.0559734 0.317347
-1.56609 -0.0116908 0.298567
-1.54626 0.026664 0.278851
-1.51027 0.0595271 0.258326
-1.4596 0.088751 0.237975
-1.3996 0.117159 0.218619
-1.33561 0.147038 0.199696
-1.2694 0.17942 0.180584
-1.20138 0.214798 0.160975
-1.13167 0.252764 0.140476
-1.0583 0.291884 0.119205
-0.977916 0.330336 0.0978136
-0.888282 0.365759 0.0770493
-0.788744 0.395195 0.0572775
-0.680445 0.416868 0.0384184
-0.566781 0.431422 0.0203917
-0.451794 0.440657 0.00327165
-0.339065 0.446524 -0.0126077
-0.231265 0.450407 -0.0270729
-0.129305 0.452523 -0.0402267
-0.0330377 0.452767 -0.0520782
0.0562545 0.451734 -0.0624854
0.135314 0.45039 -0.070993
0.202543 0.449112 -0.0769133
0.25992 0.447236 -0.079584
0.309962 0.443104 -0.0787336
0.353086 0.434911 -0.0744967
0.388102 0.421699 -0.0672439
0.414274 0.403603 -0.0577551
0.432986 0.381624 -0.047093
0.447071 0.357382 -0.0363011
0.459579 0.332524 -0.0261295
0.473442 0.307954 -0.0169126
0.490688 0.283606 -0.00879144
0.511568 0.258732 -0.00166376
0.534619 0.232494 0.00497759
0.557196 0.20447 0.0117991
0.575974 0.17453 0.0194782
0.587703 0.142598 0.02851
0.590173 0.108633 0.0391326
0.582638 0.0727826 0.051393
0.565577 0.0356921 0.0650037
0.540711 -0.00170217 0.0795735
0.511142 -0.0384603 0.0948638
0.480433 -0.0736474 0.110507
0.450592 -0.106444 0.125895
0.420845 -0.136199 0.140661
0.388631 -0.162276 0.154646
0.352721 -0.184222 0.16751
0.31481 -0.20215 0.178624
0.277298 -0.217118 0.187513
0.241267 -0.231086 0.194365
0.20743 -0.245816 0.199742
0.177621 -0.261822 0.204002
0.153645 -0.278519 0.20698
0.135383 -0.294844 0.208191
0.121325 -0.309604 0.207119
0.110321 -0.322015 0.203501
0.102284 -0.331936 0.197624
0.0978149 -0.339062 0.190197
0.096921 -0.342602 0.181747
0.0975437 -0.342027 0.172521
0.0957187 -0.337724 0.16302
0.0880704 -0.330613 0.15396
0.0730945 -0.321296 0.145858
0.0496639 -0.310189 0.139044
0.0169739 -0.298153 0.133716
-0.0239482 -0.286351 0.129986
-0.0706577 -0.275388 0.127852
-0.121355 -0.264877 0.127198
-0.175221 -0.253968 0.128017
-0.230962 -0.24185 0.129799
-0.286539 -0.227777 0.131698
-0.34019 -0.211268 0.133161
-0.391311 -0.192313 0.133809
-0.440677 -0.171246 0.133593
-0.48975 -0.148458 0.132792
-0.539333 -0.124219 0.131741
-0.588569 -0.098754 0.130609
-0.635816 -0.0724821 0.130131
-0.680102 -0.046055 0.130539
-0.721362 -0.0201491 0.131164
-0.760559 0.00455648 0.131804
-0.800142 0.0276656 0.132628
-0.843624 0.0495251 0.134057
-0.893045 0.071017 0.136436
-0.947102 0.0928808 0.139983
-1.003 0.115121 0.144731
-1.05884 0.137039 0.150413
-1.11377 0.157755 0.156713
-1.16703 0.176443 0.163312
-1.21717 0.192366 0.169776
-1.26223 0.205177 0.175557
-1.30003 0.215181 0.180214
-1.32809 0.223031 0.183515
-1.344 0.229239 0.185298
-1.34626 0.234055 0.185439
-1.33514 0.237491 0.183991
-1.31308 0.239296 0.181165
-1.28326 0.239209 0.177262
-1.24757 0.237417 0.172533
-1.20637 0.234428 0.16701
-1.15995 0.230461 0.160661
-1.10938 0.225187 0.153618
-1.05683 0.218023 0.14626
-1.00567 0.20852 0.139163
-0.959385 0.196653 0.132964
-0.919832 0.183099 0.128118
-0.88688 0.168878 0.12476
-0.859412 0.154337 0.122851
-0.836559 0.138569 0.12237
-0.81835 0.119981 0.12338
-0.804543 0.0974146 0.125751
-0.792064 0.0708892 0.128801
-0.774942 0.0416511 0.131561
-0.747502 0.0115859 0.133413
-0.706442 -0.0176271 0.1339
-0.650923 -0.0450754 0.132795
-0.583063 -0.0708735 0.130831
-0.507762 -0.0960514 0.128625
-0.430606 -0.121823 0.126534
-0.355916 -0.148842 0.125198
-0.28658 -0.176594 0.125066
-0.225092 -0.203704 0.126435
-0.173728 -0.228981 0.12955
-0.133649 -0.25175 0.134567
-0.104905 -0.27185 0.141577
-0.0868817 -0.289837 0.150599
-0.0779973 -0.30685 0.161468
-0.0756204 -0.323774 0.173881
-0.0770193 -0.340698 0.187339
-0.0802192 -0.357074 0.201182
-0.0834769 -0.371939 0.214698
-0.0844841 -0.384118 0.227064
-0.08094 -0.392706 0.237433
-0.0716324 -0.397826 0.245297
-0.0566234 -0.400793 0.250791
-0.0367546 -0.403175 0.254597
-0.0133221 -0.405779 0.257428
0.0115931 -0.408765 0.259694
0.0353247 -0.412217 0.261574
0.0558443 -0.416163 0.263162
0.0724415 -0.420304 0.26442
0.0854638 -0.423924 0.26515
0.0959379 -0.426154 0.265098
0.105169 -0.426194 0.264071
0.114093 -0.423123 0.261884
0.122708 -0.415907 0.258254
0.129875 -0.40388 0.25289
0.133726 -0.387336 0.245684
0.132475 -0.36766 0.236902
0.12475 -0.346517 0.22721
0.109721 -0.325049 0.217187
0.0875406 -0.303493 0.207045
0.0595055 -0.281124 0.196633
0.0276898 -0.256837 0.185551
-0.00561701 -0.229944 0.173289
-0.0379825 -0.200668 0.159723
-0.0668002 -0.16999 0.145047
-0.0896617 -0.138843 0.129206
-0.105217 -0.107421 0.112279
-0.114125 -0.0749577 0.0945315
-0.118698 -0.0403261 0.0768463
-0.121718 -0.002795 0.0603896
-0.125511 0.0378262 0.0457849
-0.132299 0.0808013 0.0333266
-0.14526 0.124367 0.0230029
-0.168052 0.166344 0.0147608
-0.203012 0.204951 0.00886037
-0.25001 0.239493 0.0055461
-0.30693 0.270312 0.00523639
-0.371116 0.298447 0.00794079
-0.440141 0.325633 0.012391
-0.511674 0.353454 0.017679
-0.583185 0.382117 0.0234112
-0.651814 0.410533 0.0291469
-0.714601 0.436749 0.0346308
-0.768282 0.458485 0.0395986
-0.809842 0.47404 0.0438376
-0.838175 0.482826 0.0471847
-0.854475 0.485342 0.0496649
-0.861561 0.482755 0.051539
-0.863265 0.476497 0.0531587
-0.863425 0.468075 0.0548425
-0.865182 0.458788 0.0569137
-0.871126 0.449366 0.0597059
-0.882987 0.440008 0.0635635
-0.900772 0.430559 0.068758
-0.922905 0.420475 0.0753793
-0.947729 0.409008 0.0832222
-0.974713 0.395368 0.0919157
-1.00393 0.378623 0.10122
-1.03443 0.357804 0.110975
-1.06332 0.332316 0.120782
-1.0865 0.302354 0.130007
-1.10021 0.268963 0.138128
-1.10209 0.233633 0.144844
-1.09165 0.197732 0.150076
-1.0704 0.162145 0.153989
-1.04116 0.127084 0.156913
-1.0063 0.0919243 0.159252
-0.966925 0.0553253 0.161401
-0.923919 0.0158966 0.163747
-0.879203 -0.0271043 0.166715
-0.835305 -0.0735579 0.171006
-0.794329 -0.122595 0.177408
-0.757765 -0.17274 0.186275
-0.726503 -0.222292 0.196969
-0.700299 -0.27006 0.20868
-0.677405 -0.315781 0.221281
-0.65476 -0.359734 0.234715
-0.628936 -0.401957 0.248441
-0.597534 -0.441843 0.261541
-0.559987 -0.478618 0.273358
-0.517729 -0.511977 0.283895
-0.473783 -0.541854 0.293859
-0.431569 -0.568196 0.30399
-0.393459 -0.591216 0.314581
-0.359735 -0.61125 0.32553
-0.32897 -0.628446 0.336394
-0.299936 -0.642934 0.346486
-0.272778 -0.655216 0.35528
-0.248512 -0.666003 0.362791
-0.228236 -0.675565 0.369429
-0.212904 -0.683389 0.375521
-0.203335 -0.688466 0.381079
-0.200146 -0.690009 0.385879
-0.20362 -0.687898 0.389663
-0.213246 -0.682455 0.392258
-0.227175 -0.674276 0.393572
-0.242767 -0.664282 0.393554
-0.258016 -0.653263 0.39214
-0.272215 -0.64132 0.389234
-0.285581 -0.627906 0.38468
-0.298442 -0.612163 0.378222
-0.310229 -0.5932 0.369503
-0.319123 -0.570245 0.358066
-0.323035 -0.542896 0.343462
-0.320948 -0.511457 0.32548
-0.313414 -0.476742 0.304338
-0.302236 -0.43943 0.280599
-0.289793 -0.399868 0.254957
-0.27807 -0.358407 0.228522
-0.267741 -0.315473 0.202228
-0.258258 -0.271254 0.176264
-0.248826 -0.225699 0.151293
-0.239032 -0.17868 0.128483
-0.228606 -0.129906 0.107516
-0.218088 -0.0792368 0.0879397
-0.209484 -0.0269886 0.0704465
-0.204775 0.026363 0.0549955
-0.204971 0.0799328 0.0412639
-0.21051 0.132104 0.0293362
-0.221479 0.181107 0.019192
-0.237539 0.225713 0.0107028
-0.257842 0.26551 0.00373428
-0.281288 0.300635 -0.00125865
-0.306744 0.331652 -0.00435965
-0.333028 0.359639 -0.00638341
-0.359017 0.385466 -0.00774127
-0.383137 0.409444 -0.0087331
-0.403565 0.431646 -0.00964373
-0.419844 0.451833 -0.0106212
-0.432989 0.469401 -0.0114979
-0.444307 0.483688 -0.0120001
-0.454964 0.494211 -0.0118707
-0.466239 0.500769 -0.0109391
-0.47952 0.503414 -0.00911941
-0.496031 0.502252 -0.00635494
-0.516689 0.497384 -0.00256931
-0.541877 0.488943 0.00230345
-0.571278 0.477233 0.00824546
-0.604144 0.462931 0.0150968
-0.63955 0.447041 0.0226095
-0.676426 0.430644 0.0305651
-0.713587 0.41431 0.0389229
-0.74984 0.397716 0.0476156
-0.783943 0.37984 0.0564561
-0.814558 0.35932 0.065397
-0.840369 0.33478 0.0744937
-0.860115 0.305142 0.0836785
-0.872255 0.270603 0.092475
-0.875245 0.233168 0.100339
-0.868364 0.195435 0.106799
-0.851672 0.159433 0.111582
-0.825746 0.126 0.114948
-0.791634 0.0945365 0.117407
-0.75109 0.0634872 0.119613
-0.706903 0.0311219 0.122427
-0.662578 -0.00353663 0.126325
-0.621507 -0.0401759 0.131172
-0.586087 -0.0775296 0.136772
-0.557298 -0.114162 0.142962
-0.534887 -0.148798 0.149544
-0.517511 -0.180455 0.156314
-0.503023 -0.208786 0.163087
-0.489567 -0.234161 0.169698
-0.476349 -0.257312 0.176061
-0.463003 -0.278966 0.181986
-0.448781 -0.299651 0.187184
-0.432933 -0.319592 0.191676
-0.415124 -0.338792 0.195757
-0.39522 -0.357024 0.199675
-0.373363 -0.37368 0.203476
-0.35043 -0.387836 0.206932
-0.328199 -0.398704 0.209706
-0.308964 -0.406018 0.211656
-0.294885 -0.410181 0.213015
-0.287365 -0.412275 0.214296
-0.286839 -0.413683 0.216154
-0.293205 -0.415443 0.219149
-0.306486 -0.417818 0.223497
-0.32689 -0.420383 0.229024
-0.353873 -0.422266 0.235167
-0.385197 -0.422194 0.24103
-0.417178 -0.419003 0.245554
-0.44591 -0.412362 0.247888
-0.468585 -0.402731 0.247843
-0.484359 -0.390803 0.245721
-0.494079 -0.376968 0.241837
-0.499099 -0.361207 0.23635
-0.500222 -0.343279 0.229255
-0.497347 -0.323062 0.220464
-0.490097 -0.300796 0.209983
-0.47882 -0.276858 0.198035
-0.464582 -0.25138 0.184934
-0.448446 -0.224144 0.171043
-0.431033 -0.194738 0.156647
-0.412564 -0.163003 0.141945
-0.393352 -0.129374 0.127237
-0.374349 -0.0948521 0.11303
-0.357503 -0.0607107 0.0998853
-0.345062 -0.0280423 0.0881676
-0.337739 0.00255888 0.0780707
-0.334012 0.031298 0.0694591
-0.331145 0.0591825 0.0617988
-0.326551 0.0873047 0.0544587
-0.318875 0.115925 0.0470494
-0.308381 0.144304 0.0395251
-0.296429 0.171263 0.0320657
-0.284504 0.19564 0.0249031
-0.27346 0.216521 0.0182687
-0.263615 0.233432 0.0124291
-0.255493 0.246513 0.00769196
-0.250121 0.256652 0.0042048
-0.248806 0.26531 0.00186685
-0.252911 0.273873 0.000527382
-0.263597 0.282961 0.000145233
-0.281345 0.292139 0.000850984
-0.305684 0.300126 0.00284937
-0.335356 0.30535 0.00627935
-0.36861 0.30674 0.0110627
-0.403648 0.304379 0.0168229
-0.43914 0.299453 0.0229793
-0.474316 0.293322 0.0290055
-0.508375 0.286564 0.0346579
-0.539908 0.278848 0.0399594
-0.567138 0.26948 0.0450307
-0.588717 0.258011 0.0499635
-0.60451 0.244444 0.0548092
-0.615792 0.229179 0.0596146
-0.624591 0.212911 0.0644578
-0.63274 0.196343 0.0694224
-0.641197 0.179823 0.0745702
-0.649953 0.163192 0.0799174
-0.658397 0.146007 0.0854455
-0.665753 0.127846 0.0911501
-0.671286 0.108534 0.0970019
-0.674472 0.0884013 0.102838
-0.675369 0.0681923 0.108337
-0.67454 0.0484916 0.113251
-0.672281 0.0293552 0.117598
-0.668121 0.0104757 0.121552
-0.661277 -0.00847753 0.125253
-0.651242 -0.0275414 0.128735
-0.637816 -0.046534 0.131932
-0.621139 -0.0652875 0.134771
-0.601932 -0.0837276 0.137259
-0.58146 -0.101909 0.13949
-0.561082 -0.119878 0.141613
-0.541523 -0.137463 0.143767
-0.522739 -0.154163 0.145987
-0.504735 -0.169387 0.148176
-0.487977 -0.182889 0.150261
-0.472914 -0.195063 0.152321
-0.459793 -0.206931 0.154565
-0.449066 -0.219594 0.15725
-0.441546 -0.233579 0.160577
-0.437936 -0.248594 0.164645
-0.43822 -0.263691 0.169397
-0.441609 -0.277641 0.174615
-0.447075 -0.289526 0.180028
-0.453649 -0.29944 0.185481
-0.460256 -0.308379 0.190993
-0.465821 -0.317333 0.196586
-0.469598 -0.32677 0.202144
-0.471207 -0.336521 0.20744
-0.470732 -0.345938 0.212198
-0.468729 -0.354286 0.216206
-0.465657 -0.360935 0.219371
-0.461588 -0.365393 0.221657
-0.456815 -0.367406 0.223023
-0.4522 -0.367035 0.223496
-0.44873 -0.364508 0.223198
-0.446504 -0.360149 0.222236
-0.444604 -0.354355 0.220618
