3.12028e-06 -4.18841e-07 -0.0102477
-5.80572e-05 -1.70113e-05 -0.0102328
-0.000194132 -4.36246e-05 -0.0101887
-0.000295483 -5.37906e-05 -0.0101501
-0.00035715 -5.48056e-05 -0.0101305
-0.000498595 -4.97195e-05 -0.0100585
-0.000800415 -3.65407e-05 -0.00988067
-0.00118912 -1.76332e-05 -0.00965353
-0.0014657 -3.65508e-06 -0.00952183
-0.00148459 -1.52034e-05 -0.00960315
-0.00122979 -2.96452e-05 -0.00986888
-0.000884747 -3.80804e-05 -0.0101721
-0.000754612 -0.000107337 -0.0103964
-0.000803093 -0.000223402 -0.0105533
-0.000797355 -0.000262576 -0.0106279
-0.000920975 -0.000138589 -0.0103681
-0.00139048 8.77907e-05 -0.00969397
-0.00195634 0.000261757 -0.00900738
-0.00234395 0.000355457 -0.00859102
-0.00249684 0.000343105 -0.00850788
-0.00227939 0.00016272 -0.00889638
-0.00150777 1.07671e-05 -0.0096108
-0.000464481 0.000107115 -0.0101495
0.000206087 0.000295448 -0.0102744
0.000475331 0.000297056 -0.0103546
0.000563365 0.000145674 -0.010549
0.000293239 0.00011112 -0.010379
-0.000225246 0.000208272 -0.00981673
-0.000529786 0.000237449 -0.00944178
-0.00026654 0.00025238 -0.00949682
0.000503941 0.000303233 -0.00988753
0.00138916 0.000207061 -0.0105537
0.00219451 -3.95808e-05 -0.0113361
0.00277822 -0.000169427 -0.0117983
0.0024937 -2.82161e-05 -0.0113456
0.00128344 0.000257488 -0.0100845
0.000271783 0.000497453 -0.00901358
-3.0028e-06 0.000564346 -0.00874749
0.000365703 0.00031717 -0.00942144
0.00114149 -0.000257702 -0.0108596
0.00152605 -0.000849518 -0.0120978
0.00160807 -0.00101245 -0.0125264
0.00220689 -0.000605057 -0.0124594
0.00259234 -3.34197e-06 -0.011938
0.00156433 0.000183839 -0.0110067
-0.000499427 -0.000207809 -0.0102401
-0.00243239 -0.00075696 -0.00990974
-0.00348584 -0.00107147 -0.00986607
-0.00330069 -0.000992515 -0.0100053
-0.00192356 -0.000599709 -0.0104168
-0.000745523 -0.000218661 -0.0107489
-0.000966537 -8.65531e-05 -0.0105493
-0.00149359 -0.000152297 -0.01038
-0.00153091 -0.000205156 -0.0104708
-0.00216117 -0.000120998 -0.00994003
-0.00368337 1.99121e-05 -0.00870206
-0.0047592 2.87361e-06 -0.00797813
-0.00451684 -0.000283567 -0.00857767
-0.00308781 -0.000668047 -0.0101493
-0.000832586 -0.000861027 -0.0119409
0.000874433 -0.000722497 -0.0127947
0.000501181 -0.000330849 -0.0118001
-0.00152966 -2.56894e-05 -0.00981402
-0.00362361 -9.04027e-05 -0.00840275
-0.00438168 -0.000409186 -0.00830091
-0.00402905 -0.000890473 -0.00918834
-0.00364338 -0.00146456 -0.0102716
-0.0024708 -0.00180218 -0.0115797
-7.32896e-06 -0.00170981 -0.0131623
0.00227096 -0.00141027 -0.0142931
0.00297072 -0.00122517 -0.0144467
0.00139565 -0.0012192 -0.0133243
-0.00204276 -0.00129939 -0.0111655
-0.00555768 -0.00144073 -0.0091177
-0.00754506 -0.00162759 -0.00794834
-0.00681186 -0.00156349 -0.00836193
-0.00419683 -0.00124551 -0.0100222
-0.00170676 -0.00122457 -0.0119582
0.000764879 -0.00161081 -0.0143006
0.00244137 -0.00198402 -0.0159389
0.00187141 -0.00208776 -0.0156304
-0.000595756 -0.00203271 -0.0137497
-0.00374668 -0.00188523 -0.0110769
-0.00694518 -0.00155596 -0.00816643
-0.0107386 -0.00137385 -0.00507806
-0.0131569 -0.00162877 -0.00347799
-0.0111392 -0.00201679 -0.00568818
-0.00698425 -0.00224137 -0.00961121
-0.00373493 -0.00222033 -0.0124434
-0.00125196 -0.00187266 -0.014044
-0.000220053 -0.00138037 -0.014118
-0.000466648 -0.000892907 -0.0132507
-0.00179409 -0.00041239 -0.0116111
-0.00453973 -0.000404894 -0.0091908
-0.00704562 -0.000855018 -0.00747488
-0.0089399 -0.00117371 -0.00624479
-0.00936241 -0.00116259 -0.00576459
-0.00636747 -0.000667586 -0.00717716
-0.00150894 0.000319618 -0.00920584
0.00228758 0.00140787 -0.010135
0.00368391 0.00194315 -0.00990863
0.0039724 0.0015594 -0.0101834
0.0047642 0.000574693 -0.0116757
0.00488431 -0.000283272 -0.0126195
0.0031337 -0.000233772 -0.01111
0.000188576 0.000711722 -0.00748016
-0.00141838 0.0016866 -0.00470482
0.00026244 0.00196305 -0.00551103
0.00326454 0.00152132 -0.00853104
0.0051665 0.000589857 -0.0113798
0.0060439 -0.000587192 -0.0138203
0.00668396 -0.00128408 -0.0155582
0.00702371 -0.00101945 -0.0158622
0.0058975 -0.000372905 -0.0144313
0.00345313 -7.06928e-05 -0.0123604
0.00119432 -0.000299579 -0.0111431
-0.00150579 -0.000985318 -0.0103992
-0.00567309 -0.00190086 -0.0090878
-0.0102524 -0.00250272 -0.00697077
-0.0133627 -0.00226131 -0.0046254
-0.0134227 -0.00151375 -0.0037977
-0.0112758 -0.00121503 -0.00540525
-0.00813809 -0.00161363 -0.00879327
-0.00464218 -0.0023094 -0.0128048
-0.0036649 -0.00304939 -0.0149985
-0.00650705 -0.0035417 -0.0138996
-0.0106905 -0.00357696 -0.0108724
-0.0136612 -0.00313566 -0.00774897
-0.0156462 -0.00225237 -0.00444668
-0.0183653 -0.00154662 -0.000682813
-0.0208934 -0.00162985 0.00168123
-0.0216648 -0.00234965 0.00143203
-0.0209583 -0.00325249 -0.000634365
-0.0183533 -0.00379947 -0.00383885
-0.0130483 -0.00340115 -0.00769296
-0.00669573 -0.00198319 -0.0106001
-0.00298565 -0.000342202 -0.010924
-0.00206653 0.000826809 -0.009607
-0.00142925 0.00140056 -0.00877693
-0.0016649 0.00133544 -0.00822374
-0.00285834 0.000803626 -0.00749889
-0.00272852 0.000372315 -0.00743603
-0.000924265 0.000486614 -0.00796814
0.00148205 0.00123052 -0.00826955
0.00388218 0.0022876 -0.00786161
0.00657963 0.00317986 -0.0079593
0.00871613 0.00354218 -0.00877846
0.00864482 0.0030258 -0.00945839
0.00805632 0.00201351 -0.0104161
0.00785459 0.00125752 -0.0111881
0.00664675 0.000912184 -0.010882
0.00538122 0.00107493 -0.00982658
0.00492534 0.00153607 -0.00900291
0.00465339 0.001729 -0.00895394
0.00415502 0.00145948 -0.00945923
0.00381337 0.000818573 -0.010636
0.00429999 0.000219585 -0.0124653
0.00441153 0.000192418 -0.0131827
0.00364192 0.000905199 -0.0120785
0.00241129 0.00210278 -0.00972038
-0.000558965 0.00336133 -0.00600637
-0.00555031 0.00441974 -0.000845494
-0.0109888 0.0056611 0.00501502
-0.0152497 0.00763869 0.0111968
-0.0173967 0.0106272 0.0180068
-0.0163797 0.0148951 0.0253837
-0.0116883 0.0200512 0.0327
-0.00404218 0.0251314 0.0385953
0.00540629 0.029332 0.0423988
0.015042 0.0321479 0.0438392
0.0251428 0.0334555 0.0414001
0.0376255 0.0333357 0.0347368
0.0517587 0.0321877 0.0265201
0.0661519 0.0306857 0.0192038
0.081099 0.0292903 0.0137533
0.0960217 0.0278996 0.0102419
0.111371 0.0262162 0.00737073
0.128003 0.0241468 0.00471596
0.145399 0.0216806 0.00243241
0.164252 0.0191499 0.000166662
0.184739 0.0169629 -0.00179244
0.205667 0.0156031 -0.00340168
0.226472 0.0154042 -0.00537083
0.247519 0.0162172 -0.0087973
0.269441 0.018173 -0.0136693
0.290872 0.02152 -0.0176549
0.307752 0.0251791 -0.018288
0.316462 0.0274438 -0.0154321
0.315308 0.0279966 -0.00913515
0.304034 0.0277045 0.00159442
0.28387 0.0275044 0.0165573
0.256628 0.0279113 0.0345966
0.224504 0.0290724 0.0543888
0.191288 0.0311806 0.0737686
0.16031 0.0347828 0.0916331
0.131904 0.0402864 0.108546
0.10409 0.0471897 0.125347
0.0808811 0.053065 0.137455
0.0820606 0.0546877 0.127917
0.118372 0.050786 0.088563
0.165471 0.0421662 0.0374355
0.202384 0.0320272 -0.00998731
0.234135 0.0228187 -0.0499304
0.263133 0.0131246 -0.0827461
0.28618 0.00227159 -0.111734
0.298313 -0.00860221 -0.137205
0.296963 -0.0174227 -0.155064
0.285957 -0.0218387 -0.159607
0.259747 -0.0224392 -0.151091
0.211404 -0.0201654 -0.133147
0.147285 -0.0150633 -0.108455
0.0747711 -0.0112544 -0.0803395
0.000859253 -0.0116227 -0.04394
-0.0709833 -0.0159305 0.0106242
-0.14896 -0.0239809 0.0732803
-0.254851 -0.0328808 0.146901
-0.381855 -0.0443354 0.244223
-0.484349 -0.0578318 0.327621
-0.562278 -0.0723078 0.377224
-0.623395 -0.0892043 0.412519
-0.644485 -0.104912 0.421672
-0.634783 -0.118423 0.401051
-0.617236 -0.129826 0.375005
-0.596979 -0.14007 0.349668
-0.577188 -0.148464 0.325023
-0.566894 -0.153464 0.311596
-0.568659 -0.154885 0.311181
-0.580554 -0.153204 0.319605
-0.601131 -0.1487 0.338364
-0.624531 -0.141459 0.364467
-0.644454 -0.13333 0.389085
-0.662494 -0.125882 0.412021
-0.682591 -0.120709 0.435752
-0.702562 -0.118094 0.458235
-0.722819 -0.118022 0.479919
-0.745176 -0.120668 0.501339
-0.77251 -0.126275 0.523225
-0.813987 -0.134163 0.553665
-0.875152 -0.141913 0.600386
-0.953856 -0.147331 0.664012
-1.04466 -0.149632 0.740446
-1.1386 -0.149638 0.820767
-1.22723 -0.14873 0.895742
-1.30553 -0.147531 0.960704
-1.36891 -0.145554 1.01342
-1.41489 -0.141732 1.05361
-1.44521 -0.135536 1.08316
-1.46193 -0.127399 1.10304
-1.46446 -0.118327 1.11212
-1.45106 -0.109623 1.10856
-1.42194 -0.102621 1.09107
-1.38018 -0.0984011 1.06003
-1.33024 -0.0977563 1.01764
-1.27742 -0.100944 0.968195
-1.22839 -0.106948 0.919013
-1.18777 -0.112599 0.877287
-1.15648 -0.114377 0.847045
-1.13438 -0.111052 0.830021
-1.11915 -0.103623 0.824062
-1.1058 -0.0943691 0.822746
-1.09089 -0.0857679 0.819888
-1.07401 -0.0792132 0.813595
-1.0551 -0.0742402 0.804594
-1.03399 -0.0693898 0.793797
-1.01166 -0.0638918 0.78172
-0.989805 -0.0585418 0.767481
-0.970375 -0.0544862 0.750895
-0.952899 -0.0517359 0.732716
-0.933909 -0.049332 0.713793
-0.911307 -0.0461118 0.696891
-0.884073 -0.0411755 0.682279
-0.850838 -0.0341175 0.666842
-0.811835 -0.0248686 0.649285
-0.766011 -0.0129043 0.629557
-0.71158 0.00136149 0.607216
-0.650218 0.0151086 0.582173
-0.582554 0.0269447 0.555482
-0.506989 0.0381081 0.525845
-0.426995 0.047778 0.491333
-0.350667 0.0549809 0.454594
-0.284397 0.0604855 0.420304
-0.229793 0.0647887 0.391344
-0.183961 0.0682257 0.367288
-0.141793 0.0707211 0.344618
-0.0985271 0.072738 0.320451
-0.0532987 0.075088 0.295729
-0.00912937 0.0781767 0.273965
0.0308199 0.0819175 0.257886
0.0647654 0.0862434 0.248458
0.0908948 0.0915966 0.246662
0.107794 0.0984578 0.25334
0.116235 0.107146 0.267955
0.118045 0.117365 0.288909
0.114907 0.12821 0.313899
0.108708 0.138544 0.339579
0.101808 0.147232 0.362427
0.0958282 0.153326 0.380182
0.0906773 0.156499 0.392089
0.0866185 0.157242 0.398141
0.0854239 0.156266 0.398135
0.0877425 0.15383 0.392362
0.0919459 0.150104 0.382296
0.0968349 0.145781 0.369533
0.102915 0.141668 0.355196
0.111054 0.138145 0.33995
0.122206 0.135313 0.323769
0.13732 0.133251 0.306347
0.155981 0.131989 0.288187
0.176147 0.131504 0.270915
0.194654 0.131694 0.256384
0.206402 0.132052 0.246659
0.205322 0.131948 0.24428
0.188568 0.131268 0.249961
0.159282 0.130644 0.26156
0.123594 0.131124 0.276606
0.0856744 0.132988 0.293544
0.0480734 0.135888 0.310926
0.013292 0.139694 0.327375
-0.0175747 0.14438 0.342541
-0.0447181 0.149764 0.356962
-0.067773 0.155272 0.3712
-0.0857884 0.160138 0.384346
-0.0988551 0.163452 0.393948
-0.108639 0.164349 0.397664
-0.117402 0.162578 0.394485
-0.12576 0.158236 0.383946
-0.132364 0.151479 0.365398
-0.137045 0.142677 0.3404
-0.1424 0.132453 0.313635
-0.1518 0.121373 0.290517
-0.166188 0.109449 0.274692
-0.184586 0.0967005 0.265964
-0.20632 0.083383 0.261087
-0.229663 0.0693148 0.256953
-0.252267 0.0542481 0.251199
-0.27303 0.038276 0.242666
-0.292261 0.0213122 0.231713
-0.312231 0.00296002 0.220578
-0.335618 -0.0169918 0.21178
-0.363035 -0.0365992 0.212389
-0.392676 -0.0546385 0.223252
-0.421842 -0.0736897 0.235671
-0.448183 -0.0954049 0.245546
-0.471038 -0.119027 0.251855
-0.49229 -0.142528 0.255889
-0.513099 -0.163037 0.259909
-0.533383 -0.179798 0.263764
-0.552357 -0.193532 0.267355
-0.571174 -0.204871 0.271917
-0.593616 -0.214602 0.279484
-0.618676 -0.223445 0.289879
-0.640756 -0.232711 0.29849
-0.65629 -0.24292 0.302735
-0.665068 -0.253742 0.303016
-0.667977 -0.26437 0.299654
-0.668813 -0.274282 0.294637
-0.672323 -0.283608 0.291043
-0.679531 -0.292599 0.289403
-0.689518 -0.301901 0.288963
-0.700874 -0.311951 0.289183
-0.712221 -0.322589 0.289614
-0.722786 -0.333043 0.290321
-0.73174 -0.342329 0.291473
-0.739641 -0.349598 0.293581
-0.749505 -0.354349 0.298397
-0.762789 -0.356103 0.307099
-0.777447 -0.354394 0.318748
-0.791548 -0.349224 0.332001
-0.804678 -0.34129 0.346041
-0.816006 -0.331726 0.359707
-0.824195 -0.321814 0.371395
-0.829017 -0.3129 0.380099
-0.832129 -0.30561 0.386672
-0.835368 -0.299542 0.392975
-0.838141 -0.293996 0.399251
-0.837818 -0.288281 0.403942
-0.83229 -0.28182 0.405479
-0.82122 -0.274024 0.403584
-0.805703 -0.264189 0.399315
-0.787403 -0.251807 0.394276
-0.767761 -0.236603 0.390041
-0.747951 -0.218555 0.387466
-0.728976 -0.19781 0.386352
-0.710214 -0.174135 0.386958
-0.690272 -0.147578 0.389427
-0.66974 -0.119652 0.394147
-0.652118 -0.0927101 0.404327
-0.642185 -0.0687886 0.425818
-0.642913 -0.0481511 0.460193
-0.654789 -0.0295965 0.504352
-0.67342 -0.0116819 0.555194
-0.692806 0.0071098 0.609357
-0.709808 0.0278197 0.66304
-0.716105 0.0517234 0.712317
-0.70266 0.0782284 0.750814
-0.668571 0.105289 0.773792
-0.618279 0.132174 0.78341
-0.557772 0.158278 0.783748
-0.489846 0.182116 0.775144
-0.414363 0.202537 0.755601
-0.328714 0.221139 0.725636
-0.233361 0.238597 0.686993
-0.134341 0.254012 0.643283
-0.0376325 0.267281 0.599605
0.0479468 0.277286 0.560383
0.11264 0.28292 0.530546
0.156952 0.286306 0.513132
0.188862 0.290422 0.50583
0.211946 0.296286 0.508382
0.225543 0.304583 0.522506
0.231193 0.315044 0.546798
0.230537 0.326861 0.580043
0.223431 0.339328 0.620166
0.212301 0.351656 0.663213
0.199972 0.362868 0.705303
0.187951 0.372006 0.742762
0.178565 0.378168 0.771493
0.17268 0.380655 0.789682
0.167788 0.379629 0.79901
0.162601 0.375752 0.800902
0.159239 0.369576 0.79622
0.159345 0.361502 0.783791
0.162873 0.352101 0.765068
0.169548 0.341818 0.742888
0.180099 0.331195 0.716009
0.196113 0.320711 0.684815
0.21794 0.310377 0.650437
0.242124 0.299724 0.614168
0.265026 0.288366 0.577371
0.286601 0.276408 0.540126
0.305785 0.263464 0.502101
0.321003 0.249079 0.462749
0.332696 0.232937 0.421296
0.341063 0.214235 0.376923
0.345685 0.192222 0.329215
0.345745 0.166774 0.279208
0.339954 0.138879 0.231684
0.326687 0.109743 0.191836
0.306103 0.0806543 0.160936
0.279684 0.0535275 0.138075
0.247987 0.0290864 0.121387
0.211891 0.00633187 0.108752
0.172663 -0.0159033 0.0977862
0.131686 -0.0393898 0.0852846
0.0924312 -0.065271 0.0683097
0.0584348 -0.0934707 0.0450951
0.0310612 -0.124065 0.0147914
0.0102889 -0.15648 -0.0183922
-0.00576751 -0.189237 -0.0492151
-0.0233103 -0.217685 -0.0632815
-0.0425425 -0.239565 -0.0614255
-0.0539715 -0.256903 -0.0609071
-0.0578458 -0.270634 -0.0632498
-0.0598368 -0.281345 -0.0665177
-0.0612636 -0.289608 -0.0695982
-0.0635335 -0.296629 -0.0720064
-0.068818 -0.303611 -0.0726955
-0.0801643 -0.311373 -0.0698059
-0.0986222 -0.319887 -0.0625195
-0.123384 -0.328971 -0.0514437
-0.153547 -0.338558 -0.0372214
-0.188384 -0.348269 -0.0200176
-0.227141 -0.357489 -7.76878e-05
-0.269024 -0.365325 0.0223887
-0.312693 -0.370733 0.0472535
-0.356315 -0.372951 0.0740515
-0.398844 -0.371879 0.102052
-0.440316 -0.367714 0.130963
-0.481337 -0.361069 0.160924
-0.521873 -0.352606 0.191914
-0.560378 -0.342903 0.222782
-0.593917 -0.332472 0.250976
-0.619331 -0.32175 0.273624
-0.635581 -0.311231 0.289038
-0.643213 -0.301118 0.298083
-0.643494 -0.291776 0.301621
-0.638555 -0.283446 0.300399
-0.630401 -0.275511 0.296702
-0.621911 -0.267398 0.293303
-0.616141 -0.258448 0.292725
-0.61463 -0.248096 0.296701
-0.617234 -0.236054 0.305469
-0.622416 -0.222184 0.317566
-0.628182 -0.206613 0.331578
-0.633869 -0.189443 0.347097
-0.640607 -0.170404 0.365088
-0.649234 -0.149446 0.386682
-0.658722 -0.127361 0.411532
-0.667164 -0.105121 0.439055
-0.673345 -0.0839103 0.470051
-0.676725 -0.0643204 0.502719
-0.67624 -0.0457565 0.532545
-0.669479 -0.0275093 0.556493
-0.654757 -0.00911628 0.573659
-0.631775 0.00959409 0.584368
-0.600626 0.0285179 0.589178
-0.563058 0.0473275 0.589446
-0.521778 0.0656424 0.586599
-0.478069 0.0831981 0.581037
-0.432887 0.0999677 0.573547
-0.388556 0.116138 0.566254
-0.346441 0.131951 0.560615
-0.305717 0.147629 0.556544
-0.265725 0.163391 0.554046
-0.226736 0.179416 0.553636
-0.188734 0.195649 0.555351
-0.15196 0.211238 0.55871
-0.118307 0.224207 0.563146
-0.0893512 0.233764 0.568081
-0.0658213 0.24088 0.573515
-0.0493229 0.245809 0.580051
-0.0396237 0.248551 0.58727
-0.033734 0.249439 0.593317
-0.0286601 0.24891 0.596743
-0.0226145 0.247572 0.597453
-0.0143064 0.245845 0.595728
-0.00229211 0.244008 0.591491
0.013905 0.242218 0.584942
0.033471 0.240708 0.577092
0.0550857 0.239685 0.569082
0.0767035 0.238843 0.561722
0.0952711 0.237333 0.555329
0.109138 0.23463 0.549155
0.119822 0.230797 0.541698
0.12954 0.225795 0.531605
0.139363 0.219368 0.518009
0.149666 0.211317 0.500475
0.159995 0.20183 0.4796
0.168925 0.190987 0.456547
0.175803 0.179147 0.432488
0.180343 0.167038 0.408783
0.182004 0.155019 0.386413
0.181003 0.143472 0.365889
0.177483 0.132432 0.347328
0.172019 0.12172 0.330116
0.165757 0.111045 0.313002
0.159537 0.0999069 0.294653
0.154515 0.0880113 0.273841
0.151943 0.0752835 0.249883
0.151755 0.0615827 0.223086
0.153169 0.0468929 0.193897
0.155725 0.0313782 0.16213
0.158125 0.0155115 0.129768
0.158332 -7.19437e-05 0.100367
0.155625 -0.0148195 0.0766642
0.149697 -0.0282912 0.0591841
0.14017 -0.0403968 0.046061
0.127824 -0.0510432 0.0361182
0.113633 -0.060295 0.0286329
0.0982325 -0.0685737 0.0225361
0.0815884 -0.0765634 0.0171564
0.0633819 -0.0851481 0.0119107
0.0442114 -0.0949037 0.00615874
0.024929 -0.105782 -2.09451e-05
0.00590266 -0.117253 -0.00602578
-0.012232 -0.128577 -0.0112011
-0.029261 -0.138787 -0.0141603
-0.0461064 -0.146625 -0.0119913
-0.0628492 -0.151807 -0.00643656
-0.0796285 -0.154916 -1.05394e-06
-0.0982117 -0.156105 0.00883034
-0.119871 -0.155596 0.0204201
-0.144382 -0.153847 0.0345113
-0.170474 -0.15109 0.0504003
-0.196496 -0.147399 0.0671566
-0.221657 -0.143117 0.0840834
-0.246555 -0.139081 0.100967
-0.271955 -0.136262 0.117611
-0.297626 -0.134957 0.133696
-0.322672 -0.134687 0.14902
-0.346035 -0.134918 0.163237
-0.366538 -0.135071 0.176064
-0.383418 -0.134512 0.187525
-0.3971 -0.132836 0.19802
-0.408944 -0.129725 0.208445
-0.420294 -0.125015 0.21964
-0.431608 -0.118898 0.231676
-0.442611 -0.111838 0.244052
-0.453053 -0.104494 0.256309
-0.462649 -0.0975687 0.268082
-0.470676 -0.0915471 0.278782
-0.476289 -0.0865644 0.287665
-0.47901 -0.082436 0.294252
-0.478764 -0.0788037 0.29854
-0.47596 -0.0753513 0.300924
-0.471668 -0.0718778 0.302179
-0.467108 -0.0682729 0.303137
-0.462651 -0.0645296 0.304012
-0.457675 -0.0607835 0.304283
-0.451318 -0.057049 0.303427
-0.443332 -0.0528344 0.301834
-0.434344 -0.0474651 0.300658
-0.425336 -0.0407879 0.300775
-0.416853 -0.0331299 0.302347
-0.408717 -0.0249757 0.304926
-0.400633 -0.0168616 0.307932
-0.39283 -0.00917088 0.311186
-0.385876 -0.00218793 0.314703
-0.38012 0.00376072 0.318378
-0.375271 0.00860689 0.32199
-0.37033 0.01261 0.325309
-0.364114 0.0163439 0.328344
-0.356009 0.0205538 0.331214
-0.345872 0.0255721 0.333747
-0.333615 0.0314286 0.335879
-0.31959 0.0379993 0.337833
-0.304106 0.0449436 0.339417
-0.286723 0.051949 0.339947
-0.267298 0.0587395 0.339071
-0.246866 0.064815 0.336883
-0.226972 0.0695056 0.333573
-0.208569 0.072621 0.329523
-0.191538 0.074505 0.324874
-0.175002 0.0755676 0.319445
-0.158145 0.0761367 0.313071
-0.140833 0.0763466 0.305641
-0.123572 0.0762557 0.297582
-0.107736 0.0760103 0.290389
-0.0951687 0.0757245 0.286009
-0.0864618 0.0754095 0.285062
-0.0807046 0.0748914 0.286513
-0.076692 0.0738173 0.288795
-0.0735724 0.0718831 0.290511
-0.0708593 0.0689538 0.290667
-0.0680049 0.0650811 0.28847
-0.0642645 0.0605366 0.283441
-0.0591749 0.0557496 0.275804
-0.0526542 0.0511359 0.266308
-0.0448599 0.046875 0.255686
-0.0361795 0.0428689 0.244369
-0.0270426 0.0388555 0.232449
-0.0177105 0.03459 0.219848
-0.008332 0.0299973 0.206549
0.000844873 0.0250807 0.192657
0.00952068 0.0198773 0.178436
0.0174429 0.0144118 0.164158
0.0243228 0.00861821 0.149712
0.0297345 0.00250143 0.135233
0.033288 -0.00377935 0.121397
0.0351595 -0.0100251 0.108929
0.035857 -0.0160479 0.0983869
0.0351775 -0.0216307 0.090085
0.0320537 -0.0265503 0.0844655
0.0257373 -0.0306833 0.0818003
0.0168587 -0.0340237 0.0815922
0.0066971 -0.0366475 0.0829206
-0.00405728 -0.0387949 0.0849802
-0.0150703 -0.0408968 0.0870402
-0.0256614 -0.0432875 0.0883826
-0.0348548 -0.0460217 0.0884412
-0.0420399 -0.0489893 0.0870321
-0.047502 -0.0519983 0.0845845
-0.0521009 -0.0548132 0.0818475
-0.0564668 -0.0572717 0.0792631
-0.0606459 -0.0593257 0.0768304
-0.0643705 -0.0608941 0.0746784
-0.0676337 -0.0618159 0.0731956
-0.0710519 -0.0619941 0.0727937
-0.0755112 -0.0614714 0.0738801
-0.0815038 -0.0603524 0.076609
-0.089129 -0.058714 0.0810478
-0.0986277 -0.0566122 0.087483
-0.110376 -0.054219 0.0958818
-0.124323 -0.0518176 0.105595
-0.139927 -0.0495659 0.115932
-0.156785 -0.0473926 0.126816
-0.1746 -0.0450896 0.1384
-0.192252 -0.0424748 0.150218
-0.208255 -0.0393906 0.161554
-0.222158 -0.0357219 0.172126
-0.234251 -0.0314676 0.181964
-0.24481 -0.0267224 0.19109
-0.25415 -0.021641 0.199613
-0.262475 -0.0163436 0.207671
-0.269455 -0.0109236 0.215115
-0.274277 -0.00561307 0.222251
-0.276659 -0.000631599 0.22916
-0.277514 0.00394471 0.235523
-0.278026 0.00802895 0.241525
-0.279383 0.011631 0.247697
-0.282844 0.014871 0.255295
-0.288667 0.017985 0.265049
-0.29587 0.0212134 0.276422
-0.303224 0.0245894 0.288502
-0.310195 0.0279712 0.300559
-0.31686 0.0311777 0.312223
-0.323328 0.0340595 0.323245
-0.329693 0.0364778 0.333391
-0.336115 0.0383611 0.342558
-0.342355 0.0397674 0.350604
-0.347463 0.0408242 0.357049
-0.350329 0.0416296 0.361225
-0.350234 0.042245 0.362617
-0.347047 0.0427036 0.361109
-0.341357 0.0429849 0.357095
-0.334069 0.0430628 0.351259
-0.325704 0.0429952 0.344174
-0.316401 0.042863 0.33618
-0.306501 0.0426561 0.327593
-0.29668 0.0422762 0.318801
-0.287757 0.0416203 0.310288
-0.280632 0.040612 0.302685
-0.276033 0.0392499 0.296633
-0.27407 0.0376522 0.292503
-0.274323 0.0359474 0.290269
-0.276356 0.0341129 0.289547
-0.279968 0.0319321 0.289671
-0.285076 0.0291329 0.289935
-0.291473 0.0255661 0.289766
-0.298429 0.0212592 0.288375
-0.304326 0.0163641 0.284625
-0.306768 0.0110552 0.277503
-0.303664 0.00560125 0.266571
-0.294284 0.000250558 0.252543
-0.279032 -0.00501969 0.236401
-0.259341 -0.0103291 0.2184
-0.237248 -0.0158689 0.198796
-0.214225 -0.0217977 0.178228
-0.191574 -0.0279754 0.157858
-0.170858 -0.0340297 0.139067
-0.153202 -0.0396465 0.122909
-0.138985 -0.0446945 0.110135
-0.128195 -0.0490595 0.1012
-0.120842 -0.0527441 0.0958498
-0.116738 -0.0559452 0.0931828
-0.115108 -0.0588982 0.0922222
-0.115024 -0.0617299 0.0922182
-0.115846 -0.0643882 0.0927342
-0.116848 -0.0666951 0.093429
-0.117096 -0.0684425 0.0939002
-0.115992 -0.0695048 0.0938805
-0.113481 -0.0699704 0.0932416
-0.109637 -0.0701318 0.09181
-0.104438 -0.0702636 0.0894283
-0.0979879 -0.0704724 0.0861694
-0.0907682 -0.0707968 0.0823528
-0.0833676 -0.0712901 0.0783105
-0.076176 -0.0719697 0.0742615
-0.0695701 -0.0727649 0.0704752
-0.0639658 -0.0735167 0.0673384
-0.0595982 -0.0740508 0.0651526
-0.0565005 -0.0741952 0.0640835
-0.0547387 -0.0737263 0.0643538
-0.0545164 -0.0724232 0.0662589
-0.0561039 -0.0701944 0.0700114
-0.0596801 -0.0671831 0.0755555
-0.0651972 -0.0637345 0.0826459
-0.0725064 -0.0601907 0.0911948
-0.0815001 -0.0567503 0.100832
-0.0918582 -0.0534317 0.110978
-0.102843 -0.0500787 0.121297
-0.113621 -0.0464705 0.131481
-0.123636 -0.0424733 0.141277
-0.132461 -0.0380978 0.150421
-0.13947 -0.0333884 0.158425
-0.144099 -0.0283669 0.164784
-0.146315 -0.0230477 0.169417
-0.146443 -0.0172961 0.172753
-0.144769 -0.0108222 0.175848
-0.141657 -0.0034373 0.180201
-0.138168 0.00489814 0.186784
-0.135995 0.0139967 0.195934
-0.13636 0.0232813 0.207335
-0.13994 0.0320558 0.220289
-0.147282 0.0398608 0.234382
-0.158241 0.0465944 0.249248
-0.171641 0.0522828 0.264915
-0.186131 0.0570165 0.281474
-0.201237 0.0612144 0.298679
-0.216526 0.0652973 0.316806
-0.230969 0.0694384 0.335364
-0.243936 0.0735977 0.35307
-0.25499 0.0774734 0.368848
-0.263446 0.0806459 0.38129
-0.268692 0.0827473 0.389128
-0.270548 0.0836552 0.391889
-0.269468 0.0835132 0.390094
-0.266296 0.0826198 0.384879
-0.262005 0.0812891 0.377611
-0.257564 0.0798107 0.3697
-0.253838 0.0783982 0.362341
-0.251509 0.0771201 0.356341
-0.250971 0.075963 0.352114
-0.252091 0.0748741 0.349549
-0.254329 0.0737492 0.348069
-0.257435 0.0724466 0.347164
-0.261799 0.0707924 0.346728
-0.267921 0.0685738 0.346752
-0.275773 0.0655862 0.346882
-0.284741 0.061722 0.346391
-0.293896 0.0570318 0.344479
-0.302113 0.0517097 0.340486
-0.308266 0.046047 0.334071
-0.311742 0.0403432 0.325322
-0.312594 0.0347973 0.314634
-0.311271 0.0294328 0.302485
-0.308257 0.0240609 0.289039
-0.303849 0.0183271 0.27406
-0.298406 0.011848 0.257436
-0.292544 0.00434777 0.24004
-0.286785 -0.00422962 0.223093
-0.281515 -0.0136986 0.20743
-0.27709 -0.0236707 0.193882
-0.273731 -0.033593 0.182523
-0.27141 -0.0430511 0.172882
-0.269576 -0.0519434 0.164552
-0.267373 -0.060264 0.156938
-0.264175 -0.0680057 0.149459
-0.259779 -0.0751154 0.141864
-0.254342 -0.081535 0.134175
-0.248002 -0.0872295 0.126436
-0.240701 -0.0920891 0.118817
-0.232511 -0.096073 0.111557
-0.223626 -0.0993296 0.104694
-0.213883 -0.10204 0.0979318
-0.202961 -0.104305 0.0909403
-0.19123 -0.106201 0.0838463
-0.17972 -0.107874 0.0770928
-0.169306 -0.109461 0.0710335
-0.160418 -0.110968 0.065896
-0.153256 -0.112243 0.0619297
-0.147879 -0.113085 0.0593512
-0.144189 -0.113392 0.0581923
-0.14206 -0.11319 0.0583465
-0.141312 -0.112549 0.0596403
-0.141495 -0.11156 0.0617004
-0.142085 -0.110383 0.064033
-0.142886 -0.10914 0.0663833
-0.143926 -0.107826 0.0687724
-0.145161 -0.106324 0.0712664
-0.146365 -0.104454 0.0738569
-0.14706 -0.102016 0.0764046
-0.146684 -0.0988309 0.07873
-0.144999 -0.094814 0.080799
-0.142247 -0.0900617 0.082728
-0.138885 -0.0847709 0.0846777
-0.135332 -0.0790822 0.0868449
-0.131999 -0.0730719 0.0894616
-0.129319 -0.0668529 0.0926812
-0.127532 -0.0605076 0.0965219
-0.126525 -0.0539558 0.100967
-0.126048 -0.0468954 0.106685
-0.126078 -0.0388779 0.114922
-0.127293 -0.0297901 0.126105
-0.130676 -0.0198175 0.140215
-0.136202 -0.00914215 0.15752
-0.143077 0.00188114 0.177739
-0.150697 0.0128563 0.199484
-0.158869 0.023411 0.221257
-0.167717 0.0331549 0.242197
-0.177223 0.0418159 0.261711
-0.187075 0.0492888 0.27944
-0.196501 0.0555018 0.295629
-0.204716 0.0605688 0.310094
-0.2115 0.0648669 0.322613
-0.216563 0.0687179 0.333416
-0.219435 0.0723253 0.342188
-0.219916 0.0757807 0.348688
-0.218344 0.0790252 0.353086
-0.215412 0.0819027 0.355671
-0.211673 0.0842872 0.356613
-0.20752 0.08609 0.355997
-0.203337 0.0872693 0.353957
-0.199525 0.0878152 0.350723
-0.196475 0.0877104 0.346549
-0.194586 0.0869656 0.341762
-0.194164 0.0856174 0.336723
-0.195347 0.0837524 0.331786
-0.198171 0.0815276 0.32736
-0.202556 0.0791452 0.323865
-0.208292 0.0768086 0.321613
-0.215051 0.0746116 0.320603
-0.222414 0.0724748 0.320382
-0.230005 0.0702088 0.320272
-0.237582 0.0675432 0.319526
-0.244853 0.0641694 0.317295
-0.251311 0.0598015 0.312613
-0.256276 0.0543701 0.304797
-0.259147 0.0481818 0.293922
-0.2598 0.0417401 0.280974
-0.258539 0.0354927 0.267245
-0.255471 0.0296941 0.253503
-0.250547 0.0243133 0.240072
-0.244025 0.0190153 0.226848
-0.236446 0.0133389 0.213778
-0.228832 0.00700459 0.201236
-0.222585 6.91143e-05 0.189766
-0.218783 -0.00718964 0.180068
-0.217864 -0.0143941 0.172719
-0.219693 -0.0211533 0.167948
-0.223644 -0.0271962 0.165565
-0.228829 -0.0324622 0.164975
-0.234392 -0.0370904 0.165397
-0.239618 -0.0413207 0.16607
-0.243978 -0.045383 0.166321
-0.247171 -0.0494244 0.165631
-0.249 -0.0534659 0.163722
-0.249036 -0.0574027 0.160456
-0.246633 -0.0610723 0.155727
-0.241378 -0.0643023 0.149581
-0.233415 -0.0669387 0.142356
-0.22358 -0.0689042 0.134669
-0.213207 -0.0702068 0.127294
-0.203594 -0.0709543 0.120896
-0.195572 -0.0713931 0.115734
-0.189347 -0.0718179 0.111649
-0.184707 -0.07243 0.108366
-0.181524 -0.0732715 0.105841
-0.179903 -0.0742621 0.104253
-0.179803 -0.075229 0.103725
-0.180824 -0.0758901 0.104216
-0.182374 -0.0759804 0.105503
-0.183918 -0.0753976 0.107243
-0.185056 -0.074174 0.109098
-0.185529 -0.0723864 0.110839
-0.185229 -0.0701062 0.112386
-0.184051 -0.067387 0.113701
-0.181803 -0.064249 0.114729
-0.178417 -0.0607242 0.115464
-0.174192 -0.0568994 0.116045
-0.169786 -0.0528418 0.116832
-0.165907 -0.0485253 0.118306
-0.162933 -0.0437568 0.120902
-0.160962 -0.0383232 0.125001
-0.16004 -0.0322389 0.130964
-0.160191 -0.0256585 0.138821
-0.161583 -0.0187918 0.148233
-0.164482 -0.0119106 0.159085
-0.168993 -0.0052867 0.171276
-0.174854 0.000901621 0.184259
-0.181311 0.00667479 0.197546
-0.187433 0.01224 0.210913
-0.192511 0.0178211 0.223984
-0.196174 0.0234485 0.236265
-0.198475 0.0289933 0.24746
-0.199766 0.0342705 0.257373
-0.200273 0.03903 0.265667
-0.199939 0.0430083 0.27191
-0.198676 0.0460389 0.275904
-0.196604 0.0481644 0.277948
-0.194091 0.0496728 0.278712
-0.191679 0.0509789 0.279071
-0.189938 0.0523935 0.279875
-0.189383 0.0540116 0.281673
-0.190359 0.0557266 0.284582
-0.192903 0.0572872 0.288229
-0.19671 0.0583895 0.291864
-0.201185 0.0588171 0.294653
-0.205692 0.0585729 0.296074
-0.209848 0.0578691 0.296154
-0.213576 0.0569442 0.295242
-0.216829 0.0558992 0.293547
-0.219416 0.0546951 0.29095
-0.221078 0.0532444 0.287186
-0.221591 0.051479 0.282027
-0.220938 0.0493585 0.275454
-0.219463 0.0469129 0.267837
-0.217751 0.0442681 0.259864
-0.216367 0.0415713 0.252222
-0.21565 0.0388717 0.245279
-0.215735 0.0361068 0.239124
-0.216684 0.0331812 0.233742
-0.218434 0.0300065 0.229029
-0.220751 0.026537 0.224928
-0.223448 0.0228427 0.221473
-0.226638 0.0190938 0.218761
-0.230509 0.0154222 0.21687
-0.234942 0.0118619 0.215643
-0.239495 0.00837583 0.214692
-0.243679 0.00489704 0.213606
-0.247193 0.0013925 0.212163
-0.249855 -0.00212913 0.210273
-0.251583 -0.00563551 0.207897
-0.252483 -0.00909362 0.205085
-0.252806 -0.012498 0.201937
-0.252775 -0.0158581 0.198546
-0.252343 -0.0191498 0.194924
-0.251287 -0.0222749 0.191073
-0.249569 -0.0251176 0.187129
-0.247347 -0.0276416 0.183255
-0.244765 -0.0299602 0.179432
-0.241982 -0.0323274 0.175474
-0.239286 -0.0349869 0.171263
-0.237 -0.0380356 0.166866
-0.235258 -0.0413881 0.16246
-0.233883 -0.0448036 0.158206
-0.232536 -0.0479634 0.154261
-0.230972 -0.0506157 0.150782
-0.229057 -0.0527588 0.147682
-0.226619 -0.0546064 0.144582
-0.2235 -0.0563856 0.14113
-0.219655 -0.0582326 0.137169
-0.215134 -0.0601642 0.132732
-0.210093 -0.0620985 0.128013
-0.204738 -0.0639016 0.123277
-0.19919 -0.0654199 0.118771
-0.193562 -0.0665196 0.114724
-0.188213 -0.0671259 0.111429
-0.183694 -0.0672475 0.109179
-0.180445 -0.0669353 0.108168
-0.178409 -0.0662743 0.10826
-0.177209 -0.0653713 0.109101
