0 3.28306e-13 7.62208e-13
685.32 -342.66 -342.66
985.665 -492.832 -492.832
1164.44 -582.218 -582.218
1315.41 -657.705 -657.705
1454.68 -727.338 -727.338
1587.84 -793.919 -793.919
1717.36 -858.678 -858.678
1844.6 -922.298 -922.298
1970.26 -985.129 -985.129
2094.82 -1047.41 -1047.41
2218.59 -1109.29 -1109.29
2341.75 -1170.87 -1170.87
2464.43 -1232.21 -1232.21
2586.73 -1293.37 -1293.37
2708.74 -1354.37 -1354.37
2830.49 -1415.24 -1415.24
2952.02 -1476.01 -1476.01
3073.34 -1536.67 -1536.67
3194.47 -1597.23 -1597.23
3315.3 -1657.65 -1657.65
3192.42 -1596.21 -1596.21
3069.43 -1534.71 -1534.71
2946.34 -1473.17 -1473.17
2823.11 -1411.55 -1411.55
2699.71 -1349.85 -1349.85
2576.08 -1288.04 -1288.04
2452.18 -1226.09 -1226.09
2327.93 -1163.96 -1163.96
2203.2 -1101.6 -1101.6
2077.85 -1038.93 -1038.93
1951.65 -975.823 -975.823
1824.23 -912.116 -912.116
1695.09 -847.543 -847.543
1563.35 -781.673 -781.673
1427.4 -713.699 -713.699
1284.34 -642.169 -642.169
1127.42 -563.71 -563.71
937.052 -468.526 -468.526
591.392 -295.696 -295.696
-105.73 52.8649 52.8649
-712.766 356.383 356.383
-986.996 493.498 493.498
-1164.84 582.418 582.418
-1315.61 657.804 657.804
-1454.8 727.4 727.4
-1587.93 793.964 793.964
-1717.43 858.714 858.714
-1844.66 922.33 922.33
-1970.31 985.157 985.157
-2094.87 1047.44 1047.44
-2218.64 1109.32 1109.32
-2341.8 1170.9 1170.9
-2464.48 1232.24 1232.24
-2586.78 1293.39 1293.39
-2708.78 1354.39 1354.39
-2830.52 1415.26 1415.26
-2952.03 1476.02 1476.02
-3073.31 1536.66 1536.66
-3194.34 1597.17 1597.17
-3071.36 1535.68 1535.68
-2948.27 1474.14 1474.14
-2825.05 1412.52 1412.52
-2701.66 1350.83 1350.83
-2578.05 1289.03 1289.03
-2454.17 1227.08 1227.08
-2329.93 1164.97 1164.97
-2205.22 1102.61 1102.61
-2079.91 1039.95 1039.95
-1953.74 976.869 976.869
-1826.38 913.189 913.189
-1697.31 848.655 848.655
-1565.68 782.84 782.84
-1429.91 714.954 714.954
-1287.15 643.574 643.574
-1130.85 565.427 565.427
-942.567 471.283 471.283
-641.865 320.933 320.933
-7.07518 3.53651 3.53651
634.99 -317.495 -317.495
938.899 -469.45 -469.45
1127.98 -563.991 -563.991
1284.63 -642.316 -642.316
1427.59 -713.794 -713.794
1563.49 -781.744 -781.744
1695.2 -847.6 -847.6
1824.33 -912.165 -912.165
1951.73 -975.865 -975.865
2077.93 -1038.97 -1038.97
2203.27 -1101.64 -1101.64
2328 -1164 -1164
2452.25 -1226.12 -1226.12
2576.14 -1288.07 -1288.07
2699.76 -1349.88 -1349.88
2823.15 -1411.57 -1411.57
2946.35 -1473.17 -1473.17
3069.37 -1534.69 -1534.69
3192.19 -1596.1 -1596.1
3314.67 -1657.34 -1657.34
3434.69 -1717.34 -1717.34
3553.5 -1776.75 -1776.75
3669.95 -1834.97 -1834.97
3781.89 -1890.94 -1890.94
3886.31 -1943.16 -1943.16
3981.06 -1990.53 -1990.53
4065.73 -2032.86 -2032.86
4140.91 -2070.46 -2070.46
4207.38 -2103.69 -2103.69
4266.32 -2133.16 -2133.16
4318.46 -2159.23 -2159.23
4364.89 -2182.45 -2182.45
4406.35 -2203.18 -2203.18
4443.64 -2221.82 -2221.82
4477.39 -2238.7 -2238.7
4507.98 -2253.99 -2253.99
4536.11 -2268.05 -2268.05
4562.07 -2281.04 -2281.04
4585.97 -2292.99 -2292.99
4463.52 -2231.76 -2231.76
4341.05 -2170.52 -2170.52
4218.56 -2109.28 -2109.28
4096.06 -2048.03 -2048.03
3973.56 -1986.78 -1986.78
3851.05 -1925.53 -1925.53
3728.53 -1864.27 -1864.27
3606.02 -1803.01 -1803.01
3483.5 -1741.75 -1741.75
3360.98 -1680.49 -1680.49
3238.47 -1619.24 -1619.24
3115.96 -1557.98 -1557.98
2993.45 -1496.73 -1496.73
2870.94 -1435.47 -1435.47
2748.43 -1374.22 -1374.22
2625.89 -1312.94 -1312.94
2503.3 -1251.65 -1251.65
2380.64 -1190.32 -1190.32
2257.83 -1128.92 -1128.92
2134.84 -1067.42 -1067.42
2011.51 -1005.76 -1005.76
1887.71 -943.856 -943.856
1763.16 -881.579 -881.579
1637.5 -818.75 -818.75
1510.13 -755.065 -755.065
1380.06 -690.031 -690.031
1245.74 -622.872 -622.872
1104.56 -552.28 -552.28
952.216 -476.108 -476.108
782.711 -391.355 -391.355
590.806 -295.403 -295.403
376.855 -188.428 -188.428
154.229 -77.1147 -77.1147
-68.9673 34.4836 34.4836
-296.131 148.066 148.066
-524.2 262.1 262.1
-726.727 363.364 363.364
-883.369 441.685 441.685
-987.641 493.821 493.821
-1098.03 549.015 549.015
-1198.86 599.428 599.428
-1292.4 646.2 646.2
-1380.47 690.234 690.234
-1481.7 740.851 740.851
-1599.8 799.902 799.902
-1727.74 863.87 863.87
-1854.6 927.299 927.299
-1980.52 990.262 990.262
-2105.65 1052.82 1052.82
-2230.14 1115.07 1115.07
-2354.14 1177.07 1177.07
-2477.75 1238.88 1238.88
-2601.05 1300.52 1300.52
-2724.08 1362.04 1362.04
-2846.81 1423.41 1423.41
-2969.18 1484.59 1484.59
-3090.96 1545.48 1545.48
-3211.56 1605.78 1605.78
-3329.37 1664.68 1664.68
-3443.08 1721.54 1721.54
-3550.67 1775.34 1775.34
-3650.86 1825.43 1825.43
-3742.99 1871.5 1871.5
-3826.83 1913.42 1913.42
-3902.6 1951.3 1951.3
-3971.61 1985.8 1985.8
-4035.45 2017.72 2017.72
-4094.52 2047.26 2047.26
-4149.24 2074.62 2074.62
-4199.87 2099.93 2099.93
-4246.68 2123.34 2123.34
-4289.91 2144.95 2144.95
-4329.82 2164.91 2164.91
-4366.65 2183.32 2183.32
-4400.7 2200.35 2200.35
-4432.25 2216.13 2216.13
-4461.55 2230.77 2230.77
-4488.92 2244.46 2244.46
-4366.51 2183.25 2183.25
-4244.08 2122.04 2122.04
-4121.64 2060.82 2060.82
-3999.2 1999.6 1999.6
-3876.75 1938.38 1938.38
-3754.31 1877.16 1877.16
-3631.87 1815.93 1815.93
-3509.43 1754.72 1754.72
-3387.01 1693.51 1693.51
-3264.68 1632.34 1632.34
-3142.42 1571.21 1571.21
-3020.19 1510.09 1510.09
-2897.96 1448.98 1448.98
-2775.74 1387.87 1387.87
-2653.52 1326.76 1326.76
-2531.27 1265.64 1265.64
-2408.98 1204.49 1204.49
-2286.57 1143.29 1143.29
-2164 1082 1082
-2041.2 1020.6 1020.6
-1918 958.999 958.999
-1794.19 897.093 897.093
-1669.42 834.711 834.711
-1543.35 771.674 771.674
-1414.91 707.453 707.453
-1282.76 641.379 641.379
-1144.65 572.327 572.327
-996.731 498.366 498.366
-833.068 416.534 416.534
-648.664 324.332 324.332
-442.578 221.289 221.289
-257.724 128.862 128.862
-107.831 53.9154 53.9154
33.9411 -16.9705 -16.9705
173.376 -86.6878 -86.6878
307.274 -153.637 -153.637
433.742 -216.871 -216.871
552.175 -276.088 -276.088
662.26 -331.13 -331.13
763.708 -381.854 -381.854
857.727 -428.863 -428.863
956.532 -478.266 -478.266
1054.75 -527.377 -527.377
1146.58 -573.291 -573.291
1232.55 -616.273 -616.273
1313.55 -656.777 -656.777
1390.21 -695.103 -695.103
1462.96 -731.482 -731.482
1549.43 -774.716 -774.716
1648.76 -824.38 -824.38
1768.71 -884.355 -884.355
1888.31 -944.155 -944.155
2006.91 -1003.46 -1003.46
2124.35 -1062.18 -1062.18
2240.56 -1120.28 -1120.28
2355.52 -1177.76 -1177.76
2469.22 -1234.61 -1234.61
2581.63 -1290.82 -1290.82
2692.71 -1346.35 -1346.35
2802.39 -1401.19 -1401.19
2910.57 -1455.29 -1455.29
3017.14 -1508.57 -1508.57
3121.95 -1560.98 -1560.98
3224.85 -1612.43 -1612.43
3325.65 -1662.82 -1662.82
3424.12 -1712.06 -1712.06
3520 -1760 -1760
3613 -1806.5 -1806.5
3702.8 -1851.4 -1851.4
3789.05 -1894.53 -1894.53
3871.39 -1935.7 -1935.7
3949.49 -1974.75 -1974.75
4023.08 -2011.54 -2011.54
4091.98 -2045.99 -2045.99
4156.27 -2078.14 -2078.14
4215.98 -2107.99 -2107.99
4271.05 -2135.53 -2135.53
4321.52 -2160.76 -2160.76
4367.64 -2183.82 -2183.82
4409.82 -2204.91 -2204.91
4448.53 -2224.26 -2224.26
4484.14 -2242.07 -2242.07
4516.8 -2258.4 -2258.4
4546.81 -2273.41 -2273.41
4574.6 -2287.3 -2287.3
4600.45 -2300.22 -2300.22
4624.57 -2312.29 -2312.29
4647.1 -2323.55 -2323.55
4668.23 -2334.12 -2334.12
4688.14 -2344.07 -2344.07
4706.94 -2353.47 -2353.47
4724.73 -2362.37 -2362.37
4741.64 -2370.82 -2370.82
4757.77 -2378.89 -2378.89
4780.7 -2390.35 -2390.35
4795.23 -2397.62 -2397.62
4809.22 -2404.61 -2404.61
4822.72 -2411.36 -2411.36
4835.77 -2417.89 -2417.89
4848.41 -2424.21 -2424.21
4860.66 -2430.33 -2430.33
4872.53 -2436.27 -2436.27
4884.07 -2442.04 -2442.04
4895.3 -2447.65 -2447.65
4906.23 -2453.11 -2453.11
4916.88 -2458.44 -2458.44
4927.28 -2463.64 -2463.64
4937.42 -2468.71 -2468.71
4947.29 -2473.64 -2473.64
4956.86 -2478.43 -2478.43
4966.18 -2483.09 -2483.09
4975.31 -2487.65 -2487.65
4984.25 -2492.12 -2492.12
4993.01 -2496.51 -2496.51
5001.61 -2500.8 -2500.8
5010.04 -2505.02 -2505.02
5018.31 -2509.16 -2509.16
5026.44 -2513.22 -2513.22
5034.43 -2517.22 -2517.22
4912.61 -2456.31 -2456.31
4729.98 -2365.06 -2365.06
4608.4 -2304.2 -2304.2
4487.02 -2243.51 -2243.51
4365.82 -2182.91 -2182.91
4244.8 -2122.4 -2122.4
4123.99 -2062 -2062
4003.42 -2001.71 -2001.71
3883.12 -1941.57 -1941.57
3763.11 -1881.56 -1881.56
3643.43 -1821.72 -1821.72
3524.11 -1762.06 -1762.06
3405.18 -1702.6 -1702.6
3286.67 -1643.35 -1643.35
3168.63 -1584.33 -1584.33
3051.12 -1525.58 -1525.58
2934.13 -1467.09 -1467.09
2817.68 -1408.86 -1408.86
2701.82 -1350.93 -1350.93
2586.65 -1293.35 -1293.35
2472.2 -1236.13 -1236.13
2358.36 -1179.22 -1179.22
2245.14 -1122.61 -1122.61
2132.61 -1066.35 -1066.35
2020.71 -1010.4 -1010.4
1909.4 -954.747 -954.747
1798.61 -899.356 -899.356
1688.27 -844.191 -844.191
1578.2 -789.162 -789.162
1468.21 -734.17 -734.17
1358.13 -679.14 -679.14
1247.64 -623.901 -623.901
1136.09 -568.138 -568.138
1022.8 -511.505 -511.505
907.192 -453.718 -453.718
789.001 -394.639 -394.639
668.725 -334.518 -334.518
547.657 -274.002 -274.002
426.148 -213.262 -213.262
306.199 -153.299 -153.299
188.537 -94.4906 -94.4906
75.4274 -37.9559 -37.9559
-33.6056 16.5581 16.5581
-136.856 68.1709 68.1709
-236.094 117.762 117.762
-332.172 165.794 165.794
-410.741 204.537 204.537
-482.309 240.44 240.44
-550.033 274.368 274.368
-612.722 305.684 305.684
-671.434 334.909 334.909
-726.965 362.638 362.638
-779.936 389.115 389.115
-829.364 413.819 413.819
-876.812 437.606 437.606
-922.297 460.395 460.395
-965.94 482.235 482.235
-1007.93 503.242 503.242
-1048.37 523.459 523.459
-1087.39 542.977 542.977
-1125.26 561.907 561.907
-1162.85 580.684 580.684
-1199.39 598.915 598.915
-1235.06 616.747 616.747
-1269.8 634.069 634.069
-1303.48 650.899 650.899
-1336.09 668.046 668.046
-1367.78 683.888 683.888
-1398.54 699.268 699.268
-1428.42 714.208 714.208
-1457.45 728.725 728.725
-1485.68 742.842 742.842
-1513.29 756.645 756.645
-1540.72 770.36 770.36
-1567.94 783.97 783.97
-1594.53 797.265 797.265
-1620.61 810.306 810.306
-1646.11 823.053 823.053
-1670.93 835.465 835.465
-1695.08 847.54 847.54
-1718.64 859.318 859.318
-1742.92 871.461 871.461
-1767.65 883.824 883.824
-1792.06 896.03 896.03
-1815.91 907.956 907.956
-1839.09 919.545 919.545
-1861.63 930.815 930.815
-1883.53 941.767 941.767
-1904.82 952.41 952.41
-1925.52 962.759 962.759
-1945.64 972.821 972.821
-1965.21 982.606 982.606
-1986.88 993.429 993.429
-2011.95 1005.98 1005.98
-2036.7 1018.35 1018.35
-2066.48 1033.24 1033.24
-2152.1 1076.06 1076.06
-2250.18 1125.09 1125.09
-2351.69 1175.84 1175.84
-2453.25 1226.62 1226.62
-2553.73 1276.86 1276.86
-2652.53 1326.27 1326.27
-2749.46 1374.73 1374.73
-2844.42 1422.21 1422.21
-2937.4 1468.7 1468.7
-3028.33 1514.17 1514.17
-3117.07 1558.54 1558.54
-3203.36 1601.68 1601.68
-3286.86 1643.43 1643.43
-3367.38 1683.69 1683.69
-3445.02 1722.51 1722.51
-3519.66 1759.83 1759.83
-3591.24 1795.62 1795.62
-3659.87 1829.94 1829.94
-3725.42 1862.71 1862.71
-3787.57 1893.79 1893.79
-3846.31 1923.15 1923.15
-3901.71 1950.86 1950.86
-3953.81 1976.91 1976.91
-4002.75 2001.37 2001.37
-4048.75 2024.37 2024.37
-4092.1 2046.05 2046.05
-4133.16 2066.58 2066.58
-4172.06 2086.03 2086.03
-4208.84 2104.42 2104.42
-4243.69 2121.85 2121.85
-4276.8 2138.4 2138.4
-4308.24 2154.12 2154.12
-4338.11 2169.05 2169.05
-4366.51 2183.25 2183.25
-4393.61 2196.8 2196.8
-4419.55 2209.77 2209.77
-4444.46 2222.23 2222.23
-4468.42 2234.21 2234.21
-4491.47 2245.73 2245.73
-4513.68 2256.84 2256.84
-4535.1 2267.55 2267.55
-4555.78 2277.89 2277.89
-4575.73 2287.87 2287.87
-4595.01 2297.51 2297.51
-4613.67 2306.84 2306.84
-4631.74 2315.87 2315.87
-4649.24 2324.62 2324.62
-4666.2 2333.1 2333.1
-4682.65 2341.33 2341.33
-4698.63 2349.32 2349.32
-4714.16 2357.08 2357.08
-4729.26 2364.63 2364.63
-4743.94 2371.97 2371.97
-4758.23 2379.12 2379.12
-4772.14 2386.07 2386.07
-4785.69 2392.85 2392.85
-4798.89 2399.45 2399.45
-4811.76 2405.88 2405.88
-4824.31 2412.16 2412.16
-4836.56 2418.28 2418.28
-4848.52 2424.26 2424.26
-4860.21 2430.11 2430.11
-4871.64 2435.82 2435.82
-4882.82 2441.41 2441.41
-4893.76 2446.88 2446.88
-4772.23 2386.11 2386.11
-4590.07 2295.07 2295.07
-4468.74 2234.37 2234.37
-4347.53 2173.76 2173.76
-4226.53 2113.27 2113.27
-4105.73 2052.87 2052.87
-3985.16 1992.58 1992.58
-3864.83 1932.42 1932.42
-3744.97 1872.48 1872.48
-3625.47 1812.74 1812.74
-3506.32 1753.15 1753.15
-3387.6 1693.81 1693.81
-3269.32 1634.65 1634.65
-3151.46 1575.74 1575.74
-3034.06 1517.01 1517.01
-2917.22 1458.63 1458.63
-2800.93 1400.44 1400.44
-2685.2 1342.62 1342.62
-2570.04 1284.99 1284.99
-2455.44 1227.74 1227.74
-2341.56 1170.75 1170.75
-2228.25 1114.16 1114.16
-2115.58 1057.75 1057.75
-2003.61 1001.84 1001.84
-1892.2 946.055 946.055
-1781.65 890.874 890.874
-1671.46 835.674 835.674
-1561.37 780.737 780.737
-1451.57 725.723 725.723
-1341.57 670.854 670.854
-1230.85 615.346 615.346
-1118.96 559.571 559.571
-1005.34 502.57 502.57
-889.235 444.731 444.731
-770.5 385.124 385.124
-649.06 324.681 324.681
-528.031 263.835 263.835
-414.906 207.612 207.612
-315.823 157.581 157.581
-223.936 112.213 112.213
-137.644 68.4885 68.4885
-56.9696 28.8236 28.8236
18.481 -9.56694 -9.56694
87.1444 -42.899 -42.899
152.683 -76.8535 -76.8535
217.436 -108.13 -108.13
280.378 -140.853 -140.853
341.555 -170.101 -170.101
400.623 -201.006 -201.006
457.838 -228.211 -228.211
513.033 -257.248 -257.248
566.5 -282.513 -282.513
618.056 -309.781 -309.781
667.969 -333.226 -333.226
716.002 -358.781 -358.781
762.431 -380.444 -380.444
807.107 -404.341 -404.341
850.348 -424.389 -424.389
891.998 -446.801 -446.801
932.356 -465.368 -465.368
971.297 -486.5 -486.5
1010 -504.172 -504.172
1047.44 -524.635 -524.635
1084.01 -541.087 -541.087
1119.51 -560.764 -560.764
1154 -576 -576
1187.26 -594.679 -594.679
1219.6 -608.765 -608.765
1250.8 -626.458 -626.458
1281.15 -640.574 -640.574
1310.54 -655.271 -655.271
1339.06 -669.528 -669.528
1366.73 -683.365 -683.365
1393.6 -696.8 -696.8
1419.7 -709.85 -709.85
1445.06 -722.529 -722.529
1469.7 -734.852 -734.852
1493.67 -746.834 -746.834
1516.97 -758.485 -758.485
1539.63 -769.816 -769.816
1561.66 -780.829 -780.829
1583.1 -791.549 -791.549
1604.12 -802.061 -802.061
1625.07 -812.535 -812.535
1645.73 -822.866 -822.866
1665.98 -832.992 -832.992
1685.73 -842.867 -842.867
1704.99 -852.497 -852.497
1723.77 -861.883 -861.883
1742.07 -871.035 -871.035
1759.94 -879.968 -879.968
1777.51 -888.753 -888.753
1796.1 -898.053 -898.053
1814.73 -907.363 -907.363
1832.96 -916.48 -916.48
1850.81 -925.404 -925.404
1868.51 -934.256 -934.256
1885.98 -942.988 -942.988
1903 -951.502 -951.502
1919.64 -959.821 -959.821
1936.19 -968.097 -968.097
1957.32 -978.66 -978.66
1978.47 -989.237 -989.237
1999.32 -999.66 -999.66
2028.14 -1014.08 -1014.08
2101.17 -1050.59 -1050.59
2181.94 -1090.97 -1090.97
2266.99 -1133.5 -1133.5
2351.84 -1175.92 -1175.92
2435.34 -1217.67 -1217.67
2517.31 -1258.66 -1258.66
2597.68 -1298.84 -1298.84
2676.42 -1338.21 -1338.21
2753.56 -1376.78 -1376.78
2829.06 -1414.53 -1414.53
2902.95 -1451.47 -1451.47
2975.19 -1487.59 -1487.59
3045.77 -1522.89 -1522.89
3114.69 -1557.35 -1557.35
3181.94 -1590.97 -1590.97
3247.51 -1623.76 -1623.76
3311.41 -1655.71 -1655.71
3373.65 -1686.82 -1686.82
3434.22 -1717.11 -1717.11
3493.13 -1746.57 -1746.57
3550.39 -1775.19 -1775.19
3605.99 -1802.99 -1802.99
3659.96 -1829.98 -1829.98
3712.3 -1856.15 -1856.15
3763.03 -1881.52 -1881.52
3812.18 -1906.09 -1906.09
3859.76 -1929.88 -1929.88
3905.79 -1952.89 -1952.89
3950.3 -1975.15 -1975.15
3993.33 -1996.66 -1996.66
4034.89 -2017.45 -2017.45
4075.03 -2037.52 -2037.52
4113.79 -2056.89 -2056.89
4151.19 -2075.59 -2075.59
4187.27 -2093.64 -2093.64
4222.08 -2111.04 -2111.04
4255.65 -2127.82 -2127.82
4288.02 -2144.01 -2144.01
4319.23 -2159.61 -2159.61
4349.31 -2174.66 -2174.66
4378.32 -2189.16 -2189.16
4406.29 -2203.15 -2203.15
4433.28 -2216.64 -2216.64
4459.33 -2229.66 -2229.66
4484.49 -2242.24 -2242.24
4508.81 -2254.4 -2254.4
4532.32 -2266.16 -2266.16
4555.08 -2277.54 -2277.54
4577.11 -2288.55 -2288.55
4598.45 -2299.22 -2299.22
4619.12 -2309.56 -2309.56
4639.18 -2319.59 -2319.59
4658.62 -2329.31 -2329.31
4677.47 -2338.74 -2338.74
4695.77 -2347.89 -2347.89
4713.55 -2356.78 -2356.78
4730.84 -2365.42 -2365.42
4747.65 -2373.82 -2373.82
4764 -2382 -2382
4779.92 -2389.96 -2389.96
4795.42 -2397.71 -2397.71
4810.51 -2405.25 -2405.25
4825.21 -2412.61 -2412.61
4839.55 -2419.77 -2419.77
4853.51 -2426.76 -2426.76
4867.03 -2433.52 -2433.52
4880.21 -2440.1 -2440.1
4893.04 -2446.52 -2446.52
4905.54 -2452.77 -2452.77
4917.72 -2458.86 -2458.86
4929.6 -2464.8 -2464.8
4941.19 -2470.59 -2470.59
4952.51 -2476.25 -2476.25
4963.59 -2481.79 -2481.79
4974.41 -2487.2 -2487.2
4984.99 -2492.49 -2492.49
4864.01 -2432 -2432
4682.69 -2341.36 -2341.36
4561.96 -2280.98 -2280.98
4441.38 -2220.69 -2220.69
4321.01 -2160.51 -2160.51
4200.89 -2100.44 -2100.44
4081.04 -2040.52 -2040.52
3961.51 -1980.76 -1980.76
3842.37 -1921.19 -1921.19
3723.65 -1861.83 -1861.83
3605.38 -1802.69 -1802.69
3487.69 -1743.85 -1743.85
3370.55 -1685.29 -1685.29
3254.07 -1627.05 -1627.05
3138.17 -1569.1 -1569.1
3022.86 -1511.44 -1511.44
2908.18 -1454.1 -1454.1
2794.23 -1397.13 -1397.13
2681.1 -1340.57 -1340.57
2568.72 -1284.38 -1284.38
2457.15 -1228.6 -1228.6
2346.36 -1173.21 -1173.21
2236.48 -1118.27 -1118.27
2127.61 -1063.84 -1063.84
2019.52 -1009.79 -1009.79
1912.26 -956.165 -956.165
1805.78 -902.926 -902.926
1700.28 -850.184 -850.184
1595.31 -797.7 -797.7
1490.75 -745.426 -745.426
1386.64 -693.377 -693.377
1282.89 -641.509 -641.509
1179.11 -589.628 -589.628
1074.89 -537.524 -537.524
969.875 -485.03 -485.03
863.735 -431.969 -431.969
756.474 -378.35 -378.35
648.705 -324.48 -324.48
541.096 -270.682 -270.682
435.062 -217.69 -217.69
333.521 -166.923 -166.923
238.775 -119.54 -119.54
152.601 -76.4575 -76.4575
71.7296 -35.8617 -35.8617
-5.00307 2.30922 2.30922
-79.8715 39.6752 39.6752
-148.104 73.7974 73.7974
-212.172 105.81 105.81
-269.381 134.01 134.01
-323.647 161.188 161.188
-375.855 187.324 187.324
-426.318 212.601 212.601
-475.618 237.259 237.259
-523.438 261.158 261.158
-570.092 284.471 284.471
-615.489 307.15 307.15
-659.508 329.15 329.15
-702.153 350.454 350.454
-743.415 371.086 371.086
-783.476 391.09 391.09
-823.074 410.863 410.863
-861.522 430.043 430.043
-898.744 448.613 448.613
-934.771 466.611 466.611
-969.637 484.018 484.018
-1003.4 500.891 500.891
-1036.07 518.036 518.036
-1067.77 533.885 533.885
-1098.51 549.255 549.255
-1128.34 564.169 564.169
-1157.3 578.648 578.648
-1185.42 592.711 592.711
-1212.75 606.377 606.377
-1239.33 619.664 619.664
-1265.18 632.588 632.588
-1290.33 645.166 645.166
-1314.82 657.409 657.409
-1338.67 669.333 669.333
-1361.9 680.949 680.949
-1384.54 692.268 692.268
-1406.61 703.304 703.304
-1428.13 714.065 714.065
-1449.13 724.563 724.563
-1469.84 734.921 734.921
-1490.41 745.206 745.206
-1510.55 755.277 755.277
-1530.29 765.144 765.144
-1549.66 774.828 774.828
-1568.6 784.3 784.3
-1587.12 793.559 793.559
-1605.2 802.6 802.6
-1622.86 811.431 811.431
-1640.13 820.065 820.065
-1657.01 828.506 828.506
-1673.51 836.757 836.757
-1689.65 844.823 844.823
-1705.42 852.712 852.712
-1720.86 860.43 860.43
-1735.96 867.982 867.982
-1750.75 875.374 875.374
-1765.22 882.611 882.611
-1779.39 889.696 889.696
-1793.27 896.636 896.636
-1806.87 903.434 903.434
-1820.19 910.095 910.095
-1833.25 916.623 916.623
-1846.05 923.023 923.023
-1858.59 929.297 929.297
-1870.9 935.451 935.451
-1883.08 941.539 941.539
-1895.45 947.724 947.724
-1907.65 953.825 953.825
-1919.67 959.837 959.837
-1931.5 965.748 965.748
-1943.11 971.554 971.554
-1954.52 977.258 977.258
-1965.72 982.861 982.861
-1976.73 988.365 988.365
-1987.55 993.774 993.774
-1998.94 999.469 999.469
-2010.96 1005.48 1005.48
-2022.85 1011.42 1011.42
-2034.69 1017.34 1017.34
-2046.52 1023.26 1023.26
-2058.16 1029.08 1029.08
-2074.87 1037.43 1037.43
-2112.64 1056.32 1056.32
-2179.54 1089.77 1089.77
-2255.33 1127.67 1127.67
-2334.3 1167.15 1167.15
-2413.43 1206.71 1206.71
-2491.68 1245.84 1245.84
-2568.67 1284.34 1284.34
-2644.25 1322.13 1322.13
-2718.41 1359.21 1359.21
-2791.15 1395.58 1395.58
-2862.46 1431.23 1431.23
-2932.32 1466.16 1466.16
-3000.72 1500.36 1500.36
-3067.66 1533.83 1533.83
-3133.13 1566.56 1566.56
-3197.13 1598.57 1598.57
-3259.66 1629.83 1629.83
-3320.69 1660.35 1660.35
-3380.24 1690.12 1690.12
-3438.27 1719.13 1719.13
-3494.78 1747.39 1747.39
-3549.76 1774.88 1774.88
-3603.22 1801.61 1801.61
-3655.16 1827.58 1827.58
-3705.59 1852.79 1852.79
-3754.52 1877.26 1877.26
-3801.96 1900.98 1900.98
-3847.94 1923.97 1923.97
-3892.48 1946.24 1946.24
-3935.59 1967.79 1967.79
-3977.3 1988.65 1988.65
-4017.65 2008.82 2008.82
-4056.66 2028.33 2028.33
-4094.36 2047.18 2047.18
-4130.79 2065.4 2065.4
-4165.99 2083 2083
-4200 2100 2100
-4232.84 2116.42 2116.42
-4264.56 2132.28 2132.28
-4295.2 2147.6 2147.6
-4324.8 2162.4 2162.4
-4353.4 2176.7 2176.7
-4381.02 2190.51 2190.51
-4407.72 2203.86 2203.86
-4433.51 2216.76 2216.76
-4458.45 2229.22 2229.22
-4482.56 2241.28 2241.28
-4505.88 2252.94 2252.94
-4528.44 2264.22 2264.22
-4550.27 2275.13 2275.13
-4571.4 2285.7 2285.7
-4591.89 2295.95 2295.95
-4611.75 2305.88 2305.88
-4631.03 2315.51 2315.51
-4649.73 2324.87 2324.87
-4667.9 2333.95 2333.95
-4685.54 2342.77 2342.77
-4702.67 2351.33 2351.33
-4719.31 2359.66 2359.66
-4735.44 2367.72 2367.72
-4751.12 2375.56 2375.56
-4766.39 2383.2 2383.2
-4781.26 2390.63 2390.63
-4795.68 2397.84 2397.84
-4809.67 2404.84 2404.84
-4823.32 2411.66 2411.66
-4836.62 2418.31 2418.31
-4849.6 2424.8 2424.8
-4862.28 2431.14 2431.14
-4874.68 2437.34 2437.34
-4886.8 2443.4 2443.4
-4898.66 2449.33 2449.33
-4910.27 2455.13 2455.13
-4921.63 2460.81 2460.81
-4932.76 2466.38 2466.38
-4811.79 2405.89 2405.89
-4630.45 2315.22 2315.22
-4509.7 2254.85 2254.85
-4389.14 2194.57 2194.57
-4268.83 2134.41 2134.41
-4148.77 2074.39 2074.39
-4029 2014.5 2014.5
-3909.56 1954.78 1954.78
-3790.61 1895.3 1895.3
-3672.14 1836.07 1836.07
-3554.22 1777.11 1777.11
-3436.83 1718.41 1718.41
-3319.97 1659.99 1659.99
-3203.72 1601.86 1601.86
-3088.12 1544.06 1544.06
-2973.19 1486.6 1486.6
-2859 1429.5 1429.5
-2745.44 1372.72 1372.72
-2632.58 1316.29 1316.29
-2520.42 1260.21 1260.21
-2409 1204.5 1204.5
-2298.38 1149.19 1149.19
-2188.9 1094.45 1094.45
-2080.25 1040.13 1040.13
-1972.35 986.177 986.177
-1865.58 932.79 932.79
-1759.64 879.821 879.821
-1654.27 827.133 827.133
-1549.48 774.742 774.742
-1445.3 722.648 722.648
-1341.41 670.703 670.703
-1237.52 618.761 618.761
-1133.44 566.719 566.719
-1028.69 514.345 514.345
-922.861 461.43 461.43
-815.529 407.764 407.764
-707.313 353.657 353.657
-599.524 299.762 299.762
-497.439 248.72 248.72
-400.436 200.218 200.218
-309.599 154.799 154.799
-225.363 112.681 112.681
-146.826 73.4129 73.4129
-72.0727 36.0364 36.0364
-0.974468 0.487236 0.487236
64.1463 -32.0731 -32.0731
126.872 -63.4363 -63.4363
185.04 -92.5201 -92.5201
240.755 -120.377 -120.377
294.706 -147.353 -147.353
347.104 -173.552 -173.552
397.975 -198.987 -198.987
447.343 -223.672 -223.672
495.267 -247.633 -247.633
541.959 -270.98 -270.98
587.947 -293.973 -293.973
632.694 -316.347 -316.347
676.096 -338.048 -338.048
718.154 -359.077 -359.077
758.878 -379.439 -379.439
798.288 -399.144 -399.144
836.431 -418.216 -418.216
873.359 -436.679 -436.679
909.143 -454.572 -454.572
943.823 -471.911 -471.911
977.439 -488.72 -488.72
1010.04 -505.02 -505.02
1041.66 -520.832 -520.832
1072.35 -536.174 -536.174
1102.14 -551.069 -551.069
1131.07 -565.535 -565.535
1159.18 -579.591 -579.591
1186.51 -593.253 -593.253
1213.07 -606.537 -606.537
1238.92 -619.459 -619.459
1264.07 -632.036 -632.036
1288.56 -644.28 -644.28
1312.41 -656.203 -656.203
1335.64 -667.818 -667.818
1358.27 -679.136 -679.136
1380.34 -690.169 -690.169
1401.85 -700.926 -700.926
1422.84 -711.419 -711.419
1443.31 -721.657 -721.657
1463.29 -731.647 -731.647
1482.8 -741.4 -741.4
1501.84 -750.922 -750.922
1520.44 -760.222 -760.222
1538.61 -769.307 -769.307
1556.44 -778.221 -778.221
1574.2 -787.099 -787.099
1591.63 -795.814 -795.814
1608.7 -804.351 -804.351
1625.41 -812.706 -812.706
1641.77 -820.883 -820.883
1657.77 -828.884 -828.884
1673.43 -836.717 -836.717
1688.78 -844.388 -844.388
1703.81 -851.905 -851.905
1718.55 -859.274 -859.274
1733.01 -866.503 -866.503
