-5040 1.57968e-09 7675.53 -9.13895e-12
-5040 527500 12389.9 1.5874e-12
-5040 759411 57537.1 3.84777e-11
-5040 897942 80846.3 -4.65479e-11
-5040 1.01511e+06 97854.1 4.0419e-10
-5040 1.12327e+06 112069 4.05359e-11
-5040 1.22674e+06 124737 -3.21706e-11
-5040 1.3274e+06 136475 -6.63378e-10
-5040 1.42631e+06 147576 1.87521e-10
-5040 1.524e+06 158223 -6.48763e-12
-5040 1.62085e+06 168544 7.62833e-10
-5040 1.71708e+06 178629 -5.09072e-11
-5040 1.81285e+06 188490 -7.30952e-11
-5040 1.90824e+06 198195 1.4942e-09
-5040 2.00335e+06 207791 3.6359e-10
-5040 2.09823e+06 217229 7.72493e-11
-5040 2.1929e+06 226595 -1.38902e-09
-5040 2.28741e+06 235941 1.10455e-09
-5040 2.38177e+06 245179 -1.47696e-09
-5040 2.47596e+06 254343 -4.83346e-10
-5040 2.56994e+06 263543 1.17848e-09
-5040 2.47439e+06 253928 9.5597e-10
-5040 2.37876e+06 244258 8.10464e-10
-5040 2.28305e+06 234451 2.23439e-10
-5040 2.18724e+06 224589 -1.84043e-09
-5040 2.09129e+06 214710 -1.50937e-09
-5040 1.99518e+06 204686 -2.38308e-09
-5040 1.89885e+06 194530 -2.06764e-10
-5040 1.80224e+06 184282 9.82529e-11
-5040 1.70527e+06 173798 -1.46406e-09
-5040 1.60783e+06 163125 4.92259e-10
-5040 1.50972e+06 152148 -1.47201e-09
-5040 1.41068e+06 140784 -2.2037e-10
-5040 1.31031e+06 128913 -2.655e-10
-5040 1.20794e+06 116300 8.88909e-12
-5040 1.10233e+06 102566 7.40847e-11
-5040 991254 87037.8 -2.53215e-11
-5040 869520 68185.5 1.31758e-11
-5040 722082 41939.5 1.5474e-11
-5039.99 455376 -7959.96 -1.26872e-09
-5040 -81182.9 -9019.95 -1.00247e-09
-5040.01 -548584 16732.9 -1.0796e-09
-5040.01 -760436 57816.5 -7.39034e-12
-5040 -898250 80976.9 -1.27311e-10
-5040 -1.01526e+06 97954.9 9.08061e-11
-5040 -1.12337e+06 112158 -1.80394e-10
-5040 -1.22681e+06 124818 2.07364e-10
-5040 -1.32746e+06 136551 -1.50632e-09
-5040 -1.42636e+06 147649 -4.78594e-11
-5040 -1.52405e+06 158293 5.59316e-11
-5040 -1.62089e+06 168612 -1.95355e-09
-5040 -1.71712e+06 178695 -3.41678e-11
-5040 -1.81289e+06 188554 -4.74455e-10
-5040 -1.90828e+06 198259 -1.08499e-09
-5040 -2.00339e+06 207853 1.73527e-09
-5040 -2.09826e+06 217293 1.91751e-10
-5040 -2.19293e+06 226664 -1.13111e-09
-5040 -2.28743e+06 236021 -6.70866e-11
-5040 -2.38174e+06 245283 -1.40396e-10
-5040 -2.47587e+06 254504 1.90846e-09
-5040 -2.38024e+06 244848 2.44518e-09
-5040 -2.28454e+06 235070 1.67739e-11
-5040 -2.18873e+06 225206 4.69646e-10
-5040 -2.09279e+06 215340 -1.19271e-10
-5040 -1.99669e+06 205337 4.07456e-09
-5040 -1.90037e+06 195186 4.04379e-10
-5040 -1.80378e+06 184949 -1.29083e-09
-5040 -1.70682e+06 174490 1.26121e-09
-5040 -1.60941e+06 163849 -3.02861e-09
-5040 -1.51132e+06 152888 1.49099e-09
-5040 -1.41233e+06 141559 1.68449e-10
-5040 -1.31201e+06 129722 1.08977e-09
-5040 -1.20973e+06 117167 6.55247e-11
-5040 -1.10426e+06 103496 1.00458e-10
-5040 -993410 88046.7 3.33094e-10
-5040 -872158 69341.2 -4.10395e-10
-5040 -726320 43481.3 -6.87481e-11
-5040 -494141 -2186.71 8.35403e-11
-5040.01 -5432.6 -24556.6 -1.5e-10
-5040.01 488855 -3887.79 -5.94933e-12
-5040 723503 42337.3 -2.87611e-10
-5040 869952 68392.4 1.81327e-11
-5040 991479 87211.6 -1.24029e-09
-5040 1.10248e+06 102727 -2.56049e-10
-5040 1.20805e+06 116451 -1.02363e-10
-5040 1.3104e+06 129054 -6.09233e-12
-5040 1.41075e+06 140922 -1.58075e-09
-5040 1.50978e+06 152279 1.22858e-10
-5040 1.60789e+06 163254 -2.38446e-11
-5040 1.70533e+06 173921 -6.50826e-11
-5040 1.80229e+06 184400 -7.81707e-10
-5040 1.8989e+06 194646 -7.38204e-10
-5040 1.99522e+06 204802 8.88099e-10
-5040 2.09133e+06 214823 -1.96471e-09
-5040 2.18727e+06 224705 4.43188e-10
-5040 2.28306e+06 234587 -2.53709e-11
-5040 2.37872e+06 244427 6.85849e-11
-5040 2.47422e+06 254198 -5.4375e-10
-5040 2.56946e+06 264060 -1.05371e-10
-5040 2.6628e+06 273665 6.07287e-10
-5040 2.75523e+06 283907 -5.0203e-10
-5040 2.84584e+06 295415 3.32229e-09
-5040 2.933e+06 309357 -1.00052e-09
-5040 3.01441e+06 327039 -2.55673e-09
-5040 3.08841e+06 348321 -3.47916e-09
-5040 3.15468e+06 371446 -4.60824e-09
-5040 3.2137e+06 395176 3.21738e-09
-5039.97 3.26603e+06 418194 1.0864e-07
-5040 3.3126e+06 440445 -1.33498e-09
-5040 3.35397e+06 461085 1.63392e-09
-5040 3.39095e+06 480515 1.5328e-09
-5040 3.42413e+06 498416 -2.69137e-11
-5040 3.45412e+06 515016 4.80816e-10
-5040 3.4814e+06 530431 -1.00415e-10
-5040 3.50625e+06 544249 6.52486e-10
-5040 3.52922e+06 557274 -9.49348e-08
-5040 3.55053e+06 569388 -5.17067e-10
-5040 3.57026e+06 579915 -9.51295e-10
-5040 3.47504e+06 570610 1.14006e-10
-5040 3.37981e+06 561302 -1.28756e-09
-5040 3.28458e+06 551993 -7.94565e-10
-5040 3.18933e+06 542680 9.33341e-09
-5040 3.09407e+06 533365 9.02348e-10
-5040 2.99882e+06 524039 -3.79517e-09
-5040 2.90355e+06 514705 -1.01308e-09
-5040 2.80828e+06 505353 5.63399e-09
-5040 2.71301e+06 495979 6.90644e-09
-5040 2.61775e+06 486578 2.21586e-09
-5040 2.52249e+06 477145 -7.80966e-10
-5040 2.42723e+06 467675 1.11808e-08
-5040 2.33197e+06 458171 2.53552e-09
-5040 2.2367e+06 448622 1.28658e-09
-5040 2.14144e+06 439016 -2.16474e-09
-5040 2.04615e+06 429344 1.25936e-09
-5040 1.95083e+06 419531 8.52187e-09
-5040 1.85544e+06 409560 -4.89592e-10
-5040 1.75994e+06 399502 2.29335e-09
-5040 1.6643e+06 389333 -1.42674e-09
-5040 1.5684e+06 379055 -2.51041e-10
-5040 1.47213e+06 368635 2.40871e-10
-5040 1.37528e+06 358046 -5.79835e-10
-5040 1.27758e+06 347253 -1.08543e-09
-5040 1.17856e+06 336206 1.69394e-10
-5040 1.07745e+06 324809 -2.50131e-10
-5040 973070 312930 7.96085e-10
-5040 863401 300341 -4.16329e-10
-5040 745140 286653 -3.24447e-10
-5040 613675 271170 -4.13819e-10
-5040 464980 252757 -3.33419e-10
-5040 299335 229652 -2.79521e-10
-5040 127021 203315 -4.00705e-10
-5040 -45735.9 175807 -2.78618e-10
-5040 -221545 145217 -3.34304e-10
-5040 -398048 111609 -4.13603e-10
-5040 -554930 78021.7 -7.62945e-10
-5039.99 -676568 46690.3 2.8298e-10
-5040 -757997 35167.7 -3.07297e-10
-5040 -844101 23974.9 1.07253e-09
-5040 -922849 12797.9 -1.3702e-10
-5040 -996001 1771.31 -7.02681e-10
-5040 -1.06494e+06 -9265.25 -5.20996e-10
-5040 -1.14396e+06 -8051.44 5.3597e-09
-5039.99 -1.23589e+06 -3800.45 -2.51219e-10
-5040 -1.33535e+06 12510 3.82555e-10
-5040 -1.43396e+06 26554.3 -2.01786e-10
-5040 -1.53186e+06 38063.7 -2.94053e-09
-5040 -1.62914e+06 48387.2 -3.43456e-09
-5040 -1.72593e+06 58228.9 -7.95684e-10
-5040 -1.82234e+06 67879 -1.08984e-09
-5040 -1.91845e+06 77373.2 -1.57485e-10
-5040 -2.01432e+06 86749.8 -1.03683e-09
-5040 -2.10998e+06 96086.5 8.6428e-11
-5040 -2.20542e+06 105460 -3.63474e-10
-5040 -2.30057e+06 114935 1.12154e-10
-5040 -2.39527e+06 124612 1.26441e-09
-5040 -2.48908e+06 134838 -1.12861e-10
-5040 -2.58073e+06 146337 3.02416e-09
-5040 -2.66925e+06 159893 1.74539e-08
-5040 -2.75309e+06 175878 -5.43313e-09
-5040 -2.83125e+06 194398 -3.67606e-09
-5040 -2.90325e+06 214897 -2.15443e-10
-5040 -2.9689e+06 236145 2.2526e-09
-5040 -3.02836e+06 257327 4.42622e-10
-5039.99 -3.08265e+06 278256 2.26928e-07
-5040 -3.13299e+06 298766 5.81267e-10
-5040 -3.17966e+06 318429 -7.03192e-10
-5040 -3.22301e+06 337384 -1.13847e-09
-5040 -3.26322e+06 355552 -8.84726e-11
-5040 -3.30051e+06 372908 1.55369e-10
-5040 -3.33505e+06 389218 -6.31421e-10
-5040 -3.36704e+06 404538 -1.07546e-10
-5040 -3.39668e+06 418675 -7.94168e-10
-5040 -3.42419e+06 431928 -2.79713e-10
-5040 -3.44978e+06 444306 7.86921e-11
-5040 -3.47365e+06 455762 -1.03567e-09
-5040 -3.49604e+06 466579 1.83758e-07
-5040 -3.40085e+06 456932 1.34657e-07
-5040 -3.30566e+06 447322 1.38894e-07
-5040 -3.21045e+06 437706 1.3345e-07
-5040 -3.11524e+06 428084 1.34978e-07
-5040 -3.02004e+06 418450 1.32069e-07
-5040 -2.92483e+06 408801 1.37834e-07
-5040 -2.82962e+06 399141 1.20505e-07
-5040 -2.73442e+06 389457 1.34554e-07
-5040 -2.63923e+06 379748 1.38341e-07
-5040 -2.5441e+06 369784 1.32758e-07
-5040 -2.44903e+06 359937 1.32962e-07
-5040 -2.35398e+06 350093 1.16037e-07
-5040 -2.25894e+06 340202 1.22582e-07
-5040 -2.1639e+06 330257 1.30647e-07
-5040 -2.06885e+06 320243 1.28826e-07
-5040 -1.97379e+06 310162 1.36243e-07
-5040 -1.87868e+06 300125 1.30028e-07
-5040 -1.7835e+06 290010 1.28431e-07
-5040 -1.68818e+06 279812 1.28951e-07
-5040 -1.59268e+06 269337 1.2945e-07
-5040 -1.49687e+06 258641 1.30422e-07
-5040 -1.40059e+06 248192 1.26579e-07
-5040 -1.30358e+06 237633 1.25717e-07
-5040 -1.20555e+06 226358 1.26051e-07
-5040 -1.10569e+06 214770 1.24735e-07
-5040 -1.00298e+06 202800 1.21492e-07
-5040 -895680 190206 1.21497e-07
-5040 -780821 177126 1.19477e-07
-5040 -653848 162629 1.15629e-07
-5040 -510922 145155 1.13249e-07
-5040 -351319 125503 1.06827e-07
-5040.01 -208000 108600 9.867e-08
-5040 -91504.4 101016 9.59814e-08
-5040 18754.6 94805.1 8.62968e-08
-5040 127219 86467.3 7.59399e-08
-5040 231434 77032.6 7.0115e-08
-5040 329942 67021.6 6.81059e-08
-5040 422279 56853.5 6.50005e-08
-5040 508201 46706.8 6.18525e-08
-5040 587484 36779.2 6.06907e-08
-5040 661055 27179.8 6.22792e-08
-5040 738288 18849.6 5.05076e-08
-5040 815060 9201.78 5.05921e-08
-5040 886914 -541.432 4.46795e-08
-5040 954260 -10132.3 3.93945e-08
-5040 1.0178e+06 -19583.7 3.69481e-08
-5040 1.07799e+06 -28892.2 3.62593e-08
-5040 1.13519e+06 -38054.7 2.94678e-08
-5040 1.20289e+06 -35735.9 2.70925e-08
-5040 1.28043e+06 -25287.2 7.81444e-09
-5040 1.37377e+06 -3009.84 5.13497e-09
-5040 1.46682e+06 15945.1 -7.26077e-10
-5040 1.55911e+06 32430.6 -5.09089e-09
-5040 1.6505e+06 47417.3 -3.98789e-09
-5040 1.74095e+06 61971.6 -4.29823e-09
-5040 1.83044e+06 76526.5 -6.46039e-09
-5040 1.91896e+06 91362.4 -7.35779e-09
-5040 2.00649e+06 106426 -6.53145e-09
-5040 2.093e+06 121703 -8.69976e-09
-5040 2.17844e+06 137177 -1.03619e-08
-5040 2.26274e+06 152831 -7.36999e-09
-5040 2.34579e+06 168787 -1.03857e-08
-5040 2.4275e+06 185044 -9.48085e-09
-5040 2.50775e+06 201567 -1.04213e-08
-5040 2.58638e+06 218321 -9.61236e-09
-5040 2.66323e+06 235266 -1.25522e-08
-5040 2.7381e+06 252356 -1.3922e-08
-5040 2.81077e+06 269552 -1.28354e-08
-5040 2.88098e+06 286786 -1.39932e-08
-5039.99 2.94847e+06 303969 -2.35504e-07
-5040 3.01297e+06 321001 -1.54329e-08
-5039.99 3.07422e+06 337750 -2.2112e-07
-5039.99 3.13202e+06 354121 -3.32994e-07
-5039.99 3.18623e+06 370018 -4.12856e-07
-5040 3.23691e+06 385373 -1.62202e-08
-5040 3.28407e+06 400067 -1.60318e-08
-5040 3.32769e+06 414146 -1.81346e-08
-5040 3.36778e+06 427542 -1.93144e-08
-5040 3.40453e+06 440159 -1.70069e-08
-5040 3.43827e+06 452065 -1.91769e-08
-5040 3.46935e+06 463331 -1.86909e-08
-5040 3.49806e+06 473754 -1.84719e-08
-5040 3.5245e+06 482776 -2.2436e-08
-5040 3.54892e+06 491460 -2.71201e-07
-5040 3.57163e+06 500318 -2.18584e-08
-5040 3.59285e+06 508785 -1.96116e-08
-5040 3.61276e+06 516606 -2.35381e-08
-5040 3.63144e+06 523996 -2.06516e-08
-5040 3.64905e+06 530843 -2.25595e-08
-5040 3.66572e+06 537301 -2.54153e-08
-5040 3.68154e+06 543435 -2.64954e-08
-5040 3.69658e+06 549296 -3.98094e-07
-5040 3.71095e+06 554810 -2.77609e-08
-5040 3.72472e+06 560029 -2.43184e-07
-5040 3.74441e+06 567380 -2.0594e-08
-5040 3.75696e+06 572007 -1.94934e-08
-5040 3.76909e+06 576418 -2.62155e-08
-5040 3.78084e+06 580610 -1.84965e-08
-5040 3.79225e+06 584599 -2.28711e-08
-5040 3.80335e+06 588391 -2.62198e-08
-5040 3.81414e+06 592017 -2.37684e-08
-5040 3.82464e+06 595513 -2.19174e-08
-5040 3.83489e+06 598908 -1.76077e-08
-5040 3.8449e+06 602201 -2.15264e-08
-5040 3.85468e+06 605379 -1.86127e-08
-5040 3.86425e+06 608440 -1.6198e-08
-5040 3.87362e+06 611369 -1.61075e-08
-5040 3.88279e+06 614188 -1.4479e-08
-5040 3.89176e+06 616866 -1.41224e-08
-5040 3.90049e+06 619380 -2.47531e-08
-5040 3.90904e+06 621858 -1.75015e-08
-5040 3.91744e+06 624269 -2.20088e-08
-5040 3.92569e+06 626610 -3.09608e-08
-5040 3.93381e+06 628882 -2.02955e-08
-5040 3.94179e+06 631087 -2.74713e-08
-5040 3.94965e+06 633237 -2.01097e-08
-5040 3.95739e+06 635346 -3.56898e-08
-5040 3.96502e+06 637472 -3.04998e-08
-5040 3.97254e+06 639661 -3.70673e-08
-5039.99 3.87781e+06 630560 -3.70673e-08
-5039.91 3.7358e+06 616691 6.36791e-07
-5039.9 3.64125e+06 606926 1.00197e-07
-5039.9 3.54686e+06 597096 8.69536e-09
-5039.9 3.4526e+06 587338 -1.87419e-08
-5039.89 3.35849e+06 577563 -2.35086e-08
-5039.89 3.26453e+06 567739 -3.28816e-08
-5039.89 3.17076e+06 557863 -2.39364e-08
-5039.89 3.07719e+06 547929 -2.2739e-08
-5039.88 2.98385e+06 537932 -2.22808e-08
-5039.88 2.89075e+06 527871 -2.93472e-08
-5039.88 2.79794e+06 517743 -2.36864e-08
-5039.88 2.70542e+06 507541 -3.41827e-08
-5039.88 2.61323e+06 497261 -2.61302e-08
-5039.87 2.52138e+06 486920 -2.80321e-08
-5039.87 2.42996e+06 476778 -2.71715e-08
-5039.87 2.33893e+06 466557 -2.14065e-08
-5039.87 2.2483e+06 456250 -3.11048e-08
-5039.87 2.15813e+06 445975 -2.01438e-08
-5039.87 2.06849e+06 435709 -3.06308e-08
-5039.87 1.9794e+06 425044 -2.32091e-08
-5039.86 1.89078e+06 414270 -3.6274e-08
-5039.86 1.80262e+06 403457 -5.86734e-08
-5039.86 1.715e+06 393101 -4.39467e-08
-5039.86 1.62786e+06 382738 -4.65382e-08
-5039.85 1.54116e+06 372236 -4.98058e-08
-5039.85 1.45486e+06 361446 -5.08506e-08
-5039.85 1.3689e+06 350389 -3.48409e-08
-5039.84 1.28314e+06 339189 -4.8219e-08
-5039.84 1.19744e+06 327589 -5.36204e-08
-5039.82 1.11166e+06 315000 -3.32765e-08
-5039.82 1.02556e+06 302315 -3.30561e-08
-5039.8 938626 289600 -5.89358e-08
-5039.79 850349 276414 -4.702e-08
-5039.77 760276 262662 -3.80794e-08
-5039.74 668205 248328 -1.42267e-08
-5039.72 574518 233729 -6.36297e-08
-5039.7 480209 218950 -5.59278e-08
-5039.7 385550 204270 -6.51845e-08
-5039.7 292081 189380 -3.9425e-08
-5039.69 200366 174268 -7.2402e-09
-5039.69 112140 157664 -1.15595e-07
-5039.69 27040.8 141825 -1.19254e-07
-5039.69 -53620.6 128229 -1.0992e-07
-5039.67 -131201 115445 -3.84384e-08
-5039.7 -206363 102599 5.79717e-08
-5039.82 -268041 92254.2 2.42143e-07
-5039.76 -324404 86226.1 -2.0966e-07
-5039.72 -377815 80997.4 -7.40148e-07
-5039.72 -427350 75484.9 -1.07311e-06
-5039.76 -473820 69486.6 -1.76277e-06
-5039.77 -517853 63756.8 -2.4647e-06
-5039.77 -559921 58037.1 -2.82781e-06
-5039.79 -599265 52428.4 -2.323e-06
-5039.79 -637095 46926.5 -2.77847e-06
-5039.8 -673412 41535.7 -2.87538e-06
-5039.8 -708311 36253.4 -2.84899e-06
-5039.8 -741937 31069.4 -3.16971e-06
-5039.8 -774373 25982.2 -3.10357e-06
-5039.81 -805716 20986.9 -2.48167e-06
-5039.82 -836178 16023.9 -1.6021e-06
-5039.83 -866420 10853.8 -1.96674e-06
-5039.83 -895856 5759.81 -6.58819e-07
-5039.84 -924630 784.222 1.40483e-06
-5039.85 -952682 -4061.86 1.082e-06
-5039.86 -979917 -8807.41 -2.08446e-06
-5040 -1.00643e+06 -13464.2 3.04761e-09
-5040 -1.03214e+06 -18011.5 5.44448e-09
-5040 -1.05714e+06 -22459.7 3.28658e-08
-5040 -1.08147e+06 -26809.3 4.22968e-08
-5040 -1.10514e+06 -31059.8 2.85403e-08
-5040 -1.12821e+06 -35219.2 2.7025e-08
-5040 -1.15079e+06 -39451.1 3.03507e-08
-5040 -1.17323e+06 -43880.3 1.28882e-08
-5040 -1.19552e+06 -48361.6 1.43565e-08
-5040 -1.21733e+06 -52706.3 2.22588e-08
-5040 -1.23874e+06 -56847.7 1.51761e-08
-5040 -1.25971e+06 -60800.5 1.79686e-08
-5040 -1.28016e+06 -64607.7 1.15413e-08
-5040 -1.30009e+06 -68284.7 2.74481e-08
-5040 -1.31958e+06 -71868.6 1.58655e-08
-5040 -1.33962e+06 -76155.4 2.35639e-08
-5040 -1.36e+06 -80776.2 2.50019e-08
-5040 -1.38014e+06 -84975.7 2.5976e-08
-5040 -1.39986e+06 -88870.5 3.55843e-08
-5040 -1.41906e+06 -92557.8 3.63587e-08
-5040 -1.43776e+06 -96031.3 4.43905e-08
-5040 -1.45599e+06 -99322.1 4.4532e-08
-5040 -1.47373e+06 -102437 5.54263e-08
-5040 -1.49103e+06 -105377 5.65672e-08
-5040 -1.50789e+06 -108155 6.37615e-08
-5040 -1.52432e+06 -110774 6.75324e-08
-5040 -1.54236e+06 -113575 3.20317e-08
-5040 -1.56303e+06 -116784 3.57366e-08
-5039.99 -1.58344e+06 -119915 1.85673e-08
-5040 -1.6077e+06 -121331 3.50957e-08
-5040 -1.67472e+06 -112296 3.7195e-08
-5039.99 -1.75128e+06 -103184 4.09576e-08
-5039.98 -1.83046e+06 -88754.7 3.90869e-08
-5040 -1.90969e+06 -73152.4 4.03841e-08
-5040 -1.98808e+06 -56740.3 4.31628e-08
-5040 -2.0652e+06 -39595.5 4.24182e-08
-5040 -2.14087e+06 -21771.2 3.97258e-08
-5040 -2.21504e+06 -2767.67 4.37756e-08
-5040 -2.28768e+06 16497.7 4.19043e-08
-5040 -2.35876e+06 35624.5 4.17863e-08
-5040 -2.42816e+06 54656.6 4.31452e-08
-5040 -2.49569e+06 73597.6 4.55319e-08
-5040 -2.56107e+06 92437.8 4.57273e-08
-5040 -2.62418e+06 111170 4.53936e-08
-5040 -2.68507e+06 129749 3.84663e-08
-5040 -2.74367e+06 148120 1.15886e-07
-5040 -2.79993e+06 166236 1.5884e-07
-5040 -2.85393e+06 184110 1.70195e-07
-5040 -2.90557e+06 201461 4.77646e-08
-5040 -2.9546e+06 217490 4.93598e-08
-5040 -3.00102e+06 233086 4.81554e-08
-5040 -3.04488e+06 248233 4.76615e-08
-5040 -3.08621e+06 262912 4.5992e-08
-5040 -3.12512e+06 277115 4.60636e-08
-5040 -3.16178e+06 290844 4.57553e-08
-5040 -3.19641e+06 303993 4.05407e-08
-5040 -3.22928e+06 316603 4.07889e-08
-5040 -3.2605e+06 328857 4.09204e-08
-5040 -3.29009e+06 340695 3.67146e-08
-5040 -3.31821e+06 351992 3.70043e-08
-5040 -3.34499e+06 362710 3.52411e-08
-5040 -3.37049e+06 372930 3.2693e-08
-5040 -3.39478e+06 382756 3.38443e-08
-5040 -3.41795e+06 392114 3.04227e-08
-5040 -3.44012e+06 401090 3.21429e-08
-5040 -3.46141e+06 409703 3.14979e-08
-5040 -3.48191e+06 418017 3.24207e-08
-5040 -3.50167e+06 426058 3.25315e-08
-5040 -3.52074e+06 433826 3.00245e-08
-5040 -3.53917e+06 441335 2.83337e-08
-5040 -3.557e+06 448600 2.76228e-08
-5040 -3.57424e+06 455607 2.65866e-08
-5040 -3.59094e+06 462340 2.97367e-08
-5040 -3.60712e+06 468837 2.58007e-08
-5040 -3.62283e+06 475103 2.5505e-08
-5040 -3.63808e+06 481139 2.81293e-08
-5040 -3.6529e+06 486939 2.8283e-08
-5040 -3.6673e+06 492545 3.04807e-08
-5040 -3.68131e+06 497969 3.05196e-08
-5040 -3.69496e+06 503218 2.54745e-08
-5040 -3.70826e+06 508305 2.90404e-08
-5040 -3.72123e+06 513244 2.62598e-08
-5040 -3.73389e+06 518036 2.82187e-08
-5040 -3.74624e+06 522692 2.10422e-08
-5040 -3.7583e+06 527214 2.37667e-08
-5040 -3.77009e+06 531639 2.59218e-08
-5040 -3.78161e+06 535927 2.14932e-08
-5040 -3.79287e+06 539875 2.40769e-08
-5040 -3.80389e+06 543655 2.47522e-08
-5040 -3.81468e+06 547317 2.51509e-08
-5040 -3.82524e+06 550868 2.44847e-08
-5040 -3.8356e+06 554312 2.20251e-08
-5040 -3.84576e+06 557654 2.45336e-08
-5040 -3.85573e+06 560900 1.83414e-08
-5040 -3.86551e+06 564052 2.2412e-08
-5040 -3.771e+06 554438 1.80581e-08
-5039.92 -3.62935e+06 540007 -4.26493e-07
-5040.1 -3.53497e+06 530359 1.78296e-07
-5039.89 -3.44073e+06 520681 -5.57518e-08
-5040.11 -3.34661e+06 511194 4.60242e-08
-5039.88 -3.25268e+06 501767 7.98586e-09
-5040.12 -3.15888e+06 492292 2.71729e-08
-5039.88 -3.06532e+06 482741 1.11437e-08
-5040.12 -2.97207e+06 472838 1.18547e-08
-5039.87 -2.87913e+06 462916 1.51252e-08
-5040.13 -2.78643e+06 452937 1.62517e-08
-5039.87 -2.6941e+06 442906 -5.90228e-10
-5040.13 -2.60204e+06 432905 3.02063e-08
-5039.87 -2.51037e+06 422914 -2.59252e-09
-5040.14 -2.419e+06 412841 3.13045e-08
-5039.87 -2.32811e+06 403240 7.30149e-09
-5040.14 -2.23758e+06 393761 -1.56392e-08
-5039.87 -2.14754e+06 384204 1.24694e-08
-5040.15 -2.05787e+06 374546 -1.62894e-08
-5039.86 -1.9687e+06 364792 -1.65106e-08
-5040.15 -1.88001e+06 354932 5.23244e-08
-5039.86 -1.79183e+06 344980 3.71204e-08
-5040.16 -1.70406e+06 335022 1.07302e-07
-5039.85 -1.6169e+06 325036 1.74691e-08
-5040.16 -1.53009e+06 314971 9.19477e-09
-5039.84 -1.44401e+06 304146 6.47172e-08
-5040.18 -1.35812e+06 293028 6.23232e-08
-5039.84 -1.27239e+06 281725 2.85795e-08
-5040.19 -1.18679e+06 269875 7.09278e-08
-5039.82 -1.10112e+06 257748 5.20838e-08
-5040.22 -1.01478e+06 245381 6.71657e-08
-5039.79 -927639 233661 1.82198e-09
-5040.25 -839040 221803 9.67778e-08
-5039.74 -748647 209802 3.36945e-08
-5040.29 -656080 197498 5.44036e-08
-5039.7 -561571 184410 4.54085e-09
-5040.31 -467201 170697 2.12477e-07
-5039.7 -379061 154547 4.59302e-10
-5040.28 -301521 141199 1.28814e-07
-5039.7 -229695 129593 -2.37157e-07
-5040.26 -161973 117440 1.17994e-07
-5039.73 -98751.6 105855 2.67257e-07
-5040.26 -39345.6 97871 -3.28053e-09
-5039.76 14628.2 92446.9 1.28977e-07
-5040.24 66480.9 87627.5 -2.152e-07
-5039.76 117450 82910.5 -2.98141e-07
-5040.24 167322 78157.1 4.26154e-07
-5039.76 215523 73446.4 4.18271e-07
-5040.23 262432 68740.5 4.54209e-07
-5039.77 307585 64107.4 9.20711e-09
-5040.23 351526 59484.6 2.80039e-07
-5039.77 393796 54945.1 -4.29954e-07
-5040.21 434946 50424.8 7.69305e-07
-5039.79 474487 46002.6 -1.63008e-06
-5040.21 512933 41606 3.64397e-06
-5039.8 549793 37298.9 -2.23202e-06
-5040.2 585662 33030.8 4.30031e-06
-5039.8 620070 28877.7 -4.34325e-06
-5040.19 653616 24760.3 5.77707e-06
-5039.81 685806 20759.4 -5.88198e-06
-5040.18 717276 16773.4 5.58027e-06
-5039.82 748192 12630.9 -6.25024e-06
-5040.17 778519 8505.67 5.98982e-06
-5039.84 807780 4517.74 -7.12697e-06
-5040.15 836626 617.021 8.76069e-06
-5039.86 864287 -3146.37 -8.03194e-06
-5040.14 891424 -6861.7 1.34639e-05
-5039.86 917423 -10446.6 -1.35225e-05
-5040.13 942980 -13991 1.96933e-05
-5040 967555 -17416.4 1.28634e-08
-5040 991508 -20770.8 -9.99503e-09
-5040 1.01479e+06 -24043.9 -4.27394e-09
-5040 1.03742e+06 -27236.5 -1.21242e-08
-5040 1.05944e+06 -30349.5 -9.94262e-09
-5040 1.08086e+06 -33384 5.85889e-09
-5040 1.10172e+06 -36341.1 4.97737e-09
-5040 1.12203e+06 -39221.6 6.15532e-09
-5040 1.14182e+06 -42026.6 4.39268e-09
-5040 1.1611e+06 -44756.5 1.04076e-08
-5040 1.17989e+06 -47473.6 4.74036e-09
-5040 1.19819e+06 -50270.9 8.14898e-09
-5040 1.21604e+06 -52987.7 1.1873e-08
-5040 1.23357e+06 -55714.5 8.36287e-09
-5040 1.25105e+06 -58644.1 8.5685e-09
-5040 1.26831e+06 -61625.4 2.16857e-09
-5040 1.28525e+06 -64508.6 -6.31404e-09
-5040 1.30182e+06 -67304.7 -2.11725e-08
-5040 1.318e+06 -70011.5 -2.09659e-08
-5040 1.33381e+06 -72629.4 -1.72084e-08
-5040 1.34926e+06 -75159.4 -3.37135e-08
-5040 1.36438e+06 -77598.7 -2.47201e-08
-5040 1.37927e+06 -80005.1 5.10492e-09
-5040 1.39495e+06 -82891.7 1.23006e-09
-5040 1.41066e+06 -85875 -7.97077e-09
-5040 1.42606e+06 -88746 5.39052e-09
-5040 1.44117e+06 -91484.3 6.0606e-09
-5040 1.45617e+06 -93960.5 4.77101e-11
-5040 1.47099e+06 -96189.5 -2.05709e-08
-5040 1.48548e+06 -98310.1 -2.74694e-08
-5040 1.49966e+06 -100310 -5.63179e-10
-5040 1.51378e+06 -102224 -3.62077e-09
-5040 1.53141e+06 -104383 -6.07937e-09
-5040 1.54906e+06 -106540 -4.95475e-09
-5040 1.56648e+06 -108677 -4.08085e-09
-5040 1.59e+06 -109155 -4.65945e-09
-5040 1.64738e+06 -100965 -4.9317e-09
-5039.99 1.71068e+06 -91200.3 -5.66006e-09
-5040 1.77725e+06 -78117.2 -6.87076e-09
-5040 1.84368e+06 -62903.8 -5.78714e-09
-5040 1.90906e+06 -47130.3 -8.00652e-09
-5040 1.97327e+06 -31022.7 -5.75475e-09
-5040 2.03625e+06 -14712.2 -7.21737e-09
-5040 2.098e+06 1586.32 -7.57858e-09
-5040 2.1585e+06 17825 -7.7254e-09
-5040 2.21776e+06 33970.9 -7.8116e-09
-5040 2.27577e+06 50048 -6.43111e-09
-5040 2.33253e+06 65999.7 -8.1158e-09
-5040 2.38802e+06 81835.4 -8.64771e-09
-5040 2.44223e+06 97610.8 -8.40776e-09
-5040 2.49516e+06 113238 -2.26866e-07
-5040 2.54681e+06 128700 -9.17579e-09
-5040 2.59718e+06 144000 -6.48228e-08
-5040 2.64627e+06 159137 -2.61941e-07
-5040 2.69409e+06 174096 -7.57833e-09
-5040 2.74064e+06 188851 -9.74656e-09
-5040 2.78591e+06 203360 -9.06039e-08
-5040 2.82993e+06 217592 -1.94219e-07
-5040 2.87269e+06 231537 -9.74649e-09
-5040 2.9142e+06 245185 -1.04766e-08
-5040 2.95448e+06 258527 -8.33573e-09
-5040 2.99355e+06 271558 -9.19461e-09
-5040 3.03141e+06 284271 -8.8677e-09
-5040 3.06809e+06 296661 -1.19982e-08
-5040 3.10361e+06 308724 -1.11235e-08
-5040 3.13798e+06 320458 -9.02661e-09
-5040 3.17124e+06 331862 -1.01984e-08
-5040 3.20341e+06 342934 -8.56231e-09
-5040 3.23451e+06 353677 -1.1093e-08
-5040 3.26458e+06 364091 -1.29133e-08
-5040 3.29364e+06 374180 -1.26412e-08
-5040 3.32172e+06 383947 -1.39337e-08
-5040 3.34886e+06 393395 -1.357e-08
-5040 3.37507e+06 402530 -1.3522e-08
-5040 3.4004e+06 411387 -1.1394e-08
-5040 3.42486e+06 420069 -1.16712e-08
-5040 3.4485e+06 428531 -1.19474e-08
-5040 3.47134e+06 436733 -1.35215e-08
-5040 3.49343e+06 444670 -1.16592e-08
-5040 3.5148e+06 452353 -9.81572e-09
-5040 3.53549e+06 459794 -1.26724e-08
-5040 3.55554e+06 467002 -1.06436e-08
-5040 3.57497e+06 473986 -1.00638e-08
-5040 3.59382e+06 480747 -1.11398e-08
-5040 3.61211e+06 487228 -9.83517e-09
-5040 3.62987e+06 493521 -1.17125e-08
-5040 3.64712e+06 499643 -1.77433e-08
-5040 3.6639e+06 505611 -1.03573e-08
-5040 3.68021e+06 511428 -1.56842e-08
-5040 3.69606e+06 516823 -1.29884e-08
-5040 3.71149e+06 521962 -1.66021e-08
-5040 3.72653e+06 526939 -1.0113e-08
-5040 3.74118e+06 531759 -1.06767e-08
-5040 3.75547e+06 536425 -1.16879e-08
-5040 3.76941e+06 540945 -1.59472e-08
-5040 3.78301e+06 545324 -1.05688e-08
-5040 3.79629e+06 549650 -1.27065e-08
-5040 3.80926e+06 553918 -1.15962e-08
-5040 3.82194e+06 558046 -8.77836e-09
-5040 3.83433e+06 562038 -1.26832e-08
-5040 3.84643e+06 565850 -1.15719e-08
-5040 3.8582e+06 569582 -1.74647e-08
-5040 3.8697e+06 573303 -2.83504e-09
-5040 3.88093e+06 577103 -5.79495e-09
-5040 3.89191e+06 580867 -1.19763e-09
-5040 3.90265e+06 584498 -9.91583e-09
-5040 3.91315e+06 587884 -3.49937e-09
-5040 3.92344e+06 591087 -1.29038e-08
-5040 3.93351e+06 594158 -9.99952e-09
-5040 3.9434e+06 597147 -1.71994e-08
-5040 3.95309e+06 600131 -1.89406e-08
-5040 3.9626e+06 603022 -8.39033e-09
-5039.98 3.86852e+06 593442 -2.3014e-10
-5039.91 3.72751e+06 579046 1.50757e-06
-5039.9 3.63361e+06 569417 8.16844e-07
-5039.9 3.53984e+06 559757 5.1647e-07
-5039.89 3.44622e+06 550062 3.28906e-07
-5039.89 3.35278e+06 540326 1.77334e-07
-5039.89 3.25956e+06 530545 6.8507e-08
-5039.89 3.16659e+06 520713 6.09397e-08
-5039.88 3.07391e+06 510872 2.89384e-08
-5039.88 2.98155e+06 501038 1.03413e-08
-5039.88 2.88954e+06 491277 -1.11865e-08
-5039.88 2.79798e+06 482096 -5.31159e-08
-5039.87 2.70683e+06 472928 -3.74548e-08
-5039.87 2.61619e+06 463634 -4.13689e-08
-5039.87 2.52599e+06 454261 -1.04255e-08
-5039.87 2.43624e+06 444809 -2.64597e-09
-5039.87 2.34698e+06 435276 -3.31518e-09
-5039.87 2.25828e+06 425885 -1.45414e-08
-5039.86 2.1702e+06 416650 -4.40109e-08
-5039.86 2.0827e+06 407313 4.3587e-09
-5039.86 1.99582e+06 397716 9.15629e-08
-5039.86 1.90953e+06 388003 7.79067e-09
-5039.85 1.82393e+06 377951 2.09987e-08
-5039.85 1.73912e+06 367409 -1.04089e-08
-5039.85 1.65489e+06 356764 2.46215e-08
-5039.84 1.5713e+06 346068 6.76877e-08
-5039.84 1.4883e+06 335313 4.93372e-08
-5039.83 1.40606e+06 324010 5.42872e-08
-5039.82 1.32421e+06 312554 5.29537e-08
-5039.82 1.24268e+06 300933 1.04865e-07
-5039.81 1.16148e+06 289127 2.53904e-08
-5039.8 1.08055e+06 277607 9.84768e-08
-5039.79 999586 266637 1.46206e-07
-5039.78 918274 255639 5.93829e-08
-5039.76 836342 244694 1.62133e-07
-5039.75 753532 233423 2.71078e-07
-5039.72 669849 221793 9.67693e-08
-5039.7 585765 209785 1.13668e-07
-5039.7 501792 197592 -5.30837e-08
-5039.67 419020 184645 -4.56303e-07
-5039.67 339688 169954 -6.21996e-07
-5039.68 265568 157236 -3.66618e-07
-5039.7 198031 146378 -1.98619e-07
-5039.67 134552 135740 -7.64752e-07
-5039.69 74275 125547 -8.58192e-07
-5039.7 15417.7 114699 -3.67327e-07
-5039.69 -38352.6 104748 -1.01641e-06
-5039.7 -88924.2 96692 -9.99274e-07
-5039.74 -134199 90371 -9.63198e-07
-5039.75 -177257 85117.6 -1.03806e-06
-5039.74 -218731 80510.9 -4.15439e-07
-5039.74 -258868 76067.7 -1.32129e-06
-5039.74 -298110 71625.8 -1.81305e-06
-5039.74 -336213 67217.3 -1.93005e-06
-5039.74 -373422 62821.5 -1.35336e-06
-5039.74 -409667 58466.4 -2.56497e-06
-5039.75 -444854 54165.8 -2.88377e-06
-5039.75 -478985 49923 -3.04833e-06
-5039.75 -512056 45744.2 -3.02358e-06
-5039.76 -544203 41616.2 -2.46057e-06
-5039.76 -575995 37469.4 -4.50931e-06
-5039.77 -606902 33307.1 -6.27067e-06
-5039.77 -636868 29186.9 -8.15089e-06
-5039.78 -665917 25141 -8.84638e-06
-5039.78 -694074 21174.4 -9.81375e-06
-5039.79 -721385 17286.4 -7.15793e-06
-5040 -747953 13465.7 -6.69472e-09
-5040 -773678 9734 -9.04276e-09
-5040 -798666 6078.81 -7.84274e-09
-5040 -822954 2498.48 -6.12355e-09
-5040 -846574 -1008.07 -6.37241e-09
-5040 -869555 -4441.63 -6.5502e-09
-5040 -891925 -7803.53 -7.17334e-09
-5040 -913714 -11095 -6.00716e-09
-5040 -934946 -14317.2 -5.90576e-09
-5040 -955645 -17470.9 -7.94055e-09
-5040 -975831 -20556.9 3.35507e-08
-5040 -995527 -23576.4 -6.21099e-09
-5040 -1.01475e+06 -26529.7 -5.65087e-09
-5040 -1.03352e+06 -29417.8 -6.81096e-09
-5040 -1.05185e+06 -32241.7 -4.47724e-09
-5040 -1.06976e+06 -35001.8 -2.3602e-08
-5040 -1.08727e+06 -37699.2 -7.75005e-08
-5040 -1.10457e+06 -40427.8 -7.40946e-09
-5040 -1.12175e+06 -43222.2 -4.20585e-09
-5040 -1.1386e+06 -45961.1 -3.42781e-09
-5040 -1.15515e+06 -48627.3 -3.06078e-09
-5040 -1.17141e+06 -51205.3 -3.50903e-09
-5040 -1.18735e+06 -53706.4 4.73516e-08
-5040 -1.20296e+06 -56132.8 3.33174e-08
-5040 -1.21824e+06 -58493.4 3.3258e-08
-5040 -1.23319e+06 -60789.2 1.78782e-08
-5040 -1.24785e+06 -63017.2 1.66854e-08
-5040 -1.26221e+06 -65182.6 7.31803e-09
-5040 -1.27627e+06 -67287.1 2.5631e-09
-5040 -1.29005e+06 -69331.7 3.48829e-09
-5040 -1.30357e+06 -71317.6 -2.78976e-09
-5040 -1.31681e+06 -73245.3 -7.87792e-10
-5040 -1.32981e+06 -75115.4 -5.15736e-09
-5040 -1.34256e+06 -76929.4 -4.89013e-11
-5040 -1.35507e+06 -78688.8 1.77859e-09
-5040 -1.36735e+06 -80394.9 4.81551e-09
-5040 -1.37941e+06 -82048.8 7.94862e-10
-5040 -1.39125e+06 -83651.6 6.76157e-09
-5040 -1.40287e+06 -85204.6 7.75097e-09
-5040 -1.4143e+06 -86708.6 6.11694e-09
-5040 -1.42553e+06 -88164.6 1.0761e-08
-5040 -1.43657e+06 -89573.7 1.50762e-08
-5040 -1.44742e+06 -90937 1.74302e-08
-5040 -1.45817e+06 -92309.8 2.83229e-10
-5040 -1.46907e+06 -93888.5 -1.04108e-09
-5040 -1.47985e+06 -95448.5 3.36138e-08
-5040 -1.49048e+06 -97011 1.15157e-08
-5040 -1.50097e+06 -98563.2 6.52605e-09
-5040 -1.51129e+06 -100064 -2.75889e-09
-5040 -1.52146e+06 -101513 -4.02214e-09
-5040 -1.53147e+06 -102913 -3.80167e-08
-5040 -1.54133e+06 -104264 5.10761e-09
-5040 -1.55104e+06 -105567 -1.24981e-08
-5040 -1.5612e+06 -107073 3.11179e-09
-5040 -1.57184e+06 -108879 2.18174e-09
-5040 -1.58239e+06 -110636 3.45666e-09
-5040 -1.59289e+06 -112269 5.72677e-09
-5040 -1.60339e+06 -113723 6.15191e-09
-5040 -1.61375e+06 -115100 4.84849e-09
-5040 -1.62799e+06 -116742 5.02335e-09
-5040 -1.65836e+06 -119050 9.31536e-09
-5040 -1.71103e+06 -111177 1.3593e-09
-5040 -1.77051e+06 -101831 -2.6916e-09
-5040 -1.83243e+06 -89360 3.94012e-09
-5040 -1.89446e+06 -74066.2 4.72074e-09
-5040 -1.95582e+06 -58560.2 4.52785e-09
-5040 -2.01622e+06 -43087.9 3.36952e-08
-5040.01 -2.07553e+06 -27447.4 8.14371e-08
-5040 -2.13376e+06 -11434.5 6.08357e-09
-5040 -2.1909e+06 4908.21 5.96973e-09
-5039.99 -2.24694e+06 21370 8.01496e-10
-5040 -2.30187e+06 37688.5 -4.41131e-08
-5040 -2.35568e+06 53804.4 1.25618e-07
-5040 -2.40838e+06 69707.2 1.33118e-07
-5040 -2.45995e+06 85399.9 6.05674e-08
-5040 -2.51039e+06 100930 7.75588e-08
-5040 -2.55971e+06 116261 8.45697e-09
-5040 -2.60788e+06 131349 7.95977e-09
-5040 -2.6549e+06 146184 7.87366e-09
-5040 -2.70077e+06 160826 6.24837e-09
-5040 -2.74548e+06 175260 7.45178e-09
-5040 -2.78901e+06 189465 2.82516e-07
-5040 -2.83138e+06 203430 7.56168e-09
-5040 -2.87258e+06 217129 6.61244e-09
-5040 -2.91263e+06 230556 6.92598e-09
-5040 -2.95153e+06 243701 7.94973e-09
-5040 -2.98929e+06 256559 8.81698e-09
-5040 -3.02592e+06 269126 6.89422e-09
-5040 -3.06145e+06 281397 7.14376e-09
-5040 -3.0959e+06 293370 5.67229e-09
-5040 -3.12927e+06 305043 7.2634e-09
-5040 -3.16159e+06 316412 1.01941e-08
-5040 -3.19289e+06 327484 7.19348e-09
-5040 -3.22318e+06 338257 6.68352e-09
-5040 -3.25251e+06 348733 7.95894e-09
-5040 -3.28089e+06 358916 1.14921e-08
-5040 -3.30835e+06 368809 1.35116e-08
-5040 -3.33493e+06 378416 8.54692e-09
-5040 -3.36064e+06 387743 9.98606e-09
-5040 -3.38553e+06 396795 1.24854e-08
-5040 -3.40962e+06 405580 9.83585e-09
-5040 -3.43294e+06 414110 1.1941e-08
-5040 -3.45552e+06 422392 4.98732e-09
-5040 -3.47738e+06 430428 7.46268e-09
-5040 -3.49856e+06 438189 1.11461e-08
-5040 -3.51907e+06 445712 4.82794e-09
-5040 -3.53895e+06 452995 1.25595e-08
-5040 -3.55823e+06 460017 9.69594e-09
-5040 -3.57693e+06 466732 1.12567e-08
-5040 -3.59506e+06 473160 9.90733e-09
-5040 -3.61267e+06 479406 8.99543e-09
-5040 -3.62977e+06 485458 8.75703e-09
-5040 -3.6464e+06 491325 8.35762e-09
-5040 -3.66257e+06 497013 3.93457e-09
-5040 -3.67831e+06 502527 1.34918e-08
-5040 -3.69364e+06 507870 1.08512e-08
-5040 -3.70856e+06 513035 3.88432e-09
-5040 -3.72309e+06 518056 8.53839e-09
-5040 -3.73725e+06 522977 1.04169e-08
-5040 -3.75101e+06 527825 8.83091e-09
-5040 -3.76443e+06 532406 6.48325e-09
-5040 -3.77754e+06 536862 2.87522e-09
-5040 -3.79034e+06 541259 8.12224e-09
-5040 -3.80278e+06 545653 8.04222e-09
-5040 -3.81491e+06 549746 7.44197e-09
-5040 -3.82677e+06 553644 4.49689e-09
-5040 -3.83836e+06 557357 -8.97673e-11
-5040 -3.84971e+06 560991 8.51032e-09
-5040 -3.86083e+06 564524 4.42969e-09
-5040 -3.87173e+06 567968 -7.40509e-09
-5040 -3.88242e+06 571310 1.80068e-08
-5040 -3.89291e+06 574554 4.95962e-09
-5040 -3.9032e+06 577706 4.73969e-09
-5040 -3.91331e+06 580767 2.65854e-08
-5040 -3.92323e+06 583736 7.95995e-09
-5040 -3.82915e+06 574162 7.86956e-09
-5040 -3.68812e+06 559774 9.37505e-09
-5040 -3.59421e+06 550154 -2.71806e-08
-5040 -3.50045e+06 540524 6.50284e-09
-5040 -3.40687e+06 530924 8.07698e-09
-5040 -3.31349e+06 521286 2.67359e-08
-5040 -3.22033e+06 511601 3.72392e-09
-5040 -3.12743e+06 501869 8.06075e-09
-5040 -3.03489e+06 492072 1.26949e-08
-5040 -2.94273e+06 482293 5.83941e-09
-5040 -2.85099e+06 473110 4.91376e-09
-5040 -2.75964e+06 463948 -3.19183e-10
-5040 -2.66871e+06 454733 4.53056e-09
-5040 -2.57825e+06 445451 1.04904e-08
-5040 -2.48828e+06 436099 8.98805e-09
-5040 -2.39883e+06 426830 7.34966e-09
-5040 -2.30993e+06 417765 4.55903e-09
-5040 -2.22153e+06 408614 7.59466e-09
-5040 -2.13366e+06 399377 6.24582e-09
-5040 -2.04632e+06 390052 5.08401e-09
-5040 -1.95955e+06 380503 3.05668e-09
-5040 -1.87339e+06 370818 5.20242e-09
-5040 -1.78811e+06 360811 7.78562e-09
-5040 -1.70346e+06 350397 4.3825e-09
-5040 -1.61938e+06 339915 6.95994e-09
-5040 -1.53616e+06 329159 7.5651e-09
-5040 -1.45358e+06 318032 9.18278e-09
-5040 -1.37143e+06 306763 5.27884e-09
-5040 -1.28972e+06 295341 3.21297e-09
-5040 -1.20847e+06 283727 1.40684e-08
-5040 -1.12743e+06 272381 5.59797e-09
-5040 -1.0464e+06 261615 6.50207e-09
-5040 -965193 251240 3.05294e-09
-5040 -883470 240630 -1.48833e-09
-5040 -800904 229688 5.50486e-09
-5040 -717171 218331 -3.45532e-10
-5040 -632746 206663 1.67208e-09
-5040 -548637 194775 2.01982e-08
-5040 -468899 181428 6.11177e-09
-5040 -393057 166859 6.67394e-09
-5040 -321946 154988 5.60579e-09
-5040 -255902 144212 6.42469e-09
-5040 -194234 133797 1.91763e-08
-5040 -135468 123935 1.01634e-08
-5040 -79509.5 113858 6.36457e-09
-5040 -28136.5 105763 4.65889e-09
-5040 21399.3 99184.8 1.08615e-08
-5040 67442.6 93716.4 5.9065e-09
-5040 111605 88868.8 1.05961e-08
-5040 154414 84404.4 9.20371e-09
-5040 196031 80063.8 8.81449e-10
-5040 236476 75732.4 8.84492e-09
-5040 275768 71425.6 6.34695e-09
-5040 313950 67154 7.90559e-09
-5040 351189 62924.7 2.74834e-09
-5040 387887 58725.8 5.643e-09
-5040 423633 54536.2 1.24324e-08
-5040 458347 50367.5 1.34358e-08
-5040 492029 46234 2.52255e-09
-5040 524686 42147.1 2.1626e-09
-5040 556333 38119.7 -9.97768e-09
-5040 587008 34159.3 1.32193e-08
-5040 616748 30268.5 6.2081e-09
-5040 645610 26445.6 6.28158e-09
-5040 673623 22692 9.27753e-09
-5040 700820 19008.2 5.50756e-09
-5040 727238 15393.3 -4.26498e-09
-5040 752903 11847.6 3.11563e-09
-5040 777848 8370.85 2.68224e-09
-5040 802104 4962.07 5.21051e-09
-5040 825703 1620.29 2.63777e-09
-5040 848672 -1655.36 4.96387e-09
-5040 871035 -4865.24 3.19837e-09
-5040 892818 -8010.34 1.48952e-09
-5040 914046 -11091.5 2.56434e-09
-5040 934742 -14110 5.6898e-09
-5040 954928 -17066.2 5.66725e-09
-5040 974621 -19960.9 1.15697e-09
-5040 993842 -22794.8 5.80343e-09
-5040 1.01261e+06 -25568.5 1.42402e-09
-5040 1.03093e+06 -28282.9 2.97668e-09
-5040 1.04884e+06 -30938.5 -1.2503e-08
-5040 1.06634e+06 -33536.4 4.29859e-08
-5040 1.08344e+06 -36077 4.45418e-08
-5040 1.10017e+06 -38561 -1.4528e-08
-5040 1.11653e+06 -40989.3 -3.58536e-08
-5040 1.13254e+06 -43362.4 -4.3394e-08
-5040 1.14821e+06 -45680.9 -3.59106e-08
-5040 1.16355e+06 -47945.7 -4.07283e-08
-5040 1.17863e+06 -50189.2 6.71391e-10
-5040 1.19365e+06 -52515.8 6.53738e-09
-5040 1.20843e+06 -54813.6 -2.68376e-08
-5040 1.22293e+06 -57063 -3.21471e-08
-5040 1.23715e+06 -59258 -1.18707e-08
-5040 1.2511e+06 -61396.7 -1.47365e-08
-5040 1.26478e+06 -63478.8 -6.37182e-09
-5040 1.2782e+06 -65504 2.10277e-09
-5040 1.29138e+06 -67472.8 1.25557e-09
-5040 1.30432e+06 -69384.6 5.52839e-09
-5040 1.31703e+06 -71238.6 -2.48017e-10
-5040 1.32953e+06 -73033.7 -1.60842e-09
