0 0 0
0.01 -1.81598 0.0417253
0.02 -0.365915 0.0626165
0.03 0.571489 -0.0156327
0.04 0.292353 -0.0138113
0.05 0.200355 0.00958787
0.06 0.294168 -0.018253
0.07 0.00953913 0.00770001
0.08 -0.0887416 0.017366
0.09 -0.88968 0.0331687
0.1 -1.15806 0.0305327
0.11 -0.986732 -0.014664
0.12 -0.958075 -0.00900764
0.13 -0.0308877 0.0134351
0.14 0.478613 -0.000768894
0.15 1.68084 -0.00471187
0.16 1.7999 0.00792869
0.17 1.30907 0.0453533
0.18 0.719192 0.0503129
0.19 0.768676 -0.021106
0.2 1.31935 -0.129609
0.21 -0.158219 -0.199894
0.22 -0.453225 -0.170207
0.23 -1.03018 -0.128531
0.24 -1.19178 -0.00615648
0.25 0.548381 0.107052
0.26 0.478262 0.177899
0.27 -0.680523 0.334913
0.28 -1.38425 0.394888
0.29 -2.85384 0.379977
0.3 -3.09531 0.293537
0.31 -1.30965 0.0244888
0.32 0.0514977 -0.265792
0.33 1.63028 -0.452582
0.34 2.65846 -0.523019
0.35 1.68142 -0.393465
0.36 1.79158 -0.164642
0.37 2.01555 -0.0123546
0.38 1.17418 0.127831
0.39 1.496 0.159202
0.4 0.668574 0.043161
0.41 2.30342 -0.125324
0.42 3.67188 -0.368421
0.43 1.01834 -0.416282
0.44 0.0230131 -0.255408
0.45 -2.38699 -0.0969154
0.46 -4.51045 0.2113
0.47 -3.19228 0.390744
0.48 -2.3995 0.389134
0.49 -3.29343 0.447228
0.5 -2.3262 0.424888
0.51 0.140609 0.314933
0.52 0.555944 0.183193
0.53 0.624823 0.0424031
0.54 0.396499 -0.143117
0.55 1.64044 -0.308961
0.56 2.58643 -0.427074
0.57 3.82346 -0.458483
0.58 5.84495 -0.474459
0.59 4.26916 -0.455893
0.6 3.04132 -0.253939
0.61 -0.610212 0.0185962
0.62 -3.36162 0.298912
0.63 -2.28622 0.352832
0.64 -2.4683 0.273405
0.65 -3.24266 0.326594
0.66 -4.32921 0.346205
0.67 -8.99253 0.499544
0.68 -9.59925 0.656447
0.69 -1.86548 0.393116
0.7 0.799878 0.0373794
0.71 3.56631 -0.131438
0.72 5.6774 -0.395093
0.73 5.07367 -0.513507
0.74 6.34598 -0.51501
0.75 7.40399 -0.640292
0.76 7.50883 -0.670099
0.77 -0.131068 -0.561663
0.78 -4.54832 -0.224851
0.79 -6.77201 0.0922682
0.8 -7.19972 0.380865
0.81 4.06185 0.405613
0.82 6.89227 0.236012
0.83 2.72081 0.643474
0.84 -2.21087 0.948946
0.85 -13.1008 1.17633
0.86 -14.2929 1.17578
0.87 -8.82382 0.321325
0.88 -4.5658 -0.467282
0.89 0.447117 -0.979421
0.9 3.89043 -1.21467
0.91 6.98366 -0.856605
0.92 10.1831 -0.32051
0.93 9.76697 0.260449
0.94 5.38766 0.829662
0.95 4.45941 0.894005
0.96 -0.255779 0.411359
0.97 -1.4121 -0.318446
0.98 4.28303 -1.34418
0.99 -0.240767 -1.96221
1 0.294762 -1.52569
1.01 0.848266 -0.804735
1.02 -5.95764 0.408575
1.03 -6.76397 1.62139
1.04 -8.11773 2.10469
1.05 -9.20161 2.34
1.06 -7.03966 1.96919
1.07 -3.94541 0.97445
1.08 -1.32297 -0.13947
1.09 4.93287 -1.47659
1.1 7.17274 -2.45181
1.11 8.08158 -2.30099
1.12 14.0134 -1.30963
1.13 8.62615 -1.00798
1.14 4.40444 0.109751
1.15 10.0381 0.658934
1.16 6.83697 0.874706
1.17 -3.068 0.721631
1.18 -3.30982 0.206215
1.19 -7.72832 -0.0430145
1.2 -13.7753 -0.0334502
1.21 -10.3313 -0.0284335
1.22 -8.22116 0.0735244
1.23 -12.2655 0.787037
1.24 -10.8263 1.25676
1.25 -2.38238 1.32649
1.26 0.559949 1.22641
1.27 12.1309 0.483359
1.28 18.5681 -0.79941
1.29 5.24681 -1.39965
1.3 5.45036 -2.04752
1.31 6.68969 -1.99696
1.32 4.74415 -2.09748
1.33 10.7803 -1.75591
1.34 14.6669 -1.08281
1.35 0.528773 0.575638
1.36 -6.60268 1.63681
1.37 -5.93561 2.78462
1.38 -10.5884 2.51409
1.39 -17.4746 1.96428
1.4 -13.8391 0.917967
1.41 -16.0242 0.307941
1.42 -21.034 -0.327233
1.43 -5.62253 -0.798387
1.44 4.42163 -0.98937
1.45 7.36843 -0.541319
1.46 11.6049 0.321797
1.47 4.51926 0.970341
1.48 8.24197 0.369738
1.49 18.1932 0.0632164
1.5 26.4743 -1.50938
1.51 0.772408 -1.52697
1.52 10.1157 -2.11429
1.53 16.982 -2.39204
1.54 3.33072 -1.29388
1.55 -13.7097 0.50025
1.56 -10.9724 1.19886
1.57 -2.60268 1.18319
1.58 -27.5628 2.39985
1.59 -28.8314 2.72581
1.6 -10.0954 1.49493
1.61 -4.78061 0.914294
1.62 0.932518 0.604903
1.63 3.80683 0.938348
1.64 1.85605 0.730108
1.65 -8.36536 -1.18111
1.66 -8.84122 -1.32702
1.67 -0.0809527 -1.03506
1.68 -6.62387 -1.84875
1.69 15.7036 -2.38295
1.7 37.317 -3.87617
1.71 33.6242 -1.58774
1.72 28.3348 0.101793
1.73 16.5004 1.04581
1.74 -0.385234 2.55269
1.75 -16.9823 1.92926
1.76 -18.2821 0.289516
1.77 -13.1168 -0.228212
1.78 -17.8652 -1.46409
1.79 -9.5792 -1.86161
1.8 10.1293 -1.88135
1.81 -1.58629 0.839067
1.82 -13.2272 3.26151
1.83 -3.51692 4.11478
1.84 -11.4784 2.96989
1.85 -16.8286 2.3286
1.86 -13.0232 2.54398
1.87 3.44272 0.441558
1.88 6.03604 -2.57493
1.89 8.03687 -4.10251
1.9 22.8436 -4.24856
1.91 21.2261 -3.91635
1.92 13.0752 -1.5454
1.93 19.5893 0.80173
1.94 23.6443 1.86864
1.95 2.62322 1.80421
1.96 -6.95442 1.98069
1.97 -5.01167 0.924512
1.98 -17.7835 -0.390811
1.99 -4.27489 -4.00017
2 -17.864 -2.72976
2.01 -4.3188 0.38381
2.02 -8.68692 -0.943703
2.03 11.2228 0.118825
2.04 -3.40885 2.87056
2.05 -15.5014 4.12063
2.06 -13.0247 4.35881
2.07 -12.3849 2.3583
2.08 -16.8974 0.138087
2.09 -4.92927 -2.6293
2.1 0.168302 -5.88693
2.11 19.5248 -5.30142
2.12 47.8424 -2.52205
2.13 20.9363 -0.939426
2.14 4.63247 1.15655
2.15 -5.33264 4.04912
2.16 -9.48922 3.44736
2.17 -8.59648 1.77034
2.18 -10.9289 1.36285
2.19 -0.682571 0.140513
2.2 6.28863 -3.3799
2.21 9.02184 -5.07414
2.22 9.03554 -3.37511
2.23 -6.74112 -0.62144
2.24 -16.6614 2.67949
2.25 -11.1043 5.61882
2.26 -24.2849 7.26954
2.27 -24.438 5.67328
2.28 -10.8681 2.54684
2.29 13.2902 -0.106237
2.3 25.5862 -2.9997
2.31 -0.956284 -4.45817
2.32 1.23481 -3.05548
2.33 -2.55886 -2.56756
2.34 -30.996 -0.377683
2.35 -20.1253 1.46004
2.36 -0.802481 2.16026
2.37 11.8494 2.15158
2.38 20.8771 0.807022
2.39 37.7348 -0.248346
2.4 54.4877 -1.62294
2.41 25.1683 -2.90855
2.42 -2.2157 -2.72887
2.43 -0.100654 -0.381194
2.44 -2.54354 -2.05728
2.45 -30.8985 -2.46396
2.46 -26.3244 -2.06167
2.47 -13.4751 -0.55376
2.48 -14.108 3.42816
2.49 -11.146 4.47995
2.5 -6.72281 4.72373
2.51 2.99847 1.27795
2.52 -9.64245 0.433416
2.53 -4.35317 2.97998
2.54 12.0123 1.92147
2.55 1.30887 -3.31783
2.56 -8.78438 -4.13489
2.57 -2.34258 -3.08163
2.58 0.260591 -1.96451
2.59 -2.37007 -2.06903
2.6 -4.34224 -0.748622
2.61 2.98694 -0.135458
2.62 23.1143 0.805452
2.63 24.6387 0.434233
2.64 31.0336 1.90196
2.65 40.8793 1.11665
2.66 40.6048 -3.23732
2.67 15.244 -4.25739
2.68 -23.4227 0.544507
2.69 -40.0448 2.97031
2.7 -25.4214 -1.59062
2.71 -20.0345 -1.16347
2.72 -14.9998 1.35208
2.73 10.1129 -0.25029
2.74 13.2437 1.00375
2.75 -10.9384 2.44667
2.76 -11.4125 5.02865
2.77 -4.70558 1.06719
2.78 -5.73002 0.250949
2.79 0.732217 1.06749
2.8 9.12665 0.766546
2.81 11.0085 -2.17376
2.82 -9.28567 -1.43698
2.83 -25.2652 -0.5981
2.84 -0.854844 -1.20276
2.85 17.1693 -2.30357
2.86 21.8031 -0.231218
2.87 33.6259 -0.212109
2.88 28.7272 -1.03547
2.89 -16.7102 -0.309965
2.9 -29.5039 0.647548
2.91 -7.0382 0.219063
2.92 -9.78928 0.308369
2.93 -11.7769 1.59431
2.94 2.64725 1.51524
2.95 4.94959 -0.995497
2.96 -20.3576 -2.1238
2.97 -14.4939 0.0674672
2.98 11.6708 1.86117
2.99 1.07462 -0.655207
3 -6.54441 -1.18099
3.01 14.2137 -0.109503
3.02 3.53505 0.184355
3.03 -19.4964 0.596424
3.04 -9.08459 2.09286
3.05 -0.848296 0.817806
3.06 -4.18956 -1.27182
3.07 5.72796 -1.20752
3.08 15.6893 0.229959
3.09 17.2493 -0.175184
3.1 6.54462 -0.629562
3.11 -3.58945 -0.0257153
3.12 -5.30855 1.0363
3.13 -4.58114 0.937174
3.14 -2.4178 1.6394
3.15 0.52365 0.605733
3.16 -6.53702 -0.0821621
3.17 -18.1771 1.44972
3.18 -12.7975 0.86501
3.19 -6.89586 -1.366
3.2 -4.57639 0.251595
3.21 5.59488 0.706004
3.22 9.46801 1.03875
3.23 9.9899 2.15684
3.24 -8.68197 1.02624
3.25 -2.8294 0.237691
3.26 4.37236 0.33774
3.27 4.13882 -0.596504
3.28 13.2421 -1.66118
3.29 24.1619 -2.78392
3.3 19.6451 -3.05524
3.31 13.9932 -2.38715
3.32 18.8641 -1.76445
3.33 17.5466 -0.833059
3.34 13.3402 0.546906
3.35 15.0777 -0.666672
3.36 -0.64092 0.161246
3.37 0.991746 1.93668
3.38 9.17726 0.786998
3.39 16.7042 -0.124194
3.4 0.602031 -0.559733
3.41 25.6505 -1.96422
3.42 7.81323 -3.93413
3.43 20.2858 -1.69699
3.44 2.15333 -1.04572
3.45 12.446 0.213326
3.46 7.77898 -2.13404
3.47 -6.17464 -1.85108
3.48 -7.20922 -0.988493
3.49 -8.22556 1.12541
3.5 -1.97317 -0.695924
3.51 8.38275 -0.606598
3.52 9.66334 1.03042
3.53 23.9711 -0.738231
3.54 16.3861 -0.790656
3.55 22.6385 -9.02991
3.56 14.3172 -7.5206
3.57 15.5304 -8.46208
3.58 17.507 -4.19695
3.59 17.9722 -3.69938
3.6 12.8329 -1.38816
3.61 10.1908 -0.207508
3.62 7.89869 4.77268
3.63 6.09439 5.61464
3.64 2.79656 6.79784
3.65 3.8467 5.06205
3.66 6.43976 4.84544
3.67 6.36467 2.80803
3.68 4.38006 2.89616
3.69 -12.404 1.84302
3.7 -24.1237 3.00112
3.71 -51.4352 3.01127
3.72 -71.4436 4.09385
3.73 -82.9311 2.1031
3.74 -91.4664 2.42972
3.75 -90.5945 1.16609
3.76 -86.3027 -0.358204
3.77 -70.2313 -1.20662
3.78 -58.4336 -0.110419
3.79 -49.5379 2.65801
3.8 -38.5888 4.3646
3.81 -37.9333 4.98333
3.82 -37.1369 6.43683
3.83 -24.5971 8.77654
3.84 -27.4823 5.92211
3.85 5.71443 2.29517
3.86 15.7067 -0.800014
3.87 15.2834 -3.49335
3.88 11.8504 -3.45886
3.89 24.621 -2.39224
3.9 5.96241 -1.59603
3.91 -14.299 -1.93438
3.92 -13.4281 -1.1759
3.93 59.2688 1.19907
3.94 138.392 1.94981
3.95 227.928 1.93578
3.96 276.123 0.478611
3.97 191.713 -1.11428
3.98 133.691 -1.74706
3.99 -0.694415 20.3054
4 -91.8389 -10.4734
4.01 -24.0372 -28.0618
4.02 -30.1934 -6.99962
4.03 -113.513 -10.7735
4.04 -19.6878 2.01492
4.05 29.3748 -3.04469
4.06 1.08191 8.06886
4.07 -78.014 -14.5234
4.08 -7.00519 -8.43189
4.09 -15.1839 -8.07547
4.1 -46.8647 -21.939
4.11 -77.1033 -29.6802
4.12 -118.179 37.9492
4.13 -148.542 10.3516
4.14 -186.647 -6.98772
4.15 -172.031 18.9422
4.16 -115.962 58.2358
4.17 -114.732 40.313
4.18 -121.305 20.3879
4.19 -58.7212 5.87758
4.2 -49.4441 4.67648
4.21 -38.8331 4.24903
4.22 -69.3994 -0.936682
4.23 -105.562 -8.35011
4.24 72.1469 -30.5012
4.25 227.399 -7.98866
4.26 -88.0816 7.66074
4.27 -321.59 -24.802
4.28 -33.4395 -23.7264
4.29 -652.108 -11.7215
4.3 148.948 -8.45325
4.31 219.091 -4.57757
4.32 324.988 -7.00403
4.33 -122.55 5.9943
4.34 -84.2418 1.13823
4.35 108.008 3.70357
4.36 339.095 -6.02216
4.37 215.75 3.00939
4.38 254.094 13.8003
4.39 143.528 26.6588
4.4 295.783 25.4326
4.41 247.898 6.93053
4.42 177.819 -9.83768
4.43 36.7839 -11.7617
4.44 -39.334 -23.8841
4.45 -22.3304 -28.8032
4.46 2.90476 -23.0385
4.47 2.38087 7.29321
4.48 -42.7975 19.4902
4.49 -75.2473 -6.21434
4.5 -64.5647 -17.0713
4.51 -42.4923 -7.40458
4.52 -57.0886 2.90365
4.53 -78.2312 19.5423
4.54 -79.279 32.3916
4.55 -36.9253 38.724
4.56 -0.590105 26.7594
4.57 6.57521 6.77356
4.58 -7.20406 -7.74979
4.59 -29.1018 -10.1119
4.6 14.838 -12.3499
4.61 49.6373 -7.23902
4.62 18.9291 -2.03951
4.63 -2.57993 -9.09881
4.64 6.22635 -22.3462
4.65 28.4132 -29.5796
4.66 36.0985 -28.8025
4.67 22.868 -11.8693
4.68 12.3177 3.36032
4.69 -5.34594 3.93543
4.7 -32.2397 3.93474
4.71 -94.8758 13.9833
4.72 -142.291 22.1216
4.73 -174.757 15.3135
4.74 -181.726 7.49203
4.75 -150.277 9.52147
4.76 -113.929 12.4367
4.77 -85.291 8.1217
4.78 -78.1457 -1.44879
4.79 -55.3197 -14.2277
4.8 -15.6346 -14.1477
4.81 23.0772 -11.9634
4.82 33.9882 -16.2892
4.83 23.858 -11.7171
4.84 38.3335 -5.377
4.85 72.9137 3.11558
4.86 96.2716 6.21933
4.87 111.214 8.47969
4.88 129.324 8.121
4.89 134.461 7.2494
4.9 133.348 4.05181
4.91 129.392 4.9244
4.92 124.979 2.98967
4.93 116.629 0.087388
4.94 101.736 -4.2877
4.95 92.3502 -11.1559
4.96 79.8832 -9.94586
4.97 58.2626 -9.81865
4.98 37.8996 -11.7765
4.99 26.4235 -11.3363
5 30.2191 -9.73837
5.01 28.7854 -7.10157
5.02 13.6516 -7.00021
5.03 18.314 -6.38631
5.04 46.4442 -2.2335
5.05 50.2648 3.84348
5.06 41.5987 7.91417
5.07 4.41426 11.9421
5.08 -18.7573 15.1066
5.09 -39.6274 14.8649
5.1 -49.1281 11.5379
5.11 -44.4041 7.71498
5.12 -46.5549 6.14425
5.13 -36.1035 4.30218
5.14 -35.1431 0.669765
5.15 -36.0906 -3.89111
5.16 -35.5118 -7.28315
5.17 -29.2645 -8.64556
5.18 -24.0322 -7.24292
5.19 -21.4293 -5.01177
5.2 -25.4619 -1.65044
5.21 -33.8078 0.797586
5.22 -37.7944 2.82771
5.23 -33.0141 4.37653
5.24 -21.8272 5.38117
5.25 -10.1262 4.82244
5.26 5.23201 4.28048
5.27 21.3258 3.2125
5.28 37.6543 1.25916
5.29 46.5385 1.68499
5.3 53.5338 5.35859
5.31 41.1315 9.35373
5.32 27.3264 11.4159
5.33 4.77175 4.7438
5.34 -5.98537 -11.5863
5.35 2.39249 -21.6993
5.36 16.2051 -17.7638
5.37 31.6533 -8.99406
5.38 34.9108 -10.3453
5.39 34.0969 -6.10653
5.4 30.3033 -6.20997
5.41 16.965 0.828179
5.42 6.89437 3.44325
5.43 17.0409 7.69929
5.44 31.5744 7.57009
5.45 52.3466 10.3305
5.46 63.0983 7.63204
5.47 57.1427 6.54385
5.48 45.4885 0.513368
5.49 32.4612 -1.97554
5.5 21.9387 -7.40042
5.51 17.0673 -9.16672
5.52 13.5104 -12.5022
5.53 18.526 -13.5248
5.54 23.3781 -17.2391
5.55 -1.16944 -13.2658
5.56 -15.7887 -18.4052
5.57 -43.6405 -12.5364
5.58 -75.9568 -4.57953
5.59 -78.0854 -7.65529
5.6 -78.7839 -0.154657
5.61 -55.1171 -0.457642
5.62 -46.5615 3.71709
5.63 -19.6986 7.47629
5.64 -1.01252 9.94332
5.65 12.2796 12.0738
5.66 23.762 8.75038
5.67 20.0596 8.72266
5.68 20.8502 4.963
5.69 -1.48006 5.69903
5.7 -21.3859 3.89369
5.71 -44.6757 4.61372
5.72 -61.0842 4.5031
5.73 -65.4777 6.054
5.74 -60.3007 5.13622
5.75 -53.878 5.89155
5.76 -46.9973 6.0313
5.77 -48.2258 7.58767
5.78 -54.4378 8.97073
5.79 -57.5738 11.3608
5.8 -63.2814 12.4101
5.81 -54.261 13.5993
5.82 -33.9438 11.7598
5.83 -12.9462 9.1705
5.84 -2.10546 5.34561
5.85 -3.6971 1.44071
5.86 -11.0987 -2.80716
5.87 -12.7898 -6.10211
5.88 -6.0768 -9.06886
5.89 15.4993 -10.8541
5.9 31.8046 -12.2198
5.91 33.1348 -12.0382
5.92 27.7229 -11.0088
5.93 20.7184 -8.58666
5.94 20.6818 -5.5826
5.95 28.9511 -2.06052
5.96 33.7635 0.721996
5.97 36.7934 2.82714
5.98 32.4531 3.55193
5.99 22.2763 3.70232
6 17.9334 2.87279
6.01 11.3484 1.6077
6.02 6.3624 -0.152053
6.03 2.67625 -1.82641
6.04 -1.94291 -3.50447
6.05 0.299789 -4.81728
6.06 7.58839 -6.13654
6.07 17.604 -7.32117
6.08 26.9051 -7.96087
6.09 28.9367 -7.49045
6.1 27.4462 -6.43629
6.11 23.0577 -5.21909
6.12 18.099 -4.00417
6.13 9.66807 -3.00163
6.14 2.33089 -1.78057
6.15 -10.1724 0.369225
6.16 -24.9167 1.50187
6.17 -51.506 2.38271
6.18 -75.9133 2.72191
6.19 -102.177 3.93029
6.2 -118.131 4.55279
6.21 -119.871 6.12274
6.22 -101.481 7.79737
6.23 -74.6743 9.35208
6.24 -62.4851 11.0949
6.25 -57.2267 13.7937
6.26 -50.4026 11.8862
6.27 -26.3232 10.9479
6.28 1.87635 9.45461
6.29 15.7879 9.83852
6.3 17.6249 8.45366
6.31 11.4295 6.9932
6.32 10.9594 3.00339
6.33 15.5164 0.413687
6.34 24.722 -4.18841
6.35 31.1221 -5.74129
6.36 29.2841 -7.72948
6.37 21.6134 -8.22095
6.38 16.1535 -8.83854
6.39 14.3854 -7.01725
6.4 20.0379 -5.42504
6.41 27.631 -2.61704
6.42 32.7321 3.0386
6.43 30.3641 9.39956
6.44 29.0639 9.19582
6.45 28.1609 5.88656
6.46 34.4547 -3.07198
6.47 43.7013 -13.26
6.48 60.0645 -20.057
6.49 69.7463 -28.235
6.5 60.8642 -36.3995
6.51 35.3152 -38.9804
6.52 -5.06343 -33.1292
6.53 -35.2458 -13.0758
6.54 -37.6878 38.8745
6.55 -57.158 72.2836
6.56 -72.8991 48.318
6.57 -55.504 34.217
6.58 -51.2546 36.6785
6.59 -33.9863 27.5453
6.6 -28.6388 28.3862
6.61 -20.4327 31.6139
6.62 -6.51556 33.4267
6.63 2.92777 27.1444
6.64 -1.61409 7.8813
6.65 -1.72315 -26.1171
6.66 -1.52933 -54.2829
6.67 5.53256 -49.8876
6.68 15.9824 -36.4506
6.69 17.6995 -28.7835
6.7 22.0126 -22.0131
6.71 3.60762 -17.0651
6.72 -6.3069 -15.2408
6.73 -26.146 -14.6365
6.74 -35.1867 -8.32631
6.75 -29.6049 15.7983
6.76 -24.4596 51.5861
6.77 -22.2089 66.7927
6.78 -31.7057 50.0728
6.79 -26.6816 30.7043
6.8 -19.182 17.6704
6.81 -5.26468 6.89319
6.82 6.50395 -4.11993
6.83 31.3207 -26.7432
6.84 56.415 -50.0913
6.85 72.2433 -42.9379
6.86 68.8779 -42.7394
6.87 48.976 -40.7988
6.88 42.5218 -24.747
6.89 25.3372 -19.8092
6.9 14.7813 -12.3886
6.91 3.85975 -7.92906
6.92 -4.18157 11.6532
6.93 -11.2642 39.3308
6.94 -13.6205 56.5159
6.95 -17.03 31.2864
6.96 -21.4897 5.44366
6.97 -22.0237 -0.391837
6.98 -12.52 0.726366
6.99 11.1145 -6.96534
7 20.6908 -16.3509
7.01 33.7115 -34.4834
7.02 37.7895 -50.1665
7.03 35.7531 -46.1767
7.04 35.8067 -21.9062
7.05 37.623 -2.90618
7.06 27.8369 4.21531
7.07 5.06666 4.77369
7.08 -17.392 11.7445
7.09 -25.9138 21.1142
7.1 -26.5949 31.1314
7.11 -31.0602 32.8628
7.12 -39.6368 26.1661
7.13 -51.4057 9.39091
7.14 -55.6206 -6.47893
7.15 -37.9143 -16.1506
7.16 -11.5478 -18.4064
7.17 11.3784 -19.3011
7.18 21.4732 -19.1986
7.19 29.3956 -19.5047
7.2 34.9039 -15.18
7.21 40.8002 -7.23406
7.22 46.154 4.44348
7.23 46.3676 15.7042
7.24 40.0157 23.3111
7.25 18.6273 23.384
7.26 -0.568973 21.3985
7.27 -19.0669 16.6392
7.28 -30.9845 11.5902
7.29 -29.6216 5.09714
7.3 -24.4803 -2.00783
7.31 -19.4338 -10.0982
7.32 -9.40458 -16.1117
7.33 -2.07127 -18.6296
7.34 4.0887 -17.1133
7.35 6.46425 -12.7692
7.36 8.60329 -6.10177
7.37 20.5868 0.701559
7.38 40.1892 7.18374
7.39 55.6489 12.5946
7.4 55.4152 16.5511
7.41 35.2768 17.7749
7.42 19.4296 16.934
7.43 5.63006 13.6431
7.44 -3.8643 7.46415
7.45 -8.82224 0.250698
7.46 -22.0161 -5.65831
7.47 -23.7822 -10.0281
7.48 -19.394 -12.9197
7.49 -5.63951 -13.5149
7.5 4.77497 -11.426
7.51 9.91327 -8.00288
7.52 13.7364 -3.23229
7.53 17.3722 1.9012
7.54 26.1542 6.83769
7.55 30.4028 10.1331
7.56 31.3129 11.3084
7.57 27.684 10.2748
7.58 23.9888 7.87277
7.59 23.6221 3.64399
7.6 22.329 -1.12788
7.61 20.2888 -6.39497
7.62 14.4049 -10.2816
7.63 5.94304 -12.9729
7.64 0.314698 -14.1195
7.65 -4.69044 -13.2127
7.66 -6.76861 -10.4773
7.67 -6.44255 -7.18797
7.68 -3.3576 -3.90753
7.69 -12.0363 0.46423
7.7 -14.2978 4.10313
7.71 -30.1958 6.65956
7.72 -41.6473 8.99705
7.73 -49.5684 7.86311
7.74 -56.0481 5.054
7.75 -51.6815 1.43948
7.76 -54.7795 -0.231016
7.77 -45.276 -2.46886
7.78 -47.8325 -2.52639
7.79 -38.9092 -4.28228
7.8 -34.6564 0.305361
7.81 -15.7338 0.5791
7.82 10.5323 -6.37081
7.83 59.5109 -12.9924
7.84 73.0811 -10.2975
7.85 70.758 -8.37431
7.86 58.9272 -5.47929
7.87 58.7714 -1.41038
7.88 65.2622 6.57974
7.89 65.2443 7.95156
7.9 48.8184 8.58858
7.91 16.1689 5.24489
7.92 -3.83953 3.12925
7.93 0.940354 -1.72754
7.94 18.7718 -5.79979
7.95 40.5407 -11.7566
7.96 57.4854 -15.3529
7.97 69.825 -18.0957
7.98 76.256 -16.1787
7.99 70.9878 -11.4692
8 61.4753 -5.08104
8.01 50.0682 -5.73718
8.02 39.2299 -13.5084
8.03 22.19 -31.1369
8.04 0.210899 -51.7156
8.05 -20.1975 -43.1325
8.06 -30.628 6.19299
8.07 -40.1439 34.7128
8.08 -45.023 38.6248
8.09 -48.9413 36.8641
8.1 -48.1408 32.678
8.11 -44.0781 35.3171
8.12 -80.7194 58.461
8.13 -131.277 40.2751
8.14 -102.983 9.34891
8.15 -55.6532 9.07942
8.16 -34.6497 7.26097
8.17 -46.5586 11.352
8.18 -47.3298 2.13577
8.19 -55.4604 3.44416
8.2 -50.145 -4.35346
8.21 -44.2106 -2.42436
8.22 -36.7615 -4.57337
8.23 -31.0195 1.20088
8.24 -20.3836 -3.36112
8.25 -9.42343 -3.39885
8.26 -8.18355 -7.60442
8.27 -17.4499 -7.49302
8.28 -17.5114 -10.0025
8.29 -4.43078 -8.782
8.3 8.81582 -8.35866
8.31 20.4814 -5.82667
8.32 26.2767 -3.9593
8.33 20.7718 -1.70065
8.34 16.6436 0.918865
8.35 6.15751 3.21732
8.36 -0.299582 5.62807
8.37 -1.03314 7.32035
8.38 -1.34738 9.14451
8.39 2.95666 9.694
8.4 6.22716 10.7697
8.41 7.81676 10.1442
8.42 9.16936 9.6655
8.43 7.94752 6.75269
8.44 6.7433 4.11647
8.45 6.26113 -0.697513
8.46 6.99974 -3.84132
8.47 20.1746 -8.54642
8.48 34.2704 -11.3378
8.49 51.7628 -15.2137
8.5 66.7076 -17.976
8.51 72.0338 -21.8774
8.52 71.899 -20.9007
8.53 59.6942 -18.9241
8.54 40.7136 -14.8112
8.55 20.5328 -12.0859
8.56 5.14102 -7.80977
8.57 -5.0013 -5.3237
8.58 -12.4168 -1.04681
8.59 -33.8377 2.87849
8.6 -72.8131 7.75737
8.61 -84.0714 3.8482
8.62 -66.012 4.35163
8.63 -61.0162 5.82166
8.64 -62.2906 10.8842
8.65 -60.2228 10.218
8.66 -55.8026 9.52011
8.67 -59.1631 3.97522
8.68 -73.9167 -1.13132
8.69 -78.7147 -4.92024
8.7 -60.3234 0.637583
8.71 -24.3575 7.47624
8.72 -4.58114 18.645
8.73 1.84034 23.3477
8.74 -6.54115 23.1849
8.75 -19.1408 19.235
8.76 -24.262 12.7506
8.77 -16.6137 7.20003
8.78 -17.7171 3.26836
8.79 -33.8037 -2.37887
8.8 -48.4053 -8.02021
8.81 -54.6001 -10.0043
8.82 -48.5423 -9.42367
8.83 -35.2282 -10.1288
8.84 -18.8673 -7.42812
8.85 0.968074 -2.12449
8.86 9.98272 -0.586087
8.87 19.0798 2.75959
8.88 24.9629 3.89635
8.89 38.4666 6.59659
8.9 39.9204 8.00511
8.91 48.5079 8.18086
8.92 54.352 0.494302
8.93 62.2711 -5.90996
8.94 70.0594 -12.0517
8.95 76.5213 -14.0428
8.96 83.4946 -13.3686
8.97 85.9199 -8.23328
8.98 84.6842 -4.87547
8.99 71.5813 4.16791
9 53.3838 13.6906
9.01 34.7973 10.4286
9.02 17.7576 3.70702
9.03 -6.75268 8.12528
9.04 -27.9375 19.9307
9.05 -46.2143 17.2469
9.06 -58.0181 10.7913
9.07 -59.8978 11.6459
9.08 -57.6814 15.7601
9.09 -47.9387 12.5257
9.1 -36.1463 3.56281
9.11 -26.9066 -2.34685
9.12 -20.6591 -2.48551
9.13 -17.9459 -2.42685
9.14 -15.3586 -5.05683
9.15 -11.071 -7.20598
9.16 -6.74195 -8.0763
9.17 -3.63228 -10.8764
9.18 -2.94451 -12.9527
9.19 -1.74329 -11.2746
9.2 0.282324 -5.96043
9.21 0.524837 -0.429061
9.22 0.031728 1.62922
9.23 -4.47139 1.07338
9.24 -7.0805 -0.0482101
9.25 -11.8158 -3.61949
9.26 -15.4136 -6.00213
9.27 -17.0303 -6.65202
9.28 -20.3043 -3.91143
9.29 -25.9273 -0.542703
9.3 -30.8556 0.771725
9.31 -31.8299 -2.14274
9.32 -37.1501 -4.12116
9.33 -70.7114 -1.34291
9.34 -7.38867 -1.49671
9.35 28.0615 -1.46978
9.36 16.6204 -0.683964
9.37 28.8332 -2.09426
9.38 35.8947 -4.96202
9.39 74.0471 -6.47334
9.4 87.4802 -8.25235
9.41 86.8206 -7.50932
9.42 95.4698 -5.41753
9.43 96.1038 -5.13083
9.44 100.013 -7.28105
9.45 78.5575 -7.62297
9.46 46.4752 -5.63395
9.47 30.1506 -2.49198
9.48 18.718 -1.01778
9.49 5.62395 -1.10798
9.5 -0.307679 -3.22965
9.51 4.38855 -3.64382
9.52 1.97756 -4.32817
9.53 -3.83342 -3.72222
9.54 -4.25948 -3.436
9.55 -11.4732 -5.23709
9.56 -20.497 -6.89938
9.57 -19.6298 -5.74521
9.58 -11.7063 -2.04818
9.59 -5.15884 2.92016
9.6 -6.44503 4.49071
9.61 -11.1114 2.41942
9.62 -13.2668 0.875362
9.63 -8.48824 2.02087
9.64 -4.69036 2.67836
9.65 -3.69566 3.71294
9.66 -10.136 5.28372
9.67 -25.0879 4.93871
9.68 -37.0634 2.23981
9.69 -44.0854 -0.037826
9.7 -45.2 -0.846049
9.71 -41.6917 0.0716482
9.72 -37.6412 0.953452
9.73 -23.3797 1.63362
9.74 -6.21741 1.4494
9.75 10.613 2.18925
9.76 29.5642 3.37165
9.77 43.0629 4.21839
9.78 51.4133 5.20969
9.79 56.8093 5.411
9.8 57.8024 5.12286
9.81 60.0133 4.07197
9.82 61.3552 3.22049
9.83 57.3575 2.47274
9.84 49.3225 1.03772
9.85 38.0055 -0.168907
9.86 28.772 -0.217896
9.87 24.7474 -0.448405
9.88 21.5177 -0.453033
9.89 17.2261 -0.0579476
9.9 9.31587 -0.208076
9.91 2.44591 -0.996047
9.92 2.28304 -1.7501
9.93 6.33613 -2.38555
9.94 10.1649 -5.83245
9.95 13.2671 -10.0876
9.96 15.5426 -9.49415
9.97 15.64 1.17969
9.98 11.6788 10.5798
9.99 -1.87889 9.576
10 -18.8065 9.29083
10.01 -25.1683 9.14163
10.02 -36.1551 6.79277
10.03 -45.092 7.04242
10.04 -56.9763 3.11526
10.05 -64.0402 2.70432
10.06 -62.8927 2.83151
10.07 -57.8208 1.47045
10.08 -50.0909 -1.22239
10.09 -39.1119 -5.11053
10.1 -24.5802 -6.92806
10.11 -9.13627 -7.82097
10.12 4.82612 -5.50981
10.13 15.7428 -3.72618
10.14 21.575 -2.89322
10.15 22.3778 -3.37747
10.16 22.8991 -3.72376
10.17 15.9577 -4.19559
10.18 7.44898 -4.08111
10.19 -2.70624 -3.37004
10.2 -10.6874 -2.30902
10.21 -15.9001 -1.65308
10.22 -17.4465 -0.959043
10.23 -19.1548 -1.09029
10.24 -18.5903 -1.02688
10.25 -17.0801 -0.945629
10.26 -15.3702 -0.680625
10.27 -12.1764 -0.807137
10.28 -8.90659 -1.27551
10.29 -2.16243 -1.61928
10.3 3.94868 -2.53705
10.31 10.782 -3.33821
10.32 17.0878 -4.16962
10.33 21.6686 -4.59255
10.34 24.9778 -5.17464
10.35 26.6203 -5.28385
10.36 27.2091 -5.49624
10.37 23.5552 -5.12925
10.38 20.1034 -4.42928
10.39 10.9341 -2.93891
10.4 3.2525 -1.07585
10.41 -7.25161 0.905909
10.42 -15.9458 2.9436
10.43 -18.1486 4.69338
10.44 -19.4713 6.10632
10.45 -18.1512 7.45663
10.46 -17.7882 8.36621
10.47 -19.0093 8.87004
10.48 -21.4168 8.80643
10.49 -23.2463 7.9923
10.5 -24.6512 6.60291
10.51 -22.9795 4.54798
10.52 -20.9312 2.36507
10.53 -17.7068 0.80886
10.54 -14.0025 0.483573
10.55 -11.7176 1.2601
10.56 -11.1236 2.8042
10.57 -11.5355 4.80887
10.58 -13.3377 6.42594
10.59 -15.0417 7.34262
10.6 -17.646 7.35462
10.61 -20.2705 6.5538
10.62 -22.0075 5.1942
10.63 -23.2441 3.85403
10.64 -22.6292 2.68734
10.65 -19.7682 1.7978
10.66 -15.2555 1.48088
10.67 -8.68408 1.06867
10.68 -1.09004 0.894036
10.69 5.94165 1.33544
10.7 11.3435 1.11664
10.71 16.6907 -0.113002
10.72 19.9315 -0.0699096
10.73 24.6612 -1.83214
10.74 29.4226 -2.78424
10.75 31.8197 -3.98687
10.76 32.0359 -5.0459
10.77 28.953 -5.98296
10.78 24.3217 -6.61318
10.79 17.1852 -5.87029
10.8 10.6307 -6.43741
10.81 1.44382 -5.33663
10.82 -7.22977 -3.56668
10.83 -19.0415 -1.50191
10.84 -26.0863 -0.00819679
10.85 -25.9519 -1.70007
10.86 -24.2094 -9.49301
10.87 -24.6424 -11.3288
10.88 -31.8616 -9.59127
10.89 -35.8825 -9.70912
10.9 -40.0545 -11.4712
10.91 -38.4535 -8.215
10.92 -31.9091 9.09357
10.93 -15.793 25.5168
10.94 -8.27572 28.423
10.95 -5.07112 18.8664
10.96 -6.65607 7.22194
10.97 -12.2168 -0.268178
10.98 -17.4581 -0.0792796
10.99 -14.5594 2.01322
11 -14.0789 4.32621
11.01 -9.04088 3.2385
11.02 -12.46 -3.70947
11.03 -13.5952 -12.2386
11.04 -10.0934 -17.2172
11.05 10.6074 -12.093
11.06 32.9128 -6.29418
11.07 44.3589 -4.02734
11.08 47.429 -2.47953
11.09 41.7711 -0.0500037
11.1 40.2251 -2.20636
11.11 38.8002 -1.62095
11.12 42.41 4.6324
11.13 44.2098 12.2571
11.14 40.6191 16.6757
11.15 27.8687 16.8789
11.16 9.92937 7.06015
11.17 -2.12137 0.356923
11.18 -8.96191 -1.73371
11.19 -11.8288 -0.792045
11.2 -17.9679 -0.304587
11.21 -23.4817 -1.2589
11.22 -26.2978 -5.2644
11.23 -17.0478 -7.9532
11.24 -4.75332 -7.37383
11.25 8.56304 -2.3805
11.26 17.5495 2.69062
11.27 21.5961 7.01286
11.28 24.9821 7.03542
11.29 22.7497 6.09848
11.3 22.6051 4.098
11.31 17.1224 3.87076
11.32 10.0072 3.58159
11.33 0.618155 3.14882
11.34 -7.31882 0.0150974
11.35 -12.6582 -3.6331
11.36 -14.0857 -7.06945
11.37 -13.3093 -7.62908
11.38 -13.6923 -6.62101
11.39 -12.8984 -3.98991
11.4 -12.6624 -1.4878
11.41 -9.45634 0.591375
11.42 -4.00692 1.59764
11.43 2.1133 3.20985
11.44 8.24779 4.6608
11.45 13.9581 5.69617
11.46 17.9158 4.9103
11.47 20.4373 2.90695
11.48 20.5159 -0.176075
11.49 20.5382 -3.07166
11.5 19.3372 -5.65509
11.51 17.8524 -7.04685
11.52 14.03 -8.01584
11.53 6.12988 -7.86017
11.54 -1.12425 -7.22627
11.55 -6.62454 -5.39684
11.56 -6.54774 -3.19914
11.57 -2.31148 -0.687041
11.58 1.86856 1.03152
11.59 5.22539 2.31064
11.6 9.4448 2.41466
11.61 16.1831 1.89067
11.62 23.5955 0.496147
11.63 28.1005 -1.03846
11.64 27.4742 -2.81109
11.65 23.7952 -4.32
11.66 20.1323 -5.87533
11.67 17.0532 -6.7428
11.68 13.762 -7.02096
11.69 6.57868 -6.3006
11.7 -2.21926 -4.87805
11.71 -10.5547 -2.55882
11.72 -15.0171 -0.603256
11.73 -14.9566 1.24995
11.74 -13.2141 2.25732
11.75 -11.781 3.69732
11.76 -11.7604 4.09065
11.77 -9.2402 3.40893
11.78 -4.09493 2.45712
11.79 -0.607689 1.16978
11.8 2.13433 -1.07484
11.81 1.22914 -3.3177
11.82 0.145318 -3.89337
11.83 -1.20976 -4.34321
11.84 -1.74676 -4.11276
11.85 -3.30523 -2.78056
11.86 -7.13692 -3.15442
11.87 -7.55904 -3.36912
11.88 -6.94684 -1.59645
11.89 -6.89299 0.559364
11.9 -7.61247 1.93614
11.91 -5.24944 4.7107
11.92 -5.09115 6.58735
11.93 -3.61397 6.68562
11.94 -2.09902 5.79572
11.95 2.59844 3.87358
11.96 7.80535 2.04829
11.97 13.4962 1.01652
11.98 17.2898 0.354577
11.99 17.4975 -0.520751
12 15.1689 -1.25684
12.01 12.3061 -2.03575
12.02 9.46547 -2.51123
12.03 7.60501 -2.82291
12.04 5.34267 -2.51042
12.05 1.57646 -1.81447
12.06 -2.56396 -0.675339
12.07 -7.1752 0.597035
12.08 -10.069 1.96857
12.09 -10.457 3.00037
12.1 -9.78501 3.78117
12.11 -7.67938 4.2555
12.12 -6.54791 4.41494
12.13 -6.49168 4.27336
12.14 -7.18069 3.77238
12.15 -8.92753 3.23675
12.16 -9.98709 2.74388
12.17 -9.94488 2.30516
12.18 -10.2726 1.80422
12.19 -10.0364 1.37745
12.2 -11.6409 1.04264
12.21 -12.362 0.668822
12.22 -13.2945 0.115284
12.23 -13.0156 -0.300413
12.24 -11.5371 -0.489665
12.25 -10.6025 -0.418314
12.26 -9.17027 -0.150709
12.27 -8.20245 -0.0773356
12.28 -5.71281 -0.20013
12.29 -1.92242 -0.400254
12.3 2.71779 -0.376182
12.31 3.54893 -0.234743
12.32 3.26444 -0.0638194
12.33 -4.60498 0.0698592
12.34 -10.238 0.235119
12.35 -12.4907 0.351146
12.36 -13.0387 0.369157
12.37 -8.55237 0.28221
12.38 -6.19894 -0.0119667
12.39 -5.07298 -0.300117
12.4 -5.08497 -0.485245
12.41 -5.35263 -0.510547
12.42 -5.72218 -0.407749
12.43 -6.03252 -0.354859
12.44 -6.63583 -0.292417
12.45 -5.48858 -0.307122
12.46 -4.17208 -0.24955
12.47 -0.354124 -0.219141
12.48 2.73466 -0.166674
12.49 4.61855 -0.103276
12.5 5.15661 -0.11182
12.51 4.14199 -0.133557
12.52 3.2088 -0.0685026
12.53 2.30833 -0.0359686
12.54 2.81831 -0.559672
12.55 3.20397 -0.6588
12.56 3.96425 -0.587885
12.57 4.21152 -2.13544
12.58 4.80483 -2.44924
12.59 5.18525 -3.46253
12.6 5.41624 -1.57818
12.61 6.8583 0.356313
12.62 5.73966 0.500744
12.63 4.68539 0.991803
12.64 2.45601 2.08328
12.65 -0.934617 3.5351
12.66 -5.24398 5.21208
12.67 -8.03621 5.90282
12.68 -11.1586 5.65735
12.69 -13.1439 4.82942
12.7 -14.776 4.19
12.71 -17.5202 3.55209
12.72 -18.2816 3.0532
12.73 -18.8669 2.11133
12.74 -18.281 1.6279
12.75 -14.7363 0.429238
12.76 -11.3091 -0.189207
12.77 -6.171 -1.45493
12.78 -2.08648 -1.28354
12.79 -0.173126 -0.652557
12.8 3.60417 0.560569
12.81 3.60432 0.966818
12.82 4.23111 2.0773
12.83 0.634077 1.89962
12.84 -1.60925 2.39947
12.85 -1.61019 1.51241
12.86 -0.0961834 0.422382
12.87 4.15367 -1.5903
12.88 7.21462 -2.81555
12.89 7.78554 -3.19537
12.9 8.50577 -2.5433
12.91 9.2136 -2.65839
12.92 10.1734 -2.51483
12.93 12.3721 -2.54197
12.94 13.2023 -2.2075
12.95 15.0004 -1.94181
12.96 15.7246 -0.989618
12.97 16.9285 -0.10869
12.98 17.3652 0.906269
12.99 15.317 0.851663
13 12.8555 0.188848
13.01 7.91864 -1.43522
13.02 4.89244 -1.70066
13.03 0.71563 -2.07803
13.04 -0.966339 -2.79383
13.05 -1.88732 -3.15971
13.06 -1.81488 -3.75892
13.07 -0.789438 -3.86967
13.08 0.4036 -3.7835
13.09 0.861007 -2.87228
13.1 0.987795 -1.64439
13.11 -0.447423 -0.243537
13.12 -2.10459 0.410038
13.13 -3.63146 0.724283
13.14 -4.95857 0.630019
13.15 -4.63329 0.480533
13.16 -4.66912 0.0439709
13.17 -3.46954 -0.447215
13.18 -2.93127 -1.23963
13.19 -3.49141 -2.05363
13.2 -3.8123 -2.85422
13.21 -5.03083 -3.22637
13.22 -5.21004 -3.07366
13.23 -4.31479 -2.50048
13.24 -2.13165 -1.90854
13.25 1.7138 -1.17596
13.26 5.87512 -0.732798
13.27 9.01349 -0.0408964
13.28 11.5574 0.578614
13.29 11.0241 0.96884
13.3 10.5474 1.31028
13.31 11.1939 1.13343
13.32 11.2801 0.438516
13.33 13.1978 -0.184502
13.34 13.98 -0.946319
13.35 14.2011 -1.34853
13.36 14.2476 -1.54762
13.37 12.3841 -1.61321
13.38 10.6426 -1.37208
13.39 7.38947 -0.853268
13.4 4.68452 -0.324011
13.41 2.31435 0.268024
13.42 0.85791 0.895822
13.43 -0.0893233 1.56133
13.44 -0.958388 2.10864
13.45 -0.246375 2.33425
13.46 -0.460557 2.3399
13.47 1.59992 2.08657
13.48 2.1123 1.65419
13.49 2.47923 1.17551
13.5 1.94051 0.779985
13.51 0.161476 0.500039
13.52 -1.24763 0.421804
13.53 -3.50208 0.424953
13.54 -5.12332 0.620722
13.55 -7.21002 0.855085
13.56 -8.867 1.24904
13.57 -12.9913 1.75748
13.58 -15.3246 2.41817
13.59 -16.8697 3.002
13.6 -17.2008 3.43471
13.61 -13.5222 3.60849
13.62 -9.98294 3.33506
13.63 -4.71338 2.44513
13.64 0.106063 1.38614
13.65 3.88094 0.419439
13.66 6.95479 0.0967339
13.67 7.21996 -0.653002
13.68 6.21328 -1.11034
13.69 4.26284 -1.11438
13.7 1.51658 -1.30679
13.71 -0.122636 -1.26104
13.72 -1.15204 -1.46855
13.73 -1.67372 -1.3625
13.74 -1.23616 -1.20665
13.75 -1.50314 -0.945437
13.76 -0.654603 -0.528635
13.77 2.09266 -0.362877
13.78 5.24447 -0.381483
13.79 9.55584 -0.627836
13.8 12.986 -0.795704
13.81 14.8334 -0.921554
13.82 14.8331 -0.87536
13.83 12.1485 -0.684223
13.84 8.33955 -0.122686
13.85 3.56026 0.0077662
13.86 -0.82441 0.156618
13.87 -5.6478 0.47976
13.88 -9.93597 0.333611
13.89 -13.3008 0.443967
13.9 -15.3344 0.233168
13.91 -13.6517 0.373426
13.92 -11.1972 0.190799
13.93 -8.67243 0.0115231
13.94 -5.48932 -0.16898
13.95 -4.47819 -0.0589701
13.96 -2.80053 0.0405994
13.97 -3.33836 0.156492
13.98 -3.4769 0.325152
13.99 -5.85033 0.595069
14 -8.03364 0.854906
14.01 -11.8791 1.14734
14.02 -15.0091 1.33837
14.03 -16.8333 1.45432
14.04 -17.5098 1.35918
14.05 -15.4219 1.13283
14.06 -12.649 0.631425
14.07 -7.98607 0.206121
14.08 -3.06445 -0.155798
14.09 1.37798 -0.479111
14.1 5.49448 -0.698941
14.11 7.08094 -0.770849
14.12 7.65985 -0.921065
14.13 6.96989 -0.781162
14.14 5.80683 -0.587753
14.15 6.718 -0.361121
14.16 7.03006 -0.140986
14.17 8.30263 0.0579551
14.18 8.67776 0.171865
14.19 8.34686 0.0157657
14.2 8.31968 -0.105479
14.21 8.96386 -0.264476
14.22 10.1626 -0.464818
14.23 11.3061 -0.61222
14.24 12.3231 -0.748499
14.25 11.2444 -1.00057
14.26 10.5049 -0.997924
14.27 6.1377 -0.866945
14.28 1.66627 -0.891352
14.29 -3.40132 -0.413347
14.3 -8.8475 -0.360132
14.31 -11.8056 0.0342051
14.32 -13.7592 0.137658
14.33 -14.1059 0.505213
14.34 -14.3702 0.686231
14.35 -15.5907 1.19001
14.36 -16.9113 1.24745
14.37 -15.9084 1.66323
14.38 -14.6295 1.66984
14.39 -12.715 1.95619
14.4 -11.6388 1.818
14.41 -11.3945 1.65675
14.42 -9.8502 1.49107
14.43 -7.47361 0.963067
14.44 -5.31349 0.41134
14.45 -2.65312 -0.120911
14.46 -0.844259 -0.921164
14.47 2.61042 -1.5603
14.48 6.57216 -2.34171
14.49 11.2 -2.65987
14.5 15.2306 -2.82893
14.51 16.417 -2.56381
14.52 16.3294 -2.17129
14.53 14.7304 -1.54984
14.54 13.5055 -0.980879
14.55 13.6655 -0.4559
14.56 13.4389 -0.091205
14.57 12.9703 0.165959
14.58 11.6655 0.330898
14.59 8.51415 0.466516
14.6 5.58695 0.4785
14.61 2.9613 0.476906
14.62 0.315366 0.356246
14.63 -1.73553 0.272075
14.64 -4.00033 0.0131769
14.65 -4.40638 -0.108434
14.66 -4.5814 -0.282721
14.67 -5.45311 -0.177493
14.68 -5.98599 -0.00628007
14.69 -7.32054 0.283106
14.7 -8.68385 0.640859
14.71 -8.95519 0.93492
14.72 -8.91708 1.15381
14.73 -8.6615 1.2872
14.74 -7.90465 1.34232
14.75 -7.78036 1.2812
14.76 -7.30055 1.14692
14.77 -6.23036 0.916224
14.78 -4.67043 0.594109
14.79 -1.51081 0.221513
14.8 1.61208 -0.176956
14.81 4.60767 -0.501529
14.82 7.40123 -0.716229
14.83 9.55476 -0.85208
14.84 11.464 -0.821304
14.85 12.255 -0.766177
14.86 12.7208 -0.613752
14.87 11.7164 -0.470924
14.88 10.5429 -0.289464
14.89 8.90873 -0.147604
14.9 7.59235 -0.0108734
14.91 6.24342 0.063311
14.92 5.01101 0.0645282
14.93 2.69621 0.0270077
14.94 0.625298 -0.00792188
14.95 -0.450653 -0.0588912
14.96 -1.35001 -0.0794238
14.97 -1.18663 -0.0732577
14.98 -1.54675 -0.0525879
14.99 -0.854273 -0.0385277
15 -1.09861 0.00688307
15.01 -1.44417 0.091582
15.02 -2.06051 0.242813
15.03 -2.6591 0.376367
15.04 -3.68164 0.510154
15.05 -3.85808 0.535965
15.06 -4.06992 0.509805
15.07 -2.91105 0.395963
15.08 -1.49376 0.21433
15.09 -0.095815 0.00930346
15.1 1.34422 -0.145104
15.11 1.43373 -0.282339
15.12 2.29034 -0.336808
15.13 3.2566 -0.377261
15.14 4.73927 -0.411543
15.15 6.08995 -0.40861
15.16 7.23862 -0.394181
15.17 7.93446 -0.329963
15.18 8.37906 -0.220801
15.19 7.89069 -0.132515
15.2 6.97654 -0.0657822
15.21 4.33667 -0.0110041
15.22 1.72742 0.0416791
15.23 -1.75165 0.0134345
15.24 -4.2968 0.000974266
15.25 -6.6087 -0.0522357
15.26 -8.20785 -0.0650862
15.27 -8.14786 -0.0823158
15.28 -8.53719 -0.119674
15.29 -6.44646 -0.173604
15.3 -4.89575 -0.198741
15.31 -2.84513 -0.159912
15.32 -1.00026 -0.0232652
15.33 -1.11596 0.0125605
15.34 -1.03993 0.0690322
15.35 -2.07613 0.163867
15.36 -2.36985 0.143556
15.37 -2.40475 0.24337
15.38 -2.95925 -0.199169
15.39 -4.30547 0.0145581
15.4 -5.00695 -0.355098
15.41 -4.7643 -0.361838
15.42 -3.36011 -0.893312
15.43 -0.323937 -0.855317
15.44 2.73589 -1.16013
15.45 6.56201 -0.992503
15.46 9.85087 -1.38833
15.47 11.7424 -1.1967
15.48 12.5775 -1.20798
15.49 11.4861 -0.810129
15.5 9.61788 -0.846046
15.51 6.84983 -0.433269
15.52 4.04879 -0.27676
15.53 0.667094 0.0970796
15.54 -2.31613 0.00311109
15.55 -4.70001 0.0799413
15.56 -6.23559 -0.0783788
15.57 -7.00064 -0.0377156
15.58 -7.18267 -0.166966
15.59 -7.66498 -0.0467396
15.6 -7.91513 -0.107017
15.61 -7.79858 -0.0386885
15.62 -7.22033 -0.0909087
15.63 -5.16791 0.0880326
15.64 -4.17646 0.252487
15.65 -2.62539 0.605277
15.66 -2.68939 0.78914
15.67 -3.15519 1.06699
15.68 -4.15809 1.19927
15.69 -6.79029 1.39083
15.7 -8.45298 1.35444
15.71 -10.345 1.30893
15.72 -10.4637 0.984524
15.73 -8.42848 0.667573
15.74 -5.41942 0.114205
15.75 -0.0971557 -0.323187
15.76 4.46996 -0.850705
15.77 8.39734 -0.987684
15.78 11.0772 -1.14549
15.79 11.7481 -0.988336
15.8 12.1745 -0.810909
15.81 11.7163 -0.560047
15.82 11.4187 -0.332049
15.83 10.0402 -0.0627441
15.84 8.02056 0.18371
15.85 4.08767 0.458754
15.86 -0.00770515 0.628384
15.87 -4.32941 0.767922
15.88 -7.55921 0.815502
15.89 -9.15745 0.725035
15.9 -9.46597 0.865519
15.91 -7.28056 0.798423
15.92 -4.49065 0.700898
15.93 -1.5092 0.509752
15.94 0.856707 0.464236
15.95 0.0591598 0.447517
15.96 -1.39007 0.646001
15.97 -4.64712 0.88654
15.98 -7.5383 1.29285
15.99 -9.08117 1.60114
16 -10.618 1.73101
16.01 -11.461 1.66227
16.02 -12.0239 1.46336
16.03 -11.6834 1.19751
16.04 -10.2335 0.942934
16.05 -7.06943 0.681954
16.06 -3.73578 0.429549
16.07 0.632893 0.167601
16.08 4.64267 -0.129778
16.09 9.76602 -0.483221
16.1 13.8738 -0.810119
16.11 16.525 -1.00331
16.12 17.6151 -1.11281
16.13 16.1922 -1.15369
16.14 14.2094 -1.0269
16.15 10.7689 -0.865441
16.16 8.11684 -0.757399
16.17 5.05178 -0.66723
16.18 2.80747 -0.579644
16.19 0.21978 -0.487527
16.2 -1.42609 -0.304514
16.21 -2.32539 0.0148083
16.22 -2.80715 0.321111
16.23 -2.51682 0.632643
16.24 -2.63191 0.863147
16.25 -1.0758 0.944941
16.26 -0.473335 0.865582
16.27 2.12664 0.611586
16.28 3.25055 0.303683
16.29 3.08687 0.125116
16.3 2.00439 0.133847
16.31 -1.82666 0.108699
16.32 -5.18429 0.139938
16.33 -8.60905 0.0309066
16.34 -10.674 -0.141293
16.35 -11.5103 -0.382104
16.36 -10.8893 -0.585343
16.37 -9.35129 -0.60303
16.38 -6.65278 -0.478409
16.39 -4.21442 -0.239169
16.4 -1.17499 0.00278555
16.41 1.41751 0.113281
16.42 3.92558 0.104066
16.43 5.7502 0.0895455
16.44 7.10663 -0.00506577
16.45 7.35375 -0.14831
16.46 6.73147 -0.206334
16.47 6.362 -0.3217
16.48 4.63726 -0.452589
16.49 4.06464 -0.598615
16.5 2.70244 -0.857194
16.51 1.66433 -0.991575
16.52 1.00853 -1.07729
16.53 0.346385 -1.07365
16.54 0.775027 -0.966043
16.55 1.66199 -0.807495
16.56 3.26472 -0.645431
16.57 4.28797 -0.470615
16.58 5.27533 -0.338742
16.59 6.0458 -0.169964
16.6 6.17512 -0.0394525
16.61 6.21403 0.101185
16.62 5.30181 0.145225
16.63 3.88696 0.137564
16.64 1.86021 0.0576262
16.65 -0.714183 -0.024944
16.66 -2.94934 -0.113334
16.67 -4.92205 -0.180543
16.68 -6.61837 -0.226197
16.69 -7.50562 -0.254832
16.7 -8.14603 -0.245207
16.71 -7.77393 -0.21803
16.72 -7.04874 -0.101736
16.73 -5.42764 0.0527571
16.74 -3.75492 0.242135
16.75 -1.88769 0.411258
16.76 -0.0485854 0.544476
16.77 2.30265 0.577589
16.78 4.32843 0.547584
16.79 5.91804 0.466941
16.8 6.91177 0.342321
16.81 6.32811 0.18338
16.82 5.63775 -0.00137007
16.83 4.46615 -0.235348
16.84 3.61528 -0.454908
16.85 3.21337 -0.655296
16.86 3.12377 -0.819898
16.87 2.51858 -0.850825
16.88 2.57666 -0.804174
16.89 1.32246 -0.637875
16.9 0.799424 -0.397749
16.91 0.906897 -0.15723
16.92 0.736012 0.0629413
16.93 0.951878 0.260691
16.94 0.765316 0.36239
16.95 -0.292056 0.468246
16.96 -1.50866 0.47617
16.97 -3.13012 0.489105
16.98 -5.09129 0.416358
16.99 -6.41181 0.338223
17 -7.63697 0.19918
17.01 -7.29768 0.00575766
17.02 -6.81413 -0.185322
17.03 -6.57247 -0.340034
17.04 -6.04834 -0.434205
17.05 -5.53491 -0.485539
17.06 -4.52643 -0.484239
17.07 -2.9678 -0.506709
17.08 -1.05632 -0.355056
17.09 1.53881 -0.304198
17.1 3.34696 -0.242362
17.11 6.1705 -0.412753
17.12 7.93289 -0.42237
17.13 8.57839 -0.372255
17.14 7.90301 -0.469257
17.15 6.59438 -0.503468
17.16 4.9512 -0.721582
17.17 4.6482 -0.719579
17.18 4.387 -0.94965
17.19 5.00449 -1.00822
17.2 5.04019 -1.25054
17.21 5.02246 -1.14444
17.22 4.58793 -1.12398
17.23 3.4799 -0.82979
17.24 2.47633 -0.590978
17.25 1.49304 -0.217458
17.26 0.551688 0.0116542
17.27 -0.940463 0.464421
17.28 -2.19248 0.649242
17.29 -3.54295 0.938647
17.3 -5.04169 1.09083
17.31 -6.66196 1.31725
17.32 -8.4143 1.34705
17.33 -10.062 1.45687
17.34 -11.1443 1.38535
17.35 -11.5525 1.38449
17.36 -11.1824 1.25743
17.37 -10.4883 1.19371
17.38 -9.3695 1.05269
17.39 -8.52252 1.00183
17.4 -7.46796 0.914116
17.41 -6.37444 0.976853
17.42 -5.28173 0.988652
17.43 -4.17723 1.05003
17.44 -3.17447 1.06924
17.45 -2.35626 1.13496
17.46 -1.42012 1.09622
17.47 0.169025 1.0124
17.48 1.55299 0.847326
17.49 3.63399 0.668021
17.5 5.11965 0.371215
17.51 7.65717 0.161812
17.52 9.4123 -0.201749
17.53 10.9779 -0.421734
17.54 11.8539 -0.67376
17.55 12.0533 -0.781168
17.56 12.0195 -0.861913
17.57 11.3035 -0.846014
17.58 10.5703 -0.810917
17.59 9.72347 -0.740775
17.6 8.67169 -0.57619
17.61 7.50663 -0.325507
17.62 5.85547 -0.083436
17.63 3.90513 0.328774
17.64 1.71194 0.684064
17.65 -0.530328 1.1396
17.66 -2.53363 1.24746
17.67 -4.79465 1.4252
17.68 -6.78954 1.35732
17.69 -8.80893 1.30138
17.7 -10.37 1.08501
17.71 -11.871 1.05432
17.72 -13.1288 0.828403
17.73 -14.1665 0.89489
17.74 -15.103 0.825492
17.75 -15.5267 0.839253
17.76 -15.5671 0.759817
17.77 -14.2195 0.808929
17.78 -12.6122 0.706303
17.79 -9.53684 0.663702
17.8 -6.2704 0.420525
17.81 -3.16641 0.214303
17.82 0.0308304 -0.119208
17.83 2.22675 -0.627043
17.84 4.60923 -1.09635
17.85 6.31298 -1.55241
17.86 7.80359 -1.94863
17.87 9.78225 -2.20683
17.88 10.9685 -2.4714
17.89 11.579 -2.41603
17.9 11.7826 -2.327
17.91 12.0186 -2.01524
17.92 11.7955 -1.70917
17.93 12.7692 -1.26437
17.94 12.9007 -1.03542
17.95 13.2529 -0.710486
17.96 12.9632 -0.5506
17.97 12.3335 -0.331958
17.98 11.0249 -0.3684
17.99 8.55752 -0.359032
18 5.36276 -0.417815
18.01 0.715924 -0.652412
18.02 -3.35568 -0.793886
18.03 -7.20193 -0.886301
18.04 -10.3553 -0.937965
18.05 -13.1479 -0.768709
18.06 -14.0134 -0.524348
18.07 -14.8535 -0.430482
18.08 -14.116 0.000638584
18.09 -13.0038 0.243661
18.1 -11.5712 0.785782
18.11 -10.4867 1.03017
18.12 -9.01563 1.46181
18.13 -8.93216 1.59267
18.14 -8.19246 1.78311
18.15 -7.71255 1.60219
18.16 -6.78962 1.43933
18.17 -4.67145 0.96399
18.18 -2.52052 0.470183
18.19 1.05248 -0.220783
18.2 4.42937 -0.847381
18.21 7.26192 -1.32074
18.22 9.94233 -1.56167
18.23 11.4753 -1.62072
18.24 13.013 -1.24347
18.25 13.3827 -1.02671
18.26 13.8588 -0.64838
18.27 12.9979 -0.350793
18.28 12.1609 0.0591212
18.29 11.2022 0.258952
18.3 9.80905 0.528399
18.31 8.95379 0.605895
18.32 7.32902 0.601214
18.33 6.45403 0.467001
18.34 5.02288 0.312875
18.35 3.55187 0.031091
18.36 2.05058 -0.1344
18.37 -0.335504 -0.263566
18.38 -2.31535 -0.228215
18.39 -4.77459 -0.11738
18.4 -6.81782 0.124432
18.41 -7.65102 0.337483
18.42 -8.62373 0.619143
18.43 -9.00591 0.864959
18.44 -9.30973 1.118
18.45 -9.07261 1.31102
18.46 -8.55683 1.47649
18.47 -7.65541 1.49379
18.48 -6.27314 1.36884
18.49 -5.62102 1.09903
18.5 -4.33651 0.750226
18.51 -4.63324 0.373562
18.52 -4.25014 -0.00501274
18.53 -5.00106 -0.287326
18.54 -5.2565 -0.478297
18.55 -4.04793 -0.65037
18.56 -2.99016 -0.737411
18.57 0.201897 -0.812041
18.58 2.67561 -0.973901
18.59 6.30125 -0.893171
18.6 9.22704 -0.706105
18.61 11.4426 -0.733828
18.62 12.9972 -0.663245
18.63 13.0656 -0.824363
18.64 13.168 -0.666015
18.65 11.5386 -0.919756
18.66 10.1722 -0.98921
18.67 7.83496 -1.2894
18.68 5.78113 -1.3177
18.69 3.37728 -1.44957
18.7 1.46681 -1.3227
18.71 0.372949 -1.302
18.72 -0.353283 -1.07015
18.73 -0.400061 -0.800467
18.74 -0.478055 -0.362475
18.75 -1.18907 -0.0964211
18.76 -1.89616 0.318966
18.77 -3.29507 0.513592
18.78 -4.9805 0.726158
18.79 -6.953 0.885938
18.8 -9.31781 1.19486
18.81 -11.6068 1.36575
18.82 -13.864 1.54185
18.83 -16.1579 1.57126
18.84 -17.7701 1.57167
18.85 -18.3573 1.43626
18.86 -17.6487 1.34783
18.87 -15.0805 1.14087
18.88 -11.5572 1.02353
18.89 -7.2228 0.722523
18.9 -3.07615 0.466958
18.91 1.69441 0.414858
18.92 5.15163 0.313288
18.93 8.24662 0.151951
18.94 10.0844 -0.0571014
18.95 11.2064 0.173408
18.96 11.8573 -0.0656052
18.97 11.1234 -0.138918
18.98 10.3511 -0.406686
18.99 9.17468 -0.296719
19 7.54139 -0.456567
19.01 6.63008 -0.420717
19.02 6.01859 -0.62053
19.03 6.37335 -0.577945
19.04 6.92216 -0.580262
19.05 7.84044 -0.396316
19.06 8.25869 -0.196995
19.07 7.95043 0.0669323
19.08 7.36419 0.50975
19.09 5.19258 0.904867
19.1 2.5732 1.28802
19.11 -1.27043 1.52583
19.12 -4.60414 1.74458
19.13 -7.88342 1.68426
19.14 -10.7487 1.77823
19.15 -12.5195 1.66332
19.16 -13.9682 1.5284
19.17 -14.5339 1.27015
19.18 -14.5071 1.08002
19.19 -13.9084 0.950308
19.2 -12.4576 0.812303
19.21 -10.3372 0.711918
19.22 -7.84824 0.633932
19.23 -5.37564 0.530697
19.24 -2.8346 0.33681
19.25 -0.154083 0.173531
19.26 2.33384 -0.0448695
19.27 3.49203 -0.29728
19.28 4.30383 -0.626065
19.29 3.84473 -0.917994
19.3 3.78255 -1.29041
19.31 3.98642 -1.60407
19.32 4.55331 -1.88626
19.33 5.70422 -1.95867
19.34 6.82333 -1.87734
19.35 7.95301 -1.71623
19.36 8.91135 -1.59049
19.37 9.1824 -1.36242
19.38 9.38222 -1.04218
19.39 9.44382 -0.768321
19.4 9.09538 -0.531046
19.41 8.75709 -0.372056
19.42 7.96242 -0.349912
19.43 6.40394 -0.426087
19.44 4.52099 -0.622532
19.45 2.07019 -0.869832
19.46 -0.730426 -1.06842
19.47 -3.8679 -1.19873
19.48 -6.51052 -1.24636
19.49 -7.78049 -1.24877
19.5 -8.49251 -1.22258
19.51 -7.48665 -1.09409
19.52 -6.61069 -0.851252
19.53 -5.96188 -0.549575
19.54 -5.28719 -0.222908
19.55 -4.94632 0.0813948
19.56 -4.61133 0.379584
19.57 -3.85217 0.540585
19.58 -3.22505 0.611088
19.59 -2.01043 0.537804
19.6 -0.903959 0.386482
19.61 -0.415029 0.161518
19.62 0.0916756 -0.0788417
19.63 -0.347295 -0.340179
19.64 -0.440875 -0.520857
19.65 -0.437524 -0.663309
19.66 0.246056 -0.687332
19.67 1.79754 -0.616004
19.68 3.42248 -0.447792
19.69 5.6985 -0.22447
19.7 7.46355 -0.0127442
19.71 8.7495 0.205495
19.72 9.43735 0.429824
19.73 9.37745 0.57912
19.74 8.75441 0.718052
19.75 8.37657 0.714217
19.76 7.59603 0.651536
19.77 7.09104 0.489699
19.78 6.30854 0.298874
19.79 4.91272 0.0952439
19.8 3.4339 -0.000645443
19.81 1.82591 -0.0554152
19.82 0.490391 0.000828017
19.83 -0.916763 0.128861
19.84 -1.71061 0.327102
19.85 -2.97189 0.585647
19.86 -3.59239 0.854065
19.87 -4.09267 1.10954
19.88 -4.4028 1.3254
19.89 -4.19163 1.4642
19.9 -4.32563 1.50906
19.91 -5.04106 1.51817
19.92 -5.84637 1.45116
19.93 -7.34284 1.36633
19.94 -8.46344 1.22469
19.95 -9.07436 1.0591
19.96 -9.36218 0.869955
19.97 -9.15602 0.608408
19.98 -4.95662 0.238907
19.99 -3.76426 -0.166068
20 -3.06582 -0.269012
20.01 -1.39781 -0.390222
