0 -8.41605e-07 1.3112e-15
0.01 -5.36129e-05 -4.54076e-08
0.02 -0.000259698 -4.8851e-07
0.03 -0.000656936 -1.92567e-06
0.04 -0.00122847 -2.741e-06
0.05 -0.00196413 4.33925e-06
0.06 -0.00284756 2.8849e-05
0.07 -0.00383471 7.26452e-05
0.08 -0.00486027 0.000126853
0.09 -0.00590013 0.000179433
0.1 -0.00701693 0.000222918
0.11 -0.00832012 0.000256727
0.12 -0.00994264 0.000287291
0.13 -0.0120278 0.000328308
0.14 -0.0146668 0.000397325
0.15 -0.0178377 0.000508766
0.16 -0.0213873 0.000670062
0.17 -0.0250784 0.000879978
0.18 -0.0286338 0.00112656
0.19 -0.0317629 0.00138874
0.2 -0.0342039 0.00164293
0.21 -0.0358202 0.00187132
0.22 -0.0366717 0.00206703
0.23 -0.0369704 0.00223354
0.24 -0.0370167 0.00238184
0.25 -0.0370792 0.00252968
0.26 -0.0372893 0.00270057
0.27 -0.0376721 0.00291741
0.28 -0.0381734 0.00319074
0.29 -0.0386936 0.0035076
0.3 -0.0391534 0.00383013
0.31 -0.0394899 0.0041099
0.32 -0.0396581 0.00430914
0.33 -0.039654 0.00441566
0.34 -0.0394829 0.00444345
0.35 -0.0391676 0.00441824
0.36 -0.0387504 0.00435963
0.37 -0.0382283 0.00427139
0.38 -0.0375699 0.00414512
0.39 -0.0367497 0.00397393
0.4 -0.0357491 0.00376187
0.41 -0.0345322 0.00352078
0.42 -0.032959 0.00326091
0.43 -0.0308761 0.00298299
0.44 -0.0282438 0.00267625
0.45 -0.0251013 0.00232237
0.46 -0.0215819 0.00190516
0.47 -0.0178728 0.00142805
0.48 -0.0141443 0.000925341
0.49 -0.0106193 0.000452326
0.5 -0.0075797 6.11709e-05
0.51 -0.00521139 -0.000223998
0.52 -0.00349694 -0.00041714
0.53 -0.002242 -0.000555198
0.54 -0.00115903 -0.000675163
0.55 9.17588e-05 -0.00080453
0.56 0.00190075 -0.000963665
0.57 0.004617 -0.00116522
0.58 0.00847388 -0.00140805
0.59 0.0135541 -0.00167909
0.6 0.0197457 -0.0019631
0.61 0.0267325 -0.00224878
0.62 0.0339954 -0.00253133
0.63 0.0409879 -0.00281052
0.64 0.0472971 -0.00308068
0.65 0.0525905 -0.00332187
0.66 0.0566045 -0.00350641
0.67 0.0590904 -0.00361937
0.68 0.0597336 -0.00367318
0.69 0.0584179 -0.00370098
0.7 0.0554112 -0.00373281
0.71 0.0511844 -0.00376798
0.72 0.0463161 -0.00377143
0.73 0.0414362 -0.00371094
0.74 0.0371894 -0.00359863
0.75 0.0342229 -0.00349306
0.76 0.0330357 -0.00346424
0.77 0.0337065 -0.00355243
0.78 0.0356952 -0.00374963
0.79 0.0379779 -0.00400945
0.8 0.0393058 -0.00426688
0.81 0.0387273 -0.00444851
0.82 0.0360398 -0.0044708
0.83 0.0315872 -0.00424854
0.84 0.0260703 -0.0037339
0.85 0.0203245 -0.00296946
0.86 0.0149727 -0.00210301
0.87 0.0103959 -0.00133011
0.88 0.00659969 -0.000794366
0.89 0.00308693 -0.000507992
0.9 -0.000922764 -0.000347332
0.91 -0.00615009 -0.000131313
0.92 -0.0128674 0.000279144
0.93 -0.0207343 0.000921831
0.94 -0.0290225 0.00173458
0.95 -0.0367931 0.00260368
0.96 -0.0430619 0.00341638
0.97 -0.0471758 0.00409559
0.98 -0.0489073 0.00460808
0.99 -0.0485713 0.00494176
1 -0.0471522 0.00508964
1.01 -0.0458268 0.00506477
1.02 -0.0456087 0.00492315
1.03 -0.0471728 0.00477591
1.04 -0.0506617 0.00476921
1.05 -0.0558778 0.00501742
1.06 -0.0624477 0.00553753
1.07 -0.06988 0.00623698
1.08 -0.0777053 0.00695711
1.09 -0.085398 0.00754447
1.1 -0.092269 0.00790398
1.11 -0.097621 0.00801832
1.12 -0.10081 0.00794085
1.13 -0.101313 0.00775064
1.14 -0.0988991 0.00750315
1.15 -0.0935505 0.00723106
1.16 -0.0854419 0.00696284
1.17 -0.0751145 0.00672091
1.18 -0.0634432 0.00651485
1.19 -0.0515358 0.0063187
1.2 -0.040672 0.0060661
1.21 -0.0319442 0.00569781
1.22 -0.0260244 0.00520326
1.23 -0.0232502 0.00463653
1.24 -0.0236284 0.00410248
1.25 -0.0267953 0.00369917
1.26 -0.0319554 0.00346812
1.27 -0.0378256 0.00338701
1.28 -0.0427984 0.003388
1.29 -0.0455893 0.00338149
1.3 -0.0456789 0.00325976
1.31 -0.0431069 0.0028963
1.32 -0.0382577 0.00219798
1.33 -0.031711 0.00118189
1.34 -0.0242118 -1.79142e-06
1.35 -0.0166708 -0.00111546
1.36 -0.00993889 -0.00193557
1.37 -0.00464554 -0.00234975
1.38 -0.001105 -0.00238001
1.39 0.00066918 -0.00214767
1.4 0.000635567 -0.00180233
1.41 -0.00148269 -0.00145462
1.42 -0.00606516 -0.00115677
1.43 -0.0133641 -0.000904148
1.44 -0.0232302 -0.00064647
1.45 -0.0350269 -0.000309038
1.46 -0.047863 0.000189025
1.47 -0.0607119 0.000908057
1.48 -0.0723914 0.00184401
1.49 -0.0817058 0.00289192
1.5 -0.0876436 0.00389587
1.51 -0.0898106 0.00476579
1.52 -0.0885563 0.0054907
1.53 -0.0844036 0.00606172
1.54 -0.0779337 0.00645802
1.55 -0.0700814 0.00669955
1.56 -0.0619933 0.0068663
1.57 -0.0547399 0.00702036
1.58 -0.0491001 0.00717092
1.59 -0.0456838 0.00736654
1.6 -0.0454733 0.00772853
1.61 -0.0489852 0.00835809
1.62 -0.0553061 0.00925453
1.63 -0.063343 0.0103429
1.64 -0.0721904 0.0115293
1.65 -0.0804822 0.0126539
1.66 -0.0873577 0.0134475
1.67 -0.0928682 0.0136636
1.68 -0.097291 0.0132212
1.69 -0.101131 0.0122297
1.7 -0.104934 0.0109687
1.71 -0.108852 0.00976764
1.72 -0.112683 0.00885608
1.73 -0.116075 0.00829929
1.74 -0.118695 0.0080067
1.75 -0.120141 0.0078019
1.76 -0.120141 0.00748334
1.77 -0.118873 0.00688403
1.78 -0.117023 0.00597632
1.79 -0.115778 0.00491826
1.8 -0.116027 0.0039711
1.81 -0.117867 0.00335633
1.82 -0.121381 0.00321171
1.83 -0.126443 0.00364533
1.84 -0.132126 0.00469896
1.85 -0.137314 0.00627807
1.86 -0.141342 0.00817169
1.87 -0.143905 0.0101013
1.88 -0.144689 0.0118086
1.89 -0.143514 0.0131644
1.9 -0.140521 0.0141727
1.91 -0.13572 0.0148727
1.92 -0.128813 0.0152794
1.93 -0.119368 0.0154416
1.94 -0.106626 0.0154811
1.95 -0.089916 0.0155242
1.96 -0.0695635 0.015617
1.97 -0.0466853 0.0156633
1.98 -0.0226289 0.0154413
1.99 0.000955117 0.0147073
2 0.0221607 0.0133096
2.01 0.0395388 0.011316
2.02 0.0526448 0.00900674
2.03 0.0621511 0.00668664
2.04 0.0698391 0.00459155
2.05 0.0774797 0.00285236
2.06 0.0860202 0.0013798
2.07 0.0959232 -0.000136665
2.08 0.106825 -0.00205445
2.09 0.117404 -0.00454728
2.1 0.125762 -0.00753871
2.11 0.130585 -0.0108414
2.12 0.132415 -0.0142196
2.13 0.132361 -0.017453
2.14 0.131137 -0.0203953
2.15 0.129904 -0.0229101
2.16 0.129879 -0.0249519
2.17 0.131416 -0.0266563
2.18 0.133844 -0.0282313
2.19 0.135943 -0.0298053
2.2 0.136653 -0.0313597
2.21 0.135133 -0.0327342
2.22 0.131227 -0.0336761
2.23 0.125347 -0.0339724
2.24 0.117566 -0.0335844
2.25 0.108215 -0.0326212
2.26 0.097853 -0.0311595
2.27 0.0863988 -0.0291278
2.28 0.0736612 -0.0263932
2.29 0.0598186 -0.0229082
2.3 0.0452138 -0.0187693
2.31 0.0300418 -0.0142079
2.32 0.0142552 -0.00953469
2.33 -0.00225584 -0.00506166
2.34 -0.0197564 -0.00104801
2.35 -0.0384425 0.00238782
2.36 -0.0586899 0.00539111
2.37 -0.0813001 0.00832764
2.38 -0.10644 0.0115864
2.39 -0.13341 0.0154346
2.4 -0.161088 0.0198794
2.41 -0.188184 0.0246216
2.42 -0.213148 0.0291948
2.43 -0.234152 0.0330667
2.44 -0.250179 0.0358072
2.45 -0.260747 0.0373438
2.46 -0.265298 0.0379973
2.47 -0.264934 0.038221
2.48 -0.262568 0.0382491
2.49 -0.260589 0.0381437
2.5 -0.260518 0.0381496
2.51 -0.264241 0.0386853
2.52 -0.273497 0.0399702
2.53 -0.288434 0.0418144
2.54 -0.307721 0.0437718
2.55 -0.329726 0.0454288
2.56 -0.352413 0.0465363
2.57 -0.373052 0.0469229
2.58 -0.389641 0.0463535
2.59 -0.401201 0.0446698
2.6 -0.406565 0.0420339
2.61 -0.405155 0.0388674
2.62 -0.397964 0.0356482
2.63 -0.386494 0.0326409
2.64 -0.37183 0.029864
2.65 -0.354755 0.0273369
2.66 -0.336454 0.0250836
2.67 -0.318089 0.0230157
2.68 -0.299811 0.020967
2.69 -0.28185 0.018739
2.7 -0.264991 0.016139
2.71 -0.248859 0.0131024
2.72 -0.232328 0.00980826
2.73 -0.215366 0.00658267
2.74 -0.198293 0.00371991
2.75 -0.180969 0.0014546
2.76 -0.163725 -4.47047e-05
2.77 -0.147409 -0.000705374
2.78 -0.13218 -0.000590854
2.79 -0.116903 3.92739e-05
2.8 -0.100154 0.000812957
2.81 -0.0811491 0.00141759
2.82 -0.0594792 0.00170791
2.83 -0.0355327 0.00169329
2.84 -0.0101889 0.00142061
2.85 0.0171056 0.000901651
2.86 0.0467312 0.000138458
2.87 0.0772785 -0.000869507
2.88 0.10799 -0.00207901
2.89 0.138703 -0.00331458
2.9 0.168147 -0.00440983
2.91 0.19537 -0.00540424
2.92 0.220659 -0.00652512
2.93 0.243753 -0.00804891
2.94 0.263696 -0.0100922
2.95 0.280202 -0.0124677
2.96 0.29293 -0.0148858
2.97 0.300948 -0.0172355
2.98 0.303962 -0.0195728
2.99 0.302367 -0.0219705
3 0.296294 -0.0244275
3.01 0.286306 -0.0268592
3.02 0.273907 -0.0291529
3.03 0.260367 -0.0312809
3.04 0.24636 -0.0332699
3.05 0.232273 -0.0350613
3.06 0.217863 -0.0365484
3.07 0.202446 -0.037702
3.08 0.185498 -0.0385435
3.09 0.166774 -0.0390596
3.1 0.14645 -0.0392027
3.11 0.124942 -0.0388571
3.12 0.102553 -0.0378727
3.13 0.0796803 -0.0362833
3.14 0.0568531 -0.0342711
3.15 0.0347477 -0.031914
3.16 0.0137702 -0.0292183
3.17 -0.00667501 -0.0262114
3.18 -0.0274697 -0.0228609
3.19 -0.0491839 -0.0190708
3.2 -0.0724743 -0.0147755
3.21 -0.0978455 -0.00998307
3.22 -0.125201 -0.00473264
3.23 -0.15399 0.000951068
3.24 -0.183514 0.00702008
3.25 -0.212902 0.0133734
3.26 -0.240857 0.0198588
3.27 -0.265847 0.0262274
3.28 -0.286571 0.0321708
3.29 -0.301925 0.0374757
3.3 -0.310944 0.042073
3.31 -0.313077 0.0459767
3.32 -0.308059 0.0492484
3.33 -0.295558 0.0519431
3.34 -0.275085 0.0540892
3.35 -0.246003 0.055744
3.36 -0.207679 0.0569816
3.37 -0.159697 0.0577944
3.38 -0.101769 0.0580022
3.39 -0.033836 0.0573336
3.4 0.0436221 0.0556819
3.41 0.130012 0.0531477
3.42 0.225337 0.0498295
3.43 0.329888 0.0456701
3.44 0.443775 0.040473
3.45 0.567399 0.0341108
3.46 0.701344 0.0266667
3.47 0.84545 0.0183324
3.48 0.999302 0.00927875
3.49 1.16296 -0.000411478
3.5 1.33652 -0.0107639
3.51 1.51974 -0.0219797
3.52 1.71245 -0.03438
3.53 1.91477 -0.0480715
3.54 2.12693 -0.0628962
3.55 2.34873 -0.0786946
3.56 2.57952 -0.0953508
3.57 2.81906 -0.112708
3.58 3.06801 -0.130624
3.59 3.3272 -0.149071
3.6 3.59706 -0.168132
3.61 3.87807 -0.187939
3.62 4.1704 -0.208605
3.63 4.47358 -0.230122
3.64 4.78723 -0.252333
3.65 5.11141 -0.274987
3.66 5.44619 -0.297819
3.67 5.79144 -0.320558
3.68 6.1471 -0.342899
3.69 6.51251 -0.364508
3.7 6.88559 -0.385087
3.71 7.26319 -0.404402
3.72 7.64137 -0.422293
3.73 8.01555 -0.438705
3.74 8.3807 -0.453699
3.75 8.73184 -0.467395
3.76 9.06431 -0.479961
3.77 9.37364 -0.491601
3.78 9.6556 -0.502512
3.79 9.90647 -0.512848
3.8 10.123 -0.522732
3.81 10.3018 -0.532282
3.82 10.4398 -0.541534
3.83 10.5347 -0.55033
3.84 10.5857 -0.558371
3.85 10.593 -0.565322
3.86 10.5584 -0.570799
3.87 10.4848 -0.574358
3.88 10.3751 -0.575602
3.89 10.2326 -0.574249
3.9 10.0606 -0.570145
3.91 9.86253 -0.563316
3.92 9.64041 -0.554009
3.93 9.39749 -0.542698
3.94 9.14086 -0.530065
3.95 8.88089 -0.516849
3.96 8.63066 -0.503596
3.97 8.40213 -0.490496
3.98 8.2021 -0.477429
3.99 8.03317 -0.46419
4 7.89524 -0.450771
4.01 7.78705 -0.437394
4.02 7.70755 -0.424276
4.03 7.65587 -0.411396
4.04 7.63082 -0.398589
4.05 7.62994 -0.38592
4.06 7.64977 -0.374065
4.07 7.68441 -0.364562
4.08 7.7217 -0.359982
4.09 7.74768 -0.361224
4.1 7.75288 -0.366658
4.11 7.7301 -0.374727
4.12 7.67288 -0.382883
4.13 7.57649 -0.387923
4.14 7.43772 -0.38895
4.15 7.25403 -0.386861
4.16 7.02189 -0.381804
4.17 6.7369 -0.373052
4.18 6.39672 -0.35993
4.19 6.00464 -0.341905
4.2 5.56785 -0.318865
4.21 5.09129 -0.29152
4.22 4.57658 -0.261176
4.23 4.02479 -0.229346
4.24 3.43712 -0.198807
4.25 2.81992 -0.172022
4.26 2.19147 -0.148702
4.27 1.56551 -0.128131
4.28 0.938631 -0.110575
4.29 0.302781 -0.0962509
4.3 -0.34546 -0.0849696
4.31 -0.99787 -0.0765368
4.32 -1.64054 -0.0708989
4.33 -2.26899 -0.066764
4.34 -2.88928 -0.0615344
4.35 -3.50702 -0.0527721
4.36 -4.11579 -0.0389451
4.37 -4.70416 -0.0196856
4.38 -5.2689 0.0041155
4.39 -5.81198 0.0307778
4.4 -6.332 0.0587409
4.41 -6.82483 0.0869646
4.42 -7.29001 0.114995
4.43 -7.73094 0.143217
4.44 -8.15135 0.172695
4.45 -8.55333 0.203747
4.46 -8.93839 0.234454
4.47 -9.30885 0.261731
4.48 -9.66609 0.284071
4.49 -10.0125 0.302336
4.5 -10.3524 0.319404
4.51 -10.6872 0.338919
4.52 -11.0172 0.363032
4.53 -11.3462 0.391455
4.54 -11.6793 0.422553
4.55 -12.0207 0.454956
4.56 -12.3713 0.488242
4.57 -12.7324 0.522598
4.58 -13.1027 0.558287
4.59 -13.4763 0.595383
4.6 -13.8465 0.632768
4.61 -14.2103 0.668201
4.62 -14.5699 0.699612
4.63 -14.9281 0.725846
4.64 -15.2837 0.746991
4.65 -15.6318 0.763925
4.66 -15.9698 0.777296
4.67 -16.2971 0.787145
4.68 -16.6103 0.793474
4.69 -16.9047 0.796659
4.7 -17.1785 0.797272
4.71 -17.4333 0.796064
4.72 -17.6704 0.794008
4.73 -17.8898 0.791963
4.74 -18.0922 0.790271
4.75 -18.2807 0.78869
4.76 -18.4578 0.786617
4.77 -18.6239 0.783301
4.78 -18.7791 0.778047
4.79 -18.9253 0.770448
4.8 -19.0643 0.760445
4.81 -19.1966 0.748214
4.82 -19.3224 0.733991
4.83 -19.4431 0.717956
4.84 -19.5602 0.70033
4.85 -19.6739 0.681463
4.86 -19.7827 0.661813
4.87 -19.8846 0.641988
4.88 -19.9774 0.62266
4.89 -20.0587 0.604352
4.9 -20.1257 0.587354
4.91 -20.1762 0.571723
4.92 -20.2079 0.557231
4.93 -20.2191 0.543315
4.94 -20.2082 0.529226
4.95 -20.1738 0.514263
4.96 -20.1149 0.49787
4.97 -20.0308 0.479605
4.98 -19.9211 0.459079
4.99 -19.7858 0.435978
5 -19.6251 0.410237
5.01 -19.439 0.382144
5.02 -19.2277 0.352288
5.03 -18.992 0.32148
5.04 -18.7332 0.290637
5.05 -18.4529 0.260642
5.06 -18.1537 0.232258
5.07 -17.8395 0.206037
5.08 -17.5147 0.182261
5.09 -17.183 0.161057
5.1 -16.848 0.142463
5.11 -16.5131 0.126329
5.12 -16.1806 0.112251
5.13 -15.8516 0.0996296
5.14 -15.5273 0.0878633
5.15 -15.2083 0.076512
5.16 -14.8943 0.0653361
5.17 -14.5844 0.0542326
5.18 -14.2768 0.0431284
5.19 -13.9701 0.0319446
5.2 -13.663 0.0206309
5.21 -13.3543 0.0092412
5.22 -13.0433 -0.00205348
5.23 -12.7284 -0.0129994
5.24 -12.4077 -0.0232757
5.25 -12.0794 -0.0326474
5.26 -11.7418 -0.0411109
5.27 -11.3936 -0.048865
5.28 -11.0336 -0.056319
5.29 -10.661 -0.0640298
5.3 -10.2763 -0.0725525
5.31 -9.88153 -0.0823749
5.32 -9.47917 -0.0937443
5.33 -9.07175 -0.10668
5.34 -8.66145 -0.121115
5.35 -8.25053 -0.136775
5.36 -7.84103 -0.153089
5.37 -7.43433 -0.169297
5.38 -7.03097 -0.184672
5.39 -6.63101 -0.19883
5.4 -6.23467 -0.211808
5.41 -5.84284 -0.223925
5.42 -5.45734 -0.235635
5.43 -5.08006 -0.247402
5.44 -4.71187 -0.259659
5.45 -4.35241 -0.272784
5.46 -4.00006 -0.287063
5.47 -3.6531 -0.302666
5.48 -3.31075 -0.31963
5.49 -2.97294 -0.337856
5.5 -2.63983 -0.357155
5.51 -2.31127 -0.377276
5.52 -1.98647 -0.397965
5.53 -1.66409 -0.419065
5.54 -1.34235 -0.440517
5.55 -1.02014 -0.462232
5.56 -0.697863 -0.484046
5.57 -0.376822 -0.505844
5.58 -0.0585258 -0.52759
5.59 0.255892 -0.549386
5.6 0.565862 -0.571508
5.61 0.870727 -0.594235
5.62 1.16947 -0.617715
5.63 1.46101 -0.641981
5.64 1.74465 -0.666973
5.65 2.02049 -0.69247
5.66 2.28954 -0.718077
5.67 2.55296 -0.743272
5.68 2.81108 -0.767501
5.69 3.0631 -0.790243
5.7 3.30745 -0.811072
5.71 3.54296 -0.82972
5.72 3.76947 -0.846041
5.73 3.98764 -0.860019
5.74 4.19858 -0.871765
5.75 4.40321 -0.88148
5.76 4.60176 -0.889466
5.77 4.79373 -0.896104
5.78 4.97805 -0.901814
5.79 5.1536 -0.907051
5.8 5.31955 -0.912288
5.81 5.47529 -0.917974
5.82 5.62027 -0.924491
5.83 5.75382 -0.932089
5.84 5.87504 -0.940803
5.85 5.98303 -0.95043
5.86 6.07706 -0.960574
5.87 6.15662 -0.970757
5.88 6.22154 -0.980508
5.89 6.27207 -0.989449
5.9 6.30908 -0.997366
5.91 6.33372 -1.00423
5.92 6.3471 -1.01021
5.93 6.35031 -1.01557
5.94 6.34441 -1.02068
5.95 6.33058 -1.02591
5.96 6.31014 -1.03166
5.97 6.28463 -1.03834
5.98 6.25612 -1.04632
5.99 6.22686 -1.05581
6 6.19852 -1.06692
6.01 6.17161 -1.07961
6.02 6.14558 -1.09381
6.03 6.11973 -1.10934
6.04 6.0939 -1.12598
6.05 6.06824 -1.14345
6.06 6.0428 -1.16143
6.07 6.01722 -1.17963
6.08 5.99086 -1.19782
6.09 5.96316 -1.21586
6.1 5.93383 -1.23368
6.11 5.90269 -1.25132
6.12 5.8694 -1.26884
6.13 5.83333 -1.28632
6.14 5.79368 -1.30389
6.15 5.74964 -1.32153
6.16 5.70047 -1.33917
6.17 5.64537 -1.35679
6.18 5.5832 -1.37429
6.19 5.51234 -1.39151
6.2 5.43092 -1.4083
6.21 5.33726 -1.42453
6.22 5.22999 -1.44006
6.23 5.10789 -1.45483
6.24 4.96983 -1.46887
6.25 4.81492 -1.48224
6.26 4.64266 -1.495
6.27 4.45307 -1.50717
6.28 4.24658 -1.51872
6.29 4.02373 -1.52952
6.3 3.78515 -1.53939
6.31 3.5319 -1.5481
6.32 3.26569 -1.55534
6.33 2.98888 -1.56074
6.34 2.70435 -1.56379
6.35 2.41554 -1.56397
6.36 2.1262 -1.56093
6.37 1.84001 -1.5545
6.38 1.56026 -1.54473
6.39 1.28969 -1.53189
6.4 1.03041 -1.51665
6.41 0.784066 -1.5
6.42 0.551441 -1.4831
6.43 0.331958 -1.46694
6.44 0.123763 -1.45198
6.45 -0.0755594 -1.43803
6.46 -0.268315 -1.42454
6.47 -0.45634 -1.41099
6.48 -0.641588 -1.39736
6.49 -0.826661 -1.38367
6.5 -1.01378 -1.36918
6.51 -1.20387 -1.35321
6.52 -1.39712 -1.33577
6.53 -1.59415 -1.31679
6.54 -1.79612 -1.29605
6.55 -2.00399 -1.27297
6.56 -2.21784 -1.24605
6.57 -2.43671 -1.21307
6.58 -2.65885 -1.1716
6.59 -2.88228 -1.11972
6.6 -3.10554 -1.05737
6.61 -3.32784 -0.986582
6.62 -3.5487 -0.910635
6.63 -3.7675 -0.832927
6.64 -3.98312 -0.755646
6.65 -4.194 -0.679369
6.66 -4.39869 -0.604138
6.67 -4.59598 -0.53048
6.68 -4.78459 -0.459742
6.69 -4.9629 -0.393949
6.7 -5.12912 -0.334834
6.71 -5.28208 -0.282518
6.72 -5.42179 -0.234968
6.73 -5.54874 -0.188689
6.74 -5.6635 -0.140556
6.75 -5.76753 -0.0895151
6.76 -5.86354 -0.0362746
6.77 -5.95436 0.0181139
6.78 -6.04239 0.0731865
6.79 -6.12954 0.12935
6.8 -6.2173 0.187363
6.81 -6.30721 0.247258
6.82 -6.40073 0.307671
6.83 -6.4987 0.366445
6.84 -6.60102 0.421777
6.85 -6.70691 0.472547
6.86 -6.815 0.517571
6.87 -6.92343 0.55515
6.88 -7.03035 0.584128
6.89 -7.13332 0.60544
6.9 -7.22919 0.621665
6.91 -7.31556 0.635636
6.92 -7.3917 0.649295
6.93 -7.45796 0.66275
6.94 -7.51472 0.675551
6.95 -7.56238 0.688107
6.96 -7.60225 0.701184
6.97 -7.63683 0.714958
6.98 -7.66998 0.728186
6.99 -7.70621 0.738223
7 -7.74891 0.742523
7.01 -7.79962 0.74004
7.02 -7.85924 0.731197
7.03 -7.92895 0.716684
7.04 -8.00955 0.696807
7.05 -8.10031 0.671886
7.06 -8.19835 0.642865
7.07 -8.29955 0.611718
7.08 -8.40078 0.580924
7.09 -8.50069 0.552354
7.1 -8.59838 0.526499
7.11 -8.69239 0.502723
7.12 -8.78122 0.480213
7.13 -8.86445 0.458492
7.14 -8.94307 0.437282
7.15 -9.01875 0.416078
7.16 -9.09271 0.393943
7.17 -9.16538 0.369803
7.18 -9.23688 0.343027
7.19 -9.30779 0.313808
7.2 -9.37934 0.283105
7.21 -9.45251 0.252254
7.22 -9.52671 0.222525
7.23 -9.59986 0.194937
7.24 -9.66976 0.17032
7.25 -9.73531 0.149376
7.26 -9.79661 0.132591
7.27 -9.85376 0.120045
7.28 -9.90612 0.11125
7.29 -9.95257 0.105229
7.3 -9.99242 0.100815
7.31 -10.0259 0.09694
7.32 -10.0535 0.0928134
7.33 -10.0754 0.0879989
7.34 -10.0915 0.0823887
7.35 -10.1019 0.076174
7.36 -10.107 0.0698559
7.37 -10.108 0.0642341
7.38 -10.1051 0.0602811
7.39 -10.0979 0.0589363
7.4 -10.0852 0.0609268
7.41 -10.0659 0.0666416
7.42 -10.0399 0.0760635
7.43 -10.0077 0.0887873
7.44 -9.96977 0.104097
7.45 -9.92594 0.121087
7.46 -9.87579 0.138819
7.47 -9.81923 0.15644
7.48 -9.75643 0.17324
7.49 -9.68744 0.188736
7.5 -9.61177 0.202737
7.51 -9.52853 0.215358
7.52 -9.43698 0.226966
7.53 -9.33689 0.238069
7.54 -9.22849 0.249185
7.55 -9.11199 0.260728
7.56 -8.98724 0.272918
7.57 -8.85371 0.285729
7.58 -8.71093 0.298864
7.59 -8.55869 0.31177
7.6 -8.39691 0.323706
7.61 -8.22524 0.33385
7.62 -8.04289 0.341429
7.63 -7.84901 0.345814
7.64 -7.64315 0.346582
7.65 -7.42544 0.343537
7.66 -7.19628 0.336719
7.67 -6.95589 0.326376
7.68 -6.70414 0.312918
7.69 -6.44128 0.296852
7.7 -6.16858 0.278678
7.71 -5.88847 0.258779
7.72 -5.60441 0.237373
7.73 -5.32005 0.214525
7.74 -5.03874 0.190187
7.75 -4.76361 0.164323
7.76 -4.49779 0.137028
7.77 -4.24457 0.108482
7.78 -4.00721 0.0786893
7.79 -3.78899 0.0472923
7.8 -3.59276 0.0136967
7.81 -3.42002 -0.022609
7.82 -3.26956 -0.0617402
7.83 -3.13646 -0.102971
7.84 -3.01437 -0.144717
7.85 -2.89908 -0.185503
7.86 -2.78786 -0.224732
7.87 -2.67749 -0.262702
7.88 -2.56379 -0.300422
7.89 -2.44244 -0.339079
7.9 -2.31009 -0.379467
7.91 -2.16526 -0.421872
7.92 -2.00778 -0.466236
7.93 -1.83741 -0.512226
7.94 -1.65322 -0.559338
7.95 -1.45424 -0.607073
7.96 -1.24029 -0.655064
7.97 -1.01191 -0.703186
7.98 -0.769745 -0.751661
7.99 -0.514613 -0.801185
8 -0.248793 -0.852819
8.01 0.0235465 -0.906712
8.02 0.298145 -0.961027
8.03 0.573068 -1.0139
8.04 0.848785 -1.06428
8.05 1.12625 -1.11098
8.06 1.40524 -1.15322
8.07 1.6841 -1.19105
8.08 1.961 -1.225
8.09 2.23537 -1.25574
8.1 2.50798 -1.28362
8.11 2.78006 -1.3086
8.12 3.05224 -1.33033
8.13 3.32425 -1.34848
8.14 3.59564 -1.36291
8.15 3.8663 -1.37368
8.16 4.1364 -1.38081
8.17 4.40588 -1.38434
8.18 4.67386 -1.38462
8.19 4.93877 -1.38247
8.2 5.1989 -1.37901
8.21 5.45284 -1.37533
8.22 5.69948 -1.37233
8.23 5.93765 -1.37062
8.24 6.16592 -1.37042
8.25 6.38276 -1.37157
8.26 6.58683 -1.37368
8.27 6.77727 -1.37618
8.28 6.95369 -1.37845
8.29 7.11633 -1.37992
8.3 7.26607 -1.38011
8.31 7.40425 -1.37862
8.32 7.5325 -1.37516
8.33 7.65247 -1.36971
8.34 7.76558 -1.36238
8.35 7.87275 -1.3534
8.36 7.97436 -1.34307
8.37 8.07049 -1.33176
8.38 8.16119 -1.31993
8.39 8.2465 -1.30808
8.4 8.32642 -1.29673
8.41 8.40069 -1.28631
8.42 8.46846 -1.27712
8.43 8.52818 -1.26934
8.44 8.57777 -1.26303
8.45 8.61427 -1.2582
8.46 8.63504 -1.25479
8.47 8.64111 -1.25277
8.48 8.63548 -1.25201
8.49 8.61838 -1.25238
8.5 8.58846 -1.25387
8.51 8.54611 -1.25658
8.52 8.49349 -1.26055
8.53 8.43275 -1.26585
8.54 8.36514 -1.27256
8.55 8.29103 -1.28079
8.56 8.21057 -1.29058
8.57 8.12482 -1.30197
8.58 8.03584 -1.31491
8.59 7.94581 -1.32935
8.6 7.85577 -1.34517
8.61 7.76552 -1.36223
8.62 7.67439 -1.38038
8.63 7.58217 -1.3994
8.64 7.48888 -1.41894
8.65 7.39389 -1.43834
8.66 7.29492 -1.45658
8.67 7.18852 -1.47276
8.68 7.07153 -1.48656
8.69 6.94149 -1.49778
8.7 6.79623 -1.50628
8.71 6.63338 -1.51212
8.72 6.45038 -1.51551
8.73 6.24516 -1.51675
8.74 6.01708 -1.51626
8.75 5.76699 -1.51446
8.76 5.49646 -1.51162
8.77 5.20688 -1.50793
8.78 4.89935 -1.50348
8.79 4.57554 -1.49833
8.8 4.23823 -1.49243
8.81 3.891 -1.48533
8.82 3.53739 -1.47631
8.83 3.18043 -1.46481
8.84 2.82243 -1.45045
8.85 2.46488 -1.43324
8.86 2.10907 -1.41373
8.87 1.75667 -1.39281
8.88 1.40888 -1.37147
8.89 1.06556 -1.35052
8.9 0.725196 -1.33047
8.91 0.386272 -1.3113
8.92 0.0486672 -1.29215
8.93 -0.286441 -1.2715
8.94 -0.618143 -1.24776
8.95 -0.946558 -1.21969
8.96 -1.27194 -1.18665
8.97 -1.59367 -1.14886
8.98 -1.90994 -1.10696
8.99 -2.21877 -1.06169
9 -2.51901 -1.01377
9.01 -2.80947 -0.963565
9.02 -3.08845 -0.911362
9.03 -3.35526 -0.856884
9.04 -3.61074 -0.798926
9.05 -3.85587 -0.736674
9.06 -4.09094 -0.670152
9.07 -4.31658 -0.599743
9.08 -4.53413 -0.526227
9.09 -4.74494 -0.450493
9.1 -4.95014 -0.373284
9.11 -5.15086 -0.295307
9.12 -5.3483 -0.217256
9.13 -5.54375 -0.139729
9.14 -5.73836 -0.0632285
9.15 -5.93282 0.0118678
9.16 -6.12728 0.0853984
9.17 -6.32156 0.157451
9.18 -6.51549 0.228232
9.19 -6.70914 0.297855
9.2 -6.90262 0.36621
9.21 -7.09581 0.432916
9.22 -7.28792 0.497392
9.23 -7.47741 0.559093
9.24 -7.6626 0.617751
9.25 -7.84231 0.673383
9.26 -8.01575 0.726081
9.27 -8.18218 0.775759
9.28 -8.34076 0.822087
9.29 -8.49048 0.864647
9.3 -8.63036 0.903156
9.31 -8.76008 0.937588
9.32 -8.87989 0.968176
9.33 -8.99046 0.995246
9.34 -9.09264 1.01899
9.35 -9.18737 1.03938
9.36 -9.27564 1.05622
9.37 -9.35859 1.06951
9.38 -9.4375 1.07955
9.39 -9.51328 1.08669
9.4 -9.58556 1.09103
9.41 -9.65298 1.09239
9.42 -9.71453 1.09056
9.43 -9.76987 1.08544
9.44 -9.81829 1.0771
9.45 -9.85805 1.06565
9.46 -9.8873 1.05113
9.47 -9.90516 1.03347
9.48 -9.9114 1.01252
9.49 -9.9055 0.988176
9.5 -9.88641 0.96044
9.51 -9.85328 0.929381
9.52 -9.80607 0.895042
9.53 -9.74562 0.857434
9.54 -9.67337 0.816673
9.55 -9.59102 0.773106
9.56 -9.50061 0.727257
9.57 -9.40465 0.679685
9.58 -9.30606 0.630775
9.59 -9.20757 0.580718
9.6 -9.11093 0.529771
9.61 -9.01709 0.478387
9.62 -8.92653 0.427134
9.63 -8.83936 0.376559
9.64 -8.75519 0.327008
9.65 -8.67314 0.278563
9.66 -8.59206 0.231172
9.67 -8.51063 0.184836
9.68 -8.42745 0.139682
9.69 -8.34131 0.0959157
9.7 -8.25142 0.0537356
9.71 -8.15712 0.0132626
9.72 -8.05747 -0.0254409
9.73 -7.95124 -0.062265
9.74 -7.83719 -0.0969758
9.75 -7.71454 -0.129254
9.76 -7.58314 -0.158789
9.77 -7.44316 -0.185343
9.78 -7.29483 -0.208763
9.79 -7.1383 -0.228955
9.8 -6.97367 -0.245857
9.81 -6.80115 -0.259442
9.82 -6.62077 -0.269729
9.83 -6.43228 -0.276799
9.84 -6.23516 -0.280816
9.85 -6.02894 -0.282041
9.86 -5.81338 -0.280813
9.87 -5.5884 -0.277511
9.88 -5.35393 -0.272541
9.89 -5.10991 -0.266292
9.9 -4.85638 -0.259084
9.91 -4.59395 -0.251176
9.92 -4.32403 -0.242748
9.93 -4.04864 -0.233784
9.94 -3.76995 -0.223988
9.95 -3.48974 -0.212934
9.96 -3.20923 -0.200408
9.97 -2.92943 -0.186532
9.98 -2.65179 -0.171736
9.99 -2.37832 -0.156577
10 -2.111 -0.141387
10.01 -1.85084 -0.126117
10.02 -1.59764 -0.110551
10.03 -1.35046 -0.094673
10.04 -1.10831 -0.0788082
10.05 -0.870372 -0.0634767
10.06 -0.635853 -0.0491734
10.07 -0.404052 -0.0362067
10.08 -0.174656 -0.0247362
10.09 0.0521994 -0.0149192
10.1 0.276136 -0.0069564
10.11 0.496707 -0.00104299
10.12 0.713503 0.00267466
10.13 0.926147 0.00416005
10.14 1.13429 0.00356105
10.15 1.33765 0.00115112
10.16 1.53598 -0.00278823
10.17 1.72904 -0.00802985
10.18 1.91656 -0.0144388
10.19 2.09824 -0.0219947
10.2 2.27389 -0.0307863
10.21 2.44346 -0.0409473
10.22 2.60699 -0.0526263
10.23 2.76447 -0.0660003
10.24 2.91574 -0.0812231
10.25 3.06061 -0.0983826
10.26 3.19882 -0.117518
10.27 3.33015 -0.138628
10.28 3.45434 -0.161658
10.29 3.57111 -0.186462
10.3 3.68022 -0.212795
10.31 3.7815 -0.240327
10.32 3.87498 -0.268666
10.33 3.9609 -0.297386
10.34 4.03974 -0.326054
10.35 4.11215 -0.354264
10.36 4.17888 -0.381636
10.37 4.24072 -0.407844
10.38 4.29839 -0.432647
10.39 4.3525 -0.455896
10.4 4.40347 -0.47752
10.41 4.45156 -0.497529
10.42 4.49674 -0.516002
10.43 4.53884 -0.533071
10.44 4.57763 -0.548903
10.45 4.61284 -0.563674
10.46 4.64417 -0.577538
10.47 4.67116 -0.590585
10.48 4.69305 -0.602801
10.49 4.7088 -0.614003
10.5 4.7172 -0.623851
10.51 4.71719 -0.631992
10.52 4.70798 -0.638132
10.53 4.68905 -0.642057
10.54 4.66003 -0.643699
10.55 4.62067 -0.643113
10.56 4.5708 -0.640434
10.57 4.51045 -0.635871
10.58 4.43991 -0.629683
10.59 4.35966 -0.622119
10.6 4.27043 -0.613377
10.61 4.17309 -0.603583
10.62 4.06867 -0.59278
10.63 3.95825 -0.580947
10.64 3.84278 -0.568032
10.65 3.723 -0.553988
10.66 3.59944 -0.538812
10.67 3.47257 -0.522588
10.68 3.34284 -0.505479
10.69 3.21065 -0.487718
10.7 3.07623 -0.469576
10.71 2.93957 -0.451325
10.72 2.80059 -0.4332
10.73 2.65925 -0.415373
10.74 2.5158 -0.397958
10.75 2.37063 -0.381024
10.76 2.22427 -0.364616
10.77 2.07724 -0.348783
10.78 1.93009 -0.333605
10.79 1.78338 -0.319209
10.8 1.63764 -0.305771
10.81 1.49318 -0.293529
10.82 1.35004 -0.282729
10.83 1.20784 -0.273674
10.84 1.0657 -0.267096
10.85 0.922672 -0.264031
10.86 0.777655 -0.26523
10.87 0.628748 -0.270496
10.88 0.473767 -0.278569
10.89 0.311193 -0.28819
10.9 0.140203 -0.298367
10.91 -0.0399201 -0.308321
10.92 -0.230049 -0.317937
10.93 -0.430943 -0.327535
10.94 -0.642769 -0.337308
10.95 -0.864841 -0.346942
10.96 -1.09579 -0.355551
10.97 -1.33404 -0.362047
10.98 -1.57827 -0.365836
10.99 -1.82711 -0.367303
11 -2.07841 -0.367779
11.01 -2.32891 -0.368896
11.02 -2.57514 -0.371591
11.03 -2.81494 -0.375814
11.04 -3.04754 -0.381181
11.05 -3.27247 -0.387403
11.06 -3.489 -0.394333
11.07 -3.69626 -0.401924
11.08 -3.89364 -0.409906
11.09 -4.08098 -0.417337
11.1 -4.25883 -0.422996
11.11 -4.42842 -0.425941
11.12 -4.59087 -0.425587
11.13 -4.74684 -0.421999
11.14 -4.89672 -0.41563
11.15 -5.04097 -0.406759
11.16 -5.18029 -0.395282
11.17 -5.31554 -0.380987
11.18 -5.44747 -0.363952
11.19 -5.57652 -0.344738
11.2 -5.70292 -0.324243
11.21 -5.82689 -0.303239
11.22 -5.94878 -0.281994
11.23 -6.06883 -0.260297
11.24 -6.1869 -0.23776
11.25 -6.30238 -0.214103
11.26 -6.41445 -0.189267
11.27 -6.52222 -0.163263
11.28 -6.62481 -0.135979
11.29 -6.7214 -0.107149
11.3 -6.81123 -0.0765458
11.31 -6.89367 -0.0442026
11.32 -6.96814 -0.0105052
11.33 -7.03424 0.0239278
11.34 -7.09168 0.0584695
11.35 -7.14031 0.0926463
11.36 -7.18009 0.126158
11.37 -7.21112 0.158797
11.38 -7.23359 0.190368
11.39 -7.24789 0.220695
11.4 -7.2545 0.249714
11.41 -7.25406 0.277545
11.42 -7.24735 0.304478
11.43 -7.23529 0.330852
11.44 -7.2187 0.356924
11.45 -7.19826 0.382772
11.46 -7.17439 0.408295
11.47 -7.14743 0.433265
11.48 -7.11757 0.457377
11.49 -7.08474 0.480269
11.5 -7.04851 0.501528
11.51 -7.00817 0.520717
11.52 -6.96296 0.537437
11.53 -6.9122 0.551407
11.54 -6.85539 0.562509
11.55 -6.79209 0.570784
11.56 -6.72191 0.576376
11.57 -6.6446 0.579492
11.58 -6.56015 0.580371
11.59 -6.46887 0.579266
11.6 -6.37127 0.576413
11.61 -6.26794 0.571987
11.62 -6.1595 0.56606
11.63 -6.04657 0.558575
11.64 -5.92989 0.549382
11.65 -5.8102 0.538279
11.66 -5.68804 0.525075
11.67 -5.56357 0.50963
11.68 -5.43666 0.491886
11.69 -5.30706 0.471874
11.7 -5.1746 0.449725
11.71 -5.0392 0.425663
11.72 -4.90069 0.399988
11.73 -4.75881 0.373044
11.74 -4.61341 0.345196
11.75 -4.4646 0.316774
11.76 -4.31282 0.288047
11.77 -4.15867 0.259196
11.78 -4.00271 0.230301
11.79 -3.84546 0.201373
11.8 -3.68748 0.172365
11.81 -3.52944 0.143189
11.82 -3.37208 0.113773
11.83 -3.21612 0.084066
11.84 -3.06205 0.0540243
11.85 -2.91006 0.023686
11.86 -2.76016 -0.00675669
11.87 -2.61229 -0.036991
11.88 -2.46633 -0.0666441
11.89 -2.32214 -0.0953738
11.9 -2.17967 -0.12298
11.91 -2.03898 -0.149391
11.92 -1.90031 -0.174582
11.93 -1.76402 -0.19854
11.94 -1.63058 -0.221246
11.95 -1.50032 -0.242658
11.96 -1.3735 -0.262746
11.97 -1.25025 -0.28154
11.98 -1.13075 -0.29913
11.99 -1.01521 -0.315651
12 -0.903859 -0.331249
12.01 -0.796743 -0.346039
12.02 -0.693688 -0.360079
12.03 -0.594321 -0.373382
12.04 -0.498205 -0.385946
12.05 -0.404967 -0.397764
12.06 -0.314353 -0.408839
12.07 -0.226189 -0.419174
12.08 -0.140371 -0.42876
12.09 -0.0568688 -0.437568
12.1 0.0241998 -0.445538
12.11 0.102507 -0.452591
12.12 0.177591 -0.458647
12.13 0.248978 -0.463646
12.14 0.31627 -0.467554
12.15 0.379153 -0.47037
12.16 0.437355 -0.472135
12.17 0.490685 -0.472938
12.18 0.5391 -0.472912
12.19 0.582763 -0.472212
12.2 0.622036 -0.470995
12.21 0.657411 -0.469407
12.22 0.689461 -0.46756
12.23 0.718787 -0.465542
12.24 0.746007 -0.463422
12.25 0.771717 -0.461249
12.26 0.796408 -0.459056
12.27 0.82044 -0.456858
12.28 0.844062 -0.45466
12.29 0.867453 -0.452467
12.3 0.890771 -0.450287
12.31 0.914081 -0.448131
12.32 0.937253 -0.446015
12.33 0.959847 -0.443952
12.34 0.981056 -0.441956
12.35 0.999949 -0.44004
12.36 1.01567 -0.438222
12.37 1.02753 -0.436525
12.38 1.03508 -0.434972
12.39 1.03793 -0.433576
12.4 1.03569 -0.432331
12.41 1.02797 -0.431205
12.42 1.01444 -0.430145
12.43 0.994863 -0.429091
12.44 0.969165 -0.42799
12.45 0.937433 -0.426806
12.46 0.899921 -0.425523
12.47 0.85703 -0.424138
12.48 0.8093 -0.422654
12.49 0.757343 -0.421079
12.5 0.701778 -0.419421
12.51 0.643173 -0.417677
12.52 0.581978 -0.415831
12.53 0.518544 -0.413854
12.54 0.453162 -0.411693
12.55 0.386052 -0.409291
12.56 0.317326 -0.406604
12.57 0.246991 -0.403623
12.58 0.174951 -0.400388
12.59 0.101047 -0.396967
12.6 0.0251075 -0.393369
12.61 -0.0530011 -0.389483
12.62 -0.133399 -0.385137
12.63 -0.216248 -0.380154
12.64 -0.301734 -0.374346
12.65 -0.389974 -0.367556
12.66 -0.480943 -0.359685
12.67 -0.574481 -0.350671
12.68 -0.670328 -0.340479
12.69 -0.768164 -0.329092
12.7 -0.867668 -0.316529
12.71 -0.968542 -0.302864
12.72 -1.07054 -0.288231
12.73 -1.1735 -0.272802
12.74 -1.27735 -0.256741
12.75 -1.38208 -0.240176
12.76 -1.4876 -0.223167
12.77 -1.59366 -0.205707
12.78 -1.69984 -0.187744
12.79 -1.8056 -0.169214
12.8 -1.91041 -0.150059
12.81 -2.01374 -0.130252
12.82 -2.11511 -0.1098
12.83 -2.21415 -0.0887289
12.84 -2.31072 -0.0670864
12.85 -2.4049 -0.0449423
12.86 -2.49683 -0.0223903
12.87 -2.5867 0.000441037
12.88 -2.67459 0.0233912
12.89 -2.76063 0.0462777
12.9 -2.84505 0.0688875
12.91 -2.92813 0.0909865
12.92 -3.01017 0.11238
12.93 -3.09134 0.13298
12.94 -3.17159 0.152809
12.95 -3.25069 0.171948
12.96 -3.3282 0.190469
12.97 -3.40355 0.208397
12.98 -3.47611 0.22569
12.99 -3.54526 0.242268
13 -3.61041 0.258041
13.01 -3.67106 0.272902
13.02 -3.72687 0.286712
13.03 -3.77771 0.299286
13.04 -3.82367 0.310389
13.05 -3.86502 0.319798
13.06 -3.90213 0.327378
13.07 -3.93533 0.333097
13.08 -3.96499 0.337
13.09 -3.99146 0.339176
13.1 -4.01512 0.339721
13.11 -4.03636 0.33873
13.12 -4.05552 0.336305
13.13 -4.07285 0.332561
13.14 -4.0885 0.327596
13.15 -4.10248 0.321468
13.16 -4.11468 0.314166
13.17 -4.12492 0.305624
13.18 -4.13289 0.295756
13.19 -4.13827 0.284489
13.2 -4.14069 0.271792
13.21 -4.13989 0.257672
13.22 -4.13572 0.24217
13.23 -4.12811 0.225362
13.24 -4.11705 0.207365
13.25 -4.10249 0.18835
13.26 -4.08434 0.168536
13.27 -4.06257 0.148161
13.28 -4.03725 0.127447
13.29 -4.00857 0.106573
13.3 -3.97683 0.0856683
13.31 -3.94229 0.0648192
13.32 -3.90512 0.0440823
13.33 -3.8654 0.0234923
13.34 -3.82311 0.0030741
13.35 -3.77821 -0.0171545
13.36 -3.73058 -0.0371752
13.37 -3.68009 -0.0569497
13.38 -3.62667 -0.0764083
13.39 -3.57035 -0.0954449
13.4 -3.51128 -0.113924
13.41 -3.44971 -0.131694
13.42 -3.3859 -0.1486
13.43 -3.32017 -0.164493
13.44 -3.25293 -0.179256
13.45 -3.18464 -0.192808
13.46 -3.11573 -0.205104
13.47 -3.04654 -0.216125
13.48 -2.97722 -0.22588
13.49 -2.90781 -0.234392
13.5 -2.8383 -0.241706
13.51 -2.76862 -0.247883
13.52 -2.69868 -0.252995
13.53 -2.62832 -0.257121
13.54 -2.5573 -0.260331
13.55 -2.48546 -0.262679
13.56 -2.4127 -0.2642
13.57 -2.33917 -0.264913
13.58 -2.26524 -0.264826
13.59 -2.19143 -0.26395
13.6 -2.11838 -0.262301
13.61 -2.04678 -0.259899
13.62 -1.97726 -0.256763
13.63 -1.91042 -0.252914
13.64 -1.84674 -0.24837
13.65 -1.78652 -0.243157
13.66 -1.72984 -0.237327
13.67 -1.67665 -0.230984
13.68 -1.62679 -0.224281
13.69 -1.58006 -0.217382
13.7 -1.53617 -0.210444
13.71 -1.49476 -0.203594
13.72 -1.4554 -0.196923
13.73 -1.41773 -0.190486
13.74 -1.38153 -0.184313
13.75 -1.34681 -0.178416
13.76 -1.31374 -0.172791
13.77 -1.28256 -0.167422
13.78 -1.25348 -0.162279
13.79 -1.22668 -0.157322
13.8 -1.20231 -0.152499
13.81 -1.18045 -0.147763
13.82 -1.16109 -0.143084
13.83 -1.14406 -0.138456
13.84 -1.12907 -0.133908
13.85 -1.11582 -0.129491
13.86 -1.104 -0.125266
13.87 -1.09334 -0.121273
13.88 -1.08359 -0.117539
13.89 -1.07455 -0.114086
13.9 -1.06603 -0.110926
13.91 -1.0579 -0.10806
13.92 -1.05005 -0.10547
13.93 -1.04248 -0.103114
13.94 -1.03523 -0.100934
13.95 -1.02832 -0.0988644
13.96 -1.02178 -0.0968477
13.97 -1.01564 -0.0948341
13.98 -1.00993 -0.092788
13.99 -1.00465 -0.0906877
14 -0.999734 -0.0885263
14.01 -0.995144 -0.0863126
14.02 -0.990917 -0.0840682
14.03 -0.987192 -0.0818204
14.04 -0.984178 -0.0795932
14.05 -0.982092 -0.0774001
14.06 -0.981119 -0.0752439
14.07 -0.981449 -0.0731207
14.08 -0.983291 -0.0710259
14.09 -0.986866 -0.0689567
14.1 -0.992363 -0.066914
14.11 -0.999894 -0.0648976
14.12 -1.00952 -0.0628998
14.13 -1.02127 -0.0609114
14.14 -1.03516 -0.0589291
14.15 -1.0511 -0.0569541
14.16 -1.06887 -0.0549989
14.17 -1.08813 -0.0530796
14.18 -1.10852 -0.0512042
14.19 -1.12972 -0.0493737
14.2 -1.15153 -0.0475821
14.21 -1.1738 -0.0458203
14.22 -1.19635 -0.0440864
14.23 -1.21899 -0.0423892
14.24 -1.24152 -0.0407461
14.25 -1.26386 -0.0391803
14.26 -1.28604 -0.0377172
14.27 -1.30822 -0.0363845
14.28 -1.33066 -0.0352095
14.29 -1.35367 -0.0342163
14.3 -1.37765 -0.0334227
14.31 -1.40303 -0.0328345
14.32 -1.43021 -0.0324445
14.33 -1.4595 -0.0322335
14.34 -1.49116 -0.0321666
14.35 -1.52536 -0.0321915
14.36 -1.56229 -0.03225
14.37 -1.60206 -0.0322884
14.38 -1.6447 -0.0322634
14.39 -1.6901 -0.0321524
14.4 -1.73798 -0.0319543
14.41 -1.78796 -0.0316863
14.42 -1.83962 -0.0313839
14.43 -1.89249 -0.0311005
14.44 -1.94609 -0.0309061
14.45 -1.99991 -0.0308767
14.46 -2.05344 -0.0310792
14.47 -2.10625 -0.0315615
14.48 -2.15795 -0.0323478
14.49 -2.2082 -0.0334388
14.5 -2.2567 -0.0348197
14.51 -2.30318 -0.0364644
14.52 -2.34746 -0.0383368
14.53 -2.38948 -0.0403937
14.54 -2.42932 -0.0425841
14.55 -2.46707 -0.0448512
14.56 -2.50276 -0.0471365
14.57 -2.53634 -0.0493836
14.58 -2.56777 -0.0515423
14.59 -2.5971 -0.0535745
14.6 -2.62451 -0.055462
14.61 -2.65026 -0.0572083
14.62 -2.67458 -0.0588345
14.63 -2.69769 -0.0603711
14.64 -2.71979 -0.0618464
14.65 -2.74113 -0.0632762
14.66 -2.76191 -0.0646624
14.67 -2.78224 -0.0659957
14.68 -2.80219 -0.0672569
14.69 -2.82177 -0.0684199
14.7 -2.84098 -0.0694547
14.71 -2.85982 -0.0703287
14.72 -2.87821 -0.0710093
14.73 -2.896 -0.0714675
14.74 -2.91299 -0.071682
14.75 -2.92898 -0.0716434
14.76 -2.94385 -0.0713572
14.77 -2.95754 -0.0708424
14.78 -2.97002 -0.0701267
14.79 -2.98121 -0.0692416
14.8 -2.99094 -0.0682154
14.81 -2.99904 -0.0670719
14.82 -3.00539 -0.0658291
14.83 -3.00989 -0.0644997
14.84 -3.01244 -0.0630919
14.85 -3.01286 -0.0616096
14.86 -3.01098 -0.0600508
14.87 -3.0067 -0.0584094
14.88 -3.00002 -0.056678
14.89 -2.99101 -0.0548514
14.9 -2.97978 -0.0529305
14.91 -2.96647 -0.0509215
14.92 -2.95127 -0.0488332
14.93 -2.93453 -0.0466739
14.94 -2.91675 -0.0444503
14.95 -2.8985 -0.0421684
14.96 -2.88032 -0.0398336
14.97 -2.86267 -0.0374504
14.98 -2.84596 -0.0350181
14.99 -2.83057 -0.0325295
15 -2.81678 -0.0299713
15.01 -2.8047 -0.0273283
15.02 -2.79432 -0.0245894
15.03 -2.78548 -0.0217506
15.04 -2.77792 -0.0188171
15.05 -2.77137 -0.0158025
15.06 -2.76548 -0.0127255
15.07 -2.75981 -0.00960691
15.08 -2.75382 -0.00646748
15.09 -2.74699 -0.00332735
15.1 -2.73888 -0.000204505
15.11 -2.72918 0.00288492
15.12 -2.71768 0.00592719
15.13 -2.70424 0.00891219
15.14 -2.68872 0.0118347
15.15 -2.67107 0.0146955
15.16 -2.65128 0.0175018
15.17 -2.62942 0.0202643
15.18 -2.60552 0.0229923
15.19 -2.57961 0.02569
15.2 -2.55167 0.028355
15.21 -2.52176 0.0309788
15.22 -2.49004 0.0335475
15.23 -2.45675 0.0360407
15.24 -2.42215 0.0384303
15.25 -2.38654 0.0406846
15.26 -2.35026 0.0427736
15.27 -2.31373 0.0446738
15.28 -2.27734 0.0463728
15.29 -2.24145 0.0478701
15.3 -2.20627 0.0491755
15.31 -2.1719 0.0503089
15.32 -2.13835 0.0512957
15.33 -2.10562 0.0521559
15.34 -2.0737 0.0528976
15.35 -2.04253 0.0535131
15.36 -2.01198 0.0539746
15.37 -1.9819 0.054236
15.38 -1.95216 0.0542403
15.39 -1.92273 0.0539318
15.4 -1.8937 0.0532665
15.41 -1.8652 0.0522103
15.42 -1.83738 0.0507418
15.43 -1.81036 0.0488588
15.44 -1.78432 0.046577
15.45 -1.75943 0.0439229
15.46 -1.73579 0.0409315
15.47 -1.71338 0.0376452
15.48 -1.69212 0.0341035
15.49 -1.67188 0.0303362
15.5 -1.65251 0.0263591
15.51 -1.63385 0.0221701
15.52 -1.6157 0.0177533
15.53 -1.59789 0.0130854
15.54 -1.58027 0.00814367
15.55 -1.56282 0.00291265
15.56 -1.54568 -0.00261438
15.57 -1.52908 -0.00843692
15.58 -1.51335 -0.0145455
15.59 -1.49889 -0.0209177
15.6 -1.48615 -0.027515
15.61 -1.47566 -0.0342845
15.62 -1.46794 -0.0411619
15.63 -1.46337 -0.0480796
15.64 -1.46212 -0.0549756
15.65 -1.46413 -0.0617975
15.66 -1.46913 -0.0685036
15.67 -1.47676 -0.075063
15.68 -1.48655 -0.0814585
15.69 -1.498 -0.08769
15.7 -1.51063 -0.0937765
15.71 -1.52404 -0.0997528
15.72 -1.53796 -0.105661
15.73 -1.55228 -0.111538
15.74 -1.56697 -0.117406
15.75 -1.58201 -0.123262
15.76 -1.59738 -0.12908
15.77 -1.61301 -0.134815
15.78 -1.62891 -0.14041
15.79 -1.64511 -0.145802
15.8 -1.66161 -0.150931
15.81 -1.67834 -0.155745
15.82 -1.69508 -0.160208
15.83 -1.71156 -0.164308
15.84 -1.72752 -0.168049
15.85 -1.74274 -0.171451
15.86 -1.75713 -0.17454
15.87 -1.77068 -0.177336
15.88 -1.78348 -0.179858
15.89 -1.79578 -0.182111
15.9 -1.80791 -0.18409
15.91 -1.82024 -0.185781
15.92 -1.83311 -0.187158
15.93 -1.84678 -0.188183
15.94 -1.86145 -0.188809
15.95 -1.87732 -0.188988
15.96 -1.89457 -0.188685
15.97 -1.91334 -0.187886
15.98 -1.93367 -0.186611
15.99 -1.95547 -0.184901
16 -1.97855 -0.182809
16.01 -2.00274 -0.180387
16.02 -2.0279 -0.177669
16.03 -2.05394 -0.174677
16.04 -2.08081 -0.171424
16.05 -2.10848 -0.167919
16.06 -2.13695 -0.164171
16.07 -2.16624 -0.160186
16.08 -2.19637 -0.15596
16.09 -2.22724 -0.151481
16.1 -2.25861 -0.146737
16.11 -2.29011 -0.141724
16.12 -2.32128 -0.136454
16.13 -2.35169 -0.130954
16.14 -2.38089 -0.125268
16.15 -2.40846 -0.11945
16.16 -2.43398 -0.113562
16.17 -2.45718 -0.107659
16.18 -2.4779 -0.101782
16.19 -2.49623 -0.095948
16.2 -2.51243 -0.0901468
16.21 -2.52689 -0.0843511
16.22 -2.5401 -0.0785239
16.23 -2.55264 -0.0726288
16.24 -2.56514 -0.0666315
16.25 -2.5782 -0.0604989
16.26 -2.59226 -0.0541999
16.27 -2.60752 -0.0477131
16.28 -2.62388 -0.0410344
16.29 -2.64101 -0.0341856
16.3 -2.65841 -0.0272187
16.31 -2.67553 -0.0202138
16.32 -2.69174 -0.0132687
16.33 -2.70645 -0.00648024
16.34 -2.71912 7.23455e-05
16.35 -2.72937 0.00633789
16.36 -2.73697 0.0122936
16.37 -2.74185 0.0179394
16.38 -2.74407 0.0232891
16.39 -2.74387 0.0283653
16.4 -2.74163 0.0331975
16.41 -2.73788 0.0378229
16.42 -2.73318 0.0422825
16.43 -2.72805 0.0466137
16.44 -2.7229 0.0508398
16.45 -2.71805 0.0549605
16.46 -2.71374 0.058948
16.47 -2.71007 0.0627511
16.48 -2.70697 0.0663066
16.49 -2.70423 0.0695497
16.5 -2.70151 0.0724254
16.51 -2.69843 0.0748956
16.52 -2.69469 0.0769396
16.53 -2.69009 0.078552
16.54 -2.68452 0.07974
16.55 -2.67794 0.0805237
16.56 -2.67041 0.080937
16.57 -2.6621 0.0810274
16.58 -2.65333 0.0808502
16.59 -2.64442 0.0804624
16.6 -2.63572 0.0799134
16.61 -2.62745 0.0792404
16.62 -2.6198 0.0784678
16.63 -2.61289 0.0776079
16.64 -2.60679 0.0766631
16.65 -2.60151 0.075626
16.66 -2.59702 0.0744799
16.67 -2.59322 0.0732027
16.68 -2.59003 0.0717729
16.69 -2.5874 0.0701772
16.7 -2.58528 0.0684171
16.71 -2.58366 0.0665109
16.72 -2.58251 0.0644921
16.73 -2.58176 0.0624048
16.74 -2.58138 0.0602982
16.75 -2.58132 0.058222
16.76 -2.58152 0.0562224
16.77 -2.58183 0.0543373
16.78 -2.58202 0.0525917
16.79 -2.58174 0.0509924
16.8 -2.58066 0.0495266
16.81 -2.5784 0.0481636
16.82 -2.57462 0.0468594
16.83 -2.56901 0.0455623
16.84 -2.56126 0.0442209
16.85 -2.55114 0.0427907
16.86 -2.5385 0.0412382
16.87 -2.52329 0.0395444
16.88 -2.50561 0.0377054
16.89 -2.48561 0.035731
16.9 -2.46363 0.0336412
16.91 -2.44006 0.0314621
16.92 -2.41534 0.0292234
16.93 -2.38989 0.0269547
16.94 -2.36408 0.0246825
16.95 -2.33822 0.0224248
16.96 -2.3126 0.0201842
16.97 -2.28746 0.0179448
16.98 -2.26304 0.015672
16.99 -2.23944 0.0133178
17 -2.21674 0.0108276
17.01 -2.19492 0.00814742
17.02 -2.17391 0.00523035
17.03 -2.15367 0.00204032
17.04 -2.13417 -0.00144621
17.05 -2.11543 -0.00523998
17.06 -2.09747 -0.00934068
17.07 -2.08035 -0.0137381
17.08 -2.06411 -0.0184114
17.09 -2.04884 -0.0233307
17.1 -2.03456 -0.0284663
17.11 -2.02122 -0.0337951
17.12 -2.00868 -0.0392967
17.13 -1.99672 -0.0449554
17.14 -1.98521 -0.0507657
17.15 -1.97404 -0.0567334
17.16 -1.96311 -0.062873
17.17 -1.95234 -0.0692029
17.18 -1.9416 -0.0757404
17.19 -1.93075 -0.0824947
17.2 -1.91974 -0.0894612
17.21 -1.90853 -0.0966191
17.22 -1.89712 -0.103934
17.23 -1.88552 -0.111361
17.24 -1.87378 -0.11885
17.25 -1.86202 -0.126342
17.26 -1.85035 -0.133776
17.27 -1.83888 -0.141093
17.28 -1.82772 -0.148237
17.29 -1.81692 -0.15516
17.3 -1.80652 -0.161825
17.31 -1.79658 -0.168206
17.32 -1.78715 -0.174285
17.33 -1.7783 -0.180047
17.34 -1.77007 -0.18548
17.35 -1.76253 -0.190576
17.36 -1.75573 -0.195324
17.37 -1.74978 -0.199715
17.38 -1.74478 -0.203733
17.39 -1.74082 -0.207361
17.4 -1.73801 -0.210571
17.41 -1.73642 -0.213338
17.42 -1.73613 -0.215633
17.43 -1.73723 -0.217431
17.44 -1.73975 -0.218714
17.45 -1.74371 -0.219463
17.46 -1.74912 -0.219667
17.47 -1.75594 -0.219321
17.48 -1.76417 -0.218429
17.49 -1.77377 -0.216999
17.5 -1.78469 -0.215042
17.51 -1.79679 -0.212568
17.52 -1.80989 -0.209589
17.53 -1.82377 -0.206114
17.54 -1.83823 -0.202159
17.55 -1.85304 -0.19774
17.56 -1.86797 -0.192878
17.57 -1.88279 -0.187599
17.58 -1.89727 -0.181929
17.59 -1.9112 -0.175892
17.6 -1.92443 -0.169508
17.61 -1.93684 -0.16279
17.62 -1.9483 -0.155747
17.63 -1.95873 -0.14838
17.64 -1.96811 -0.140688
17.65 -1.97649 -0.13267
17.66 -1.98397 -0.12434
17.67 -1.99071 -0.115716
17.68 -1.99689 -0.106822
17.69 -2.00273 -0.0976855
17.7 -2.00849 -0.0883431
17.71 -2.01443 -0.0788397
17.72 -2.0208 -0.0692244
17.73 -2.02782 -0.0595492
17.74 -2.03566 -0.0498631
17.75 -2.04446 -0.040208
17.76 -2.05432 -0.0306199
17.77 -2.06532 -0.0211289
17.78 -2.07744 -0.0117616
17.79 -2.09058 -0.0025458
17.8 -2.10453 0.00648705
17.81 -2.11902 0.0153002
17.82 -2.13381 0.0238506
17.83 -2.14862 0.0320866
17.84 -2.1632 0.0399477
17.85 -2.1773 0.0473692
17.86 -2.1907 0.0542841
17.87 -2.20324 0.0606255
17.88 -2.21478 0.0663347
17.89 -2.22525 0.0713696
17.9 -2.23465 0.0757068
17.91 -2.243 0.0793428
17.92 -2.25035 0.0822904
17.93 -2.25679 0.0845759
17.94 -2.26241 0.0862407
17.95 -2.2673 0.087336
17.96 -2.27148 0.0879143
17.97 -2.27497 0.0880233
17.98 -2.27778 0.0876958
17.99 -2.27991 0.0869438
18 -2.28143 0.0857638
18.01 -2.28239 0.0841431
18.02 -2.28294 0.0820661
18.03 -2.28324 0.0795168
18.04 -2.28351 0.0764841
18.05 -2.28404 0.0729696
18.06 -2.28512 0.0689925
18.07 -2.28701 0.0645971
18.08 -2.28996 0.0598543
18.09 -2.29415 0.0548538
18.1 -2.29965 0.0496959
18.11 -2.30649 0.0444789
18.12 -2.31462 0.0392909
18.13 -2.32394 0.0342028
18.14 -2.33426 0.0292612
18.15 -2.34537 0.024484
18.16 -2.35701 0.0198599
18.17 -2.36891 0.0153553
18.18 -2.38074 0.0109256
18.19 -2.39215 0.00652934
18.2 -2.40275 0.00213825
18.21 -2.41216 -0.00225857
18.22 -2.42008 -0.006658
18.23 -2.42626 -0.0110461
18.24 -2.43055 -0.0153987
18.25 -2.43283 -0.0196792
18.26 -2.43307 -0.0238386
18.27 -2.43133 -0.0278201
18.28 -2.42776 -0.0315662
18.29 -2.42256 -0.0350276
18.3 -2.41598 -0.0381708
18.31 -2.40823 -0.0409768
18.32 -2.39956 -0.0434405
18.33 -2.39018 -0.0455694
18.34 -2.38027 -0.0473793
18.35 -2.36998 -0.0488916
18.36 -2.35943 -0.0501334
18.37 -2.3487 -0.0511342
18.38 -2.33788 -0.0519222
18.39 -2.32709 -0.0525256
18.4 -2.31642 -0.0529685
18.41 -2.30595 -0.0532652
18.42 -2.29566 -0.0534181
18.43 -2.28549 -0.053418
18.44 -2.27536 -0.0532495
18.45 -2.2652 -0.0528992
18.46 -2.25491 -0.0523622
18.47 -2.24439 -0.0516465
18.48 -2.23349 -0.0507734
18.49 -2.2221 -0.0497764
18.5 -2.21014 -0.0486996
18.51 -2.19761 -0.0475977
18.52 -2.1846 -0.0465351
18.53 -2.17124 -0.0455802
18.54 -2.15774 -0.0447979
18.55 -2.14436 -0.0442414
18.56 -2.13131 -0.0439462
18.57 -2.1188 -0.043929
18.58 -2.1069 -0.044188
18.59 -2.09561 -0.0447021
18.6 -2.08482 -0.0454393
18.61 -2.07435 -0.0463723
18.62 -2.06395 -0.0474873
18.63 -2.05335 -0.0487839
18.64 -2.04224 -0.0502726
18.65 -2.03033 -0.0519768
18.66 -2.01736 -0.0539322
18.67 -2.00318 -0.0561801
18.68 -1.9877 -0.0587603
18.69 -1.97095 -0.0617051
18.7 -1.95307 -0.0650299
18.71 -1.93426 -0.0687294
18.72 -1.91482 -0.0727788
18.73 -1.8951 -0.0771357
18.74 -1.8755 -0.081742
18.75 -1.85639 -0.0865302
18.76 -1.83819 -0.091429
18.77 -1.82125 -0.0963644
18.78 -1.80583 -0.101267
18.79 -1.79214 -0.106084
18.8 -1.78027 -0.110784
18.81 -1.7702 -0.115358
18.82 -1.76189 -0.11981
18.83 -1.75525 -0.124148
18.84 -1.75026 -0.128377
18.85 -1.74695 -0.132493
18.86 -1.74537 -0.136487
18.87 -1.74561 -0.140341
18.88 -1.74774 -0.14403
18.89 -1.75186 -0.147517
18.9 -1.75802 -0.150753
18.91 -1.76625 -0.153681
18.92 -1.77646 -0.156249
18.93 -1.78849 -0.158415
18.94 -1.80206 -0.160144
18.95 -1.81686 -0.161417
18.96 -1.83251 -0.162224
18.97 -1.84866 -0.16257
18.98 -1.86498 -0.16247
18.99 -1.88119 -0.161943
19 -1.89712 -0.161012
19.01 -1.91263 -0.159696
19.02 -1.92769 -0.158005
19.03 -1.9423 -0.155936
19.04 -1.95653 -0.15347
19.05 -1.97049 -0.150575
19.06 -1.98435 -0.147206
19.07 -1.99825 -0.143321
19.08 -2.01237 -0.138882
19.09 -2.02684 -0.133859
19.1 -2.04182 -0.128235
19.11 -2.05743 -0.122012
19.12 -2.07369 -0.115213
19.13 -2.09059 -0.107878
19.14 -2.10806 -0.100062
19.15 -2.12601 -0.0918285
19.16 -2.14439 -0.0832392
19.17 -2.16312 -0.0743508
19.18 -2.18213 -0.0652089
19.19 -2.20136 -0.0558492
19.2 -2.22077 -0.046301
19.21 -2.24035 -0.0365915
19.22 -2.26006 -0.0267464
19.23 -2.27982 -0.0167923
19.24 -2.29952 -0.00676103
19.25 -2.31896 0.00330686
19.26 -2.33792 0.0133578
19.27 -2.35614 0.0233226
19.28 -2.37334 0.0331189
19.29 -2.3893 0.0426555
19.3 -2.40383 0.0518381
19.31 -2.41684 0.060573
19.32 -2.42826 0.0687734
19.33 -2.43808 0.0763647
19.34 -2.44632 0.0832873
19.35 -2.45304 0.0895035
19.36 -2.45837 0.0950004
19.37 -2.46247 0.0997881
19.38 -2.46553 0.103892
19.39 -2.46775 0.107342
19.4 -2.4693 0.110158
19.41 -2.47032 0.112352
19.42 -2.47091 0.11392
19.43 -2.47113 0.114849
19.44 -2.47103 0.115118
19.45 -2.47064 0.114696
19.46 -2.47001 0.113549
19.47 -2.46919 0.111644
19.48 -2.46833 0.108959
19.49 -2.46755 0.105486
19.5 -2.467 0.101241
19.51 -2.46681 0.0962633
19.52 -2.46704 0.0906187
19.53 -2.46775 0.0843886
19.54 -2.46898 0.0776645
19.55 -2.47079 0.0705403
19.56 -2.4732 0.0631043
19.57 -2.47613 0.055432
19.58 -2.47946 0.0475821
19.59 -2.48301 0.0395948
19.6 -2.48652 0.0314938
19.61 -2.48971 0.0232907
19.62 -2.49231 0.0149891
19.63 -2.4941 0.00659175
19.64 -2.49492 -0.00189379
19.65 -2.49468 -0.01045
19.66 -2.49337 -0.0190463
19.67 -2.491 -0.0276367
19.68 -2.48763 -0.0361606
19.69 -2.48332 -0.0445442
19.7 -2.47812 -0.0527048
19.71 -2.4721 -0.0605555
19.72 -2.46531 -0.0680125
19.73 -2.45775 -0.0750034
19.74 -2.44944 -0.0814745
19.75 -2.44033 -0.0873952
19.76 -2.43032 -0.0927568
19.77 -2.41928 -0.0975684
19.78 -2.407 -0.101851
19.79 -2.39329 -0.10563
19.8 -2.37799 -0.108934
19.81 -2.36098 -0.111787
19.82 -2.34222 -0.114207
19.83 -2.3217 -0.116207
19.84 -2.29948 -0.117784
19.85 -2.27571 -0.118927
19.86 -2.25061 -0.11962
19.87 -2.22446 -0.119844
19.88 -2.19758 -0.119583
19.89 -2.17025 -0.118829
19.9 -2.14269 -0.11758
19.91 -2.11511 -0.115847
19.92 -2.0877 -0.113656
19.93 -2.06062 -0.111047
19.94 -2.03405 -0.108079
19.95 -2.00809 -0.104824
19.96 -1.98282 -0.101361
19.97 -1.9583 -0.0977688
19.98 -1.93451 -0.094117
19.99 -1.91133 -0.0904646
20 -1.88867 -0.0868573
20.01 -1.8665 -0.0833323
