7.75492e-07 5.02287e-16 -0.0428898
0.217601 1.47632e-15 -0.0655629
0.448769 -7.25435e-16 -0.0759491
0.668489 -1.39397e-17 -0.0841408
0.868615 7.92901e-16 -0.0888886
1.06235 -5.69264e-16 -0.0923153
1.25258 9.09912e-16 -0.0951978
1.44152 -1.52986e-16 -0.0977798
1.62921 6.49802e-16 -0.100157
1.81608 2.55236e-16 -0.10236
2.0025 7.70482e-16 -0.104441
2.18882 2.17961e-15 -0.106407
2.37507 1.44672e-16 -0.108273
2.56219 -9.38833e-16 -0.110034
2.75341 1.20055e-15 -0.111601
2.95725 1.512e-15 -0.11264
3.18454 -4.29263e-16 -0.112586
3.42596 5.69904e-16 -0.111536
3.67265 -1.30301e-15 -0.109794
3.92358 -2.26134e-15 -0.107491
3.73745 -6.32094e-16 -0.106221
3.55108 1.64265e-15 -0.104904
3.36453 -1.41375e-15 -0.103542
3.17782 8.46864e-16 -0.102136
2.9909 -2.37214e-16 -0.100681
2.80372 2.1358e-15 -0.0991717
2.61618 6.12629e-16 -0.0976004
2.42834 -2.18919e-15 -0.0959524
2.23994 -8.0489e-16 -0.0941985
2.05086 1.00169e-15 -0.0922791
1.86056 9.75397e-16 -0.0900547
1.66888 1.14875e-15 -0.0873896
1.47486 4.68875e-16 -0.0842842
1.27632 -2.20204e-16 -0.0804462
1.06613 -1.81452e-15 -0.0754002
0.835008 1.44766e-15 -0.0682822
0.596846 5.17588e-16 -0.0594229
0.356316 -1.27372e-15 -0.0474095
0.107959 -6.44695e-16 -0.0347701
-0.127943 -8.19472e-17 -0.0153293
-0.336035 1.94667e-15 0.0137229
-0.55513 -7.84313e-16 0.0548149
-0.763201 3.76232e-15 0.107746
-0.964658 3.04715e-15 0.161996
-1.16199 2.72672e-15 0.216924
-1.35257 -3.99677e-16 0.273483
-1.53775 1.37554e-15 0.331427
-1.72068 -2.00403e-15 0.389873
-1.90286 -6.61218e-16 0.448432
-2.08487 -2.45229e-15 0.507029
-2.26754 6.39823e-16 0.565451
-2.45312 9.07275e-15 0.623197
-2.648 -2.23751e-15 0.678833
-2.86265 6.80931e-15 0.72953
-3.09229 9.69869e-16 0.774759
-3.32438 -1.00635e-14 0.816354
-3.55651 3.92449e-15 0.855086
-3.79029 1.27056e-15 0.891167
-4.02681 1.24649e-14 0.924588
-3.8453 -1.70349e-15 0.865213
-3.66356 -1.25033e-15 0.8059
-3.48169 -1.28699e-15 0.74664
-3.29966 -8.50684e-15 0.68746
-3.11737 2.64088e-15 0.628369
-2.93315 -3.21894e-15 0.569667
-2.74797 -3.27629e-14 0.511293
-2.56108 -3.7003e-15 0.453618
-2.37231 3.84475e-16 0.396533
-2.1811 -6.8083e-15 0.340289
-1.98603 -3.16179e-15 0.285852
-1.78868 4.64208e-16 0.232739
-1.58905 -4.14093e-15 0.18117
-1.38481 -1.72107e-15 0.131082
-1.16926 -2.32615e-15 0.0837118
-0.941308 9.30449e-16 0.0415412
-0.705056 -1.19058e-15 0.00484267
-0.474413 -2.19955e-15 -0.0254038
-0.246661 -7.55101e-16 -0.0473671
-0.0110304 -3.23202e-17 -0.0613343
0.21674 -3.26172e-15 -0.0722883
0.438088 -4.91788e-16 -0.0812983
0.663306 -6.6231e-16 -0.0877405
0.887756 3.10348e-17 -0.0916208
1.10604 -3.25601e-16 -0.0941476
1.31676 1.24836e-16 -0.0961651
1.5227 9.22547e-16 -0.0979456
1.72783 -9.58519e-16 -0.0993623
1.93263 -7.1481e-16 -0.100487
2.13712 -6.16357e-16 -0.1014
2.34148 -8.14789e-16 -0.102094
2.53876 1.19907e-15 -0.103092
2.73213 -1.31525e-16 -0.104223
2.92484 1.01142e-15 -0.10534
3.11989 -3.69283e-16 -0.106258
3.31859 6.23155e-16 -0.10691
3.52285 -1.15574e-15 -0.107177
3.73553 -6.07501e-16 -0.106857
3.96055 -1.6715e-16 -0.105677
4.2005 3.41688e-16 -0.103801
4.45188 2.49498e-17 -0.101057
4.70972 -1.00304e-15 -0.097695
4.97096 4.43299e-16 -0.093959
5.23375 -2.3656e-16 -0.0899234
5.49775 -7.02972e-16 -0.0856344
5.76315 -1.49855e-15 -0.0811368
6.02945 -1.04502e-15 -0.0764435
6.29622 1.34872e-15 -0.0715418
6.56393 7.66189e-16 -0.0664341
6.83288 2.18213e-15 -0.0611625
7.10266 -3.04394e-15 -0.0557244
7.37198 -1.23264e-15 -0.0500992
7.63884 6.19856e-16 -0.0443347
7.90561 5.23824e-16 -0.0384283
8.17386 -1.13227e-15 -0.0323601
8.44334 3.0996e-15 -0.0261469
8.71419 -1.81088e-17 -0.0197408
8.98598 8.7875e-16 -0.0131493
9.25797 -7.38162e-15 -0.00644116
9.07208 -4.3054e-15 -0.00481338
8.88622 2.55852e-15 -0.00313484
8.69951 1.11386e-15 -0.00149407
8.51154 -2.29425e-15 7.15369e-05
8.32184 -4.07087e-15 0.00145353
8.13194 -2.50796e-15 0.00287013
7.93844 -4.81967e-15 0.00403651
7.74321 -9.2954e-16 0.00510699
7.5477 -2.44018e-15 0.00623386
7.35178 -4.42685e-15 0.00740904
7.15429 -2.29511e-15 0.00848007
6.9564 -5.44398e-15 0.00959684
6.75811 -1.93491e-15 0.0107677
6.55907 -3.56322e-15 0.0119184
6.35878 1.69614e-15 0.0130462
6.15774 -2.18923e-15 0.0142473
5.9555 -3.99573e-15 0.0155028
5.75202 -4.48074e-15 0.0168009
5.54729 -2.83711e-15 0.0181278
5.34075 -2.34226e-15 0.0194271
5.13216 -2.3759e-15 0.0208139
4.92081 -3.72928e-15 0.0222937
4.70526 -2.85988e-15 0.0238439
4.48271 -1.3517e-15 0.0255939
4.25066 -2.65294e-15 0.027505
4.00574 -3.64479e-15 0.0293359
3.75152 -2.87829e-16 0.0310199
3.49287 -1.47083e-15 0.0327915
3.23102 -4.30632e-15 0.034387
2.96579 -2.79269e-15 0.0359255
2.69783 -3.13459e-15 0.0377299
2.43036 -7.45429e-16 0.0409681
2.16991 -1.94121e-15 0.0490971
1.91743 1.39513e-15 0.0658513
1.67179 -1.50404e-15 0.0904685
1.4346 -2.34202e-15 0.119848
1.20536 -1.61948e-15 0.154207
0.984457 -2.24494e-16 0.192961
0.768009 -1.58286e-15 0.233409
0.55455 -1.93391e-15 0.273927
0.342081 -2.97092e-15 0.313506
0.125136 -3.1516e-15 0.352293
-0.099369 -6.81359e-17 0.389968
-0.333071 -2.54593e-15 0.42688
-0.572332 -2.24166e-15 0.462639
-0.8157 -9.47984e-16 0.497747
-1.06213 -2.2458e-15 0.532059
-1.31036 -1.36202e-15 0.56585
-1.55943 -9.53518e-17 0.598861
-1.80903 -3.10682e-15 0.631239
-2.0592 -3.20384e-15 0.663219
-2.31 -3.24543e-15 0.694945
-2.56224 -2.20269e-15 0.726898
-2.81601 -2.41859e-15 0.758722
-3.07063 -9.51605e-16 0.790028
-3.32627 -1.72174e-16 0.820851
-3.57618 5.47314e-15 0.856202
-3.80172 -6.28731e-17 0.900705
-4.01607 -4.96105e-15 0.944877
-4.23361 -2.66958e-15 0.984764
-4.45487 2.06226e-15 1.02016
-4.67868 -1.68248e-15 1.05237
-4.90385 -3.47109e-15 1.08229
-5.13001 2.09781e-15 1.11041
-5.35723 2.86084e-15 1.13733
-5.58476 -3.61287e-15 1.16327
-5.81203 4.47377e-15 1.18819
-6.04003 7.67024e-15 1.21249
-6.26929 -1.03373e-14 1.23664
-6.49932 4.18682e-15 1.26085
-6.72941 1.65565e-14 1.28505
-6.95993 2.39017e-15 1.30943
-7.19201 -5.73271e-15 1.33455
-7.42634 -1.1112e-14 1.36076
-7.66299 -1.09778e-14 1.38811
-7.9015 -3.17954e-15 1.41643
-8.14155 1.47269e-14 1.44546
-8.38181 1.47598e-14 1.47491
-8.62212 3.62124e-15 1.50465
-8.43905 7.96997e-15 1.44731
-8.2539 4.1971e-15 1.39058
-8.06556 -3.32363e-15 1.33448
-7.87474 -8.08461e-16 1.27913
-7.6817 -6.12394e-15 1.22463
-7.4876 1.78452e-15 1.1709
-7.29315 4.44992e-15 1.11761
-7.09844 -8.41354e-15 1.06481
-6.90402 4.67944e-15 1.01256
-6.70927 6.90443e-15 0.960577
-6.51479 2.99507e-15 0.909134
-6.31979 1.12021e-15 0.85805
-6.12426 3.44179e-15 0.80747
-5.92804 2.8754e-15 0.75747
-5.73098 1.05305e-14 0.708021
-5.53284 3.10018e-15 0.659144
-5.33417 3.31527e-15 0.611041
-5.13476 2.07921e-15 0.563658
-4.93369 2.85031e-15 0.517134
-4.73113 -2.1625e-16 0.471495
-4.52683 1.78539e-15 0.426815
-4.32008 3.31543e-15 0.383285
-4.11036 2.00869e-15 0.340848
-3.89598 2.62471e-15 0.299763
-3.67275 3.55042e-15 0.259461
-3.43566 1.55706e-15 0.221808
-3.19317 1.7505e-15 0.186003
-2.94705 2.01035e-15 0.151445
-2.69696 1.48629e-15 0.11817
-2.4448 2.04058e-15 0.086302
-2.19456 2.5063e-15 0.0569162
-1.94486 3.15481e-15 0.0294005
-1.69513 1.44117e-15 0.0034199
-1.4478 1.08557e-15 -0.0205588
-1.20337 1.68422e-15 -0.0415791
-0.96225 -6.77145e-16 -0.059499
-0.72938 2.54473e-16 -0.0720918
-0.498485 6.42364e-16 -0.0799173
-0.268663 3.29888e-16 -0.0847626
-0.0363731 4.44073e-16 -0.0875312
0.197225 4.35473e-16 -0.0888146
0.428833 5.61385e-16 -0.0893733
0.659083 2.19023e-16 -0.0895421
0.88853 2.46822e-16 -0.08948
1.11907 2.63426e-16 -0.089287
1.34934 7.74367e-17 -0.0889451
1.57871 -2.81357e-16 -0.0884551
1.80739 8.91137e-17 -0.0878045
2.03644 4.3129e-17 -0.0869893
2.26574 6.75773e-17 -0.0859861
2.49614 1.67645e-16 -0.0847392
2.72758 -2.10331e-16 -0.0832085
2.95866 1.78906e-16 -0.0813658
3.19041 1.89495e-16 -0.0792131
3.4229 -2.58141e-16 -0.0767399
3.65685 1.40139e-16 -0.0739714
3.89352 5.17147e-17 -0.0709127
4.1309 -9.89944e-17 -0.067599
4.36897 -1.38211e-16 -0.0640489
4.60777 -1.73341e-16 -0.0602763
4.84777 1.87633e-16 -0.0563011
5.09211 -4.81308e-17 -0.0521394
5.33632 5.53407e-17 -0.0478545
5.57183 7.33875e-16 -0.0441396
5.81278 8.45832e-17 -0.0410302
6.05453 -7.6602e-16 -0.0378573
6.29691 3.45334e-17 -0.0345997
6.54058 -2.2331e-15 -0.0311614
6.78549 -2.18612e-15 -0.027533
7.03188 -1.71403e-17 -0.0237444
7.27958 -2.24507e-16 -0.0197586
7.52848 4.97329e-16 -0.0155806
7.77856 -3.72761e-15 -0.0112097
8.02974 3.97155e-15 -0.00662874
8.28192 2.61573e-15 -0.00182359
8.53524 3.6208e-16 0.00322407
8.78979 -4.33047e-15 0.00853428
9.04647 4.08984e-16 0.014164
9.30522 5.2593e-16 0.0201621
9.56631 -1.00772e-15 0.0265197
9.82983 1.20081e-15 0.0332064
10.0954 -5.46955e-15 0.0401356
10.3628 -6.44973e-16 0.0472456
10.6325 5.8137e-16 0.0543594
10.9036 -1.86543e-15 0.0615887
11.1755 3.46854e-15 0.068903
11.4481 1.32052e-15 0.0762702
11.7212 7.89549e-16 0.0837916
11.9939 1.22233e-15 0.0913356
12.2657 1.45139e-15 0.0988964
12.5366 1.05186e-15 0.106475
12.807 2.43011e-15 0.114094
13.2125 2.5326e-16 0.125608
13.4832 3.1852e-15 0.133493
13.7537 5.79556e-16 0.14141
14.0236 2.35804e-15 0.149339
14.292 7.40939e-16 0.15725
14.5561 -5.53748e-15 0.165091
14.8103 -9.01976e-16 0.172754
15.0547 -2.31988e-15 0.180238
15.2968 9.80761e-16 0.187733
15.539 1.8656e-15 0.195329
15.7812 2.78522e-15 0.202941
16.0237 3.8891e-15 0.210575
16.2663 -9.71785e-16 0.218243
16.5091 3.36883e-15 0.225946
16.752 -4.84039e-17 0.233667
16.995 3.46933e-15 0.241394
17.2381 -2.51899e-15 0.249126
17.4813 -7.48583e-16 0.256862
17.7245 2.75593e-15 0.264598
17.9678 1.14574e-15 0.272333
18.2111 -8.83892e-16 0.280068
18.4545 1.53333e-15 0.287801
18.6979 2.39346e-15 0.295534
18.9415 -1.55578e-16 0.303278
19.1851 3.52579e-15 0.311029
19.4288 -1.96839e-15 0.318781
19.6725 -3.40085e-15 0.326533
19.9164 -1.94743e-15 0.334287
19.7309 8.38386e-16 0.336044
19.5455 -2.15193e-15 0.337803
19.3601 -2.50971e-15 0.33956
19.1737 3.79347e-16 0.341203
18.9848 4.22223e-15 0.342571
18.7946 -1.03981e-15 0.343859
18.6037 -9.28222e-16 0.345102
18.411 -2.59992e-15 0.346235
18.218 1.1798e-15 0.347349
18.0235 3.05852e-15 0.348355
17.8283 -6.87582e-16 0.349326
17.6323 2.55188e-15 0.350329
17.4353 2.92994e-16 0.351259
17.2379 -7.23901e-15 0.352157
17.0396 -1.54425e-15 0.352984
16.8408 1.11964e-15 0.353752
16.6421 4.51757e-16 0.354434
16.4433 9.75822e-16 0.355063
16.2444 3.62196e-15 0.355646
16.0451 -2.49976e-16 0.356232
15.8446 7.31635e-16 0.35688
15.643 -9.66441e-16 0.357473
15.4413 -1.52509e-15 0.358014
15.2387 3.41496e-16 0.358515
15.035 1.44211e-15 0.358971
14.8302 -3.44558e-16 0.35943
14.6236 9.36412e-16 0.359876
14.4152 5.76468e-16 0.360412
14.2048 2.44992e-16 0.360941
13.9913 1.42277e-16 0.361478
13.7739 -3.16042e-15 0.362034
13.5514 1.55196e-16 0.362546
13.3195 2.7942e-16 0.362833
13.0795 1.44253e-15 0.363052
12.8317 2.04601e-15 0.363333
12.5788 2.4375e-16 0.363617
12.3218 3.99254e-16 0.363773
12.0616 8.12042e-16 0.363931
11.7984 9.18043e-16 0.36428
11.5336 -5.37369e-17 0.365195
11.2682 1.1698e-15 0.367016
11.0028 2.338e-16 0.370564
10.7384 2.23269e-15 0.376826
10.475 1.0976e-15 0.385204
10.2135 1.58402e-15 0.396342
9.95342 1.67398e-15 0.408715
9.6941 1.58822e-15 0.421534
9.4348 2.17344e-15 0.434664
9.17554 2.73833e-15 0.448026
8.91621 9.08769e-18 0.461566
8.65663 4.29297e-15 0.475233
8.39637 1.04296e-14 0.489135
8.13474 4.40149e-15 0.503469
7.87107 2.10476e-15 0.51828
7.60671 1.3908e-15 0.533099
7.34226 2.73957e-15 0.547786
7.07776 3.22988e-15 0.562321
6.81321 1.71746e-15 0.576723
6.54872 1.31127e-15 0.591008
6.28436 2.11205e-15 0.60522
6.02017 2.04725e-15 0.619504
5.7562 2.89773e-15 0.634125
5.4922 2.02705e-15 0.649254
5.22792 3.41335e-15 0.664598
4.96351 1.95732e-15 0.679823
4.6987 2.80273e-15 0.694834
4.43376 3.6042e-15 0.70973
4.16899 1.69365e-15 0.724498
3.9043 1.82983e-15 0.738983
3.63982 2.23906e-15 0.753296
3.37576 2.53696e-15 0.767489
3.11198 2.06064e-15 0.78152
2.84864 2.17945e-15 0.795334
2.5898 5.02771e-15 0.810359
2.33489 2.43212e-15 0.82633
2.08078 2.49959e-15 0.842161
1.82686 9.39037e-16 0.858088
1.57292 1.74312e-15 0.87426
1.32034 1.53168e-15 0.890613
1.06906 1.19777e-15 0.907306
0.819437 2.55384e-15 0.924568
0.570695 2.12173e-15 0.942686
0.322747 2.96061e-15 0.962307
0.076028 1.8829e-15 0.983269
-0.169785 1.70815e-15 1.00446
-0.415447 1.61404e-15 1.0257
-0.661038 1.96124e-15 1.04682
-0.906912 9.28305e-16 1.06776
-1.15352 8.0636e-16 1.0886
-1.40128 1.20798e-15 1.10935
-1.65026 1.26565e-15 1.13009
-1.90044 1.79468e-15 1.15078
-2.15186 4.81009e-16 1.17143
-2.40438 1.20718e-15 1.19208
-2.65759 1.5451e-15 1.21276
-2.9111 3.05351e-16 1.23356
-3.16474 2.16572e-15 1.25451
-3.41831 1.84821e-15 1.27564
-3.67187 2.21027e-15 1.29693
-3.92535 1.91667e-15 1.31843
-4.17853 4.59121e-17 1.3402
-4.43131 7.53574e-16 1.3623
-4.68361 -1.78868e-16 1.38481
-4.9355 8.53742e-17 1.40775
-5.18699 1.95297e-15 1.43107
-5.43817 -9.71125e-16 1.45469
-5.6891 -9.29071e-16 1.47852
-5.93986 8.6899e-16 1.50252
-6.19045 5.73205e-16 1.52664
-6.441 -1.42545e-14 1.55085
-6.69155 1.68397e-15 1.57511
-6.94215 2.11714e-15 1.59938
-7.1929 2.0577e-15 1.62352
-7.44224 6.33148e-16 1.64767
-7.66581 1.35086e-15 1.6734
-7.88897 3.50855e-16 1.6988
-8.11181 -3.55417e-15 1.72373
-8.33445 -1.84922e-15 1.74823
-8.55679 5.96156e-16 1.77232
-8.77861 -1.74987e-15 1.79595
-9.00267 9.40427e-17 1.82444
-9.22975 9.18448e-16 1.8546
-9.45652 1.0734e-15 1.88428
-9.68745 -1.35648e-15 1.91441
-9.91667 2.33388e-15 1.94412
-10.1412 -1.6625e-14 1.97329
-10.3649 -1.524e-15 2.00193
-10.5881 1.32073e-15 2.03022
-10.8113 3.70836e-16 2.05836
-11.0346 7.54745e-16 2.08645
-11.2582 5.24158e-15 2.11454
-11.4788 7.49166e-15 2.14261
-11.8103 2.48381e-15 2.18474
-12.0318 -3.99871e-15 2.21282
-12.2535 -2.36685e-16 2.24091
-12.4755 1.74401e-15 2.26897
-12.6977 -5.14224e-15 2.29703
-12.9201 -3.63293e-16 2.3251
-13.1427 3.19866e-15 2.35321
-13.3649 -2.34482e-15 2.38124
-13.5865 -1.83959e-15 2.40915
-13.8085 -2.38709e-15 2.43707
-14.0307 -1.17017e-14 2.46503
-14.2532 5.12405e-15 2.49306
-14.476 2.46475e-14 2.52115
-14.6991 3.8588e-15 2.54927
-14.9225 6.83511e-15 2.57743
-15.1461 -4.07949e-16 2.60561
-15.3699 -4.22791e-15 2.63383
-15.5947 5.35475e-17 2.6618
-15.8199 -4.73283e-15 2.68978
-16.0454 -1.58084e-14 2.71784
-16.2711 -6.71427e-15 2.74595
-16.4971 1.09746e-14 2.77413
-16.7239 -3.73206e-15 2.8023
-16.9511 1.78585e-15 2.83042
-17.1789 5.69658e-15 2.85851
-17.4069 -1.73316e-14 2.88661
-17.6351 9.72683e-15 2.91476
-17.8635 -2.79066e-15 2.94298
-18.0921 2.64197e-15 2.97126
-17.9093 -2.43896e-15 2.91467
-17.7235 -4.44952e-15 2.85871
-17.5367 -3.06682e-15 2.80307
-17.3478 1.52918e-14 2.748
-17.157 9.72584e-15 2.69355
-16.9638 3.49583e-16 2.63996
-16.7702 -7.00843e-15 2.58704
-16.5767 7.30987e-15 2.53484
-16.3836 -1.297e-15 2.48321
-16.191 1.24823e-14 2.4323
-15.9986 -3.61517e-15 2.382
-15.8056 7.04256e-15 2.33192
-15.612 1.07914e-14 2.28212
-15.4176 -7.02348e-16 2.23256
-15.2226 6.39132e-15 2.18336
-15.0267 4.2976e-15 2.13459
-14.83 -1.05251e-16 2.08634
-14.6321 2.20662e-15 2.0386
-14.4331 -9.94775e-17 1.99129
-14.2329 -3.69456e-15 1.9444
-14.0314 2.80009e-15 1.898
-13.8288 -4.46787e-16 1.85202
-13.6247 2.32679e-15 1.80669
-13.4192 9.17124e-16 1.76216
-13.2121 3.43602e-15 1.71821
-13.0031 1.35893e-15 1.67491
-12.7923 7.11311e-15 1.63241
-12.5793 2.03576e-15 1.59072
-12.364 2.36343e-15 1.55012
-12.1448 4.44519e-15 1.5104
-11.921 -5.20545e-15 1.47156
-11.6924 4.80848e-15 1.43473
-11.4595 3.59066e-15 1.39967
-11.2209 2.53583e-15 1.36683
-10.9807 9.82555e-16 1.33505
-10.7384 7.50166e-16 1.30405
-10.4945 2.18492e-15 1.2736
-10.2492 2.6222e-15 1.24354
-10.0028 1.24712e-15 1.21392
-9.75566 1.39607e-15 1.18474
-9.50782 1.51743e-15 1.15608
-9.25966 2.65084e-15 1.12786
-9.01077 3.02953e-15 1.10017
-8.76122 3.00625e-16 1.07301
-8.5114 -9.95791e-16 1.04626
-8.26201 3.75326e-15 1.02001
-8.0143 -5.91513e-16 0.994652
-7.76726 1.21485e-15 0.96966
-7.51996 1.62526e-15 0.945185
-7.27301 -1.0731e-16 0.920804
-7.0259 7.95635e-16 0.896733
-6.7787 1.85117e-15 0.872984
-6.53195 1.87831e-15 0.849527
-6.28567 8.68721e-16 0.826047
-6.0397 2.71085e-15 0.802583
-5.79388 2.08772e-15 0.779152
-5.54825 2.72283e-15 0.755692
-5.30269 1.20242e-15 0.732247
-5.05717 2.33566e-15 0.708783
-4.81181 2.55713e-15 0.685258
-4.56673 2.4802e-15 0.661713
-4.32183 2.24243e-15 0.638116
-4.07711 1.46788e-15 0.614406
-3.83244 2.2728e-15 0.590697
-3.58782 2.20187e-15 0.56688
-3.34303 2.00536e-15 0.54301
-3.09829 2.3814e-15 0.51913
-2.85348 2.08426e-15 0.495261
-2.60849 2.39596e-15 0.471448
-2.36326 2.79537e-15 0.447702
-2.11793 1.95371e-15 0.424064
-1.8726 2.68173e-15 0.400428
-1.62735 3.11424e-15 0.376732
-1.38217 2.24321e-15 0.352964
-1.13697 2.58183e-15 0.329141
-0.89167 2.22241e-15 0.305286
-0.646212 2.2588e-15 0.28139
-0.400612 2.37308e-15 0.257416
-0.154849 2.12389e-15 0.233401
0.0910356 2.31857e-15 0.209371
0.337004 2.66941e-15 0.185289
0.583122 1.13314e-15 0.161175
0.829453 2.76346e-15 0.137059
1.07607 2.19801e-15 0.112961
1.32297 1.96566e-15 0.0888908
1.56981 1.91391e-15 0.0650497
1.81191 2.21583e-15 0.0430849
2.0537 1.77346e-15 0.02262
2.29298 1.72893e-15 0.00697438
2.53135 1.53426e-15 -0.00540666
2.76987 1.70485e-15 -0.0148342
3.00463 1.91916e-15 -0.0177945
3.23689 5.75063e-16 -0.0180001
3.46671 5.62147e-16 -0.0166926
3.69614 5.96159e-16 -0.0148525
3.92519 3.77175e-16 -0.0124905
4.15402 4.48964e-16 -0.00981552
4.383 4.17464e-16 -0.00682578
4.61234 5.88599e-16 -0.00368601
4.84222 4.86976e-16 -0.000403299
5.07266 4.82121e-16 0.00305191
5.30368 5.59619e-16 0.00671445
5.53533 4.7797e-16 0.010625
5.76752 5.09982e-16 0.0147901
5.99999 5.04385e-16 0.0191861
6.23271 5.03345e-16 0.0237895
6.46559 4.36611e-16 0.0285774
6.69854 6.11125e-16 0.033534
6.93142 7.86623e-16 0.0386391
7.16413 4.72634e-16 0.0438629
7.39656 4.13328e-16 0.0492
7.62872 6.1842e-16 0.0546296
7.86057 7.25847e-16 0.0601461
8.09207 6.1572e-16 0.0657505
8.32321 5.46603e-16 0.07142
8.55404 8.24753e-16 0.0771643
8.78456 5.7664e-16 0.0829782
9.0148 6.53209e-16 0.0888534
9.24472 6.24879e-16 0.0947944
9.47438 6.21768e-16 0.100792
9.70373 5.50648e-16 0.106849
9.93296 -2.12363e-16 0.112938
10.165 1.47937e-16 0.118533
10.3991 1.46863e-15 0.124203
10.6333 -1.40851e-16 0.129939
10.8709 2.66885e-15 0.135684
11.1085 -3.23875e-16 0.141521
11.3499 -7.5528e-16 0.147477
11.5935 -1.09682e-17 0.153484
11.8373 7.66718e-16 0.159574
12.0782 1.3916e-15 0.165617
12.3157 1.19178e-15 0.171466
12.5583 2.30776e-15 0.177468
12.8014 3.6662e-15 0.183569
13.0448 1.23223e-15 0.189771
13.4103 -6.656e-16 0.199256
13.6543 -1.49118e-16 0.205694
13.8998 -5.09039e-16 0.212238
14.1503 2.15189e-15 0.218941
14.4008 3.35192e-15 0.225724
14.6519 6.68295e-16 0.232586
14.9031 1.58408e-15 0.239525
15.1544 8.08425e-15 0.24654
15.4058 7.58703e-16 0.253627
15.6573 9.29533e-16 0.260783
15.9087 -1.23492e-16 0.268003
16.16 1.66517e-16 0.275282
16.4164 7.57369e-16 0.282704
16.6729 7.24566e-16 0.290185
16.9293 3.10283e-15 0.297718
17.1855 5.99678e-18 0.305303
17.4415 7.179e-16 0.312948
17.6974 -2.40688e-15 0.320639
17.9529 4.89837e-15 0.328369
18.208 -2.53436e-15 0.336136
18.4629 -4.55637e-16 0.343937
18.7174 2.87807e-15 0.351771
18.9715 -4.11496e-15 0.359635
19.2262 5.8014e-16 0.367539
19.4809 2.05035e-17 0.375472
19.7348 -3.06091e-15 0.383422
19.9881 7.8401e-16 0.391429
20.2405 6.74375e-16 0.399482
20.4922 3.21562e-15 0.407547
20.7431 -3.56581e-16 0.415623
20.9933 3.95794e-15 0.423709
21.2428 1.45108e-15 0.431805
21.4916 1.27911e-15 0.439909
21.7399 -1.80954e-15 0.448031
21.9876 -2.71211e-16 0.456167
22.2347 1.04748e-15 0.464309
22.4814 -4.99031e-16 0.472456
22.7278 -3.11925e-16 0.48058
22.9747 -1.53262e-15 0.488541
23.2216 2.65271e-15 0.496403
23.4682 4.39874e-15 0.504267
23.7146 -9.86267e-16 0.51212
23.9608 -1.62307e-15 0.519969
24.2068 2.78752e-16 0.527815
24.4527 -7.67249e-16 0.535665
24.6985 1.16346e-15 0.54352
24.5128 -7.92504e-17 0.545488
24.327 2.25994e-15 0.547526
24.1412 -5.06449e-15 0.549677
23.9535 4.76651e-15 0.551599
23.7645 2.53153e-15 0.553371
23.5739 7.40581e-15 0.555018
23.3823 1.85659e-15 0.556591
23.189 1.2132e-15 0.558053
22.9949 -2.81691e-15 0.559445
22.7995 3.14222e-15 0.560749
22.6028 5.27658e-15 0.562048
22.4055 1.53977e-14 0.563385
22.2074 4.07723e-16 0.564622
22.0091 3.02435e-15 0.565811
21.8117 -9.15585e-16 0.566963
21.6148 2.29998e-15 0.568064
21.4171 5.42028e-15 0.569102
21.2195 2.04075e-15 0.570072
21.0215 3.81867e-15 0.570973
20.8228 2.17353e-15 0.571825
20.6242 8.66823e-16 0.572637
20.4256 -3.34337e-16 0.573419
20.2259 1.27461e-15 0.574155
20.0242 2.01661e-15 0.574776
19.8201 1.3142e-15 0.575293
19.6129 1.28914e-15 0.575676
19.4041 1.52614e-15 0.576021
19.1936 2.0693e-15 0.576334
18.9816 2.31469e-16 0.576653
18.7679 -4.81254e-16 0.577011
18.552 7.65596e-16 0.577473
18.3334 1.07185e-15 0.578098
18.1114 3.09911e-15 0.579603
17.8852 3.12245e-15 0.583022
17.6528 3.27066e-16 0.588123
17.4146 -3.546e-15 0.595152
17.1706 -1.6642e-14 0.603073
16.9222 -5.5211e-16 0.61155
16.671 2.0474e-15 0.621168
16.4176 4.3067e-15 0.631471
16.1625 3.11997e-15 0.641622
15.9058 7.39872e-16 0.651637
15.6475 3.24923e-15 0.661583
15.3879 3.72047e-15 0.67131
15.1272 2.7204e-15 0.68085
14.8659 3.05145e-15 0.690238
14.6036 1.33027e-15 0.699423
14.3408 1.72452e-15 0.70841
14.0776 4.84673e-15 0.717233
13.8142 1.4598e-15 0.726006
13.5508 2.27568e-15 0.734838
13.2877 1.60337e-15 0.744
13.025 1.60874e-15 0.754125
12.7626 3.66989e-15 0.765301
12.4997 1.06676e-15 0.777241
12.2355 4.24329e-15 0.790066
11.9709 1.25889e-15 0.803204
11.7066 2.22597e-15 0.816442
11.4426 1.33789e-15 0.829787
11.179 1.70193e-15 0.843316
10.9158 7.14734e-16 0.856995
10.6532 2.84771e-15 0.870934
10.391 1.46894e-15 0.885082
10.1292 1.04416e-15 0.899439
9.86763 1.90217e-15 0.913869
9.60626 1.02157e-15 0.928371
9.34515 2.83212e-15 0.943038
9.0843 2.4896e-15 0.957839
8.82359 2.69263e-15 0.972715
8.56294 1.93553e-15 0.987775
8.30245 -3.18487e-18 1.00286
8.04197 -2.58545e-16 1.01801
7.78125 1.37688e-15 1.03329
7.52071 3.17138e-15 1.04858
7.2604 1.66666e-15 1.06378
7.00006 1.97002e-15 1.07892
6.73948 1.15344e-15 1.09399
6.47933 1.55501e-15 1.10899
6.21953 1.53578e-15 1.12388
5.95982 1.65679e-15 1.13867
5.7004 1.08726e-15 1.15332
5.44143 1.57112e-15 1.16792
5.18285 1.13789e-15 1.18241
4.92467 1.59243e-15 1.19674
4.6669 1.73705e-15 1.21102
4.40946 1.13761e-15 1.22527
4.15241 5.18091e-16 1.23943
3.89573 1.0953e-15 1.25342
3.6394 7.44624e-16 1.26733
3.38338 8.85239e-16 1.28117
3.12774 8.25871e-16 1.29492
2.87246 1.02689e-15 1.30856
2.61743 7.56699e-16 1.3221
2.36252 9.70469e-16 1.33554
2.10781 1.4235e-15 1.34887
1.85333 8.47596e-16 1.36211
1.59907 6.99526e-16 1.37529
1.34502 5.63953e-16 1.38838
1.09108 6.01938e-16 1.40139
0.837206 4.98893e-16 1.41433
0.583277 8.74509e-16 1.42727
0.329352 3.5642e-16 1.44021
0.0801732 6.8966e-16 1.45372
-0.167803 5.0409e-16 1.46741
-0.414109 9.41208e-16 1.48204
-0.659504 1.11189e-15 1.49717
-0.904782 7.0077e-16 1.51257
-1.15058 1.22976e-15 1.52956
-1.39554 9.2838e-16 1.5473
-1.63886 1.05169e-15 1.56583
-1.88151 7.03964e-16 1.58557
-2.12256 1.20015e-15 1.60728
-2.36228 1.58046e-15 1.63007
-2.60194 9.39102e-16 1.65296
-2.8422 5.36642e-16 1.67585
-3.08347 5.1224e-16 1.69875
-3.32624 1.39865e-15 1.72163
-3.57027 9.64974e-16 1.74447
-3.81505 1.19143e-15 1.76722
-4.0604 3.82762e-16 1.78986
-4.30622 5.15554e-14 1.81241
-4.55255 1.8342e-15 1.83486
-4.79961 9.81826e-17 1.85721
-5.04716 4.04859e-18 1.87949
-5.29482 1.03662e-17 1.90169
-5.54238 1.70545e-16 1.92379
-5.78975 3.26999e-17 1.94581
-6.03682 -5.34137e-16 1.96774
-6.2836 1.05326e-15 1.98958
-6.53004 2.17221e-16 2.01133
-6.77611 1.04354e-15 2.03298
-7.02191 3.06559e-16 2.05453
-7.26734 1.31494e-15 2.07597
-7.51241 1.8214e-16 2.09729
-7.75719 4.36812e-16 2.11851
-8.00163 1.41576e-15 2.13962
-8.24583 2.1527e-16 2.16063
-8.48972 -5.72702e-17 2.18156
-8.73331 1.56673e-16 2.2024
-8.97665 -2.53818e-16 2.22317
-9.21975 5.63664e-16 2.24384
-9.46263 1.22119e-15 2.26442
-9.70537 1.13025e-15 2.28491
-9.94793 -6.85483e-14 2.3053
-10.1904 5.31512e-16 2.32562
-10.4326 5.28568e-18 2.34588
-10.7958 -6.62751e-16 2.37619
-11.0378 -5.5248e-16 2.39634
-11.2798 1.32308e-15 2.41645
-11.5217 1.92546e-15 2.43651
-11.7636 3.69484e-16 2.4565
-11.9897 1.98395e-15 2.47939
-12.2137 -2.25058e-14 2.50248
-12.4379 8.93888e-17 2.52558
-12.662 -2.6778e-15 2.54876
-12.8827 -8.37008e-15 2.57286
-13.0918 -2.75126e-15 2.59955
-13.3008 -1.80122e-16 2.62612
-13.51 9.26819e-15 2.65259
-13.7215 1.27705e-14 2.67954
-13.9342 2.76158e-15 2.70664
-14.147 -1.44582e-14 2.73363
-14.3601 7.54244e-15 2.76054
-14.5735 2.04727e-15 2.78737
-14.7879 1.4504e-15 2.81459
-15.003 -6.55696e-15 2.84182
-15.2183 -6.42787e-15 2.86898
-15.4339 3.16039e-14 2.89607
-15.6497 7.33969e-15 2.92311
-15.8658 1.74907e-15 2.95011
-16.0822 2.75012e-15 2.9771
-16.2989 -3.14686e-15 3.00409
-16.5159 -7.86975e-15 3.03108
-16.7335 -1.49869e-15 3.05797
-16.9516 -1.67878e-15 3.08486
-17.1715 -5.51345e-15 3.11214
-17.3916 -3.60259e-14 3.13947
-17.612 1.25773e-14 3.16686
-17.8327 -1.43056e-14 3.19432
-18.0536 -5.60029e-15 3.22187
-18.2753 7.25698e-15 3.24941
-18.4975 -4.2941e-15 3.27698
-18.7202 1.43894e-14 3.30461
-18.9432 1.10736e-14 3.33232
-19.1664 -5.62095e-15 3.36012
-19.3899 1.25566e-14 3.388
-19.6136 -9.16537e-15 3.41594
-19.8386 -6.31907e-15 3.44397
-20.0641 -1.62504e-14 3.47207
-20.2899 8.31726e-15 3.50022
-20.5159 7.96144e-16 3.52843
-20.7421 -1.08243e-14 3.55671
-20.9686 -4.12763e-15 3.58507
-21.1953 1.49736e-14 3.61354
-21.4223 -3.78775e-15 3.64211
-21.6496 5.68275e-15 3.67075
-21.877 9.8637e-15 3.69945
-22.1047 5.98608e-15 3.7282
-22.3325 7.90555e-15 3.75702
-22.5605 2.62345e-14 3.78588
-22.7887 -5.61963e-15 3.81479
-22.6084 -7.28436e-16 3.75828
-22.4251 -3.95038e-15 3.70221
-22.2393 5.03527e-15 3.64673
-22.0527 8.84754e-15 3.59156
-21.8631 -1.40649e-16 3.53719
-21.6712 1.75392e-15 3.48349
-21.4776 7.21483e-15 3.43059
-21.2834 -1.14633e-15 3.37821
-21.0888 3.79348e-16 3.32622
-20.8949 9.37602e-16 3.27498
-20.7018 2.22588e-15 3.22449
-20.5081 -5.99442e-15 3.17428
-20.3138 -4.62323e-15 3.12432
-20.1188 -1.4759e-14 3.07466
-19.9231 6.0677e-15 3.02529
-19.7265 1.54589e-15 2.97621
-19.5291 2.51565e-15 2.92739
-19.3307 6.55095e-15 2.879
-19.1313 -1.03132e-14 2.831
-18.9309 1.06283e-15 2.78347
-18.7292 -5.15255e-15 2.73638
-18.5263 2.38378e-15 2.6897
-18.3222 2.1018e-15 2.64347
-18.1169 -9.69851e-15 2.59769
-17.91 -2.62205e-15 2.55249
-17.7014 -2.3514e-15 2.50803
-17.4911 -1.95869e-16 2.46418
-17.2792 4.35199e-15 2.42105
-17.0651 -2.3484e-15 2.37857
-16.849 -9.40911e-15 2.33706
-16.6291 -3.4713e-15 2.2968
-16.4042 -2.24938e-16 2.2576
-16.1701 3.54376e-15 2.22075
-15.9321 3.7221e-15 2.18596
-15.6918 -3.29063e-15 2.15234
-15.4505 -4.00249e-15 2.11982
-15.2078 5.15679e-16 2.08801
-14.9639 -7.04275e-16 2.05658
-14.7185 2.44285e-16 2.02562
-14.4717 6.26904e-16 1.99507
-14.2238 -4.33886e-15 1.96492
-13.975 -4.51387e-16 1.93508
-13.7255 -1.33743e-16 1.90561
-13.4757 3.16416e-16 1.87651
-13.2258 -1.63174e-15 1.8477
-12.9759 3.29393e-16 1.81914
-12.7259 -6.37193e-16 1.79095
-12.4774 9.07468e-16 1.76331
-12.2295 -2.50875e-16 1.73599
-11.982 -6.21046e-16 1.70894
-11.7347 1.49554e-15 1.68219
-11.4871 1.99291e-15 1.65583
-11.2396 2.2955e-15 1.62957
-10.9912 9.74927e-16 1.60373
-10.7424 7.75418e-16 1.57817
-10.4942 -1.08478e-15 1.55266
-10.247 4.78345e-16 1.5272
-10.0003 1.35767e-15 1.50172
-9.7541 1.14108e-15 1.47627
-9.50816 1.48123e-15 1.45081
-9.26253 -1.77557e-16 1.42531
-9.01715 1.94905e-15 1.39981
-8.77223 7.84792e-16 1.37424
-8.52756 2.14291e-17 1.34863
-8.28321 1.20907e-15 1.32291
-8.03907 1.25147e-15 1.29718
-7.795 2.36078e-15 1.27136
-7.55092 2.10415e-15 1.24546
-7.30669 3.25199e-15 1.2196
-7.06223 1.28856e-15 1.19376
-6.81732 1.69521e-15 1.16799
-6.57209 5.86961e-16 1.14232
-6.32654 7.86834e-16 1.11671
-6.08067 1.06702e-15 1.09112
-5.83479 3.15099e-15 1.06547
-5.58896 2.10143e-15 1.0397
-5.34318 2.46351e-15 1.01379
-5.09744 1.6563e-15 0.987725
-4.85173 1.53998e-15 0.961517
-4.6062 2.84318e-15 0.935157
-4.36089 1.86905e-15 0.908654
-4.11568 2.06407e-16 0.881991
-3.87059 2.59743e-15 0.855228
-3.62557 1.36711e-15 0.828331
-3.3806 2.31671e-15 0.801277
-3.13562 2.73749e-15 0.77412
-2.89069 2.25727e-15 0.746796
-2.64576 2.49805e-15 0.719268
-2.40088 2.84382e-15 0.691562
-2.15607 2.34259e-15 0.663664
-1.91136 3.21496e-15 0.635533
-1.66679 2.49604e-15 0.607175
-1.42229 3.74941e-15 0.57862
-1.17786 2.3716e-15 0.549839
-0.933455 3.29031e-15 0.520918
-0.689126 2.87925e-15 0.491819
-0.444846 3.68391e-15 0.462599
-0.200639 3.74303e-15 0.433198
0.0435449 3.40829e-15 0.403657
0.287675 3.21434e-15 0.373966
