7.73897e-07 6.48348e-16 -0.0451468
0.240052 7.01255e-14 -0.0689935
0.493561 1.21874e-13 -0.0799436
0.734339 3.97813e-13 -0.0886238
0.955037 5.30931e-13 -0.0936928
1.16912 6.51467e-13 -0.0973912
1.37953 7.688e-13 -0.100531
1.58864 8.5142e-13 -0.103364
1.79647 9.33495e-13 -0.105989
2.00349 1.02971e-12 -0.108439
2.21011 1.13262e-12 -0.110766
2.41669 1.23925e-12 -0.112979
2.62321 1.35205e-12 -0.115093
2.83059 1.48221e-12 -0.117101
3.042 1.62963e-12 -0.118918
3.2657 1.77326e-12 -0.120208
3.51247 1.89366e-12 -0.120413
3.77378 2.19878e-12 -0.119628
4.04119 3.17312e-12 -0.118135
4.31349 4.14977e-12 -0.11606
4.10715 3.93248e-12 -0.11455
3.90061 3.71565e-12 -0.112994
3.69389 3.49345e-12 -0.111393
3.48704 3.27713e-12 -0.109747
3.28001 3.05553e-12 -0.108052
3.07271 2.84108e-12 -0.106304
2.86506 2.63155e-12 -0.104492
2.65714 2.42552e-12 -0.102604
2.44865 2.2402e-12 -0.100607
2.23947 2.06975e-12 -0.0984425
2.02906 1.9221e-12 -0.0959654
1.81721 1.77293e-12 -0.0930361
1.60289 1.56997e-12 -0.0896521
1.38379 1.39483e-12 -0.0855105
1.15267 9.77248e-13 -0.0801035
0.900731 5.75766e-13 -0.0725145
0.641565 2.41161e-13 -0.0630835
0.378026 2.96534e-15 -0.0502377
0.104918 2.92984e-13 -0.0367264
-0.155224 2.98951e-13 -0.0165331
-0.384306 6.5278e-13 0.0129818
-0.62412 1.0699e-12 0.0545144
-0.853046 8.43594e-13 0.108493
-1.07465 3.68162e-13 0.165012
-1.29211 1.67415e-13 0.222435
-1.50309 3.8975e-13 0.281569
-1.70886 5.67199e-13 0.342083
-1.91235 7.03484e-13 0.403074
-2.11509 8.40293e-13 0.464173
-2.31767 9.81831e-13 0.525312
-2.52095 1.13561e-12 0.586283
-2.72714 1.3025e-12 0.646594
-2.94271 1.45832e-12 0.70484
-3.1786 1.62171e-12 0.758282
-3.43077 1.45298e-12 0.806392
-3.68646 7.38505e-13 0.850804
-3.9426 2.47737e-13 0.892176
-4.20049 1.06522e-13 0.930705
-4.46113 1.27752e-13 0.966389
-4.25909 -1.5767e-14 0.90451
-4.05685 -1.30139e-13 0.842691
-3.8545 -2.2971e-13 0.780928
-3.652 -3.24678e-13 0.719244
-3.44928 -3.86957e-13 0.657646
-3.24455 -5.16994e-13 0.596423
-3.03884 -6.96917e-13 0.535514
-2.8316 -8.29133e-13 0.475275
-2.62258 -9.91552e-13 0.415598
-2.41115 -1.15246e-12 0.356722
-2.19671 -7.03996e-13 0.299431
-1.9803 -1.72289e-13 0.243327
-1.76155 3.32596e-13 0.188875
-1.53795 7.67617e-13 0.136107
-1.30146 6.50901e-13 0.0864315
-1.0515 5.50822e-13 0.0420961
-0.792905 3.53266e-13 0.00402789
-0.5387 1.49599e-13 -0.0268186
-0.287075 -5.86917e-14 -0.0494309
-0.0271657 -1.628e-13 -0.064127
0.224995 -6.0239e-14 -0.0757381
0.471035 1.1966e-13 -0.0853113
0.719916 2.75537e-13 -0.0922057
0.967108 4.6223e-13 -0.0964312
1.20747 5.91987e-13 -0.0992407
1.43979 5.71492e-13 -0.101519
1.66699 4.72904e-13 -0.103552
1.89329 3.49228e-13 -0.105214
2.1191 5.37835e-13 -0.106591
2.34426 1.76172e-12 -0.107779
2.56918 2.90726e-12 -0.108743
2.78666 2.90074e-12 -0.109986
3.00012 3.03076e-12 -0.11136
3.21293 3.24461e-12 -0.112719
3.42808 3.45404e-12 -0.11388
3.64688 3.66435e-12 -0.114775
3.8713 3.88744e-12 -0.115286
4.10434 4.14751e-12 -0.115206
4.35017 4.47725e-12 -0.114255
4.61158 4.79179e-12 -0.112588
4.88497 5.01635e-12 -0.110037
5.16507 5.13243e-12 -0.106856
5.44869 5.19777e-12 -0.103294
5.73393 5.27366e-12 -0.0994248
6.02042 5.38017e-12 -0.0952953
6.30831 5.48527e-12 -0.0909522
6.59708 5.58165e-12 -0.0864078
6.88633 5.67966e-12 -0.0816473
7.17655 5.77311e-12 -0.0766744
7.46805 5.86732e-12 -0.0715329
7.76035 5.95116e-12 -0.0662194
8.05223 6.03884e-12 -0.0607108
8.34166 6.12293e-12 -0.0550545
8.63091 6.20093e-12 -0.04925
8.92146 6.27282e-12 -0.0432785
9.21302 6.3454e-12 -0.037156
9.50569 6.4043e-12 -0.0308346
9.79908 6.46209e-12 -0.0243221
10.0925 6.50548e-12 -0.0176875
9.88675 6.20463e-12 -0.0158154
9.6811 5.91384e-12 -0.0138919
9.47462 5.62906e-12 -0.0120051
9.26691 5.38202e-12 -0.0101923
9.05744 5.22851e-12 -0.00856195
8.84781 5.07384e-12 -0.00689638
8.63461 4.95877e-12 -0.00547999
8.41962 4.89491e-12 -0.00415818
8.20437 4.8105e-12 -0.00277842
7.98872 4.67777e-12 -0.00134832
7.77118 3.64233e-12 -5.68652e-06
7.55325 2.7134e-12 0.00138384
7.33497 1.90589e-12 0.0028285
7.11586 1.41255e-12 0.00424705
6.89524 1.46136e-12 0.00562789
6.67387 1.47485e-12 0.00708436
6.45125 1.46404e-12 0.00859799
6.22737 1.42954e-12 0.0101568
6.0022 1.37008e-12 0.011747
5.77503 1.17297e-12 0.0133108
5.54568 9.57142e-13 0.0149717
5.3134 7.39442e-13 0.0167339
5.07663 5.35015e-13 0.0185818
4.83233 3.3238e-13 0.0206499
4.578 1.26843e-13 0.0229044
4.31056 -1.34553e-16 0.0250852
4.03369 -1.16946e-14 0.0271366
3.75229 5.08407e-14 0.0292939
3.46773 1.82805e-13 0.0312731
3.1798 3.82981e-13 0.0331922
2.88905 6.21891e-13 0.0353825
2.59867 8.60313e-13 0.0390139
2.31497 1.04011e-12 0.0475075
2.03906 1.1255e-12 0.0645796
1.7702 1.14474e-12 0.0894858
1.50971 1.14971e-12 0.11916
1.25728 1.18167e-12 0.153849
1.0131 1.25222e-12 0.193078
0.773565 1.32671e-12 0.234285
0.537493 1.3823e-12 0.276021
0.302376 1.31708e-12 0.31747
0.0628746 1.17783e-12 0.358432
-0.184139 1.06701e-12 0.398309
-0.440225 9.60033e-13 0.437434
-0.701729 8.85092e-13 0.475351
-0.967259 8.124e-13 0.512598
-1.23595 7.64256e-13 0.548982
-1.50645 7.29036e-13 0.584806
-1.77774 7.11083e-13 0.619792
-2.04951 6.9557e-13 0.654108
-2.32187 6.97579e-13 0.688012
-2.59485 7.12977e-13 0.72166
-2.86923 7.3625e-13 0.75557
-3.1452 7.65066e-13 0.789359
-3.42212 7.98201e-13 0.822604
-3.70016 8.30697e-13 0.855343
-3.97034 6.82316e-13 0.89298
-4.21578 -7.73287e-14 0.940149
-4.4527 5.03637e-14 0.986726
-4.6934 1.31887e-13 1.02882
-4.93826 2.40615e-13 1.06624
-5.186 3.16129e-13 1.10032
-5.43523 3.49929e-13 1.13202
-5.6855 3.6936e-13 1.1618
-5.93685 3.81584e-13 1.19031
-6.18849 3.83861e-13 1.21774
-6.43982 4.03148e-13 1.24406
-6.69182 4.17749e-13 1.26968
-6.94504 4.05738e-13 1.29509
-7.19888 4.29556e-13 1.32048
-7.45253 4.49389e-13 1.34579
-7.70636 4.31816e-13 1.37121
-7.9615 4.23171e-13 1.3973
-8.21866 4.18023e-13 1.42445
-8.47789 4.15951e-13 1.45267
-8.73873 4.29696e-13 1.48183
-9.00082 4.49766e-13 1.51163
-9.26286 4.54718e-13 1.54179
-9.52473 4.48239e-13 1.5722
-9.32121 1.33004e-13 1.51226
-9.1158 -2.63777e-13 1.4529
-8.90757 -3.2951e-13 1.39413
-8.69761 3.81785e-13 1.33599
-8.48478 9.9095e-14 1.27881
-8.27023 -7.02946e-14 1.22247
-8.05512 -1.70331e-13 1.16658
-7.83961 -2.47061e-13 1.11118
-7.62439 -2.91199e-13 1.05638
-7.40884 -3.36171e-13 1.00183
-7.19365 -3.8001e-13 0.947832
-6.97795 -4.06764e-13 0.894177
-6.76177 -4.09078e-13 0.841005
-6.54494 -3.97527e-13 0.788389
-6.3273 -3.64595e-13 0.736303
-6.1086 -3.34992e-13 0.684768
-5.88945 -2.85474e-13 0.633997
-5.66963 -2.31916e-13 0.583933
-5.44812 -1.58748e-13 0.534686
-5.2251 -8.61974e-14 0.48629
-5.00027 -1.27319e-14 0.438813
-4.77279 4.51916e-14 0.392432
-4.542 7.66971e-14 0.347099
-4.30554 8.32462e-14 0.303311
-4.05887 4.35424e-14 0.260735
-3.79756 -6.98591e-14 0.221447
-3.53056 -2.35248e-13 0.185105
-3.25984 -4.23518e-13 0.15021
-2.98515 -6.24888e-13 0.116604
-2.70848 -8.19674e-13 0.0844083
-2.43416 -9.66185e-13 0.0547185
-2.16072 -1.06443e-12 0.0269106
-1.88733 -1.13171e-12 0.000642521
-1.61638 -1.16754e-12 -0.0236126
-1.34844 -1.15114e-12 -0.0448891
-1.08373 -1.08681e-12 -0.0630649
-0.826883 -9.63464e-13 -0.0759247
-0.572062 -8.00424e-13 -0.0840203
-0.318649 -6.36089e-13 -0.0891265
-0.0632269 -4.98843e-13 -0.09214
0.193025 -3.78453e-13 -0.0936527
0.447048 -2.36542e-13 -0.0944292
0.699607 -5.09397e-14 -0.0948069
0.951222 1.3186e-13 -0.0949455
1.20391 3.22029e-13 -0.0949491
1.45625 4.97612e-13 -0.0947973
1.70759 6.62693e-13 -0.0944897
1.95818 8.1718e-13 -0.0940136
2.20913 9.57526e-13 -0.0933673
2.46027 1.09254e-12 -0.0925281
2.71254 1.22266e-12 -0.0914403
2.96586 1.34447e-12 -0.0900651
3.21873 1.45937e-12 -0.0883736
3.47227 1.5668e-12 -0.0863697
3.72658 1.66654e-12 -0.0840426
3.98245 1.76236e-12 -0.0814186
4.24123 1.8546e-12 -0.0785046
4.50079 1.94494e-12 -0.0753329
4.76112 2.03139e-12 -0.0719215
5.02229 2.1138e-12 -0.0682842
5.2848 2.19413e-12 -0.0644417
5.55197 2.27461e-12 -0.0604154
5.81912 2.35138e-12 -0.0562636
6.0779 2.39101e-12 -0.0526947
6.34123 2.81624e-12 -0.0497844
6.60514 4.21765e-12 -0.0468203
6.86946 4.25541e-12 -0.0437457
7.1352 4.29218e-12 -0.0404865
7.40227 4.34225e-12 -0.0370332
7.67083 4.49719e-12 -0.0334184
7.94082 4.64806e-12 -0.0296014
8.21207 4.79774e-12 -0.025587
8.48457 4.93833e-12 -0.0213739
8.75821 5.0865e-12 -0.0169443
9.03285 5.21798e-12 -0.0122832
9.30857 5.33851e-12 -0.00737131
9.58539 5.45333e-12 -0.00218752
9.86408 5.59337e-12 0.00332593
10.1446 5.71561e-12 0.00921877
10.4271 5.82594e-12 0.0154813
10.7118 5.93001e-12 0.0220802
10.9984 6.01376e-12 0.0289269
11.2865 6.10102e-12 0.0359591
11.5769 6.1758e-12 0.0429995
11.8685 6.24019e-12 0.0501586
12.1609 6.30804e-12 0.0574056
12.4538 6.36508e-12 0.0647083
12.7472 6.42184e-12 0.0721675
13.0401 6.47693e-12 0.0796517
13.3321 6.52946e-12 0.0871549
13.6231 6.57948e-12 0.0946784
13.9135 6.63023e-12 0.102244
14.349 6.69917e-12 0.11368
14.6397 6.74759e-12 0.121515
14.9302 6.78878e-12 0.129383
15.22 6.83373e-12 0.137264
15.5081 6.87407e-12 0.145129
15.7919 6.90804e-12 0.152928
16.0654 6.95048e-12 0.160557
16.3287 6.98373e-12 0.168014
16.5895 7.02081e-12 0.175485
16.8504 7.05404e-12 0.183057
17.1114 7.08639e-12 0.190646
17.3725 7.11835e-12 0.198257
17.6338 7.14311e-12 0.205902
17.8953 7.17749e-12 0.213583
18.157 7.20258e-12 0.221282
18.4187 7.23465e-12 0.228987
18.6805 7.25621e-12 0.236698
18.9424 7.28568e-12 0.244412
19.2043 7.3164e-12 0.252126
19.4663 7.34142e-12 0.259841
19.7283 7.36564e-12 0.267554
19.9904 7.39439e-12 0.275267
20.2525 7.4213e-12 0.282979
20.5148 7.44384e-12 0.290703
20.7771 7.47315e-12 0.298434
21.0395 7.49208e-12 0.306165
21.302 7.51544e-12 0.313897
21.5645 7.54114e-12 0.321631
21.3595 7.26136e-12 0.323622
21.1545 6.98646e-12 0.325615
20.9496 6.72515e-12 0.327607
20.7437 6.48249e-12 0.329485
20.5354 6.32128e-12 0.331088
20.3257 6.20282e-12 0.332611
20.1153 6.10535e-12 0.334091
19.903 6.05532e-12 0.335461
19.6905 5.99753e-12 0.336812
19.4762 5.08988e-12 0.338066
19.2612 4.11005e-12 0.339287
19.0452 3.70229e-12 0.340531
18.8282 3.77054e-12 0.341693
18.6106 3.81706e-12 0.342828
18.3923 3.69937e-12 0.34389
18.1732 3.50569e-12 0.344894
17.9544 3.2724e-12 0.34582
17.7355 3.04528e-12 0.346698
17.5166 2.82558e-12 0.347536
17.2974 2.60206e-12 0.348386
17.0769 2.38483e-12 0.349312
16.8553 2.16664e-12 0.350189
16.6337 1.95275e-12 0.351034
16.4112 1.74383e-12 0.351852
16.1876 1.5373e-12 0.352635
15.963 1.3271e-12 0.353447
15.7362 1.12722e-12 0.354269
15.5077 9.35996e-13 0.355213
15.2771 7.52878e-13 0.356178
15.0432 5.79724e-13 0.357234
14.8051 4.12415e-13 0.358375
14.5616 2.63015e-13 0.359449
14.3084 1.29255e-13 0.360216
14.0468 3.3562e-14 0.360848
13.7771 -1.17735e-14 0.361486
13.5021 -5.52668e-15 0.362131
13.223 5.12187e-14 0.362633
12.9406 1.45746e-13 0.363118
12.6553 2.64826e-13 0.363787
12.3682 3.97683e-13 0.364998
12.0804 5.39557e-13 0.367103
11.7927 6.7182e-13 0.370903
11.5059 7.87948e-13 0.37738
11.2202 8.81928e-13 0.385952
10.9364 9.58603e-13 0.397259
10.6541 1.02172e-12 0.409786
10.3726 1.07431e-12 0.422748
10.091 1.11911e-12 0.436004
9.80952 1.15716e-12 0.449485
9.52792 1.18693e-12 0.463131
9.24605 1.22114e-12 0.476891
8.96353 1.25503e-12 0.490878
8.67972 1.27485e-12 0.50528
8.394 1.29927e-12 0.520144
8.10761 1.3254e-12 0.535009
7.82112 1.35323e-12 0.549742
7.53456 1.37977e-12 0.564323
7.24796 1.4041e-12 0.578776
6.96142 1.42998e-12 0.593119
6.67504 1.45762e-12 0.607402
6.38891 1.48539e-12 0.621783
6.10318 1.51554e-12 0.636554
5.81775 1.54091e-12 0.651912
5.53232 1.56038e-12 0.667573
5.24678 1.56496e-12 0.683244
4.96072 1.54842e-12 0.698959
4.67457 1.51853e-12 0.714695
4.38865 1.48462e-12 0.730339
4.10273 1.45012e-12 0.745762
3.81703 1.41389e-12 0.76105
3.53184 1.37831e-12 0.776231
3.24698 1.34394e-12 0.791284
2.96257 1.31781e-12 0.806112
2.68239 1.29905e-12 0.822202
2.40586 1.28069e-12 0.839273
2.13014 1.27647e-12 0.856194
1.85471 1.27087e-12 0.873213
1.57926 1.27313e-12 0.890497
1.30512 1.28014e-12 0.907977
1.03222 1.2887e-12 0.925822
0.760926 1.30503e-12 0.944274
0.490497 1.32e-12 0.96365
0.220886 1.33123e-12 0.984653
-0.0473715 1.33188e-12 1.0071
-0.31467 1.33293e-12 1.0298
-0.581796 1.33313e-12 1.05253
-0.848888 1.33462e-12 1.07512
-1.1163 1.33742e-12 1.0975
-1.38451 1.34459e-12 1.11973
-1.65397 1.35636e-12 1.14185
-1.92477 1.37082e-12 1.16391
-2.19687 1.3871e-12 1.18589
-2.4703 1.40177e-12 1.2078
-2.74488 1.41887e-12 1.22966
-3.0202 1.43518e-12 1.25153
-3.29583 1.44902e-12 1.27349
-3.57159 1.46548e-12 1.29556
-3.84727 1.47847e-12 1.31778
-4.12295 1.49076e-12 1.34015
-4.39856 1.50091e-12 1.36269
-4.67384 1.50813e-12 1.38547
-4.94869 1.51727e-12 1.40857
-5.22301 1.52291e-12 1.43204
-5.49685 1.52859e-12 1.45592
-5.77025 1.53452e-12 1.48016
-6.04327 1.53343e-12 1.50467
-6.31598 1.53457e-12 1.52937
-6.58847 1.5363e-12 1.55421
-6.86073 1.53461e-12 1.57916
-7.13288 1.51653e-12 1.60419
-7.40496 1.52957e-12 1.62924
-7.67704 1.52532e-12 1.65428
-7.9492 1.51959e-12 1.67917
-8.21998 1.51446e-12 1.70406
-8.46713 1.5698e-12 1.73053
-8.71382 1.62309e-12 1.75663
-8.96012 1.67256e-12 1.78223
-9.20617 1.72603e-12 1.80736
-9.45185 1.77834e-12 1.83205
-9.69694 1.82339e-12 1.85623
-9.94176 1.95729e-12 1.88555
-10.1888 2.10639e-12 1.91661
-10.4355 2.25166e-12 1.94713
-10.6865 2.38299e-12 1.9781
-10.9355 2.52764e-12 2.00857
-11.1795 2.67332e-12 2.03846
-11.4222 2.84703e-12 2.06775
-11.6644 3.00222e-12 2.09663
-11.9062 3.14564e-12 2.1253
-12.148 3.28476e-12 2.15389
-12.39 3.42253e-12 2.18244
-12.6291 2.98991e-12 2.21097
-12.9886 2.27368e-12 2.25375
-13.2286 1.77642e-12 2.28225
-13.4688 1.28215e-12 2.31073
-13.7093 7.75818e-13 2.33918
-13.9499 2.50876e-13 2.36761
-14.1907 -2.6861e-13 2.39605
-14.4318 -7.95925e-13 2.42451
-14.673 -9.90949e-13 2.45285
-14.9142 -8.58839e-13 2.48102
-15.1556 -7.27766e-13 2.5092
-15.3973 -6.06388e-13 2.53743
-15.6393 -4.55415e-13 2.5657
-15.8816 -3.00356e-13 2.59404
-16.1242 -1.92001e-13 2.6224
-16.367 -5.67405e-14 2.6508
-16.61 6.85716e-14 2.67922
-16.8533 1.94428e-13 2.70767
-17.0978 2.54763e-13 2.73589
-17.3426 2.91976e-13 2.76411
-17.5876 3.23412e-13 2.79242
-17.8329 3.7626e-13 2.82078
-18.0785 4.36204e-13 2.8492
-18.3248 4.54142e-13 2.87761
-18.5715 4.73724e-13 2.90597
-18.8188 4.75928e-13 2.9343
-19.0662 4.49631e-13 2.96264
-19.3139 4.79728e-13 2.99103
-19.5617 4.62716e-13 3.01949
-19.8098 4.67275e-13 3.048
-19.6067 2.05072e-13 2.98888
-19.4008 -1.72609e-13 2.93036
-19.194 -5.65299e-13 2.87214
-18.9856 -1.86531e-13 2.8144
-18.7755 2.11596e-13 2.75727
-18.5624 -1.26737e-13 2.70111
-18.3483 -2.62057e-13 2.64566
-18.1343 -3.1453e-13 2.59097
-17.9205 -3.86735e-13 2.53688
-17.7076 -4.31232e-13 2.48354
-17.4948 -4.96675e-13 2.43081
-17.2814 -5.23241e-13 2.37832
-17.0674 -5.43359e-13 2.3261
-16.8526 -5.7096e-13 2.27412
-16.6372 -5.66406e-13 2.22251
-16.4211 -5.57192e-13 2.17131
-16.204 -5.33496e-13 2.12063
-15.9858 -4.93151e-13 2.07046
-15.7664 -4.47704e-13 2.02073
-15.5459 -3.98579e-13 1.97142
-15.3242 -3.31814e-13 1.9226
-15.1012 -2.75293e-13 1.8742
-14.8768 -2.06249e-13 1.82645
-14.6508 -1.38091e-13 1.7795
-14.4233 -7.36183e-14 1.73312
-14.1937 -2.35037e-14 1.68739
-13.9621 2.25964e-14 1.64246
-13.7281 3.90683e-14 1.59834
-13.491 4.44498e-14 1.55541
-13.2494 3.3085e-14 1.51364
-13.0023 -1.29711e-14 1.47315
-12.7503 -6.23107e-14 1.43505
-12.4939 -1.44136e-13 1.39907
-12.2318 -2.33326e-13 1.36586
-11.968 -3.23088e-13 1.33385
-11.7023 -4.10068e-13 1.30265
-11.435 -4.93316e-13 1.272
-11.1663 -5.73488e-13 1.24175
-10.8965 -6.47088e-13 1.21194
-10.6262 -7.05452e-13 1.18257
-10.3554 -7.46468e-13 1.15372
-10.0844 -7.69255e-13 1.12532
-9.81284 -7.77162e-13 1.09745
-9.54067 -7.74214e-13 1.0701
-9.2683 -7.58504e-13 1.04318
-8.99643 -7.26494e-13 1.01676
-8.72634 -6.91786e-13 0.991242
-8.45701 -6.41289e-13 0.966095
-8.18756 -5.8736e-13 0.941472
-7.91854 -5.31878e-13 0.916947
-7.64948 -4.71237e-13 0.892736
-7.38045 -4.102e-13 0.868854
-7.11204 -3.54356e-13 0.845269
-6.84416 -3.00611e-13 0.821664
-6.57671 -2.47565e-13 0.79808
-6.30952 -2.0227e-13 0.774532
-6.04263 -1.57964e-13 0.750958
-5.77592 -1.15465e-13 0.727403
-5.50934 -6.44673e-14 0.703834
-5.24303 -1.01947e-14 0.680205
-4.97708 5.35557e-14 0.656561
-4.71141 1.27194e-13 0.632867
-4.446 2.0301e-13 0.609064
-4.1807 2.85729e-13 0.585264
-3.91553 3.68694e-13 0.561358
-3.6502 4.51209e-13 0.537403
-3.38495 5.31968e-13 0.51344
-3.11962 6.04273e-13 0.489491
-2.8541 6.69208e-13 0.4656
-2.58833 7.24137e-13 0.44178
-2.32244 7.69024e-13 0.418069
-2.05656 8.11205e-13 0.394364
-1.79082 8.52516e-13 0.370599
-1.52519 8.90133e-13 0.346763
-1.25958 9.27114e-13 0.322874
-0.993905 9.62217e-13 0.298954
-0.728098 9.96062e-13 0.274993
-0.462183 1.02853e-12 0.250956
-0.196139 1.05802e-12 0.226878
0.069984 1.08557e-12 0.202787
0.336139 1.11128e-12 0.178644
0.602392 1.13408e-12 0.154469
0.868813 1.1599e-12 0.130293
1.13547 1.1828e-12 0.106135
1.40238 1.20575e-12 0.0820064
1.66919 1.22906e-12 0.0581066
1.93146 1.25561e-12 0.0360787
2.19343 1.28308e-12 0.0155488
2.45311 1.31549e-12 -0.000168887
2.71193 1.3533e-12 -0.0126262
2.97088 1.39861e-12 -0.0221333
3.22632 1.45347e-12 -0.0251819
3.47936 1.51267e-12 -0.0254788
3.73006 1.57676e-12 -0.0242637
3.98036 1.64198e-12 -0.0225146
4.23029 1.7078e-12 -0.0202425
4.48002 1.77405e-12 -0.0176554
4.72993 1.8402e-12 -0.0147518
4.98017 1.90543e-12 -0.0116961
5.23096 1.96861e-12 -0.00849525
5.48229 2.02963e-12 -0.00511974
5.73421 2.08796e-12 -0.0015348
5.98678 2.14309e-12 0.00230026
6.2399 2.19568e-12 0.00639175
6.49331 2.24569e-12 0.010716
6.74695 2.29359e-12 0.0152493
7.00074 2.33959e-12 0.019969
7.25457 2.38433e-12 0.0248588
7.50832 2.42783e-12 0.0298986
7.76186 2.46981e-12 0.0350586
8.01509 2.51113e-12 0.0403333
8.26803 2.55203e-12 0.0457019
8.52062 2.59217e-12 0.0511587
8.77284 2.63142e-12 0.0567047
9.02466 2.67016e-12 0.0623171
9.27613 2.70879e-12 0.0680055
9.52726 2.7464e-12 0.0737647
9.77808 2.78402e-12 0.0795864
10.0286 2.82111e-12 0.085475
10.2787 2.85793e-12 0.0914214
10.5285 2.89434e-12 0.0974283
10.7781 3.00268e-12 0.103466
11.0296 4.46098e-12 0.108966
11.2832 5.15344e-12 0.114546
11.537 5.66295e-12 0.120198
11.7939 5.2519e-12 0.12587
12.051 4.82775e-12 0.131637
12.312 4.50284e-12 0.13752
12.5752 4.43011e-12 0.143448
12.8386 4.3811e-12 0.14946
13.0993 4.36087e-12 0.155427
13.3567 4.41485e-12 0.161198
13.6196 4.51814e-12 0.167119
13.8828 4.63032e-12 0.173141
14.1463 4.73595e-12 0.179267
14.542 4.89166e-12 0.188642
14.8061 4.99433e-12 0.195008
15.0717 5.09195e-12 0.201483
15.3426 5.18469e-12 0.208115
15.6134 5.2735e-12 0.214828
15.8848 5.35921e-12 0.221621
16.1563 5.44668e-12 0.228495
16.4278 5.53777e-12 0.235446
16.6993 5.61198e-12 0.242471
16.9709 5.69205e-12 0.249567
17.2424 5.76883e-12 0.256728
17.5139 5.84493e-12 0.26395
17.7905 5.91817e-12 0.271312
18.0672 5.98879e-12 0.278735
18.3438 6.06022e-12 0.286211
18.6201 6.12421e-12 0.293741
18.8962 6.1904e-12 0.301332
19.1721 6.25096e-12 0.308971
19.4476 6.32092e-12 0.316651
19.7228 6.37447e-12 0.324368
19.9975 6.43637e-12 0.332122
20.2719 6.4983e-12 0.339908
20.5458 6.5479e-12 0.347727
20.8204 6.60904e-12 0.355586
21.0948 6.66326e-12 0.363474
21.3684 6.71356e-12 0.371381
21.6412 6.76998e-12 0.379346
21.9133 6.82116e-12 0.387359
22.1845 6.87375e-12 0.395385
22.4549 6.91817e-12 0.403424
22.7244 6.97062e-12 0.411473
22.9933 7.01482e-12 0.419533
23.2614 7.06032e-12 0.427604
23.529 7.10162e-12 0.435693
23.7959 7.14722e-12 0.443796
24.0622 7.1919e-12 0.451907
24.3281 7.23253e-12 0.460023
24.5937 7.274e-12 0.468117
24.8596 7.31277e-12 0.476049
25.1255 7.35579e-12 0.483883
25.3912 7.39586e-12 0.491719
25.6566 7.42756e-12 0.499546
25.9218 7.46389e-12 0.507368
26.1867 7.50194e-12 0.515188
26.4516 7.53644e-12 0.523012
26.7163 7.57366e-12 0.530843
26.511 7.29506e-12 0.533045
26.3057 7.03167e-12 0.535318
26.1003 6.76694e-12 0.537702
25.8932 6.54334e-12 0.539856
25.6847 6.36527e-12 0.541862
25.4746 6.25777e-12 0.543742
25.2635 6.16111e-12 0.545549
25.0508 6.11232e-12 0.547245
24.837 5.57447e-12 0.548876
24.6218 4.58338e-12 0.550426
24.405 4.66483e-12 0.551953
24.1876 4.7409e-12 0.553516
23.9692 4.54128e-12 0.554983
23.7508 4.33024e-12 0.556401
23.5334 4.08584e-12 0.557779
23.3164 3.85736e-12 0.559111
23.0988 3.6317e-12 0.560386
22.8813 3.4008e-12 0.561599
22.6636 3.17842e-12 0.562751
22.445 2.95445e-12 0.563868
22.2268 2.73404e-12 0.564946
22.0086 2.5161e-12 0.566014
21.7893 2.30396e-12 0.567046
21.568 2.09452e-12 0.567977
21.3443 1.88656e-12 0.568813
21.1176 1.68272e-12 0.569533
20.8892 1.48468e-12 0.570234
20.6589 1.29411e-12 0.570931
20.4272 1.10499e-12 0.571653
20.1936 9.2522e-13 0.572475
19.9576 7.58184e-13 0.573478
19.7187 6.0108e-13 0.574642
19.4761 4.53055e-13 0.576668
19.2289 3.07351e-13 0.580559
18.9753 1.756e-13 0.586046
18.7158 7.40997e-14 0.593382
18.4503 -6.78387e-15 0.601566
18.1807 -3.05232e-14 0.610284
17.9081 -4.6662e-14 0.620127
17.6334 -4.50627e-14 0.630654
17.357 -3.24035e-14 0.641024
17.079 -9.2315e-15 0.65125
16.7993 2.78366e-14 0.661394
16.5183 6.92807e-14 0.671319
16.2363 1.1384e-13 0.681044
15.9534 1.62721e-13 0.690601
15.6697 2.10202e-13 0.699949
15.3854 2.60011e-13 0.709095
15.1006 3.11881e-13 0.718065
14.8155 3.54416e-13 0.726973
14.5304 3.98313e-13 0.735929
14.2456 4.36273e-13 0.745204
13.9612 4.68668e-13 0.755424
13.6771 4.98052e-13 0.766675
13.3925 5.20182e-13 0.778678
13.1067 5.4818e-13 0.791548
12.8206 5.67963e-13 0.804718
12.5348 5.89932e-13 0.81798
12.2492 6.08225e-13 0.831346
11.964 6.27229e-13 0.844893
11.6793 6.43695e-13 0.858585
11.3951 6.63794e-13 0.872535
11.1113 6.81215e-13 0.886696
10.828 7.01784e-13 0.901069
10.5449 7.25203e-13 0.915519
10.262 7.48083e-13 0.930046
9.9795 7.75997e-13 0.944751
9.69731 8.03031e-13 0.959605
9.41535 8.30725e-13 0.974552
9.1336 8.57169e-13 0.989713
8.85209 8.81448e-13 1.00492
8.57076 9.04368e-13 1.02024
8.28941 9.23039e-13 1.03573
8.00834 9.39693e-13 1.05128
7.72751 9.47739e-13 1.06682
7.44662 9.46955e-13 1.08244
7.16548 9.29631e-13 1.09817
6.88483 9.13775e-13 1.11384
6.60456 8.97063e-13 1.12944
6.32437 8.77092e-13 1.14497
6.04446 8.55752e-13 1.1604
5.76507 8.36414e-13 1.17576
5.48617 8.16855e-13 1.19105
5.20762 8.02453e-13 1.20617
4.92955 7.88786e-13 1.22123
4.65192 7.74787e-13 1.23625
4.37471 7.62541e-13 1.25117
4.09783 7.56593e-13 1.2659
3.82139 7.50459e-13 1.28054
3.54529 7.44931e-13 1.2951
3.26959 7.40437e-13 1.30957
2.99426 7.3924e-13 1.3239
2.71916 7.38906e-13 1.33813
2.44418 7.40093e-13 1.35225
2.1694 7.44645e-13 1.36626
1.8949 7.51052e-13 1.38015
1.62065 7.59496e-13 1.39398
1.34663 7.70799e-13 1.4077
1.07275 7.83858e-13 1.42134
0.798964 7.97293e-13 1.4349
0.525149 8.11132e-13 1.44845
0.251351 8.24243e-13 1.462
-0.0179625 8.42331e-13 1.47614
-0.286124 8.6133e-13 1.49046
-0.552814 8.83601e-13 1.50575
-0.818699 9.06539e-13 1.52156
-1.08449 9.28729e-13 1.53765
-1.351 9.54228e-13 1.55539
-1.61678 9.79099e-13 1.57391
-1.88102 1.004e-12 1.59326
-2.14458 1.02258e-12 1.61388
-2.40643 1.02897e-12 1.63658
-2.66686 1.02542e-12 1.66042
-2.92723 1.01879e-12 1.68436
-3.18826 1.01265e-12 1.70828
-3.45038 1.00824e-12 1.73218
-3.71412 1.00778e-12 1.75603
-3.97924 1.00811e-12 1.77983
-4.24515 1.01013e-12 1.80351
-4.51164 1.01144e-12 1.82706
-4.77862 1.07007e-12 1.85049
-5.04612 1.0186e-12 1.8738
-5.31438 1.01994e-12 1.89701
-5.58315 1.02347e-12 1.92011
-5.85203 1.02728e-12 1.94312
-6.12081 1.03143e-12 1.96601
-6.38941 1.03541e-12 1.98881
-6.65769 1.03891e-12 2.0115
-6.92568 1.04465e-12 2.03409
-7.19332 1.0475e-12 2.05656
-7.46059 1.05202e-12 2.07893
-7.72758 1.05451e-12 2.10117
-7.99419 1.05867e-12 2.1233
-8.26042 1.06019e-12 2.14529
-8.52633 1.06293e-12 2.16717
-8.79191 1.06621e-12 2.18892
-9.05723 1.06668e-12 2.21056
-9.3222 1.06781e-12 2.2321
-9.58686 1.06918e-12 2.25355
-9.85124 1.06946e-12 2.27491
-10.1154 1.07069e-12 2.29616
-10.3792 1.07137e-12 2.3173
-10.643 1.07081e-12 2.33834
-10.9065 9.94194e-13 2.35928
-11.1698 1.06802e-12 2.38013
-11.4329 1.0658e-12 2.40091
-11.8274 1.06181e-12 2.43197
-12.0902 1.05929e-12 2.45262
-12.353 1.05828e-12 2.47321
-12.6156 1.05555e-12 2.49374
-12.8782 1.05003e-12 2.5142
-13.1263 1.07811e-12 2.53753
-13.3726 1.08325e-12 2.56107
-13.6189 1.13666e-12 2.5846
-13.8651 1.16377e-12 2.6082
-14.1072 1.23069e-12 2.63278
-14.3354 1.23773e-12 2.66009
-14.5634 1.20104e-12 2.68728
-14.7918 1.17694e-12 2.71435
-15.0223 9.49093e-13 2.74191
-15.2539 6.2116e-13 2.76961
-15.4857 2.83819e-13 2.79719
-15.7178 -9.37852e-15 2.82467
-15.9501 -3.35396e-13 2.85206
-16.1844 -2.51504e-13 2.87978
-16.4195 -1.8255e-13 2.90752
-16.6548 -1.02428e-13 2.93516
-16.8903 1.94286e-14 2.96272
-17.126 7.17378e-14 2.99022
-17.3619 1.45721e-13 3.01767
-17.5982 2.27358e-13 3.0451
-17.8347 3.03003e-13 3.07251
-18.0715 3.786e-13 3.09991
-18.309 4.32105e-13 3.12721
-18.547 4.60963e-13 3.15451
-18.7868 4.85164e-13 3.1822
-19.0269 4.77756e-13 3.20993
-19.2672 5.59907e-13 3.23771
-19.5078 5.58733e-13 3.26555
-19.7486 5.98681e-13 3.29348
-19.9901 6.21245e-13 3.32138
-20.2321 6.10256e-13 3.34932
-20.4746 6.32146e-13 3.3773
-20.7173 6.27899e-13 3.40535
-20.9602 6.11022e-13 3.4335
-21.2033 6.30466e-13 3.46171
-21.4468 6.07896e-13 3.48998
-21.6914 6.09689e-13 3.51834
-21.9364 6.00497e-13 3.54675
-22.1818 6.28291e-13 3.57521
-22.4273 6.1901e-13 3.60372
-22.6731 6.07324e-13 3.6323
-22.9191 6.16939e-13 3.66097
-23.1653 6.38669e-13 3.68973
-23.4118 6.18226e-13 3.71858
-23.6585 6.30738e-13 3.74751
-23.9055 6.3868e-13 3.77649
-24.1526 6.34508e-13 3.80552
-24.3999 6.37051e-13 3.83461
-24.6473 6.56729e-13 3.86375
-24.8949 6.22544e-13 3.89292
-24.6946 4.55628e-13 3.83392
-24.4911 1.95366e-13 3.77535
-24.2853 -1.61478e-13 3.71735
-24.0788 -5.2987e-13 3.65964
-23.87 8.76777e-14 3.6026
-23.6587 1.70782e-14 3.54631
-23.4448 -1.24782e-13 3.49093
-23.2302 -2.31071e-13 3.4361
-23.015 -2.94216e-13 3.38168
-22.8006 -3.59109e-13 3.32804
-22.5871 -4.20142e-13 3.27518
-22.373 -4.80376e-13 3.2226
-22.1584 -5.18056e-13 3.17028
-21.943 -5.57816e-13 3.11825
-21.7269 -5.52343e-13 3.06652
-21.51 -5.61974e-13 3.01509
-21.2922 -5.58631e-13 2.96393
-21.0735 -5.3867e-13 2.91319
-20.8538 -5.27456e-13 2.86285
-20.633 -4.76868e-13 2.81297
-20.4111 -4.37315e-13 2.76353
-20.1878 -3.76967e-13 2.71452
-19.9634 -3.21126e-13 2.66596
-19.7377 -2.77012e-13 2.61786
-19.5104 -2.08897e-13 2.57035
-19.2814 -1.46279e-13 2.52356
-19.0506 -8.83521e-14 2.4774
-18.8181 -3.55633e-14 2.43197
-18.5831 -7.83667e-15 2.38719
-18.3458 7.17268e-15 2.34344
-18.1039 2.34454e-14 2.3012
-17.8563 1.88616e-14 2.26038
-17.5993 -5.94805e-15 2.22222
-17.3384 -5.68143e-14 2.18632
-17.075 -1.31681e-13 2.15181
-16.8104 -2.04415e-13 2.11884
-16.5445 -2.70997e-13 2.0868
-16.2774 -3.42266e-13 2.05517
-16.0088 -4.08782e-13 2.02403
-15.739 -4.72409e-13 1.9933
-15.468 -5.3525e-13 1.96297
-15.1963 -5.79094e-13 1.93296
-14.924 -6.13556e-13 1.90331
-14.6516 -6.32304e-13 1.87404
-14.3791 -6.39037e-13 1.84506
-14.1068 -6.30363e-13 1.81634
-13.8345 -6.14624e-13 1.78799
-13.5638 -5.87211e-13 1.7602
-13.2936 -5.55267e-13 1.73273
-13.024 -5.1669e-13 1.70553
-12.7546 -4.70599e-13 1.67865
-12.4851 -4.236e-13 1.65216
-12.2157 -3.74605e-13 1.62577
-11.9456 -3.27661e-13 1.59981
-11.6753 -2.79804e-13 1.57412
-11.4055 -2.34257e-13 1.5485
-11.1369 -1.84453e-13 1.52293
-10.8689 -1.36532e-13 1.49733
-10.6014 -9.309e-14 1.47178
-10.3343 -5.14031e-14 1.44622
-10.0677 -1.24288e-14 1.42062
-9.80139 3.03229e-14 1.39502
-9.53566 7.20036e-14 1.36936
-9.27029 1.19952e-13 1.34365
-9.00532 1.73093e-13 1.31785
-8.74064 2.39194e-13 1.29203
-8.47609 3.10864e-13 1.26612
-8.21158 3.82725e-13 1.24015
-7.94692 4.59396e-13 1.21421
-7.68202 5.27971e-13 1.18829
-7.41663 5.94629e-13 1.16245
-7.15089 6.51451e-13 1.13671
-6.88477 7.01875e-13 1.11103
-6.61832 7.44602e-13 1.08538
-6.35187 7.86269e-13 1.05966
-6.08551 8.22814e-13 1.03383
-5.81924 8.59896e-13 1.00786
-5.55303 8.95113e-13 0.981743
-5.28688 9.30465e-13 0.955477
-5.02095 9.65317e-13 0.92906
-4.75528 9.95846e-13 0.902501
-4.48975 1.02392e-12 0.875783
-4.22437 1.05418e-12 0.848966
-3.9591 1.07827e-12 0.822016
-3.69389 1.10313e-12 0.79491
-3.4287 1.12627e-12 0.767701
-3.16359 1.14768e-12 0.740327
-2.89852 1.16896e-12 0.712749
-2.63352 1.18963e-12 0.684993
-2.36863 1.20845e-12 0.657046
-2.10389 1.22806e-12 0.628867
-1.83931 1.24487e-12 0.600461
-1.57485 1.26284e-12 0.571858
-1.3105 1.27722e-12 0.543031
-1.0462 1.29396e-12 0.514064
-0.781999 1.30868e-12 0.484919
-0.517881 1.32416e-12 0.455654
-0.253866 1.33842e-12 0.426208
0.0100929 1.35187e-12 0.396623
0.273962 1.36465e-12 0.366888
