-2.44943e-05 -2.37654e-17 -0.0626005
0.552435 3.95622e-14 -0.0323049
1.1041 7.42124e-14 0.000312006
1.65558 -1.21727e-14 0.0478118
2.20403 -8.14114e-15 0.108175
2.75335 1.81796e-14 0.175269
3.3029 1.47645e-14 0.24513
3.85292 4.27311e-14 0.317058
4.4031 4.30953e-14 0.390264
4.95335 8.59393e-14 0.464221
5.50387 9.92973e-14 0.538983
6.05462 1.13718e-13 0.614263
6.60539 1.78479e-13 0.689743
7.1562 2.25552e-13 0.765222
7.70751 2.38461e-13 0.840326
8.25884 2.63027e-13 0.912848
8.8102 3.30372e-13 0.980297
9.36156 3.40145e-13 1.04411
9.91289 3.69188e-13 1.10573
10.4642 3.94155e-13 1.16522
9.91282 3.35456e-13 1.08814
9.36148 2.45006e-13 1.01119
8.81015 2.93879e-13 0.934365
8.25883 2.27939e-13 0.857627
7.70753 2.16674e-13 0.781018
7.15624 1.33966e-13 0.704615
6.60498 1.17843e-13 0.628507
6.05374 1.40805e-13 0.552622
5.50254 1.0145e-13 0.477182
4.95139 8.68804e-14 0.402417
4.40031 6.62644e-14 0.328802
3.84932 4.65435e-14 0.256794
3.29842 4.69381e-14 0.186839
2.74767 3.2744e-14 0.120336
2.19719 5.07625e-14 0.0604701
1.64722 1.88356e-14 0.0122615
1.0977 2.71573e-14 -0.0286805
0.549278 8.32018e-15 -0.056024
-0.000276121 1.58671e-14 -0.079193
-0.552885 9.08613e-14 -0.100081
-1.11029 3.26398e-13 -0.111603
-1.66929 4.39587e-13 -0.120341
-2.22578 5.13429e-13 -0.126305
-2.78112 5.79523e-13 -0.130965
-3.33553 6.52736e-13 -0.1351
-3.88937 7.65055e-13 -0.139016
-4.44315 8.77489e-13 -0.142824
-4.99689 1.00469e-12 -0.146487
-5.55058 1.1202e-12 -0.149985
-6.10424 1.25099e-12 -0.153324
-6.65786 1.38035e-12 -0.156514
-7.21144 1.51498e-12 -0.159486
-7.76497 1.65657e-12 -0.161996
-8.31839 1.78401e-12 -0.163475
-8.87175 1.91844e-12 -0.163759
-9.4251 2.05964e-12 -0.163269
-9.97847 2.19706e-12 -0.16221
-10.5319 2.35034e-12 -0.160632
-11.0853 2.50746e-12 -0.158527
-10.5318 2.33764e-12 -0.155964
-9.97828 2.17257e-12 -0.153362
-9.42474 2.01252e-12 -0.150722
-8.87118 1.85879e-12 -0.148033
-8.31761 1.7038e-12 -0.145289
-7.76404 1.56285e-12 -0.142679
-7.21044 1.43426e-12 -0.140059
-6.65683 1.29075e-12 -0.137404
-6.10318 1.15681e-12 -0.134689
-5.54951 1.03769e-12 -0.13195
-4.99576 9.13817e-13 -0.128916
-4.44193 7.91664e-13 -0.125509
-3.88797 6.76141e-13 -0.121502
-3.33383 5.57313e-13 -0.116743
-2.77937 4.34425e-13 -0.110991
-2.22444 3.05268e-13 -0.103597
-1.66908 1.86353e-13 -0.0949744
-1.11296 8.84325e-14 -0.0838832
-0.555796 8.86845e-15 -0.0698982
-0.000711549 1.23838e-15 -0.0535627
0.547606 6.81897e-14 -0.0299693
1.09673 7.04361e-14 0.0053611
1.6465 7.95207e-14 0.0493911
2.19687 7.5429e-14 0.102661
2.74754 8.46975e-14 0.162108
3.29839 8.46217e-14 0.226386
3.84934 8.04912e-14 0.293716
4.40036 1.25606e-13 0.362343
4.95145 1.34384e-13 0.432044
5.50262 1.5787e-13 0.5031
6.05383 1.87203e-13 0.574701
6.60507 1.28069e-13 0.648475
7.15634 1.89043e-13 0.723433
7.70764 2.1408e-13 0.798693
8.25895 2.40668e-13 0.873546
8.81027 2.77597e-13 0.947599
9.3616 3.22446e-13 1.02029
9.91293 3.42176e-13 1.09074
10.4642 3.55098e-13 1.15743
11.0155 3.79875e-13 1.21873
11.5666 3.83711e-13 1.2756
12.1177 3.86376e-13 1.32959
12.6688 3.85513e-13 1.38185
13.2197 3.53992e-13 1.43255
13.7706 4.05991e-13 1.48183
14.3215 3.8688e-13 1.53017
14.8723 3.53889e-13 1.57745
15.423 3.29553e-13 1.62322
15.9736 2.76624e-13 1.66776
16.5242 2.14659e-13 1.71155
17.0748 2.53256e-13 1.75455
17.6252 1.74125e-13 1.79655
18.1755 1.23921e-13 1.83833
18.7258 6.63448e-14 1.88031
19.2761 -2.97243e-14 1.92279
19.8265 -7.79638e-14 1.96605
20.3769 -1.55788e-13 2.00986
20.9272 -2.77067e-13 2.05382
21.4774 -2.8523e-13 2.09761
20.9261 -3.40729e-13 2.0213
20.3748 -4.04277e-13 1.9451
19.8235 -4.78209e-13 1.86913
19.2722 -4.8121e-13 1.79349
18.7209 -5.09166e-13 1.71821
18.1697 -5.27847e-13 1.64311
17.6184 -5.52366e-13 1.56876
17.0672 -5.96433e-13 1.49496
16.5159 -6.04807e-13 1.42148
15.9647 -5.9346e-13 1.34837
15.4135 -6.48863e-13 1.27604
14.8623 -6.21487e-13 1.20399
14.3111 -6.78611e-13 1.13226
13.7599 -6.78738e-13 1.06097
13.2087 -6.96696e-13 0.990486
12.6576 -7.17303e-13 0.920513
12.1065 -7.14687e-13 0.851194
11.5553 -6.81134e-13 0.782513
11.0042 -7.06426e-13 0.714469
10.4532 -6.90773e-13 0.647682
9.90211 -6.86449e-13 0.582139
9.35108 -6.45166e-13 0.518025
8.80007 -6.90229e-13 0.455823
8.24912 -6.60479e-13 0.39674
7.69825 -6.36889e-13 0.342238
7.14746 -6.03032e-13 0.292622
6.59672 -5.96958e-13 0.246228
6.04602 -5.71999e-13 0.201966
5.49538 -5.24003e-13 0.159753
4.94478 -4.97482e-13 0.119366
4.39423 -4.57589e-13 0.080885
3.84375 -4.28684e-13 0.044879
3.29334 -3.78791e-13 0.0127481
2.74283 -3.44083e-13 -0.014241
2.19222 -2.9195e-13 -0.036765
1.64179 -2.44644e-13 -0.055787
1.09152 -1.96821e-13 -0.0715738
0.541354 -1.48336e-13 -0.084089
-0.00855184 -9.47152e-14 -0.0949986
-0.55869 -4.86227e-14 -0.104932
-1.11011 -1.29919e-14 -0.114164
-1.66151 2.07677e-14 -0.12264
-2.21329 4.7529e-14 -0.13008
-2.76716 7.15712e-14 -0.136459
-3.32096 7.64452e-14 -0.141633
-3.87468 9.67787e-14 -0.145953
-4.42837 1.37573e-13 -0.149468
-4.98217 1.89488e-13 -0.152147
-5.53597 2.51175e-13 -0.153994
-6.08992 3.36099e-13 -0.15505
-6.64427 4.48047e-13 -0.155269
-7.19924 6.11478e-13 -0.154671
-7.75459 8.18845e-13 -0.153301
-8.30987 1.04783e-12 -0.151553
-8.86515 1.30492e-12 -0.149584
-9.42039 1.58548e-12 -0.147393
-9.97513 1.84549e-12 -0.145464
-10.5289 2.02742e-12 -0.144551
-11.0826 2.20481e-12 -0.143812
-11.6363 2.38769e-12 -0.142612
-12.1901 2.58565e-12 -0.140609
-12.7439 2.802e-12 -0.137914
-13.2979 3.04171e-12 -0.134633
-13.8519 3.29464e-12 -0.130736
-14.406 3.56586e-12 -0.126053
-14.9602 3.85771e-12 -0.120387
-15.5146 4.17112e-12 -0.113715
-16.069 4.50809e-12 -0.106107
-16.6234 4.86923e-12 -0.0977188
-17.178 5.24879e-12 -0.0887797
-17.7328 5.67487e-12 -0.079391
-18.2879 6.16916e-12 -0.0696328
-18.843 6.68245e-12 -0.0596406
-19.398 7.20897e-12 -0.0495194
-19.9531 7.75857e-12 -0.0393011
-20.5084 8.3577e-12 -0.0290053
-21.064 9.05246e-12 -0.0185615
-21.6202 9.87625e-12 -0.00807898
-22.1769 1.08217e-11 0.00239686
-21.6233 1.04263e-11 0.00592189
-21.0697 1.00514e-11 0.00925632
-20.5162 9.68165e-12 0.0124361
-19.9626 9.31336e-12 0.0155393
-19.409 8.96117e-12 0.0185231
-18.8554 8.60052e-12 0.0213156
-18.3018 8.24841e-12 0.0239691
-17.7482 7.91103e-12 0.0264569
-17.1945 7.56497e-12 0.0287512
-16.6408 7.22933e-12 0.0310528
-16.0871 6.89269e-12 0.0332376
-15.5333 6.55958e-12 0.035438
-14.9796 6.2295e-12 0.0377166
-14.4258 5.90282e-12 0.0400579
-13.872 5.58622e-12 0.0424262
-13.3182 5.28508e-12 0.0448054
-12.7642 4.9584e-12 0.0471884
-12.2102 4.6227e-12 0.049549
-11.6561 4.29479e-12 0.0518662
-11.1021 3.9753e-12 0.0541683
-10.548 3.66258e-12 0.0564395
-9.99385 3.35643e-12 0.0586536
-9.43968 3.05971e-12 0.0607055
-8.88544 2.76302e-12 0.0625866
-8.3311 2.46478e-12 0.0639968
-7.77664 2.17869e-12 0.064705
-7.22211 1.89242e-12 0.0650385
-6.66753 1.6182e-12 0.0650071
-6.11292 1.35622e-12 0.0646015
-5.55806 1.08479e-12 0.0641216
-5.00315 8.11038e-13 0.0678173
-4.4483 5.64233e-13 0.0737476
-3.89343 3.49735e-13 0.0806658
-3.3386 1.50693e-13 0.0904824
-2.78393 -3.1694e-14 0.105421
-2.22918 -1.68663e-13 0.123357
-1.67416 -3.38611e-13 0.146232
-1.11896 -4.9051e-13 0.173014
-0.563681 -6.1318e-13 0.203589
-0.00840137 -7.23935e-13 0.237247
0.546938 -7.50623e-13 0.27326
1.10239 -7.29254e-13 0.311315
1.65795 -6.67987e-13 0.350827
2.21358 -5.97552e-13 0.391609
2.76736 -4.34392e-13 0.433567
3.32046 -1.77483e-13 0.477038
3.87295 1.09321e-13 0.521663
4.4251 3.14359e-13 0.567061
4.97716 5.4464e-13 0.612828
5.52906 7.52298e-13 0.658907
6.0809 9.54813e-13 0.70497
6.63199 1.16019e-12 0.750784
7.18086 1.27452e-12 0.79593
7.729 1.39258e-12 0.841135
8.27684 1.51582e-12 0.886069
8.82461 1.50147e-12 0.930884
9.37238 1.30861e-12 0.975953
9.92019 1.09845e-12 1.02059
10.4682 8.60179e-13 1.06467
11.0165 6.19704e-13 1.10802
11.5651 3.63e-13 1.15087
12.1149 2.6604e-13 1.19474
12.6647 1.44763e-13 1.23837
13.2151 9.89937e-14 1.28785
13.7662 9.7733e-14 1.34602
14.3174 9.18831e-14 1.40413
14.8685 9.14656e-14 1.46192
15.4196 1.14266e-13 1.51892
15.9706 1.08909e-13 1.57517
16.5217 1.00721e-13 1.63064
17.0727 8.01429e-14 1.68527
17.6236 7.20087e-14 1.73909
18.1745 1.32691e-13 1.79211
18.7254 3.13624e-14 1.84434
19.2761 -2.67008e-14 1.89588
19.8268 -4.76178e-14 1.94673
20.3774 -7.12548e-14 1.99698
20.9279 -1.4314e-13 2.04657
21.4783 -2.24612e-13 2.09563
22.0285 -2.69859e-13 2.14433
22.5788 -3.84704e-13 2.19287
23.129 -3.89e-13 2.24138
23.6792 -5.55218e-13 2.28994
24.2295 -6.58345e-13 2.3383
24.7797 -7.63863e-13 2.38657
25.3299 -9.67576e-13 2.43477
25.8799 -1.08076e-12 2.48279
26.4298 -1.2349e-12 2.53049
26.9795 -1.46832e-12 2.5777
27.5289 -1.72005e-12 2.62437
28.078 -2.08197e-12 2.67065
28.6269 -2.41671e-12 2.71655
29.45 -3.08026e-12 2.78502
29.9986 -3.5546e-12 2.83065
30.547 -4.01139e-12 2.87614
31.095 -4.48976e-12 2.92126
31.6423 -4.92126e-12 2.96552
32.1875 -5.32984e-12 3.00772
32.7283 -5.58709e-12 3.04535
33.2645 -5.66919e-12 3.07824
33.7996 -5.73494e-12 3.10988
34.3345 -5.77103e-12 3.1414
34.8694 -5.76232e-12 3.1729
35.4044 -5.83443e-12 3.20439
35.9394 -5.77296e-12 3.23591
36.4744 -5.88941e-12 3.26745
37.0094 -5.88308e-12 3.29902
37.5445 -5.97838e-12 3.33063
38.0796 -5.92558e-12 3.36229
38.6147 -5.98342e-12 3.394
39.1498 -6.00605e-12 3.42573
39.685 -6.04532e-12 3.45748
40.2202 -6.04395e-12 3.48922
40.7554 -6.08516e-12 3.52097
41.2906 -6.18712e-12 3.55273
41.8258 -6.15135e-12 3.58447
42.3611 -6.23296e-12 3.61623
42.8963 -6.18128e-12 3.648
43.4316 -6.22175e-12 3.6798
43.967 -6.25654e-12 3.71163
43.4158 -6.31977e-12 3.63563
42.8646 -6.26816e-12 3.55968
42.3134 -6.34538e-12 3.48381
41.7622 -6.29774e-12 3.40814
41.211 -6.32242e-12 3.33294
40.6598 -6.30338e-12 3.25808
40.1086 -6.32172e-12 3.1835
39.5575 -6.23689e-12 3.10942
39.0063 -6.29496e-12 3.03549
38.4551 -6.30206e-12 2.96214
37.904 -6.27507e-12 2.88912
37.3528 -6.27368e-12 2.81664
36.8017 -6.23166e-12 2.74463
36.2506 -6.13123e-12 2.67286
35.6995 -6.16116e-12 2.60169
35.1484 -6.1359e-12 2.53101
34.5973 -6.13382e-12 2.46121
34.0463 -6.07181e-12 2.39212
33.4953 -6.05885e-12 2.32372
32.9444 -5.96058e-12 2.25599
32.3934 -5.90079e-12 2.18888
31.8425 -5.83094e-12 2.12218
31.2917 -5.71966e-12 2.05632
30.741 -5.60463e-12 1.99101
30.1903 -5.50799e-12 1.92619
29.6396 -5.36614e-12 1.86206
29.0889 -5.21037e-12 1.79879
28.5382 -5.1323e-12 1.73627
27.9876 -4.99986e-12 1.67458
27.4369 -4.85805e-12 1.61425
26.8863 -4.71441e-12 1.5555
26.336 -4.51435e-12 1.49908
25.7858 -4.28362e-12 1.44546
25.2357 -4.05123e-12 1.39447
24.6857 -3.81063e-12 1.34652
24.1357 -3.54371e-12 1.3008
23.5858 -3.30987e-12 1.25643
23.0359 -3.06557e-12 1.21329
22.486 -2.83116e-12 1.17139
21.9362 -2.59356e-12 1.13073
21.3863 -2.37433e-12 1.09124
20.8364 -2.16814e-12 1.05304
20.2864 -1.98404e-12 1.01642
19.7364 -1.78941e-12 0.980988
19.1863 -1.62594e-12 0.946886
18.6361 -1.53119e-12 0.913544
18.0861 -1.47795e-12 0.88055
17.536 -1.43972e-12 0.847729
16.9859 -1.3905e-12 0.815053
16.4358 -1.33607e-12 0.782505
15.8857 -1.30601e-12 0.750056
15.3356 -1.26617e-12 0.717799
14.7854 -1.20259e-12 0.685871
14.2352 -1.14876e-12 0.654452
13.685 -1.09979e-12 0.623149
13.1348 -1.05681e-12 0.59182
12.5846 -1.01037e-12 0.560447
12.0344 -9.56836e-13 0.529064
11.4842 -9.06317e-13 0.497646
10.9341 -8.6342e-13 0.466221
10.384 -8.12332e-13 0.434876
9.83382 -7.68308e-13 0.403724
9.28368 -7.18672e-13 0.372872
8.73354 -6.77683e-13 0.342216
8.18342 -6.274e-13 0.311639
7.63331 -5.85346e-13 0.281184
7.08321 -5.42982e-13 0.250813
6.53315 -4.95507e-13 0.220568
5.9831 -4.5282e-13 0.190471
5.43309 -4.11692e-13 0.160494
4.88313 -3.70558e-13 0.130597
4.33322 -3.28013e-13 0.101008
3.78337 -2.88159e-13 0.071722
3.23373 -2.53063e-13 0.0441186
2.68429 -2.0494e-13 0.0181216
2.13491 -1.64822e-13 -0.0072799
1.58566 -1.24181e-13 -0.0319578
1.03656 -8.90353e-14 -0.0551724
0.486569 -5.69342e-14 -0.0768228
-0.0638167 -2.82755e-14 -0.096746
-0.614259 -4.25423e-15 -0.114522
-1.16508 2.27654e-14 -0.12873
-1.71677 5.68532e-14 -0.13677
-2.26966 1.22853e-13 -0.139327
-2.82332 2.21135e-13 -0.140045
-3.37742 3.61562e-13 -0.139819
-3.93175 5.4228e-13 -0.139138
-4.48612 7.61065e-13 -0.138166
-5.0404 1.01201e-12 -0.136803
-5.59458 1.29259e-12 -0.134844
-6.14856 1.59584e-12 -0.132108
-6.70228 1.91334e-12 -0.128484
-7.25578 2.24463e-12 -0.123966
-7.80907 2.58457e-12 -0.118698
-8.36219 2.9375e-12 -0.112847
-8.91521 3.30724e-12 -0.10659
-9.46814 3.6931e-12 -0.0999899
-10.021 4.09438e-12 -0.0931261
-10.5737 4.50895e-12 -0.0859786
-11.1262 4.9382e-12 -0.0785665
-11.6786 5.37997e-12 -0.0709774
-12.2309 5.83103e-12 -0.0632459
-12.7831 6.29532e-12 -0.0554088
-13.3351 6.76449e-12 -0.0474741
-13.8869 7.2416e-12 -0.0394546
-14.4386 7.72924e-12 -0.0313561
-14.9902 8.21971e-12 -0.0231835
-15.5416 8.71461e-12 -0.0149486
-16.0929 9.21123e-12 -0.00666443
-16.6442 9.70853e-12 0.00167647
-17.1954 1.019e-11 0.0100772
-17.7468 1.06565e-11 0.0184992
-18.2985 1.10909e-11 0.0269169
-18.851 1.14711e-11 0.0351826
-19.4052 1.17824e-11 0.0418908
-19.9618 1.19472e-11 0.04836
-20.5211 1.19759e-11 0.0545466
-21.0825 1.19391e-11 0.0605537
-21.646 1.18961e-11 0.0664228
-22.2119 1.18811e-11 0.0721498
-22.775 1.18462e-11 0.0773403
-23.3369 1.1801e-11 0.0826778
-23.8997 1.17666e-11 0.0882218
-24.4627 1.1744e-11 0.0945433
-25.0269 1.17346e-11 0.101033
-25.5927 1.17413e-11 0.107537
-26.1596 1.17545e-11 0.114095
-26.7274 1.17739e-11 0.120707
-27.2958 1.18048e-11 0.127403
-27.8645 1.18342e-11 0.134198
-28.4334 1.18653e-11 0.141102
-29.0025 1.19004e-11 0.148166
-29.8566 1.19657e-11 0.159027
-30.4262 1.20146e-11 0.166399
-30.9959 1.20608e-11 0.173821
-31.5655 1.2102e-11 0.181319
-32.1352 1.21502e-11 0.188867
-32.7048 1.21924e-11 0.196462
-33.2744 1.22371e-11 0.204097
-33.8439 1.22824e-11 0.211752
-34.4134 1.23276e-11 0.219444
-34.9829 1.23723e-11 0.227178
-35.5524 1.24203e-11 0.234952
-36.1217 1.24556e-11 0.242772
-36.6911 1.24918e-11 0.250629
-37.2603 1.25439e-11 0.258514
-37.8295 1.25863e-11 0.266427
-38.3987 1.26275e-11 0.274363
-38.9678 1.2674e-11 0.282315
-39.5369 1.27157e-11 0.290286
-40.1059 1.27611e-11 0.29829
-40.6749 1.28076e-11 0.306321
-41.2438 1.28492e-11 0.314374
-41.8127 1.28844e-11 0.322446
-42.3815 1.29268e-11 0.330541
-42.9502 1.29623e-11 0.338643
-43.519 1.3003e-11 0.346752
-44.0876 1.30647e-11 0.354875
-44.6562 1.30915e-11 0.363011
-45.2248 1.31355e-11 0.371159
-45.7933 1.31779e-11 0.37932
-45.2401 1.27847e-11 0.383795
-44.6869 1.24032e-11 0.38794
-44.1337 1.20342e-11 0.391983
-43.5806 1.1649e-11 0.395927
-43.0274 1.12877e-11 0.399792
-42.4742 1.0941e-11 0.403413
-41.9209 1.05689e-11 0.406897
-41.3674 1.01579e-11 0.410151
-40.814 9.7758e-12 0.413215
-40.2604 9.34007e-12 0.416309
-39.7067 8.91526e-12 0.419436
-39.1531 8.48265e-12 0.422519
-38.5994 8.05964e-12 0.425555
-38.0457 7.65912e-12 0.428538
-37.4919 7.24995e-12 0.431528
-36.9382 6.86254e-12 0.434512
-36.3845 6.48367e-12 0.437451
-35.8307 6.10912e-12 0.440493
-35.277 5.74678e-12 0.44346
-34.7232 5.39665e-12 0.44636
-34.1695 5.04555e-12 0.44918
-33.6157 4.71393e-12 0.451894
-33.0619 4.38405e-12 0.454568
-32.5081 4.0698e-12 0.457282
-31.9543 3.76077e-12 0.459933
-31.4005 3.46612e-12 0.462422
-30.8466 3.16888e-12 0.464971
-30.2928 2.89658e-12 0.467734
-29.739 2.63205e-12 0.471275
-29.1851 2.37228e-12 0.476004
-28.6313 2.14115e-12 0.48219
-28.0775 1.90992e-12 0.49005
-27.5237 1.69031e-12 0.498214
-26.9699 1.48164e-12 0.506673
-26.4162 1.29224e-12 0.515989
-25.8624 1.10728e-12 0.525565
-25.3086 9.25741e-13 0.535004
-24.7548 7.5799e-13 0.544112
-24.2009 5.99103e-13 0.552908
-23.6471 4.44023e-13 0.561504
-23.0932 2.98406e-13 0.570093
-22.5393 1.572e-13 0.578555
-21.9853 2.58706e-14 0.586912
-21.4313 -9.43192e-14 0.59519
-20.8773 -2.00597e-13 0.603553
-20.3232 -3.18289e-13 0.612611
-19.7692 -3.96251e-13 0.623711
-19.2152 -4.85219e-13 0.635555
-18.6612 -5.62451e-13 0.648348
-18.1072 -6.22403e-13 0.661387
-17.5531 -6.85978e-13 0.674988
-16.9991 -7.44495e-13 0.689291
-16.4451 -7.84625e-13 0.704596
-15.891 -8.18748e-13 0.720087
-15.3368 -8.59697e-13 0.735925
-14.7827 -8.83373e-13 0.752241
-14.2285 -9.06553e-13 0.768945
-13.6742 -9.09271e-13 0.786187
-13.1198 -9.27113e-13 0.803941
-12.5653 -9.29229e-13 0.82205
-12.0107 -9.28587e-13 0.840782
-11.4559 -9.1739e-13 0.860004
-10.9011 -8.97841e-13 0.879538
-10.3461 -8.79441e-13 0.8997
-9.79101 -8.50832e-13 0.920063
-9.2359 -8.12223e-13 0.940657
-8.68079 -7.67632e-13 0.961562
-8.12579 -7.17994e-13 0.982644
-7.57098 -6.57721e-13 1.00383
-7.01651 -6.11301e-13 1.02513
-6.46243 -5.41947e-13 1.04655
-5.90862 -4.86689e-13 1.06803
-5.35496 -4.27816e-13 1.08953
-4.80139 -3.5789e-13 1.11099
-4.24788 -2.90436e-13 1.13241
-3.69444 -2.32012e-13 1.15379
-3.14106 -1.55014e-13 1.17513
-2.58775 -8.52165e-14 1.19641
-2.03451 -9.0634e-15 1.2177
-1.48135 6.37076e-14 1.23906
-0.928278 1.42941e-13 1.26045
-0.375255 2.27372e-13 1.28182
0.177697 2.97588e-13 1.30318
0.730532 3.79602e-13 1.32457
1.28327 4.57298e-13 1.34595
1.8359 5.36652e-13 1.36743
2.38837 6.16758e-13 1.39037
2.94069 6.94552e-13 1.4141
3.49293 7.77564e-13 1.44029
4.04505 8.59227e-13 1.46801
4.59718 9.25724e-13 1.49685
5.14941 9.80444e-13 1.52879
5.70182 1.03481e-12 1.56192
6.25447 1.06e-12 1.59562
6.80735 1.06701e-12 1.6292
7.3605 1.0666e-12 1.66262
7.91394 1.0387e-12 1.69576
8.46769 1.0093e-12 1.72858
9.0217 9.6535e-13 1.76102
9.57596 9.19032e-13 1.79309
10.1304 8.60965e-13 1.8248
10.6851 7.93814e-13 1.85618
11.24 7.18916e-13 1.88726
11.795 6.36186e-13 1.91805
12.3503 5.46226e-13 1.94856
12.9058 4.54668e-13 1.97879
13.4615 3.47165e-13 2.00872
14.0174 2.35372e-13 2.03838
14.5736 1.3076e-13 2.06775
15.13 1.96266e-14 2.09684
15.6866 -9.32545e-14 2.12566
16.2435 -2.17573e-13 2.1542
16.8007 -3.34387e-13 2.18248
17.3581 -4.54096e-13 2.21052
17.9157 -5.65993e-13 2.23828
18.4736 -6.95058e-13 2.26578
19.0318 -7.97876e-13 2.29302
19.5902 -9.11364e-13 2.31999
20.1488 -1.02156e-12 2.34672
20.7077 -1.12229e-12 2.37322
21.2668 -1.22862e-12 2.3995
21.8262 -1.31368e-12 2.42593
22.3858 -1.34122e-12 2.46068
22.9457 -1.37358e-12 2.49654
23.506 -1.34585e-12 2.53216
24.067 -1.32226e-12 2.57057
24.6283 -1.24159e-12 2.60855
25.1901 -1.13138e-12 2.6479
25.7525 -1.04439e-12 2.68819
26.3152 -9.44513e-13 2.72802
26.8783 -8.06696e-13 2.76798
27.442 -6.42346e-13 2.80927
28.0058 -5.2092e-13 2.85164
28.5699 -4.03555e-13 2.89347
29.1342 -2.04677e-13 2.93482
29.9812 8.70035e-15 2.99597
30.5461 1.69458e-13 3.03619
31.1108 2.67665e-13 3.07646
31.6738 3.18657e-13 3.11803
32.237 3.59733e-13 3.15921
32.8003 4.75555e-13 3.19987
33.3637 5.22884e-13 3.24016
33.9271 5.1575e-13 3.28009
34.4906 6.66717e-13 3.31966
35.0541 6.86109e-13 3.35889
35.6178 6.94053e-13 3.39782
36.1815 7.36823e-13 3.43646
36.7389 5.47853e-13 3.47715
37.2959 3.75078e-13 3.5176
37.8527 1.70068e-13 3.55775
38.4092 3.27108e-14 3.59763
38.9653 -1.54405e-13 3.63723
39.5211 -3.54137e-13 3.67657
40.0767 -6.06404e-13 3.71567
40.6319 -7.55404e-13 3.75454
41.1867 -9.46652e-13 3.79316
41.741 -1.20219e-12 3.83155
42.2948 -1.30423e-12 3.8697
42.8427 -1.61182e-12 3.90859
43.387 -1.94604e-12 3.9477
43.9307 -2.24306e-12 3.98642
44.4739 -2.55623e-12 4.02478
45.0164 -2.89711e-12 4.06277
45.5584 -3.07919e-12 4.1004
46.0999 -3.3034e-12 4.13769
46.6409 -3.55134e-12 4.17462
47.1815 -3.76554e-12 4.21122
47.7216 -3.93648e-12 4.2475
48.2613 -4.00393e-12 4.28347
48.8006 -4.24166e-12 4.31916
49.3396 -4.41955e-12 4.35457
49.8783 -4.51864e-12 4.38973
50.4168 -4.66407e-12 4.42466
50.9551 -4.80955e-12 4.45936
51.4933 -4.92104e-12 4.49387
52.0313 -4.98747e-12 4.52823
52.5691 -5.0648e-12 4.56244
53.1068 -5.14495e-12 4.59653
53.6444 -5.23265e-12 4.6305
54.1819 -5.34594e-12 4.66442
54.7193 -5.50741e-12 4.69827
54.1671 -5.3839e-12 4.62273
53.615 -5.38244e-12 4.54735
53.0628 -5.292e-12 4.4722
52.5107 -5.29528e-12 4.39731
51.9586 -5.23083e-12 4.32277
51.4065 -5.27099e-12 4.24858
50.8544 -5.08316e-12 4.17469
50.3023 -5.08992e-12 4.10125
49.7503 -4.97039e-12 4.02819
49.1982 -4.91429e-12 3.95557
48.6462 -4.88889e-12 3.88381
48.0942 -4.86242e-12 3.81233
47.5422 -4.7923e-12 3.74149
46.9898 -4.85088e-12 3.67122
46.4372 -4.98023e-12 3.60223
45.8847 -4.99461e-12 3.53409
45.3321 -5.12071e-12 3.4662
44.7798 -5.09397e-12 3.3989
44.2276 -5.04456e-12 3.3321
43.6754 -5.07741e-12 3.26563
43.1234 -5.02917e-12 3.19998
42.5716 -4.98875e-12 3.13512
42.0198 -4.92651e-12 3.0707
41.468 -4.85766e-12 3.00686
40.9162 -4.77069e-12 2.9437
40.3644 -4.72924e-12 2.88145
39.8126 -4.65525e-12 2.81987
39.2609 -4.58103e-12 2.75903
38.7091 -4.50619e-12 2.69886
38.1573 -4.43819e-12 2.6395
37.6056 -4.36735e-12 2.58124
37.0538 -4.30159e-12 2.52414
36.5021 -4.24383e-12 2.46906
35.9504 -4.14843e-12 2.41705
35.3986 -4.0547e-12 2.36824
34.8469 -3.96515e-12 2.32263
34.2952 -3.82649e-12 2.27966
33.7435 -3.81294e-12 2.2387
33.1918 -3.73929e-12 2.19952
32.6402 -3.65882e-12 2.16169
32.0885 -3.57755e-12 2.12441
31.5369 -3.4739e-12 2.0876
30.9852 -3.39425e-12 2.05133
30.4336 -3.30683e-12 2.01536
29.882 -3.20848e-12 1.97964
29.3304 -3.11601e-12 1.9441
28.7789 -3.01527e-12 1.9088
28.2273 -2.92164e-12 1.87357
27.6757 -2.84179e-12 1.83836
27.1242 -2.73226e-12 1.80321
26.5727 -2.64095e-12 1.76814
26.0212 -2.54462e-12 1.73328
25.4697 -2.45047e-12 1.69887
24.9182 -2.37176e-12 1.66501
24.3668 -2.27079e-12 1.63163
23.8153 -2.19682e-12 1.59894
23.2638 -2.10408e-12 1.56649
22.7124 -2.02612e-12 1.53408
22.161 -1.94324e-12 1.50173
21.6095 -1.86407e-12 1.46945
21.0581 -1.78192e-12 1.43723
20.5068 -1.71021e-12 1.40513
19.9554 -1.62816e-12 1.37314
19.404 -1.55072e-12 1.34125
18.8527 -1.47854e-12 1.30939
18.3013 -1.40043e-12 1.27757
17.75 -1.337e-12 1.24583
17.1987 -1.26683e-12 1.21415
16.6474 -1.19508e-12 1.18251
16.0962 -1.12645e-12 1.15098
15.5449 -1.05452e-12 1.11947
14.9937 -9.87787e-13 1.08804
14.4424 -9.29048e-13 1.05672
13.8912 -8.72212e-13 1.02543
13.3401 -8.08991e-13 0.994138
12.7889 -7.5212e-13 0.962929
12.2378 -6.93373e-13 0.931825
11.6867 -6.39241e-13 0.900691
11.1356 -5.8639e-13 0.869566
10.5846 -5.35073e-13 0.83855
10.0336 -4.84151e-13 0.807558
9.48258 -4.37601e-13 0.77655
8.93163 -3.90261e-13 0.745556
8.38072 -3.48707e-13 0.714662
7.82986 -3.06496e-13 0.683766
7.27904 -2.6676e-13 0.652826
6.72827 -2.26655e-13 0.621877
6.17753 -1.94178e-13 0.591012
5.62682 -1.61769e-13 0.560121
5.07612 -1.36329e-13 0.529195
4.52544 -1.06926e-13 0.498251
3.97474 -8.82024e-14 0.467314
3.42399 -6.87613e-14 0.436364
2.87316 -5.32524e-14 0.405383
2.32223 -3.97885e-14 0.374371
1.77115 -3.30496e-14 0.343346
1.21989 -2.52103e-14 0.31231
0.668424 -1.6987e-14 0.281261
0.116728 -1.06233e-14 0.250215
-0.435229 -2.58788e-15 0.219138
-0.987451 6.32399e-15 0.188086
-1.53986 1.99886e-14 0.157015
-2.0925 3.88698e-14 0.126325
-2.64544 6.34117e-14 0.0958052
-3.19873 9.6318e-14 0.067531
-3.75226 1.38818e-13 0.0406063
-4.30598 1.89858e-13 0.014595
-4.86018 2.58022e-13 -0.00649625
-5.4147 3.42936e-13 -0.0252715
-5.96959 4.45186e-13 -0.0415838
-6.5249 5.70472e-13 -0.0535505
-7.08089 7.32464e-13 -0.058119
-7.63735 9.26295e-13 -0.0580285
-8.19395 1.14013e-12 -0.0567237
-8.75064 1.36828e-12 -0.0545885
-9.30731 1.60544e-12 -0.0515548
-9.86393 1.84668e-12 -0.047652
-10.4206 2.09441e-12 -0.0429817
-10.9773 2.34787e-12 -0.0378737
-11.5341 2.60937e-12 -0.0324846
-12.0912 2.86188e-12 -0.0268593
-12.6483 3.14347e-12 -0.0209974
-13.2056 3.41684e-12 -0.0148476
-13.7631 3.69203e-12 -0.00844832
-14.3208 3.9684e-12 -0.00187504
-14.8786 4.2478e-12 0.00482899
-15.4367 4.52758e-12 0.0116376
-15.9951 4.80831e-12 0.0185136
-16.5536 5.08768e-12 0.025455
-17.1125 5.36653e-12 0.0324445
-17.6715 5.64274e-12 0.0394747
-18.2309 5.91622e-12 0.0465596
-18.7905 6.1868e-12 0.0536618
-19.3503 6.45426e-12 0.0607821
-19.9105 6.71659e-12 0.0679265
-20.4709 6.97305e-12 0.0750995
-21.0316 7.22474e-12 0.0823073
-21.5926 7.47121e-12 0.0895267
-22.1539 7.71017e-12 0.0967498
-22.7155 7.94412e-12 0.103991
-23.2773 8.1705e-12 0.111241
-23.8395 8.3896e-12 0.118498
-24.4019 8.603e-12 0.125779
-24.9646 8.83031e-12 0.133067
-25.5276 9.00822e-12 0.140361
-26.0908 9.20138e-12 0.147666
-26.9362 9.4779e-12 0.158648
-27.5001 9.65302e-12 0.165985
-28.0642 9.82162e-12 0.17333
-28.6286 9.98332e-12 0.180686
-29.1932 1.0141e-11 0.188053
-29.7582 1.02944e-11 0.194552
-30.3235 1.04522e-11 0.200964
-30.889 1.05887e-11 0.207414
-31.4547 1.07278e-11 0.213902
-32.02 1.08513e-11 0.220221
-32.5836 1.0938e-11 0.225956
-33.1474 1.10205e-11 0.231772
-33.7112 1.10968e-11 0.237679
-34.2745 1.11636e-11 0.243726
-34.8377 1.12267e-11 0.249889
-35.4009 1.12913e-11 0.256139
-35.9643 1.13344e-11 0.262479
-36.5278 1.13882e-11 0.268906
-37.0909 1.14343e-11 0.275672
-37.654 1.14837e-11 0.28257
-38.2172 1.15232e-11 0.289539
-38.7806 1.1549e-11 0.296587
-39.3441 1.15977e-11 0.303705
-39.9077 1.16394e-11 0.310888
-40.4714 1.1675e-11 0.318184
-41.0352 1.17135e-11 0.325557
-41.5991 1.17531e-11 0.33299
-42.1631 1.1783e-11 0.340473
-42.7272 1.18213e-11 0.348032
-43.2915 1.18614e-11 0.355918
-43.856 1.19218e-11 0.363851
-44.4205 1.19382e-11 0.371831
-44.985 1.19919e-11 0.379859
-45.5497 1.20287e-11 0.387926
-46.1144 1.20614e-11 0.396029
-46.6791 1.21046e-11 0.40417
-47.2438 1.21333e-11 0.412345
-47.8086 1.21765e-11 0.420554
-48.3734 1.22229e-11 0.428792
-48.9383 1.22546e-11 0.437055
-49.5031 1.22954e-11 0.445318
-50.0678 1.23356e-11 0.453406
-50.6325 1.23774e-11 0.461485
-51.1973 1.23994e-11 0.469562
-51.762 1.24373e-11 0.47765
-52.3267 1.24829e-11 0.485772
-52.8914 1.25096e-11 0.493964
-53.4562 1.25284e-11 0.502172
-54.0208 1.25789e-11 0.510369
-54.5855 1.26051e-11 0.518555
-55.1502 1.26322e-11 0.52675
-55.7148 1.26702e-11 0.53493
-56.2794 1.27049e-11 0.543105
-56.844 1.27228e-11 0.551289
-57.4086 1.27716e-11 0.559478
-56.8551 1.2312e-11 0.564627
-56.3015 1.18649e-11 0.569385
-55.748 1.14336e-11 0.57383
-55.1945 1.10115e-11 0.578222
-54.641 1.06065e-11 0.58244
-54.0875 1.01979e-11 0.58649
-53.534 9.78839e-12 0.590232
-52.9805 9.40216e-12 0.593908
-52.427 9.02081e-12 0.597457
-51.8734 8.617e-12 0.60086
-51.3197 8.1893e-12 0.604163
-50.7659 7.77744e-12 0.607473
-50.2122 7.36451e-12 0.61077
-49.6584 6.97159e-12 0.614031
-49.1047 6.56546e-12 0.617272
-48.5509 6.18326e-12 0.620473
-47.9971 5.8137e-12 0.62358
-47.4433 5.44877e-12 0.626658
-46.8895 5.10591e-12 0.629633
-46.3357 4.75433e-12 0.632521
-45.7818 4.42682e-12 0.63536
-45.228 4.09415e-12 0.638112
-44.6741 3.77912e-12 0.640822
-44.1203 3.48454e-12 0.643455
-43.5664 3.17757e-12 0.646025
-43.0125 2.89852e-12 0.648533
-42.4586 2.61999e-12 0.651099
-41.9047 2.34686e-12 0.653764
-41.3508 2.09533e-12 0.656384
-40.7969 1.85678e-12 0.659845
-40.243 1.61263e-12 0.664307
-39.6891 1.38895e-12 0.670138
-39.1353 1.17786e-12 0.676957
-38.5814 9.82314e-13 0.684639
-38.0275 8.04489e-13 0.692621
-37.4737 6.29419e-13 0.701536
-36.9198 4.48565e-13 0.710686
-36.3659 2.90996e-13 0.71961
-35.812 1.31203e-13 0.728399
-35.2581 -1.26962e-14 0.73699
-34.7041 -1.37835e-13 0.745332
-34.1501 -2.79565e-13 0.753441
-33.5961 -4.04009e-13 0.761395
-33.0421 -5.22401e-13 0.769201
-32.488 -6.32938e-13 0.776865
-31.9339 -7.301e-13 0.78449
-31.3797 -8.27052e-13 0.792399
-30.8256 -9.12256e-13 0.801749
-30.2714 -9.82785e-13 0.811704
-29.7173 -1.05505e-12 0.822177
-29.1631 -1.1199e-12 0.833082
-28.6089 -1.17567e-12 0.844697
-28.0547 -1.22441e-12 0.856474
-27.5005 -1.26087e-12 0.868944
-26.9462 -1.29235e-12 0.881888
-26.3919 -1.3149e-12 0.895282
-25.8376 -1.34364e-12 0.909294
-25.2831 -1.36687e-12 0.923671
-24.7286 -1.38312e-12 0.93862
-24.1739 -1.39256e-12 0.95401
-23.6192 -1.3909e-12 0.969835
-23.0643 -1.39567e-12 0.986255
-22.5093 -1.38943e-12 1.00319
-21.9542 -1.37058e-12 1.02062
-21.3991 -1.35238e-12 1.03838
-20.8439 -1.33229e-12 1.0567
-20.2886 -1.29942e-12 1.07523
-19.7333 -1.2589e-12 1.09398
-19.178 -1.21716e-12 1.1131
-18.623 -1.15501e-12 1.13233
-18.0682 -1.10308e-12 1.1517
-17.5138 -1.04547e-12 1.17118
-16.9597 -9.88676e-13 1.19075
-16.4058 -9.32405e-13 1.21036
-15.8521 -8.73386e-13 1.22997
-15.2984 -8.18447e-13 1.24955
-14.7449 -7.60843e-13 1.26905
-14.1913 -6.91885e-13 1.2885
-13.6379 -6.28087e-13 1.30789
-13.0844 -5.74849e-13 1.32724
-12.5309 -5.02619e-13 1.34659
-11.9775 -4.26431e-13 1.36589
-11.424 -3.72102e-13 1.38519
-10.8705 -3.03189e-13 1.40443
-10.3171 -2.40829e-13 1.42359
-9.76369 -1.73189e-13 1.4427
-9.21031 -1.03795e-13 1.46173
-8.65696 -3.38628e-14 1.48067
-8.10363 3.93547e-14 1.49956
-7.55032 1.1224e-13 1.51839
-6.99703 1.88333e-13 1.53716
-6.44377 2.64984e-13 1.55586
-5.89054 3.40757e-13 1.57449
-5.33737 4.34295e-13 1.59306
-4.7843 4.95273e-13 1.61165
-4.23131 5.70861e-13 1.63019
-3.67842 6.44704e-13 1.64871
-3.12557 7.14123e-13 1.66718
-2.57281 7.79236e-13 1.68566
-2.02011 8.45541e-13 1.70416
