-2.84068e-06 6.1864e-18 -0.0102532
0.0143407 -1.83131e-13 -0.0160257
0.0346118 -9.16159e-13 -0.0179071
0.0549768 -1.87935e-12 -0.0185122
0.0724035 -2.71475e-12 -0.0183418
0.0892939 -3.72745e-12 -0.0178065
0.105463 -4.99727e-12 -0.0171691
0.121082 -6.39268e-12 -0.016514
0.136168 -7.79617e-12 -0.0158813
0.150901 -9.21987e-12 -0.0152603
0.165373 -1.06864e-11 -0.0146682
0.179704 -1.22087e-11 -0.0140791
0.193915 -1.38063e-11 -0.0135003
0.208123 -1.54958e-11 -0.0129054
0.222596 -1.72752e-11 -0.0122217
0.23804 -1.90665e-11 -0.0111968
0.255399 -2.06181e-11 -0.00949965
0.273292 -2.20029e-11 -0.0074696
0.291057 -2.34574e-11 -0.00533261
0.309509 -2.53204e-11 -0.00294558
0.295806 -2.31908e-11 -0.00373103
0.282019 -2.10802e-11 -0.00451979
0.268209 -1.90902e-11 -0.00531266
0.254365 -1.72187e-11 -0.00610576
0.240454 -1.54006e-11 -0.00690091
0.226456 -1.36627e-11 -0.00770398
0.212343 -1.19895e-11 -0.008514
0.198045 -1.02823e-11 -0.0093162
0.183579 -8.61361e-12 -0.0101098
0.16897 -6.99463e-12 -0.010868
0.154136 -5.69001e-12 -0.0115618
0.139301 -4.55089e-12 -0.0121021
0.124272 -3.46225e-12 -0.0125245
0.108831 -2.40688e-12 -0.0127782
0.0921016 -1.39525e-12 -0.0128422
0.0723975 -4.94779e-13 -0.0126413
0.0519792 5.43753e-14 -0.0120482
0.0340277 3.56483e-13 -0.0103648
0.0160979 -2.34927e-13 -0.00866234
0.00066143 -4.03029e-13 -0.00526718
-0.01263 -4.80325e-13 0.00156625
-0.0272702 -3.96101e-13 0.0152294
-0.041199 2.29376e-13 0.0304905
-0.0545093 1.46276e-12 0.0454342
-0.0672754 3.2022e-12 0.0602104
-0.0788259 4.448e-12 0.0752248
-0.089978 5.65848e-12 0.0905615
-0.100896 6.9352e-12 0.106027
-0.111576 8.25364e-12 0.12147
-0.122136 9.64748e-12 0.13686
-0.132601 1.11161e-11 0.152141
-0.142992 1.27137e-11 0.167144
-0.153248 1.44001e-11 0.181392
-0.163134 1.59434e-11 0.193958
-0.172478 1.72035e-11 0.204803
-0.181323 1.84161e-11 0.214712
-0.189814 1.98362e-11 0.22389
-0.198115 2.1808e-11 0.232245
-0.206337 2.46274e-11 0.239703
-0.19642 2.25821e-11 0.22405
-0.186413 2.05656e-11 0.208409
-0.176407 1.86506e-11 0.192752
-0.166409 1.68636e-11 0.177071
-0.156342 1.51445e-11 0.161393
-0.146226 1.34998e-11 0.145967
-0.13603 1.18966e-11 0.130666
-0.1257 1.02926e-11 0.115584
-0.115026 8.36541e-12 0.100771
-0.103844 5.7891e-12 0.0862164
-0.0929541 3.5419e-12 0.0722796
-0.0821683 1.61556e-12 0.0588046
-0.0711889 -2.92288e-15 0.0455153
-0.0598083 -1.24244e-12 0.0323372
-0.0478652 -1.98379e-12 0.0193167
-0.0348877 -2.02643e-12 0.00652316
-0.0190304 -1.45894e-12 -0.00454931
-0.00692085 -9.39858e-13 -0.00996369
0.00536866 -4.28959e-13 -0.0132474
0.021371 1.25664e-13 -0.0162286
0.0381599 5.65792e-13 -0.018008
0.0529076 9.15882e-13 -0.0190732
0.0695899 1.35638e-12 -0.0191086
0.0878129 1.6871e-12 -0.0181247
0.10503 2.00198e-12 -0.0167856
0.121776 1.81246e-12 -0.0155475
0.137685 7.75844e-13 -0.0145046
0.152916 -8.89781e-13 -0.0135171
0.167533 -3.10636e-12 -0.0126136
0.181807 -5.80211e-12 -0.0117536
0.195723 -8.92417e-12 -0.0109456
0.210091 -1.05252e-11 -0.0100195
0.224416 -1.20606e-11 -0.00910272
0.238726 -1.37325e-11 -0.00815929
0.253174 -1.55287e-11 -0.00714406
0.267892 -1.74205e-11 -0.00602173
0.283037 -1.93773e-11 -0.00471917
0.298952 -2.14545e-11 -0.0031249
0.316149 -2.37979e-11 -0.00110868
0.335249 -2.66034e-11 0.00127958
0.356119 -2.99617e-11 0.00420207
0.378255 -3.37086e-11 0.00749669
0.401476 -3.76156e-11 0.0110662
0.425639 -4.17417e-11 0.0148554
0.450764 -4.60793e-11 0.0188535
0.476917 -5.05914e-11 0.0230576
0.504046 -5.52991e-11 0.0274675
0.531946 -6.01197e-11 0.0320502
0.560682 -6.5077e-11 0.0368279
0.59029 -7.01474e-11 0.0417889
0.620684 -7.52465e-11 0.0469358
0.651342 -8.02545e-11 0.0521939
0.681489 -8.49791e-11 0.057431
0.711954 -8.9229e-11 0.0628072
0.743387 -9.29665e-11 0.0684565
0.775805 -9.60869e-11 0.0743813
0.809349 -9.85613e-11 0.080647
0.843985 -1.00589e-10 0.0872314
0.879356 -1.0235e-10 0.0940144
0.865376 -9.81883e-11 0.0932887
0.851441 -9.41718e-11 0.0925779
0.837472 -9.01797e-11 0.0918876
0.823359 -8.61001e-11 0.091212
0.809107 -8.21313e-11 0.090491
0.794776 -7.81617e-11 0.0897694
0.781111 -7.18486e-11 0.0892507
0.767537 -6.56087e-11 0.0887425
0.753995 -5.96476e-11 0.0882616
0.740398 -5.38859e-11 0.0877945
0.726825 -4.84011e-11 0.0873107
0.7132 -4.31808e-11 0.086839
0.699481 -3.81823e-11 0.0863828
0.685722 -3.34986e-11 0.0859094
0.671891 -2.90586e-11 0.0854285
0.657972 -2.48926e-11 0.0849571
0.643937 -2.10253e-11 0.0844837
0.629721 -1.74225e-11 0.0839969
0.615359 -1.41365e-11 0.0834846
0.600803 -1.11326e-11 0.0829334
0.585993 -8.44362e-12 0.0823548
0.570833 -6.05936e-12 0.0817433
0.55519 -4.00755e-12 0.081071
0.538802 -2.2922e-12 0.0803634
0.521446 -1.0706e-12 0.0794738
0.502823 -3.25623e-13 0.0781744
0.483282 6.90549e-14 0.0763366
0.462841 4.8493e-13 0.074394
0.441546 9.22927e-13 0.0721939
0.41918 1.38839e-12 0.0697471
0.395527 1.88922e-12 0.0670078
0.371269 2.41712e-12 0.0641658
0.348848 2.93607e-12 0.0620118
0.331946 3.31855e-12 0.0620922
0.31838 3.53529e-12 0.0675501
0.305533 3.7019e-12 0.0754061
0.291437 3.89918e-12 0.0851847
0.276823 4.08602e-12 0.0956868
0.26238 4.22086e-12 0.105914
0.248004 4.32934e-12 0.115738
0.233334 4.42182e-12 0.125153
0.217026 4.45339e-12 0.134369
0.197998 4.38104e-12 0.14345
0.176139 4.18681e-12 0.15248
0.152575 3.87958e-12 0.161297
0.128377 3.49262e-12 0.169915
0.104191 3.06722e-12 0.178263
0.0803048 2.63055e-12 0.186377
0.056807 2.19471e-12 0.194191
0.0336389 1.75459e-12 0.201762
0.0105992 1.30292e-12 0.209179
-0.0123522 8.30049e-13 0.216462
-0.0353593 3.26744e-13 0.223715
-0.0584565 -2.07288e-13 0.230877
-0.0815168 -7.60543e-13 0.237859
-0.104554 -1.32091e-12 0.244668
-0.128039 -1.90944e-12 0.252332
-0.145226 -1.22582e-12 0.262575
-0.154486 7.46832e-13 0.273395
-0.162745 2.27086e-12 0.283085
-0.170765 4.31881e-12 0.291641
-0.178707 6.76027e-12 0.29941
-0.186858 9.49509e-12 0.306683
-0.195428 1.24434e-11 0.313645
-0.204413 1.55856e-11 0.320452
-0.213907 1.89705e-11 0.32724
-0.223887 2.2589e-11 0.334029
-0.234427 2.64342e-11 0.340977
-0.245616 3.05207e-11 0.348283
-0.257509 3.48505e-11 0.356124
-0.270072 3.9369e-11 0.364631
-0.283351 4.40687e-11 0.374001
-0.297465 4.89256e-11 0.384525
-0.312451 5.38796e-11 0.396385
-0.328185 5.881e-11 0.409563
-0.344507 6.34847e-11 0.423859
-0.361357 6.77542e-11 0.439021
-0.378262 7.16343e-11 0.454711
-0.395122 7.5143e-11 0.470745
-0.386938 7.3301e-11 0.456069
-0.378731 7.10715e-11 0.441602
-0.369856 6.6842e-11 0.427158
-0.361067 6.27983e-11 0.41279
-0.352359 5.89234e-11 0.3985
-0.343772 5.52306e-11 0.384312
-0.335266 5.17099e-11 0.370174
-0.326814 4.83412e-11 0.356062
-0.318426 4.51189e-11 0.342032
-0.310084 4.20439e-11 0.328016
-0.301836 3.91041e-11 0.314127
-0.293609 3.62956e-11 0.300203
-0.285415 3.36182e-11 0.286254
-0.277295 3.10582e-11 0.272363
-0.269227 2.85908e-11 0.258568
-0.261164 2.61701e-11 0.24489
-0.253157 2.38478e-11 0.231316
-0.245197 2.16121e-11 0.217869
-0.237224 1.9474e-11 0.204356
-0.229259 1.74246e-11 0.190847
-0.221241 1.54264e-11 0.177389
-0.212958 1.33654e-11 0.164098
-0.204416 1.12975e-11 0.150902
-0.195338 9.17397e-12 0.137709
-0.18519 7.05784e-12 0.124553
-0.171912 6.07285e-12 0.111085
-0.157529 5.33574e-12 0.0974657
-0.142678 4.55549e-12 0.0839467
-0.12738 3.73646e-12 0.0705461
-0.111693 2.89033e-12 0.0574179
-0.09642 2.10549e-12 0.0451559
-0.0809439 1.35119e-12 0.0334062
-0.0651745 5.76646e-13 0.0220401
-0.0492254 -1.32249e-13 0.0113341
-0.0330003 -7.46085e-13 0.00136803
-0.016568 -1.26497e-12 -0.00737611
-0.00290927 -1.66403e-12 -0.0117052
0.0136695 -2.01965e-12 -0.0137126
0.0331634 -2.33806e-12 -0.0143605
0.0550346 -2.6516e-12 -0.0136551
0.0780911 -2.91121e-12 -0.0118344
0.101104 -3.08423e-12 -0.00954847
0.123957 -3.17472e-12 -0.00697507
0.146869 -3.18851e-12 -0.00427032
0.170038 -3.13421e-12 -0.0014821
0.193301 -3.01978e-12 0.00137567
0.216532 -2.8585e-12 0.00428167
0.239695 -2.66238e-12 0.00723561
0.262754 -2.44566e-12 0.0102448
0.285478 -2.2255e-12 0.0132784
0.307662 -2.01734e-12 0.0163224
0.329083 -1.83411e-12 0.0193535
0.349507 -1.68469e-12 0.0223518
0.36906 -1.57239e-12 0.0253319
0.387842 -1.48882e-12 0.0283166
0.406095 -1.42609e-12 0.0313302
0.424084 -1.379e-12 0.0344113
0.44176 -1.34429e-12 0.0375362
0.459181 -1.31866e-12 0.0406975
0.476413 -1.30176e-12 0.0438936
0.493564 -1.28827e-12 0.0471356
0.510991 -1.27528e-12 0.0504641
0.528339 -1.46233e-12 0.0537645
0.545405 -4.34422e-12 0.056224
0.56411 -7.53106e-12 0.0588335
0.583095 -1.09697e-11 0.0615155
0.602439 -1.4521e-11 0.0643109
0.62206 -1.83371e-11 0.0672001
0.642039 -2.24247e-11 0.070214
0.662547 -2.6525e-11 0.0734048
0.683413 -3.08546e-11 0.0767071
0.704697 -3.54256e-11 0.0801288
0.726467 -4.02184e-11 0.0836879
0.748797 -4.52199e-11 0.0874009
0.771846 -5.04546e-11 0.0913054
0.795805 -5.58925e-11 0.0954432
0.821027 -6.1489e-11 0.0998961
0.848765 -6.64217e-11 0.105025
0.878659 -7.14244e-11 0.110697
0.91081 -7.63956e-11 0.116932
0.944985 -8.11382e-11 0.123705
0.98064 -8.54239e-11 0.130901
1.01744 -8.91311e-11 0.138417
1.05572 -9.22668e-11 0.146104
1.09471 -9.48746e-11 0.153993
1.13422 -9.70709e-11 0.162012
1.17422 -9.90062e-11 0.170136
1.21477 -1.00777e-10 0.178465
1.25533 -1.02361e-10 0.186808
1.29579 -1.03786e-10 0.19515
1.33619 -1.05088e-10 0.203494
1.37662 -1.06295e-10 0.211871
1.43751 -1.07984e-10 0.224524
1.47859 -1.09075e-10 0.233209
1.51975 -1.10097e-10 0.241926
1.56083 -1.11056e-10 0.250636
1.60161 -1.11968e-10 0.259286
1.64153 -1.12845e-10 0.267768
1.67945 -1.13715e-10 0.275852
1.71535 -1.14612e-10 0.283533
1.75081 -1.15517e-10 0.291176
1.7864 -1.16437e-10 0.298931
1.82207 -1.17345e-10 0.306705
1.85782 -1.18245e-10 0.314504
1.8937 -1.19141e-10 0.322345
1.92966 -1.20034e-10 0.330229
1.96568 -1.20916e-10 0.338133
2.00175 -1.21781e-10 0.346043
2.03786 -1.22624e-10 0.353961
2.07403 -1.23439e-10 0.361887
2.1102 -1.24246e-10 0.369812
2.14639 -1.25046e-10 0.377732
2.18261 -1.25834e-10 0.385652
2.21885 -1.2661e-10 0.393571
2.25514 -1.27348e-10 0.401496
2.29153 -1.28002e-10 0.409449
2.32795 -1.28645e-10 0.417411
2.36441 -1.29277e-10 0.425374
2.4009 -1.29898e-10 0.433339
2.43744 -1.30488e-10 0.441312
2.4242 -1.24536e-10 0.441116
2.41096 -1.18732e-10 0.440915
2.39772 -1.13103e-10 0.440709
2.38453 -1.07292e-10 0.440513
2.37139 -1.01098e-10 0.44032
2.35826 -9.50786e-11 0.440133
2.3451 -8.92348e-11 0.439925
2.33191 -8.35757e-11 0.439683
2.31868 -7.81264e-11 0.439421
2.30545 -7.28691e-11 0.439128
2.29217 -6.78296e-11 0.438809
2.27887 -6.29531e-11 0.438562
2.26549 -5.82551e-11 0.438277
2.25205 -5.37895e-11 0.437958
2.23855 -4.95054e-11 0.437606
2.22494 -4.53984e-11 0.437216
2.21128 -4.14685e-11 0.436773
2.19757 -3.77367e-11 0.436289
2.18381 -3.41979e-11 0.435762
2.16997 -3.08429e-11 0.435238
2.15592 -2.76613e-11 0.434771
2.1417 -2.46519e-11 0.434237
2.12735 -2.18206e-11 0.433646
2.11281 -1.91531e-11 0.432988
2.09803 -1.6647e-11 0.432249
2.08306 -1.43087e-11 0.431445
2.06777 -1.21239e-11 0.430568
2.05205 -1.01181e-11 0.429729
2.03597 -8.26372e-12 0.428798
2.01942 -6.61465e-12 0.427744
2.00226 -5.3027e-12 0.42651
1.98439 -4.25016e-12 0.425038
1.96539 -3.669e-12 0.423104
1.94523 -3.07607e-12 0.420934
1.92365 -2.4737e-12 0.418531
1.90075 -1.87175e-12 0.415855
1.8764 -1.26547e-12 0.412819
1.85043 -6.55361e-13 0.40941
1.82309 -4.98637e-14 0.405746
1.79428 5.37752e-13 0.402027
1.76425 1.09591e-12 0.398504
1.73497 1.61064e-12 0.39533
1.70768 2.07675e-12 0.393166
1.68136 2.50014e-12 0.392455
1.65646 2.86686e-12 0.394482
1.63175 3.18757e-12 0.397401
1.60723 3.47245e-12 0.400321
1.58287 3.72627e-12 0.403101
1.55863 3.95181e-12 0.405666
1.53435 4.15208e-12 0.408072
1.50992 4.32892e-12 0.410462
1.48515 4.4823e-12 0.41323
1.45935 4.61676e-12 0.416868
1.43109 4.76318e-12 0.42135
1.40192 4.90524e-12 0.425887
1.37255 5.03322e-12 0.430227
1.34301 5.1474e-12 0.434371
1.31329 5.24829e-12 0.43832
1.28341 5.33643e-12 0.442074
1.25336 5.41207e-12 0.445636
1.22313 5.47428e-12 0.449
1.19268 5.52136e-12 0.452149
1.16201 5.55178e-12 0.455074
1.13115 5.56827e-12 0.4578
1.10016 5.5734e-12 0.46036
1.06905 5.56711e-12 0.462736
1.03783 5.54964e-12 0.464943
1.00652 5.52172e-12 0.467003
0.975132 5.48442e-12 0.468897
0.94368 5.43798e-12 0.470654
0.912175 5.38362e-12 0.472297
0.880595 5.31934e-12 0.473817
0.848954 5.24685e-12 0.475218
0.81963 5.3132e-12 0.476945
0.792222 5.49323e-12 0.47893
0.764859 5.67238e-12 0.480846
0.737505 5.84675e-12 0.482745
0.710054 5.99875e-12 0.484689
0.682844 6.13545e-12 0.486687
0.655867 6.24623e-12 0.488784
0.629233 6.32541e-12 0.49105
0.602481 6.3176e-12 0.493579
0.575066 6.10868e-12 0.496573
0.546946 5.69549e-12 0.50001
0.518641 5.22625e-12 0.503604
0.49017 4.74766e-12 0.507315
0.46154 4.28275e-12 0.511141
0.432729 3.85707e-12 0.515104
0.403715 3.4924e-12 0.519261
0.374448 3.20313e-12 0.523665
0.34487 2.98647e-12 0.52836
0.314823 2.82312e-12 0.533388
0.284171 2.69905e-12 0.538784
0.252885 2.60558e-12 0.54458
0.221044 2.5347e-12 0.550826
0.18875 2.48177e-12 0.557577
0.15609 2.44392e-12 0.564866
0.123159 2.41736e-12 0.572701
0.0900281 2.40027e-12 0.581049
0.0567591 2.3902e-12 0.589941
0.0234251 2.38528e-12 0.599443
-0.00992646 2.38439e-12 0.609619
-0.0432401 2.3861e-12 0.620547
-0.0765302 2.38937e-12 0.632233
-0.109791 2.39327e-12 0.644636
-0.143067 2.39652e-12 0.657632
-0.176385 2.39916e-12 0.671105
-0.209823 2.40095e-12 0.684999
-0.243398 2.40089e-12 0.69926
-0.277129 2.39532e-12 0.713859
-0.311019 2.39135e-12 0.728743
-0.345111 2.37922e-12 0.743863
-0.37943 2.36015e-12 0.759087
-0.412849 2.46674e-12 0.774431
-0.427251 6.00775e-12 0.78833
-0.441902 9.89957e-12 0.802182
-0.45675 1.41071e-11 0.815926
-0.47177 1.85977e-11 0.829575
-0.48693 2.33439e-11 0.843123
-0.502154 2.83064e-11 0.856536
-0.519146 3.37054e-11 0.872234
-0.536896 3.93951e-11 0.88884
-0.554575 4.51759e-11 0.905357
-0.572525 5.10568e-11 0.922241
-0.590156 5.68281e-11 0.938995
-0.607262 6.23056e-11 0.955538
-0.623925 6.74515e-11 0.97187
-0.640137 7.21765e-11 0.98804
-0.655838 7.6448e-11 1.00408
-0.671036 8.02787e-11 1.02
-0.685911 8.37025e-11 1.03586
-0.700655 8.66798e-11 1.05171
-0.722461 9.07079e-11 1.07549
-0.73689 9.31719e-11 1.09139
-0.751267 9.54962e-11 1.10732
-0.765598 9.77051e-11 1.12328
-0.779902 9.98125e-11 1.13928
-0.794193 1.0183e-10 1.15533
-0.808494 1.03763e-10 1.17146
-0.822871 1.05546e-10 1.18768
-0.837296 1.07199e-10 1.20392
-0.851744 1.08794e-10 1.22023
-0.866211 1.1033e-10 1.23661
-0.880703 1.11814e-10 1.25307
-0.895228 1.13248e-10 1.26961
-0.909783 1.14634e-10 1.28623
-0.924379 1.15983e-10 1.30294
-0.939015 1.17294e-10 1.31972
-0.953696 1.18573e-10 1.33658
-0.968535 1.19684e-10 1.35344
-0.983452 1.20736e-10 1.37037
-0.998416 1.21754e-10 1.38736
-1.01343 1.22747e-10 1.40444
-1.0285 1.23665e-10 1.42155
-1.04369 1.24208e-10 1.43846
-1.05897 1.24826e-10 1.4555
-1.07437 1.25512e-10 1.47269
-1.08986 1.26219e-10 1.48999
-1.1054 1.26916e-10 1.50738
-1.12098 1.27597e-10 1.52484
-1.13661 1.28216e-10 1.54232
-1.12746 1.22755e-10 1.52769
-1.11822 1.16914e-10 1.51329
-1.109 1.11221e-10 1.49896
-1.09982 1.05675e-10 1.48473
-1.09068 1.00284e-10 1.47056
-1.0816 9.50706e-11 1.45646
-1.07258 9.00431e-11 1.44243
-1.06362 8.51954e-11 1.42845
-1.05471 8.05161e-11 1.41453
-1.04586 7.60463e-11 1.40073
-1.03704 7.17512e-11 1.38697
-1.02822 6.75817e-11 1.3732
-1.01939 6.35324e-11 1.35941
-1.01052 5.95949e-11 1.34559
-1.00162 5.57953e-11 1.33172
-0.992684 5.21455e-11 1.31779
-0.98372 4.86234e-11 1.30377
-0.974612 4.52454e-11 1.28971
-0.965457 4.19817e-11 1.27557
-0.956236 3.88289e-11 1.26137
-0.946922 3.57949e-11 1.24707
-0.937533 3.28655e-11 1.2327
-0.928071 3.00503e-11 1.2182
-0.918549 2.73396e-11 1.20357
-0.908936 2.47144e-11 1.18881
-0.899223 2.21828e-11 1.17389
-0.889464 1.97025e-11 1.15881
-0.879597 1.72917e-11 1.14355
-0.869932 1.48296e-11 1.12807
-0.860274 1.24418e-11 1.11245
-0.850623 1.00921e-11 1.09669
-0.840563 7.94941e-12 1.08093
-0.829344 6.2497e-12 1.06508
-0.814611 5.4656e-12 1.04977
-0.799271 4.71271e-12 1.03452
-0.783428 4.01053e-12 1.01923
-0.767253 3.36348e-12 1.0038
-0.750859 2.76609e-12 0.988208
-0.734228 2.21572e-12 0.972411
-0.717298 1.71234e-12 0.956392
-0.699933 1.25635e-12 0.940166
-0.682279 8.40484e-13 0.923726
-0.664273 4.61202e-13 0.90701
-0.645887 1.13462e-13 0.889963
-0.627196 -2.01271e-13 0.872655
-0.608318 -4.8184e-13 0.8553
-0.589328 -7.30981e-13 0.838129
-0.570176 -9.51065e-13 0.82096
-0.550358 -1.15287e-12 0.803916
-0.530361 -1.33441e-12 0.786792
-0.509754 -1.50765e-12 0.769711
-0.488587 -1.67971e-12 0.752744
-0.467042 -1.84485e-12 0.735869
-0.445423 -1.99778e-12 0.71889
-0.423681 -2.13663e-12 0.701849
-0.401775 -2.26032e-12 0.684761
-0.37976 -2.36954e-12 0.667581
-0.3576 -2.46405e-12 0.650334
-0.335311 -2.54394e-12 0.633004
-0.312936 -2.61107e-12 0.615558
-0.290488 -2.66585e-12 0.598034
-0.267953 -2.70892e-12 0.580411
-0.245328 -2.74125e-12 0.562642
-0.22261 -2.763e-12 0.544826
-0.199792 -2.77541e-12 0.526865
-0.176854 -2.7789e-12 0.508816
-0.153846 -2.77559e-12 0.490715
-0.130755 -2.76839e-12 0.472578
-0.107519 -2.75963e-12 0.454425
-0.084141 -2.74787e-12 0.436257
-0.0606144 -2.73468e-12 0.41812
-0.036957 -2.71881e-12 0.399935
-0.013152 -2.70046e-12 0.381665
0.0108147 -2.68151e-12 0.363295
0.0349679 -2.66044e-12 0.344821
0.0593228 -2.63559e-12 0.326243
0.0839123 -2.60697e-12 0.307564
0.108736 -2.57437e-12 0.288785
0.133864 -2.53905e-12 0.269917
0.159327 -2.49808e-12 0.250939
0.185131 -2.45059e-12 0.231872
0.211339 -2.3963e-12 0.21272
0.238014 -2.3341e-12 0.193489
0.265241 -2.26551e-12 0.174167
0.293047 -2.18824e-12 0.154754
0.321235 -2.10412e-12 0.135541
0.346946 -2.04452e-12 0.119586
0.373107 -1.97162e-12 0.105036
0.397356 -1.91325e-12 0.0955848
0.42253 -1.82724e-12 0.0885246
0.450665 -1.68135e-12 0.083083
0.477295 -1.54187e-12 0.0829515
0.503873 -1.39667e-12 0.0846435
0.529578 -1.26277e-12 0.0876096
0.555471 -1.12973e-12 0.0909471
0.581532 -9.98296e-13 0.0946321
0.607445 -8.74712e-13 0.0985702
0.633542 -7.5439e-13 0.102683
0.659627 -6.41368e-13 0.106855
0.685468 -5.3938e-13 0.111039
0.710864 -4.51038e-13 0.11521
0.735606 -3.78531e-13 0.119348
0.759518 -3.23519e-13 0.123436
0.782652 -2.83959e-13 0.127476
0.805114 -2.57198e-13 0.13151
0.827053 -2.40505e-13 0.135592
0.848582 -2.31876e-13 0.139768
0.869813 -2.29078e-13 0.144044
0.890854 -2.30193e-13 0.148406
0.911805 -2.33499e-13 0.152839
0.932673 -2.38551e-13 0.15732
0.953527 -2.44517e-13 0.161849
0.974371 -2.51285e-13 0.166407
0.995208 -2.5877e-13 0.171004
1.01608 -2.66329e-13 0.175622
1.037 -2.74056e-13 0.180275
1.05796 -2.81878e-13 0.184953
1.07899 -2.89463e-13 0.189661
1.10009 -2.96989e-13 0.194395
1.12128 -3.04243e-13 0.199164
1.14256 -3.11202e-13 0.203963
1.16399 -3.16812e-13 0.208798
1.18687 -2.97656e-13 0.213749
1.21021 -2.808e-13 0.218803
1.23378 -2.62161e-13 0.223923
1.25841 -2.28627e-13 0.229233
1.28324 -1.96197e-13 0.234612
1.30885 -1.62176e-13 0.240165
1.33546 -1.08047e-13 0.245924
1.36238 -5.18648e-14 0.251775
1.38931 -5.52057e-13 0.257462
1.41671 -2.4922e-12 0.262808
1.44539 -4.45267e-12 0.268462
1.47442 -6.46509e-12 0.274237
1.50372 -8.55237e-12 0.28011
1.54819 -1.18091e-11 0.2891
1.57817 -1.40538e-11 0.295209
1.60863 -1.63616e-11 0.301453
1.64018 -1.87579e-11 0.307941
1.67199 -2.11868e-11 0.314523
1.70441 -2.34958e-11 0.321292
1.73707 -2.58327e-11 0.328147
1.76997 -2.8192e-11 0.335083
1.80308 -3.05689e-11 0.342099
1.83641 -3.29561e-11 0.349192
1.86991 -3.53477e-11 0.356352
1.90358 -3.77388e-11 0.363578
1.93842 -4.01621e-11 0.371064
1.97345 -4.25736e-11 0.378619
2.00863 -4.49675e-11 0.386234
2.04394 -4.73397e-11 0.393908
2.07941 -4.96845e-11 0.401649
2.11498 -5.19983e-11 0.409441
2.15062 -5.42748e-11 0.417275
2.18633 -5.65121e-11 0.425148
2.22209 -5.87035e-11 0.433058
2.2579 -6.08436e-11 0.441001
2.29373 -6.29287e-11 0.448974
2.32984 -6.49491e-11 0.457026
2.36604 -6.68989e-11 0.465123
2.40217 -6.87755e-11 0.473227
2.43829 -7.05762e-11 0.481382
2.47437 -7.23025e-11 0.489579
2.51035 -7.39596e-11 0.497774
2.54623 -7.55513e-11 0.505967
2.58201 -7.70807e-11 0.514158
2.61769 -7.85552e-11 0.522345
2.65328 -7.99801e-11 0.530529
2.6888 -8.13597e-11 0.538722
2.72425 -8.26964e-11 0.546917
2.75962 -8.39931e-11 0.555109
2.79494 -8.52528e-11 0.563297
2.83033 -8.64794e-11 0.571468
2.86633 -8.76766e-11 0.579531
2.90253 -8.88563e-11 0.587523
2.93873 -9.00044e-11 0.595514
2.97497 -9.11224e-11 0.603497
3.01121 -9.2213e-11 0.611474
3.04746 -9.32773e-11 0.619448
3.0837 -9.43222e-11 0.627424
3.11996 -9.53426e-11 0.635405
3.10664 -9.01447e-11 0.635417
3.09331 -8.51496e-11 0.635493
3.07994 -8.03514e-11 0.635684
3.06662 -7.51409e-11 0.635889
3.05328 -6.99083e-11 0.63608
3.03988 -6.47797e-11 0.636251
3.02643 -5.98357e-11 0.63639
3.01293 -5.50691e-11 0.636485
2.99938 -5.04904e-11 0.63655
2.98578 -4.61138e-11 0.636577
2.97206 -4.1977e-11 0.636673
2.95816 -3.8052e-11 0.6368
2.94422 -3.43351e-11 0.636879
2.93021 -3.08135e-11 0.636928
2.91623 -2.75416e-11 0.636992
2.90221 -2.44811e-11 0.637005
2.88805 -2.16053e-11 0.636961
2.8738 -1.89188e-11 0.636852
2.85943 -1.64221e-11 0.636677
2.84489 -1.41064e-11 0.636436
2.83021 -1.19804e-11 0.636167
2.81542 -1.00386e-11 0.635855
2.80048 -8.28392e-12 0.63548
2.78521 -6.97057e-12 0.634887
2.76958 -6.05136e-12 0.63407
2.75348 -5.61359e-12 0.632957
2.73711 -5.17709e-12 0.631785
2.72046 -4.74126e-12 0.630526
2.70359 -4.30835e-12 0.629203
2.68641 -3.87948e-12 0.627829
2.66891 -3.45175e-12 0.626442
2.65108 -3.02687e-12 0.624989
2.63329 -2.60758e-12 0.623762
2.61628 -2.19638e-12 0.623165
2.59994 -1.78388e-12 0.623234
2.58441 -1.38224e-12 0.624166
2.56841 -9.99677e-13 0.625947
2.55134 -6.50679e-13 0.628295
2.53327 -3.30404e-13 0.631954
2.51419 -4.08817e-14 0.636382
2.49449 2.18562e-13 0.640694
2.47407 4.49576e-13 0.644929
2.45282 6.55873e-13 0.649148
2.4309 8.38771e-13 0.65322
2.40849 9.98287e-13 0.657125
2.38573 1.1346e-12 0.660827
2.36257 1.24786e-12 0.664362
2.33921 1.33889e-12 0.667697
2.3157 1.40967e-12 0.670847
2.29205 1.46199e-12 0.673864
2.2684 1.49849e-12 0.676723
2.24486 1.52097e-12 0.679509
2.22149 1.52915e-12 0.682644
2.19768 1.53443e-12 0.686276
2.17288 1.54239e-12 0.690591
2.14582 1.57968e-12 0.6958
2.11782 1.62666e-12 0.7012
2.08967 1.67288e-12 0.706501
2.06131 1.7179e-12 0.711681
2.03257 1.76512e-12 0.716747
2.00366 1.81207e-12 0.721736
1.97448 1.86253e-12 0.72671
1.94504 1.91241e-12 0.731631
1.91535 1.95917e-12 0.736462
1.88545 2.00258e-12 0.741205
1.85539 2.04198e-12 0.745864
1.82516 2.07673e-12 0.750434
1.79474 2.1077e-12 0.754943
1.76418 2.13526e-12 0.759385
1.73347 2.15817e-12 0.76375
1.70264 2.17781e-12 0.768062
1.67168 2.19424e-12 0.772317
1.64061 2.20679e-12 0.776506
1.60942 2.21663e-12 0.780657
1.57814 2.22455e-12 0.784779
1.54677 2.23e-12 0.788864
1.51533 2.23229e-12 0.792903
1.48382 2.23322e-12 0.796935
1.45224 2.23277e-12 0.800954
1.4206 2.23018e-12 0.804946
1.38891 2.22628e-12 0.808928
1.35716 2.22159e-12 0.812916
1.32536 2.21608e-12 0.816908
1.2935 2.20967e-12 0.820881
1.26159 2.20282e-12 0.824874
1.22962 2.19528e-12 0.828888
1.19758 2.18765e-12 0.832919
1.16548 2.1798e-12 0.836951
1.13331 2.17203e-12 0.841004
1.10109 2.16417e-12 0.84509
1.06881 2.15654e-12 0.849208
1.03647 2.14897e-12 0.85335
1.00404 2.14169e-12 0.857522
0.971531 2.13448e-12 0.861723
0.938917 2.12748e-12 0.865954
0.906213 2.12041e-12 0.870215
0.873423 2.11312e-12 0.874523
0.840541 2.10593e-12 0.878866
0.807556 2.09801e-12 0.883247
0.774474 2.09005e-12 0.887675
0.741279 2.08097e-12 0.892167
0.707965 2.07114e-12 0.896726
0.676651 2.12599e-12 0.90153
0.645754 2.19429e-12 0.906464
0.615979 2.30194e-12 0.911821
0.586857 2.45397e-12 0.917432
0.55769 2.58374e-12 0.923241
0.529225 2.74707e-12 0.929769
0.501212 2.90606e-12 0.936686
0.473755 3.0477e-12 0.94402
0.445426 2.96601e-12 0.952059
0.415225 2.38258e-12 0.961177
0.383671 1.41228e-12 0.970975
0.351989 3.93118e-13 0.980978
0.320484 -5.52582e-13 0.991112
0.289262 -1.36005e-12 1.00137
0.258564 -1.9697e-12 1.01173
0.228255 -2.42357e-12 1.0222
0.198021 -2.79746e-12 1.03277
0.167787 -3.11063e-12 1.04344
0.137565 -3.3641e-12 1.05422
0.107351 -3.57842e-12 1.0651
0.0771015 -3.74075e-12 1.07608
0.0468318 -3.86491e-12 1.08717
0.0165851 -3.95953e-12 1.09836
-0.0136252 -4.03058e-12 1.10963
-0.0437905 -4.08215e-12 1.12099
-0.0739175 -4.11741e-12 1.13243
-0.103995 -4.13903e-12 1.14395
-0.134017 -4.14944e-12 1.15555
-0.163995 -4.15033e-12 1.16721
-0.193945 -4.14345e-12 1.17893
-0.223858 -4.12978e-12 1.1907
-0.253743 -4.11078e-12 1.20252
-0.283619 -4.08705e-12 1.21439
-0.313473 -4.05932e-12 1.2263
-0.343342 -4.02848e-12 1.23828
-0.373208 -3.99485e-12 1.25032
-0.403085 -3.95886e-12 1.26243
-0.432978 -3.92097e-12 1.27462
-0.462897 -3.8814e-12 1.28685
-0.492858 -3.84052e-12 1.29914
-0.522864 -3.79859e-12 1.31147
-0.552914 -3.76418e-12 1.32384
-0.583026 -3.7124e-12 1.33628
-0.613186 -3.66838e-12 1.34879
-0.658557 -3.60155e-12 1.36773
-0.688885 -3.55656e-12 1.38046
-0.719298 -3.51117e-12 1.39327
-0.749785 -3.46579e-12 1.40615
-0.780359 -3.42048e-12 1.41908
-0.795106 -1.40082e-12 1.4323
-0.807872 1.04583e-12 1.44535
-0.820713 3.62602e-12 1.45843
-0.833639 6.32619e-12 1.47156
-0.84683 9.11905e-12 1.48512
-0.860613 1.19282e-11 1.49978
-0.874448 1.48105e-11 1.51445
-0.888345 1.77675e-11 1.52912
-0.90249 2.08173e-11 1.54408
-0.916774 2.39326e-11 1.55916
-0.931109 2.70993e-11 1.57426
-0.945485 3.03121e-11 1.58937
-0.9599 3.35598e-11 1.60449
-0.974521 3.67422e-11 1.61985
-0.989222 3.99437e-11 1.63528
-1.00396 4.31562e-11 1.65072
-1.01872 4.63806e-11 1.66618
-1.03351 4.9595e-11 1.68166
-1.04832 5.28051e-11 1.69718
-1.0632 5.60001e-11 1.71274
-1.0781 5.91751e-11 1.72835
-1.09302 6.23243e-11 1.74402
-1.10795 6.53493e-11 1.75969
-1.1229 6.82971e-11 1.77541
-1.138 7.12076e-11 1.79139
-1.15309 7.40609e-11 1.80743
-1.16817 7.68539e-11 1.82355
-1.18323 7.95713e-11 1.83975
-1.19828 8.22161e-11 1.85604
-1.21334 8.46806e-11 1.87235
-1.22841 8.69701e-11 1.8887
-1.24348 8.91041e-11 1.90507
-1.25854 9.11563e-11 1.9215
-1.27359 9.31331e-11 1.93799
-1.28862 9.50405e-11 1.95453
-1.30368 9.68789e-11 1.97114
-1.31919 9.8674e-11 1.98796
-1.33483 1.00404e-10 2.00488
-1.35052 1.02079e-10 2.02188
-1.36623 1.03695e-10 2.03895
-1.38195 1.05257e-10 2.0561
-1.39773 1.06766e-10 2.07335
-1.41354 1.0822e-10 2.09072
-1.42943 1.09617e-10 2.1082
-1.4454 1.10967e-10 2.12578
-1.4614 1.12272e-10 2.14343
-1.47745 1.13538e-10 2.16113
-1.49352 1.14769e-10 2.17888
-1.50962 1.15967e-10 2.19667
-1.52575 1.17126e-10 2.21452
-1.51652 1.12403e-10 2.19979
-1.50703 1.06946e-10 2.18529
-1.49755 1.01447e-10 2.17102
-1.48813 9.61147e-11 2.15682
-1.47877 9.09544e-11 2.14273
-1.46943 8.59362e-11 2.1287
-1.46011 8.1072e-11 2.11476
-1.45072 7.64258e-11 2.10084
-1.44133 7.19549e-11 2.08689
-1.432 6.76878e-11 2.07302
-1.42274 6.36191e-11 2.05918
-1.41345 5.97107e-11 2.04529
-1.40412 5.59213e-11 2.03134
-1.39478 5.22601e-11 2.01731
-1.38539 4.87384e-11 2.00322
-1.37596 4.53541e-11 1.98905
-1.36648 4.209e-11 1.97481
-1.35695 3.89592e-11 1.96045
-1.34736 3.59415e-11 1.94596
-1.33774 3.30544e-11 1.93133
-1.32806 3.02949e-11 1.91661
-1.31834 2.76456e-11 1.90176
-1.30856 2.50981e-11 1.88677
-1.29872 2.26572e-11 1.87166
-1.28878 2.03332e-11 1.85639
-1.2787 1.81258e-11 1.84089
-1.26857 1.59873e-11 1.82522
-1.25838 1.39286e-11 1.80937
-1.24813 1.19518e-11 1.79326
-1.23805 9.96727e-12 1.77697
-1.22754 8.21169e-12 1.76052
-1.21654 6.66292e-12 1.74403
-1.20231 5.91646e-12 1.72807
-1.18758 5.21287e-12 1.71196
-1.1724 4.55111e-12 1.69566
-1.15666 3.9191e-12 1.67934
-1.14049 3.33415e-12 1.66289
-1.12409 2.79462e-12 1.64625
-1.10731 2.30462e-12 1.62943
-1.09024 1.85766e-12 1.61242
-1.07288 1.44869e-12 1.59518
-1.05528 1.07666e-12 1.57771
-1.03741 7.36725e-13 1.55992
-1.0193 4.27875e-13 1.54181
-1.00102 1.4807e-13 1.52342
-0.982577 -1.03149e-13 1.5048
-0.963851 -3.30939e-13 1.48596
-0.945311 -5.29343e-13 1.46725
-0.926645 -7.05697e-13 1.44851
-0.907797 -8.61755e-13 1.42971
-0.88848 -1.00098e-12 1.41078
-0.868557 -1.12867e-12 1.39195
-0.848337 -1.24378e-12 1.37303
-0.827186 -1.36324e-12 1.35425
-0.805379 -1.48542e-12 1.33551
-0.783463 -1.60068e-12 1.31674
-0.761641 -1.70757e-12 1.29794
-0.739772 -1.80643e-12 1.27905
-0.717774 -1.89569e-12 1.26011
-0.695674 -1.97537e-12 1.24109
-0.67349 -2.04613e-12 1.22198
-0.651189 -2.10651e-12 1.2028
-0.628818 -2.15893e-12 1.18351
-0.606368 -2.20295e-12 1.16411
-0.583843 -2.23895e-12 1.14458
-0.561238 -2.26772e-12 1.12497
-0.538556 -2.28966e-12 1.10524
-0.515788 -2.30556e-12 1.08539
-0.492947 -2.31567e-12 1.06553
-0.470021 -2.32109e-12 1.04564
-0.446998 -2.32153e-12 1.02578
-0.423883 -2.31779e-12 1.00594
-0.400678 -2.30988e-12 0.986124
-0.377374 -2.2982e-12 0.966289
-0.353995 -2.28297e-12 0.946357
-0.330542 -2.26524e-12 0.926285
-0.307021 -2.24487e-12 0.90605
-0.283429 -2.22251e-12 0.885645
-0.259763 -2.19816e-12 0.865077
-0.236048 -2.1739e-12 0.844336
-0.212278 -2.15105e-12 0.82342
-0.188443 -2.12731e-12 0.802325
-0.164514 -2.10644e-12 0.78109
-0.140497 -2.08811e-12 0.759683
-0.116406 -2.06917e-12 0.738099
-0.0921968 -2.05294e-12 0.716368
-0.0678951 -2.03792e-12 0.694445
-0.0435058 -2.0228e-12 0.672299
-0.0190113 -2.00822e-12 0.649961
0.00557267 -1.99332e-12 0.62742
0.030237 -1.97803e-12 0.604635
0.0549888 -1.9626e-12 0.581612
0.0798428 -1.94646e-12 0.558361
0.10479 -1.93053e-12 0.534862
0.129887 -1.91393e-12 0.511181
0.155102 -1.89861e-12 0.487292
0.180461 -1.88221e-12 0.463249
0.205941 -1.86607e-12 0.439003
0.231609 -1.84809e-12 0.414623
0.257474 -1.83082e-12 0.390039
