-1.27695e-05 -1.58787e-16 -0.0624142
0.535486 -7.3723e-15 -0.0322393
1.07394 5.25854e-15 -0.000131042
1.60845 5.96155e-16 0.0465491
2.13674 -1.43815e-15 0.106714
2.66523 1.13012e-14 0.173668
3.19357 -8.68417e-15 0.243399
3.72229 3.26226e-16 0.31522
4.25103 -1.92265e-14 0.388329
4.77974 -7.97524e-16 0.462189
5.30875 -1.55936e-14 0.536862
5.83807 -3.26889e-14 0.612061
6.3674 -5.36716e-15 0.68746
6.89681 3.44565e-15 0.762856
7.42707 -1.28476e-14 0.837818
7.9582 -1.69895e-14 0.910203
8.491 2.04355e-14 0.977522
9.02499 8.26679e-15 1.0412
9.55968 1.77623e-14 1.1027
10.095 2.6187e-14 1.16205
9.5651 6.79829e-15 1.08512
9.03521 -4.42436e-14 1.00831
8.50532 3.52424e-14 0.931628
7.97543 3.71351e-15 0.855033
7.44554 2.10156e-14 0.778568
6.91563 -3.0942e-14 0.702308
6.38569 -2.16946e-14 0.626342
5.85574 2.00013e-14 0.550598
5.32577 3.69199e-16 0.475301
4.79576 -7.33448e-16 0.400681
4.26566 -8.17531e-15 0.327218
3.73544 -1.63785e-14 0.255369
3.20499 -5.60947e-15 0.185587
2.67416 -1.07443e-14 0.119274
2.14249 1.31878e-14 0.0596273
1.60946 -1.09505e-14 0.0116965
1.076 3.80625e-15 -0.02893
0.542454 1.79141e-15 -0.0558892
0.00708978 1.22977e-15 -0.0789756
-0.532027 2.98063e-16 -0.0998094
-1.07298 -6.45141e-15 -0.111267
-1.61321 1.40877e-16 -0.119989
-2.15004 -3.72493e-15 -0.125945
-2.68523 -1.31112e-15 -0.130598
-3.21936 -1.8683e-15 -0.134726
-3.75253 9.70933e-16 -0.138631
-4.28514 -1.20576e-15 -0.142429
-4.81747 6.28191e-15 -0.146082
-5.34967 -1.03184e-15 -0.149571
-5.88181 1.33593e-15 -0.152902
-6.41396 -9.81677e-16 -0.156084
-6.94629 -2.00023e-15 -0.159048
-7.47926 2.16863e-15 -0.161552
-8.01373 -3.57825e-15 -0.163025
-8.54974 -1.07494e-15 -0.163305
-9.08661 3.79177e-15 -0.162811
-9.62417 -2.15875e-15 -0.161749
-10.1625 -9.43646e-16 -0.160171
-10.7015 -5.5682e-15 -0.158069
-10.1696 -2.59207e-15 -0.155509
-9.63771 -4.55125e-16 -0.15291
-9.10578 5.73734e-16 -0.150273
-8.57384 2.54005e-15 -0.147588
-8.04186 -1.91262e-15 -0.144851
-7.5097 7.0211e-16 -0.142246
-6.97744 1.09028e-14 -0.139632
-6.44499 1.56426e-15 -0.136984
-5.91236 -2.44177e-15 -0.134276
-5.37949 2.47203e-15 -0.131544
-4.84627 9.81776e-16 -0.128519
-4.31274 -7.24853e-16 -0.125121
-3.77878 2.834e-15 -0.121125
-3.2441 2.26504e-15 -0.116379
-2.70807 1.23757e-15 -0.110641
-2.17032 -1.68054e-15 -0.103267
-1.63121 -1.4045e-15 -0.0946679
-1.09103 8.49379e-15 -0.0836057
-0.549452 2.81805e-15 -0.0696615
-0.00862636 -1.50358e-15 -0.0533923
0.524954 2.13097e-14 -0.0300218
1.05881 7.25914e-16 0.00491688
1.59275 2.86948e-15 0.0486596
2.12628 -5.26788e-15 0.10171
2.65919 4.22551e-17 0.160972
3.19134 -5.4111e-15 0.225081
3.72295 -1.74337e-14 0.292254
4.25447 1.86812e-14 0.36073
4.78591 1.78348e-14 0.430286
5.3172 2.67099e-14 0.501204
5.84847 3.94164e-14 0.572668
6.37916 -3.43221e-14 0.646304
6.90954 1.81595e-15 0.721121
7.43986 -1.79375e-15 0.79624
7.97037 -2.91806e-15 0.870951
8.50118 1.81698e-15 0.944864
9.03244 1.64323e-14 1.01742
9.56444 7.75633e-15 1.08773
10.0976 -4.18223e-15 1.15428
10.6322 1.72827e-15 1.21544
11.1681 -4.29065e-15 1.27215
11.7048 -6.97592e-15 1.32598
12.2419 -8.12085e-15 1.37808
12.7793 -3.24429e-14 1.42859
13.3172 2.60023e-14 1.47768
13.8553 1.97967e-14 1.52583
14.3937 4.9539e-15 1.5729
14.9324 3.89071e-15 1.61846
15.4714 -1.57497e-14 1.66278
16.0108 -4.04996e-14 1.70633
16.5505 3.29697e-14 1.7491
17.0905 2.15541e-15 1.79083
17.6304 8.38906e-15 1.83234
18.1704 1.58138e-14 1.87404
18.7105 -1.10999e-14 1.91625
19.2505 8.10266e-15 1.95924
19.7904 3.09478e-15 2.00278
20.3302 -3.49804e-14 2.04646
20.8697 4.57532e-14 2.08994
20.3402 3.25383e-14 2.01379
19.8107 7.90198e-15 1.93775
19.2812 -2.9001e-14 1.86195
18.7515 2.55135e-15 1.78647
18.2217 5.78774e-15 1.71136
17.6919 1.46505e-14 1.63642
17.1619 1.80788e-14 1.56223
16.6317 -3.39493e-15 1.4886
16.1014 9.24272e-15 1.41528
15.5711 3.63237e-14 1.34234
15.0406 1.2288e-15 1.27017
14.5101 3.77557e-14 1.19829
13.9796 -4.0614e-15 1.12673
13.4489 4.50725e-15 1.0556
12.918 -6.24392e-15 0.985278
12.3871 -1.95643e-14 0.915472
11.8559 -1.3775e-14 0.846322
11.3247 1.70028e-14 0.77781
10.7933 -9.0829e-15 0.709936
10.2616 1.982e-15 0.64332
9.72951 6.1065e-16 0.57795
9.19712 3.05005e-14 0.514012
8.66423 -2.02255e-14 0.45199
8.13055 -4.64423e-15 0.393094
7.59572 2.23081e-15 0.338792
7.05963 1.46434e-14 0.289389
6.52267 -2.58858e-15 0.243215
5.9852 -3.4441e-15 0.199178
5.44721 1.35737e-14 0.1572
4.90877 6.60786e-15 0.117054
4.36996 9.6492e-15 0.0788202
3.83099 -1.35014e-15 0.0430712
3.29236 2.20991e-15 0.0112031
2.7544 -6.08956e-15 -0.0155451
2.21715 3.84964e-15 -0.037851
1.68061 3.16754e-15 -0.0566515
1.14485 -4.7569e-16 -0.0722183
0.609705 -2.68868e-15 -0.0845211
0.0751006 -3.33046e-16 -0.0952262
-0.45926 -3.09299e-16 -0.105001
-0.994619 1.03402e-15 -0.114044
-1.53008 2.46093e-15 -0.12245
-2.06626 4.27046e-16 -0.129849
-2.60496 3.15103e-15 -0.136191
-3.14385 -3.67183e-16 -0.141338
-3.68318 1.56753e-15 -0.145637
-4.22291 1.92096e-15 -0.149139
-4.76284 1.33779e-15 -0.151803
-5.30289 -5.369e-16 -0.153638
-5.84306 3.38423e-15 -0.154682
-6.38341 3.24343e-15 -0.154887
-6.924 3.87181e-15 -0.154273
-7.46459 2.42172e-15 -0.152885
-8.00512 1.66321e-15 -0.151118
-8.54576 1.30709e-15 -0.149132
-9.0865 4.52848e-16 -0.146931
-9.62594 -9.6526e-16 -0.144998
-10.1625 1.19922e-15 -0.144081
-10.6989 2.58105e-15 -0.143339
-11.2363 2.05307e-15 -0.142141
-11.7749 1.28114e-15 -0.140144
-12.3145 1.56592e-15 -0.137462
-12.8549 4.23411e-15 -0.134206
-13.396 6.64741e-16 -0.130342
-13.9377 2.01237e-15 -0.125696
-14.4801 4.33024e-15 -0.120074
-15.0231 -1.02811e-15 -0.113454
-15.5668 -1.77144e-15 -0.105904
-16.1108 5.57311e-15 -0.0975805
-16.6551 6.25424e-17 -0.0887133
-17.1997 -8.5989e-15 -0.0794084
-17.7446 1.73274e-15 -0.0697474
-18.2895 5.30471e-15 -0.0598574
-18.8344 7.27354e-15 -0.0498418
-19.3792 6.83154e-15 -0.0397319
-19.9239 1.87611e-15 -0.0295542
-20.4689 -2.90576e-15 -0.0192431
-21.0141 -8.06723e-15 -0.00891366
-21.5595 3.81931e-16 0.0013943
-21.0276 -3.14572e-15 0.00493499
-20.4955 2.69207e-15 0.0082851
-19.9632 5.00841e-15 0.0114806
-19.4308 1.32784e-15 0.0145995
-18.8982 7.56828e-15 0.0175994
-18.3653 1.56644e-15 0.0204084
-17.8324 -1.36181e-15 0.0230788
-17.2992 5.02144e-15 0.025584
-16.7658 -4.72346e-16 0.0278971
-16.2323 -1.21463e-15 0.0302178
-15.6986 1.23861e-15 0.0324249
-15.1648 3.13206e-15 0.0346477
-14.6309 1.46319e-15 0.0369487
-14.0968 -2.2403e-15 0.0393127
-13.5627 -3.33151e-15 0.0417039
-13.0285 3.89252e-15 0.0441062
-12.4939 2.43644e-15 0.0465157
-11.9592 2.30658e-15 0.0489055
-11.4241 2.49217e-15 0.0512524
-10.8889 3.84135e-15 0.0535846
-10.3534 2.98045e-15 0.0558862
-9.81752 1.04613e-15 0.0581312
-9.2812 2.04778e-15 0.0602148
-8.74414 5.46509e-16 0.0621291
-8.20592 -3.41569e-15 0.0635741
-7.66616 2.24179e-15 0.0643191
-7.12551 1.57749e-15 0.064691
-6.5843 8.12827e-16 0.0646989
-6.04258 -1.15559e-15 0.0643333
-5.50034 1.40944e-15 0.0638982
-4.95828 -3.33271e-15 0.0676403
-4.41622 -7.04569e-15 0.0736157
-3.87398 2.93012e-15 0.0805794
-3.3319 6.47358e-15 0.0904412
-2.79029 -1.69511e-15 0.105421
-2.24862 2.09306e-14 0.1234
-1.70683 9.245e-15 0.146321
-1.16477 2.41861e-15 0.17315
-0.622818 6.58864e-15 0.203771
-0.0810013 2.73311e-15 0.237472
0.460297 6.60235e-16 0.273527
1.00111 -7.5923e-15 0.311617
1.54174 2.86938e-15 0.351138
2.08217 1.95691e-15 0.391913
2.62142 1.00573e-15 0.433839
3.1601 7.17238e-15 0.477261
3.69896 2.47535e-14 0.521842
4.23793 1.83627e-15 0.567196
4.77682 5.95744e-15 0.612843
5.31552 4.75306e-15 0.658558
5.85426 6.14398e-15 0.704212
6.39235 2.4321e-14 0.749587
6.928 2.54386e-15 0.794356
7.46292 4.97775e-16 0.839132
7.99767 2.53174e-14 0.883617
8.53225 5.66377e-15 0.928041
9.06636 5.13198e-16 0.972883
9.60077 1.22193e-14 1.01728
10.1357 1.77496e-14 1.06113
10.6716 2.0122e-14 1.10424
11.2082 9.33722e-18 1.14685
11.746 9.99771e-15 1.19044
12.2841 2.82299e-15 1.23379
12.8216 8.3236e-16 1.28303
13.3574 -2.18711e-15 1.34103
13.8933 -1.05131e-14 1.39898
14.4293 -1.19416e-14 1.45661
14.9656 1.17526e-14 1.51344
15.5021 1.2656e-14 1.56952
16.0389 7.37472e-15 1.62481
16.5759 -2.77273e-15 1.67926
17.1132 1.15453e-15 1.7329
17.6506 7.81935e-14 1.78572
18.1884 4.11745e-15 1.83776
18.7262 -2.38272e-14 1.88908
19.2643 -6.41592e-15 1.9397
19.8023 1.92361e-14 1.98971
20.3405 3.7046e-15 2.03904
20.8787 -1.12811e-14 2.08781
21.4169 1.69951e-14 2.13621
21.9552 -1.05328e-14 2.18444
22.4935 7.60743e-14 2.23264
23.0319 1.08564e-14 2.28089
23.5703 1.40809e-14 2.32894
24.1087 2.41687e-14 2.3769
24.6471 -4.78936e-14 2.42478
25.1854 -1.48603e-14 2.47247
25.7235 6.03028e-15 2.51981
26.2612 -6.44023e-15 2.56664
26.7984 1.22129e-14 2.61289
27.3352 -1.94483e-14 2.65871
27.8717 2.08433e-14 2.70412
28.676 -1.29676e-15 2.77184
29.2121 -2.20516e-14 2.81697
29.7479 -5.04942e-15 2.86196
30.2832 -5.59326e-15 2.9066
30.8174 3.36062e-14 2.95041
31.3489 3.90711e-14 2.99221
31.8741 2.99457e-14 3.02961
32.3931 2.76391e-14 3.06242
32.9105 -6.31623e-15 3.09402
33.4277 -1.47527e-14 3.12551
33.945 1.94767e-14 3.15696
34.4623 -2.46368e-14 3.18842
34.9796 6.13868e-14 3.2199
35.497 -2.32871e-14 3.2514
36.0144 8.47375e-15 3.28294
36.5318 -5.1762e-14 3.31451
37.0493 2.30955e-14 3.34613
37.5668 -5.52081e-15 3.37781
38.0844 -3.70763e-15 3.4095
38.602 -9.14008e-15 3.44121
39.1196 1.84304e-14 3.47292
39.6372 4.88723e-15 3.50464
40.1548 -6.30181e-14 3.53636
40.6725 1.44031e-16 3.56806
41.1902 -5.53555e-14 3.59978
41.7079 2.57755e-14 3.63152
42.2256 1.51543e-14 3.66328
42.7434 1.23093e-14 3.69508
42.2141 -4.02064e-14 3.61924
41.6848 1.95185e-14 3.54345
41.1555 -4.85039e-14 3.46774
40.6262 2.55102e-15 3.39224
40.0966 -1.9022e-14 3.31719
39.567 2.96452e-15 3.24249
39.0372 -1.94496e-14 3.16807
38.5073 5.71904e-14 3.09415
37.9774 -4.01739e-15 3.02038
37.4473 -2.0075e-14 2.94719
36.9171 -8.24754e-15 2.87432
36.3867 -1.98285e-14 2.80199
35.8562 1.93426e-15 2.73014
35.3257 7.61934e-14 2.65853
34.7949 2.46742e-14 2.58752
34.264 1.66571e-14 2.517
33.7328 -1.3221e-14 2.44735
33.2015 5.53257e-15 2.37843
32.6701 -2.81791e-14 2.3102
32.1386 9.03069e-15 2.24266
31.607 1.02694e-14 2.17573
31.0753 2.15882e-14 2.1092
30.5436 1.92705e-14 2.04352
30.0118 9.06745e-15 1.9784
29.4798 -1.90318e-14 1.91376
28.9478 -3.26617e-15 1.84982
28.4154 2.27083e-14 1.78674
27.8829 -2.09074e-14 1.7244
27.3502 -1.49367e-14 1.6629
26.817 -7.5558e-16 1.60276
26.2835 1.59753e-14 1.5442
25.7495 5.60438e-15 1.48796
25.2148 7.37557e-16 1.43452
24.6794 -7.78295e-15 1.38373
24.1432 -1.21912e-14 1.33598
23.6064 4.65985e-15 1.29046
23.0693 -5.08038e-15 1.2463
22.5318 -3.3213e-15 1.20337
21.9941 -5.1415e-15 1.16168
21.4562 1.86289e-15 1.12123
20.9181 -1.8777e-15 1.08195
20.3801 -4.05092e-15 1.04396
19.8421 -1.33749e-14 1.00754
19.3042 -4.88899e-16 0.972301
18.7665 -2.86703e-15 0.938377
18.2289 -7.53031e-15 0.905261
17.6912 8.03789e-16 0.872538
17.1534 -5.22433e-15 0.839984
16.6157 -2.79059e-15 0.80757
16.0779 4.7341e-15 0.775281
15.5401 -1.17747e-14 0.743089
15.0023 -2.09032e-14 0.711082
14.4644 -4.791e-15 0.679397
13.9264 1.73148e-15 0.648212
13.3884 3.2095e-15 0.617141
12.8503 -1.10373e-15 0.586044
12.3122 -2.56742e-15 0.554903
11.7741 2.17401e-15 0.523752
11.236 4.01812e-15 0.492565
10.6979 -8.2277e-16 0.461372
10.1598 1.2261e-15 0.430258
9.62182 -2.01401e-15 0.399336
9.08394 8.52666e-16 0.36871
8.54614 -3.68979e-15 0.338277
8.00839 6.66353e-16 0.307924
7.4707 -1.92197e-15 0.27769
6.93308 -3.81589e-15 0.247541
6.39551 -4.79044e-16 0.217518
5.85803 -7.12903e-16 0.187642
5.32062 -2.02522e-15 0.157886
4.7833 -2.81462e-15 0.128213
4.24607 -1.60878e-15 0.0988469
3.70895 -2.26713e-15 0.0697816
3.17212 -8.46161e-15 0.0424176
2.63556 -3.33814e-15 0.0166711
2.09911 -3.16381e-15 -0.00847793
1.56279 -6.88808e-16 -0.0328967
1.02656 -1.57226e-15 -0.0558448
0.4899 -1.19526e-15 -0.0772618
-0.046863 -6.37763e-16 -0.0969612
-0.58364 -1.96774e-15 -0.114509
-1.12072 -1.38482e-15 -0.128573
-1.65863 -3.69155e-15 -0.136534
-2.19731 -1.12212e-15 -0.139045
-2.73629 -5.52464e-16 -0.13973
-3.27503 -6.0225e-16 -0.139469
-3.81373 -1.02599e-15 -0.138755
-4.3525 -1.30161e-16 -0.137749
-4.8913 1.42733e-16 -0.136358
-5.43023 3.09614e-17 -0.134379
-5.96929 -5.62155e-16 -0.131639
-6.50852 -1.11012e-15 -0.128037
-7.04796 1.86468e-16 -0.123581
-7.58754 -4.31607e-16 -0.118384
-8.12718 -7.76541e-16 -0.112613
-8.66682 -1.50504e-16 -0.106441
-9.20646 -6.71946e-16 -0.0999306
-9.74601 -1.09256e-15 -0.0931598
-10.2855 -1.89955e-15 -0.0861089
-10.8248 -7.52179e-16 -0.0787947
-11.364 4.61267e-16 -0.0713053
-11.903 -5.87074e-16 -0.063674
-12.4418 1.28715e-15 -0.0559389
-12.9804 -1.55522e-16 -0.0481057
-13.5187 -1.49012e-15 -0.0401875
-14.0568 7.66e-16 -0.032191
-14.5947 2.04117e-16 -0.0241201
-15.1323 -2.68004e-16 -0.0159859
-15.6698 -5.18805e-16 -0.00780139
-16.2072 2.88306e-15 0.000441481
-16.7444 -4.70596e-16 0.00874638
-17.2816 -5.82383e-16 0.0170765
-17.8191 -8.58311e-16 0.0254082
-18.3569 -3.25089e-16 0.0335976
-18.8943 -8.07852e-16 0.0402434
-19.4334 3.38698e-16 0.0466736
-19.9744 9.02868e-16 0.0528426
-20.5171 1.00512e-15 0.0588436
-21.0612 1.65379e-16 0.0647106
-21.6073 1.22345e-15 0.0704362
-22.151 1.46134e-15 0.0756284
-22.694 1.69499e-16 0.0809683
-23.2377 -7.81604e-17 0.0865138
-23.7824 7.58393e-16 0.0928366
-24.3282 4.31581e-16 0.0993264
-24.8752 2.46715e-15 0.10583
-25.4232 1.8832e-16 0.112385
-25.9718 -3.60281e-15 0.118994
-26.521 -9.5394e-16 0.125684
-27.0704 -2.55733e-15 0.132474
-27.6201 -4.06934e-15 0.139373
-28.1699 -2.93031e-15 0.14643
-28.9954 2.61547e-16 0.157281
-29.546 3.07717e-15 0.164646
-30.0966 3.30814e-15 0.172061
-30.6473 -7.84477e-16 0.179552
-31.1979 2.07013e-15 0.187092
-31.7486 -6.98483e-16 0.194679
-32.2992 -7.08752e-16 0.202306
-32.8499 1.74111e-16 0.209953
-33.4006 9.57764e-16 0.217637
-33.9512 1.50086e-15 0.225363
-34.5019 5.49029e-15 0.233128
-35.0525 -2.62413e-15 0.24094
-35.6031 -9.69695e-15 0.248788
-36.1536 -9.95953e-16 0.256665
-36.7041 -1.58237e-15 0.26457
-37.2546 -3.07946e-15 0.272497
-37.8051 7.58815e-16 0.28044
-38.3556 -1.59932e-16 0.288403
-38.9061 2.61795e-15 0.296398
-39.4566 6.65621e-15 0.304421
-40.007 6.14682e-15 0.312464
-40.5574 -4.51823e-16 0.320528
-41.1078 1.05423e-16 0.328614
-41.6581 -5.96974e-15 0.336708
-42.2085 -6.80019e-15 0.344809
-42.7588 1.24136e-14 0.352922
-43.3091 -2.15235e-15 0.36105
-43.8593 6.84455e-16 0.369189
-44.4095 1.82978e-15 0.377341
-43.8784 2.91902e-15 0.381832
-43.347 3.8134e-15 0.385993
-42.8155 9.74768e-15 0.390052
-42.2839 -6.50127e-15 0.394011
-41.7521 -4.4707e-15 0.397893
-41.2201 5.56125e-15 0.401531
-40.6878 1.07684e-14 0.405035
-40.1554 -1.62989e-15 0.408312
-39.6227 6.41394e-15 0.411402
-39.0898 -7.0792e-15 0.414526
-38.5566 4.71647e-15 0.417687
-38.0234 -2.74262e-16 0.420805
-37.4901 -4.35104e-15 0.423875
-36.9567 4.66678e-15 0.426893
-36.4232 -3.01925e-15 0.429917
-35.8895 7.51715e-16 0.432936
-35.3558 4.77821e-15 0.43591
-34.8219 3.27375e-15 0.438988
-34.2879 4.29664e-15 0.44199
-33.7537 7.94401e-15 0.444926
-33.2193 1.95643e-15 0.447783
-32.6848 4.94096e-15 0.450532
-32.1501 1.52729e-15 0.453243
-31.6152 4.41556e-15 0.455995
-31.0801 2.83663e-15 0.458683
-30.5447 6.13554e-15 0.46121
-30.0091 -2.29704e-15 0.463798
-29.4731 3.32342e-15 0.466599
-28.9368 5.45857e-15 0.470179
-28.4 -3.82056e-16 0.474946
-27.8628 8.57127e-15 0.481171
-27.3252 4.31304e-15 0.489069
-26.7872 3.54407e-15 0.497272
-26.2485 2.8073e-15 0.50577
-25.7097 8.33565e-15 0.515126
-25.1707 8.48173e-15 0.524741
-24.6314 3.94788e-15 0.53422
-24.092 4.89407e-15 0.543369
-23.5523 7.32373e-15 0.552207
-23.0125 6.20839e-15 0.560845
-22.4725 6.69701e-15 0.569477
-21.9323 3.97634e-15 0.577982
-21.3919 3.19695e-15 0.586382
-20.8514 5.57496e-15 0.594706
-20.3108 1.32696e-14 0.603113
-19.7702 6.69585e-16 0.612217
-19.2298 1.54467e-14 0.623362
-18.6894 1.10632e-14 0.635249
-18.1491 8.9381e-15 0.648084
-17.6088 1.59144e-14 0.661166
-17.0684 1.19323e-14 0.674811
-16.5282 5.38817e-15 0.689155
-15.988 9.25681e-15 0.7045
-15.4479 1.27594e-14 0.720033
-14.9077 3.97565e-15 0.73591
-14.3677 5.47524e-15 0.752266
-13.8277 2.38545e-15 0.769009
-13.2878 1.33641e-14 0.786289
-12.7479 5.20156e-15 0.80408
-12.2081 6.7753e-15 0.822226
-11.6684 5.89998e-15 0.840994
-11.1287 9.15944e-15 0.86025
-10.5891 1.38846e-14 0.879815
-10.0496 1.09542e-14 0.900003
-9.51011 1.02976e-14 0.92038
-8.97063 1.18612e-14 0.940976
-8.4312 1.21207e-14 0.961879
-7.89181 1.11586e-14 0.982954
-7.35245 1.5249e-14 1.00414
-6.81317 3.70606e-15 1.02542
-6.27398 1.27368e-14 1.04684
-5.73487 7.67705e-15 1.06831
-5.19583 4.1445e-15 1.08979
-4.65683 9.34363e-15 1.11124
-4.11787 1.09246e-14 1.13265
-3.57894 3.24714e-15 1.15403
-3.04005 1.09998e-14 1.17535
-2.50122 9.63542e-15 1.19663
-1.96247 1.16682e-14 1.21791
-1.4238 9.45179e-15 1.23925
-0.885253 1.18567e-14 1.26063
-0.346794 1.7381e-14 1.28199
0.191562 8.57653e-15 1.30334
0.729781 9.5125e-15 1.3247
1.2679 7.2788e-15 1.34604
1.80592 8.51617e-15 1.36744
2.34367 7.53639e-15 1.3902
2.88128 5.06856e-15 1.41372
3.41897 4.54629e-15 1.43965
3.95668 5.63679e-15 1.46705
4.49458 1.62759e-15 1.49554
5.03283 -4.89535e-15 1.52707
5.57133 4.28527e-15 1.55977
6.11009 3.12736e-15 1.59303
6.64914 2.13459e-15 1.62617
7.18855 9.00214e-15 1.65914
7.72837 2.30038e-15 1.69185
8.26862 3.42414e-15 1.72425
8.80921 -4.84392e-17 1.75627
9.35015 2.09128e-15 1.78792
9.89135 1.91995e-15 1.81922
10.4328 1.5715e-15 1.8502
10.9745 1.81169e-15 1.88089
11.5164 1.64002e-15 1.91129
12.0585 1.36997e-15 1.94141
12.6008 5.258e-15 1.97126
13.1433 -1.66746e-16 2.00082
13.686 -5.4424e-15 2.03011
14.2288 -1.48289e-16 2.05912
14.7718 1.69729e-15 2.08786
15.315 4.302e-15 2.11633
15.8583 -2.57602e-15 2.14453
16.4017 -1.67971e-15 2.17248
16.9453 -3.35806e-15 2.20019
17.4891 1.58244e-15 2.22765
18.0329 -1.03911e-14 2.25484
18.5769 1.52561e-16 2.28178
19.121 -1.33236e-15 2.30846
19.6653 -2.37829e-15 2.33491
20.2097 2.3727e-15 2.36113
20.7542 -1.01436e-15 2.38715
21.2987 1.03733e-14 2.41332
21.8419 1.32632e-14 2.44788
22.3852 -1.22366e-14 2.48355
22.9288 1.43534e-14 2.51899
23.4725 -1.42485e-14 2.55724
24.0165 1.05499e-14 2.59507
24.5608 3.04893e-14 2.63429
25.1055 3.48971e-15 2.67447
25.6504 -1.4225e-14 2.71418
26.1954 8.60853e-16 2.75403
26.7405 2.65389e-14 2.79522
27.2856 -2.20956e-15 2.83751
27.831 -3.36789e-14 2.87925
28.3765 1.46278e-14 2.92051
29.1953 1.05013e-14 2.98154
29.7413 2.75532e-14 3.02168
30.2871 1.71912e-15 3.06187
30.8316 -2.20689e-14 3.10336
31.3761 -4.96439e-14 3.14447
31.9207 1.19513e-15 3.18505
32.4653 -7.52281e-15 3.22526
33.0099 -6.21692e-14 3.26511
33.5545 4.11947e-14 3.3046
34.0991 2.6255e-14 3.34375
34.6437 5.89485e-15 3.3826
35.1883 2.30466e-14 3.42116
35.728 -4.87589e-15 3.46174
36.2673 -3.37538e-15 3.50209
36.8063 -2.79972e-14 3.54214
37.345 1.57652e-14 3.58191
37.8833 1.94771e-14 3.62142
38.4213 1.40948e-14 3.66065
38.9589 -4.17097e-14 3.69965
39.4961 1.98738e-15 3.73842
40.0328 6.6827e-15 3.77694
40.569 -5.04501e-14 3.81523
41.1046 3.93816e-14 3.85329
41.6359 2.1706e-14 3.89209
42.1642 1.81412e-14 3.9311
42.6919 3.59319e-14 3.96973
43.2188 1.43758e-14 4.00801
43.7451 -5.30931e-14 4.04593
44.2707 6.83654e-15 4.0835
44.7957 2.0195e-14 4.12072
45.3201 -1.50067e-14 4.1576
45.8439 -3.1421e-14 4.19414
46.3672 -1.90478e-14 4.23037
46.8901 7.70044e-14 4.2663
47.4124 -1.8766e-15 4.30195
47.9344 -3.06725e-14 4.33732
48.456 4.81226e-16 4.37245
48.9773 -1.31526e-14 4.40735
49.4985 -3.77517e-14 4.44201
50.0195 -3.91569e-14 4.4765
50.5403 -5.7974e-15 4.51083
51.0608 2.18895e-14 4.54501
51.5812 3.53722e-14 4.57908
52.1015 4.05287e-14 4.61303
52.6216 1.9158e-14 4.64692
53.1417 -5.22048e-14 4.68075
52.6119 2.50202e-14 4.60531
52.0821 -1.67735e-14 4.53003
51.5523 2.58052e-14 4.45497
51.0224 -2.51373e-14 4.38018
50.4924 -1.20776e-14 4.30573
49.9622 -9.84996e-14 4.23164
49.4319 3.468e-14 4.15785
48.9015 -1.92845e-14 4.0845
48.371 4.31598e-14 4.01154
47.8404 4.17033e-14 3.93901
47.3094 1.27559e-14 3.86735
46.7784 -2.21147e-14 3.79596
46.2472 -4.21687e-15 3.72522
45.7155 -1.22253e-14 3.65507
45.1835 -3.98992e-14 3.58623
44.6513 1.03619e-14 3.51824
44.119 -4.47997e-14 3.4505
43.5869 -1.78163e-15 3.38336
43.0547 3.20624e-14 3.31671
42.5225 -1.5197e-14 3.25041
41.9902 -5.84923e-15 3.18494
41.4579 -2.28588e-14 3.12028
40.9255 -2.02028e-14 3.05605
40.393 -1.42384e-14 2.99242
39.8602 6.93527e-15 2.92945
39.3271 -1.36592e-14 2.8674
38.7938 -8.02098e-15 2.80601
38.2603 -3.56082e-15 2.74538
37.7266 2.05045e-15 2.6854
37.1927 -1.57396e-15 2.62624
36.6585 -2.90773e-15 2.56818
36.124 -1.09225e-14 2.51129
35.5891 -2.73123e-14 2.45641
35.0537 -9.57043e-15 2.4046
34.5179 6.35691e-15 2.35599
33.9815 1.81324e-14 2.31058
33.4447 7.19204e-14 2.26781
32.9075 5.27084e-15 2.22706
32.3701 -4.88556e-15 2.18808
31.8325 -9.47988e-15 2.15045
31.2947 -1.45718e-14 2.11338
30.7567 -8.55444e-16 2.07677
30.2186 -1.06001e-14 2.04071
29.6803 -1.43164e-14 2.00495
29.1419 -8.47433e-15 1.96944
28.6034 -9.27312e-15 1.93411
28.0648 -2.9193e-15 1.89902
27.5261 -4.02654e-15 1.86401
26.9874 -1.83943e-14 1.829
26.4485 -4.64798e-15 1.79406
25.9097 -7.90748e-15 1.75921
25.3709 -5.63411e-15 1.72455
24.8322 -3.6004e-15 1.69035
24.2935 -1.36034e-14 1.65669
23.7549 -6.85596e-16 1.62351
23.2162 -1.04075e-14 1.591
22.6776 -9.67042e-16 1.55873
22.1389 -4.96391e-15 1.52651
21.6003 -3.34095e-15 1.49434
21.0617 -4.48781e-15 1.46225
20.5232 -1.75134e-15 1.43021
19.9847 -8.04109e-15 1.3983
19.4462 -3.51695e-15 1.36649
18.9078 -1.89882e-15 1.33478
18.3694 -4.32182e-15 1.30311
17.8311 -4.69954e-18 1.27147
17.2927 -7.99581e-15 1.23991
16.7545 -8.33973e-15 1.20841
16.2163 -6.15253e-15 1.17695
15.6781 -4.88744e-15 1.1456
15.14 5.49055e-16 1.11427
14.602 2.48596e-15 1.08302
14.064 -1.28913e-15 1.05188
13.5261 -5.29529e-15 1.02077
12.9883 -2.55672e-15 0.989656
12.4505 -3.90122e-15 0.958627
11.9128 -1.67695e-15 0.927703
11.3752 -2.7035e-15 0.89675
10.8376 -3.28594e-15 0.865806
10.3002 -3.52581e-15 0.83497
9.76282 -2.28178e-15 0.804159
9.22554 -3.5417e-15 0.773334
8.68836 -2.09998e-15 0.742524
8.15128 -3.95095e-15 0.711813
7.61432 -3.55353e-15 0.681102
7.07747 -3.59322e-15 0.65035
6.54073 -9.6774e-16 0.619588
6.00406 -2.78236e-15 0.588907
5.46748 -1.8533e-15 0.558201
4.93099 -4.79357e-15 0.527462
4.3946 -1.00333e-15 0.496704
3.85826 -4.18905e-15 0.465955
3.32194 -3.29557e-15 0.435192
2.78559 -2.96172e-15 0.404395
2.24915 -1.67149e-15 0.373563
1.7126 -4.3373e-15 0.342713
1.17593 -4.19744e-15 0.31185
0.639084 -2.72319e-15 0.280969
0.102053 -2.94053e-15 0.250083
-0.435151 -2.56696e-15 0.219157
-0.972454 -3.66839e-15 0.188206
-1.50978 -3.39016e-15 0.157193
-2.04694 -2.88764e-15 0.12655
-2.58409 -2.95592e-15 0.0960632
-3.12141 -3.25791e-15 0.0678117
-3.65884 -2.57798e-15 0.0409054
-4.19633 -2.67751e-15 0.0149113
-4.73421 -2.81765e-15 -0.0061607
-5.27227 -1.89687e-15 -0.024916
-5.8106 -1.44643e-15 -0.0412081
-6.34933 -1.30407e-15 -0.0531531
-6.8887 -1.17637e-15 -0.0576985
-7.42849 -1.67692e-15 -0.0575864
-7.96849 -1.142e-15 -0.0562669
-8.50875 -8.02375e-16 -0.0541275
-9.04926 -6.21064e-16 -0.0511046
-9.59005 -1.63571e-15 -0.0472385
-10.1311 -1.17455e-15 -0.042619
-10.6724 -1.21914e-15 -0.0375679
-11.2139 -3.33129e-16 -0.0322391
-11.7555 -1.32204e-14 -0.0266767
-12.2973 -1.748e-15 -0.0208798
-12.8393 -8.66927e-16 -0.014796
-13.3815 -5.22079e-16 -0.00846239
-13.9237 -1.15294e-15 -0.00195618
-14.4662 -6.79456e-16 0.00468186
-15.0088 -1.02056e-15 0.0114248
-15.5515 -7.82583e-16 0.0182351
-16.0943 -1.18705e-15 0.0251124
-16.6373 -1.01375e-15 0.0320392
-17.1804 -1.43588e-15 0.0390067
-17.7237 -1.62802e-15 0.0460304
-18.2671 -1.63928e-15 0.0530731
-18.8107 -9.41054e-16 0.0601357
-19.3544 -8.46371e-16 0.0672237
-19.8983 -1.53289e-15 0.0743417
-20.4423 -1.47389e-15 0.081496
-20.9865 -8.55757e-16 0.0886631
-21.5309 -1.50709e-15 0.0958359
-22.0754 -8.35315e-16 0.103028
-22.6202 -1.094e-15 0.110231
-23.1651 -1.95048e-15 0.117443
-23.7101 -1.60041e-15 0.12468
-24.2554 1.90669e-14 0.131927
-24.8008 -1.89488e-15 0.13918
-25.3464 -1.20567e-15 0.146446
-26.1652 -5.67205e-16 0.157372
-26.7112 -8.92118e-16 0.164674
-27.2574 -1.21763e-15 0.171984
-27.8037 -2.00826e-15 0.179307
-28.3502 -7.2178e-16 0.186642
-28.896 -2.00632e-15 0.193111
-29.4419 5.8736e-15 0.199495
-29.988 -1.10585e-15 0.205918
-30.5341 -3.74049e-17 0.21238
-31.0797 1.11848e-15 0.218675
-31.6237 -3.71643e-16 0.22439
-32.1677 -2.01611e-15 0.230187
-32.7118 -5.67493e-15 0.236075
-33.2557 -5.43371e-15 0.242104
-33.7994 -1.88789e-15 0.248249
-34.3433 5.77196e-15 0.254482
-34.8873 -4.94305e-15 0.260806
-35.4314 -2.85621e-15 0.267217
-35.9756 -2.2025e-15 0.273967
-36.5198 3.89573e-15 0.28085
-37.0642 1.56302e-15 0.287805
-37.6088 -1.30182e-14 0.294838
-38.1534 -4.09693e-15 0.301941
-38.6982 -1.00375e-15 0.309111
-39.2431 -2.75592e-15 0.316393
-39.7882 -8.93101e-16 0.323752
-40.3333 3.13769e-15 0.331171
-40.8785 -1.60827e-15 0.338642
-41.4238 1.90793e-15 0.346187
-41.9698 -3.19868e-16 0.35406
-42.5159 1.75322e-14 0.36198
-43.062 -6.82911e-15 0.369948
-43.6083 5.62476e-15 0.377963
-44.1545 2.09e-15 0.386018
-44.7009 -4.98833e-15 0.39411
-45.2473 -1.31973e-15 0.402238
-45.7937 -1.1215e-14 0.410402
-46.3402 -6.86651e-15 0.418599
-46.8868 1.24034e-15 0.426826
-47.4333 -4.71812e-15 0.435077
-47.9799 -9.24993e-16 0.443329
-48.5264 2.70258e-15 0.451406
-49.073 8.3985e-15 0.459474
-49.6195 -4.52233e-15 0.46754
-50.1661 -1.77221e-15 0.475617
-50.7126 8.64823e-15 0.483728
-51.2592 1.2331e-15 0.49191
-51.8058 -1.36455e-14 0.500107
-52.3524 2.60387e-15 0.508294
-52.8989 -4.3403e-15 0.516469
-53.4455 -1.01371e-14 0.524654
-53.992 -5.10095e-15 0.532824
-54.5386 -3.14562e-15 0.540989
-55.0851 -1.6965e-14 0.549163
-55.6316 -9.06276e-16 0.557343
-55.1004 -2.12363e-15 0.562515
-54.569 -4.97808e-15 0.567296
-54.0373 -5.31668e-15 0.571763
-53.5056 -5.45086e-15 0.576178
-52.9736 4.05298e-15 0.58042
-52.4415 1.68508e-15 0.584493
-51.9091 -7.83887e-15 0.588259
-51.3765 -2.41274e-15 0.591959
-50.8439 -9.41366e-16 0.595533
-50.3109 -4.69291e-15 0.598965
-49.7776 -3.30546e-15 0.602303
-49.2442 4.20407e-15 0.605647
-48.7108 1.6254e-15 0.608978
-48.1772 9.6894e-15 0.612275
-47.6436 -4.68776e-15 0.61555
-47.1098 -4.65342e-15 0.618786
-46.5759 -2.68642e-15 0.62193
-46.0419 -4.87402e-15 0.625043
-45.5078 5.80615e-15 0.628054
-44.9735 -1.27018e-15 0.630978
-44.4391 5.12067e-15 0.633853
-43.9045 -2.1148e-15 0.636642
-43.3698 -1.89707e-15 0.639388
-42.8348 8.26221e-15 0.642058
-42.2997 -2.52796e-15 0.644665
-41.7644 4.82755e-15 0.647211
-41.2288 3.13425e-15 0.649815
-40.693 -3.10548e-15 0.652518
-40.1569 2.63808e-15 0.655177
-39.6206 8.69143e-15 0.658677
-39.0838 -1.17666e-15 0.663177
-38.5465 -3.95897e-15 0.669046
-38.0086 -7.86149e-15 0.675903
-37.4702 -5.75817e-15 0.683623
-36.9315 5.98148e-15 0.691644
-36.3927 8.99722e-15 0.700598
-35.8537 -1.58301e-15 0.709787
-35.3144 2.29517e-15 0.718751
-34.775 -3.09115e-15 0.72758
-34.2354 -1.24568e-15 0.736212
-33.6956 1.15759e-14 0.744595
-33.1557 1.57397e-15 0.752747
-32.6156 1.33854e-15 0.760743
-32.0753 4.39426e-16 0.768592
-31.5349 -6.75246e-17 0.776299
-30.9945 4.07231e-15 0.783968
-30.454 1.44192e-15 0.791921
-29.9136 5.41762e-16 0.801315
-29.3732 6.03309e-15 0.811313
-28.8329 2.35712e-15 0.821829
-28.2926 -1.21543e-15 0.832776
-27.7523 -3.4152e-15 0.844433
-27.212 -5.26091e-15 0.856252
-26.6716 -1.85575e-15 0.868764
-26.1313 2.67244e-16 0.881748
-25.591 5.91453e-15 0.895183
-25.0508 1.39184e-15 0.909237
-24.5107 -2.19267e-15 0.923654
-23.9706 -3.20287e-15 0.938644
-23.4306 -2.60101e-15 0.954075
-22.8907 3.77631e-15 0.969939
-22.3508 -1.08788e-15 0.986399
-21.811 -1.10698e-15 1.00337
-21.2713 4.63173e-15 1.02084
-20.7317 3.09639e-15 1.03863
-20.1921 -3.12056e-15 1.05698
-19.6526 -3.84e-15 1.07554
-19.1131 -3.88068e-15 1.0943
-18.5736 -8.24431e-15 1.11343
-18.0342 1.93915e-15 1.13267
-17.4948 -6.76883e-16 1.15203
-16.9555 5.23775e-16 1.17151
-16.4163 7.77558e-16 1.19107
-15.877 7.65953e-16 1.21068
-15.3378 2.30721e-15 1.23028
-14.7987 -1.03317e-15 1.24985
-14.2596 -2.9992e-15 1.26935
-13.7205 4.55357e-15 1.28879
-13.1814 6.15314e-15 1.30817
-12.6425 -3.15585e-15 1.32752
-12.1035 4.14111e-15 1.34686
-11.5646 1.41167e-14 1.36615
-11.0258 3.01871e-15 1.38544
-10.4869 5.22872e-15 1.40468
-9.94812 8.17939e-16 1.42383
-9.40932 6.34113e-16 1.44292
-8.87057 1.34511e-15 1.46195
-8.33189 6.75706e-16 1.48088
-7.79328 1.62282e-15 1.49976
-7.25476 1.06074e-15 1.51858
-6.71635 2.12624e-15 1.53733
-6.17805 2.54031e-15 1.55602
-5.63984 1.6027e-15 1.57463
-5.10176 1.656e-14 1.59318
-4.56381 1.7468e-15 1.61172
-4.02597 2.40712e-15 1.63019
-3.48823 4.28025e-15 1.64857
-2.95059 4.1341e-15 1.6669
-2.41309 1.55152e-15 1.68522
-1.87575 2.75542e-15 1.70355
