7.85674e-07 7.88392e-16 -0.047144
0.262391 1.95021e-15 -0.0718061
0.53834 -9.79565e-16 -0.0831341
0.800102 -2.04401e-17 -0.0921087
1.04157 8.42705e-16 -0.0973857
1.27635 -6.57891e-16 -0.101263
1.50734 1.01731e-15 -0.104571
1.73703 -2.21516e-16 -0.107568
1.96541 8.6393e-16 -0.110356
2.19299 3.31537e-16 -0.112967
2.42021 9.68017e-16 -0.115454
2.64743 2.6349e-15 -0.117823
2.87461 1.81809e-16 -0.120089
3.10262 -1.16994e-15 -0.122246
3.33457 1.39193e-15 -0.124205
3.57833 1.63713e-15 -0.125637
3.84446 -5.20144e-16 -0.125997
4.12519 4.96662e-16 -0.125385
4.41259 -1.47044e-15 -0.124082
4.70547 -2.7644e-15 -0.122196
4.47855 -7.1678e-16 -0.120533
4.25143 1.9171e-15 -0.118823
4.02416 -1.70554e-15 -0.117068
3.79676 9.20813e-16 -0.115269
3.5692 -3.31021e-16 -0.113421
3.34139 2.73185e-15 -0.111518
3.11322 7.6777e-16 -0.109553
2.88479 -2.62573e-15 -0.10751
2.65579 -9.47832e-16 -0.105357
2.4261 1.13279e-15 -0.103034
2.19516 1.16854e-15 -0.100394
1.96273 1.40119e-15 -0.0972945
1.72773 5.67037e-16 -0.0937318
1.48774 -1.55504e-16 -0.0893935
1.23568 -2.1947e-15 -0.0837629
0.963179 2.05335e-15 -0.0758839
0.683357 6.12456e-16 -0.0661026
0.397851 -1.59144e-15 -0.0527862
0.100914 -7.70009e-16 -0.0386511
-0.183208 -1.09927e-16 -0.0178387
-0.432972 2.62155e-15 0.0119879
-0.693069 -8.78335e-16 0.0538402
-0.942674 5.31405e-15 0.108729
-1.18451 4.5097e-15 0.167393
-1.42238 3.93212e-15 0.226871
-1.65422 1.96942e-16 0.287922
-1.88089 1.93864e-15 0.350286
-2.10527 -3.30114e-15 0.413146
-2.32894 -9.68961e-16 0.476141
-2.55248 -3.06975e-15 0.5392
-2.77671 -1.2478e-15 0.60211
-3.00382 9.31836e-15 0.664373
-3.24018 -3.48986e-15 0.724579
-3.49689 8.24888e-15 0.780031
-3.7709 9.65027e-16 0.830291
-4.04985 -1.20666e-14 0.877019
-4.32989 3.74349e-15 0.920721
-4.61176 1.78264e-15 0.961491
-4.8963 1.34447e-14 0.9993
-4.67339 7.56718e-16 0.935428
-4.4503 -1.16118e-15 0.871617
-4.22712 -1.7679e-15 0.807861
-4.00381 -1.37127e-14 0.744184
-3.78029 3.4281e-15 0.680594
-3.55474 -2.71228e-15 0.617375
-3.32818 -4.36027e-14 0.554461
-3.10015 -4.12924e-15 0.492186
-2.87037 1.63701e-15 0.430449
-2.63822 -7.93043e-15 0.369488
-2.40364 -3.10604e-15 0.309997
-2.16724 1.33384e-15 0.25161
-1.92863 -6.17288e-15 0.194741
-1.68501 -2.49467e-15 0.139458
-1.42836 -2.3177e-15 0.0877394
-1.15851 1.14516e-15 0.0422913
-0.879444 -1.22763e-15 0.00333182
-0.602011 -2.82378e-15 -0.0280548
-0.326565 -9.12943e-16 -0.0511621
-0.0423169 3.29983e-17 -0.0663781
0.234289 -4.26154e-15 -0.0784536
0.504948 -5.34081e-16 -0.0884225
0.777279 -7.82044e-16 -0.0956318
1.04701 1.2327e-16 -0.100104
1.30938 -3.50807e-16 -0.103122
1.5633 1.26279e-16 -0.105597
1.8118 1.21082e-15 -0.107823
2.05929 -1.16003e-15 -0.109675
2.30608 -8.94599e-16 -0.111225
2.55173 -7.60383e-16 -0.112555
2.79709 -1.0113e-15 -0.11366
3.03498 1.69724e-15 -0.115056
3.26886 -1.29436e-16 -0.116583
3.50209 1.18663e-15 -0.118095
3.73761 -3.42828e-16 -0.119408
3.97675 6.72801e-16 -0.120456
4.22148 -1.52689e-15 -0.121119
4.47486 -8.41332e-16 -0.121196
4.74128 -2.3464e-16 -0.120411
5.0237 3.63318e-16 -0.118919
5.31851 1.11283e-16 -0.116543
5.6203 -1.0084e-15 -0.11353
5.9257 6.64178e-16 -0.110131
6.23282 5.01278e-18 -0.106417
6.54128 -9.06179e-16 -0.102435
6.85113 -1.65531e-15 -0.098236
7.16187 -1.24018e-15 -0.0938299
7.47314 1.52595e-15 -0.0892003
7.78544 9.15208e-16 -0.0843519
8.09904 2.58718e-15 -0.0793304
8.41348 -3.62619e-15 -0.0741317
8.72756 -1.35843e-15 -0.06873
9.03924 7.03332e-16 -0.0631725
9.35068 5.04218e-16 -0.0574611
9.66323 -1.16231e-15 -0.0515776
9.97659 3.52085e-15 -0.0455377
10.2908 -1.08522e-18 -0.0392934
10.6055 1.18092e-15 -0.0328524
10.9201 -8.55927e-15 -0.0262843
10.6941 -5.24175e-15 -0.0242554
10.4683 2.65021e-15 -0.0221743
10.2417 1.50979e-15 -0.0201296
10.0139 -2.66147e-15 -0.0181587
9.78436 -4.60874e-15 -0.0163703
9.55468 -2.89957e-15 -0.0145458
9.32153 -5.73505e-15 -0.0129707
9.0866 -9.83449e-16 -0.0114891
8.85141 -2.83103e-15 -0.00994797
8.61586 -5.13021e-15 -0.0083551
8.37829 -2.6519e-15 -0.00685527
8.14037 -6.52012e-15 -0.0053075
7.90215 -2.16241e-15 -0.00370339
7.66299 -4.13101e-15 -0.00211674
7.422 2.00612e-15 -0.000547589
7.18026 -2.51634e-15 0.00110295
6.93724 -4.7016e-15 0.0028132
6.69295 -5.33197e-15 0.00457289
6.44737 -3.25961e-15 0.00637135
6.19954 -2.70483e-15 0.00814762
5.94941 -2.76661e-15 0.0100371
5.69619 -4.45696e-15 0.0120448
5.43823 -3.25811e-15 0.0141598
5.17227 -1.4963e-15 0.0165138
4.89589 -3.07738e-15 0.0190609
4.60632 -4.30832e-15 0.021516
4.30727 -1.52344e-16 0.023856
4.00355 -1.56457e-15 0.0263484
3.69674 -5.19186e-15 0.0286591
3.38658 -3.26533e-15 0.030975
3.07347 -3.71713e-15 0.0336275
2.7606 -7.4313e-16 0.0377573
2.45409 -2.20256e-15 0.0467104
2.1552 1.89866e-15 0.0641971
1.86351 -1.8034e-15 0.0895161
1.58003 -2.86303e-15 0.119667
1.30462 -1.73766e-15 0.154895
1.03717 1.89535e-16 0.194789
0.77436 -1.60081e-15 0.236789
0.515333 -2.0378e-15 0.279452
0.257977 -3.37653e-15 0.321985
-0.0033316 -3.85691e-15 0.364148
-0.272327 -8.61072e-17 0.405329
-0.550356 -3.37387e-15 0.445809
-0.833811 -2.40158e-15 0.485104
-1.12127 -1.04332e-15 0.523746
-1.41204 -2.5807e-15 0.561548
-1.70467 -1.63204e-15 0.598841
-1.99801 4.22103e-16 0.635329
-2.29177 -3.8875e-15 0.671182
-2.58607 -3.93116e-15 0.706691
-2.88094 -4.24317e-15 0.741958
-3.17711 -2.6758e-15 0.777535
-3.4749 -2.62247e-15 0.813011
-3.7737 -1.04629e-15 0.84794
-4.07366 4.43096e-17 0.882376
-4.36394 7.6055e-15 0.922
-4.63006 2.06862e-16 0.971297
-4.88955 -7.43944e-15 1.01996
-5.15326 -3.32884e-15 1.06403
-5.42159 2.4264e-15 1.10332
-5.69307 -3.92694e-16 1.1392
-5.96615 -5.01295e-15 1.17261
-6.24031 1.64342e-15 1.20402
-6.51557 3.08298e-15 1.23408
-6.79113 -6.15771e-15 1.26297
-7.06634 5.14485e-15 1.29065
-7.34219 1.33103e-14 1.31754
-7.61921 -1.04212e-14 1.34416
-7.89671 6.31754e-15 1.37071
-8.17381 2.03196e-14 1.39709
-8.45082 1.21632e-15 1.42351
-8.72891 -7.39666e-15 1.45054
-9.00879 -1.18183e-14 1.47858
-9.29049 -1.84251e-14 1.50765
-9.57352 -1.97301e-15 1.5376
-9.85753 1.51252e-14 1.56814
-10.1412 1.71006e-14 1.59898
-10.4245 5.73477e-15 1.63003
-10.2003 1.01851e-14 1.56802
-9.97423 5.65683e-15 1.50658
-9.74556 -6.4909e-15 1.44572
-9.51563 5.45883e-16 1.38547
-9.28307 -6.37526e-15 1.32603
-9.04812 2.54065e-15 1.2675
-8.81231 5.906e-15 1.20946
-8.57583 -6.66394e-15 1.15194
-8.33957 7.07695e-15 1.09505
-8.103 8.23801e-15 1.0384
-7.86684 5.41679e-15 0.982325
-7.63019 9.77839e-16 0.926576
-7.39308 4.22919e-15 0.87129
-7.15535 5.06356e-15 0.816537
-6.91684 1.19304e-14 0.762296
-6.6773 3.95119e-15 0.708588
-6.4374 4.31493e-15 0.655633
-6.19689 2.77532e-15 0.603376
-5.95471 3.8298e-15 0.551898
-5.71106 -9.43689e-16 0.501241
-5.46558 2.49214e-15 0.451473
-5.2174 4.34075e-15 0.402755
-4.96571 2.95005e-15 0.355031
-4.70788 3.3722e-15 0.308817
-4.43904 4.68721e-15 0.264555
-4.1553 1.92461e-15 0.224173
-3.86491 2.14119e-15 0.186749
-3.5704 2.47193e-15 0.150898
-3.27188 2.00626e-15 0.116427
-2.97133 2.47418e-15 0.083544
-2.67333 3.12245e-15 0.0534392
-2.37639 3.95216e-15 0.0253687
-2.07952 1.77194e-15 -0.00111672
-1.78507 1.2851e-15 -0.0255776
-1.49372 2.11077e-15 -0.0470468
-1.20546 -9.47768e-16 -0.0654179
-0.924643 3.03839e-16 -0.0784857
-0.645851 8.17729e-16 -0.0867951
-0.368759 4.12665e-16 -0.0921109
-0.0901204 5.72434e-16 -0.0953229
0.188841 5.74688e-16 -0.0970231
0.465315 7.87738e-16 -0.0979804
0.740197 3.01824e-16 -0.0985335
1.01398 3.32827e-16 -0.098841
1.2888 3.55355e-16 -0.0990109
1.56316 1.14131e-16 -0.0990198
1.83643 -3.73215e-16 -0.0988661
2.10892 1.53805e-16 -0.0985364
2.38174 7.24987e-17 -0.0980319
2.6547 1.00682e-16 -0.0973305
2.92878 2.21429e-16 -0.0963767
3.20392 -2.72487e-16 -0.0951324
3.47849 2.40796e-16 -0.0935685
3.75372 2.60343e-16 -0.0916909
4.02973 -3.26062e-16 -0.0894879
4.30737 1.90112e-16 -0.086987
4.58809 1.01888e-16 -0.0841972
4.86964 -1.05955e-16 -0.0811473
5.15205 -1.68504e-16 -0.0778552
5.43541 -2.0922e-16 -0.0743342
5.72025 2.58354e-16 -0.0706058
6.01004 -4.20161e-17 -0.0666968
6.29994 1.01825e-16 -0.0626607
6.58185 9.28452e-16 -0.0592208
6.86707 1.33707e-16 -0.0564657
7.1526 -6.44331e-16 -0.0536344
7.43854 1.40024e-16 -0.0507067
7.726 -2.6688e-15 -0.0475925
8.01489 -2.5587e-15 -0.0442821
8.30532 -1.41081e-16 -0.0408078
8.59725 -2.04076e-16 -0.0371285
8.89055 7.03802e-16 -0.0332484
9.18516 -4.67263e-15 -0.0291656
9.48095 4.38149e-15 -0.0248619
9.77774 3.1982e-15 -0.0203211
10.0756 4.4152e-16 -0.0155229
10.3744 -5.16784e-15 -0.0104452
10.6749 5.01103e-16 -0.00502875
10.9769 5.23047e-16 0.00077634
11.2806 -1.03164e-15 0.00695932
11.5863 1.37564e-15 0.0134852
11.8936 -6.68895e-15 0.020264
12.2024 -7.30779e-16 0.0272323
12.5131 5.58048e-16 0.0342122
12.825 -2.04497e-15 0.0413131
13.1376 4.11696e-15 0.048504
13.4507 1.64243e-15 0.0557527
13.7641 1.06628e-15 0.0631596
14.077 1.45304e-15 0.0705934
14.389 1.55512e-15 0.0780482
14.6998 1.28706e-15 0.0855252
15.0102 2.61905e-15 0.093046
15.4754 3.6027e-16 0.104417
15.7858 3.70422e-15 0.11221
16.096 6.20572e-16 0.120037
16.4056 2.67886e-15 0.127877
16.7133 7.72593e-16 0.135703
17.0166 -6.02906e-15 0.143468
17.3092 -1.10775e-15 0.15107
17.5913 -2.88713e-15 0.158508
17.8708 1.29546e-15 0.165961
18.1504 2.28569e-15 0.173516
18.4301 3.02136e-15 0.181089
18.7099 4.31583e-15 0.188683
18.9899 -1.48701e-15 0.196312
19.2701 4.10558e-15 0.203977
19.5504 8.0207e-17 0.21166
19.8308 3.98981e-15 0.21935
20.1113 -2.62961e-15 0.227045
20.3918 -4.45865e-16 0.234743
20.6724 3.25531e-15 0.242443
20.953 1.3755e-15 0.250142
21.2337 -9.91461e-16 0.25784
21.5145 1.70543e-15 0.265538
21.7953 2.98947e-15 0.273235
22.0762 -2.2019e-16 0.280944
22.3572 4.37596e-15 0.28866
22.6382 -2.17133e-15 0.296376
22.9194 -3.36037e-15 0.304094
23.2006 -2.36539e-15 0.311813
22.9756 1.46627e-15 0.313958
22.7507 -2.57831e-15 0.316105
22.5259 -2.09168e-15 0.318251
22.3003 5.0507e-16 0.320284
22.0722 4.8804e-15 0.322041
21.8429 -1.24762e-15 0.323719
21.6127 -8.5791e-16 0.325355
21.3807 -3.37333e-15 0.326883
21.1485 1.58031e-15 0.3284
20.9144 3.41826e-15 0.329814
20.6795 -5.68382e-16 0.331195
20.4435 3.12165e-15 0.332616
20.2063 3.56136e-16 0.333968
19.9686 -8.38016e-15 0.335302
19.7299 -1.85034e-15 0.336567
19.4906 1.28984e-15 0.337784
19.2514 5.95493e-16 0.338929
19.0122 1.19533e-15 0.340043
18.7732 4.23657e-15 0.341132
18.5338 -1.72052e-16 0.342253
18.2931 9.12591e-16 0.343468
18.0513 -1.14583e-15 0.344667
17.8096 -1.72116e-15 0.345875
17.5669 3.88863e-16 0.347089
17.3231 1.81184e-15 0.348347
17.0782 -3.10134e-16 0.34975
16.831 9.80872e-16 0.35118
16.5821 8.69357e-16 0.352739
16.3309 4.38964e-16 0.354324
16.0762 2.41506e-16 0.355999
15.817 -3.54506e-15 0.357735
15.5523 2.31639e-16 0.359351
15.2777 2.91179e-16 0.360573
14.9947 1.87989e-15 0.361565
14.7034 2.52608e-15 0.362519
14.4067 3.26292e-16 0.363464
14.1059 4.85473e-16 0.36425
13.8017 1.06987e-15 0.365013
13.4946 1.254e-15 0.365941
13.1857 -2.46142e-17 0.367399
12.8761 1.56296e-15 0.369738
12.5664 6.00567e-16 0.37374
12.2577 2.93255e-15 0.380396
11.9501 1.44177e-15 0.389124
11.6445 2.04069e-15 0.400565
11.3404 2.30612e-15 0.413218
11.0371 2.00025e-15 0.426293
10.7338 2.76925e-15 0.439647
10.4305 3.46942e-15 0.453216
10.1271 1.32146e-16 0.466942
9.82335 5.39744e-15 0.480767
9.51902 1.23568e-14 0.494808
9.21351 5.46137e-15 0.509249
8.9062 2.5236e-15 0.524132
8.59824 1.71914e-15 0.539011
8.29017 3.42444e-15 0.553753
7.98202 4.02414e-15 0.568344
7.67382 2.17021e-15 0.582806
7.36569 1.62482e-15 0.597162
7.05772 2.65361e-15 0.611463
6.75005 2.56537e-15 0.625876
6.44291 3.72665e-15 0.640708
6.13631 2.5731e-15 0.656177
5.82995 4.48171e-15 0.671996
5.52364 2.53681e-15 0.687861
5.21714 3.66696e-15 0.703822
4.91075 4.79427e-15 0.719848
4.6046 2.229e-15 0.735818
4.29826 2.41148e-15 0.751622
3.99209 3.0016e-15 0.767335
3.68646 3.37983e-15 0.782967
3.38108 2.73015e-15 0.798513
3.07607 2.9051e-15 0.813876
2.77498 7.06581e-15 0.830566
2.47718 3.2695e-15 0.848305
2.18016 3.38608e-15 0.865943
1.8835 1.27472e-15 0.883734
1.58681 2.29145e-15 0.901843
1.29138 2.01874e-15 0.920223
0.997156 1.50732e-15 0.939025
0.704447 3.45479e-15 0.958478
0.412542 2.82722e-15 0.978925
0.12141 4.16061e-15 1.00113
-0.168302 2.53549e-15 1.02489
-0.457019 2.23697e-15 1.04892
-0.745527 2.12772e-15 1.073
-1.03398 2.61412e-15 1.09694
-1.32278 1.16104e-15 1.12064
-1.61243 9.49481e-16 1.14417
-1.9034 1.498e-15 1.16756
-2.19579 1.67287e-15 1.19086
-2.48957 2.37265e-15 1.21405
-2.78475 5.23384e-16 1.23714
-3.08116 1.58655e-15 1.26015
-3.37836 2.04084e-15 1.28314
-3.6759 4.34852e-16 1.30618
-3.97357 2.71615e-15 1.32931
-4.2712 2.47854e-15 1.35257
-4.56884 2.94626e-15 1.37594
-4.86644 2.42005e-15 1.39946
-5.16369 -4.82897e-17 1.4232
-5.46048 1.03692e-15 1.44723
-5.75672 -4.61183e-16 1.47162
-6.05244 1.01897e-16 1.49637
-6.34766 2.62102e-15 1.52147
-6.64247 -1.29357e-15 1.54682
-6.93691 -1.05385e-15 1.57234
-7.23108 1.1165e-15 1.59799
-7.52498 7.80771e-16 1.62372
-7.8187 -1.53572e-14 1.64951
-8.11232 2.05367e-15 1.67531
-8.40586 2.52287e-15 1.70108
-8.69942 2.47792e-15 1.72668
-8.99164 8.23864e-16 1.75225
-9.26218 1.66524e-15 1.77942
-9.53222 2.89904e-16 1.80618
-9.80185 -3.64525e-15 1.83239
-10.0712 -1.90675e-15 1.85811
-10.3401 5.31908e-16 1.88336
-10.6084 -1.86211e-15 1.90806
-10.8735 -5.8665e-17 1.93817
-11.14 7.21502e-16 1.97008
-11.4059 1.43846e-15 2.00141
-11.6764 -2.1585e-15 2.03316
-11.9447 3.50554e-15 2.06436
-12.2078 -1.65376e-14 2.09494
-12.4694 -1.72551e-15 2.12484
-12.7303 2.54864e-15 2.15427
-12.9907 5.98168e-16 2.18344
-13.2509 1.6082e-15 2.2125
-13.5111 7.29581e-15 2.24148
-13.7695 1.03671e-14 2.27033
-14.1576 3.15899e-15 2.31356
-14.4168 -6.48527e-15 2.34234
-14.6761 -5.57797e-16 2.37108
-14.9356 2.23311e-15 2.39978
-15.1953 -6.84147e-15 2.42846
-15.4552 -7.95087e-16 2.45713
-15.7153 5.04286e-15 2.48581
-15.9758 -1.7394e-15 2.51439
-16.2367 -2.30387e-15 2.5428
-16.4978 -3.91384e-15 2.57122
-16.7592 -1.56755e-14 2.59968
-17.0209 5.61911e-15 2.62819
-17.2828 3.10795e-14 2.65675
-17.545 4.41574e-15 2.68534
-17.8075 7.75552e-15 2.71396
-18.0702 2.00379e-15 2.7426
-18.3331 -5.44847e-15 2.77126
-18.5971 -6.71925e-16 2.7997
-18.8615 -7.97272e-15 2.82814
-19.1261 -2.00648e-14 2.85666
-19.3909 -9.30993e-15 2.88523
-19.6561 9.50056e-15 2.91387
-19.9219 -1.73303e-15 2.94249
-20.1881 7.01068e-15 2.97105
-20.4548 6.72817e-15 2.99959
-20.7217 -2.12129e-14 3.02814
-20.9887 1.38844e-14 3.05673
-21.256 -6.19947e-15 3.08539
-21.5234 -1.30636e-15 3.1141
-21.2999 -3.26719e-15 3.05295
-21.0735 -8.79298e-15 2.9924
-20.8463 -3.96185e-15 2.93213
-20.6178 1.89561e-14 2.87234
-20.388 8.67102e-15 2.81309
-20.155 -2.08501e-15 2.75475
-19.9205 -1.20473e-14 2.69719
-19.6858 6.78465e-15 2.64046
-19.4512 -2.1378e-15 2.58436
-19.2175 1.24657e-14 2.52903
-18.9841 -3.75536e-15 2.47434
-18.7501 6.07508e-15 2.41987
-18.5155 1.26102e-14 2.36567
-18.2801 -1.36312e-15 2.31171
-18.0442 5.80653e-15 2.25812
-17.8074 2.93254e-15 2.20494
-17.5698 -9.5544e-16 2.15225
-17.331 8.43202e-16 2.1001
-17.0911 1.04934e-16 2.04837
-16.8501 -4.77172e-15 1.99707
-16.6078 3.10599e-15 1.94625
-16.3642 -1.57307e-15 1.89586
-16.1193 2.26717e-15 1.84611
-15.8728 3.99161e-16 1.79714
-15.6248 2.79705e-15 1.74876
-15.3745 6.96793e-16 1.70101
-15.1223 8.50858e-15 1.65406
-14.8674 2.15809e-15 1.60792
-14.6091 2.03907e-15 1.56299
-14.3457 5.08256e-15 1.51948
-14.0765 -5.73749e-15 1.47787
-13.8026 5.26465e-15 1.43893
-13.5239 4.13838e-15 1.40218
-13.2391 2.90084e-15 1.36815
-12.9524 9.57527e-16 1.33538
-12.6639 8.4803e-16 1.30353
-12.3738 2.51801e-15 1.27226
-12.0822 3.00198e-15 1.24144
-11.7896 1.36155e-15 1.21115
-11.4964 1.55719e-15 1.18143
-11.2029 1.6668e-15 1.15234
-10.9093 3.03571e-15 1.12374
-10.6151 3.47124e-15 1.09572
-10.3204 3.81154e-16 1.06823
-10.0255 -1.276e-15 1.04117
-9.73121 4.37679e-15 1.01462
-9.43878 -7.8902e-16 0.988979
-9.14717 1.32466e-15 0.96371
-8.8556 1.84041e-15 0.93897
-8.56453 -2.55224e-16 0.914331
-8.27356 8.24832e-16 0.89001
-7.98274 2.14343e-15 0.866021
-7.69269 2.13191e-15 0.842334
-7.40325 9.40116e-16 0.818628
-7.11433 3.14029e-15 0.794945
-6.82582 2.41007e-15 0.771302
-6.53771 3.1742e-15 0.747635
-6.2499 1.33631e-15 0.723989
-5.96235 2.70855e-15 0.700332
-5.67515 2.9573e-15 0.676618
-5.38843 2.87843e-15 0.65289
-5.10208 2.58403e-15 0.629114
-4.8161 1.66154e-15 0.60523
-4.5303 2.61495e-15 0.581354
-4.24469 2.53875e-15 0.557372
-3.95897 2.31222e-15 0.533344
-3.67335 2.74606e-15 0.509311
-3.38764 2.41399e-15 0.485295
-3.10173 2.75478e-15 0.461339
-2.81554 3.26186e-15 0.437457
-2.5292 2.2566e-15 0.413687
-2.24289 3.11969e-15 0.389924
-1.95678 3.63036e-15 0.366103
-1.67081 2.60347e-15 0.342211
-1.38491 2.99426e-15 0.318267
-1.09897 2.61745e-15 0.294293
-0.812932 2.61706e-15 0.270279
-0.526822 2.75726e-15 0.246189
-0.240618 2.4646e-15 0.22206
0.0456193 2.69433e-15 0.197917
0.331834 3.0953e-15 0.173723
0.618093 1.30376e-15 0.149498
0.90447 3.21036e-15 0.125271
1.19104 2.55315e-15 0.101063
1.4778 2.28325e-15 0.0768848
1.76445 2.2226e-15 0.0529353
2.04679 2.57295e-15 0.0308537
2.32883 2.06673e-15 0.0102683
2.6088 2.0178e-15 -0.00551119
2.888 1.78333e-15 -0.0180343
3.1673 2.00035e-15 -0.0276101
3.4434 2.21417e-15 -0.0307354
3.71722 6.84338e-16 -0.0311117
3.98882 6.72086e-16 -0.029977
4.26003 7.13987e-16 -0.0283072
4.53089 4.4055e-16 -0.0261131
4.80159 5.40329e-16 -0.0236026
5.07246 5.05075e-16 -0.0207739
5.34368 7.09595e-16 -0.017791
5.61542 5.87544e-16 -0.014661
5.88771 5.81396e-16 -0.0113543
6.16056 6.69954e-16 -0.00783629
6.43407 5.79522e-16 -0.0040662
6.70814 6.16697e-16 -3.78318e-05
6.98248 6.04355e-16 0.00422494
7.25704 5.99474e-16 0.00869849
7.53172 5.29055e-16 0.0133598
7.80641 7.42507e-16 0.0181928
8.08099 9.64851e-16 0.0231772
8.35534 5.7516e-16 0.0282831
8.62936 4.97327e-16 0.0335049
8.90304 7.52106e-16 0.0388219
9.17636 8.78107e-16 0.0442283
9.44927 7.52665e-16 0.0497251
9.72174 6.63768e-16 0.0552894
9.99383 1.00989e-15 0.0609309
10.2655 6.9558e-16 0.0666442
10.5369 7.90421e-16 0.0724211
10.8079 7.45678e-16 0.078266
11.0785 7.41448e-16 0.0841697
11.3488 6.73174e-16 0.0901348
11.6188 -3.32948e-16 0.0961328
11.8893 1.29655e-16 0.101603
12.1621 1.83717e-15 0.107134
12.435 -2.62002e-16 0.112736
12.7112 3.22718e-15 0.118343
12.9876 -3.75252e-16 0.124047
13.268 -9.96801e-16 0.129867
13.5507 4.05064e-18 0.135731
13.8336 1.00207e-15 0.141681
14.1138 1.69167e-15 0.147587
14.3911 1.29476e-15 0.153296
14.6739 2.5218e-15 0.159154
14.9572 4.18902e-15 0.165114
15.2407 1.40327e-15 0.171181
15.6664 -7.41543e-16 0.180469
15.9505 -2.89921e-16 0.186779
16.2361 -8.96875e-16 0.193199
16.5272 2.57841e-15 0.199773
16.8182 4.15615e-15 0.20643
17.1097 7.96838e-16 0.213169
17.4013 1.90625e-15 0.21999
17.6928 9.24943e-15 0.226889
17.9844 8.17778e-16 0.233864
18.276 8.95514e-16 0.240911
18.5675 -2.38555e-16 0.248025
18.8589 -2.88164e-16 0.255201
19.1557 1.00353e-15 0.262514
19.4524 9.12847e-16 0.269889
19.749 3.58495e-15 0.277319
20.0453 1.54756e-16 0.284804
20.3414 7.59318e-16 0.292351
20.6372 -2.66207e-15 0.299947
20.9326 5.42628e-15 0.307585
21.2276 -2.56809e-15 0.315262
21.5221 -4.84028e-16 0.322976
21.8162 3.37644e-15 0.330725
22.1098 -4.65689e-15 0.338506
22.4041 6.91847e-16 0.346329
22.6981 -4.57978e-17 0.35418
22.9913 -3.74412e-15 0.362052
23.2837 5.09046e-16 0.369983
23.5752 1.06233e-15 0.377963
23.8658 3.96465e-15 0.385958
24.1555 -8.89195e-16 0.393966
24.4444 4.43256e-15 0.401987
24.7325 2.10666e-15 0.410019
25.0199 1.72435e-15 0.418061
25.3066 -2.27873e-15 0.426124
25.5927 -4.67509e-16 0.434201
25.8782 1.38739e-15 0.442288
26.1631 -2.39222e-16 0.45038
26.4477 -4.14234e-16 0.458451
26.7327 -1.47148e-15 0.46636
27.0176 2.77422e-15 0.474172
27.3022 4.80461e-15 0.481988
27.5865 -1.33183e-15 0.489794
27.8706 -1.72599e-15 0.497596
28.1544 2.13943e-17 0.505396
28.4382 -6.84361e-16 0.513201
28.7218 1.70597e-15 0.521012
28.4965 -2.74436e-17 0.52337
28.2714 2.67084e-15 0.525798
28.0462 -5.45352e-15 0.528339
27.8193 5.40677e-15 0.530648
27.5911 3.15995e-15 0.532808
27.3613 9.17717e-15 0.534843
27.1305 1.98824e-15 0.536805
26.898 1.37395e-15 0.538659
26.6644 -3.41569e-15 0.540451
26.4294 3.71669e-15 0.542158
26.1924 6.19128e-15 0.543862
25.9548 1.82323e-14 0.54561
25.716 6.14241e-16 0.54726
25.4773 3.61834e-15 0.548868
25.2396 -1.01369e-15 0.55044
25.0025 2.72922e-15 0.55198
24.7647 6.45612e-15 0.553467
24.5272 2.4274e-15 0.554919
24.2894 4.36318e-15 0.55632
24.0509 2.77232e-15 0.557702
23.8127 1.08165e-15 0.559072
23.5747 -8.08461e-17 0.560458
23.3355 1.59e-15 0.561849
23.0943 2.45279e-15 0.563167
22.8508 1.57403e-15 0.564466
22.6042 1.5551e-15 0.565738
22.3558 1.82909e-15 0.567002
22.1055 2.49558e-15 0.568268
21.8536 2.43794e-16 0.569567
21.5998 -4.88018e-16 0.570965
21.3433 8.98512e-16 0.572528
21.0839 1.37742e-15 0.574247
20.8204 3.79143e-15 0.576788
20.5521 3.73389e-15 0.581122
20.2773 3.3107e-16 0.586955
19.9966 -4.48921e-15 0.594567
19.7101 -1.99217e-14 0.602981
19.4194 -6.0288e-16 0.611907
19.1259 2.53388e-15 0.621948
18.8302 5.22703e-15 0.632666
18.5328 3.83048e-15 0.64322
18.2338 9.36336e-16 0.653619
17.9331 3.97383e-15 0.663933
17.6311 4.59152e-15 0.674022
17.328 3.26311e-15 0.683896
17.0241 3.71873e-15 0.693588
16.7192 1.61729e-15 0.70307
16.4137 2.12189e-15 0.712341
16.1078 5.94568e-15 0.721423
15.8015 1.83533e-15 0.730431
15.4951 2.77974e-15 0.73948
15.1889 1.99109e-15 0.748837
14.8833 2.00588e-15 0.759123
14.5779 4.51983e-15 0.77042
14.2721 1.36014e-15 0.782458
13.9652 5.1583e-15 0.795346
13.658 1.49631e-15 0.808522
13.351 2.73161e-15 0.821783
13.0443 1.60994e-15 0.835143
12.738 2.09932e-15 0.848683
12.4321 9.06462e-16 0.862365
12.1267 3.57133e-15 0.876303
11.8218 1.82274e-15 0.890452
11.5173 1.22399e-15 0.904816
11.2131 2.36716e-15 0.919259
10.9092 1.35094e-15 0.933783
10.6056 3.58997e-15 0.948495
10.3024 3.12647e-15 0.963365
9.9995 3.38741e-15 0.97834
9.69693 2.45559e-15 0.993552
9.39466 4.88456e-17 1.00882
9.09267 -3.99107e-16 1.02423
8.79085 1.73135e-15 1.03984
8.48941 4.3275e-15 1.05552
8.1883 2.13247e-15 1.07122
7.88734 2.53789e-15 1.08703
7.5864 1.5599e-15 1.10299
7.286 1.98596e-15 1.11891
6.98596 1.95794e-15 1.13479
6.68592 2.09493e-15 1.15063
6.3861 1.4426e-15 1.16639
6.08684 2.04397e-15 1.1821
5.78809 1.43668e-15 1.19776
5.48956 2.10981e-15 1.21327
5.19156 2.22843e-15 1.22875
4.89407 1.47487e-15 1.24419
4.597 5.75052e-16 1.25955
4.30018 1.44323e-15 1.27473
4.00386 8.61747e-16 1.28983
3.70793 1.19524e-15 1.30488
3.4124 9.84499e-16 1.31985
3.11724 1.35566e-15 1.33469
2.82233 1.03308e-15 1.34945
2.52752 1.26855e-15 1.36412
2.23292 1.75187e-15 1.37866
1.93863 1.11519e-15 1.3931
1.64463 9.48433e-16 1.40746
1.35088 6.95742e-16 1.42171
1.05728 7.55678e-16 1.43587
0.763814 6.36519e-16 1.44995
0.47034 1.14596e-15 1.46402
0.176901 4.98419e-16 1.47807
-0.112334 8.96282e-16 1.49275
-0.400462 6.7877e-16 1.50762
-0.687294 1.21346e-15 1.52349
-0.973407 1.40848e-15 1.53992
-1.25944 9.3313e-16 1.55663
-1.54638 1.57355e-15 1.57506
-1.8327 1.16538e-15 1.59429
-2.11762 1.26112e-15 1.61438
-2.40189 8.56152e-16 1.63581
-2.68445 1.46362e-15 1.65944
-2.96556 2.03538e-15 1.68427
-3.24665 1.1813e-15 1.7092
-3.52843 5.38663e-16 1.73409
-3.81139 5.42538e-16 1.75894
-4.09606 1.87627e-15 1.78371
-4.38221 1.17288e-15 1.8084
-4.66916 1.46457e-15 1.83295
-4.95672 3.21327e-16 1.85735
-5.24476 6.13633e-14 1.88162
-5.53335 2.30302e-15 1.90574
-5.82272 1.26948e-16 1.92974
-6.1126 6.08585e-17 1.95361
-6.4026 7.24859e-17 1.97737
-6.69251 1.45301e-16 2.00102
-6.98223 4.10105e-20 2.02453
-7.27164 -7.28015e-16 2.04793
-7.56075 1.2685e-15 2.07121
-7.84952 2.39038e-16 2.09437
-8.13791 1.29026e-15 2.1174
-8.42602 4.48884e-16 2.1403
-8.71374 1.61445e-15 2.16306
-9.00107 1.70923e-16 2.18568
-9.28808 4.39451e-16 2.20816
-9.57474 1.67909e-15 2.23051
-9.86113 2.45208e-16 2.25274
-10.1472 -1.57631e-16 2.27485
-10.4329 1.40552e-16 2.29686
-10.7183 -3.43498e-16 2.31876
-11.0034 6.12899e-16 2.34055
-11.2882 1.4264e-15 2.36222
-11.5729 1.35364e-15 2.38377
-11.8573 -8.03686e-14 2.4052
-12.1416 6.56303e-16 2.42654
-12.4256 5.06717e-17 2.4478
-12.8513 -8.04556e-16 2.47956
-13.135 -6.74601e-16 2.50066
-13.4185 1.54166e-15 2.52169
-13.7019 2.31088e-15 2.54265
-13.9852 3.87089e-16 2.56353
-14.2552 2.10519e-15 2.58728
-14.5235 -2.38943e-14 2.61122
-14.7918 1.56954e-16 2.63515
-15.06 -2.79798e-15 2.65913
-15.3234 -8.44496e-15 2.68414
-15.5711 -2.94169e-15 2.71201
-15.8189 4.10721e-16 2.73972
-16.0669 1.23723e-14 2.76731
-16.3169 1.44717e-14 2.79537
-16.5679 3.1104e-15 2.82355
-16.8191 -1.89588e-14 2.8516
-17.0706 1.00145e-14 2.87953
-17.3222 2.82468e-15 2.90736
-17.5766 2.34253e-15 2.93555
-17.8317 -1.04077e-14 2.96374
-18.087 -7.80118e-15 2.99182
-18.3426 3.97624e-14 3.01981
-18.5983 8.74265e-15 3.04773
-18.8542 2.07718e-15 3.07558
-19.1104 2.71306e-15 3.1034
-19.3668 -2.04767e-15 3.13119
-19.6235 -1.1017e-14 3.15897
-19.8808 -4.08296e-16 3.18664
-20.1387 -3.45232e-15 3.2143
-20.3985 -4.63387e-15 3.24236
-20.6585 -4.33138e-14 3.27044
-20.9188 1.54833e-14 3.29857
-21.1792 -1.7457e-14 3.32675
-21.4398 -5.56155e-15 3.35501
-21.7011 8.28714e-15 3.38324
-21.9629 -4.13086e-15 3.41149
-22.2251 1.98545e-14 3.43978
-22.4875 1.38375e-14 3.46814
-22.7501 -4.07777e-15 3.49659
-23.0129 1.53095e-14 3.52509
-23.2759 -8.71542e-15 3.55366
-23.5401 -9.90139e-15 3.58229
-23.8048 -1.9841e-14 3.61097
-24.0696 9.2229e-15 3.63971
-24.3347 -3.26188e-15 3.66849
-24.5999 -1.67829e-14 3.69733
-24.8654 -5.7275e-15 3.72626
-25.1311 1.74419e-14 3.75527
-25.397 -7.4669e-15 3.78438
-25.6632 6.18608e-15 3.81355
-25.9296 1.60262e-14 3.84278
-26.1961 8.83395e-15 3.87205
-26.4628 9.59005e-15 3.90138
-26.7296 2.83555e-14 3.93076
-26.9966 -9.72711e-15 3.96016
-26.776 -3.02486e-15 3.89917
-26.5522 -3.81851e-15 3.8386
-26.326 7.09602e-15 3.77859
-26.0991 1.17111e-14 3.71887
-25.8705 9.0568e-16 3.65979
-25.6396 1.72983e-15 3.60137
-25.4055 1.13074e-14 3.54392
-25.1703 -2.18876e-15 3.48706
-24.9345 1.59591e-15 3.43063
-24.6994 2.41044e-15 3.37502
-24.4653 3.1907e-15 3.32023
-24.2306 -7.23463e-15 3.26572
-23.9954 -4.3125e-15 3.21146
-23.7595 -1.81049e-14 3.15749
-23.5228 4.73862e-15 3.10383
-23.2853 3.34833e-15 3.05046
-23.047 1.9943e-15 2.99737
-22.8077 6.40393e-15 2.9447
-22.5674 -1.01622e-14 2.89243
-22.3261 1.33254e-15 2.84061
-22.0836 -6.13681e-15 2.78924
-21.8398 2.85101e-15 2.7383
-21.5948 3.22835e-15 2.68781
-21.3486 -1.13156e-14 2.63779
-21.1009 -1.42935e-15 2.58835
-20.8513 -3.13652e-15 2.53963
-20.6 -1.1903e-15 2.49156
-20.3467 5.85728e-15 2.4442
-20.091 -3.10173e-15 2.3975
-19.8327 -1.02599e-14 2.35186
-19.5693 -2.82977e-15 2.30785
-19.2999 -3.73925e-17 2.26576
-19.0214 4.62197e-15 2.22676
-18.7387 4.6253e-15 2.19011
-18.4533 -3.85325e-15 2.15491
-18.1665 -4.70244e-15 2.12123
-17.878 6.99282e-16 2.0885
-17.5882 -8.54666e-16 2.05627
-17.297 3.48559e-16 2.02455
-17.0046 7.75036e-16 1.99328
-16.711 -5.18978e-15 1.96247
-16.4167 -5.03042e-16 1.93206
-16.122 -5.94268e-17 1.9021
-15.8271 3.54122e-16 1.87259
-15.5323 -1.84604e-15 1.84343
-15.2377 3.20386e-16 1.81455
-14.9431 -6.96437e-16 1.78606
-14.6502 1.06583e-15 1.75815
-14.3578 -3.65814e-16 1.73056
-14.0661 -7.14242e-16 1.70325
-13.7747 1.77405e-15 1.67625
-13.4832 2.36156e-15 1.64966
-13.192 2.75274e-15 1.62316
-12.9002 1.15711e-15 1.59711
-12.6083 9.07724e-16 1.57133
-12.3171 -1.28656e-15 1.54561
-12.0271 5.46116e-16 1.51995
-11.7378 1.61185e-15 1.49426
-11.4491 1.39084e-15 1.46862
-11.161 1.75303e-15 1.44298
-10.8733 -2.07002e-16 1.41729
-10.5862 2.28038e-15 1.39161
-10.2997 9.41567e-16 1.36587
-10.0137 1.58098e-17 1.34008
-9.72821 1.39125e-15 1.31421
-9.44309 1.48567e-15 1.28831
-9.15816 2.78203e-15 1.26233
-8.87332 2.48311e-15 1.23629
-8.58836 3.83293e-15 1.21029
-8.30314 1.50362e-15 1.1843
-8.01738 1.98458e-15 1.15841
-7.73122 7.1809e-16 1.13261
-7.44465 9.3734e-16 1.10687
-7.15773 1.26591e-15 1.08117
-6.87081 3.65158e-15 1.0554
-6.58402 2.46456e-15 1.02952
-6.29734 2.88832e-15 1.0035
-6.01077 1.92858e-15 0.977336
-5.72429 1.78635e-15 0.951023
-5.43806 3.33508e-15 0.924559
-5.15214 2.17933e-15 0.897954
-4.86639 2.15606e-16 0.871191
-4.58083 3.02947e-15 0.844329
-4.29541 1.60873e-15 0.817336
-4.01008 2.71202e-15 0.790187
-3.72479 3.2028e-15 0.762936
-3.43961 2.64413e-15 0.735519
-3.1545 2.92747e-15 0.7079
-2.8695 3.32649e-15 0.680104
-2.58465 2.75295e-15 0.652116
-2.29998 3.75943e-15 0.623896
-2.01553 2.91753e-15 0.595451
-1.73123 4.37567e-15 0.566808
-1.44706 2.73851e-15 0.537942
-1.16299 3.84374e-15 0.508935
-0.87905 3.37665e-15 0.479752
-0.595219 4.30079e-15 0.450449
-0.31152 4.36946e-15 0.420965
-0.0279143 3.98852e-15 0.391343
0.255566 3.75886e-15 0.361571
