-3.03736e-06 1.58077e-18 -0.00512652
0.00395642 1.16885e-17 -0.00798663
0.0102333 -8.71704e-18 -0.00845117
0.0165328 -2.47577e-18 -0.00788533
0.0218301 9.59705e-18 -0.00696235
0.0269856 5.25905e-18 -0.00583704
0.03192 2.01722e-17 -0.00468711
0.0366729 -1.92993e-18 -0.00356262
0.0412395 8.34485e-18 -0.0024975
0.0456849 1.91131e-18 -0.00146786
0.0500405 6.10147e-18 -0.00048424
0.0543456 4.58865e-17 0.000482859
0.0586115 -5.50229e-19 0.00143206
0.0628663 -5.04313e-17 0.00237547
0.0671829 2.54017e-17 0.00336285
0.071734 3.75638e-17 0.00453674
0.0767664 -6.07622e-18 0.00609555
0.081902 5.66432e-17 0.00780114
0.0869862 -2.45577e-17 0.00953139
0.0922898 -3.35804e-17 0.0114179
0.088226 -4.34446e-18 0.0104118
0.0841305 2.46475e-17 0.00939425
0.0800334 -4.61982e-17 0.00837794
0.0759243 1.23226e-17 0.00735631
0.0717909 1.19763e-17 0.00632506
0.0676312 9.39744e-18 0.00528475
0.063433 -2.66082e-18 0.00423049
0.0591606 -2.59833e-17 0.00315703
0.054831 -2.8446e-18 0.00207709
0.0504507 1.48516e-17 0.000999592
0.0460139 6.30742e-18 -4.74361e-05
0.041587 -9.32362e-18 -0.00100048
0.0370945 5.45819e-18 -0.00190726
0.0324602 -1.2265e-17 -0.00275447
0.0274178 -3.16466e-17 -0.00356852
0.0214649 -1.43896e-17 -0.00437621
0.0153106 -1.02576e-18 -0.00497545
0.0097865 -2.18333e-17 -0.00490652
0.00457553 -1.24312e-17 -0.00454738
6.80011e-05 -3.73609e-19 -0.00265699
-0.00388497 1.24236e-17 0.0019809
-0.00774686 -9.7072e-18 0.00921257
-0.0113679 1.03903e-17 0.0165042
-0.0149297 5.89356e-18 0.0236584
-0.0183837 1.91075e-17 0.0307782
-0.0217515 -4.66029e-17 0.0380036
-0.0251299 1.38694e-18 0.0454542
-0.0284521 -1.5238e-17 0.0530498
-0.03168 -1.36187e-18 0.0606878
-0.0348486 1.93508e-16 0.0683137
-0.0379596 6.53782e-17 0.075897
-0.0410324 2.83406e-16 0.0833453
-0.0440409 9.93236e-18 0.0904252
-0.0468875 1.40967e-16 0.0966831
-0.0495327 6.22997e-18 0.102085
-0.051991 -1.93336e-16 0.10702
-0.0542535 8.04372e-17 0.11159
-0.056262 7.90963e-19 0.115748
-0.0579726 1.54134e-16 0.11946
-0.055045 -3.04411e-16 0.111671
-0.0520157 -1.85464e-17 0.103915
-0.0489776 -1.26125e-16 0.0961508
-0.0459218 -1.03028e-16 0.0883755
-0.0427914 6.58954e-17 0.0806282
-0.0396606 -3.01379e-17 0.0730677
-0.0365214 -1.63421e-16 0.0656355
-0.0333787 -4.97393e-17 0.0583927
-0.0303256 -2.54345e-17 0.0513039
-0.027288 -1.16684e-16 0.0443281
-0.0244213 -4.75906e-17 0.0375363
-0.0216255 -1.5297e-17 0.030903
-0.0188074 -4.34026e-17 0.0243322
-0.0159063 -1.76377e-17 0.0177873
-0.012872 -4.17997e-17 0.011261
-0.00951491 3.21586e-18 0.00461083
-0.00504137 -1.82645e-17 -0.00189361
-0.00147135 -2.30306e-17 -0.00516222
0.00205302 -1.11893e-17 -0.00696432
0.00672063 -3.54704e-18 -0.00831912
0.0119642 -4.54421e-17 -0.00867658
0.0162601 -1.21586e-17 -0.0086437
0.0210281 -1.3472e-17 -0.00797415
0.0262562 -4.83277e-18 -0.00670549
0.031113 -9.11207e-18 -0.00536705
0.0360538 1.01837e-17 -0.00397709
0.0408744 4.18949e-18 -0.00263756
0.0455071 -1.82722e-17 -0.00134201
0.0499648 -1.34599e-17 -0.000115908
0.0543322 -1.16802e-17 0.00108646
0.0585941 -1.38247e-17 0.00224337
0.0629023 -1.41675e-18 0.00340096
0.0671716 4.83038e-19 0.00453029
0.0714085 4.70161e-18 0.00565395
0.0756766 -1.20616e-17 0.00681004
0.0800148 4.48494e-17 0.00802656
0.0844568 -1.88996e-17 0.00933488
0.0891059 -8.45276e-18 0.0108114
0.0941259 8.41498e-18 0.0125526
0.0997367 -6.85882e-18 0.0145363
0.105921 -5.52176e-18 0.0169056
0.112551 -2.76216e-18 0.0195647
0.119593 3.22964e-18 0.0224928
0.127021 -6.72257e-18 0.0256899
0.13484 -1.34736e-17 0.0291682
0.143064 -2.89734e-17 0.0329329
0.151677 -1.55838e-17 0.0369755
0.1606 1.91239e-17 0.0412577
0.169852 1.84931e-17 0.0457958
0.179436 2.47849e-17 0.0505722
0.189316 -4.53423e-17 0.0555785
0.19931 -1.92528e-17 0.0607167
0.209137 1.20734e-17 0.0658268
0.219055 1.45025e-17 0.0710407
0.229278 -3.08987e-17 0.0764873
0.23981 4.98428e-17 0.0821574
0.250716 -1.42706e-17 0.0881228
0.262004 -1.78065e-17 0.0943883
0.273547 -1.1045e-16 0.100842
0.269435 -6.11894e-17 0.0999072
0.265346 5.59751e-17 0.09899
0.261231 5.13897e-17 0.0980718
0.257048 -5.09995e-17 0.0971441
0.252809 -1.31521e-16 0.096173
0.248542 -6.26315e-17 0.0951934
0.244392 -8.51055e-17 0.0942626
0.240261 -2.00792e-17 0.0933332
0.236142 -5.38544e-17 0.0924246
0.231999 -8.25753e-17 0.0915133
0.227863 -3.66622e-17 0.0905929
0.223708 -5.53023e-17 0.0896843
0.219514 -4.2525e-17 0.0887872
0.215312 -7.05486e-17 0.0878822
0.211083 3.05515e-17 0.0869653
0.206821 -5.33757e-17 0.086054
0.202522 -8.2689e-17 0.0851331
0.198162 -8.57602e-17 0.0841883
0.193761 -6.62642e-17 0.083227
0.189296 -5.60735e-17 0.0822295
0.184755 -5.54811e-17 0.0812052
0.180105 -7.49935e-17 0.0801424
0.175306 -6.48034e-17 0.0790188
0.170288 -3.6795e-17 0.0778493
0.165071 -6.03838e-17 0.076631
0.159655 -7.81646e-17 0.0753189
0.154262 -2.20596e-17 0.0739856
0.14862 -4.64553e-17 0.0726158
0.142737 -9.39994e-17 0.0710775
0.136534 -7.04829e-17 0.0693948
0.129965 -8.0718e-17 0.0675423
0.123216 -3.71626e-17 0.0655815
0.116877 -6.25085e-17 0.0638041
0.112316 2.83522e-19 0.0630841
0.109405 -4.09826e-17 0.0634182
0.106822 -4.96382e-17 0.0649354
0.103679 -6.4518e-17 0.0691407
0.0995214 -5.07403e-17 0.0744292
0.0953779 -6.23755e-17 0.0795706
0.0912264 -6.84125e-17 0.0844832
0.0869554 -7.79833e-17 0.0891472
0.0820871 -7.60102e-17 0.0936761
0.0762325 -9.56629e-18 0.098089
0.0693697 -8.90753e-18 0.102422
0.0619039 -6.70059e-17 0.106611
0.0542226 -4.86744e-17 0.110672
0.0465636 -6.44137e-17 0.114579
0.0390332 -4.85812e-17 0.118356
0.031654 -4.14501e-17 0.12197
0.0243953 -7.13957e-17 0.125451
0.017172 -7.54684e-17 0.12883
0.00997326 -6.40528e-17 0.132126
0.00274951 -6.1176e-17 0.135395
-0.00452166 -6.74971e-17 0.1386
-0.0117964 -4.21655e-17 0.141699
-0.0190776 -3.53957e-17 0.144697
-0.0264979 3.76056e-17 0.148138
-0.0314584 -3.62788e-17 0.153116
-0.0335412 4.85645e-17 0.158561
-0.0353896 -2.64731e-16 0.163455
-0.0371141 6.51835e-18 0.167722
-0.0387861 -1.01195e-16 0.171554
-0.0405215 -6.08082e-17 0.175103
-0.0424084 -4.63171e-17 0.178475
-0.0444399 8.11951e-17 0.181779
-0.0466513 -4.88279e-17 0.185073
-0.0490206 1.81204e-17 0.188405
-0.0515655 -1.61888e-16 0.191892
-0.0543035 -2.58704e-16 0.195675
-0.0572415 3.75001e-17 0.199889
-0.0603634 9.5984e-17 0.204658
-0.0636725 2.89485e-16 0.210147
-0.0671938 -1.60062e-16 0.216559
-0.0709346 -5.46509e-17 0.223987
-0.0748613 -1.48563e-17 0.232339
-0.0789374 -4.55657e-16 0.241385
-0.0831605 7.57194e-16 0.250892
-0.0873724 1.75202e-16 0.260541
-0.0915437 1.47018e-16 0.270182
-0.0895387 1.01762e-16 0.262254
-0.0875434 1.0448e-16 0.25443
-0.0854124 1.19071e-16 0.246711
-0.0832901 -1.10348e-16 0.239023
-0.0811765 -3.36582e-16 0.231368
-0.0791066 5.20696e-17 0.223719
-0.0770501 9.71522e-17 0.21607
-0.0749949 -6.818e-16 0.208423
-0.07295 4.27648e-17 0.20081
-0.070906 2.08725e-16 0.193185
-0.0688987 -1.80859e-17 0.185581
-0.0668835 2.03615e-16 0.177946
-0.0648862 8.28624e-17 0.170286
-0.0630161 1.03893e-17 0.162641
-0.0612754 4.45975e-16 0.155021
-0.059683 4.69888e-17 0.147483
-0.0581877 6.81107e-17 0.139987
-0.0567888 4.43121e-17 0.132537
-0.0554398 6.29948e-17 0.125036
-0.0541417 1.26473e-17 0.117507
-0.052876 3.70101e-17 0.109986
-0.0515086 7.64292e-17 0.102581
-0.0500871 2.37857e-17 0.0952388
-0.0484155 3.44665e-17 0.0879313
-0.0462657 6.56669e-17 0.0806978
-0.0429432 3.06223e-17 0.0730875
-0.0392509 3.72264e-17 0.0652819
-0.0354031 4.34938e-17 0.0574659
-0.0314239 8.09783e-18 0.0496241
-0.0273074 4.43736e-17 0.0418331
-0.0233216 5.09167e-17 0.0345021
-0.0192487 6.51505e-17 0.0273315
-0.0150451 3.25492e-17 0.0201596
-0.0107105 2.86972e-17 0.0131127
-0.00623979 3.63465e-17 0.00630369
-0.00156215 -2.67601e-18 -4.26845e-05
0.00256059 7.93672e-18 -0.00270247
0.00821432 1.45654e-17 -0.00357367
0.0151311 1.08029e-17 -0.00343251
0.0223024 9.6368e-18 -0.00216556
0.0293654 8.15423e-18 0.000156349
0.0364533 7.24499e-18 0.00292398
0.0436134 3.62766e-18 0.00596338
0.050861 5.22311e-18 0.00911788
0.0581954 5.19804e-18 0.0123466
0.0655604 2.43065e-18 0.0156286
0.0728984 -3.84635e-18 0.0189274
0.0801803 5.51073e-19 0.022227
0.0873616 1.30346e-18 0.0255017
0.0943536 1.92349e-18 0.0286963
0.101081 3.98533e-18 0.0317653
0.107486 -2.20943e-18 0.0346779
0.113509 3.3398e-18 0.0374053
0.119196 2.78709e-18 0.0399633
0.124583 -3.58052e-18 0.0423713
0.129756 1.97632e-18 0.0446729
0.134803 -9.54343e-19 0.0469194
0.139724 -2.72831e-18 0.0491154
0.144544 -3.07562e-18 0.0512701
0.149291 -3.28722e-18 0.0534014
0.154 1.07999e-18 0.055525
0.158779 -2.03891e-18 0.0576847
0.163575 -3.05649e-18 0.0598537
0.168834 1.15818e-17 0.0620832
0.174581 -1.32984e-18 0.0644624
0.180412 -4.12866e-17 0.0668958
0.186335 5.12968e-19 0.0693946
0.192355 -4.23343e-17 0.0719718
0.198502 -7.64215e-17 0.0746646
0.204799 1.8119e-17 0.0774735
0.211228 -8.28395e-18 0.0803905
0.217813 -1.08768e-17 0.0834318
0.224579 -5.55209e-17 0.0866153
0.231555 1.24116e-16 0.0899632
0.238801 4.82467e-17 0.093524
0.246386 4.31673e-18 0.0973451
0.254436 -3.94628e-17 0.101517
0.263324 4.72022e-18 0.106348
0.273002 4.61089e-17 0.111811
0.283507 -7.2425e-17 0.117938
0.294731 1.75226e-17 0.124674
0.306469 -8.29418e-17 0.131846
0.318602 -2.55847e-17 0.139319
0.331277 1.97213e-17 0.146973
0.344176 -6.55123e-17 0.154804
0.357254 1.21618e-16 0.162742
0.370517 1.90184e-17 0.170773
0.384015 1.02008e-17 0.179013
0.397497 3.86649e-17 0.187253
0.410943 3.65659e-17 0.195482
0.424366 5.79558e-17 0.203709
0.437806 7.8598e-17 0.211974
0.458052 2.17225e-17 0.224468
0.471742 6.78961e-17 0.233078
0.485463 3.30112e-17 0.241721
0.499165 1.11318e-16 0.250354
0.512765 7.09366e-18 0.258923
0.526083 -2.1982e-16 0.267319
0.538737 -2.72074e-18 0.275313
0.550716 -4.04558e-18 0.282901
0.562542 -4.68177e-17 0.290457
0.574388 6.10623e-17 0.298142
0.586263 4.64561e-17 0.305848
0.598174 1.91567e-16 0.313585
0.610127 1.06722e-17 0.321368
0.622103 5.64666e-17 0.329199
0.634098 -7.7092e-19 0.337052
0.646109 1.15489e-16 0.344913
0.658136 -9.48943e-17 0.352781
0.670183 -5.27779e-17 0.360655
0.682235 6.45352e-17 0.368528
0.694292 3.35065e-17 0.376396
0.706359 -6.97434e-18 0.384263
0.718436 1.24622e-18 0.39213
0.730531 6.10397e-17 0.400001
0.742655 -2.53828e-17 0.407898
0.75479 9.06708e-17 0.415805
0.766936 -1.10228e-16 0.423714
0.779098 -2.44336e-16 0.431625
0.791277 -6.39125e-18 0.439543
0.787339 -3.99183e-17 0.439155
0.7834 -9.65307e-17 0.438765
0.779462 -1.28201e-16 0.438377
0.775517 -5.45434e-18 0.437973
0.771549 1.58423e-16 0.437529
0.767598 -8.96877e-17 0.437093
0.763639 -5.90949e-17 0.436643
0.759673 -6.34214e-17 0.436171
0.755695 3.52447e-18 0.435685
0.751716 1.24069e-16 0.435179
0.747728 -6.74813e-17 0.43466
0.743787 6.94783e-17 0.43422
0.739823 -4.12288e-18 0.433752
0.735845 -2.76065e-16 0.433267
0.731849 -4.88564e-17 0.432762
0.727821 2.84928e-17 0.432233
0.723775 1.01905e-17 0.431666
0.719718 2.70012e-17 0.431072
0.715646 1.30498e-16 0.43045
0.711553 -1.73412e-17 0.429846
0.707404 -6.28384e-18 0.429317
0.703203 -3.39891e-17 0.428741
0.69896 -7.13826e-17 0.428128
0.694658 2.91025e-18 0.42747
0.690288 2.25031e-17 0.426754
0.685865 -2.45322e-17 0.425993
0.681339 4.29529e-17 0.425183
0.676617 -1.34562e-17 0.424444
0.671794 -8.92662e-18 0.423637
0.666848 -1.16391e-17 0.422762
0.661759 -1.32353e-16 0.421832
0.65652 -7.06231e-18 0.420794
0.651105 9.82754e-18 0.419603
0.645348 1.67697e-17 0.418237
0.639158 3.97758e-17 0.416695
0.632564 -4.2053e-18 0.414925
0.625514 4.9597e-18 0.412854
0.617938 1.48521e-17 0.41046
0.609906 1.85405e-17 0.407767
0.601344 -7.53336e-19 0.404756
0.592307 1.94523e-17 0.401483
0.583422 -1.34165e-17 0.398172
0.57533 4.0623e-17 0.395539
0.567703 1.83156e-17 0.39318
0.560656 2.65757e-17 0.390997
0.553397 4.56954e-17 0.389055
0.54606 3.0602e-17 0.387195
0.538726 3.4984e-17 0.385331
0.5314 4.84086e-17 0.383381
0.524049 -1.60875e-17 0.381405
0.516785 7.66634e-17 0.379553
0.509771 2.6247e-16 0.378294
0.502694 1.00843e-16 0.378213
0.49384 5.8818e-17 0.379267
0.48429 4.22306e-17 0.380501
0.47466 6.26459e-17 0.381591
0.464956 7.84747e-17 0.382543
0.45518 3.5494e-17 0.383362
0.445335 2.89029e-17 0.384047
0.435421 5.03849e-17 0.384599
0.425436 4.73237e-17 0.385016
0.41537 5.96261e-17 0.385288
0.405217 4.60116e-17 0.385411
0.394991 6.83824e-17 0.385401
0.38471 4.57906e-17 0.385276
0.374377 6.16801e-17 0.385029
0.363997 7.32239e-17 0.384666
0.353574 3.61824e-17 0.384201
0.343114 3.83733e-17 0.383628
0.332621 4.90028e-17 0.382962
0.322102 5.8493e-17 0.382219
0.311544 4.64204e-17 0.381395
0.300952 4.8287e-17 0.380493
0.291295 9.94214e-17 0.379842
0.282406 5.75429e-17 0.379396
0.273525 5.40336e-17 0.378913
0.264635 2.34522e-17 0.378426
0.255687 4.64285e-17 0.377978
0.246801 3.88783e-17 0.377591
0.237966 3.95583e-17 0.377298
0.229215 5.7844e-17 0.377157
0.220326 5.3988e-17 0.377236
0.210995 7.94321e-17 0.377705
0.20119 4.68872e-17 0.378558
0.191209 4.91044e-17 0.379581
0.181076 4.11364e-17 0.380744
0.170784 5.22113e-17 0.382061
0.160313 3.16661e-17 0.383564
0.14964 3.01458e-17 0.385309
0.138738 5.04467e-17 0.387348
0.127594 3.70234e-17 0.389731
0.116129 4.83418e-17 0.392511
0.104291 1.47338e-17 0.395733
0.0920884 2.79989e-17 0.399435
0.0795861 4.13478e-17 0.403669
0.0668639 -2.1493e-17 0.408488
0.0539933 7.67393e-17 0.413923
0.0410436 3.52649e-17 0.419976
0.0280728 5.29975e-17 0.426608
0.0151401 5.90568e-17 0.433845
0.00230718 -7.14919e-18 0.441748
-0.0103676 2.6801e-18 0.450386
-0.0228282 -8.60625e-18 0.459834
-0.0350652 -9.87387e-18 0.4701
-0.0470784 3.25807e-17 0.481139
-0.0589172 -3.61104e-17 0.492822
-0.070632 -6.16638e-17 0.505025
-0.0822901 1.25855e-17 0.51769
-0.0939269 1.42703e-18 0.530753
-0.105558 -9.58599e-16 0.544187
-0.117193 5.17375e-17 0.557938
-0.128856 7.38186e-17 0.571955
-0.140579 6.44058e-17 0.5861
-0.151841 3.96353e-18 0.600316
-0.155639 2.66286e-17 0.611681
-0.159494 1.21024e-17 0.622985
-0.16342 -2.48702e-16 0.634167
-0.167408 -1.3327e-16 0.645224
-0.171439 3.30376e-17 0.65613
-0.175485 -1.35365e-16 0.666837
-0.180081 6.61747e-18 0.679369
-0.184892 6.67367e-17 0.692477
-0.18965 6.96612e-18 0.70527
-0.19444 7.97635e-19 0.718037
-0.199075 -4.75515e-18 0.730292
-0.203493 -1.11315e-15 0.741913
-0.2077 -1.03536e-16 0.752811
-0.211686 -6.96072e-17 0.76298
-0.21543 -2.03563e-17 0.772427
-0.21894 -7.15692e-17 0.781212
-0.22229 7.34917e-17 0.789477
-0.225595 1.21147e-16 0.79748
-0.230372 4.09164e-17 0.808922
-0.233479 8.21537e-18 0.816272
-0.23654 -3.3615e-17 0.823446
-0.23956 3.19724e-17 0.830472
-0.24255 -1.51441e-16 0.837377
-0.245515 -1.78004e-17 0.84418
-0.248465 -4.86991e-17 0.8509
-0.251461 -1.82457e-16 0.857638
-0.254484 -5.29312e-17 0.864384
-0.257498 2.6335e-17 0.871082
-0.260504 -1.48655e-16 0.877735
-0.263503 1.81727e-16 0.884348
-0.266495 4.14066e-16 0.890927
-0.269484 2.62921e-17 0.897479
-0.272473 2.03939e-16 0.904015
-0.275462 -4.55553e-16 0.910539
-0.278454 -1.60984e-16 0.917054
-0.281539 3.11295e-16 0.923692
-0.284645 -6.0895e-17 0.930351
-0.287762 -3.89248e-16 0.937014
-0.290888 2.62396e-16 0.943684
-0.294037 1.2726e-15 0.95038
-0.297289 -2.6167e-16 0.957186
-0.300564 -1.69092e-16 0.964035
-0.303863 -1.98117e-16 0.97093
-0.307178 -4.07243e-16 0.977853
-0.310498 2.5187e-16 0.98479
-0.313826 4.23569e-17 0.991741
-0.317171 1.58613e-16 0.998718
-0.31488 -8.90655e-17 0.990937
-0.312597 5.44661e-17 0.983328
-0.310306 -2.26973e-16 0.97576
-0.308014 4.00884e-16 0.96823
-0.305722 2.3402e-16 0.960724
-0.303432 1.60898e-16 0.953241
-0.301139 -2.63636e-16 0.945769
-0.298848 3.2026e-16 0.938315
-0.296553 -6.17463e-17 0.930868
-0.294257 4.88837e-16 0.923451
-0.291958 -2.34846e-16 0.916029
-0.289656 3.7065e-16 0.908567
-0.287348 1.48748e-16 0.901061
-0.285028 -1.2249e-16 0.893517
-0.282685 2.05169e-16 0.885923
-0.280316 1.56716e-16 0.878269
-0.27792 -9.48611e-17 0.870531
-0.275463 1.15089e-16 0.862753
-0.272978 -1.46323e-16 0.854906
-0.27046 -1.95285e-16 0.846992
-0.2679 8.65954e-17 0.839002
-0.265306 -8.44962e-17 0.83094
-0.262676 5.78932e-17 0.82277
-0.260016 4.58418e-17 0.814482
-0.257322 1.07597e-16 0.806098
-0.254596 7.44471e-17 0.79758
-0.251863 2.08817e-16 0.788947
-0.249105 7.63705e-17 0.780198
-0.246475 1.01669e-16 0.771315
-0.24391 1.38235e-16 0.762377
-0.241433 -2.92044e-16 0.753399
-0.238898 2.26145e-16 0.74446
-0.235947 1.34059e-16 0.735428
-0.231647 1.00593e-16 0.726576
-0.22717 6.88264e-17 0.717755
-0.222538 3.81916e-17 0.708887
-0.217804 8.15068e-17 0.699915
-0.213006 1.0452e-16 0.690805
-0.208145 5.71375e-17 0.681547
-0.203204 5.62445e-17 0.672134
-0.198139 7.1033e-17 0.662574
-0.193007 9.98742e-17 0.652857
-0.187808 1.21982e-16 0.642971
-0.182555 -8.84696e-18 0.632907
-0.177265 -2.80952e-17 0.622702
-0.171974 1.35834e-16 0.612477
-0.166745 -1.34269e-17 0.602424
-0.161502 5.23261e-17 0.592376
-0.156055 6.72271e-17 0.582373
-0.150559 6.55217e-18 0.572293
-0.14485 3.41874e-17 0.562175
-0.138931 6.58151e-17 0.552038
-0.13288 7.0537e-17 0.541901
-0.12681 3.75521e-17 0.531662
-0.120704 9.55379e-17 0.521333
-0.114548 7.73833e-17 0.510927
-0.10836 8.70384e-17 0.500422
-0.102132 3.81774e-17 0.489827
-0.0958671 7.01512e-17 0.479131
-0.0895736 8.38567e-17 0.468307
-0.0832526 8.06837e-17 0.457374
-0.076899 6.85709e-17 0.446316
-0.0705108 3.78617e-17 0.435102
-0.0640914 6.74068e-17 0.423787
-0.0576344 7.11636e-17 0.412321
-0.0511385 5.5054e-17 0.400722
-0.0446141 7.27806e-17 0.389016
-0.0380563 5.7019e-17 0.377217
-0.0314419 6.09172e-17 0.365313
-0.0247767 8.58618e-17 0.353327
-0.0180537 4.7159e-17 0.341251
-0.0112725 8.29413e-17 0.329038
-0.00442257 1.01505e-16 0.316633
0.00250317 7.78665e-17 0.304022
0.00951405 8.47068e-17 0.291193
0.0166163 6.21788e-17 0.278137
0.0238261 7.549e-17 0.264825
0.0311524 7.82449e-17 0.251238
0.0386281 6.70364e-17 0.237339
0.0462643 8.41678e-17 0.2231
0.0540755 9.45734e-17 0.208485
0.0620869 3.15968e-17 0.193466
0.0703236 9.65081e-17 0.178013
0.0788166 8.32473e-17 0.162091
0.0875743 8.15925e-17 0.145688
0.0966932 8.9452e-17 0.129218
0.106883 1.06276e-16 0.11676
0.117515 9.50353e-17 0.105195
0.12747 9.68792e-17 0.0985864
0.137927 9.0929e-17 0.0939106
0.149745 1.00318e-16 0.0897197
0.159567 9.91115e-17 0.0905336
0.16881 3.1076e-17 0.0929732
0.177355 2.50549e-17 0.0965069
0.185932 2.57928e-17 0.100269
0.194504 1.92797e-17 0.104262
0.202937 2.05335e-17 0.108445
0.211414 1.92115e-17 0.112744
0.219873 2.47072e-17 0.117064
0.228215 2.14124e-17 0.121345
0.236349 2.18217e-17 0.125537
0.244193 2.3982e-17 0.129592
0.251683 1.85609e-17 0.133476
0.258862 2.05754e-17 0.137208
0.265766 1.99599e-17 0.140806
0.272434 2.19808e-17 0.144292
0.2789 1.82894e-17 0.147684
0.285209 2.27919e-17 0.151007
0.291416 2.30987e-17 0.154293
0.297572 1.92574e-17 0.157572
0.303692 1.79248e-17 0.160852
0.309806 2.17559e-17 0.16415
0.315925 2.40949e-17 0.167475
0.322045 2.07667e-17 0.170823
0.328195 1.94984e-17 0.17421
0.334366 2.59101e-17 0.177633
0.340566 2.0001e-17 0.181096
0.346806 2.26963e-17 0.184606
0.35308 2.30145e-17 0.18816
0.359399 2.07346e-17 0.191763
0.365761 1.96831e-17 0.195416
0.372188 8.17764e-18 0.199123
0.379083 1.46344e-17 0.202992
0.386142 3.58721e-17 0.206977
0.39329 8.23954e-18 0.211044
0.400785 5.31933e-17 0.215312
0.408361 7.01602e-18 0.219664
0.416199 4.73525e-19 0.224197
0.424372 9.70729e-18 0.228946
0.432663 2.43267e-17 0.233805
0.441112 3.29383e-17 0.238747
0.450074 3.66131e-17 0.243904
0.459439 1.18636e-16 0.249342
0.468924 1.23732e-16 0.254903
0.478509 1.28673e-17 0.260575
0.493072 -3.70717e-18 0.269286
0.502901 -1.14478e-17 0.275224
0.512899 7.19743e-17 0.281308
0.523262 4.96028e-17 0.28765
0.53372 1.16942e-16 0.294095
0.544371 6.12109e-17 0.300709
0.55511 7.95964e-18 0.307421
0.565934 1.84211e-16 0.314226
0.576838 -3.00318e-18 0.321121
0.587818 6.42012e-17 0.328102
0.598862 3.17215e-17 0.33516
0.60997 1.31741e-16 0.34229
0.621468 2.41753e-17 0.349692
0.633033 1.41822e-17 0.357169
0.644652 5.09633e-17 0.36471
0.656322 2.97995e-17 0.372315
0.668053 4.25606e-17 0.379991
0.679825 -4.45053e-17 0.387721
0.691624 1.61963e-16 0.395493
0.703445 -6.59973e-17 0.403305
0.715285 -1.54698e-17 0.411153
0.727138 1.12024e-16 0.419031
0.739 -1.14114e-16 0.426936
0.750951 2.83507e-17 0.434918
0.762933 4.36856e-18 0.442938
0.774884 -4.08854e-17 0.450959
0.786851 3.25466e-17 0.459027
0.798824 1.8944e-17 0.467132
0.810759 6.81116e-17 0.47523
0.822657 3.09736e-17 0.483318
0.834519 1.14236e-16 0.491399
0.846347 -3.49615e-17 0.49947
0.858144 1.37744e-17 0.507534
0.869917 -4.68686e-18 0.515603
0.881665 2.20505e-17 0.523672
0.893388 4.14526e-17 0.531735
0.905092 -3.43952e-17 0.539791
0.916828 3.92186e-17 0.547836
0.928859 -6.51733e-18 0.555814
0.940947 9.63744e-17 0.563741
0.953037 1.84576e-16 0.571668
0.965153 4.40888e-17 0.579587
0.977271 -4.4701e-17 0.587502
0.989385 1.16652e-16 0.595414
1.0015 1.83969e-17 0.603326
1.01362 3.13669e-17 0.611244
1.00971 2.34895e-17 0.611012
1.0058 4.1869e-17 0.61085
1.00187 -1.23874e-16 0.610808
0.997926 9.89242e-17 0.610725
0.993947 5.86785e-17 0.610612
0.98993 1.27759e-16 0.610474
0.985897 7.55324e-17 0.610311
0.981847 5.08387e-18 0.610116
0.977784 -5.59998e-17 0.609897
0.973703 1.10122e-16 0.609655
0.969536 1.7284e-16 0.609491
0.965283 4.06504e-16 0.60937
0.961018 8.41051e-18 0.609218
0.956744 9.25821e-17 0.609049
0.952446 8.16612e-18 0.608879
0.948136 5.63492e-17 0.608676
0.943787 1.38771e-16 0.608431
0.939409 5.26201e-17 0.608141
0.934999 1.19166e-16 0.607806
0.930538 4.25302e-17 0.607419
0.926029 2.77391e-17 0.606981
0.921485 -7.73831e-17 0.606513
0.916901 3.81484e-17 0.606
0.912302 4.87326e-17 0.605429
0.907679 3.83772e-17 0.604785
0.903049 3.21856e-17 0.604064
0.898325 4.65592e-17 0.603304
0.893516 4.6878e-17 0.602471
0.888638 1.22886e-17 0.601583
0.883674 -2.18887e-17 0.600626
0.878614 2.66958e-17 0.599593
0.873451 1.61035e-17 0.598477
0.868354 5.84574e-17 0.597473
0.863464 4.98694e-17 0.596613
0.858699 1.00515e-17 0.595802
0.854173 -3.85533e-17 0.595084
0.849617 -2.71561e-16 0.59437
0.84485 -1.69094e-19 0.593881
0.840337 3.04123e-17 0.593527
0.835964 4.96155e-17 0.593202
0.831429 3.92294e-17 0.592752
0.826573 9.98887e-18 0.5923
0.821306 5.0613e-17 0.591908
0.815752 5.39623e-17 0.591441
0.809984 5.05982e-17 0.590888
0.804083 5.01946e-17 0.590211
0.798059 2.40952e-17 0.58944
0.791947 3.30034e-17 0.588552
0.785766 7.14408e-17 0.587567
0.77951 2.50175e-17 0.586539
0.773228 3.67107e-17 0.585443
0.766943 2.59261e-17 0.584376
0.761037 1.58137e-17 0.583797
0.755075 6.42614e-17 0.583851
0.748785 2.15637e-17 0.58473
0.740863 9.04398e-17 0.586663
0.732208 3.75515e-17 0.58888
0.723456 4.78768e-17 0.591034
0.714618 4.51454e-17 0.593116
0.705639 4.47449e-17 0.595115
0.696537 2.00204e-17 0.59704
0.687163 6.97846e-17 0.59886
0.677595 3.89094e-17 0.600596
0.667894 4.60665e-17 0.602264
0.658106 4.72432e-17 0.603884
0.648243 1.34163e-17 0.605462
0.638301 5.75994e-17 0.606996
0.628256 5.85655e-17 0.608484
0.618137 5.64292e-17 0.609942
0.60795 4.16566e-17 0.611364
0.597698 9.19096e-18 0.612767
0.587379 4.95213e-18 0.61415
0.576999 3.46025e-17 0.615509
0.566559 3.07916e-17 0.616861
0.556064 3.98134e-17 0.618214
0.545515 4.38285e-17 0.619563
0.534916 2.20615e-17 0.620904
0.524269 3.86401e-17 0.622262
0.513572 3.90704e-17 0.623631
0.502829 3.80026e-17 0.625006
0.492042 2.17701e-17 0.626399
0.481214 3.63791e-17 0.627821
0.470344 2.80901e-17 0.62927
0.459427 3.01834e-17 0.630733
0.448471 4.45545e-17 0.632234
0.437473 2.47e-17 0.633776
0.426427 2.102e-17 0.635354
0.415329 2.45972e-17 0.63696
0.404189 2.60025e-17 0.638607
0.393005 2.09184e-17 0.640305
0.381778 3.2071e-17 0.642053
0.370504 2.42487e-17 0.643846
0.359177 8.51684e-18 0.645688
0.347796 2.45002e-17 0.647578
0.336355 4.84986e-17 0.649518
0.324858 1.57192e-17 0.651509
0.313307 1.54665e-17 0.653562
0.3017 1.20634e-17 0.655669
0.290031 1.19484e-17 0.657834
0.278304 9.81144e-18 0.660061
0.266513 1.53716e-17 0.662365
0.254656 -6.64408e-18 0.664746
0.243637 1.41323e-17 0.66731
0.232785 5.19126e-18 0.669991
0.222415 1.47132e-17 0.672983
0.212353 2.67398e-17 0.67616
0.202244 1.09838e-17 0.67952
0.192466 1.9759e-17 0.683404
0.182871 1.73141e-17 0.687599
0.173483 3.50002e-17 0.692139
0.163507 1.51514e-17 0.697373
0.152426 3.62593e-17 0.703747
0.14061 4.84587e-17 0.710893
0.12876 2.07434e-17 0.718256
0.117061 2.53073e-17 0.725716
0.105586 1.68187e-17 0.73323
0.0944572 1.42078e-17 0.740753
0.0835956 2.17885e-17 0.748319
0.0728261 3.13628e-17 0.755971
0.0621075 9.96817e-18 0.763721
0.051439 2.12484e-15 0.77157
0.0408183 4.18284e-17 0.779517
0.030226 -9.00091e-18 0.787564
0.0196638 -3.50164e-17 0.795716
0.00914332 -1.00571e-17 0.803969
-0.00133407 -4.67522e-18 0.81232
-0.0117682 -1.11158e-17 0.820765
-0.0221636 -1.84831e-17 0.829304
-0.0325179 1.98787e-17 0.837934
-0.0428309 -1.20796e-19 0.846653
-0.0531081 6.98793e-18 0.855454
-0.0633573 -1.52727e-17 0.864329
-0.073576 1.44532e-17 0.873272
-0.0837685 -1.40587e-17 0.882278
-0.0939444 3.04731e-18 0.891346
-0.104098 3.98876e-17 0.900479
-0.114242 -9.86637e-19 0.90969
-0.124372 -1.43794e-17 0.918987
-0.134492 -1.79758e-17 0.928375
-0.144605 -3.33025e-17 0.937848
-0.154717 7.35009e-18 0.947397
-0.164834 3.31464e-17 0.95701
-0.17496 3.58012e-17 0.966684
-0.185093 -2.8976e-15 0.976422
-0.195242 5.74936e-18 0.986239
-0.205399 -2.82842e-18 0.996147
-0.220667 -3.66635e-17 1.01121
-0.23086 -3.96189e-17 1.02139
-0.241073 3.97824e-17 1.03166
-0.251303 5.39027e-17 1.04202
-0.261556 -1.47344e-19 1.05245
-0.265221 9.27976e-17 1.06079
-0.268118 -1.34088e-15 1.06858
-0.271031 -4.28173e-17 1.07634
-0.273958 -1.87493e-16 1.08406
-0.276972 -5.70356e-16 1.09205
-0.280213 -1.68716e-16 1.10088
-0.283468 -1.1429e-16 1.10966
-0.286736 1.63372e-16 1.11838
-0.290064 6.04169e-16 1.12722
-0.293424 7.6301e-17 1.13608
-0.296793 -3.85431e-16 1.14489
-0.300169 1.36276e-16 1.15364
-0.303549 1.37109e-17 1.16234
-0.307013 2.01335e-17 1.17119
-0.310494 -7.98068e-17 1.18003
-0.313976 -2.29186e-16 1.1888
-0.317458 1.3126e-15 1.19751
-0.320938 2.61007e-16 1.20616
-0.324414 2.01728e-17 1.21474
-0.327897 -5.80487e-17 1.22328
-0.331379 1.63151e-17 1.23177
-0.334853 -7.76601e-17 1.24019
-0.338342 3.45204e-17 1.24858
-0.341832 -5.32091e-17 1.25693
-0.345341 -3.64915e-16 1.26532
-0.348829 -6.30867e-16 1.27363
-0.352297 2.59269e-16 1.28186
-0.355741 -4.30823e-16 1.29001
-0.359159 -2.3932e-16 1.29808
-0.362587 7.63846e-17 1.30609
-0.366017 -2.37469e-16 1.31406
-0.369445 1.20569e-16 1.32197
-0.372856 1.66415e-16 1.32982
-0.376249 -2.41498e-16 1.3376
-0.379625 2.72919e-16 1.34533
-0.382998 -3.75327e-16 1.35302
-0.386516 -2.24485e-16 1.36082
-0.390063 -6.50488e-16 1.36862
-0.393617 1.34143e-16 1.37641
-0.397162 1.7415e-16 1.38415
-0.400701 8.12674e-17 1.39188
-0.404247 -1.90972e-16 1.39959
-0.407807 2.31403e-16 1.40729
-0.41139 1.03576e-16 1.415
-0.41499 4.26994e-16 1.42272
-0.418591 -1.20147e-16 1.43042
-0.4222 -9.57614e-17 1.43812
-0.425812 1.99806e-17 1.44581
-0.429427 6.50176e-16 1.45351
-0.433046 -1.01871e-16 1.4612
-0.430628 1.70774e-16 1.45341
-0.428204 -1.71665e-17 1.44579
-0.425805 -7.10439e-17 1.43829
-0.423429 9.41988e-17 1.4308
-0.421076 -1.4378e-16 1.42334
-0.41873 -4.32057e-17 1.4159
-0.416376 9.68527e-18 1.40849
-0.413975 1.65469e-16 1.40107
-0.411559 -2.95951e-16 1.39361
-0.409138 -8.33318e-17 1.38617
-0.406715 -1.66708e-17 1.37873
-0.40426 -7.88013e-17 1.37122
-0.401784 -3.23431e-16 1.36367
-0.399285 -4.37972e-16 1.35604
-0.396764 2.58323e-16 1.34835
-0.394214 -1.00596e-16 1.3406
-0.391641 3.96677e-17 1.33278
-0.389035 2.48045e-16 1.32486
-0.3864 -5.66098e-16 1.31684
-0.383736 -1.81599e-17 1.30871
-0.381043 -2.55386e-16 1.30049
-0.378328 6.44308e-18 1.29216
-0.375585 -1.32457e-18 1.28373
-0.372818 -4.79799e-16 1.27519
-0.370016 -2.0744e-16 1.26651
-0.367159 -1.28182e-16 1.25768
-0.364287 -2.54101e-17 1.24872
-0.36141 5.79519e-17 1.23965
-0.358526 -1.10693e-16 1.23038
-0.355757 -5.08523e-16 1.22103
-0.352865 -3.24267e-16 1.21158
-0.349858 -9.96306e-17 1.20213
-0.345652 2.98296e-17 1.19289
-0.341315 5.75782e-17 1.18355
-0.336833 -1.41734e-16 1.17408
-0.332191 -1.6597e-16 1.16459
-0.327417 -3.03067e-17 1.15499
-0.322572 -6.18866e-17 1.14525
-0.317612 -3.22753e-17 1.13538
-0.312563 -1.8979e-17 1.12537
-0.30744 -1.67141e-16 1.11519
-0.302254 -5.3381e-17 1.10486
-0.297009 -4.333e-17 1.09432
-0.291728 -1.30026e-17 1.08358
-0.286427 -9.77885e-17 1.07266
-0.281113 -5.73759e-18 1.06161
-0.275765 -3.84153e-17 1.05044
-0.270544 8.67056e-18 1.03939
-0.265321 -1.45618e-17 1.02832
-0.260073 -4.26596e-17 1.01723
-0.254712 3.10599e-17 1.00606
-0.249158 5.65929e-17 0.994903
-0.243511 6.06539e-17 0.983649
-0.237523 1.83418e-17 0.972387
-0.2313 1.49917e-17 0.961068
-0.22504 -5.10536e-17 0.949682
-0.218812 5.60582e-18 0.938252
-0.212569 3.78538e-17 0.926721
-0.206286 3.6539e-17 0.915122
-0.199973 4.80697e-17 0.903426
-0.19363 -2.44237e-17 0.891628
-0.187249 6.30579e-17 0.879744
-0.180839 2.54456e-17 0.867744
-0.1744 -1.183e-17 0.855634
-0.167927 5.1438e-17 0.843387
-0.161426 3.75584e-17 0.831049
-0.154892 8.06183e-17 0.818582
-0.148325 7.1003e-17 0.806
-0.141736 1.19566e-16 0.793365
-0.13512 4.70638e-17 0.780665
-0.128484 6.99642e-17 0.767953
-0.12183 2.154e-17 0.755236
-0.115153 3.77186e-17 0.742498
-0.108449 4.12048e-17 0.729702
-0.101712 1.25218e-16 0.716789
-0.0949381 7.77883e-17 0.703734
-0.0881272 9.82768e-17 0.690519
-0.0812776 6.58759e-17 0.677139
-0.0743894 6.70981e-17 0.663579
-0.0674649 1.10049e-16 0.649848
-0.0604985 7.92411e-17 0.63593
-0.0534882 4.05222e-18 0.621825
-0.0464194 7.64333e-17 0.607536
-0.0392987 4.42365e-17 0.593067
-0.032132 7.42737e-17 0.57841
-0.0248985 9.17391e-17 0.563549
-0.0176085 8.00731e-17 0.548484
-0.0102624 6.83331e-17 0.533193
-0.00285118 9.88744e-17 0.51766
0.00462716 6.45168e-17 0.501872
0.0121684 9.44416e-17 0.485822
0.0197769 8.2543e-17 0.469496
0.0274572 1.35136e-16 0.452895
0.0352053 7.29715e-17 0.436021
0.0430481 1.0716e-16 0.418847
0.0509698 8.54558e-17 0.401407
0.058983 1.16636e-16 0.383686
0.0670772 1.24935e-16 0.365693
0.0752935 9.58473e-17 0.347355
0.0836248 8.70191e-17 0.328689
