8.5079e-07 9.8486e-16 -0.0526169
0.327804 9.54874e-14 -0.0797907
0.670801 1.33479e-13 -0.0922861
0.995025 2.60341e-13 -0.102186
1.29926 4.93663e-13 -0.108097
1.5975 6.72159e-13 -0.112522
1.89193 7.95683e-13 -0.116343
2.18518 9.34026e-13 -0.119843
2.4771 1.09631e-12 -0.123126
2.76824 1.25728e-12 -0.126228
3.05909 1.40688e-12 -0.129204
3.35006 1.55887e-12 -0.132062
3.64098 1.69945e-12 -0.134817
3.93258 1.84973e-12 -0.13746
4.22763 2.0045e-12 -0.139904
4.5326 2.15011e-12 -0.141811
4.8566 2.27728e-12 -0.142639
5.19382 2.40195e-12 -0.142512
5.53809 2.50705e-12 -0.141729
5.88852 2.54944e-12 -0.140393
5.59797 2.33829e-12 -0.138252
5.30725 2.1395e-12 -0.136065
5.01639 1.94756e-12 -0.133833
4.72544 1.77466e-12 -0.131557
4.43436 1.60196e-12 -0.129231
4.14305 1.45007e-12 -0.126851
3.85137 1.28834e-12 -0.124406
3.55946 1.13336e-12 -0.121882
3.26699 9.67008e-13 -0.119245
2.97383 8.15727e-13 -0.11643
2.67944 6.75695e-13 -0.113284
2.38346 5.52655e-13 -0.109657
2.08477 4.66639e-13 -0.105538
1.781 2.81041e-13 -0.100589
1.46623 1.46084e-13 -0.0942534
1.13329 8.36997e-14 -0.0854522
0.793263 9.81909e-15 -0.0745563
0.445712 -8.73379e-16 -0.0596888
0.0851437 2.7044e-15 -0.0437432
-0.267054 2.80176e-13 -0.0209905
-0.578897 1.2631e-13 0.00984399
-0.898998 1.47412e-13 0.0528144
-1.21113 2.14692e-13 0.10902
-1.51678 3.04134e-13 0.171168
-1.81863 4.39212e-13 0.235168
-2.11503 5.29802e-13 0.300995
-2.40639 6.02014e-13 0.368264
-2.69559 6.69806e-13 0.43614
-2.98405 7.81428e-13 0.504297
-3.27237 9.02001e-13 0.572575
-3.56128 1.04748e-12 0.640742
-3.85267 1.21827e-12 0.708281
-4.15208 1.37749e-12 0.773759
-4.46952 1.59828e-12 0.834553
-4.80379 1.84184e-12 0.890528
-5.14537 2.13287e-12 0.943506
-5.49109 2.49976e-12 0.993821
-5.84045 2.56589e-12 1.04124
-6.19302 2.00885e-12 1.08544
-5.90564 1.82455e-12 1.01629
-5.61813 1.64384e-12 0.94721
-5.33056 1.47526e-12 0.878181
-5.0429 1.3027e-12 0.809229
-4.75506 1.1693e-12 0.740355
-4.46533 1.01225e-12 0.671863
-4.17464 8.27909e-13 0.603684
-3.88247 7.45285e-13 0.536099
-3.58858 6.53471e-13 0.469127
-3.29257 5.44666e-13 0.4029
-2.99428 3.98658e-13 0.338007
-2.69421 2.3196e-13 0.2743
-2.39178 3.58613e-14 0.212111
-2.08434 -1.01531e-13 0.152145
-1.76743 -1.85802e-13 0.097276
-1.43952 -3.51594e-13 0.0499657
-1.10295 -3.34142e-13 0.00888871
-0.765859 2.13963e-13 -0.026234
-0.427262 1.45668e-13 -0.0532118
-0.0737224 -1.1322e-13 -0.0717259
0.274723 -4.456e-13 -0.0858926
0.616473 -7.67043e-13 -0.0972874
0.95603 -7.65834e-13 -0.105474
1.29048 -1.65089e-13 -0.110721
1.61697 6.29666e-13 -0.114386
1.93441 1.0488e-12 -0.117432
2.24584 1.03318e-12 -0.12019
2.55599 9.89472e-13 -0.12256
2.86512 9.39707e-13 -0.124616
3.17252 9.20506e-13 -0.126433
3.47955 9.08825e-13 -0.128022
3.77979 1.0086e-12 -0.129898
4.07645 1.13952e-12 -0.131903
4.37248 1.27083e-12 -0.133892
4.67051 1.40554e-12 -0.135682
4.97174 1.54106e-12 -0.137207
5.278 1.66794e-12 -0.138351
5.59221 1.79175e-12 -0.138918
5.9188 1.9105e-12 -0.138644
6.26099 2.13341e-12 -0.137685
6.61575 2.78888e-12 -0.13584
6.97798 3.92696e-12 -0.133342
7.34408 5.06729e-12 -0.130439
7.7124 5.89243e-12 -0.127198
8.08254 6.34869e-12 -0.123665
8.4542 6.62766e-12 -0.1199
8.82693 6.82542e-12 -0.115912
9.2006 6.97434e-12 -0.111678
9.57569 7.09264e-12 -0.107207
9.95235 7.20112e-12 -0.102549
10.3301 7.30469e-12 -0.0976972
10.7079 7.43399e-12 -0.0926119
11.0838 7.57857e-12 -0.0873468
11.4594 7.72289e-12 -0.0819099
11.8357 7.86432e-12 -0.0762801
12.2122 8.01082e-12 -0.0704734
12.5889 8.14399e-12 -0.064441
12.9655 8.28487e-12 -0.0581966
13.3416 8.4147e-12 -0.0518102
13.0533 8.07859e-12 -0.049247
12.7652 7.75243e-12 -0.0466169
12.4765 7.41729e-12 -0.0440136
12.1869 7.07472e-12 -0.0414639
11.8957 6.73781e-12 -0.0390816
11.6044 6.40201e-12 -0.0366378
11.3102 6.06937e-12 -0.0344264
11.0143 5.75116e-12 -0.0322752
10.7183 5.41923e-12 -0.0300207
10.422 5.08587e-12 -0.027669
10.1237 4.83407e-12 -0.0253933
9.82513 4.55811e-12 -0.0230044
9.52638 4.27589e-12 -0.0204651
9.2266 3.99977e-12 -0.0179068
8.9246 3.7912e-12 -0.015406
8.62186 3.56865e-12 -0.012787
8.31781 3.35547e-12 -0.0100814
8.01252 3.14475e-12 -0.00729694
7.70594 2.92727e-12 -0.00444542
7.39586 2.23635e-12 -0.00164369
7.08309 1.5639e-12 0.00131021
6.76697 9.7304e-13 0.0043607
6.44569 4.6961e-13 0.00742403
6.11593 5.43729e-14 0.0104923
5.77525 -5.47482e-14 0.0137119
5.42195 -1.95743e-14 0.0168333
5.05952 3.89127e-15 0.0197566
4.69219 1.19014e-15 0.0228054
4.32209 -7.45829e-15 0.0256728
3.94875 2.33834e-14 0.0285264
3.57216 8.89584e-14 0.0317288
3.19533 2.09176e-13 0.0364286
2.82411 3.70973e-13 0.0458793
2.45986 5.44122e-13 0.0638039
2.1027 6.94076e-13 0.0895777
1.75286 8.35494e-13 0.12029
1.41056 9.66652e-13 0.156151
1.0749 1.09538e-12 0.196823
0.743275 1.22424e-12 0.239739
0.415698 1.36746e-12 0.283508
0.090878 1.53193e-12 0.327504
-0.236809 1.71993e-12 0.371589
-0.570487 1.91229e-12 0.415605
-0.912728 2.00555e-12 0.459639
-1.25996 1.97877e-12 0.503126
-1.61066 1.93232e-12 0.546202
-1.9649 1.87215e-12 0.588595
-2.32065 1.77561e-12 0.630551
-2.67695 1.70186e-12 0.671681
-3.03331 1.6249e-12 0.712198
-3.3897 1.57363e-12 0.75243
-3.7462 1.53468e-12 0.792552
-4.10336 1.52152e-12 0.83316
-4.46208 1.51012e-12 0.873725
-4.82191 1.4997e-12 0.913709
-5.18295 1.4907e-12 0.953173
-5.53416 2.15975e-12 0.99797
-5.86362 1.64487e-12 1.05289
-6.18907 1.29398e-12 1.1073
-6.52011 9.89526e-13 1.15708
-6.85701 7.37318e-13 1.20192
-7.19766 5.93202e-13 1.24316
-7.5401 5.37388e-13 1.28167
-7.8837 5.75614e-13 1.3179
-8.22849 6.28354e-13 1.35256
-8.57374 6.37493e-13 1.38578
-8.91876 6.55591e-13 1.41748
-9.26448 6.53345e-13 1.44815
-9.61134 6.01614e-13 1.47837
-9.95836 5.87843e-13 1.50832
-10.3044 5.68981e-13 1.53787
-10.6498 5.09207e-13 1.56722
-10.9956 4.58739e-13 1.59701
-11.3425 4.15288e-13 1.62767
-11.6904 3.50692e-13 1.65923
-12.0389 3.31298e-13 1.69152
-12.3876 2.97863e-13 1.72422
-12.7353 2.52377e-13 1.75706
-13.082 1.9679e-13 1.78997
-12.7944 2.78336e-14 1.72247
-12.5048 -1.67423e-13 1.65549
-12.2131 -3.79076e-13 1.58909
-11.9203 -6.11033e-13 1.52321
-11.6264 -9.10869e-13 1.45797
-11.3305 -5.04772e-13 1.39346
-11.033 -3.1423e-13 1.32951
-10.7337 -6.14752e-13 1.26624
-10.4335 -6.69515e-13 1.20371
-10.133 -7.28813e-13 1.14143
-9.83278 -7.48199e-13 1.07977
-9.53204 -7.69824e-13 1.01839
-9.2309 -7.70122e-13 0.95742
-8.92919 -7.61648e-13 0.896926
-8.62674 -7.48589e-13 0.836892
-8.32333 -7.44405e-13 0.777341
-8.01971 -7.25507e-13 0.718518
-7.71563 -7.03369e-13 0.660367
-7.40988 -6.77967e-13 0.602899
-7.10276 -6.54107e-13 0.546172
-6.79383 -6.05394e-13 0.490313
-6.48204 -5.41631e-13 0.435565
-6.16664 -4.73225e-13 0.382056
-5.84516 -3.81914e-13 0.330834
-5.51338 -2.81184e-13 0.282853
-5.16741 -1.9053e-13 0.239508
-4.81417 -1.00561e-13 0.199132
-4.45642 -3.44539e-14 0.160417
-4.09447 3.67468e-16 0.123304
-3.73009 3.33562e-15 0.0878313
-3.36722 -2.63577e-14 0.0555094
-3.0041 -9.07104e-14 0.0253989
-2.6403 -1.87535e-13 -0.0030392
-2.27846 -2.92371e-13 -0.0292542
-1.91953 -3.79835e-13 -0.0521695
-1.56282 -4.45433e-13 -0.0717219
-1.21157 -4.67108e-13 -0.0857546
-0.861778 -4.4666e-13 -0.0948782
-0.514108 -3.88881e-13 -0.100898
-0.166161 -3.08992e-13 -0.104742
0.180547 -2.21742e-13 -0.107024
0.523953 -1.24789e-13 -0.108532
0.865278 -1.30143e-14 -0.109613
1.20492 1.21372e-13 -0.110427
1.54525 2.93758e-13 -0.111094
1.88463 5.22366e-13 -0.111582
2.22269 7.57872e-13 -0.111885
2.55988 9.8129e-13 -0.11199
2.89733 1.18919e-12 -0.111906
3.2347 1.3741e-12 -0.111612
3.57315 1.54208e-12 -0.111054
3.91254 1.70382e-12 -0.110197
4.25092 1.86665e-12 -0.109011
4.58973 2.02452e-12 -0.107506
4.92927 2.1792e-12 -0.105671
5.27056 2.33318e-12 -0.103534
5.61526 2.48469e-12 -0.101111
5.96094 2.63666e-12 -0.0984214
6.30772 2.79236e-12 -0.095482
6.65584 2.95191e-12 -0.0923047
7.00586 3.1153e-12 -0.0889138
7.36155 3.28299e-12 -0.0853516
7.71778 3.45203e-12 -0.0816571
8.0673 3.9008e-12 -0.0785977
8.41483 4.01823e-12 -0.0762914
8.76258 4.20371e-12 -0.0739008
9.11088 4.52993e-12 -0.0714142
9.46098 4.85941e-12 -0.0687343
9.81279 5.19562e-12 -0.0658466
10.1663 5.54555e-12 -0.0627863
10.5215 5.89224e-12 -0.0595111
10.8784 6.23658e-12 -0.0560218
11.2369 6.56502e-12 -0.0523111
11.5966 6.9014e-12 -0.0483591
11.9575 7.21885e-12 -0.0441524
12.3195 7.526e-12 -0.0396687
12.6822 7.81583e-12 -0.0348788
13.0459 8.10065e-12 -0.0297182
13.4106 8.35981e-12 -0.0241442
13.7763 8.5895e-12 -0.0181764
14.1432 8.80298e-12 -0.0118473
14.5111 8.98504e-12 -0.00524795
14.8801 9.17082e-12 0.0015552
15.2504 9.3369e-12 0.00838803
15.6216 9.49083e-12 0.0153506
15.9932 9.64447e-12 0.0224157
16.365 9.77842e-12 0.0295522
16.737 9.90805e-12 0.0368546
17.1084 1.0034e-11 0.0441898
17.4787 1.01536e-11 0.0515508
17.8478 1.02685e-11 0.0589387
18.2163 1.03776e-11 0.0663825
18.7686 1.05274e-11 0.0776543
19.137 1.06278e-11 0.0853886
19.505 1.07167e-11 0.093161
19.8723 1.08081e-11 0.10095
20.2378 1.08889e-11 0.108733
20.5984 1.09563e-11 0.116459
20.9477 1.1024e-11 0.12402
21.2859 1.10718e-11 0.131413
21.6212 1.11232e-11 0.138822
21.9566 1.11689e-11 0.146334
22.292 1.12126e-11 0.153865
22.6276 1.12572e-11 0.161418
22.9634 1.12917e-11 0.169007
23.2993 1.13404e-11 0.176633
23.6353 1.13767e-11 0.184278
23.9714 1.14216e-11 0.19193
24.3076 1.14541e-11 0.199588
24.6439 1.14966e-11 0.20725
24.9802 1.15402e-11 0.214914
25.3166 1.15769e-11 0.222578
25.653 1.16133e-11 0.230242
25.9894 1.16552e-11 0.237905
26.3259 1.16962e-11 0.245569
26.6625 1.17305e-11 0.253244
26.9992 1.17747e-11 0.260927
27.336 1.18045e-11 0.268612
27.6728 1.18421e-11 0.276297
28.0097 1.18806e-11 0.283985
27.7232 1.13475e-11 0.286878
27.4369 1.07857e-11 0.28984
27.1508 1.02178e-11 0.292869
26.864 9.63602e-12 0.295856
26.575 9.05799e-12 0.298631
26.2849 8.48579e-12 0.301353
25.994 7.94006e-12 0.304059
25.7014 7.42641e-12 0.306671
25.4086 6.92826e-12 0.309323
25.1138 6.5267e-12 0.311863
24.8182 6.13811e-12 0.314403
24.5212 5.81284e-12 0.316955
24.2228 5.53012e-12 0.31943
23.9239 5.23687e-12 0.321939
23.6232 4.4446e-12 0.324408
23.3214 3.69201e-12 0.326876
23.0194 3.56631e-12 0.329503
22.7172 3.30451e-12 0.332159
22.4151 3.03507e-12 0.334878
22.1127 2.75697e-12 0.337682
21.809 2.50522e-12 0.340572
21.5041 2.26473e-12 0.343462
21.1993 2.04553e-12 0.346354
20.8937 1.84336e-12 0.349237
20.5868 1.65558e-12 0.352145
20.2785 1.47491e-12 0.355168
19.9679 1.30712e-12 0.358164
19.6553 1.1426e-12 0.361248
19.3405 9.85643e-13 0.364297
19.0218 8.32102e-13 0.367322
18.6986 6.78377e-13 0.370241
18.3701 5.41373e-13 0.372808
18.0325 4.19578e-13 0.37471
17.6871 3.18807e-13 0.37618
17.3338 2.2625e-13 0.377447
16.9751 1.3832e-13 0.378603
16.6125 6.75796e-14 0.379538
16.2467 1.26331e-14 0.380404
15.8781 -2.71017e-14 0.381384
15.5075 -5.35891e-14 0.382846
15.1361 -6.12905e-14 0.385141
14.7646 -5.88272e-14 0.389047
14.3941 -4.09502e-14 0.395563
14.0246 -1.88057e-14 0.404118
13.6572 1.35678e-14 0.415364
13.2913 5.02613e-14 0.427802
12.9264 8.95348e-14 0.44064
12.5613 1.347e-13 0.453731
12.1961 1.83043e-13 0.467016
11.8308 2.28806e-13 0.480435
11.4652 2.87703e-13 0.49393
11.0991 3.49075e-13 0.507608
10.7321 3.9582e-13 0.52165
10.3637 4.4777e-13 0.536095
9.99466 5.0355e-13 0.550517
9.6255 5.62378e-13 0.564797
9.25621 6.18901e-13 0.578917
8.88681 6.70648e-13 0.592906
8.51744 7.21822e-13 0.606791
8.14821 7.72967e-13 0.62063
7.77929 8.2132e-13 0.634601
7.41106 8.72969e-13 0.649044
7.0437 9.25572e-13 0.664213
6.6769 9.85225e-13 0.679824
6.31042 1.03824e-12 0.69556
5.94425 1.09388e-12 0.711528
5.57855 1.14776e-12 0.72768
5.21323 1.19048e-12 0.743957
4.84814 1.22403e-12 0.760455
4.48348 1.24772e-12 0.77709
4.11939 1.26027e-12 0.793786
3.75547 1.24781e-12 0.810737
3.39143 1.20385e-12 0.827882
3.03053 1.1606e-12 0.846563
2.67229 1.09791e-12 0.866603
2.31443 1.03751e-12 0.886646
1.95718 9.73542e-13 0.906911
1.59995 9.11665e-13 0.927621
1.24391 8.5311e-13 0.948699
0.888997 7.92754e-13 0.970321
0.535092 7.43192e-13 0.992747
0.181756 6.97472e-13 1.01642
-0.171306 6.66196e-13 1.04223
-0.523084 6.42665e-13 1.06992
-0.873935 6.29935e-13 1.09795
-1.22456 6.19139e-13 1.12602
-1.57514 6.11699e-13 1.1539
-1.92614 6.03099e-13 1.18146
-2.27802 5.97598e-13 1.20878
-2.63129 5.94902e-13 1.23587
-2.98616 5.91285e-13 1.26277
-3.3427 5.85739e-13 1.28946
-3.70087 5.74406e-13 1.31595
-4.06047 5.66357e-13 1.34228
-4.4211 5.56288e-13 1.36851
-4.7822 5.44226e-13 1.3947
-5.14359 5.38342e-13 1.4209
-5.50505 5.29175e-13 1.44715
-5.86667 5.20959e-13 1.47344
-6.22837 5.11266e-13 1.49981
-6.5898 4.99896e-13 1.52633
-6.95077 4.95226e-13 1.55305
-7.31116 4.8633e-13 1.58007
-7.67098 4.81775e-13 1.60739
-8.03025 4.79994e-13 1.63499
-8.38902 4.68804e-13 1.66277
-8.74737 4.64022e-13 1.69067
-9.10536 4.61581e-13 1.71864
-9.46297 4.55986e-13 1.74664
-9.8203 4.32848e-13 1.77465
-10.1774 4.46434e-13 1.80261
-10.5343 4.40803e-13 1.83048
-10.8911 4.34055e-13 1.85813
-11.2468 4.24609e-13 1.8857
-11.5856 4.2247e-13 1.91487
-11.9239 4.15611e-13 1.94353
-12.2619 4.04726e-13 1.97154
-12.5996 3.96839e-13 1.99894
-12.9368 3.87079e-13 2.02577
-13.2734 3.69669e-13 2.05195
-13.5982 -9.77997e-14 2.08436
-13.9209 -4.36831e-13 2.11878
-14.2431 -7.83581e-13 2.15245
-14.5697 -1.41002e-12 2.18651
-14.8948 -1.86257e-12 2.21979
-15.2165 -1.73528e-12 2.25211
-15.5364 -1.56908e-12 2.28355
-15.8552 -1.40305e-12 2.31435
-16.1731 -1.24096e-12 2.34475
-16.4906 -1.06199e-12 2.37492
-16.808 -8.69062e-13 2.40492
-17.1256 -7.8294e-13 2.4347
-17.6028 -6.89761e-13 2.47923
-17.9212 -6.41946e-13 2.50881
-18.2397 -5.69232e-13 2.53832
-18.5584 -4.96811e-13 2.56776
-18.8772 -4.42493e-13 2.59715
-19.1961 -3.65235e-13 2.6265
-19.5152 -2.89289e-13 2.65585
-19.8348 -2.62657e-13 2.68509
-20.1548 -2.63461e-13 2.71419
-20.4751 -2.63025e-13 2.74327
-20.7955 -2.73303e-13 2.77238
-21.1162 -2.42837e-13 2.80153
-21.4372 -2.12238e-13 2.83072
-21.7583 -2.41988e-13 2.85993
-22.0797 -2.3411e-13 2.88916
-22.4012 -2.35158e-13 2.9184
-22.723 -2.45118e-13 2.94767
-23.0455 -2.42648e-13 2.9767
-23.3684 -2.53891e-13 3.00573
-23.6915 -2.7051e-13 3.03485
-24.0148 -2.60307e-13 3.064
-24.3383 -2.42681e-13 3.09321
-24.6624 -2.53235e-13 3.1224
-24.9868 -2.38527e-13 3.15153
-25.3115 -2.481e-13 3.18063
-25.6364 -2.86617e-13 3.20974
-25.9615 -2.39265e-13 3.23889
-26.2867 -2.7076e-13 3.2681
-26.6121 -2.72714e-13 3.29736
-26.326 -4.22047e-13 3.23082
-26.0371 -5.84841e-13 3.16485
-25.7472 -7.23197e-13 3.09915
-25.4563 -8.85407e-13 3.03386
-25.1644 -1.13229e-12 2.96905
-24.8707 -1.14224e-12 2.90496
-24.5759 -6.016e-13 2.84159
-24.2791 -8.59684e-13 2.7793
-23.9814 -9.53926e-13 2.71777
-23.6845 -9.70216e-13 2.65711
-23.388 -9.93889e-13 2.59712
-23.0909 -9.91149e-13 2.53735
-22.7931 -9.78694e-13 2.47784
-22.4947 -9.87713e-13 2.41857
-22.1957 -9.64786e-13 2.35965
-21.8959 -9.50007e-13 2.30113
-21.5952 -9.32783e-13 2.24308
-21.2935 -9.08858e-13 2.18557
-20.9907 -8.81661e-13 2.12848
-20.6867 -8.62887e-13 2.07181
-20.3815 -8.24456e-13 2.01562
-20.075 -8.01794e-13 1.95986
-19.7673 -7.60795e-13 1.90473
-19.458 -7.24357e-13 1.85034
-19.1471 -6.80635e-13 1.79656
-18.8339 -6.29473e-13 1.74348
-18.5187 -5.55547e-13 1.69132
-18.2005 -4.92835e-13 1.64025
-17.8788 -4.14679e-13 1.59097
-17.5521 -3.26686e-13 1.54409
-17.2203 -2.60267e-13 1.49995
-16.8841 -1.80925e-13 1.45882
-16.5434 -1.21709e-13 1.41992
-16.1965 -7.06368e-14 1.38368
-15.8477 -3.29518e-14 1.34884
-15.497 -4.53786e-15 1.31495
-15.1446 1.44947e-14 1.28175
-14.7906 2.15902e-14 1.24908
-14.4353 1.63489e-14 1.21697
-14.0788 4.06227e-15 1.18553
-13.7213 -1.68326e-14 1.15487
-13.3631 -4.35158e-14 1.12479
-13.0041 -7.52322e-14 1.09534
-12.6444 -1.11679e-13 1.06649
-12.2843 -1.43791e-13 1.03814
-11.9248 -1.59611e-13 1.01043
-11.5671 -1.78681e-13 0.983784
-11.2104 -1.78651e-13 0.957656
-10.8538 -1.71858e-13 0.93219
-10.4979 -1.5925e-13 0.906942
-10.1421 -1.34507e-13 0.882106
-9.78682 -1.02299e-13 0.857672
-9.43257 -6.6329e-14 0.833598
-9.07907 -2.55044e-14 0.80954
-8.72635 2.37932e-14 0.78553
-8.37438 7.11266e-14 0.76158
-8.02314 1.22785e-13 0.737621
-7.67261 1.71025e-13 0.713696
-7.32272 2.23292e-13 0.689769
-6.97353 2.75914e-13 0.665794
-6.62518 3.30624e-13 0.641813
-6.27756 3.87396e-13 0.617791
-5.93064 4.46935e-13 0.593666
-5.58422 5.17472e-13 0.569557
-5.23824 5.91829e-13 0.545349
-4.89232 6.78527e-13 0.521101
-4.5466 7.74847e-13 0.496857
-4.20077 8.77432e-13 0.472638
-3.85468 9.80847e-13 0.448488
-3.50821 1.08135e-12 0.42442
-3.16148 1.16874e-12 0.400472
-2.81482 1.24851e-12 0.376536
-2.46852 1.324e-12 0.352546
-2.12251 1.39576e-12 0.328487
-1.77668 1.46832e-12 0.304379
-1.43092 1.53831e-12 0.280244
-1.08516 1.60731e-12 0.256072
-0.739438 1.67452e-12 0.231825
-0.393747 1.74029e-12 0.207541
-0.0481691 1.80309e-12 0.183244
0.297198 1.86324e-12 0.158899
0.64243 1.91778e-12 0.134523
0.987618 1.97464e-12 0.110146
1.33284 2.02644e-12 0.0857894
1.67811 2.07651e-12 0.0614631
2.02319 2.125e-12 0.037366
2.36475 2.17619e-12 0.0151252
2.70601 2.22635e-12 -0.0056247
3.04589 2.28216e-12 -0.0215869
3.38523 2.34204e-12 -0.034304
3.72473 2.40716e-12 -0.0440823
4.06202 2.48214e-12 -0.0474327
4.39756 2.56207e-12 -0.0480419
4.73134 2.64828e-12 -0.0471426
5.06485 2.73644e-12 -0.0457048
5.39813 2.82621e-12 -0.043739
5.7314 2.91845e-12 -0.041452
6.06494 3.01183e-12 -0.0388418
6.39881 3.10579e-12 -0.0360719
6.7332 3.19885e-12 -0.0331489
7.06805 3.29044e-12 -0.0300437
7.4034 3.38011e-12 -0.0267215
7.73935 3.46723e-12 -0.0231409
8.07585 3.55237e-12 -0.0192966
8.41253 3.63522e-12 -0.015213
8.74937 3.71606e-12 -0.0109141
9.08622 3.79481e-12 -0.00642295
9.42299 3.87217e-12 -0.00175597
9.75956 3.94788e-12 0.0030664
10.0958 4.02129e-12 0.00801414
10.4317 4.09366e-12 0.0130815
10.7671 4.16502e-12 0.0182475
11.1021 4.23489e-12 0.0235065
11.4366 4.30323e-12 0.0288594
11.7706 4.37033e-12 0.0342832
12.1041 4.43682e-12 0.0397874
12.4371 4.50125e-12 0.0453666
12.7697 4.56515e-12 0.0510124
13.1018 4.62775e-12 0.0567298
13.4335 4.68938e-12 0.0625093
13.7647 4.74994e-12 0.068353
14.0953 4.79499e-12 0.0742318
14.4222 4.49902e-12 0.0795664
14.7509 4.13392e-12 0.0849568
15.0798 3.8684e-12 0.0904183
15.4124 5.32657e-12 0.0958351
15.7452 6.85736e-12 0.101361
16.0825 7.42693e-12 0.107003
16.4223 7.2748e-12 0.11269
16.7624 7.11392e-12 0.118468
17.1003 6.94052e-12 0.124206
17.4362 6.82953e-12 0.129743
17.7781 6.86631e-12 0.135423
18.1203 6.89754e-12 0.141214
18.4628 6.91782e-12 0.147116
18.977 6.94067e-12 0.156167
19.32 6.95145e-12 0.162327
19.6648 6.9899e-12 0.168597
20.0153 7.14808e-12 0.175018
20.3658 7.30104e-12 0.18153
20.7166 7.4438e-12 0.188129
21.0673 7.58857e-12 0.194814
21.4181 7.73758e-12 0.201582
21.7688 7.86364e-12 0.208432
22.1194 7.99705e-12 0.215359
22.4698 8.12659e-12 0.222356
22.8201 8.25357e-12 0.22942
23.1761 8.40102e-12 0.236619
23.5319 8.54087e-12 0.243888
23.8875 8.68128e-12 0.251217
24.2428 8.8111e-12 0.258604
24.5977 8.94258e-12 0.266058
24.9522 9.0674e-12 0.273563
25.3062 9.20191e-12 0.281114
25.6597 9.3156e-12 0.288708
26.0126 9.43733e-12 0.296341
26.365 9.55902e-12 0.304011
26.7169 9.66107e-12 0.311722
27.0692 9.77289e-12 0.319479
27.4212 9.87368e-12 0.327267
27.7722 9.96664e-12 0.335079
28.1222 1.00657e-11 0.342954
28.4712 1.0159e-11 0.350879
28.8192 1.02499e-11 0.358821
29.1662 1.03293e-11 0.366778
29.5124 1.04182e-11 0.374749
29.8576 1.04957e-11 0.382733
30.202 1.05709e-11 0.390733
30.5457 1.06392e-11 0.398754
30.8886 1.07141e-11 0.40679
31.2309 1.07864e-11 0.414835
31.5726 1.08536e-11 0.422888
31.9139 1.09193e-11 0.430919
32.2554 1.09825e-11 0.438792
32.5967 1.10497e-11 0.446568
32.9376 1.11128e-11 0.454349
33.2782 1.11656e-11 0.462121
33.6185 1.12244e-11 0.46989
33.9586 1.12835e-11 0.477657
34.2984 1.134e-11 0.485429
34.6382 1.14016e-11 0.493205
34.3516 1.08701e-11 0.496322
34.0651 1.03308e-11 0.499577
33.7785 9.76521e-12 0.503005
33.4907 9.21241e-12 0.506272
33.2015 8.64475e-12 0.509454
32.911 8.10631e-12 0.512531
32.6195 7.57106e-12 0.515556
32.3265 7.07943e-12 0.518492
32.0322 6.63307e-12 0.521384
31.7365 6.27048e-12 0.524195
31.4383 5.99411e-12 0.526928
31.1396 5.72924e-12 0.529724
30.8387 4.73015e-12 0.532403
30.5377 4.05838e-12 0.535147
30.2373 3.80366e-12 0.538106
29.9376 3.49335e-12 0.541076
29.6372 3.19832e-12 0.544045
29.3372 2.91404e-12 0.547022
29.0369 2.65472e-12 0.550035
28.7357 2.40791e-12 0.553063
28.4353 2.18075e-12 0.556075
28.135 1.97503e-12 0.559115
27.8336 1.78699e-12 0.562157
27.5302 1.61197e-12 0.565101
27.2246 1.4494e-12 0.567971
26.9161 1.3013e-12 0.57077
26.6056 1.16254e-12 0.573514
26.293 1.02985e-12 0.576218
25.9788 8.99654e-13 0.578909
25.6625 7.79265e-13 0.581635
25.3433 6.64284e-13 0.584447
25.0211 5.54178e-13 0.587286
24.6947 4.48806e-13 0.590763
24.3635 3.52391e-13 0.595807
24.0264 2.71564e-13 0.602122
23.6841 2.04021e-13 0.61006
23.3367 1.32522e-13 0.618711
22.9853 1.09542e-13 0.62781
22.6314 7.27407e-14 0.637976
22.2755 4.14823e-14 0.648778
21.9179 1.23392e-14 0.65938
21.5587 -1.18179e-14 0.669791
21.1979 -2.08955e-14 0.680085
20.8358 -2.58452e-14 0.690126
20.4726 -2.7143e-14 0.69992
20.1085 -1.98366e-14 0.709501
19.7435 -9.95351e-15 0.718859
19.3778 9.00701e-15 0.727978
19.0115 3.74892e-14 0.736877
18.6447 6.04635e-14 0.745672
18.2779 9.31556e-14 0.754479
17.9111 1.2637e-13 0.763569
17.5448 1.62201e-13 0.773565
17.1788 2.02303e-13 0.78455
16.8126 2.36219e-13 0.79625
16.4457 2.80296e-13 0.808765
16.0785 3.1533e-13 0.821549
15.7115 3.57053e-13 0.834408
15.3446 3.9533e-13 0.847358
14.9782 4.35202e-13 0.860484
14.612 4.71837e-13 0.873749
14.2464 5.12474e-13 0.887271
13.8812 5.46072e-13 0.901007
13.5164 5.80135e-13 0.914964
13.1518 6.15392e-13 0.929003
12.7876 6.4677e-13 0.943133
12.4237 6.81881e-13 0.957465
12.0603 7.12844e-13 0.971974
11.6973 7.44669e-13 0.986611
11.3347 7.75982e-13 1.00152
10.9725 8.05014e-13 1.01652
10.6108 8.36502e-13 1.03169
10.2495 8.72917e-13 1.04714
9.88866 9.09697e-13 1.0627
9.52833 9.3742e-13 1.07833
9.16849 9.67476e-13 1.09415
8.80914 9.93657e-13 1.11024
8.4504 1.01835e-12 1.12635
8.09217 1.03713e-12 1.14256
7.7343 1.04849e-12 1.15898
7.37689 1.05205e-12 1.17551
7.02008 1.0524e-12 1.19207
6.66377 1.04331e-12 1.20871
6.30742 1.01699e-12 1.22553
5.95168 9.86312e-13 1.2424
5.59661 9.5504e-13 1.25929
5.2421 9.23961e-13 1.27616
4.88766 8.90378e-13 1.29296
4.53383 8.56028e-13 1.30967
4.18064 8.24575e-13 1.32633
3.82795 7.91022e-13 1.34293
3.47551 7.56766e-13 1.35941
3.12343 7.24109e-13 1.37579
2.77157 6.93832e-13 1.39208
2.41979 6.65931e-13 1.40824
2.06831 6.41886e-13 1.42428
1.71723 6.22237e-13 1.44024
1.36639 6.0671e-13 1.45609
1.01574 5.95401e-13 1.47184
0.665275 5.86731e-13 1.4875
0.314865 5.80204e-13 1.50313
-0.0354772 5.72845e-13 1.51874
-0.382522 5.68838e-13 1.53502
-0.728648 5.65279e-13 1.55151
-1.07393 5.64775e-13 1.5691
-1.4187 5.65292e-13 1.58731
-1.76346 5.65747e-13 1.60582
-2.10951 5.69061e-13 1.62622
-2.45528 5.71864e-13 1.64752
-2.80011 5.7672e-13 1.66978
-3.14461 5.80358e-13 1.69356
-3.48793 5.83263e-13 1.71987
-3.83019 5.84178e-13 1.74756
-4.17263 5.80896e-13 1.77534
-4.5159 5.75804e-13 1.80302
-4.86047 5.70268e-13 1.83059
-5.20688 5.65592e-13 1.85802
-5.55486 5.56514e-13 1.8853
-5.90373 5.48943e-13 1.91237
-6.25321 5.39347e-13 1.93924
-6.6032 6.07105e-13 1.9659
-6.95376 5.25781e-13 1.99237
-7.30513 5.13979e-13 2.01865
-7.65702 5.0505e-13 2.04476
-8.00904 4.96581e-13 2.0707
-8.36101 4.88053e-13 2.09648
-8.71282 4.8002e-13 2.12208
-9.06436 4.71319e-13 2.14753
-9.41563 4.66472e-13 2.17281
-9.76657 4.57562e-13 2.19793
-10.1172 4.51552e-13 2.22288
-10.4675 4.4333e-13 2.24765
-10.8174 4.37368e-13 2.27224
-11.167 4.28153e-13 2.29666
-11.5162 4.21161e-13 2.3209
-11.8651 4.1559e-13 2.34497
-12.2138 4.06631e-13 2.36887
-12.562 3.98736e-13 2.39263
-12.9099 3.91967e-13 2.41624
-13.2575 3.84155e-13 2.43971
-13.6047 3.77948e-13 2.46303
-13.9517 3.71613e-13 2.4862
-14.2984 3.64283e-13 2.50921
-14.6449 2.5843e-13 2.53208
-14.9911 3.48544e-13 2.55482
-15.337 3.40264e-13 2.57744
-15.8555 3.2767e-13 2.6112
-16.2008 3.20244e-13 2.63359
-16.546 3.15259e-13 2.65588
-16.891 3.08623e-13 2.67807
-17.2359 2.98244e-13 2.70016
-17.5702 2.93049e-13 2.72508
-17.9031 2.58759e-13 2.75017
-18.236 2.78252e-13 2.77522
-18.5688 2.69326e-13 2.8003
-18.8964 3.15938e-13 2.82644
-19.2092 5.38009e-13 2.85557
-19.522 7.51075e-13 2.88451
-19.8351 9.67625e-13 2.91329
-20.1469 5.23739e-13 2.94274
-20.4585 -2.20178e-13 2.97237
-20.7701 -9.85064e-13 3.00182
-21.082 -1.6919e-12 3.03113
-21.3939 -2.44889e-12 3.06029
-21.7085 -2.46769e-12 3.0898
-22.0236 -2.34023e-12 3.11928
-22.3389 -2.18229e-12 3.14861
-22.6543 -1.97594e-12 3.17782
-22.9698 -1.87315e-12 3.20692
-23.2854 -1.73897e-12 3.23593
-23.6013 -1.59859e-12 3.26487
-23.9174 -1.46103e-12 3.29376
-24.2336 -1.34124e-12 3.3226
-24.5503 -1.19242e-12 3.35131
-24.8675 -1.07958e-12 3.38
-25.1869 -1.04426e-12 3.40907
-25.5063 -1.05899e-12 3.43814
-25.8259 -9.55888e-13 3.46723
-26.1457 -9.65399e-13 3.49636
-26.4656 -9.18697e-13 3.52554
-26.786 -8.68762e-13 3.55467
-27.1068 -8.46307e-13 3.5838
-27.4278 -7.8797e-13 3.61296
-27.749 -7.62335e-13 3.64216
-28.0703 -7.50746e-13 3.67143
-28.3918 -6.99126e-13 3.70075
-28.7135 -6.87885e-13 3.73011
-29.0362 -6.69619e-13 3.75952
-29.3591 -6.50023e-13 3.78897
-29.6823 -5.89149e-13 3.81845
-30.0056 -5.75854e-13 3.84797
-30.329 -5.64652e-13 3.87754
-30.6527 -5.16698e-13 3.90718
-30.9765 -4.56083e-13 3.93691
-31.3004 -4.65014e-13 3.9667
-31.6246 -4.14965e-13 3.99657
-31.949 -3.66446e-13 4.02647
-32.2734 -3.53109e-13 4.05641
-32.598 -3.3128e-13 4.0864
-32.9228 -2.83902e-13 4.11642
-33.2476 -2.97191e-13 4.14647
-32.9644 -4.677e-13 4.08016
-32.6784 -6.23579e-13 4.01429
-32.39 -7.76972e-13 3.94894
-32.1008 -9.1666e-13 3.88385
-31.81 -1.15401e-12 3.81934
-31.5181 -1.41225e-12 3.75537
-31.2238 -8.74545e-13 3.69221
-30.9275 -8.2984e-13 3.62979
-30.6297 -1.11389e-12 3.56791
-30.3318 -1.20233e-12 3.50701
-30.0346 -1.2057e-12 3.44702
-29.7369 -1.21471e-12 3.3873
-29.4387 -1.19855e-12 3.32785
-29.1398 -1.20069e-12 3.26867
-28.8402 -1.15582e-12 3.2098
-28.5398 -1.12389e-12 3.15123
-28.2386 -1.10392e-12 3.09296
-27.9365 -1.07017e-12 3.03509
-27.6333 -1.05613e-12 2.97762
-27.3291 -1.01568e-12 2.92059
-27.0238 -9.92803e-13 2.86402
-26.7172 -9.49515e-13 2.80787
-26.4094 -9.12479e-13 2.75219
-26.1003 -8.94696e-13 2.69698
-25.7898 -8.37443e-13 2.64235
-25.4774 -7.99164e-13 2.58846
-25.1632 -7.4348e-13 2.5353
-24.847 -6.68347e-13 2.483
-24.528 -6.08628e-13 2.43152
-24.2063 -5.37091e-13 2.38162
-23.8798 -4.41071e-13 2.33415
-23.5479 -3.55541e-13 2.28938
-23.2079 -2.76568e-13 2.2482
-22.864 -2.0964e-13 2.20947
-22.5174 -1.58469e-13 2.17225
-22.1689 -1.03516e-13 2.13658
-21.8187 -4.9054e-14 2.1019
-21.4669 -1.27541e-14 2.06774
-21.1136 1.86788e-14 2.03421
-20.759 4.07026e-14 2.00121
-20.4032 4.74864e-14 1.9687
-20.0463 6.16887e-14 1.93666
-19.6885 6.52498e-14 1.90522
-19.33 6.37869e-14 1.87432
-18.9712 5.57649e-14 1.84382
-18.6122 5.07336e-14 1.81366
-18.2531 4.23798e-14 1.78396
-17.8955 4.01818e-14 1.75493
-17.5385 3.8001e-14 1.72632
-17.1822 4.29367e-14 1.6981
-16.8262 5.73251e-14 1.67031
-16.4704 7.44522e-14 1.64304
-16.1149 9.67626e-14 1.61595
-15.7591 1.20331e-13 1.58939
-15.4035 1.49384e-13 1.56318
-15.0487 1.80407e-13 1.53709
-14.6951 2.21374e-13 1.51109
-14.3425 2.65796e-13 1.48509
-13.9908 3.10915e-13 1.45916
-13.6399 3.58808e-13 1.43324
-13.2898 4.0559e-13 1.40729
-12.9407 4.5787e-13 1.38136
-12.5926 5.06697e-13 1.35538
-12.2453 5.55674e-13 1.32935
-11.8988 6.0816e-13 1.30325
-11.553 6.59931e-13 1.27713
-11.2077 7.1375e-13 1.25093
-10.8626 7.68098e-13 1.22468
-10.5175 8.29191e-13 1.19848
-10.1721 8.90427e-13 1.1723
-9.82608 9.60201e-13 1.14622
-9.47949 1.03e-12 1.12025
-9.13236 1.1028e-12 1.09435
-8.78479 1.17664e-12 1.06849
-8.43728 1.25003e-12 1.04258
-8.08999 1.31648e-12 1.01655
-7.7429 1.38265e-12 0.990381
-7.39603 1.44493e-12 0.964068
-7.04938 1.50632e-12 0.937614
-6.70309 1.56853e-12 0.91101
-6.35725 1.6254e-12 0.884268
-6.01171 1.67984e-12 0.85737
-5.66647 1.73922e-12 0.830375
-5.32146 1.79351e-12 0.803251
-4.97661 1.85049e-12 0.775973
-4.63188 1.9049e-12 0.748595
-4.28735 1.95641e-12 0.721054
-3.94299 2.00712e-12 0.69331
-3.59885 2.05622e-12 0.665392
-3.25498 2.10231e-12 0.637283
-2.91145 2.14804e-12 0.608943
-2.56827 2.1892e-12 0.580378
-2.22536 2.23137e-12 0.551618
-1.88271 2.26814e-12 0.522634
-1.54025 2.30716e-12 0.493512
-1.19802 2.34306e-12 0.464214
-0.855987 2.3798e-12 0.434797
-0.514174 2.41343e-12 0.405201
-0.172574 2.44558e-12 0.375467
0.168785 2.47671e-12 0.345584
