6.04812e-07 3.81235e-09 -0.0239652
0.0531331 -5.26965e-05 -0.0331695
0.112718 -7.56745e-05 -0.0387064
0.173718 -8.01409e-05 -0.0321097
0.228996 -9.64664e-05 -0.0213594
0.283433 -0.000111955 -0.00717939
0.336226 -0.000124031 0.00819044
0.387964 -0.000135232 0.0241278
0.438724 -0.000147066 0.0403067
0.488802 -0.000159481 0.0566047
0.53839 -0.000171524 0.0730753
0.587701 -0.000183437 0.0896283
0.636747 -0.000195549 0.106071
0.685695 -0.000207524 0.122031
0.735019 -0.000219303 0.136378
0.785954 -0.000227604 0.145847
0.840414 -0.000225913 0.147097
0.89562 -0.000220243 0.143697
0.950006 -0.000214347 0.138345
1.00485 -0.00020809 0.131248
0.956534 -0.000193084 0.114223
0.908051 -0.000177776 0.0972819
0.859438 -0.000161839 0.0804386
0.810696 -0.000145599 0.0636515
0.761775 -0.000129016 0.0469841
0.712625 -0.000111555 0.0304885
0.663195 -9.35621e-05 0.0141964
0.613491 -7.54644e-05 -0.00181108
0.563414 -5.57273e-05 -0.0173442
0.513066 -3.38373e-05 -0.0319291
0.462151 -7.79684e-06 -0.0448231
0.412233 9.96409e-06 -0.0546288
0.362676 1.63564e-05 -0.0623759
0.312352 1.40716e-05 -0.0692617
0.258434 8.9258e-06 -0.075455
0.196612 -2.52914e-06 -0.0801621
0.131482 -3.48365e-05 -0.0784839
0.0647653 -6.61792e-05 -0.0618413
-0.00786043 -6.46367e-05 -0.0421343
-0.0720225 -2.45703e-05 -0.0243078
-0.128816 1.32223e-05 -0.00678397
-0.195919 4.37106e-05 0.0137957
-0.260591 6.72239e-05 0.0346546
-0.322995 9.09777e-05 0.0555278
-0.383983 0.000114003 0.0765664
-0.442245 0.000150229 0.0967048
-0.498901 0.000179324 0.116185
-0.554693 0.000194772 0.135199
-0.60983 0.000209441 0.154158
-0.664699 0.000223755 0.173181
-0.719746 0.000237064 0.192483
-0.776033 0.000247912 0.212709
-0.836541 0.000254429 0.235634
-0.906428 0.000258485 0.263834
-0.983557 0.000264109 0.295957
-1.06157 0.000270002 0.329174
-1.1397 0.000276018 0.362859
-1.21977 0.000282704 0.397084
-1.30313 0.000289894 0.43195
-1.24941 0.000277749 0.412209
-1.19548 0.000265698 0.392407
-1.14144 0.000253841 0.37254
-1.08723 0.000242452 0.352594
-1.0328 0.000231048 0.332565
-0.978548 0.000199628 0.311593
-0.924079 0.000169076 0.290461
-0.869147 0.000138148 0.26916
-0.813257 0.000110078 0.247416
-0.756178 8.97506e-05 0.224797
-0.698624 6.32022e-05 0.202112
-0.640318 3.22989e-05 0.179461
-0.581101 -6.56482e-07 0.156995
-0.519989 -3.47971e-05 0.134569
-0.456163 -6.87801e-05 0.112055
-0.387456 -0.000105333 0.0889979
-0.314283 -0.000140931 0.0650892
-0.24821 -0.00019377 0.0433052
-0.183404 -0.00025034 0.0232452
-0.109961 -0.000280208 0.00295329
-0.044707 -0.00027424 -0.013036
0.0112916 -0.00025026 -0.022613
0.0756537 -0.000238697 -0.0241653
0.145065 -0.000232267 -0.0174842
0.212784 -0.000224028 -0.0104797
0.277931 -0.000216372 -0.00141781
0.340391 -0.000207488 0.00746475
0.402388 -0.000199879 0.0157438
0.463877 -0.000193385 0.0235798
0.525149 -0.000187874 0.0313595
0.58611 -0.000183097 0.0389583
0.640446 -0.000164893 0.0486087
0.692284 -0.000145931 0.0613756
0.741727 -0.000158613 0.0757614
0.791273 -0.000169946 0.0892572
0.841144 -0.000179555 0.101381
0.89163 -0.000187383 0.111432
0.943156 -0.000192408 0.118395
0.996286 -0.000194267 0.12086
1.05184 -0.000192656 0.117718
1.10937 -0.000188128 0.110086
1.16829 -0.000181658 0.0998108
1.22846 -0.000174019 0.0881219
1.28947 -0.000165672 0.0756207
1.35142 -0.000156989 0.0625054
1.41463 -0.000147953 0.0489392
1.47899 -0.00013864 0.0350887
1.54413 -0.000129621 0.0208392
1.61029 -0.00012075 0.00634503
1.67773 -0.00011174 -0.00809955
1.74639 -0.000102733 -0.0223015
1.81546 -9.4474e-05 -0.0359265
1.88394 -8.68204e-05 -0.0478326
1.95369 -8.05539e-05 -0.0583133
2.02616 -7.62218e-05 -0.0673926
2.10158 -7.40072e-05 -0.074672
2.18008 -7.3933e-05 -0.0803776
2.26124 -7.53839e-05 -0.0848792
2.34413 -7.78535e-05 -0.0884995
2.2949 -5.08751e-05 -0.102954
2.24572 -2.26681e-05 -0.117019
2.1956 -1.7935e-05 -0.130109
2.14434 -3.03799e-05 -0.141948
2.09227 -3.35874e-05 -0.152215
2.04009 -3.71425e-05 -0.162202
1.98502 -2.84305e-05 -0.171118
1.92999 -1.83086e-05 -0.178727
1.87552 -1.03844e-05 -0.185511
1.82141 -4.2394e-06 -0.191541
1.7676 1.40966e-06 -0.196852
1.71388 6.27608e-06 -0.20179
1.66024 1.03416e-05 -0.206396
1.6067 1.38698e-05 -0.210654
1.55322 1.71417e-05 -0.214476
1.49981 1.9645e-05 -0.218156
1.44633 2.17478e-05 -0.221575
1.3927 2.3412e-05 -0.224618
1.33893 2.46163e-05 -0.227393
1.28496 2.56443e-05 -0.229613
1.23052 2.66805e-05 -0.231584
1.17537 2.76779e-05 -0.233173
1.1191 2.84849e-05 -0.234359
1.0608 2.93154e-05 -0.235144
0.99918 3.03001e-05 -0.235454
0.932842 2.98721e-05 -0.234898
0.861796 3.13985e-05 -0.233327
0.789047 3.26787e-05 -0.230692
0.715214 3.33592e-05 -0.226721
0.640079 3.41115e-05 -0.221292
0.563746 3.55884e-05 -0.214397
0.487705 4.00497e-05 -0.205782
0.416551 5.35125e-05 -0.19545
0.350618 7.64861e-05 -0.182941
0.286595 9.79109e-05 -0.168618
0.226352 0.000115194 -0.152694
0.168307 0.000123433 -0.135348
0.114074 0.000127571 -0.116305
0.0618985 0.000131068 -0.0967411
0.0108962 0.000134569 -0.0771976
-0.0399914 0.000138226 -0.0577018
-0.0941044 0.000142652 -0.0375164
-0.153929 0.000148348 -0.0159656
-0.219972 0.000155398 0.00734934
-0.289751 0.00016317 0.0320836
-0.361081 0.000171059 0.0579943
-0.432521 0.000178739 0.0849878
-0.503435 0.000186103 0.112976
-0.573505 0.000193068 0.1418
-0.642824 0.000199657 0.171297
-0.711782 0.000205898 0.201383
-0.78057 0.000211765 0.231979
-0.849722 0.000217351 0.263151
-0.919268 0.000222668 0.294833
-0.988871 0.000227691 0.326857
-1.0587 0.000232463 0.359215
-1.13138 0.000237387 0.392151
-1.20254 0.00024688 0.424009
-1.26997 0.000262015 0.454327
-1.34214 0.000270571 0.484936
-1.41687 0.000278575 0.516863
-1.49332 0.000286369 0.549745
-1.57098 0.000294136 0.583153
-1.6498 0.000301864 0.616846
-1.7298 0.000309424 0.650828
-1.81059 0.000317124 0.684939
-1.89197 0.000325078 0.719033
-1.97454 0.00033307 0.753222
-2.05861 0.000340986 0.787548
-2.14425 0.000346688 0.821808
-2.23116 0.000351678 0.85599
-2.31965 0.000357015 0.890188
-2.41028 0.000362058 0.924489
-2.50352 0.000366631 0.958994
-2.59935 0.000370803 0.993745
-2.69749 0.000374534 1.02871
-2.79794 0.00037782 1.06393
-2.89948 0.00038059 1.09921
-3.00185 0.000382929 1.13452
-2.94965 0.000358261 1.11377
-2.89739 0.000337119 1.09277
-2.84406 0.000323541 1.0706
-2.79101 0.000308054 1.04838
-2.73827 0.000290981 1.02613
-2.68593 0.000271772 1.00388
-2.63372 0.000251539 0.981573
-2.58164 0.000230502 0.959198
-2.52978 0.000209402 0.936827
-2.47785 0.000187866 0.914337
-2.42601 0.000166404 0.891807
-2.37415 0.000144899 0.869154
-2.3223 0.000123607 0.846405
-2.27037 0.000102564 0.823513
-2.21821 8.17255e-05 0.800421
-2.16565 6.10648e-05 0.777095
-2.11292 4.07886e-05 0.753597
-2.05986 2.07699e-05 0.729863
-2.00639 1.54386e-06 0.705872
-1.95242 -1.71568e-05 0.681608
-1.89777 -3.54566e-05 0.657028
-1.84198 -5.34709e-05 0.632103
-1.78478 -7.13025e-05 0.606724
-1.72535 -8.8965e-05 0.580791
-1.662 -0.000107401 0.553784
-1.5914 -0.000124996 0.524994
-1.51709 -0.000142189 0.495437
-1.44022 -0.000159403 0.465424
-1.36061 -0.00017673 0.434957
-1.27895 -0.000193359 0.404444
-1.19809 -0.000207829 0.377985
-1.11658 -0.000220554 0.353875
-1.0344 -0.000231649 0.330885
-0.953535 -0.000239876 0.310923
-0.874433 -0.000243685 0.295574
-0.798771 -0.000241935 0.282107
-0.73094 -0.000238167 0.272453
-0.662256 -0.000233444 0.265928
-0.589999 -0.000230063 0.262945
-0.511451 -0.000229484 0.262048
-0.430063 -0.000228754 0.259827
-0.349374 -0.000227798 0.256878
-0.26921 -0.000226874 0.25325
-0.189133 -0.000225845 0.248729
-0.10843 -0.000224681 0.243602
-0.0276884 -0.000223363 0.237696
0.0527839 -0.000221935 0.231064
0.133041 -0.000220406 0.223551
0.213485 -0.000218795 0.215286
0.293972 -0.000217129 0.206311
0.374619 -0.000215467 0.196565
0.455291 -0.00021393 0.186127
0.53536 -0.000212569 0.175142
0.615138 -0.000211345 0.16375
0.694705 -0.000210308 0.151882
0.774411 -0.00020943 0.139583
0.854759 -0.000208673 0.126912
0.935033 -0.000208032 0.113837
1.01528 -0.000207531 0.100324
1.09552 -0.00020716 0.0863993
1.176 -0.000206911 0.0720762
1.25794 -0.000206728 0.057461
1.33841 -0.00020624 0.0427332
1.3994 -0.000200774 0.0311088
1.46342 -0.000195074 0.023217
1.52663 -0.000189236 0.0160514
1.58795 -0.000182703 0.0101284
1.64904 -0.000176435 0.00388483
1.70987 -0.000170357 -0.00248615
1.76923 -0.000163709 -0.00825509
1.82875 -0.000157399 -0.0142875
1.88854 -0.000151426 -0.0204055
1.94884 -0.000145773 -0.0265468
2.00991 -0.000140455 -0.0325325
2.07216 -0.000135476 -0.0380477
2.1361 -0.000130835 -0.0429283
2.20225 -0.000126441 -0.0467996
2.27054 -0.000121735 -0.049786
2.34274 -0.000117307 -0.0515427
2.41913 -0.000113135 -0.0520826
2.49947 -0.000109184 -0.051568
2.583 -0.000105443 -0.0501068
2.6692 -0.000101886 -0.0478822
2.75845 -9.84727e-05 -0.0453238
2.84944 -9.51881e-05 -0.0424589
2.9417 -9.2026e-05 -0.0392764
3.03489 -9.21827e-05 -0.0358064
3.12881 -9.6881e-05 -0.0322289
3.22278 -0.000101866 -0.0286391
3.31658 -0.000106873 -0.0249948
3.41026 -0.000112389 -0.0211947
3.50397 -0.000117902 -0.0173242
3.64493 -0.00012621 -0.0113402
3.73969 -0.000131645 -0.00708291
3.83459 -0.000137113 -0.00268066
3.92931 -0.000142616 0.00177294
4.02329 -0.000148166 0.00608349
4.11524 -0.000153655 0.00995956
4.20236 -0.000158692 0.0129526
4.28456 -0.000163476 0.0148046
4.36564 -0.000168183 0.0163579
4.44689 -0.000172838 0.0179085
4.52828 -0.00017744 0.0194875
4.60983 -0.000181989 0.0211039
4.69158 -0.000186496 0.0227608
4.77351 -0.000190968 0.02447
4.85558 -0.000195421 0.0262326
4.93776 -0.000199847 0.0280654
5.02007 -0.000204264 0.0299676
5.1025 -0.000208683 0.0319575
5.185 -0.000213114 0.0339952
5.26754 -0.000217557 0.0360629
5.35013 -0.00022196 0.0381551
5.43279 -0.000226332 0.0402708
5.51552 -0.000230372 0.0423833
5.59829 -0.000233503 0.044433
5.68114 -0.000236624 0.0465026
5.76407 -0.000239745 0.0486007
5.84709 -0.000242846 0.0507375
5.93023 -0.00024595 0.0529274
5.87993 -0.000206812 0.0367116
5.82962 -0.000167565 0.0205668
5.77931 -0.000128272 0.00457252
5.72775 -0.000106707 -0.0106515
5.67378 -0.000103535 -0.0240058
5.61913 -9.45306e-05 -0.0362397
5.56434 -8.51255e-05 -0.0480556
5.50927 -7.40191e-05 -0.0589751
5.45409 -6.31479e-05 -0.0696769
5.39886 -5.24015e-05 -0.0797896
5.3435 -4.19456e-05 -0.0895188
5.28804 -3.20599e-05 -0.098845
5.23244 -2.27507e-05 -0.107834
5.17671 -1.42273e-05 -0.116408
5.12093 -6.41774e-06 -0.124551
5.06496 8.3024e-07 -0.132319
5.0091 7.3536e-06 -0.13972
4.95347 1.25202e-05 -0.146389
4.89819 1.60775e-05 -0.152279
4.84323 1.76228e-05 -0.157493
4.78804 1.80174e-05 -0.162274
4.73265 1.73162e-05 -0.166775
4.67733 1.56335e-05 -0.171002
4.62188 1.28617e-05 -0.175053
4.56613 9.34435e-06 -0.178911
4.51024 4.77665e-06 -0.182735
4.45386 -5.65743e-07 -0.186427
4.39685 -6.4706e-06 -0.189841
4.33926 -1.29283e-05 -0.193063
4.28063 -1.96419e-05 -0.196142
4.22008 -2.55236e-05 -0.198977
4.15731 -3.05767e-05 -0.201473
4.08993 -3.35005e-05 -0.203172
4.01983 -3.69431e-05 -0.204665
3.9465 -4.03591e-05 -0.205834
3.87044 -4.26623e-05 -0.206733
3.79175 -4.36974e-05 -0.207022
3.71044 -4.31836e-05 -0.206665
3.62637 -4.02836e-05 -0.205611
3.53973 -3.47551e-05 -0.204011
3.45146 -2.71321e-05 -0.201996
3.36294 -1.75121e-05 -0.199563
3.27493 -6.54038e-06 -0.196602
3.1872 5.46398e-06 -0.193316
3.10022 1.78302e-05 -0.189658
3.01371 3.0929e-05 -0.185865
2.9276 4.4428e-05 -0.182078
2.84159 5.80503e-05 -0.178342
2.75567 7.15862e-05 -0.174655
2.66969 8.48049e-05 -0.17101
2.58345 9.74828e-05 -0.167393
2.49659 0.00010927 -0.163679
2.40841 0.000119764 -0.159702
2.31806 0.000128935 -0.155272
2.22693 0.000137474 -0.150797
2.13561 0.000145625 -0.146435
2.0441 0.000153402 -0.142189
1.95241 0.000160818 -0.138031
1.86054 0.000167874 -0.133995
1.7685 0.000174575 -0.130082
1.67622 0.000180932 -0.126238
1.58362 0.000186957 -0.122392
1.49061 0.000192692 -0.118453
1.39729 0.000198183 -0.114485
1.30381 0.000203464 -0.11057
1.21016 0.000208613 -0.10669
1.11636 0.000213617 -0.102888
1.02244 0.000218433 -0.0991414
0.928458 0.000223139 -0.0954379
0.834405 0.000227692 -0.0917901
0.740308 0.000232067 -0.0882319
0.646125 0.000236325 -0.0845579
0.551886 0.000240486 -0.0807737
0.463415 0.000244078 -0.0751034
0.379828 0.000247197 -0.0677069
0.296599 0.000250195 -0.0598848
0.213538 0.000253107 -0.0514523
0.130527 0.000255933 -0.0416345
0.0485555 0.000258576 -0.0306373
-0.0323266 0.000261027 -0.0182144
-0.111745 0.00026326 -0.00394478
-0.190832 0.000265429 0.0132306
-0.270657 0.000267679 0.0353293
-0.351516 0.000270018 0.061346
-0.432499 0.000272303 0.0884937
-0.513683 0.000274521 0.1161
-0.594947 0.000276635 0.143958
-0.67619 0.000278606 0.172118
-0.757293 0.000280401 0.200817
-0.838154 0.000281983 0.230357
-0.918734 0.000283319 0.260838
-0.999322 0.000284433 0.292065
-1.08022 0.000285338 0.323937
-1.16149 0.000286035 0.356337
-1.24297 0.000286521 0.389107
-1.3245 0.000286796 0.42215
-1.40599 0.000286877 0.455401
-1.48738 0.00028679 0.488797
-1.56864 0.000286551 0.522339
-1.64975 0.000286182 0.556009
-1.7307 0.000285697 0.589748
-1.81148 0.000285108 0.623563
-1.89207 0.000284421 0.657414
-1.97256 0.000283648 0.691328
-2.05296 0.000282796 0.725266
-2.13339 0.000281886 0.759248
-2.21387 0.00028093 0.793278
-2.29452 0.000279938 0.827339
-2.37538 0.000278918 0.861441
-2.45659 0.000277893 0.895574
-2.53818 0.000276872 0.92976
-2.62031 0.000275874 0.96398
-2.70309 0.00027492 0.99824
-2.7858 0.000274277 1.03229
-2.85731 0.000278762 1.06214
-2.9297 0.000283129 1.09199
-3.00294 0.000287408 1.12182
-3.07703 0.000291602 1.15162
-3.15188 0.000295698 1.18142
-3.22727 0.000299689 1.21114
-3.3101 0.000303862 1.24235
-3.39659 0.000308023 1.27429
-3.48362 0.000312056 1.30627
-3.57303 0.000316011 1.33882
-3.66255 0.000319799 1.3714
-3.75178 0.000323482 1.40394
-3.84078 0.000326934 1.43634
-3.92978 0.00033016 1.46868
-4.01874 0.000333162 1.50102
-4.10768 0.000335959 1.53343
-4.19678 0.000338581 1.56594
-4.28697 0.000341343 1.5988
-4.42295 0.000345333 1.64829
-4.51404 0.000347901 1.68137
-4.60543 0.000350399 1.71449
-4.69712 0.000352851 1.74768
-4.78907 0.000355253 1.7809
-4.88126 0.000357607 1.81416
-4.97373 0.000359922 1.84747
-5.06707 0.000362387 1.88094
-5.16121 0.000364992 1.91457
-5.25563 0.000367566 1.94826
-5.3503 0.000370112 1.982
-5.44527 0.000372631 2.01579
-5.54053 0.00037512 2.04964
-5.63604 0.000377586 2.08352
-5.73179 0.00038003 2.11745
-5.82777 0.000382455 2.1514
-5.924 0.000384863 2.18539
-6.02182 0.000387566 2.21964
-6.12011 0.000390299 2.25397
-6.21862 0.000393013 2.28833
-6.31733 0.000395708 2.32272
-6.41641 0.000398402 2.35712
-6.51665 0.000401232 2.39143
-6.61744 0.000404127 2.42589
-6.71888 0.000404684 2.46037
-6.8207 0.000402972 2.49481
-6.92266 0.000401264 2.52927
-7.02476 0.000399542 2.56375
-7.12704 0.000398261 2.59825
-7.07306 0.00039077 2.57766
-7.01954 0.000377544 2.55616
-6.96608 0.000365194 2.53462
-6.91271 0.000352467 2.51302
-6.85947 0.000338618 2.49136
-6.80647 0.000323277 2.46964
-6.7537 0.000306684 2.44789
-6.70125 0.000288633 2.42614
-6.64899 0.000269674 2.40436
-6.5969 0.000250533 2.38269
-6.54484 0.000230975 2.361
-6.49255 0.000211435 2.33914
-6.44 0.000191742 2.31708
-6.38713 0.000172218 2.29484
-6.33402 0.000152811 2.27244
-6.2807 0.000133749 2.24989
-6.22719 0.000114976 2.22716
-6.17316 9.65482e-05 2.20437
-6.11869 7.83707e-05 2.18134
-6.06374 6.04896e-05 2.15806
-6.00824 4.29683e-05 2.13453
-5.95213 2.57252e-05 2.11068
-5.89544 9.01409e-06 2.08661
-5.83821 -7.00608e-06 2.06242
-5.78019 -2.27925e-05 2.03799
-5.72127 -3.82333e-05 2.01323
-5.66144 -5.34327e-05 1.98841
-5.60042 -6.84595e-05 1.96369
-5.53832 -8.34972e-05 1.93969
-5.47454 -9.88347e-05 1.91666
-5.40867 -0.000114836 1.89489
-5.34009 -0.000131289 1.87455
-5.26845 -0.000147029 1.85429
-5.19172 -0.000159354 1.83399
-5.11295 -0.000171178 1.8146
-5.03238 -0.000182468 1.79545
-4.95044 -0.000193021 1.77614
-4.86737 -0.000202757 1.75647
-4.78317 -0.000211601 1.73644
-4.69788 -0.000219367 1.71619
-4.61138 -0.00022593 1.69593
-4.52404 -0.00023125 1.67555
-4.43563 -0.000234858 1.65499
-4.3463 -0.000236504 1.63422
-4.25647 -0.000236646 1.61344
-4.16675 -0.000235594 1.59327
-4.07829 -0.000232984 1.57503
-3.99048 -0.000229211 1.55748
-3.90187 -0.000225153 1.54097
-3.81329 -0.000220821 1.52472
-3.72404 -0.000216445 1.50908
-3.63409 -0.000212224 1.49418
-3.54303 -0.000209025 1.48049
-3.45186 -0.000206 1.46682
-3.36028 -0.000203283 1.45293
-3.26827 -0.000200719 1.43834
-3.1761 -0.000198173 1.42336
-3.08373 -0.000195598 1.40791
-2.9912 -0.000192992 1.39203
-2.89858 -0.000190411 1.37585
-2.80594 -0.000187844 1.35935
-2.71326 -0.000185285 1.34255
-2.62051 -0.000182767 1.32553
-2.52775 -0.000180228 1.30823
-2.4349 -0.000177739 1.29072
-2.34194 -0.000175271 1.27297
-2.24905 -0.000172802 1.25505
-2.15621 -0.000170338 1.23697
-2.06329 -0.000167912 1.21873
-1.97022 -0.000165559 1.20025
-1.87704 -0.000163278 1.18159
-1.78376 -0.00016108 1.16281
-1.69041 -0.000158948 1.144
-1.59697 -0.000156891 1.12519
-1.50337 -0.000154913 1.10638
-1.40957 -0.000153017 1.08751
-1.31552 -0.000151203 1.0686
-1.22122 -0.000149469 1.04966
-1.12665 -0.000147809 1.03078
-1.03178 -0.000146223 1.01189
-0.936618 -0.00014471 0.992989
-0.841116 -0.000143261 0.974078
-0.745213 -0.000141872 0.955174
-0.648835 -0.000140541 0.936338
-0.551963 -0.000139262 0.917489
-0.454889 -0.000138067 0.898704
-0.361411 -0.000137397 0.88097
-0.267753 -0.000136842 0.863565
-0.175991 -0.000136702 0.847345
-0.0840715 -0.0001367 0.831786
0.00941326 -0.000136686 0.816625
0.100752 -0.000137073 0.803
0.191039 -0.000137635 0.790107
0.279896 -0.000138385 0.777739
0.368791 -0.000139177 0.765451
0.457715 -0.000140006 0.753245
0.546593 -0.000140882 0.741077
0.635751 -0.00014178 0.728892
0.725224 -0.000142697 0.716657
0.814986 -0.000143654 0.704357
0.904982 -0.000144657 0.692016
0.995112 -0.000145729 0.679651
1.08531 -0.000146884 0.667272
1.17556 -0.00014812 0.654895
1.2658 -0.000149424 0.642553
1.35609 -0.000150783 0.630245
1.44647 -0.000152181 0.617979
1.53693 -0.000153617 0.605765
1.62743 -0.000155087 0.593618
1.71794 -0.000156589 0.581547
1.80841 -0.000158126 0.569569
1.89887 -0.000159689 0.557691
1.98928 -0.000161281 0.545921
2.07965 -0.000162898 0.534264
2.16997 -0.000164533 0.522709
2.26028 -0.000166187 0.511243
2.35058 -0.000167857 0.499862
2.44088 -0.000169537 0.488562
2.53116 -0.00017123 0.477355
2.62147 -0.000172926 0.466246
2.71177 -0.000174628 0.455254
2.80201 -0.000176275 0.444684
2.89098 -0.000176824 0.441229
2.98224 -0.000177652 0.437866
3.07314 -0.00017834 0.434757
3.16323 -0.00017827 0.433793
3.25349 -0.000178218 0.432833
3.34568 -0.000178173 0.432296
3.43456 -0.000176973 0.433317
3.52291 -0.000175627 0.434472
3.60574 -0.000173669 0.43564
3.67744 -0.000170253 0.436399
3.75033 -0.000166519 0.437529
3.82323 -0.000162785 0.438564
3.89639 -0.000159139 0.439496
4.00667 -0.000153825 0.440725
4.08052 -0.000150379 0.441429
4.15521 -0.000146992 0.442145
4.23225 -0.000143632 0.44318
4.30953 -0.000140592 0.444132
4.38662 -0.000144435 0.444817
4.46401 -0.000148026 0.445467
4.5417 -0.000151384 0.446095
4.61969 -0.000154542 0.446695
4.69795 -0.000157497 0.447264
4.77643 -0.000160273 0.447815
4.85514 -0.000162878 0.448358
4.93651 -0.000165401 0.449444
5.01816 -0.000167797 0.450556
5.10003 -0.000170076 0.451696
5.18209 -0.000172253 0.452867
5.26434 -0.000174335 0.454075
5.34675 -0.000176356 0.45533
5.42925 -0.000178326 0.45663
5.51184 -0.000180271 0.457983
5.59451 -0.000182212 0.459409
5.67724 -0.000184164 0.460903
5.76003 -0.00018614 0.462476
5.8435 -0.000188184 0.464354
5.92725 -0.000190301 0.466431
6.01083 -0.000192507 0.468579
6.09434 -0.000194791 0.4708
6.17774 -0.000197155 0.47309
6.26095 -0.000199605 0.475454
6.34396 -0.000202132 0.477875
6.42677 -0.000204737 0.480329
6.50938 -0.000207404 0.482811
6.59181 -0.000210115 0.485321
6.67407 -0.000212858 0.487838
6.75618 -0.000215626 0.490359
6.83813 -0.000218421 0.492881
6.91996 -0.000221234 0.495406
7.00185 -0.000224 0.497924
7.0846 -0.000226466 0.500387
7.16767 -0.000228765 0.50284
7.25071 -0.000231076 0.505309
7.3338 -0.00023338 0.507795
7.4169 -0.000235682 0.510304
7.49999 -0.000237992 0.512838
7.5831 -0.000240293 0.515444
7.66625 -0.000242591 0.518094
7.61584 -0.000204235 0.501979
7.56536 -0.000165622 0.485984
7.51476 -0.00012693 0.47015
7.46172 -0.000121552 0.45544
7.40751 -0.00012001 0.441835
7.35241 -0.000111978 0.429444
7.29711 -0.000103314 0.4175
7.24147 -9.3349e-05 0.406336
7.1857 -8.3737e-05 0.395516
7.12976 -7.43145e-05 0.385078
7.07351 -6.51523e-05 0.375091
7.01691 -5.64597e-05 0.365338
6.96013 -4.8021e-05 0.35595
6.90325 -4.00916e-05 0.346843
6.84659 -3.24957e-05 0.338237
6.79 -2.54773e-05 0.330022
6.73309 -1.90219e-05 0.322086
6.67609 -1.33023e-05 0.314466
6.61896 -8.38169e-06 0.307227
6.56152 -4.25295e-06 0.300314
6.504 -8.90237e-07 0.29365
6.44659 1.23958e-06 0.287534
6.38919 1.93249e-06 0.282193
6.3306 2.31773e-06 0.27778
6.27052 2.83828e-06 0.273976
6.2081 4.39277e-06 0.270895
6.14531 4.9347e-06 0.267949
6.08209 4.6563e-06 0.265149
6.01862 3.47261e-06 0.262318
5.95466 1.80955e-06 0.259634
5.89001 -2.74097e-07 0.25712
5.8246 -2.65308e-06 0.254722
5.75847 -5.16038e-06 0.252476
5.69161 -7.37569e-06 0.250501
5.62312 -9.99761e-06 0.249001
5.5527 -1.29944e-05 0.248239
5.47956 -1.579e-05 0.248045
5.40359 -1.7081e-05 0.248366
5.32479 -1.66137e-05 0.249534
5.24328 -1.39948e-05 0.251278
5.15996 -9.75341e-06 0.253206
5.07508 -4.48782e-06 0.255327
4.98848 1.71634e-06 0.257618
4.90038 8.73594e-06 0.259994
4.81124 1.62116e-05 0.262399
4.72137 2.40644e-05 0.264764
4.63058 3.22635e-05 0.267074
4.53936 4.06141e-05 0.269278
4.44789 4.90043e-05 0.271365
4.35627 5.74429e-05 0.273344
4.26476 6.59865e-05 0.275189
4.17348 7.47538e-05 0.276989
4.08253 8.37202e-05 0.278905
3.99151 9.2656e-05 0.281046
3.89977 0.000101138 0.283475
3.80646 0.000108866 0.286409
3.71263 0.00011629 0.289435
3.61889 0.000123715 0.292362
3.52522 0.000131068 0.295176
3.43161 0.00013825 0.297897
3.33808 0.000145304 0.300512
3.2446 0.000152069 0.303049
3.15105 0.000158311 0.305518
3.05734 0.000163881 0.30793
2.96348 0.000169028 0.310255
2.86947 0.000173967 0.312496
2.77524 0.000178686 0.314682
2.68083 0.000183204 0.316802
2.58627 0.000187595 0.318839
2.49149 0.0001919 0.320857
2.39659 0.000196061 0.322769
2.30155 0.00020009 0.324615
2.20633 0.00020409 0.326434
2.11103 0.000207964 0.328145
2.01568 0.000211706 0.329716
1.92028 0.00021538 0.331219
1.82478 0.000219025 0.332672
1.72928 0.000222528 0.333953
1.63379 0.000225937 0.335093
1.53826 0.000229303 0.336181
1.44274 0.00023259 0.337134
1.34724 0.000235764 0.337914
1.25176 0.000238838 0.338542
1.15629 0.000241851 0.339094
1.06083 0.000244769 0.339501
0.965368 0.000247594 0.339736
0.869918 0.000250319 0.339831
0.774472 0.000252972 0.339882
0.679057 0.000255538 0.339771
0.583649 0.000258019 0.339504
0.48826 0.000260412 0.33909
0.392883 0.000262726 0.338555
0.297483 0.000264955 0.337905
0.202031 0.00026711 0.337138
0.106521 0.000269186 0.336254
0.0109706 0.000271186 0.335245
-0.0846247 0.000273113 0.334113
-0.180268 0.000274972 0.33288
-0.275992 0.00027677 0.331567
-0.371798 0.000278504 0.330125
-0.467755 0.000280183 0.328561
-0.563861 0.000281801 0.326846
-0.65441 0.000282948 0.325491
-0.743696 0.000283956 0.324165
-0.82984 0.000284718 0.325279
-0.914422 0.00028539 0.3278
-0.998703 0.000285978 0.331161
-1.08112 0.00028647 0.339772
-1.162 0.000286832 0.35066
-1.24096 0.000287041 0.3638
-1.31989 0.000287042 0.380606
-1.39906 0.000286607 0.403324
-1.47851 0.00028586 0.429512
-1.55815 0.000285135 0.45653
-1.6382 0.00028456 0.484204
-1.71867 0.000284166 0.512661
-1.79925 0.000283951 0.542129
-1.87987 0.000283852 0.572505
-1.96085 0.000283826 0.603264
-2.04224 0.000283859 0.634271
-2.12395 0.000283932 0.665479
-2.20594 0.000284038 0.696939
-2.28827 0.000284168 0.728724
-2.37084 0.000284311 0.760816
-2.45345 0.000284451 0.793109
-2.53602 0.000284576 0.825529
-2.61847 0.000284678 0.858043
-2.70076 0.000284752 0.890621
-2.78288 0.000284798 0.923252
-2.8648 0.000284814 0.955937
-2.94654 0.000284804 0.988663
-3.02812 0.000284765 1.02143
-3.10953 0.0002847 1.05423
-3.19079 0.000284611 1.08705
-3.27195 0.000284504 1.1199
-3.35297 0.000284374 1.15278
-3.43399 0.000284232 1.1857
-3.51492 0.000284072 1.21863
-3.59584 0.000283902 1.25158
-3.67676 0.00028372 1.28455
-3.75771 0.000283533 1.31753
-3.83873 0.000283343 1.35052
-3.91986 0.000283151 1.38354
-4.00108 0.000282957 1.41657
-4.08248 0.000282769 1.44961
-4.16401 0.000282581 1.48266
-4.28669 0.000282313 1.53228
-4.36873 0.000282141 1.56539
-4.45107 0.000281983 1.5985
-4.53364 0.000281834 1.63164
-4.61651 0.000281699 1.66481
-4.69283 0.000284816 1.69546
-4.76872 0.000288309 1.72581
-4.84497 0.000291721 1.75617
-4.92157 0.000295053 1.78656
-4.99948 0.000298402 1.81718
-5.0806 0.000302044 1.84843
-5.16219 0.000305654 1.87975
-5.24421 0.000309211 1.91112
-5.32743 0.000312692 1.94275
-5.41142 0.000316115 1.97452
-5.49583 0.00031949 2.00634
-5.58062 0.000322817 2.03824
-5.66574 0.000326094 2.0702
-5.75299 0.000329613 2.10267
-5.84086 0.0003331 2.13526
-5.92911 0.00033654 2.1679
-6.01771 0.000339934 2.2006
-6.10663 0.000343279 2.23335
-6.19587 0.00034658 2.26616
-6.28554 0.00034984 2.29907
-6.37557 0.000353061 2.33205
-6.46594 0.000356241 2.36509
-6.55726 0.000359554 2.39831
-6.6492 0.000362894 2.43167
-6.74219 0.000366211 2.4653
-6.83543 0.000369485 2.499
-6.92894 0.000372718 2.53276
-7.02273 0.00037591 2.5666
-7.11676 0.000379062 2.60049
-7.21181 0.000382331 2.63452
-7.30764 0.000384357 2.66858
-7.40407 0.000384621 2.7026
-7.50075 0.000384813 2.73668
-7.59765 0.000384923 2.7708
-7.69477 0.000384959 2.80497
-7.79219 0.000384968 2.83917
-7.89087 0.000385238 2.87325
-7.99 0.00038551 2.90735
-8.08943 0.000385756 2.94147
-8.18906 0.000385959 2.97562
-8.28893 0.000386129 3.00981
-8.38909 0.000386281 3.0441
-8.48945 0.000386379 3.07841
-8.59005 0.000386442 3.11272
-8.69088 0.00038649 3.14704
-8.79189 0.000386511 3.18139
-8.89308 0.000386516 3.21573
-8.99442 0.000386506 3.25007
-9.0959 0.000386478 3.28444
-9.19752 0.000386433 3.31882
-9.14297 0.000391838 3.29995
-9.08896 0.000379363 3.27922
-9.03521 0.000367182 3.25805
-8.98143 0.000355241 3.2368
-8.92771 0.000342977 3.21542
-8.87403 0.000330388 3.19392
-8.82041 0.0003176 3.17235
-8.76667 0.000303758 3.15082
-8.71289 0.000288637 3.1292
-8.65935 0.000272685 3.10762
-8.60612 0.000255214 3.08606
-8.55266 0.000237006 3.06436
-8.49895 0.000218483 3.0425
-8.44498 0.000199653 3.02044
-8.39067 0.000180802 2.9982
-8.33595 0.000162099 2.97576
-8.2808 0.00014353 2.95307
-8.2253 0.000125122 2.93018
-8.16942 0.000106948 2.90705
-8.11317 8.90368e-05 2.88366
-8.05637 7.13944e-05 2.86002
-7.999 5.40225e-05 2.83612
-7.94101 3.69065e-05 2.81199
-7.88237 2.00891e-05 2.7876
-7.82293 3.67951e-06 2.763
-7.76274 -1.21076e-05 2.73823
-7.70165 -2.76811e-05 2.71341
-7.63963 -4.30059e-05 2.68861
-7.57648 -5.81399e-05 2.66371
-7.51224 -7.33942e-05 2.63962
-7.44607 -8.80875e-05 2.61641
-7.3775 -0.000102684 2.59435
-7.30337 -0.000115144 2.5727
-7.22691 -0.000127445 2.55169
-7.14856 -0.00013931 2.5309
-7.06832 -0.00015051 2.51112
-6.98648 -0.00016103 2.49157
-6.90349 -0.000170794 2.47177
-6.8191 -0.000179799 2.4518
-6.73347 -0.000187972 2.43159
-6.64662 -0.000195194 2.41108
-6.55879 -0.000201378 2.39033
-6.46988 -0.000206194 2.36937
-6.38015 -0.00020932 2.34821
-6.28989 -0.000211059 2.32687
-6.19934 -0.000211665 2.30544
-6.10842 -0.000211126 2.28428
-6.01881 -0.000209371 2.26445
-5.9296 -0.000206689 2.24516
-5.84062 -0.000203419 2.22638
-5.75122 -0.000199824 2.20807
-5.66094 -0.000196322 2.19063
-5.5703 -0.000192833 2.17342
-5.47803 -0.000189741 2.15707
-5.38462 -0.000186955 2.1413
-5.29099 -0.0001845 2.12603
-5.19797 -0.000181934 2.11126
-5.1049 -0.000179534 2.0966
-5.01151 -0.00017733 2.08165
-4.91794 -0.000175209 2.06631
-4.82427 -0.000173096 2.0507
-4.73046 -0.000170986 2.03469
-4.63657 -0.000168957 2.01848
-4.5427 -0.000166877 2.00201
-4.44874 -0.000164858 1.9853
-4.35477 -0.000162826 1.96836
-4.26074 -0.000160804 1.95121
-4.1666 -0.000158818 1.93382
-4.07241 -0.000156808 1.9162
-3.97806 -0.000154841 1.89833
-3.88355 -0.000152892 1.8802
-3.78884 -0.000151009 1.86179
-3.69395 -0.000149183 1.84314
-3.59884 -0.000147434 1.82427
-3.5036 -0.000145759 1.80527
-3.40829 -0.000144151 1.78617
-3.31289 -0.000142609 1.76702
-3.21743 -0.000141127 1.7478
-3.1219 -0.000139694 1.72855
-3.02643 -0.000138292 1.70933
-2.93103 -0.000136923 1.69015
-2.83558 -0.000135614 1.67094
-2.74011 -0.000134342 1.65178
-2.64461 -0.000133116 1.63265
-2.54904 -0.000131946 1.6135
-2.45335 -0.000130824 1.59437
-2.35759 -0.000129756 1.57525
-2.26173 -0.000128742 1.55613
-2.16579 -0.000127772 1.53703
-2.06976 -0.000126856 1.51795
-1.97369 -0.000125985 1.4989
-1.87757 -0.000125165 1.47988
-1.78136 -0.000124391 1.46089
-1.68508 -0.000123661 1.44193
-1.58869 -0.00012297 1.42301
-1.49223 -0.000122316 1.40416
-1.39565 -0.000121701 1.38535
-1.29899 -0.000121124 1.36657
-1.20221 -0.000120578 1.34784
-1.10529 -0.000120066 1.32924
