1.90859e-07 -1.30755e-07 -0.0173672
0.0318824 -2.41668e-05 -0.0246662
0.0670318 -4.18126e-05 -0.0292627
0.104485 -2.069e-05 -0.0254426
0.137428 -7.30038e-06 -0.0203801
0.170655 -1.07659e-05 -0.0122377
0.202954 -1.15803e-05 -0.00250425
0.234543 -1.12238e-05 0.00796393
0.265419 -1.07176e-05 0.0187142
0.295811 -9.98137e-06 0.0296472
0.325881 -1.00734e-05 0.0406551
0.355762 -1.01353e-05 0.0517424
0.385447 -9.76133e-06 0.062841
0.415026 -8.58384e-06 0.0737244
0.444653 -4.73494e-06 0.0838539
0.474549 1.86089e-06 0.0912154
0.504992 -1.09805e-07 0.0928153
0.534958 -9.92398e-06 0.0911029
0.564187 -2.11542e-05 0.088197
0.593644 -3.12428e-05 0.0838414
0.564668 -3.02512e-05 0.0722636
0.535582 -2.93748e-05 0.0607001
0.50646 -2.88611e-05 0.0491748
0.477282 -2.82125e-05 0.0377113
0.448023 -2.78922e-05 0.026264
0.41868 -2.8129e-05 0.0149922
0.3892 -2.88759e-05 0.00384216
0.359519 -2.9884e-05 -0.00720308
0.329761 -3.28614e-05 -0.0177496
0.30021 -4.0984e-05 -0.0272851
0.270682 -5.01481e-05 -0.03483
0.241377 -5.9998e-05 -0.0412192
0.211943 -6.93479e-05 -0.0467465
0.181788 -7.29594e-05 -0.0515095
0.149276 -7.02485e-05 -0.0555326
0.111974 -7.67751e-05 -0.0582706
0.0740973 -7.91927e-05 -0.0563372
0.0350751 -7.89393e-05 -0.042463
-0.00975102 -0.00012281 -0.0254842
-0.0493943 -0.000143176 -0.0109362
-0.0853005 -0.000124331 0.00322873
-0.12941 -9.77219e-05 0.020971
-0.172157 -7.29137e-05 0.0390201
-0.213182 -4.51582e-05 0.0570381
-0.25285 -1.89767e-05 0.0749902
-0.290934 -3.82406e-05 0.0916719
-0.327824 -4.83767e-05 0.107918
-0.364025 -4.49798e-05 0.124089
-0.399687 -4.17851e-05 0.14012
-0.435109 -3.90174e-05 0.156123
-0.470543 -3.55472e-05 0.172272
-0.506565 -2.95808e-05 0.189061
-0.544836 -1.94423e-05 0.20783
-0.588532 -1.25789e-05 0.231019
-0.636564 -1.79324e-05 0.257886
-0.684929 -2.75161e-05 0.285596
-0.733338 -3.76893e-05 0.313577
-0.783438 -4.65146e-05 0.342189
-0.8364 -5.15383e-05 0.371754
-0.802101 -5.30406e-05 0.35546
-0.76767 -5.47972e-05 0.339111
-0.733188 -5.70341e-05 0.322707
-0.698633 -6.00956e-05 0.306232
-0.663934 -6.36484e-05 0.289688
-0.629338 -4.74452e-05 0.273649
-0.594589 -2.72407e-05 0.257634
-0.559563 -6.79408e-06 0.241481
-0.524187 2.95448e-06 0.224675
-0.488803 -1.7578e-05 0.206509
-0.453197 -3.87079e-05 0.188188
-0.417092 -6.08305e-05 0.169664
-0.380273 -8.32261e-05 0.151001
-0.341991 -0.000106918 0.131956
-0.301607 -0.000132636 0.112395
-0.257606 -0.000163175 0.0919203
-0.210618 -0.000185168 0.0700863
-0.169137 -0.00022642 0.0510583
-0.128205 -0.000264382 0.0337922
-0.0801343 -0.000286369 0.0153015
-0.0369217 -0.000284611 0.000489312
-0.00299632 -0.000253435 -0.00867427
0.0360612 -0.000221734 -0.0121918
0.0804117 -0.000202839 -0.00789034
0.123477 -0.000183157 -0.00354385
0.163656 -0.000157557 0.00126234
0.201218 -0.000128075 0.00580471
0.238241 -0.000100483 0.00975764
0.274727 -7.49216e-05 0.0134158
0.310923 -5.09236e-05 0.0170761
0.346778 -2.83024e-05 0.0206109
0.377793 -5.59549e-05 0.0279464
0.407904 -7.57521e-05 0.037043
0.437332 -7.24949e-05 0.0472804
0.466705 -6.93315e-05 0.0569743
0.496066 -6.64977e-05 0.0657728
0.525447 -6.46645e-05 0.0731404
0.554981 -6.47219e-05 0.0782441
0.584895 -6.67219e-05 0.0799592
0.615727 -6.96334e-05 0.0772825
0.647388 -7.20229e-05 0.0710663
0.67981 -7.36461e-05 0.0627992
0.713133 -7.49859e-05 0.0534131
0.747232 -7.5713e-05 0.0433188
0.782196 -7.52942e-05 0.0326752
0.818184 -7.38787e-05 0.0215448
0.855165 -7.15711e-05 0.0099867
0.892846 -6.82179e-05 -0.00199851
0.931403 -6.38394e-05 -0.0142772
0.971046 -5.91701e-05 -0.0265973
1.01177 -5.44503e-05 -0.0387558
1.05293 -4.88796e-05 -0.0504067
1.09389 -4.22302e-05 -0.060278
1.1358 -3.55185e-05 -0.0689857
1.17956 -2.88916e-05 -0.0768167
1.22537 -2.25284e-05 -0.083403
1.27327 -1.62006e-05 -0.0890141
1.32308 -1.00748e-05 -0.0938887
1.37421 -4.3573e-06 -0.0981754
1.3455 -9.04664e-06 -0.106421
1.31698 -1.54992e-05 -0.114313
1.28819 -1.10536e-05 -0.121611
1.25904 4.24163e-06 -0.128047
1.22965 2.55868e-05 -0.133783
1.20021 4.73852e-05 -0.13926
1.1684 3.31124e-05 -0.143369
1.13653 1.63916e-05 -0.147225
1.10482 -7.22763e-08 -0.15101
1.07318 -1.63961e-05 -0.154638
1.04171 -3.2364e-05 -0.158022
1.01028 -4.80923e-05 -0.161185
0.978839 -6.34834e-05 -0.164161
0.947474 -7.86099e-05 -0.166988
0.916122 -9.30634e-05 -0.169475
0.884753 -0.000106811 -0.171864
0.853305 -0.000119876 -0.174059
0.821739 -0.000132463 -0.17597
0.790081 -0.000144527 -0.177728
0.758293 -0.000155944 -0.179068
0.726196 -0.000166595 -0.180199
0.693654 -0.000176571 -0.181009
0.660424 -0.000186023 -0.181508
0.62597 -0.000194954 -0.181657
0.589258 -0.000202083 -0.181377
0.549219 -0.000206892 -0.180375
0.505535 -0.000206028 -0.178514
0.460878 -0.000205493 -0.175878
0.415664 -0.000205791 -0.172264
0.369779 -0.000207418 -0.167551
0.323279 -0.000211027 -0.16165
0.277375 -0.000216152 -0.154458
0.235466 -0.000216743 -0.146141
0.197523 -0.000200069 -0.136283
0.160642 -0.000179186 -0.124875
0.126089 -0.000161912 -0.112095
0.0924468 -0.000151816 -0.0980884
0.0605337 -0.000146014 -0.0831223
0.0294377 -0.000140531 -0.0680361
-0.00110977 -0.00013468 -0.0530993
-0.0317243 -0.000128391 -0.0381704
-0.0650933 -0.000119894 -0.0223759
-0.10322 -0.000107753 -0.00487291
-0.146307 -9.22171e-05 0.0147795
-0.192201 -7.51297e-05 0.0360383
-0.238889 -5.83706e-05 0.0583415
-0.285056 -4.31553e-05 0.0813783
-0.330179 -2.9837e-05 0.105026
-0.374107 -1.83026e-05 0.129158
-0.417046 -8.27869e-06 0.153659
-0.459409 5.51772e-07 0.178505
-0.501395 8.34877e-06 0.203663
-0.543419 1.53441e-05 0.229241
-0.585565 2.16335e-05 0.255221
-0.627641 2.72058e-05 0.28143
-0.669794 3.21675e-05 0.30792
-0.713973 3.7154e-05 0.335356
-0.757302 4.74682e-05 0.361538
-0.798635 5.23e-05 0.385535
-0.84414 4.67236e-05 0.410896
-0.891434 4.30712e-05 0.437481
-0.939959 4.00282e-05 0.46485
-0.989463 3.71419e-05 0.492633
-1.04001 3.50277e-05 0.520691
-1.09163 3.34786e-05 0.54901
-1.14411 3.21753e-05 0.577435
-1.19738 3.0988e-05 0.605867
-1.25184 3.03724e-05 0.634496
-1.30775 3.02425e-05 0.663394
-1.36517 3.14084e-05 0.692611
-1.42391 3.28566e-05 0.72202
-1.48416 3.47123e-05 0.751746
-1.54636 3.65442e-05 0.78195
-1.61084 3.82113e-05 0.812787
-1.67753 3.97315e-05 0.844304
-1.74621 4.06377e-05 0.876468
-1.81687 4.10898e-05 0.909324
-1.88851 4.16056e-05 0.942533
-1.96087 4.22217e-05 0.97602
-1.92776 5.69952e-05 0.960859
-1.89484 6.62333e-05 0.945363
-1.86232 4.77631e-05 0.928102
-1.83005 2.92136e-05 0.910899
-1.79803 1.07547e-05 0.893772
-1.76632 -7.12576e-06 0.876757
-1.73474 -2.48056e-05 0.859759
-1.70329 -4.22528e-05 0.842779
-1.672 -5.91802e-05 0.825863
-1.64071 -7.59591e-05 0.808895
-1.6095 -9.24124e-05 0.791906
-1.5783 -0.000108295 0.77489
-1.54716 -0.000123435 0.757869
-1.51601 -0.000137795 0.740801
-1.48476 -0.000151593 0.723631
-1.45327 -0.000164833 0.706301
-1.4217 -0.000177459 0.688864
-1.38996 -0.00018954 0.671263
-1.358 -0.000200791 0.653494
-1.32577 -0.00021133 0.63549
-1.29314 -0.000221231 0.61722
-1.25976 -0.000230529 0.598592
-1.22544 -0.00023935 0.57945
-1.18962 -0.000247759 0.559584
-1.15112 -0.000255629 0.538373
-1.10766 -0.000256763 0.514382
-1.0616 -0.000256547 0.488901
-1.01367 -0.00025673 0.462299
-0.963699 -0.00025767 0.434513
-0.912138 -0.000258488 0.406
-0.862228 -0.000254242 0.380726
-0.811835 -0.00024963 0.357598
-0.760499 -0.000246232 0.33567
-0.709555 -0.000242963 0.31692
-0.659485 -0.000237393 0.3025
-0.612021 -0.000225631 0.290067
-0.570989 -0.000211908 0.281213
-0.528459 -0.000195886 0.274682
-0.48127 -0.000184323 0.270936
-0.429087 -0.000174376 0.267226
-0.374965 -0.000162738 0.262077
-0.321352 -0.000151046 0.256233
-0.268148 -0.000139812 0.249766
-0.215031 -0.000128817 0.242598
-0.161496 -0.000118063 0.234829
-0.107967 -0.000107577 0.226485
-0.0546447 -9.74588e-05 0.217571
-0.00152676 -8.77049e-05 0.208075
0.0516549 -7.84043e-05 0.198018
0.10476 -6.9693e-05 0.187454
0.157826 -6.17322e-05 0.176348
0.21073 -5.46905e-05 0.164784
0.263056 -4.86277e-05 0.152923
0.315032 -4.34172e-05 0.140879
0.366738 -3.8959e-05 0.128565
0.418451 -3.51061e-05 0.115994
0.470526 -3.17122e-05 0.103184
0.522531 -2.87243e-05 0.0901637
0.574505 -2.61111e-05 0.0768976
0.626497 -2.3826e-05 0.0633765
0.678684 -2.18247e-05 0.0496106
0.731883 -1.99977e-05 0.0356134
0.783755 -1.78133e-05 0.0218392
0.817436 -8.68349e-06 0.0133865
0.853309 3.84905e-07 0.00680237
0.888862 9.07389e-06 0.000599921
0.923589 1.77024e-05 -0.00482871
0.958237 2.58542e-05 -0.0103754
0.992915 3.35566e-05 -0.0158046
1.02696 4.13268e-05 -0.0207327
1.06118 4.86628e-05 -0.0257589
1.09575 5.55506e-05 -0.0306894
1.1308 6.20476e-05 -0.0355395
1.16654 6.81569e-05 -0.0401766
1.20335 7.38664e-05 -0.0443343
1.24155 7.92306e-05 -0.0479484
1.28161 8.43287e-05 -0.0507265
1.32339 8.0271e-05 -0.0523862
1.36825 7.64171e-05 -0.0531829
1.41634 7.35077e-05 -0.053227
1.46735 7.15658e-05 -0.0527113
1.5206 7.0105e-05 -0.0517209
1.57564 6.89114e-05 -0.0504084
1.63276 6.88011e-05 -0.0492235
1.69094 6.91407e-05 -0.0480736
1.74991 6.98604e-05 -0.0468565
1.80957 7.25651e-05 -0.0455043
1.86981 7.81184e-05 -0.0441653
1.93005 8.3864e-05 -0.0429119
1.99022 8.94659e-05 -0.0416155
2.05032 9.52641e-05 -0.040216
2.11049 0.000101085 -0.0387945
2.20109 0.000110114 -0.0365369
2.26217 0.000116441 -0.0348158
2.32338 0.000122677 -0.0330329
2.3845 0.000128828 -0.0312212
2.44516 0.000134954 -0.0294871
2.50446 0.000140902 -0.0280302
2.56064 0.000146109 -0.0270371
2.61354 0.000151043 -0.0267552
2.66571 0.000156081 -0.0266688
2.71801 0.00016137 -0.0265972
2.77044 0.000166677 -0.0264942
2.823 0.000172017 -0.0263658
2.87573 0.000177436 -0.0262073
2.92861 0.000182935 -0.0260059
2.9816 0.000188466 -0.0257556
3.03468 0.000193971 -0.025433
3.08787 0.000199388 -0.0250763
3.14117 0.000204636 -0.0247028
3.19451 0.000209939 -0.0242847
3.2479 0.000215291 -0.0238375
3.30133 0.00022058 -0.0233861
3.35483 0.000225815 -0.0229293
3.40836 0.00023061 -0.022472
3.46189 0.000234278 -0.0220279
3.51548 0.000237946 -0.0215644
3.56914 0.000241615 -0.0210727
3.62287 0.000245279 -0.0205438
3.67673 0.000248856 -0.0199546
3.64588 0.00022586 -0.0289909
3.61504 0.000202843 -0.037978
3.58427 0.000179518 -0.0469572
3.55302 0.000160394 -0.0553099
3.52083 0.000148529 -0.0622164
3.48857 0.000136973 -0.0683577
3.45632 0.000125348 -0.0743793
3.42408 0.00011347 -0.07994
3.39187 0.000101371 -0.0853763
3.3598 8.88072e-05 -0.0904534
3.3278 7.56944e-05 -0.0952953
3.29583 6.25151e-05 -0.0999392
3.26384 4.94502e-05 -0.104406
3.23182 3.6429e-05 -0.10875
3.19984 2.34759e-05 -0.112922
3.16777 1.08449e-05 -0.116946
3.13576 -1.30311e-06 -0.120807
3.10385 -1.33293e-05 -0.124553
3.07203 -2.52096e-05 -0.128301
3.04025 -3.68789e-05 -0.13207
3.00827 -4.84423e-05 -0.135724
2.97612 -5.98798e-05 -0.139301
2.94398 -7.11433e-05 -0.142799
2.91169 -8.23028e-05 -0.146242
2.87919 -9.33699e-05 -0.149612
2.84653 -0.000104231 -0.152997
2.81351 -0.000115011 -0.156341
2.78001 -0.000125798 -0.159519
2.7461 -0.000136533 -0.162584
2.71138 -0.000146785 -0.165542
2.67503 -0.000155004 -0.168246
2.63692 -0.000161515 -0.17064
2.59501 -0.000163493 -0.172277
2.55131 -0.000166219 -0.173822
2.50554 -0.000169863 -0.175189
2.45804 -0.000174072 -0.176451
2.40885 -0.000178889 -0.177309
2.35789 -0.000184157 -0.17767
2.30511 -0.000188814 -0.177461
2.25053 -0.000192111 -0.176579
2.19449 -0.000193436 -0.175097
2.13815 -0.00019095 -0.173156
2.08207 -0.000184379 -0.170792
2.02591 -0.000175659 -0.168155
1.9702 -0.000165706 -0.165179
1.91467 -0.000155014 -0.162068
1.85938 -0.000143503 -0.15897
1.80414 -0.000131282 -0.155918
1.74897 -0.000118737 -0.152911
1.69373 -0.000106393 -0.149937
1.63829 -9.45942e-05 -0.146969
1.58235 -8.36991e-05 -0.143863
1.52532 -7.42273e-05 -0.140424
1.46641 -6.66304e-05 -0.136422
1.40683 -5.98257e-05 -0.132321
1.3471 -5.33784e-05 -0.128304
1.28724 -4.7253e-05 -0.124375
1.22723 -4.14385e-05 -0.120503
1.16709 -3.59172e-05 -0.116726
1.1068 -3.06821e-05 -0.113042
1.04633 -2.56618e-05 -0.109395
0.98557 -2.07929e-05 -0.105713
0.924472 -1.60212e-05 -0.101907
0.863122 -1.13918e-05 -0.0980451
0.801633 -6.94897e-06 -0.094213
0.740005 -2.65682e-06 -0.0903972
0.678241 1.48331e-06 -0.0866356
0.616366 5.45593e-06 -0.0829043
0.554423 9.28518e-06 -0.079201
0.492404 1.29687e-05 -0.0755307
0.430325 1.64958e-05 -0.0719227
0.368149 1.99128e-05 -0.0681783
0.305903 2.32183e-05 -0.0643074
0.249521 2.48202e-05 -0.0586178
0.198101 2.50762e-05 -0.0512604
0.147027 2.52532e-05 -0.0434747
0.0961562 2.54126e-05 -0.0350616
0.04536 2.56281e-05 -0.0252699
-0.00456829 2.57147e-05 -0.0143638
-0.0536612 2.57247e-05 -0.00213077
-0.101694 2.5676e-05 0.011771
-0.150231 2.62306e-05 0.0282589
-0.201416 2.83935e-05 0.0489849
-0.255707 3.21171e-05 0.072939
-0.310793 3.60429e-05 0.0978234
-0.366271 3.98465e-05 0.123119
-0.421879 4.33829e-05 0.148606
-0.477288 4.64896e-05 0.174318
-0.532153 4.90397e-05 0.200489
-0.586148 5.0921e-05 0.227465
-0.639201 5.21267e-05 0.25538
-0.691788 5.28167e-05 0.284008
-0.744298 5.30966e-05 0.313234
-0.796883 5.30299e-05 0.342942
-0.849511 5.26582e-05 0.372943
-0.902088 5.20086e-05 0.4031
-0.954573 5.1115e-05 0.433352
-1.00694 5.00198e-05 0.463649
-1.05915 4.875e-05 0.493976
-1.11122 4.73345e-05 0.524314
-1.16313 4.58032e-05 0.554646
-1.21491 4.41741e-05 0.584975
-1.26655 4.24598e-05 0.615273
-1.31812 4.06775e-05 0.645575
-1.36965 3.88426e-05 0.675868
-1.42122 3.69731e-05 0.706184
-1.47287 3.50821e-05 0.736527
-1.52472 3.31779e-05 0.766911
-1.5768 3.12781e-05 0.797339
-1.62923 2.94061e-05 0.827842
-1.68206 2.75745e-05 0.858424
-1.73544 2.58095e-05 0.889111
-1.78945 2.41358e-05 0.919936
-1.84366 2.28576e-05 0.950554
-1.89105 2.72725e-05 0.975438
-1.93941 3.1588e-05 1.00048
-1.98869 3.58309e-05 1.02567
-2.03887 4.00062e-05 1.05101
-2.08986 4.40999e-05 1.07646
-2.14149 4.81002e-05 1.102
-2.19885 5.23287e-05 1.12967
-2.25911 5.65824e-05 1.15839
-2.31995 6.07143e-05 1.18728
-2.38269 6.48099e-05 1.21695
-2.44559 6.87505e-05 1.24671
-2.50829 7.25507e-05 1.27646
-2.57088 7.617e-05 1.30615
-2.63349 7.96234e-05 1.33585
-2.69605 8.29137e-05 1.36562
-2.75855 8.60525e-05 1.39549
-2.82114 8.90521e-05 1.42552
-2.88451 9.20755e-05 1.45606
-2.98009 9.64581e-05 1.50218
-3.04418 9.92862e-05 1.53308
-3.10852 0.000102043 1.56408
-3.17312 0.000104744 1.5952
-3.23795 0.000107388 1.62641
-3.30299 0.000109977 1.6577
-3.36827 0.000112517 1.68908
-3.43422 0.000115106 1.72072
-3.50077 0.000117741 1.75263
-3.56755 0.000120336 1.78463
-3.63453 0.000122893 1.81673
-3.70176 0.000125418 1.84893
-3.76923 0.000127911 1.88122
-3.8369 0.000130373 1.9136
-3.90478 0.000132808 1.94604
-3.97284 0.000135218 1.97856
-4.04111 0.000137604 2.01115
-4.11061 0.000140146 2.04424
-4.18051 0.000142694 2.07748
-4.25058 0.000145221 2.11079
-4.32082 0.000147728 2.14415
-4.39141 0.000149712 2.17759
-4.46319 0.000148409 2.2111
-4.5353 0.000148939 2.2449
-4.60783 0.000152103 2.27904
-4.68064 0.000156811 2.31336
-4.75357 0.000161543 2.34772
-4.82661 0.000166318 2.38211
-4.89983 0.000170376 2.41651
-4.86668 0.000145907 2.39957
-4.83394 0.000127976 2.38291
-4.80123 0.000110079 2.36626
-4.7686 9.2284e-05 2.34961
-4.73609 7.47404e-05 2.333
-4.70376 5.74202e-05 2.31643
-4.67162 4.03837e-05 2.29991
-4.6397 2.39047e-05 2.28346
-4.60792 7.99601e-06 2.26704
-4.57625 -7.49158e-06 2.25074
-4.54461 -2.25215e-05 2.23448
-4.51284 -3.71523e-05 2.2181
-4.48091 -5.14816e-05 2.20159
-4.44878 -6.54701e-05 2.18495
-4.41652 -7.89045e-05 2.16822
-4.38412 -9.16579e-05 2.15142
-4.35163 -0.000103724 2.13455
-4.31877 -0.000115263 2.11769
-4.28565 -0.000126388 2.10064
-4.25222 -0.000137132 2.08342
-4.21845 -0.000147358 2.06603
-4.18429 -0.000157219 2.04837
-4.14977 -0.000166521 2.03051
-4.11495 -0.000175062 2.01255
-4.07963 -0.000183292 1.99431
-4.04375 -0.000191102 1.97573
-4.00734 -0.000198705 1.95695
-3.97022 -0.000205971 1.93806
-3.93266 -0.000212978 1.9194
-3.89447 -0.000218766 1.90102
-3.8552 -0.000224558 1.88322
-3.81426 -0.000230244 1.86606
-3.77109 -0.00023446 1.8484
-3.72402 -0.000231535 1.82985
-3.67523 -0.000229446 1.8119
-3.62495 -0.000227813 1.79397
-3.57359 -0.000226182 1.77572
-3.52136 -0.000224303 1.75695
-3.46825 -0.000222154 1.7377
-3.41424 -0.000219598 1.7181
-3.35915 -0.000216658 1.69841
-3.3033 -0.000213138 1.67852
-3.24655 -0.000208727 1.65835
-3.18903 -0.000202816 1.63792
-3.13109 -0.000195546 1.61743
-3.07316 -0.000187308 1.59754
-3.01632 -0.000177024 1.57959
-2.95978 -0.000166433 1.56246
-2.90214 -0.000156634 1.54628
-2.84426 -0.000147175 1.53025
-2.78528 -0.00013861 1.51475
-2.72523 -0.000131063 1.49978
-2.66445 -0.0001239 1.48449
-2.60352 -0.000116967 1.46892
-2.54231 -0.00011018 1.45288
-2.48087 -0.000103377 1.43633
-2.41929 -9.66629e-05 1.41947
-2.35755 -8.99699e-05 1.40226
-2.2957 -8.33436e-05 1.38477
-2.23376 -7.68951e-05 1.36707
-2.17178 -7.06054e-05 1.34916
-2.10974 -6.44775e-05 1.33109
-2.04762 -5.85504e-05 1.31289
-1.98545 -5.27765e-05 1.29453
-1.92318 -4.71918e-05 1.27602
-1.86079 -4.17715e-05 1.25737
-1.79842 -3.65004e-05 1.23864
-1.73605 -3.13728e-05 1.21987
-1.67355 -2.64385e-05 1.20105
-1.61088 -2.16962e-05 1.18211
-1.54805 -1.71434e-05 1.1631
-1.48507 -1.27905e-05 1.14402
-1.42197 -8.62671e-06 1.12495
-1.35868 -4.67815e-06 1.10594
-1.29516 -9.34173e-07 1.08698
-1.23141 2.64932e-06 1.06799
-1.1674 6.08086e-06 1.04899
-1.10314 9.37376e-06 1.02997
-1.03851 1.24741e-05 1.01105
-0.973561 1.54595e-05 0.992129
-0.908328 1.83569e-05 0.973181
-0.842769 2.11779e-05 0.954214
-0.776817 2.39275e-05 0.93524
-0.710357 2.65796e-05 0.91634
-0.643443 2.91985e-05 0.897403
-0.576311 3.17366e-05 0.878509
-0.511967 3.33854e-05 0.860819
-0.447443 3.50174e-05 0.843388
-0.384489 3.61661e-05 0.82713
-0.321365 3.74927e-05 0.811385
-0.256889 3.94046e-05 0.795779
-0.194145 4.1098e-05 0.781624
-0.132164 4.27706e-05 0.768154
-0.0712614 4.41874e-05 0.755266
-0.0102814 4.55406e-05 0.74247
0.0507694 4.68322e-05 0.729769
0.111822 4.79933e-05 0.71715
0.173132 4.90896e-05 0.704536
0.234709 5.00841e-05 0.691903
0.296516 5.09244e-05 0.679253
0.358502 5.15802e-05 0.666612
0.420575 5.20104e-05 0.654008
0.482676 5.21835e-05 0.64146
0.544792 5.2119e-05 0.62898
0.606901 5.18652e-05 0.616586
0.669057 5.14689e-05 0.604266
0.731298 5.09684e-05 0.592015
0.793619 5.03841e-05 0.57984
0.856008 4.9731e-05 0.567749
0.918449 4.90238e-05 0.555747
0.980901 4.82628e-05 0.543853
1.04339 4.74611e-05 0.532065
1.1059 4.6618e-05 0.520398
1.16842 4.57389e-05 0.508851
1.23096 4.48338e-05 0.49741
1.29353 4.39053e-05 0.486062
1.35613 4.29554e-05 0.474801
1.4188 4.1995e-05 0.46362
1.48149 4.10182e-05 0.452534
1.54425 4.00379e-05 0.441544
1.60704 3.9053e-05 0.430668
1.66985 3.81016e-05 0.420117
1.73192 3.78728e-05 0.414477
1.79561 3.74828e-05 0.408852
1.85914 3.71829e-05 0.403443
1.9222 3.74083e-05 0.399636
1.98547 3.76178e-05 0.395844
2.05014 3.78469e-05 0.392362
2.11248 3.89018e-05 0.390347
2.17454 4.00611e-05 0.388453
2.23111 4.20906e-05 0.387353
2.27616 4.61432e-05 0.387667
2.32213 5.04123e-05 0.388308
2.36816 5.46519e-05 0.3889
2.4144 5.88053e-05 0.389416
2.48417 6.48834e-05 0.390053
2.53094 6.88414e-05 0.39038
2.5783 7.27523e-05 0.390684
2.62723 7.66699e-05 0.391154
2.67634 8.05278e-05 0.39155
2.72538 8.44955e-05 0.391969
2.77464 8.83922e-05 0.392338
2.82414 9.22208e-05 0.392666
2.87385 9.59862e-05 0.392946
2.92377 9.96921e-05 0.393173
2.97385 0.000103339 0.393361
3.02411 0.00010693 0.39352
3.07615 0.000110538 0.393984
3.12841 0.000114095 0.394438
3.18083 0.000117601 0.39489
3.2334 0.000121058 0.395342
3.28612 0.00012447 0.395796
3.33895 0.000127835 0.396264
3.39187 0.000131155 0.396748
3.44486 0.00013443 0.397254
3.49792 0.000137663 0.397789
3.55104 0.000140854 0.398362
3.6042 0.000144006 0.398984
3.65784 0.000147131 0.399797
3.71167 0.000150221 0.400741
3.76541 0.000153295 0.401737
3.81912 0.000156384 0.40278
3.87277 0.000159485 0.403867
3.9263 0.000162582 0.405016
3.9797 0.000165679 0.406212
4.03297 0.000168776 0.407435
4.08611 0.000171871 0.408683
4.13913 0.000174961 0.40996
4.19205 0.000178058 0.411242
4.24487 0.000181154 0.412526
4.29759 0.000184249 0.413813
4.35023 0.000187345 0.415102
4.40295 0.000190487 0.416372
4.45639 0.000193847 0.417519
4.51011 0.000197334 0.418624
4.56383 0.000200818 0.419742
4.61761 0.000204311 0.420871
4.6714 0.00020781 0.422017
4.72521 0.000211317 0.423185
4.77905 0.000214826 0.424418
4.83293 0.000218305 0.425671
4.80193 0.00019568 0.416578
4.77089 0.000173085 0.407587
4.7398 0.000150355 0.39877
4.70762 0.000136074 0.391234
4.67497 0.000124869 0.384387
4.64202 0.000114983 0.378057
4.60903 0.000105069 0.371895
4.57598 9.50932e-05 0.366011
4.5429 8.50075e-05 0.360264
4.50981 7.46517e-05 0.354786
4.47661 6.40712e-05 0.349704
4.44321 5.34794e-05 0.344712
4.40982 4.27197e-05 0.340021
4.37641 3.19527e-05 0.335468
4.34325 2.1032e-05 0.331281
4.31022 9.97063e-06 0.327278
4.27706 -1.22386e-06 0.323409
4.24387 -1.23456e-05 0.319626
4.21062 -2.34816e-05 0.31592
4.17723 -3.47564e-05 0.312286
4.14375 -4.57163e-05 0.308743
4.11026 -5.66151e-05 0.30522
4.07668 -6.76757e-05 0.301722
4.04182 -7.65755e-05 0.298515
4.00549 -8.30109e-05 0.295696
3.96692 -8.56334e-05 0.29349
3.92802 -8.83737e-05 0.291283
3.88877 -9.12656e-05 0.289091
3.84925 -9.41068e-05 0.28681
3.80933 -9.70418e-05 0.284555
3.76889 -0.000100076 0.282345
3.72789 -0.000102983 0.280163
3.68641 -0.000104773 0.27804
3.64456 -0.000104305 0.276063
3.60181 -0.000103275 0.274371
3.55802 -0.000102236 0.273165
3.51268 -0.000102138 0.272257
3.46558 -0.000102353 0.271683
3.41663 -0.000102672 0.271822
3.36589 -0.00010249 0.272537
3.31391 -0.000101375 0.273509
3.26069 -9.93796e-05 0.274764
3.20597 -9.63616e-05 0.276363
3.14987 -9.2226e-05 0.278226
3.09278 -8.73151e-05 0.280205
3.03492 -8.1653e-05 0.282175
2.97604 -7.51353e-05 0.284102
2.91672 -6.82834e-05 0.285938
2.85713 -6.13509e-05 0.287678
2.79737 -5.43762e-05 0.289327
2.73766 -4.73269e-05 0.290849
2.67811 -3.98807e-05 0.29232
2.61877 -3.20153e-05 0.293892
2.55928 -2.44614e-05 0.295691
2.49912 -1.77421e-05 0.297811
2.43752 -1.23811e-05 0.300507
2.37542 -7.66499e-06 0.303325
2.31337 -3.20164e-06 0.30605
2.25136 9.49176e-07 0.308673
2.18934 4.68312e-06 0.311217
2.12736 8.22671e-06 0.313664
2.06538 1.15779e-05 0.316047
2.00329 1.47209e-05 0.318383
1.94103 1.76382e-05 0.320688
1.87862 2.03528e-05 0.322929
1.81608 2.29494e-05 0.325105
1.75335 2.54636e-05 0.32725
1.69043 2.78863e-05 0.329349
1.62737 3.02292e-05 0.331382
1.56412 3.25405e-05 0.333415
1.50074 3.4764e-05 0.335359
1.43724 3.69118e-05 0.337254
1.37358 3.90362e-05 0.339134
1.30982 4.10814e-05 0.340923
1.246 4.30297e-05 0.342586
1.1821 4.49183e-05 0.344192
1.1181 4.67825e-05 0.345759
1.05407 4.85571e-05 0.347169
0.990012 5.0261e-05 0.348448
0.925896 5.19284e-05 0.349682
0.861753 5.35354e-05 0.350791
0.797587 5.50694e-05 0.351739
0.733408 5.65352e-05 0.352544
0.669204 5.79491e-05 0.353278
0.604984 5.93002e-05 0.353877
0.54072 6.05941e-05 0.354314
0.476435 6.18203e-05 0.354618
0.41213 6.29876e-05 0.35488
0.347815 6.40937e-05 0.354986
0.283473 6.51446e-05 0.354943
0.219113 6.61377e-05 0.354759
0.154732 6.70747e-05 0.354458
0.0903023 6.79557e-05 0.354045
0.0258039 6.87868e-05 0.353516
-0.0387669 6.95617e-05 0.352872
-0.103401 7.02863e-05 0.352104
-0.168105 7.09671e-05 0.351215
-0.232876 7.16033e-05 0.350225
-0.297749 7.22043e-05 0.349155
-0.362721 7.27685e-05 0.347955
-0.427851 7.33073e-05 0.346636
-0.49314 7.38137e-05 0.345167
-0.552901 7.33764e-05 0.343952
-0.611411 7.27172e-05 0.342742
-0.666549 7.1516e-05 0.343949
-0.720063 7.01285e-05 0.346538
-0.773302 6.86881e-05 0.349941
-0.824285 6.69815e-05 0.358589
-0.873829 6.51283e-05 0.369425
-0.921825 6.31744e-05 0.382332
-0.970908 6.14875e-05 0.398499
-1.02265 6.03356e-05 0.419736
-1.07643 5.95522e-05 0.443854
-1.13069 5.89131e-05 0.468718
-1.18524 5.842e-05 0.494289
-1.23987 5.80164e-05 0.520756
-1.29386 5.75724e-05 0.548433
-1.34725 5.70522e-05 0.577149
-1.40076 5.65618e-05 0.606259
-1.45453 5.61175e-05 0.635576
-1.50851 5.57077e-05 0.665035
-1.56263 5.53079e-05 0.694688
-1.61689 5.48978e-05 0.724644
-1.67122 5.44705e-05 0.754867
-1.72554 5.40265e-05 0.785213
-1.7798 5.35617e-05 0.815588
-1.83398 5.30728e-05 0.845949
-1.88803 5.25492e-05 0.876262
-1.94196 5.19981e-05 0.906519
-1.99574 5.1418e-05 0.93672
-2.04939 5.08119e-05 0.966863
-2.10293 5.01781e-05 0.99695
-2.15635 4.95197e-05 1.02698
-2.20968 4.88421e-05 1.05695
-2.26296 4.81499e-05 1.0869
-2.31616 4.74378e-05 1.11679
-2.36937 4.67197e-05 1.14669
-2.42257 4.59914e-05 1.17655
-2.4758 4.52585e-05 1.20639
-2.52906 4.45228e-05 1.23623
-2.58242 4.37919e-05 1.26606
-2.63588 4.30673e-05 1.29591
-2.68947 4.23488e-05 1.32577
-2.74321 4.16409e-05 1.35563
-2.79714 4.09489e-05 1.38553
-2.85125 4.02694e-05 1.41545
-2.93284 3.92826e-05 1.46041
-2.98751 3.86458e-05 1.49044
-3.04249 3.80338e-05 1.52053
-3.09773 3.74416e-05 1.55067
-3.15326 3.68713e-05 1.58088
-3.20486 3.99115e-05 1.60766
-3.25639 4.33815e-05 1.63409
-3.30829 4.67797e-05 1.66061
-3.36056 5.00891e-05 1.68718
-3.41388 5.33812e-05 1.71411
-3.46965 5.68085e-05 1.74201
-3.52583 6.01886e-05 1.77006
-3.58242 6.35159e-05 1.79823
-3.64 6.68072e-05 1.82675
-3.69824 7.00591e-05 1.85549
-3.75686 7.32676e-05 1.88435
-3.81582 7.64293e-05 1.91333
-3.8751 7.95421e-05 1.94241
-3.93597 8.2787e-05 1.97221
-3.99737 8.60016e-05 2.0022
-4.0591 8.9176e-05 2.03232
-4.12115 9.23099e-05 2.06255
-4.18348 9.54023e-05 2.09288
-4.24611 9.84565e-05 2.12332
-4.30911 0.000101478 2.15392
-4.37243 0.000104467 2.18466
-4.43603 0.00010742 2.21551
-4.50037 0.000110438 2.24671
-4.5652 0.000113463 2.27814
-4.63082 0.000116475 2.30991
-4.69664 0.00011945 2.34181
-4.76268 0.000122391 2.37382
-4.82893 0.000125301 2.40594
-4.89538 0.000128178 2.43818
-4.96263 0.000131124 2.47076
-5.03053 0.000134114 2.5036
-5.09895 0.000137129 2.53663
-5.16757 0.000140129 2.56976
-5.23636 0.00014314 2.60298
-5.30531 0.000146147 2.6363
-5.37451 0.000149192 2.6697
-5.44483 0.000152582 2.70311
-5.51554 0.000156053 2.73659
-5.5865 0.000159569 2.77013
-5.65763 0.000163106 2.80374
-5.72896 0.000166666 2.83743
-5.80053 0.000170275 2.87126
-5.87226 0.00017389 2.90514
-5.94421 0.000177529 2.93906
-6.01634 0.000181204 2.97301
-6.08863 0.000184911 3.00702
-6.16107 0.000188649 3.04104
-6.23364 0.000192436 3.07509
-6.30632 0.000196257 3.10919
-6.37911 0.000200099 3.14332
-6.34529 0.000167942 3.12656
-6.31207 0.000147242 3.11011
-6.27904 0.000130169 3.09376
-6.24602 0.000113139 3.07737
-6.21307 9.59144e-05 3.06093
-6.18017 7.90892e-05 3.04447
-6.14732 6.27236e-05 3.02801
-6.11435 4.67823e-05 3.01164
-6.08139 3.10272e-05 2.99523
-6.04861 1.58204e-05 2.97891
-6.01603 1.199e-06 2.96266
-5.98332 -1.30312e-05 2.94634
-5.95044 -2.69657e-05 2.92992
-5.91742 -4.05041e-05 2.91336
-5.8842 -5.35864e-05 2.8967
-5.85071 -6.63286e-05 2.87988
-5.81694 -7.87038e-05 2.86288
-5.78295 -9.04798e-05 2.84575
-5.74874 -0.000101648 2.82843
-5.71431 -0.000112242 2.81093
-5.67955 -0.000122303 2.79323
-5.64445 -0.000131908 2.77531
-5.60898 -0.000141126 2.75714
-5.5731 -0.000150021 2.73872
-5.5367 -0.000158475 2.72005
-5.49981 -0.000166358 2.70115
-5.46237 -0.000174051 2.68206
-5.42436 -0.00018147 2.66279
-5.38566 -0.000188707 2.64313
-5.34641 -0.000196067 2.62381
-5.30614 -0.000201436 2.60463
-5.2646 -0.00020496 2.58578
-5.21921 -0.000201693 2.5663
-5.17222 -0.000198623 2.54706
-5.12378 -0.000196114 2.52781
-5.07371 -0.000194369 2.50928
-5.02231 -0.000192993 2.49078
-4.97003 -0.000191563 2.47189
-4.9166 -0.000190174 2.45269
-4.86215 -0.000188688 2.43314
-4.80674 -0.000186984 2.4132
-4.75052 -0.000184899 2.39295
-4.6934 -0.000182328 2.37241
-4.63563 -0.00017879 2.3516
-4.57746 -0.000174169 2.33056
-4.51909 -0.000168476 2.30942
-4.46038 -0.000161642 2.28854
-4.40307 -0.000152842 2.26897
-4.34599 -0.000143655 2.25011
-4.28893 -0.000134372 2.23179
-4.23124 -0.000125037 2.2138
-4.17238 -0.000116563 2.19653
-4.113 -0.000108489 2.17939
-4.05175 -0.000101642 2.16297
-3.98924 -9.55153e-05 2.14687
-3.92654 -8.9639e-05 2.13063
-3.86414 -8.39411e-05 2.1144
-3.80163 -7.84457e-05 2.09796
-3.73889 -7.30225e-05 2.08115
-3.676 -6.76799e-05 2.06409
-3.61301 -6.24304e-05 2.04682
-3.54991 -5.72077e-05 2.0293
-3.48673 -5.21359e-05 2.01162
-3.42351 -4.71385e-05 1.9938
-3.3602 -4.22814e-05 1.97585
-3.29685 -3.75234e-05 1.95775
-3.23341 -3.28913e-05 1.93954
-3.16986 -2.83923e-05 1.92119
-3.10623 -2.40045e-05 1.9027
-3.04244 -1.97552e-05 1.88404
-2.97847 -1.56363e-05 1.86519
-2.91431 -1.1664e-05 1.84615
-2.84997 -7.83619e-06 1.82693
-2.78543 -4.1512e-06 1.80756
-2.72075 -6.13175e-07 1.7881
-2.65597 2.77989e-06 1.76859
-2.59109 6.03031e-06 1.74904
-2.52612 9.14704e-06 1.72946
-2.46105 1.21427e-05 1.70987
-2.39598 1.50288e-05 1.69034
-2.33091 1.78015e-05 1.67089
-2.26575 2.04546e-05 1.65144
-2.2005 2.29855e-05 1.63208
-2.13515 2.53996e-05 1.61277
-2.0697 2.77071e-05 1.59347
-2.00409 2.99039e-05 1.57422
-1.93835 3.19953e-05 1.555
-1.8725 3.39913e-05 1.5358
-1.80652 3.58977e-05 1.51663
-1.74044 3.77179e-05 1.49749
-1.67428 3.94559e-05 1.47838
-1.60802 4.11132e-05 1.4593
-1.54166 4.26959e-05 1.44024
-1.47521 4.42064e-05 1.42122
-1.40861 4.56531e-05 1.40225
-1.34187 4.70204e-05 1.38336
-1.275 4.83325e-05 1.36449
-1.208 4.95798e-05 1.34568
-1.14086 5.07845e-05 1.32691
-1.0735 5.19116e-05 1.30828
