6.07068e-07 1.18251e-07 -0.0599324
0.446526 3.67179e-06 -0.0552242
0.90257 3.68974e-05 -0.0509529
1.34154 4.38243e-05 -0.0322203
1.76638 5.21001e-05 -0.000460397
2.18949 5.18663e-05 0.0379795
2.61075 5.3208e-05 0.0787587
3.03204 5.98441e-05 0.121225
3.45258 6.69106e-05 0.164586
3.87256 7.29774e-05 0.208429
4.29257 7.8477e-05 0.252805
4.71288 8.40799e-05 0.297534
5.13315 8.97463e-05 0.342403
5.55372 9.53266e-05 0.387277
5.97642 0.000100458 0.431929
6.40423 0.000105238 0.475151
6.84194 0.000109289 0.515553
7.28676 0.000112676 0.553863
7.73563 0.000115321 0.590772
8.18816 0.000117195 0.626241
7.76794 0.000111742 0.580236
7.34761 0.000106204 0.534323
6.92721 0.00010081 0.488507
6.50678 9.54386e-05 0.442767
6.08626 9.00245e-05 0.397113
5.66558 8.45696e-05 0.351579
5.24466 7.91855e-05 0.306225
4.8236 7.37626e-05 0.261019
4.4022 6.84765e-05 0.216134
3.98027 6.18864e-05 0.17171
3.55752 5.45395e-05 0.128114
3.13365 4.62816e-05 0.0857451
2.70818 3.91691e-05 0.0450812
2.27997 3.34264e-05 0.00735493
1.846 2.72185e-05 -0.0248538
1.40247 1.94362e-05 -0.0472105
0.955121 1.05413e-05 -0.062894
0.503895 1.24896e-06 -0.0654758
0.0446652 -1.72885e-06 -0.0661507
-0.422559 -8.94404e-06 -0.0657038
-0.873905 -1.53039e-05 -0.0505644
-1.31895 -2.05628e-05 -0.0332746
-1.7571 -2.76268e-05 -0.012513
-2.19115 -3.00744e-05 0.0102814
-2.62301 -3.08088e-05 0.0340617
-3.05162 -3.09596e-05 0.0587515
-3.47714 -3.14139e-05 0.0841849
-3.9013 -3.30529e-05 0.110017
-4.32493 -3.52494e-05 0.136093
-4.74844 -3.72865e-05 0.162335
-5.1722 -3.92309e-05 0.188639
-5.5972 -4.11548e-05 0.214864
-6.02634 -4.32763e-05 0.240607
-6.46499 -4.55076e-05 0.265241
-6.91306 -4.80357e-05 0.288981
-7.36614 -5.09825e-05 0.312437
-7.82297 -5.44053e-05 0.335703
-8.28362 -5.82544e-05 0.358722
-8.74832 -6.22953e-05 0.381466
-8.32569 -6.02477e-05 0.354371
-7.90297 -5.81216e-05 0.32733
-7.48023 -5.59758e-05 0.30033
-7.05743 -5.3839e-05 0.273384
-6.6345 -5.16647e-05 0.246512
-6.21052 -4.9568e-05 0.219732
-5.78598 -4.74908e-05 0.193069
-5.36055 -4.52709e-05 0.166617
-4.93411 -4.27619e-05 0.140423
-4.50647 -4.03534e-05 0.1145
-4.07714 -3.90812e-05 0.0891806
-3.64649 -3.82905e-05 0.0644669
-3.21399 -3.76576e-05 0.0406761
-2.77822 -3.49954e-05 0.0182627
-2.33615 -3.10202e-05 -0.00196047
-1.88656 -2.62563e-05 -0.0191528
-1.43118 -2.04264e-05 -0.0340704
-0.973791 -1.06159e-05 -0.0465207
-0.513938 7.63048e-06 -0.0560367
-0.0477484 4.2982e-05 -0.0612751
0.407085 5.79129e-05 -0.0604306
0.857074 4.87601e-05 -0.0498657
1.30592 4.50141e-05 -0.0309891
1.75107 4.67291e-05 -0.003161
2.19172 4.87367e-05 0.0300722
2.62739 5.2668e-05 0.0671999
3.05972 5.92589e-05 0.106748
3.49116 6.60344e-05 0.147333
3.92183 7.21753e-05 0.188717
4.35125 7.69495e-05 0.231059
4.78039 8.14465e-05 0.273823
5.20586 8.63161e-05 0.317902
5.62939 9.14205e-05 0.362677
6.05254 9.65005e-05 0.407613
6.47671 0.00010151 0.45233
6.90259 0.000106308 0.496611
7.33117 0.000110883 0.540117
7.76407 0.000115072 0.582297
8.20379 0.000118343 0.622141
8.65235 0.000120389 0.658403
9.10826 0.000121422 0.691654
9.56878 0.000121841 0.722862
10.0319 0.000121857 0.752724
10.497 0.000121768 0.781159
10.9639 0.000121215 0.808264
11.4322 0.000119813 0.834457
11.9016 0.000116432 0.859426
12.3725 0.000110048 0.882543
12.8451 0.000100678 0.904265
13.3192 9.08951e-05 0.925156
13.7944 8.58647e-05 0.944848
14.27 9.08035e-05 0.962469
14.7447 0.000104342 0.978695
15.2193 0.00012061 0.994766
15.694 0.000136899 1.01149
16.1686 0.000152452 1.02919
16.6427 0.000165819 1.04766
17.1161 0.000176291 1.06643
17.5885 0.000183553 1.08504
17.1707 0.0001782 1.0404
16.753 0.000172952 0.995912
16.335 0.000167802 0.951595
15.9164 0.000162723 0.907477
15.497 0.000157769 0.863521
15.0775 0.000152806 0.819732
14.6564 0.000147981 0.776331
14.2343 0.000143228 0.733271
13.812 0.000138209 0.690446
13.3894 0.000133344 0.647939
12.9656 0.000128482 0.605939
12.5416 0.000123641 0.564189
12.1174 0.000118836 0.522735
11.6926 0.000114011 0.481579
11.2664 0.00010914 0.440933
10.8397 0.000104423 0.400667
10.4121 9.99474e-05 0.360855
9.98371 9.54138e-05 0.321482
9.55445 9.02848e-05 0.282553
9.12289 8.56427e-05 0.244438
8.68964 8.15931e-05 0.207219
8.25431 7.78117e-05 0.170986
7.81596 7.41646e-05 0.136062
7.3729 7.13491e-05 0.103325
6.92306 7.06661e-05 0.0739424
6.46571 7.14874e-05 0.0480319
6.00318 7.27628e-05 0.0243263
5.53765 7.44769e-05 0.00220508
5.06915 7.82423e-05 -0.0184708
4.5981 8.30689e-05 -0.037819
4.12482 8.8289e-05 -0.0556322
3.65029 8.42122e-05 -0.0714594
3.17711 5.87292e-05 -0.0838428
2.70802 3.47899e-05 -0.0902881
2.24326 1.23412e-05 -0.0914368
1.78141 2.65729e-06 -0.0878522
1.32287 7.32709e-06 -0.079786
0.867555 1.21901e-05 -0.0676272
0.414305 1.57704e-05 -0.053202
-0.0364176 1.41547e-05 -0.0368199
-0.484411 1.08938e-05 -0.0192314
-0.933615 7.6654e-06 -0.0013211
-1.38562 4.41725e-06 0.0169564
-1.84252 1.49882e-06 0.0355399
-2.30132 -2.56152e-06 0.054856
-2.7623 -8.00941e-06 0.0750404
-3.22564 -1.63753e-05 0.0960218
-3.68986 -2.5043e-05 0.118
-4.15478 -3.29278e-05 0.141067
-4.61967 -3.86524e-05 0.165354
-5.08411 -4.277e-05 0.190731
-5.54759 -4.4548e-05 0.216503
-6.00968 -4.7336e-05 0.241712
-6.4719 -5.18532e-05 0.26662
-6.9346 -5.6138e-05 0.29164
-7.39797 -6.07119e-05 0.31675
-7.85675 -6.42471e-05 0.342052
-8.30512 -5.15302e-05 0.367454
-8.75295 -3.89324e-05 0.392677
-9.20656 -3.85402e-05 0.417133
-9.66663 -4.31722e-05 0.441119
-10.1314 -4.84453e-05 0.464935
-10.5995 -5.55503e-05 0.488761
-11.0706 -6.40601e-05 0.512709
-11.5444 -7.06268e-05 0.536959
-12.021 -7.07333e-05 0.561794
-12.4999 -6.12377e-05 0.5874
-12.9813 -4.641e-05 0.61362
-13.4644 -3.05591e-05 0.640257
-13.9479 -1.75736e-05 0.667357
-14.4312 -9.94215e-06 0.695062
-14.914 -7.29623e-06 0.723294
-15.3966 -6.26166e-06 0.751781
-15.8788 -5.40727e-06 0.78037
-16.3605 -4.83034e-06 0.809052
-16.8415 -4.59512e-06 0.837877
-17.3215 -4.77226e-06 0.866982
-17.8 -5.47703e-06 0.896394
-18.2772 -6.56107e-06 0.926052
-17.8554 -4.31706e-06 0.899665
-17.4323 -2.00259e-06 0.873348
-17.0081 3.58791e-07 0.847148
-16.583 2.76437e-06 0.821053
-16.157 5.25763e-06 0.795052
-15.7297 8.00754e-06 0.769108
-15.3016 1.14701e-05 0.743187
-14.8727 1.59209e-05 0.717279
-14.4427 2.22851e-05 0.691351
-14.0124 2.75646e-05 0.665484
-13.5813 1.7728e-05 0.639532
-13.1498 7.77908e-06 0.613686
-12.7179 -2.10093e-06 0.587992
-12.2855 -1.20475e-05 0.562452
-11.8526 -2.20425e-05 0.537052
-11.419 -3.23106e-05 0.51181
-10.9851 -3.30442e-05 0.486498
-10.5507 -2.5803e-05 0.461156
-10.1149 -1.84908e-05 0.43604
-9.67815 -1.11105e-05 0.411115
-9.24014 -3.539e-06 0.386417
-8.80021 4.28917e-06 0.362064
-8.35779 1.24716e-05 0.338065
-7.9115 2.14737e-05 0.314699
-7.45902 3.17663e-05 0.292175
-6.99813 4.3202e-05 0.27074
-6.53264 5.52434e-05 0.249883
-6.06416 6.75848e-05 0.229279
-5.5929 8.01081e-05 0.208879
-5.12026 8.97708e-05 0.188761
-4.649 9.59675e-05 0.172658
-4.17743 0.000101896 0.158864
-3.70499 0.000107643 0.146214
-3.2333 0.000113083 0.136293
-2.76328 0.000117821 0.131182
-2.29349 0.000122126 0.128942
-1.82486 0.0001262 0.131191
-1.3558 0.000129798 0.137285
-0.887531 0.00013275 0.146878
-0.419408 0.000135073 0.159444
0.0469042 0.000135727 0.174041
0.510722 0.000135509 0.190148
0.973149 0.000135327 0.207334
1.43429 0.000134806 0.225465
1.89612 0.000134691 0.24489
2.35676 0.000133203 0.265328
2.8166 0.000130016 0.285476
3.27637 0.000127467 0.305092
3.73633 0.000127344 0.325077
4.19611 0.000130216 0.34549
4.65698 0.000135678 0.366363
5.1183 0.000141581 0.387291
5.57764 0.00014716 0.407698
6.03635 0.000152174 0.428204
6.49548 0.000156894 0.44853
6.95597 0.000160688 0.469213
7.41898 0.000162956 0.491353
7.88338 0.000165155 0.513175
8.34966 0.000167145 0.534429
8.81861 0.000169092 0.554852
9.29015 0.000169868 0.57504
9.76476 0.000163751 0.59814
10.2407 0.00015757 0.621114
10.7078 0.000183927 0.649309
11.1624 0.000183239 0.682711
11.6173 0.000181354 0.715977
12.0727 0.000179328 0.748913
12.5294 0.000177025 0.78118
12.9875 0.000174684 0.81278
13.4468 0.000172424 0.843655
13.9075 0.000170344 0.873746
14.3694 0.000168696 0.903039
14.8324 0.000167781 0.93148
15.2964 0.000167886 0.959047
15.7612 0.00016918 0.985757
16.2265 0.000171787 1.01161
16.6919 0.000175279 1.03666
17.1575 0.0001788 1.06091
17.6231 0.000181932 1.08454
18.0887 0.000184511 1.10782
18.5544 0.000186694 1.131
19.0203 0.000188694 1.15428
19.4866 0.000190604 1.17775
19.9535 0.000192419 1.20127
20.4207 0.000194143 1.22483
20.8879 0.000195781 1.24841
21.355 0.000197299 1.27191
21.8219 0.000198627 1.29516
22.2879 0.000199697 1.3179
22.7527 0.00020044 1.34004
23.2162 0.000200876 1.36172
23.679 0.000201081 1.38301
24.3725 0.000201159 1.4146
24.8347 0.000201123 1.43573
25.2965 0.000201055 1.45674
25.7574 0.000200976 1.47742
26.2164 0.000200913 1.49724
26.6703 0.000200894 1.51496
27.1126 0.00020099 1.52799
27.5433 0.000201202 1.53615
27.9711 0.000201432 1.54305
28.3987 0.00020165 1.54985
28.8264 0.000201856 1.55664
29.2542 0.000202052 1.56345
29.6821 0.000202237 1.5703
30.1101 0.000202412 1.57719
30.5383 0.000202578 1.58413
30.9665 0.000202737 1.59112
31.3948 0.00020289 1.59817
31.8231 0.000203036 1.60527
32.2516 0.000203177 1.61241
32.68 0.000203312 1.61956
33.1085 0.000203443 1.62672
33.5371 0.000203569 1.6339
33.9657 0.000203691 1.64108
34.3944 0.000203808 1.64826
34.8231 0.000203921 1.65547
35.2519 0.000204029 1.6627
35.6808 0.000204134 1.66996
36.1097 0.000204234 1.67727
35.6929 0.000200052 1.63319
35.2762 0.000195893 1.58918
34.8595 0.000191743 1.54526
34.4423 0.000187645 1.50146
34.024 0.000183608 1.45783
33.6049 0.0001796 1.4144
33.1855 0.000175678 1.37116
32.765 0.000171799 1.32819
32.3443 0.0001679 1.28534
31.9225 0.00016405 1.24282
31.5001 0.000159966 1.20047
31.0769 0.000155754 1.15848
30.6527 0.000151699 1.11675
30.2282 0.000147728 1.07521
29.8025 0.000144025 1.03405
29.3759 0.000140803 0.993207
28.9481 0.000139722 0.953113
28.5194 0.00013997 0.913566
28.0899 0.000129783 0.874156
27.6595 0.000112641 0.834986
27.2282 9.49246e-05 0.796186
26.7962 7.6996e-05 0.757656
26.3631 7.48416e-05 0.720426
25.9292 7.66113e-05 0.683709
25.4945 7.84629e-05 0.647301
25.0588 8.02492e-05 0.611385
24.6216 8.22177e-05 0.575984
24.1833 8.42738e-05 0.541109
23.7436 8.6495e-05 0.50678
23.3017 8.91304e-05 0.473358
22.8571 9.21032e-05 0.440998
22.4096 9.1608e-05 0.410855
21.9572 9.01018e-05 0.382673
21.5003 8.86644e-05 0.356285
21.0388 8.72995e-05 0.332102
20.574 8.60062e-05 0.309564
20.1069 8.4748e-05 0.287958
19.6378 8.35189e-05 0.267225
19.167 8.23225e-05 0.247419
18.6951 8.1138e-05 0.228641
18.2225 7.99667e-05 0.210917
17.7499 7.88201e-05 0.194422
17.2781 7.77229e-05 0.179516
16.807 7.66637e-05 0.165855
16.3373 7.56291e-05 0.153667
15.8689 7.39128e-05 0.14253
15.4013 7.15419e-05 0.131952
14.9337 6.91538e-05 0.121513
14.4659 6.67453e-05 0.111197
13.9981 6.42977e-05 0.100977
13.53 6.18189e-05 0.0908128
13.0617 5.93379e-05 0.0807517
12.5931 5.69058e-05 0.0708764
12.1238 5.45413e-05 0.0613104
11.6542 5.21465e-05 0.0517913
11.1845 4.96708e-05 0.0422337
10.7146 4.71017e-05 0.0326194
10.2446 4.44219e-05 0.022985
9.77453 4.16249e-05 0.0133227
9.30445 3.87068e-05 0.00367085
8.83452 3.5678e-05 -0.00587062
8.36501 3.25521e-05 -0.0151567
7.8961 2.93206e-05 -0.0240639
7.42758 2.59345e-05 -0.0327266
6.95923 2.23433e-05 -0.0412675
6.49114 1.85064e-05 -0.0496495
6.02335 1.44413e-05 -0.0578787
5.5558 1.0113e-05 -0.0659348
5.08853 5.42097e-06 -0.073809
4.62159 4.60123e-07 -0.0814675
4.155 -4.67291e-06 -0.088891
3.68879 -1.00228e-05 -0.0958575
3.22295 -1.559e-05 -0.10236
2.75852 -2.14002e-05 -0.106505
2.29536 -2.7514e-05 -0.108446
1.83256 -3.37717e-05 -0.10957
1.37036 -3.98151e-05 -0.109674
0.908496 -4.53385e-05 -0.107977
0.447748 -4.98264e-05 -0.104412
-0.0117839 -5.37532e-05 -0.0988921
-0.470375 -5.65849e-05 -0.0911717
-0.928375 -5.74122e-05 -0.0801325
-1.38651 -5.65134e-05 -0.063067
-1.8439 -5.41583e-05 -0.0408583
-2.3005 -5.18562e-05 -0.0170964
-2.75665 -4.98064e-05 0.00724273
-3.21266 -4.77347e-05 0.0319336
-3.66888 -4.56931e-05 0.0568613
-4.12561 -4.34081e-05 0.0820352
-4.58334 -4.09989e-05 0.107561
-5.04225 -3.87204e-05 0.133533
-5.50254 -3.66422e-05 0.159947
-5.96422 -3.4772e-05 0.186767
-6.42714 -3.31676e-05 0.213916
-6.89104 -3.18101e-05 0.241366
-7.35537 -3.04474e-05 0.269056
-7.81999 -2.91302e-05 0.296963
-8.28465 -2.79056e-05 0.325055
-8.74944 -2.67558e-05 0.353328
-9.21431 -2.56749e-05 0.381774
-9.67895 -2.45845e-05 0.410383
-10.1433 -2.34685e-05 0.439148
-10.6071 -2.23849e-05 0.468062
-11.0704 -2.13554e-05 0.497119
-11.5332 -2.0363e-05 0.526311
-11.9955 -1.94044e-05 0.555619
-12.4574 -1.84863e-05 0.585038
-12.9189 -1.75916e-05 0.614559
-13.38 -1.67167e-05 0.644176
-13.8406 -1.58621e-05 0.673889
-14.301 -1.50124e-05 0.703705
-14.761 -1.4148e-05 0.73362
-15.2207 -1.32392e-05 0.763644
-15.6794 -1.22132e-05 0.793854
-16.1286 -1.05072e-05 0.824992
-16.5772 -8.58109e-06 0.856455
-17.0255 -6.54438e-06 0.88823
-17.4733 -4.65055e-06 0.920288
-17.9208 -3.18471e-06 0.952642
-18.3678 -2.39931e-06 0.985354
-18.8161 -8.83912e-06 1.01628
-19.2662 -1.84731e-05 1.0466
-19.7165 -2.79361e-05 1.07727
-20.1711 -3.95885e-05 1.10785
-20.626 -5.08266e-05 1.13885
-21.08 -6.09892e-05 1.17037
-21.5337 -7.00077e-05 1.2023
-21.9872 -7.78585e-05 1.23454
-22.4406 -8.46299e-05 1.26702
-22.894 -9.04657e-05 1.2997
-23.3475 -9.5526e-05 1.33253
-23.8012 -9.99682e-05 1.36549
-24.483 -0.000100801 1.41511
-24.9381 -9.87329e-05 1.44827
-25.3933 -9.65421e-05 1.48147
-25.8486 -9.42452e-05 1.51472
-26.304 -9.18599e-05 1.54799
-26.7595 -8.94026e-05 1.5813
-27.2151 -8.68879e-05 1.61461
-27.6709 -8.43371e-05 1.64789
-28.1269 -8.17539e-05 1.68116
-28.5831 -7.9139e-05 1.71443
-29.0393 -7.65001e-05 1.74772
-29.4957 -7.38428e-05 1.78102
-29.9521 -7.11722e-05 1.81432
-30.4086 -6.84895e-05 1.84762
-30.8653 -6.57962e-05 1.88092
-31.322 -6.30954e-05 1.91421
-31.7788 -6.03888e-05 1.94749
-32.2359 -5.76702e-05 1.9807
-32.6932 -5.49468e-05 2.0139
-33.1506 -5.22218e-05 2.0471
-33.608 -4.94944e-05 2.0803
-34.0656 -4.67676e-05 2.11348
-34.5233 -4.40421e-05 2.14663
-34.9811 -4.13147e-05 2.17974
-35.4391 -3.85859e-05 2.21282
-35.8972 -3.58558e-05 2.24588
-36.3554 -3.3127e-05 2.27894
-36.8135 -3.03992e-05 2.312
-37.2717 -2.76722e-05 2.34504
-36.8515 -3.20901e-05 2.31946
-36.4297 -3.63791e-05 2.29393
-36.0073 -4.05912e-05 2.26843
-35.5841 -4.48025e-05 2.24299
-35.1601 -4.89582e-05 2.21765
-34.7347 -5.3377e-05 2.19236
-34.3089 -5.07969e-05 2.16697
-33.8826 -3.92768e-05 2.14142
-33.4553 -2.62905e-05 2.11587
-33.0279 -2.01278e-05 2.0902
-32.6004 -1.82589e-05 2.06451
-32.1723 -1.63483e-05 2.03887
-31.7439 -1.4496e-05 2.01328
-31.3148 -1.28723e-05 1.98775
-30.8852 -1.13703e-05 1.96233
-30.4551 -9.84611e-06 1.93702
-30.0244 -8.35013e-06 1.9118
-29.5928 -7.02129e-06 1.88686
-29.1605 -5.73135e-06 1.86199
-28.7273 -4.4897e-06 1.83724
-28.2933 -3.3252e-06 1.8126
-27.8584 -2.0956e-06 1.78803
-27.4225 -8.25166e-07 1.76363
-26.9853 4.40197e-07 1.73952
-26.5471 1.749e-06 1.71559
-26.1073 3.30664e-06 1.69182
-25.6662 4.98469e-06 1.66841
-25.2232 6.98508e-06 1.64561
-24.7781 9.36527e-06 1.62405
-24.3303 1.21642e-05 1.60429
-23.8797 1.52711e-05 1.58661
-23.4267 1.84131e-05 1.57116
-22.971 2.16009e-05 1.5566
-22.5117 2.47887e-05 1.5431
-22.0514 2.78692e-05 1.5307
-21.59 3.08547e-05 1.51882
-21.1274 3.37464e-05 1.50704
-20.6637 3.6546e-05 1.49515
-20.199 3.92383e-05 1.48316
-19.7334 4.17889e-05 1.47114
-19.2669 4.41379e-05 1.45929
-18.7998 4.62939e-05 1.44744
-18.3318 4.82495e-05 1.43562
-17.8632 5.00001e-05 1.42386
-17.3942 5.15042e-05 1.41226
-16.9252 5.27523e-05 1.40133
-16.4573 5.37113e-05 1.39224
-15.9896 5.43979e-05 1.38381
-15.5221 5.48341e-05 1.37631
-15.0546 5.50363e-05 1.36903
-14.5873 5.4982e-05 1.36229
-14.1201 5.46841e-05 1.35621
-13.6536 5.41741e-05 1.35098
-13.1873 5.34568e-05 1.34585
-12.7215 5.25562e-05 1.34097
-12.2561 5.15099e-05 1.33644
-11.7912 5.03255e-05 1.33215
-11.3268 4.89832e-05 1.32824
-10.8631 4.74304e-05 1.32467
-10.4 4.56558e-05 1.32128
-9.93772 4.35358e-05 1.31826
-9.4763 4.10488e-05 1.3155
-9.01568 3.82031e-05 1.31284
-8.55586 3.49056e-05 1.31063
-8.09656 3.13748e-05 1.30851
-7.63756 2.75749e-05 1.30655
-7.17873 2.3794e-05 1.30487
-6.71958 2.03507e-05 1.30342
-6.25981 1.76111e-05 1.30212
-5.79912 1.57764e-05 1.30094
-5.33741 1.50892e-05 1.29982
-4.87519 1.54507e-05 1.29882
-4.41316 1.61396e-05 1.29765
-3.9513 1.70405e-05 1.29631
-3.48957 1.80973e-05 1.29481
-3.02785 1.93028e-05 1.29319
-2.56613 2.06364e-05 1.29142
-2.10453 2.21582e-05 1.28955
-1.64306 2.39281e-05 1.28763
-1.18181 2.61113e-05 1.28568
-0.720933 2.87705e-05 1.28362
-0.260401 3.17243e-05 1.28148
0.199866 3.4833e-05 1.27931
0.659905 3.7998e-05 1.27716
1.11977 4.11792e-05 1.275
1.57941 4.44098e-05 1.2729
2.03756 4.80192e-05 1.27179
2.49543 5.17321e-05 1.27139
2.95348 5.58526e-05 1.27324
3.41171 6.01347e-05 1.2765
3.87063 6.45631e-05 1.28083
4.33007 6.94405e-05 1.28788
4.78957 7.43859e-05 1.2958
5.24898 7.92869e-05 1.30404
5.70886 8.40177e-05 1.31209
6.16932 8.85787e-05 1.3199
6.63056 9.29104e-05 1.32741
7.09272 9.70036e-05 1.33462
7.55555 0.000100894 1.34147
8.01915 0.000104559 1.348
8.48325 0.000108046 1.35425
8.94784 0.000111356 1.36024
9.41297 0.000114496 1.36603
9.87861 0.000117467 1.37161
10.3445 0.000120309 1.37695
10.8106 0.000123023 1.38205
11.2767 0.000125637 1.38688
11.7429 0.000128146 1.39143
12.2091 0.000130571 1.3957
12.6751 0.000132919 1.39967
13.141 0.000135193 1.40333
13.6067 0.000137398 1.40669
14.0721 0.000139535 1.40976
14.5373 0.000141607 1.41253
15.0021 0.000143621 1.415
15.4667 0.000145577 1.41717
15.9311 0.000147472 1.41904
16.3952 0.000149311 1.42063
16.859 0.000151093 1.42193
17.3225 0.000152824 1.42297
17.7857 0.000154503 1.42376
18.2483 0.000156145 1.42461
18.7024 0.000157624 1.432
19.1555 0.000158086 1.44005
19.6084 0.000158276 1.44777
20.0589 0.000155768 1.45739
20.5094 0.000153134 1.46654
20.9593 0.000147988 1.47684
21.4084 0.00014121 1.48785
21.8575 0.000134506 1.49834
22.3055 0.000127933 1.50863
22.7509 0.000120178 1.51996
23.1969 0.000110272 1.53309
23.643 0.000100716 1.54567
24.0892 9.15147e-05 1.55777
24.7584 7.83588e-05 1.57503
25.2045 7.00158e-05 1.58596
25.6512 6.89253e-05 1.59778
26.1002 9.26577e-05 1.61389
26.5488 0.000116239 1.62953
26.9974 0.000139735 1.64467
27.4457 0.000163088 1.65941
27.8939 0.000186337 1.67378
28.3419 0.000209489 1.68778
28.7896 0.000232496 1.70144
29.2369 0.000255115 1.71475
29.684 0.000277463 1.72774
30.136 0.000272494 1.74441
30.5878 0.000266719 1.76089
31.0391 0.000260905 1.77708
31.4899 0.000255052 1.79298
31.9402 0.000249184 1.8086
32.39 0.000243309 1.82394
32.8391 0.000237502 1.83899
33.2876 0.000231707 1.85377
33.7354 0.000225969 1.86828
34.1826 0.000220234 1.88255
34.6291 0.000214578 1.89657
35.0758 0.000212287 1.91127
35.5221 0.000211985 1.92615
35.9672 0.00021174 1.94063
36.4112 0.000211531 1.95475
36.8541 0.000211363 1.96848
37.2959 0.000211233 1.98185
37.7366 0.000211139 1.99485
38.1764 0.000211079 2.00747
38.6152 0.000211048 2.01975
39.0531 0.000211041 2.03169
39.4902 0.000211051 2.04331
39.9265 0.000211072 2.05462
40.3621 0.000211101 2.06564
40.7971 0.000211136 2.0764
41.2316 0.000211173 2.08693
41.666 0.000211199 2.09729
42.1001 0.00021122 2.10749
42.5338 0.000211236 2.11752
42.9672 0.000211246 2.12739
43.4003 0.00021125 2.13714
43.8331 0.000211241 2.14677
44.2658 0.000211154 2.15634
44.6983 0.000211084 2.16584
44.2814 0.00020743 2.122
43.8645 0.000203788 2.07831
43.4476 0.000200161 2.03481
43.0299 0.000196598 1.99141
42.6114 0.000193064 1.94817
42.1922 0.000189621 1.90512
41.7724 0.000186287 1.86224
41.3516 0.000182994 1.81961
40.9302 0.00017971 1.7772
40.5078 0.000176404 1.73504
40.0838 0.000172806 1.69334
39.6595 0.000169304 1.65185
39.2338 0.000166171 1.61075
38.8079 0.000164224 1.57012
38.381 0.000163804 1.53055
37.953 0.000148689 1.49108
37.5247 0.000133558 1.45177
37.0955 0.000129565 1.41337
36.6656 0.000132334 1.37558
36.2351 0.000135155 1.33799
35.8051 0.00013397 1.30172
35.3753 0.000129798 1.26657
34.9448 0.000125738 1.23171
34.5131 0.000121747 1.1972
34.0802 0.00011782 1.16309
33.6455 0.00011399 1.12952
33.2096 0.000110127 1.09635
32.7723 0.000106376 1.06363
32.334 0.000102692 1.03139
31.8944 9.92064e-05 0.999678
31.453 9.60264e-05 0.968721
31.0099 9.30623e-05 0.938559
30.5644 9.0427e-05 0.909953
30.1164 8.80735e-05 0.883872
29.6652 8.5842e-05 0.860328
29.2113 8.37069e-05 0.839387
28.7545 8.15551e-05 0.820511
28.2954 7.94261e-05 0.803211
27.8349 7.73698e-05 0.787397
27.3733 7.53726e-05 0.772682
26.9105 7.33953e-05 0.758337
26.4468 7.14376e-05 0.744281
25.9821 6.9493e-05 0.730593
25.5165 6.75451e-05 0.717065
25.0502 6.56032e-05 0.70365
24.5833 6.36519e-05 0.690323
24.1157 6.16743e-05 0.677121
23.6476 5.96911e-05 0.663903
23.1791 5.77204e-05 0.650631
22.7102 5.57476e-05 0.637364
22.2412 5.37594e-05 0.624157
21.7721 5.17671e-05 0.611137
21.3034 4.97947e-05 0.598599
20.835 4.78613e-05 0.586611
20.3666 4.59735e-05 0.575059
19.898 4.41451e-05 0.564067
19.4292 4.23188e-05 0.553272
18.9605 4.04646e-05 0.542542
18.4918 3.85787e-05 0.531882
18.0233 3.66612e-05 0.52134
17.5549 3.47179e-05 0.510897
17.0868 3.27474e-05 0.500644
16.6188 3.07461e-05 0.490549
16.1511 2.87112e-05 0.480608
15.6835 2.66328e-05 0.470738
15.216 2.45082e-05 0.460936
14.7488 2.23363e-05 0.45126
14.2818 2.01103e-05 0.441696
13.815 1.78291e-05 0.432221
13.3484 1.54975e-05 0.422912
12.8821 1.31023e-05 0.413673
12.4161 1.06328e-05 0.404555
11.9503 8.07927e-06 0.395592
11.4848 5.44181e-06 0.386735
11.0196 2.71656e-06 0.377963
10.5547 -1.27863e-07 0.369351
10.0902 -3.11299e-06 0.360917
9.62605 -6.1772e-06 0.352568
9.16223 -9.34904e-06 0.344329
8.69877 -1.26868e-05 0.336265
8.23569 -1.61128e-05 0.328331
7.77306 -1.95245e-05 0.320549
7.31096 -2.28851e-05 0.312978
6.84932 -2.62819e-05 0.305653
6.38826 -2.95553e-05 0.298543
5.92775 -3.26795e-05 0.291599
5.46776 -3.56565e-05 0.284833
5.00811 -3.85058e-05 0.278302
4.54904 -4.10874e-05 0.271993
4.09058 -4.34042e-05 0.265883
3.63271 -4.55163e-05 0.259919
3.17535 -4.74887e-05 0.254033
2.71837 -4.91505e-05 0.248172
2.26166 -5.05249e-05 0.24228
1.80511 -5.15498e-05 0.236313
1.34886 -5.20568e-05 0.230233
0.893048 -5.20338e-05 0.224009
0.437459 -5.14376e-05 0.217661
-0.0179884 -5.04023e-05 0.211232
-0.473311 -4.92551e-05 0.204683
-0.928513 -4.81468e-05 0.197992
-1.38355 -4.70599e-05 0.191132
-1.83685 -4.59507e-05 0.184893
-2.28938 -4.48568e-05 0.178674
-2.7415 -4.36939e-05 0.174681
-3.19335 -4.25015e-05 0.172039
-3.64519 -4.13159e-05 0.170231
-4.09803 -4.00473e-05 0.173123
-4.55089 -3.8732e-05 0.178341
-5.00357 -3.72555e-05 0.18616
-5.45641 -3.57041e-05 0.198458
-5.90919 -3.407e-05 0.218473
-6.36181 -3.24574e-05 0.243377
-6.81477 -3.09664e-05 0.269447
-7.26844 -2.96183e-05 0.296184
-7.72315 -2.8417e-05 0.323527
-8.17921 -2.73717e-05 0.351335
-8.63637 -2.64304e-05 0.37959
-9.09421 -2.55415e-05 0.408109
-9.55245 -2.46904e-05 0.436807
-10.011 -2.39044e-05 0.465666
-10.4698 -2.31915e-05 0.494684
-10.9291 -2.25624e-05 0.523878
-11.3886 -2.19916e-05 0.553269
-11.8481 -2.14647e-05 0.582843
-12.3076 -2.09585e-05 0.612585
-12.7669 -2.04655e-05 0.642484
-13.226 -2.00075e-05 0.672528
-13.6848 -1.95984e-05 0.702714
-14.1433 -1.92357e-05 0.733041
-14.6016 -1.89208e-05 0.763503
-15.0597 -1.8655e-05 0.794096
-15.5174 -1.8434e-05 0.824816
-15.9748 -1.82578e-05 0.85566
-16.4319 -1.81303e-05 0.886624
-16.8888 -1.80516e-05 0.917714
-17.3455 -1.80186e-05 0.948929
-17.8019 -1.80302e-05 0.980258
-18.2579 -1.8086e-05 1.0117
-18.7138 -1.81874e-05 1.04325
-19.1694 -1.83328e-05 1.07491
-19.6248 -1.85213e-05 1.10666
-20.08 -1.87524e-05 1.13852
-20.535 -1.90251e-05 1.17048
-20.9898 -1.93378e-05 1.20252
-21.4445 -1.96895e-05 1.23466
-22.1261 -2.02862e-05 1.28304
-22.5804 -2.0729e-05 1.31539
-23.0345 -2.1206e-05 1.34782
-23.4885 -2.17156e-05 1.38032
-23.9425 -2.22561e-05 1.41289
-24.3903 -2.26339e-05 1.44601
-24.8373 -2.3018e-05 1.47927
-25.2843 -2.34345e-05 1.51259
-25.7313 -2.3877e-05 1.54598
-26.1777 -2.47739e-05 1.57918
-26.6225 -2.68317e-05 1.61169
-27.0674 -2.88643e-05 1.64428
-27.5126 -3.09017e-05 1.67693
-27.9587 -3.3805e-05 1.70936
-28.4052 -3.7028e-05 1.74176
-28.852 -4.01939e-05 1.77422
-29.299 -4.33027e-05 1.80675
-29.7462 -4.63543e-05 1.83935
-30.1955 -5.03672e-05 1.87174
-30.6454 -5.44819e-05 1.90414
-31.0955 -5.84754e-05 1.9366
-31.5457 -6.23491e-05 1.96913
-31.9961 -6.61111e-05 2.00173
-32.4466 -6.97664e-05 2.03439
-32.8973 -7.33173e-05 2.06713
-33.3481 -7.67687e-05 2.09994
-33.7991 -8.01262e-05 2.1328
-34.2504 -8.3396e-05 2.16567
-34.702 -8.66363e-05 2.19856
-35.1558 -9.04563e-05 2.2314
-35.6097 -9.41675e-05 2.26428
-36.0636 -9.77755e-05 2.29721
-36.5176 -0.000101286 2.33018
-36.9717 -0.000104703 2.36319
-37.426 -0.000108033 2.3962
-37.8805 -0.00011128 2.42921
-38.3351 -0.000114449 2.46224
-38.7897 -0.000117547 2.4953
-39.2444 -0.000120577 2.52838
-39.6991 -0.000123544 2.56147
-40.1539 -0.000126448 2.59455
-40.6091 -0.000129273 2.62736
-41.0643 -0.000132041 2.66013
-41.5196 -0.000134758 2.69289
-41.975 -0.000137428 2.72565
-42.4304 -0.000140054 2.75842
-42.8858 -0.000142639 2.79126
-43.3413 -0.000145183 2.82409
-43.7969 -0.000147686 2.85691
-44.2525 -0.00015015 2.88969
-44.7081 -0.000152579 2.92246
-45.1638 -0.000154975 2.95521
-45.6195 -0.000157339 2.98795
-46.0752 -0.000159675 3.02068
-46.531 -0.000161983 3.05341
-46.1128 -0.000152227 3.02798
-45.693 -0.000142527 3.00251
-45.2718 -0.000132815 2.97706
-44.8501 -0.000123011 2.95167
-44.4272 -0.000113153 2.92635
-44.0033 -0.000103224 2.90107
-43.578 -9.30795e-05 2.8758
-43.1516 -8.23199e-05 2.85067
-42.7245 -7.1026e-05 2.82559
-42.2965 -6.29554e-05 2.80041
-41.8683 -6.14382e-05 2.77502
-41.4398 -5.98979e-05 2.74971
-41.0108 -5.83678e-05 2.72447
-40.5813 -5.69708e-05 2.69931
-40.1512 -5.57838e-05 2.67424
-39.7206 -5.46139e-05 2.64925
-39.2894 -5.34539e-05 2.62429
-38.8575 -5.22945e-05 2.59943
-38.4249 -5.11013e-05 2.57464
-37.9915 -4.98459e-05 2.54992
-37.5573 -4.85885e-05 2.52531
-37.1222 -4.73526e-05 2.50082
-36.6861 -4.5971e-05 2.47649
-36.2492 -4.45491e-05 2.45226
-35.8112 -4.30407e-05 2.4282
-35.3719 -4.14365e-05 2.40435
-34.9314 -3.97031e-05 2.38081
-34.4897 -3.78408e-05 2.35764
-34.0462 -3.56108e-05 2.33482
-33.6011 -3.31622e-05 2.31318
-33.1533 -3.02987e-05 2.29315
-32.7026 -2.717e-05 2.27514
-32.2476 -2.3976e-05 2.25909
-31.7903 -2.07618e-05 2.24442
-31.3313 -1.75592e-05 2.2304
-30.8713 -1.44126e-05 2.21756
-30.4101 -1.1336e-05 2.20519
-29.9479 -8.32667e-06 2.1928
-29.4847 -5.41214e-06 2.18049
-29.0206 -2.59177e-06 2.16818
-28.5556 1.22961e-07 2.15579
-28.0898 2.71629e-06 2.14333
-27.6232 5.13214e-06 2.13087
-27.156 7.37535e-06 2.11837
-26.6883 9.44728e-06 2.10581
-26.2203 1.13554e-05 2.09327
-25.7521 1.30652e-05 2.08103
-25.2846 1.45296e-05 2.07007
-24.8174 1.57894e-05 2.05967
-24.3504 1.68486e-05 2.04973
-23.8834 1.77023e-05 2.0402
-23.4165 1.83497e-05 2.03136
-22.9497 1.87969e-05 2.02266
-22.4828 1.90539e-05 2.01466
-22.0159 1.91006e-05 2.00712
-21.5495 1.89577e-05 1.9999
-21.0837 1.86281e-05 1.99311
-20.6185 1.81061e-05 1.98652
-20.154 1.7417e-05 1.98033
-19.6901 1.64924e-05 1.9744
-19.2269 1.52179e-05 1.9687
-18.7646 1.36149e-05 1.96338
-18.3032 1.17641e-05 1.95836
-17.8427 9.69083e-06 1.95363
-17.3829 7.39275e-06 1.94906
-16.9239 4.81716e-06 1.94485
-16.4654 2.10038e-06 1.94074
-16.0071 -6.58089e-07 1.93678
-15.5488 -3.35215e-06 1.93316
-15.0899 -5.73985e-06 1.9297
-14.63 -7.67417e-06 1.92643
-14.1688 -8.91433e-06 1.92328
-13.7065 -9.48134e-06 1.92038
-13.2437 -9.9176e-06 1.91767
-12.7807 -1.02752e-05 1.91489
-12.3178 -1.04982e-05 1.91195
-11.8549 -1.05132e-05 1.90881
-11.3922 -1.02579e-05 1.90548
-10.9295 -9.69212e-06 1.90195
-10.4671 -8.84864e-06 1.89825
-10.005 -7.75225e-06 1.89444
-9.5432 -6.48575e-06 1.89053
-9.0816 -5.08945e-06 1.88659
-8.62018 -3.59811e-06 1.88259
-8.15889 -2.01216e-06 1.87849
-7.69768 -3.42031e-07 1.87433
-7.23668 1.37511e-06 1.87006
-6.77592 3.15024e-06 1.86566
-6.3155 5.0113e-06 1.86117
-5.85547 7.00296e-06 1.85656
-5.39593 9.20147e-06 1.85184
-4.93691 1.16244e-05 1.84698
-4.47828 1.41778e-05 1.84202
-4.02005 1.67926e-05 1.83695
-3.56219 1.94074e-05 1.83184
-3.10467 2.20087e-05 1.82665
-2.64744 2.45885e-05 1.82136
-2.19054 2.71476e-05 1.81599
-1.73411 2.96629e-05 1.8106
-1.27817 3.21424e-05 1.8052
