-0.982881 -0.0021791
-1.98927 -0.00435652
-3.01995 -0.0065322
-4.07574 -0.00870609
-5.15747 -0.0108781
-6.26604 -0.0130482
-7.40236 -0.0152163
-8.56739 -0.0173823
-9.76214 -0.0195461
-10.9877 -0.0217078
-12.245 -0.0238671
-13.5354 -0.026024
-14.86 -0.0281784
-16.2201 -0.0303302
-17.6169 -0.0324793
-19.0518 -0.0346256
-20.5263 -0.036769
-22.0418 -0.0389093
-23.6 -0.0410465
-25.2024 -0.0431804
-26.8508 -0.045311
-28.547 -0.0474379
-30.2929 -0.0495612
-32.0904 -0.0516806
-33.9417 -0.0537959
-35.8488 -0.0559071
-37.8142 -0.058014
-39.8401 -0.0601162
-41.9291 -0.0622137
-44.0839 -0.0643062
-46.3071 -0.0663936
-48.6018 -0.0684755
-50.9709 -0.0705518
-53.4177 -0.0726221
-55.9454 -0.0746863
-58.5576 -0.076744
-61.2581 -0.0787949
-64.0506 -0.0808387
-66.9393 -0.0828751
-69.9283 -0.0849038
-73.0222 -0.0869243
-76.2255 -0.0889364
-79.5433 -0.0909395
-82.9805 -0.0929333
-86.5425 -0.0949173
-90.2349 -0.096891
-94.0634 -0.098854
-98.0342 -0.100806
-102.153 -0.102746
-106.428 -0.104673
-110.864 -0.106588
-115.468 -0.108489
-120.249 -0.110376
-125.213 -0.112249
-130.368 -0.114105
-135.722 -0.115946
-141.283 -0.117769
-147.058 -0.119575
-153.057 -0.121363
-159.286 -0.123131
-165.755 -0.124879
-172.472 -0.126606
-179.444 -0.128312
-186.68 -0.129995
-194.186 -0.131655
-201.971 -0.133291
-210.042 -0.134903
-218.404 -0.136488
-227.064 -0.138048
-236.026 -0.13958
-245.296 -0.141085
-254.878 -0.142561
-264.773 -0.144009
-274.984 -0.145427
-285.513 -0.146816
-296.358 -0.148174
-307.519 -0.149503
-318.993 -0.150801
-330.779 -0.152068
-342.87 -0.153304
-355.263 -0.154511
-367.951 -0.155686
-380.927 -0.156832
-394.184 -0.157947
-407.712 -0.159033
-421.503 -0.16009
-435.546 -0.161118
-449.833 -0.162119
-464.352 -0.163091
-479.092 -0.164037
-494.044 -0.164957
-509.195 -0.165852
-524.535 -0.166721
-540.053 -0.167567
-555.738 -0.168389
-571.58 -0.169189
-587.568 -0.169967
-603.693 -0.170724
-619.944 -0.171461
-636.313 -0.172178
