-0.716463 -0.00130746
-1.45191 -0.00261391
-2.20699 -0.00391932
-2.98239 -0.00522365
-3.77884 -0.00652686
-4.59708 -0.00782892
-5.4379 -0.00912977
-6.3021 -0.0104294
-7.19054 -0.0117277
-8.10412 -0.0130247
-9.04376 -0.0143202
-10.0104 -0.0156144
-11.0052 -0.016907
-12.029 -0.0181981
-13.0831 -0.0194876
-14.1687 -0.0207753
-15.2868 -0.0220614
-16.4388 -0.0233456
-17.6261 -0.0246279
-18.8501 -0.0259083
-20.1122 -0.0271866
-21.4139 -0.0284627
-22.757 -0.0297367
-24.143 -0.0310083
-25.5739 -0.0322776
-27.0514 -0.0335443
-28.5775 -0.0348084
-30.1542 -0.0360697
-31.7839 -0.0373282
-33.4686 -0.0385837
-35.2108 -0.0398361
-37.0131 -0.0410853
-38.8779 -0.0423311
-40.8082 -0.0435733
-42.8068 -0.0448118
-44.8767 -0.0460464
-47.0212 -0.0472769
-49.2435 -0.0485032
-51.5473 -0.0497251
-53.9361 -0.0509423
-56.4139 -0.0521546
-58.9848 -0.0533618
-61.6529 -0.0545637
-64.4227 -0.05576
-67.2989 -0.0569504
-70.2862 -0.0581346
-73.3898 -0.0593124
-76.6149 -0.0604835
-79.9671 -0.0616475
-83.452 -0.0628041
-87.0755 -0.0639529
-90.8437 -0.0650936
-94.7631 -0.0662258
-98.84 -0.0673492
-103.081 -0.0684632
-107.494 -0.0695675
-112.084 -0.0706616
-116.86 -0.0717451
-121.829 -0.0728176
-126.997 -0.0738785
-132.372 -0.0749274
-137.962 -0.0759638
-143.773 -0.0769872
-149.812 -0.0779972
-156.088 -0.0789932
-162.605 -0.0799748
-169.37 -0.0809416
-176.39 -0.0818929
-183.669 -0.0828285
-191.212 -0.083748
-199.024 -0.0846508
-207.109 -0.0855366
-215.468 -0.0864052
-224.105 -0.0872563
-233.02 -0.0880895
-242.214 -0.0889047
-251.686 -0.0897017
-261.435 -0.0904804
-271.458 -0.0912407
-281.753 -0.0919827
-292.314 -0.0927063
-303.137 -0.0934117
-314.217 -0.094099
-325.547 -0.0947683
-337.12 -0.0954199
-348.928 -0.0960541
-360.963 -0.0966711
-373.217 -0.0972712
-385.681 -0.0978549
-398.346 -0.0984225
-411.202 -0.0989743
-424.24 -0.0995109
-437.452 -0.100033
-450.827 -0.10054
-464.356 -0.101033
-478.031 -0.101513
-491.842 -0.10198
-505.781 -0.102434
-519.84 -0.102876
-534.011 -0.103307
