0 -7.86495e-07 5.2953e-16
0.02 -0.000193175 2.33418e-06
0.04 -0.000890178 1.96789e-05
0.06 -0.00198741 6.93061e-05
0.08 -0.00306602 0.000143087
0.1 -0.00418465 0.000214094
0.12 -0.00608365 0.000284084
0.14 -0.009249 0.000386182
0.16 -0.0130577 0.000552938
0.18 -0.0161309 0.000785773
0.2 -0.0172778 0.00101936
0.22 -0.0163663 0.00113174
0.24 -0.0147147 0.00105693
0.26 -0.0139586 0.000926413
0.28 -0.0144978 0.00101356
0.3 -0.0160244 0.0014695
0.32 -0.0185643 0.00217434
0.34 -0.0215818 0.00280547
0.36 -0.0235064 0.0030134
0.38 -0.0234305 0.00271419
0.4 -0.021737 0.00220867
0.42 -0.018286 0.00181017
0.44 -0.0123831 0.00145138
0.46 -0.00539142 0.000862265
0.48 -0.00026061 3.84081e-05
0.5 0.00155383 -0.000674675
0.52 0.000603236 -0.000895375
0.54 -0.00183254 -0.000487792
0.56 -0.0038255 0.000225778
0.58 -0.00223527 0.000516041
0.6 0.00512118 -0.000122097
0.62 0.0162491 -0.00141457
0.64 0.0264188 -0.00255868
0.66 0.0325946 -0.00295706
0.68 0.0332991 -0.00262471
0.7 0.0270631 -0.00192073
0.72 0.0162284 -0.00119183
0.74 0.00788787 -0.000770083
0.76 0.00746616 -0.000864235
0.78 0.0136726 -0.00139737
0.8 0.0200292 -0.00219167
0.82 0.0215979 -0.00294439
0.84 0.0196164 -0.00311579
0.86 0.0166791 -0.00240144
0.88 0.0107461 -0.00105859
0.9 -0.000483354 0.000333951
0.92 -0.0138903 0.00124979
0.94 -0.0248604 0.00169581
0.96 -0.0311126 0.0022297
0.98 -0.0303936 0.00305474
1 -0.022938 0.00344108
1.02 -0.0153623 0.00265246
1.04 -0.014604 0.0012323
1.06 -0.0215036 0.000672314
1.08 -0.0332491 0.00190501
1.1 -0.0465962 0.00445741
1.12 -0.0565128 0.00661872
1.14 -0.0568151 0.00658044
1.16 -0.0452116 0.00425353
1.18 -0.0261543 0.00159062
1.2 -0.00876428 0.000479214
1.22 -0.00128542 0.000995394
1.24 -0.0064225 0.0019982
1.26 -0.0209015 0.00260971
1.28 -0.0356321 0.0028265
1.3 -0.0405362 0.00298111
1.32 -0.0337026 0.00289095
1.34 -0.020015 0.0018538
1.36 -0.00344218 -0.000479824
1.38 0.0116851 -0.00322041
1.4 0.017255 -0.00442457
1.42 0.00763623 -0.0029477
1.44 -0.013703 0.000160255
1.46 -0.0381195 0.00287544
1.48 -0.057697 0.00417106
1.5 -0.066037 0.00436482
1.52 -0.0585879 0.00413885
1.54 -0.0373393 0.00363806
1.56 -0.0128344 0.00269964
1.58 0.00329247 0.00145294
1.6 0.0032748 0.000590776
1.62 -0.0135211 0.00149313
1.64 -0.0385041 0.00490441
1.66 -0.0615567 0.00916136
1.68 -0.0787883 0.011294
1.7 -0.0904373 0.00999855
1.72 -0.0915149 0.00659618
1.74 -0.0772831 0.00336367
1.76 -0.0556738 0.00174322
1.78 -0.0388911 0.0015161
1.8 -0.0320108 0.00102389
1.82 -0.033538 -0.000519472
1.84 -0.0429437 -0.00137381
1.86 -0.0610998 0.000729834
1.88 -0.0809097 0.00561506
1.9 -0.0909416 0.0103771
1.92 -0.0864223 0.0120989
1.94 -0.0685968 0.0103249
1.96 -0.0376543 0.00695794
1.98 0.00287656 0.00417966
2 0.0365437 0.00283726
2.02 0.0512372 0.00237437
2.04 0.0545829 0.00150926
2.06 0.055834 -0.000279444
2.08 0.0540137 -0.00214011
2.1 0.0448702 -0.00334043
2.12 0.0336754 -0.0043791
2.14 0.0339683 -0.00631162
2.16 0.0467909 -0.00929788
2.18 0.0603247 -0.0125481
2.2 0.0672912 -0.015517
2.22 0.0712914 -0.0179927
2.24 0.0761017 -0.019439
2.26 0.0720222 -0.0188108
2.28 0.0499122 -0.0151793
2.3 0.0190679 -0.00899014
2.32 -0.00709153 -0.00242788
2.34 -0.0304221 0.00266691
2.36 -0.0624728 0.00647257
2.38 -0.101073 0.0100486
2.4 -0.129244 0.0138343
2.42 -0.137812 0.0173876
2.44 -0.1296 0.0195986
2.46 -0.111271 0.0191297
2.48 -0.0926791 0.0160313
2.5 -0.08769 0.0129779
2.52 -0.106238 0.0132869
2.54 -0.142662 0.0175348
2.56 -0.181851 0.0231593
2.58 -0.215676 0.0269847
2.6 -0.241953 0.0271232
2.62 -0.253368 0.0235086
2.64 -0.24025 0.0178257
2.66 -0.204337 0.0126607
2.68 -0.158138 0.00946863
2.7 -0.114429 0.00734401
2.72 -0.0818273 0.00475022
2.74 -0.0608147 0.00127115
2.76 -0.0479995 -0.00229117
2.78 -0.0404914 -0.00425138
2.8 -0.0337907 -0.00332778
2.82 -0.0251956 -0.000158099
2.84 -0.0113453 0.00313541
2.86 0.0124195 0.0043631
2.88 0.043746 0.00226951
2.9 0.0787958 -0.00244642
2.92 0.112878 -0.00709306
2.94 0.136964 -0.00935899
2.96 0.150222 -0.00932812
2.98 0.152927 -0.0088692
3 0.141723 -0.0100369
3.02 0.12354 -0.0133281
3.04 0.105825 -0.0172198
3.06 0.0900794 -0.0194868
3.08 0.0754145 -0.0192528
3.1 0.0586043 -0.0177048
3.12 0.0436844 -0.0165672
3.14 0.032095 -0.0163003
3.16 0.0167662 -0.0156644
3.18 -0.00311798 -0.0132865
3.2 -0.0286227 -0.0087315
3.22 -0.0626388 -0.00224836
3.24 -0.102277 0.00521194
3.26 -0.140955 0.0123017
3.28 -0.168284 0.0182264
3.3 -0.176893 0.0231124
3.32 -0.163075 0.0266466
3.34 -0.123003 0.027973
3.36 -0.0583316 0.026852
3.38 0.0271554 0.0233709
3.4 0.130487 0.0185868
3.42 0.249744 0.0139506
3.44 0.386093 0.0091708
3.46 0.537129 0.00327193
3.48 0.700374 -0.00465186
3.5 0.879275 -0.0157097
3.52 1.07702 -0.0303275
3.54 1.29841 -0.0489294
3.56 1.54651 -0.0730339
3.58 1.81847 -0.102841
3.6 2.11926 -0.135857
3.62 2.4537 -0.170031
3.64 2.81711 -0.20415
3.66 3.20657 -0.236533
3.68 3.61648 -0.26487
3.7 4.03643 -0.287732
3.72 4.45182 -0.305598
3.74 4.83446 -0.318329
3.76 5.14705 -0.325437
3.78 5.35743 -0.327648
3.8 5.44451 -0.326606
3.82 5.40097 -0.323193
3.84 5.24088 -0.31668
3.86 4.9947 -0.306491
3.88 4.69395 -0.292704
3.9 4.36648 -0.276415
3.92 4.03155 -0.259219
3.94 3.70724 -0.240176
3.96 3.44049 -0.216391
3.98 3.29832 -0.187912
4 3.32102 -0.159091
4.02 3.50586 -0.135717
4.04 3.80507 -0.123178
4.06 4.12876 -0.130503
4.08 4.40629 -0.158611
4.1 4.60698 -0.194281
4.12 4.6846 -0.23157
4.14 4.60406 -0.269228
4.16 4.36698 -0.292138
4.18 3.96422 -0.272835
4.2 3.37607 -0.212831
4.22 2.60407 -0.135166
4.24 1.67551 -0.0531511
4.26 0.628936 0.0130226
4.28 -0.44666 0.0555527
4.3 -1.4493 0.0769268
4.32 -2.40814 0.0729934
4.34 -3.38916 0.054656
4.36 -4.28692 0.0358656
4.38 -4.97872 0.0294843
4.4 -5.48997 0.053337
4.42 -5.81208 0.106427
4.44 -5.92784 0.164538
4.46 -5.92444 0.195005
4.48 -5.8924 0.195339
4.5 -5.89909 0.183269
4.52 -5.99195 0.164999
4.54 -6.15504 0.150862
4.56 -6.3438 0.15693
4.58 -6.56886 0.199056
4.6 -6.85151 0.27463
4.62 -7.16383 0.349776
4.64 -7.46448 0.401405
4.66 -7.74544 0.427634
4.68 -8.05973 0.424851
4.7 -8.43523 0.39635
4.72 -8.80249 0.355807
4.74 -9.12126 0.329567
4.76 -9.44498 0.333783
4.78 -9.80666 0.356389
4.8 -10.1757 0.380292
4.82 -10.5623 0.39543
4.84 -10.9723 0.395333
4.86 -11.3353 0.373943
4.88 -11.6375 0.333209
4.9 -11.8686 0.294549
4.92 -11.9896 0.280488
4.94 -12.0495 0.288443
4.96 -12.0595 0.304963
4.98 -11.9814 0.319673
5 -11.8274 0.319273
5.02 -11.5722 0.295322
5.04 -11.2108 0.243028
5.06 -10.8112 0.167681
5.08 -10.3803 0.0954699
5.1 -9.92217 0.0477449
5.12 -9.50389 0.0285113
5.14 -9.12591 0.0338381
5.16 -8.75184 0.0531535
5.18 -8.41236 0.0695204
5.2 -8.14413 0.0679898
5.22 -7.91927 0.0459552
5.24 -7.71031 0.0135271
5.26 -7.51684 -0.0127328
5.28 -7.28657 -0.0258611
5.3 -6.98556 -0.0299219
5.32 -6.6594 -0.0253792
5.34 -6.33731 -0.0156719
5.36 -6.00194 -0.0105045
5.38 -5.63867 -0.0155367
5.4 -5.26471 -0.0332632
5.42 -4.89695 -0.0609868
5.44 -4.52648 -0.0910477
5.46 -4.14081 -0.116869
5.48 -3.73109 -0.137953
5.5 -3.30322 -0.158365
5.52 -2.86808 -0.178925
5.54 -2.41077 -0.203487
5.56 -1.92789 -0.238523
5.58 -1.45539 -0.28589
5.6 -1.01322 -0.343537
5.62 -0.592998 -0.4042
5.64 -0.196311 -0.462172
5.66 0.17529 -0.519843
5.68 0.534301 -0.574009
5.7 0.88385 -0.615675
5.72 1.20681 -0.646019
5.74 1.48737 -0.668971
5.76 1.71779 -0.688853
5.78 1.88975 -0.709184
5.8 2.00062 -0.721523
5.82 2.05722 -0.718569
5.84 2.07034 -0.70046
5.86 2.05143 -0.667391
5.88 2.01329 -0.623367
5.9 1.96522 -0.577065
5.92 1.90126 -0.539616
5.94 1.81544 -0.519754
5.96 1.72812 -0.517155
5.98 1.66456 -0.523879
6 1.63096 -0.530582
6.02 1.63054 -0.532139
6.04 1.66877 -0.530989
6.06 1.73838 -0.535054
6.08 1.82234 -0.555313
6.1 1.90837 -0.599785
6.12 1.99158 -0.665765
6.14 2.07139 -0.743487
6.16 2.1467 -0.819436
6.18 2.20821 -0.878611
6.2 2.23436 -0.916243
6.22 2.19495 -0.939061
6.24 2.06522 -0.950503
6.26 1.83675 -0.948905
6.28 1.5149 -0.937214
6.3 1.12569 -0.917274
6.32 0.714099 -0.882383
6.34 0.311971 -0.831634
6.36 -0.0719526 -0.777314
6.38 -0.430992 -0.731207
6.4 -0.759618 -0.700262
6.42 -1.05725 -0.68523
6.44 -1.31609 -0.675189
6.46 -1.52106 -0.662051
6.48 -1.66322 -0.655579
6.5 -1.75532 -0.667816
6.52 -1.83143 -0.697768
6.54 -1.91758 -0.729958
6.56 -2.01179 -0.741193
6.58 -2.10788 -0.715924
6.6 -2.22501 -0.657967
6.62 -2.38549 -0.581614
6.64 -2.58578 -0.483798
6.66 -2.80862 -0.365403
6.68 -3.03392 -0.263098
6.7 -3.23995 -0.199322
6.72 -3.41251 -0.157824
6.74 -3.55819 -0.124028
6.76 -3.70091 -0.0895306
6.78 -3.86406 -0.0477935
6.8 -4.06036 0.0116225
6.82 -4.28333 0.0971059
6.84 -4.50963 0.188222
6.86 -4.71501 0.257749
6.88 -4.89104 0.299454
6.9 -5.03854 0.318855
6.92 -5.15139 0.319203
6.94 -5.22795 0.307998
6.96 -5.27691 0.307547
6.98 -5.31148 0.332027
7 -5.34368 0.365477
7.02 -5.37459 0.384552
7.04 -5.40368 0.378541
7.06 -5.43408 0.345559
7.08 -5.46407 0.289763
7.1 -5.49635 0.224704
7.12 -5.54111 0.174022
7.14 -5.6019 0.150734
7.16 -5.67709 0.146753
7.18 -5.76787 0.148877
7.2 -5.86859 0.146966
7.22 -5.96848 0.133432
7.24 -6.06606 0.107584
7.26 -6.15739 0.0792507
7.28 -6.2327 0.0627115
7.3 -6.29358 0.0651095
7.32 -6.34646 0.0817263
7.34 -6.38899 0.102786
7.36 -6.41661 0.119479
7.38 -6.42661 0.123373
7.4 -6.41266 0.111837
7.42 -6.36802 0.0939124
7.44 -6.29464 0.0837699
7.46 -6.2037 0.089856
7.48 -6.10483 0.112438
7.5 -6.00051 0.146223
7.52 -5.89012 0.18273
7.54 -5.76829 0.212245
7.56 -5.62388 0.228145
7.58 -5.45331 0.232057
7.6 -5.26486 0.230447
7.62 -5.06043 0.228109
7.64 -4.83085 0.227073
7.66 -4.57162 0.226567
7.68 -4.2852 0.221907
7.7 -3.97714 0.206496
7.72 -3.66781 0.176197
7.74 -3.39422 0.13218
7.76 -3.18917 0.0811822
7.78 -3.06747 0.0329764
7.8 -3.01224 -0.00472933
7.82 -2.98715 -0.0295341
7.84 -2.96937 -0.0432245
7.86 -2.93892 -0.0515675
7.88 -2.8624 -0.0597984
7.9 -2.71135 -0.0696492
7.92 -2.48378 -0.0853753
7.94 -2.19876 -0.112878
7.96 -1.87585 -0.165313
7.98 -1.51333 -0.256144
8 -1.10767 -0.378731
8.02 -0.674538 -0.521328
8.04 -0.222669 -0.668771
8.06 0.249665 -0.802005
8.08 0.741036 -0.911954
8.1 1.23536 -0.986107
8.12 1.6942 -1.01618
8.14 2.08498 -1.01313
8.16 2.40684 -0.989881
8.18 2.67786 -0.952187
8.2 2.90853 -0.907394
8.22 3.08675 -0.867857
8.24 3.19988 -0.843883
8.26 3.26262 -0.831564
8.28 3.29841 -0.824638
8.3 3.3198 -0.824687
8.32 3.33469 -0.832798
8.34 3.34502 -0.849364
8.36 3.35246 -0.869156
8.38 3.3599 -0.882372
8.4 3.3615 -0.879698
8.42 3.3525 -0.854188
8.44 3.33681 -0.804006
8.46 3.32302 -0.735932
8.48 3.32892 -0.665698
8.5 3.37145 -0.608745
8.52 3.44373 -0.578018
8.54 3.52485 -0.581804
8.56 3.60392 -0.617
8.58 3.68251 -0.673663
8.6 3.76374 -0.740421
8.62 3.84075 -0.8069
8.64 3.89847 -0.868727
8.66 3.91943 -0.926054
8.68 3.87633 -0.980669
8.7 3.74192 -1.02515
8.72 3.51756 -1.04424
8.74 3.22801 -1.03294
8.76 2.89195 -0.988126
8.78 2.51889 -0.908405
8.8 2.10982 -0.811774
8.82 1.66004 -0.725241
8.84 1.17534 -0.663134
8.86 0.657513 -0.627201
8.88 0.11619 -0.611481
8.9 -0.410363 -0.599175
8.92 -0.885225 -0.580001
8.94 -1.28929 -0.564496
8.96 -1.6181 -0.566994
8.98 -1.87393 -0.581102
9 -2.05249 -0.575916
9.02 -2.16464 -0.535208
9.04 -2.25271 -0.467133
9.06 -2.34201 -0.388983
9.08 -2.43186 -0.315859
9.1 -2.53236 -0.245359
9.12 -2.667 -0.180725
9.14 -2.84085 -0.131143
9.16 -3.03053 -0.0838679
9.18 -3.23522 -0.01728
9.2 -3.46858 0.0703266
9.22 -3.71498 0.169955
9.24 -3.96109 0.269689
9.26 -4.21564 0.354234
9.28 -4.48365 0.412504
9.3 -4.76095 0.433948
9.32 -5.03768 0.423177
9.34 -5.29681 0.409606
9.36 -5.53367 0.418279
9.38 -5.74346 0.449977
9.4 -5.90594 0.491177
9.42 -6.02838 0.526337
9.44 -6.12441 0.541336
9.46 -6.17317 0.525467
9.48 -6.16326 0.482466
9.5 -6.097 0.434981
9.52 -5.97154 0.402617
9.54 -5.80666 0.383892
9.56 -5.62965 0.370389
9.58 -5.44917 0.35365
9.6 -5.2735 0.317615
9.62 -5.12247 0.253688
9.64 -5.00517 0.174194
9.66 -4.90381 0.0985659
9.68 -4.81452 0.0383277
9.7 -4.75794 -0.0026485
9.72 -4.72721 -0.0225478
9.74 -4.69945 -0.026179
9.76 -4.67572 -0.0296419
9.78 -4.64934 -0.0462133
9.8 -4.59494 -0.0707709
9.82 -4.49968 -0.0912263
9.84 -4.35411 -0.103345
9.86 -4.13919 -0.105092
9.88 -3.85048 -0.092771
9.9 -3.51559 -0.068528
9.92 -3.16038 -0.0459539
9.94 -2.78778 -0.0384555
9.96 -2.41018 -0.0467064
9.98 -2.04667 -0.0641779
10 -1.69677 -0.0845435
10.02 -1.35649 -0.1002
10.04 -1.03237 -0.0986985
10.06 -0.733646 -0.0727505
10.08 -0.465251 -0.0314751
10.1 -0.229184 0.00999793
10.12 -0.0283369 0.0408656
10.14 0.140605 0.0565257
10.16 0.288789 0.0589304
10.18 0.424138 0.0515764
10.2 0.549161 0.0344948
10.22 0.665221 0.00652511
10.24 0.777047 -0.0285074
10.26 0.887792 -0.0647267
10.28 0.990576 -0.0992671
10.3 1.07791 -0.129513
10.32 1.1492 -0.152058
10.34 1.21236 -0.166595
10.36 1.28511 -0.178136
10.38 1.3823 -0.192667
10.4 1.50386 -0.211991
10.42 1.63788 -0.235266
10.44 1.76778 -0.26169
10.46 1.87781 -0.290977
10.48 1.95643 -0.324516
10.5 2.00104 -0.364159
10.52 2.01879 -0.407655
10.54 2.01429 -0.449001
10.56 1.98052 -0.482393
10.58 1.9095 -0.50138
10.6 1.8033 -0.499682
10.62 1.66571 -0.476839
10.64 1.49924 -0.43825
10.66 1.31522 -0.390104
10.68 1.12643 -0.337172
10.7 0.932608 -0.283552
10.72 0.734151 -0.231619
10.74 0.545151 -0.182315
10.76 0.377877 -0.139487
10.78 0.233593 -0.109468
10.8 0.111244 -0.0976982
10.82 0.00513434 -0.108318
10.84 -0.100057 -0.138126
10.86 -0.217365 -0.172182
10.88 -0.353074 -0.202579
10.9 -0.514471 -0.229597
10.92 -0.710477 -0.247731
10.94 -0.943558 -0.249258
10.96 -1.20593 -0.227429
10.98 -1.49125 -0.190638
11 -1.79844 -0.159719
11.02 -2.12236 -0.147648
11.04 -2.4475 -0.154247
11.06 -2.75455 -0.169298
11.08 -3.03136 -0.184824
11.1 -3.26777 -0.198265
11.12 -3.45196 -0.199967
11.14 -3.58548 -0.181558
11.16 -3.68839 -0.150536
11.18 -3.78269 -0.122188
11.2 -3.87852 -0.10525
11.22 -3.97736 -0.0963033
11.24 -4.08101 -0.0886177
11.26 -4.18535 -0.0771601
11.28 -4.27619 -0.0554807
11.3 -4.34361 -0.017748
11.32 -4.38978 0.0297446
11.34 -4.42099 0.0711793
11.36 -4.43998 0.100053
11.38 -4.44821 0.1171
11.4 -4.45308 0.124806
11.42 -4.46239 0.130792
11.44 -4.47074 0.144419
11.46 -4.47037 0.171589
11.48 -4.466 0.207748
11.5 -4.45879 0.241501
11.52 -4.44042 0.265522
11.54 -4.4107 0.276571
11.56 -4.3717 0.27427
11.58 -4.31447 0.264283
11.6 -4.2321 0.256674
11.62 -4.12769 0.256732
11.64 -4.00238 0.260449
11.66 -3.85442 0.260383
11.68 -3.68767 0.250471
11.7 -3.50755 0.227114
11.72 -3.31546 0.191392
11.74 -3.11662 0.150838
11.76 -2.92136 0.11605
11.78 -2.73296 0.0919978
11.8 -2.54838 0.0756706
11.82 -2.36909 0.060928
11.84 -2.19912 0.0415012
11.86 -2.03842 0.0135254
11.88 -1.88672 -0.0221789
11.9 -1.74594 -0.060501
11.92 -1.61452 -0.0951148
11.94 -1.48736 -0.121798
11.96 -1.36254 -0.139559
11.98 -1.24152 -0.150212
12 -1.12241 -0.157512
12.02 -0.999099 -0.165891
12.04 -0.867291 -0.178564
12.06 -0.728141 -0.196436
12.08 -0.586239 -0.218506
12.1 -0.447404 -0.242289
12.12 -0.318196 -0.264792
12.14 -0.202718 -0.283497
12.16 -0.100538 -0.296401
12.18 -0.0100797 -0.302857
12.2 0.0671589 -0.30341
12.22 0.127419 -0.298835
12.24 0.170273 -0.290371
12.26 0.200767 -0.280377
12.28 0.222691 -0.271623
12.3 0.235171 -0.265551
12.32 0.2391 -0.262513
12.34 0.23749 -0.262516
12.36 0.228985 -0.264746
12.38 0.210186 -0.267491
12.4 0.180877 -0.268992
12.42 0.141942 -0.268335
12.44 0.0932854 -0.265241
12.46 0.0355143 -0.259317
12.48 -0.0295183 -0.250573
12.5 -0.0988567 -0.239816
12.52 -0.167766 -0.228077
12.54 -0.231559 -0.216592
12.56 -0.288993 -0.207813
12.58 -0.342409 -0.205254
12.6 -0.394618 -0.211045
12.62 -0.449129 -0.223078
12.64 -0.512462 -0.236274
12.66 -0.589978 -0.245972
12.68 -0.680857 -0.247538
12.7 -0.78273 -0.237686
12.72 -0.89758 -0.216929
12.74 -1.02794 -0.188055
12.76 -1.17261 -0.155719
12.78 -1.32791 -0.126618
12.8 -1.48828 -0.105208
12.82 -1.64596 -0.0900814
12.84 -1.79504 -0.0764234
12.86 -1.93504 -0.0594489
12.88 -2.06646 -0.0356722
12.9 -2.18638 -0.00498315
12.92 -2.29212 0.0281906
12.94 -2.38422 0.0577998
12.96 -2.46462 0.0796626
12.98 -2.53379 0.0935762
13 -2.5901 0.103195
13.02 -2.63263 0.112872
13.04 -2.66257 0.125603
13.06 -2.68253 0.141835
13.08 -2.69733 0.158254
13.1 -2.71284 0.169912
13.12 -2.73202 0.173647
13.14 -2.75523 0.169527
13.16 -2.78316 0.160572
13.18 -2.81495 0.151003
13.2 -2.84663 0.144104
13.22 -2.87501 0.140459
13.24 -2.89875 0.137129
13.26 -2.91465 0.129334
13.28 -2.91837 0.1139
13.3 -2.90846 0.0910344
13.32 -2.88541 0.0638176
13.34 -2.84806 0.0368384
13.36 -2.79436 0.0139502
13.38 -2.72411 -0.00382049
13.4 -2.63933 -0.0186814
13.42 -2.54451 -0.0344159
13.44 -2.44624 -0.0535958
13.46 -2.34998 -0.0760386
13.48 -2.25732 -0.0992201
13.5 -2.16703 -0.119626
13.52 -2.07807 -0.134347
13.54 -1.99072 -0.142372
13.56 -1.90669 -0.145019
13.58 -1.82916 -0.14512
13.6 -1.76126 -0.145388
13.62 -1.70326 -0.146883
13.64 -1.65261 -0.148771
13.66 -1.60612 -0.149258
13.68 -1.56045 -0.146626
13.7 -1.51225 -0.140212
13.72 -1.46001 -0.130848
13.74 -1.40517 -0.120668
13.76 -1.34981 -0.112399
13.78 -1.29412 -0.108033
13.8 -1.23788 -0.107933
13.82 -1.18164 -0.110917
13.84 -1.12535 -0.114706
13.86 -1.06996 -0.116576
13.88 -1.0198 -0.114585
13.9 -0.979261 -0.108688
13.92 -0.949236 -0.100468
13.94 -0.929126 -0.0920552
13.96 -0.918042 -0.0853152
13.98 -0.912846 -0.0813128
14 -0.910559 -0.0798727
14.02 -0.912428 -0.0795738
14.04 -0.92122 -0.0783637
14.06 -0.937067 -0.0745347
14.08 -0.958576 -0.0675468
14.1 -0.983817 -0.0583075
14.12 -1.00925 -0.0487496
14.14 -1.03212 -0.0409114
14.16 -1.05331 -0.0361051
14.18 -1.07387 -0.0345673
14.2 -1.09155 -0.0354997
14.22 -1.1039 -0.0374273
14.24 -1.11096 -0.03881
14.26 -1.11376 -0.038647
14.28 -1.11503 -0.0369147
14.3 -1.12077 -0.0344926
14.32 -1.13691 -0.032587
14.34 -1.1661 -0.0320599
14.36 -1.20978 -0.0329796
14.38 -1.26908 -0.0345726
14.4 -1.34273 -0.0354609
14.42 -1.42693 -0.0342724
14.44 -1.51728 -0.0304857
14.46 -1.60881 -0.0247866
14.48 -1.69594 -0.0188937
14.5 -1.77383 -0.0150421
14.52 -1.83902 -0.0150095
14.54 -1.8896 -0.0191265
14.56 -1.92598 -0.0260289
14.58 -1.95055 -0.0334289
14.6 -1.96647 -0.039173
14.62 -1.97744 -0.0420195
14.64 -1.98746 -0.0421447
14.66 -2.00019 -0.0409762
14.68 -2.01808 -0.0402055
14.7 -2.04245 -0.0407002
14.72 -2.07389 -0.0422237
14.74 -2.11203 -0.0437888
14.76 -2.1549 -0.0441401
14.78 -2.19937 -0.0423731
14.8 -2.24238 -0.0384778
14.82 -2.28091 -0.0334642
14.84 -2.31097 -0.0288366
14.86 -2.32881 -0.0257465
14.88 -2.33315 -0.0244952
14.9 -2.3247 -0.0245918
14.92 -2.30477 -0.0251388
14.94 -2.27656 -0.0252953
14.96 -2.24528 -0.0246666
14.98 -2.21528 -0.0234568
15 -2.18905 -0.0221861
15.02 -2.16866 -0.0212083
15.04 -2.15534 -0.0204445
15.06 -2.1481 -0.0194815
15.08 -2.14481 -0.0178949
15.1 -2.14303 -0.0155329
15.12 -2.13886 -0.0126939
15.14 -2.12852 -0.0100117
15.16 -2.11067 -0.00802814
15.18 -2.08494 -0.00686259
15.2 -2.05023 -0.00619834
15.22 -2.00673 -0.00547853
15.24 -1.95715 -0.00422555
15.26 -1.90475 -0.00236805
15.28 -1.85275 -0.000292327
15.3 -1.80444 0.00144341
15.32 -1.76067 0.00244572
15.34 -1.71922 0.00272067
15.36 -1.67899 0.00271739
15.38 -1.64175 0.00310592
15.4 -1.60899 0.00436982
15.42 -1.58065 0.00639817
15.44 -1.55619 0.00840381
15.46 -1.53359 0.0093328
15.48 -1.50908 0.00844024
15.5 -1.48038 0.00550369
15.52 -1.4481 0.000838126
15.54 -1.41363 -0.00475066
15.56 -1.37832 -0.0103986
15.58 -1.34461 -0.0156258
15.6 -1.31534 -0.0204638
15.62 -1.29222 -0.0253644
15.64 -1.27649 -0.0309132
15.66 -1.26942 -0.0374094
15.68 -1.27052 -0.0446139
15.7 -1.27791 -0.0518649
15.72 -1.2909 -0.0583765
15.74 -1.30966 -0.0636388
15.76 -1.33281 -0.06767
15.78 -1.35756 -0.0709918
15.8 -1.3808 -0.0744846
15.82 -1.39937 -0.0789773
15.84 -1.41155 -0.0847623
15.86 -1.41899 -0.0914526
15.88 -1.42558 -0.0981867
15.9 -1.43429 -0.103985
15.92 -1.44625 -0.10809
15.94 -1.46148 -0.110261
15.96 -1.47919 -0.110848
15.98 -1.49935 -0.110504
16 -1.52427 -0.10978
16.02 -1.55681 -0.108877
16.04 -1.59741 -0.107638
16.06 -1.6447 -0.105627
16.08 -1.69685 -0.10228
16.1 -1.7503 -0.0972255
16.12 -1.79943 -0.0906705
16.14 -1.83959 -0.0834746
16.16 -1.86915 -0.0767552
16.18 -1.88886 -0.0712879
16.2 -1.90166 -0.0671448
16.22 -1.91222 -0.0637699
16.24 -1.92438 -0.0601422
16.26 -1.9394 -0.055057
16.28 -1.95659 -0.0478704
16.3 -1.97429 -0.0389806
16.32 -1.99082 -0.0294052
16.34 -2.00592 -0.0201401
16.36 -2.02065 -0.011992
16.38 -2.03577 -0.00550832
16.4 -2.05095 -0.00053303
16.42 -2.06543 0.00394505
16.44 -2.07839 0.0090105
16.46 -2.08901 0.0149063
16.48 -2.09729 0.0211488
16.5 -2.10445 0.0271431
16.52 -2.11112 0.0321391
16.54 -2.11582 0.0351537
16.56 -2.1166 0.0356747
16.58 -2.11322 0.0342695
16.6 -2.10621 0.0321577
16.62 -2.09565 0.0302549
16.64 -2.08221 0.0288621
16.66 -2.06757 0.0279622
16.68 -2.05349 0.0272185
16.7 -2.04221 0.0259212
16.72 -2.03635 0.0234716
16.74 -2.03625 0.0199851
16.76 -2.03907 0.0162565
16.78 -2.04134 0.013149
16.8 -2.04048 0.0112242
16.82 -2.03441 0.0107397
16.84 -2.02219 0.0114454
16.86 -2.00416 0.0123532
16.88 -1.98051 0.0121968
16.9 -1.95161 0.0103326
16.92 -1.91923 0.00710906
16.94 -1.88536 0.00347393
16.96 -1.85086 0.000404312
16.98 -1.81665 -0.00138726
17 -1.78496 -0.00164238
17.02 -1.75806 -0.000849856
17.04 -1.73663 -0.000234911
17.06 -1.71985 -0.00114716
17.08 -1.70621 -0.00431301
17.1 -1.69374 -0.00952594
17.12 -1.68025 -0.0159259
17.14 -1.66406 -0.0225245
17.16 -1.64448 -0.0286204
17.18 -1.62148 -0.0341751
17.2 -1.59561 -0.0399404
17.22 -1.56805 -0.0470175
17.24 -1.53961 -0.0561646
17.26 -1.51048 -0.0673611
17.28 -1.48126 -0.079833
17.3 -1.45354 -0.0923343
17.32 -1.42946 -0.103492
17.34 -1.41135 -0.112272
17.36 -1.40102 -0.118459
17.38 -1.3986 -0.122728
17.4 -1.4032 -0.126118
17.42 -1.41435 -0.129404
17.44 -1.43149 -0.132799
17.46 -1.45308 -0.13591
17.48 -1.47737 -0.137923
17.5 -1.50305 -0.138006
17.52 -1.52826 -0.135722
17.54 -1.55036 -0.131294
17.56 -1.56701 -0.125641
17.58 -1.57654 -0.120003
17.6 -1.57799 -0.115261
17.62 -1.57219 -0.111445
17.64 -1.56169 -0.107824
17.66 -1.5489 -0.103308
17.68 -1.53583 -0.096863
17.7 -1.52569 -0.0879029
17.72 -1.52269 -0.0765457
17.74 -1.53009 -0.0635107
17.76 -1.54948 -0.0497085
17.78 -1.58065 -0.0358728
17.8 -1.62104 -0.0223994
17.82 -1.66654 -0.00934128
17.84 -1.71327 0.00339051
17.86 -1.75773 0.0156299
17.88 -1.79633 0.0266937
17.9 -1.82623 0.0356089
17.92 -1.84607 0.0416562
17.94 -1.85532 0.0447498
17.96 -1.8539 0.0453792
17.98 -1.84282 0.0442978
18 -1.82434 0.042217
18.02 -1.80189 0.0394602
18.04 -1.78038 0.0358568
18.06 -1.76542 0.0310574
18.08 -1.76108 0.0249588
18.1 -1.76852 0.0179888
18.12 -1.78689 0.0110631
18.14 -1.81464 0.00523283
18.16 -1.84982 0.00119327
18.18 -1.88995 -0.00109812
18.2 -1.93142 -0.00254434
18.22 -1.96917 -0.0045631
18.24 -1.99773 -0.00826597
18.26 -2.01323 -0.0137837
18.28 -2.01441 -0.0202491
18.3 -2.00249 -0.0263483
18.32 -1.98035 -0.030974
18.34 -1.95142 -0.0336969
18.36 -1.91837 -0.0349595
18.38 -1.88321 -0.0357941
18.4 -1.84864 -0.0371128
18.42 -1.81812 -0.0390694
18.44 -1.79409 -0.0409584
18.46 -1.77706 -0.0416706
18.48 -1.76627 -0.0402944
18.5 -1.7601 -0.036542
18.52 -1.75686 -0.0310036
18.54 -1.75632 -0.0250038
18.56 -1.75944 -0.0200121
18.58 -1.76543 -0.017
18.6 -1.77057 -0.0161024
18.62 -1.77015 -0.0167567
18.64 -1.76038 -0.0181643
18.66 -1.73917 -0.0197983
18.68 -1.70678 -0.0217398
18.7 -1.666 -0.0247056
18.72 -1.62058 -0.0296789
18.74 -1.57364 -0.0372128
18.76 -1.52813 -0.0469801
18.78 -1.48733 -0.0579191
18.8 -1.45435 -0.0686061
18.82 -1.43225 -0.0776672
18.84 -1.42378 -0.0842028
18.86 -1.42999 -0.0881225
18.88 -1.44964 -0.0901997
18.9 -1.48005 -0.0915951
18.92 -1.51764 -0.0931668
18.94 -1.55772 -0.0951471
18.96 -1.59518 -0.0972978
18.98 -1.62588 -0.0990952
19 -1.64726 -0.0999738
19.02 -1.65859 -0.0996548
19.04 -1.66098 -0.0982795
19.06 -1.65629 -0.096327
19.08 -1.64595 -0.0941931
19.1 -1.63194 -0.0918036
19.12 -1.61781 -0.0886457
19.14 -1.60758 -0.0839769
19.16 -1.60507 -0.0770645
19.18 -1.61365 -0.0674594
19.2 -1.63459 -0.0552204
19.22 -1.66613 -0.0410176
19.24 -1.70522 -0.0258624
19.26 -1.74896 -0.0106601
19.28 -1.79368 0.00394231
19.3 -1.83528 0.017446
19.32 -1.87104 0.0294012
19.34 -1.89954 0.0394657
19.36 -1.91925 0.0474694
19.38 -1.92901 0.0533727
19.4 -1.92896 0.0571877
19.42 -1.91985 0.0589662
19.44 -1.90321 0.0588366
19.46 -1.88228 0.0569436
19.48 -1.86143 0.0533252
19.5 -1.84453 0.0479265
19.52 -1.83407 0.0407731
19.54 -1.83132 0.0321301
19.56 -1.83647 0.0225093
19.58 -1.84884 0.0125895
19.6 -1.8671 0.00310321
19.62 -1.88909 -0.00545879
19.64 -1.91204 -0.013185
19.66 -1.93361 -0.0207095
19.68 -1.95205 -0.0287686
19.7 -1.96533 -0.0377185
19.72 -1.97094 -0.0473403
19.74 -1.96688 -0.0569395
19.76 -1.95262 -0.06557
19.78 -1.92868 -0.0723895
19.8 -1.89635 -0.0771008
19.82 -1.85757 -0.0800932
19.84 -1.81435 -0.0820756
19.86 -1.76888 -0.0835972
19.88 -1.7241 -0.0847908
19.9 -1.68328 -0.0852743
19.92 -1.64885 -0.0842531
19.94 -1.62233 -0.0808853
19.96 -1.60476 -0.0747379
19.98 -1.59638 -0.0660764
20 -1.59551 -0.0558225
20.02 -1.59841 -0.0453152
