8.78826e-07 -1.51269e-16 -0.0239691
-0.000160348 -4.43392e-06 -0.0239618
-0.000637157 -2.26457e-05 -0.0239318
-0.00116843 -5.15605e-05 -0.0238773
-0.00153551 -7.8594e-05 -0.0238104
-0.0020524 -0.000108502 -0.0237266
-0.00314958 -0.000156064 -0.0235929
-0.0047788 -0.000221662 -0.0233777
-0.00629828 -0.000289867 -0.0230961
-0.00698082 -0.000348063 -0.0228084
-0.00653763 -0.000387336 -0.0225794
-0.00539271 -0.000383555 -0.0224357
-0.00459512 -0.000327515 -0.022349
-0.00454839 -0.00026169 -0.0222829
-0.00466114 -0.000261885 -0.0222626
-0.00520905 -0.000418123 -0.022335
-0.00711555 -0.000758578 -0.0224788
-0.00969948 -0.00112697 -0.022619
-0.0113578 -0.00127627 -0.0226967
-0.0115457 -0.00113791 -0.0226982
-0.0103348 -0.000876017 -0.0226584
-0.00749746 -0.000653343 -0.0226605
-0.0035231 -0.000459491 -0.0227836
-0.00022037 -0.000213557 -0.0229946
0.00158586 0.00010151 -0.0231839
0.00234065 0.000405101 -0.023335
0.00153156 0.000491086 -0.0235346
-0.000871422 0.000214859 -0.0238373
-0.00283866 -0.000222865 -0.0241977
-0.00222769 -0.000401183 -0.0245555
0.00138561 -8.4837e-05 -0.0249193
0.00658918 0.000555069 -0.0252937
0.0114359 0.00111226 -0.0256519
0.014435 0.00129983 -0.026008
0.0137916 0.00108731 -0.0263206
0.00909135 0.000640433 -0.0264097
0.00364195 0.000235428 -0.026205
0.00071647 6.93643e-05 -0.0258924
0.00115155 0.000148494 -0.0256825
0.00456067 0.000419788 -0.0255806
0.00795346 0.000798603 -0.0253845
0.00908571 0.00115405 -0.0249698
0.010179 0.00137537 -0.0245246
0.0111881 0.00126882 -0.0242948
0.00764455 0.000655442 -0.024238
-0.00109325 -0.000232627 -0.0241067
-0.0100239 -0.000841065 -0.0237361
-0.0149443 -0.000947927 -0.0231718
-0.0152991 -0.000924612 -0.0226134
-0.0118236 -0.00110156 -0.0222849
-0.00715098 -0.00123657 -0.0221956
-0.00532378 -0.000969786 -0.0220298
-0.00578831 -0.000354029 -0.0215395
-0.00619921 0.000124691 -0.0209195
-0.00959194 -0.000241125 -0.0205576
-0.0179586 -0.0015934 -0.0205559
-0.0252922 -0.00290633 -0.020734
-0.0254888 -0.00293347 -0.0207689
-0.0184971 -0.00163042 -0.0207292
-0.00729492 -0.00012926 -0.0209754
0.00195325 0.000464002 -0.0216485
0.00258455 -3.48228e-05 -0.0225046
-0.00478033 -0.000912662 -0.0230807
-0.0132063 -0.00134134 -0.0231323
-0.0174867 -0.00124503 -0.0228717
-0.0181486 -0.00119894 -0.0228363
-0.0174117 -0.00141468 -0.0231332
-0.0129349 -0.00122741 -0.0233529
-0.00219811 -1.3972e-05 -0.0232377
0.00960297 0.00165388 -0.0229948
0.0142323 0.00243934 -0.0228546
0.00794143 0.00161598 -0.0228699
-0.00707319 -0.000249327 -0.0228819
-0.0228157 -0.0018102 -0.0226294
-0.0307399 -0.00224801 -0.0222228
-0.0289672 -0.00189742 -0.0217387
-0.0219875 -0.0014935 -0.0212403
-0.0133481 -0.00127812 -0.021115
-0.00260013 -0.000850765 -0.0212723
0.00785002 3.09419e-05 -0.0215004
0.00947786 0.000681151 -0.0214369
-0.00131165 0.000189434 -0.0213273
-0.0162615 -0.00161175 -0.021822
-0.029987 -0.00392098 -0.0226588
-0.0428522 -0.00530992 -0.0232449
-0.0494381 -0.00482116 -0.0230904
-0.0447312 -0.0029259 -0.0217869
-0.0317328 -0.0010662 -0.0202952
-0.018993 -0.000282578 -0.0194327
-0.0107375 -0.000351161 -0.0187351
-0.00421543 -0.000164897 -0.018335
-0.00297823 0.000711282 -0.0178255
-0.00963813 0.00130436 -0.0174807
-0.0193077 0.000423583 -0.0181419
-0.0305044 -0.0019278 -0.0194403
-0.0396277 -0.00438985 -0.0210234
-0.0417086 -0.00534515 -0.0222829
-0.0329137 -0.004303 -0.0226415
-0.0134616 -0.00227734 -0.0229491
0.00498348 -0.000805454 -0.0238332
0.0165832 -0.000455107 -0.025506
0.0233288 -0.000480644 -0.0264466
0.0255961 -0.000164807 -0.0273338
0.0260861 0.000511642 -0.028298
0.0210528 0.000983944 -0.0292026
0.00945888 0.000720121 -0.0300249
0.00124293 0.000451139 -0.030166
0.00220167 0.0011588 -0.0298932
0.0130865 0.00270096 -0.0292416
0.0259689 0.00432222 -0.0284252
0.0317044 0.00552304 -0.0272822
0.0353512 0.00642506 -0.0259163
0.0400771 0.00721856 -0.0248111
0.0396667 0.00737341 -0.0243209
0.029536 0.00602717 -0.0238889
0.0127486 0.00333206 -0.0239994
-0.00334843 0.000458831 -0.0243877
-0.0201541 -0.00172042 -0.0246091
-0.0394259 -0.00325494 -0.0238676
-0.0534657 -0.00444029 -0.022554
-0.057885 -0.00535734 -0.0212567
-0.0535802 -0.00617927 -0.0198477
-0.0429824 -0.00670732 -0.0187167
-0.0301807 -0.00615652 -0.0173347
-0.0216682 -0.00447107 -0.016335
-0.0251204 -0.00317026 -0.0160225
-0.0382647 -0.00355123 -0.0154199
-0.0515398 -0.00507421 -0.0153336
-0.0634706 -0.00717282 -0.0165429
-0.0761529 -0.00959928 -0.0181368
-0.0863001 -0.0106478 -0.0194545
-0.0905935 -0.00945221 -0.0192283
-0.0883626 -0.00745957 -0.0179576
-0.0787318 -0.0052136 -0.0174969
-0.0586502 -0.00260321 -0.0169851
-0.0320411 -0.000721697 -0.016467
-0.0140435 -2.89531e-05 -0.0170849
-0.00947497 0.000360908 -0.017483
-0.00748976 0.0011023 -0.0178778
-0.00505248 0.00161348 -0.0192717
-0.00665473 0.00120259 -0.0206912
-0.00808709 0.000494436 -0.022719
-0.00427546 -0.00014625 -0.0253761
0.00251379 -0.000954079 -0.0277346
0.0107443 -0.000959183 -0.0299969
0.0239858 0.000420143 -0.0316794
0.0415335 0.00211497 -0.0328453
0.0553996 0.00316305 -0.0332043
0.0599731 0.0034914 -0.0333335
0.057615 0.00349669 -0.0337653
0.0531064 0.00378204 -0.0332321
0.0457655 0.00472287 -0.0322633
0.038531 0.00573208 -0.0311374
0.0352979 0.00597027 -0.0298277
0.0302178 0.00562877 -0.0285886
0.0237029 0.00538716 -0.0269488
0.0211371 0.00562408 -0.0249028
0.0196858 0.00625013 -0.0230162
0.0174124 0.0063838 -0.0212221
0.0114115 0.00519655 -0.0202154
-0.00239103 0.00290593 -0.0197396
-0.0198266 3.2211e-05 -0.0197471
-0.0368426 -0.00267034 -0.0198045
-0.050028 -0.00451764 -0.0195069
-0.0557141 -0.0059126 -0.0195742
-0.0558388 -0.00728573 -0.0196727
-0.0486218 -0.00859763 -0.0200078
-0.0317347 -0.00945548 -0.0207002
-0.00552761 -0.00885835 -0.021594
0.0356907 -0.00683755 -0.0227364
0.09356 -0.00423273 -0.022506
0.161514 -0.00140733 -0.0227939
0.234901 0.00103399 -0.0240533
0.310593 0.0028098 -0.0262793
0.388475 0.00430917 -0.029638
0.471568 0.00659111 -0.0325553
0.561985 0.011068 -0.0337484
0.662773 0.0176377 -0.0328427
0.776986 0.0253918 -0.030311
0.909263 0.0338792 -0.0262472
1.06425 0.0415049 -0.021018
1.23936 0.0466024 -0.0146152
1.42745 0.0504007 -0.00726179
1.6237 0.0547846 0.00120326
1.82667 0.0596398 0.0109475
2.03332 0.0646054 0.0220455
2.22863 0.0697221 0.0336371
2.38552 0.074066 0.0444053
2.47847 0.0760924 0.053086
2.49322 0.0753435 0.0587318
2.43277 0.0726379 0.0601548
2.31392 0.0685276 0.0571201
2.15453 0.0628471 0.0503906
1.97269 0.0559919 0.0414649
1.78629 0.0490704 0.0318384
1.60683 0.0426657 0.022544
1.43876 0.0367604 0.014206
1.29138 0.031658 0.00715979
1.20837 0.0284129 0.00150024
1.24513 0.028119 -0.00123461
1.39356 0.0301961 0.003042
1.58512 0.0314658 0.0158508
1.77385 0.0295614 0.0282452
1.94967 0.0254475 0.0383098
2.11122 0.0187473 0.0481768
2.25439 0.00963168 0.0616354
2.34007 0.00416812 0.0738545
2.32017 0.00389373 0.0766097
2.18785 0.0040466 0.0770622
1.94565 0.00318232 0.076123
1.58668 -0.00122143 0.0674646
1.14584 -0.0124445 0.0494342
0.674179 -0.0295688 0.0162305
0.177529 -0.0537651 -0.0133888
-0.349187 -0.0835545 -0.0046908
-0.823477 -0.10284 0.0581764
-1.19141 -0.102066 0.118647
-1.53535 -0.0906766 0.177466
-1.85513 -0.0813315 0.270007
-2.06891 -0.0825025 0.342059
-2.18767 -0.0902269 0.392884
-2.25003 -0.0974558 0.449104
-2.23567 -0.104407 0.487729
-2.16581 -0.110328 0.50669
-2.10974 -0.112545 0.530631
-2.06531 -0.11033 0.555738
-2.02763 -0.104693 0.580808
-2.04391 -0.0983552 0.618587
-2.11324 -0.0942398 0.662591
-2.18786 -0.092724 0.690854
-2.25634 -0.093222 0.702995
-2.31792 -0.0948143 0.718215
-2.36429 -0.0955544 0.74392
-2.40166 -0.0941826 0.768153
-2.42823 -0.0931082 0.778214
-2.44182 -0.0983701 0.773485
-2.4744 -0.115421 0.769367
-2.56918 -0.145405 0.774161
-2.74192 -0.184485 0.78412
-2.98087 -0.224671 0.801652
-3.25131 -0.257042 0.827208
-3.51664 -0.275486 0.850993
-3.76176 -0.277507 0.873306
-3.97656 -0.264476 0.900017
-4.14252 -0.241293 0.924765
-4.25193 -0.213107 0.942642
-4.30861 -0.184704 0.957493
-4.31264 -0.161059 0.965986
-4.26647 -0.145446 0.962645
-4.17889 -0.138202 0.948952
-4.05917 -0.136793 0.923858
-3.91407 -0.138111 0.886484
-3.74537 -0.140373 0.840916
-3.5541 -0.142462 0.790969
-3.35197 -0.143924 0.738525
-3.15795 -0.144841 0.68572
-2.98518 -0.144386 0.635222
-2.83846 -0.140617 0.587889
-2.71612 -0.13179 0.544448
-2.61271 -0.117568 0.505223
-2.52131 -0.0996207 0.469499
-2.43947 -0.0818434 0.43554
-2.3705 -0.0693653 0.400637
-2.31552 -0.0656177 0.360478
-2.26849 -0.0731641 0.313655
-2.21685 -0.0961345 0.261649
-2.14714 -0.130189 0.207493
-2.05184 -0.158718 0.159293
-1.92965 -0.168375 0.12383
-1.7815 -0.156184 0.100119
-1.60842 -0.122949 0.0849393
-1.41412 -0.0732227 0.0753362
-1.20822 -0.0211384 0.0669639
-0.997855 0.0156359 0.0543501
-0.784036 0.0283548 0.0330438
-0.568015 0.0216183 0.00437513
-0.349159 0.00764691 -0.0253697
-0.121177 0.000206454 -0.0484037
0.117655 0.0122814 -0.0518757
0.353321 0.0481401 -0.0320802
0.570103 0.09675 -0.00475238
0.763345 0.137913 0.0187793
0.931578 0.154404 0.0328616
1.07804 0.146844 0.0368496
1.21227 0.130212 0.0361486
1.33765 0.114349 0.0352741
1.45103 0.106058 0.0381296
1.55201 0.113082 0.0461156
1.63907 0.135457 0.0583859
1.70171 0.162354 0.0708984
1.72676 0.178953 0.0783558
1.7117 0.176497 0.0773046
1.66615 0.156671 0.0679074
1.6024 0.12788 0.0536586
1.53187 0.100898 0.0399153
1.46824 0.0867295 0.0311678
1.4234 0.0895656 0.0289275
1.39967 0.102816 0.0313357
1.39237 0.114708 0.034165
1.39792 0.115408 0.0331264
1.41509 0.101655 0.0270845
1.44171 0.077926 0.0181962
1.4755 0.0534223 0.0104197
1.51799 0.0379713 0.00730061
1.57312 0.0362641 0.00973487
1.64208 0.043821 0.0159807
1.72 0.0508862 0.0225065
1.79621 0.0495676 0.0260627
1.85933 0.0380477 0.0256244
1.90062 0.0200676 0.0220675
1.91053 0.00121919 0.0168628
1.8769 -0.0133683 0.0112347
1.7903 -0.0200556 0.00639757
1.65229 -0.0186525 0.00217375
1.4792 -0.013009 -0.00248262
1.29082 -0.00881237 -0.00867148
1.09737 -0.0104218 -0.0170647
0.905374 -0.018964 -0.0271291
0.725534 -0.0322836 -0.0367959
0.565959 -0.0460315 -0.0421811
0.426963 -0.054598 -0.0411048
0.308853 -0.0535355 -0.0347151
0.21579 -0.0448113 -0.0234126
0.14805 -0.035423 -0.00702914
0.101129 -0.0314252 0.011275
0.0748475 -0.0368312 0.0289755
0.070636 -0.0499588 0.0478762
0.0777133 -0.06209 0.071613
0.0733581 -0.067591 0.100643
0.0378242 -0.0695062 0.131276
-0.0354071 -0.0713953 0.160559
-0.139091 -0.0719953 0.188186
-0.257874 -0.0696422 0.216141
-0.377643 -0.0652256 0.24478
-0.489614 -0.0619094 0.270665
-0.587672 -0.0630408 0.290411
-0.671679 -0.0692316 0.303276
-0.755394 -0.080056 0.309818
-0.859248 -0.0968847 0.311084
-0.993942 -0.121496 0.309608
-1.15623 -0.152756 0.307426
-1.33157 -0.186143 0.304968
-1.49573 -0.216393 0.304976
-1.62356 -0.238677 0.308665
-1.70352 -0.248676 0.314245
-1.74198 -0.244804 0.320858
-1.75621 -0.229409 0.329063
-1.76752 -0.207503 0.340905
-1.79411 -0.185148 0.356488
-1.84018 -0.167293 0.374141
-1.89301 -0.155901 0.393081
-1.93509 -0.149504 0.411537
-1.95534 -0.144447 0.428458
-1.94902 -0.137491 0.444443
-1.92199 -0.128033 0.459442
-1.89543 -0.118146 0.473902
-1.89177 -0.11044 0.488457
-1.91996 -0.105979 0.50423
-1.97429 -0.10379 0.521754
-2.03867 -0.101118 0.540236
-2.09429 -0.0947657 0.558227
-2.12649 -0.0830213 0.575266
-2.12958 -0.0660403 0.591687
-2.11157 -0.0456601 0.606639
-2.09152 -0.0255563 0.619332
-2.08621 -0.0104037 0.629547
-2.09892 -0.00420915 0.636781
-2.12338 -0.00871026 0.639871
-2.15129 -0.022337 0.638011
-2.17139 -0.041072 0.631831
-2.17193 -0.0605739 0.622095
-2.15013 -0.077838 0.609056
-2.11441 -0.0921252 0.593215
-2.07679 -0.104842 0.575598
-2.04527 -0.118083 0.556954
-2.01866 -0.132766 0.537554
-1.98767 -0.14781 0.517171
-1.94412 -0.160869 0.495198
-1.88689 -0.169872 0.471096
-1.8174 -0.17429 0.444456
-1.73541 -0.175594 0.415187
-1.6411 -0.176691 0.383299
-1.53597 -0.18038 0.348595
-1.42205 -0.188083 0.311703
-1.30157 -0.199067 0.272489
-1.17942 -0.210861 0.230226
-1.0678 -0.220822 0.185558
-0.98271 -0.227246 0.14147
-0.933002 -0.229642 0.103484
-0.914748 -0.22752 0.0739148
-0.915987 -0.218933 0.0503831
-0.921759 -0.200882 0.0355
-0.917672 -0.175927 0.0273166
-0.891588 -0.153742 0.0204526
-0.830357 -0.136461 0.0141239
-0.728206 -0.11547 0.00690434
-0.594931 -0.088769 -0.00193065
-0.441616 -0.063013 -0.0116295
-0.268262 -0.0390831 -0.0201884
-0.0679115 -0.0122486 -0.0264782
0.165523 0.0162556 -0.0247251
0.432259 0.0396027 -0.0130912
0.721051 0.0568225 0.00450013
1.0095 0.075268 0.0240548
1.27675 0.0968105 0.0430439
1.51197 0.113144 0.059871
1.71226 0.121973 0.0729133
1.87756 0.128822 0.0831105
2.0075 0.135791 0.090939
2.0968 0.140789 0.0950661
2.13981 0.141694 0.0950217
2.14322 0.140682 0.0929663
2.12035 0.140638 0.090151
2.07977 0.138641 0.0857938
2.02653 0.130466 0.0784546
1.97007 0.117244 0.0684692
1.92147 0.102279 0.0574592
1.88373 0.0868788 0.0470509
1.85426 0.07287 0.0384362
1.82961 0.0639926 0.0325647
1.80514 0.0617737 0.0296948
1.77813 0.0627952 0.0284602
1.75012 0.0626067 0.0269356
1.72456 0.0602673 0.0262369
1.70734 0.0562344 0.0251549
1.71171 0.0497662 0.0243374
1.75227 0.0419788 0.0247849
1.83137 0.0362268 0.026519
1.93952 0.0343251 0.0314321
2.06023 0.0351514 0.0381463
2.17233 0.0355359 0.0447364
2.26007 0.0335375 0.0501749
2.31359 0.0296561 0.0538398
2.32199 0.0242794 0.0551986
2.27907 0.0184769 0.0545215
2.18976 0.0147343 0.0525526
2.06661 0.0146255 0.0502052
1.91932 0.0178679 0.0473692
1.75373 0.0226228 0.0434126
1.57519 0.0265077 0.0381173
1.38066 0.0275014 0.0311877
1.16135 0.0238383 0.0219802
0.919205 0.0150645 0.0112307
0.668511 0.00401283 0.00332796
0.421085 -0.00460313 0.0105574
0.182598 -0.00781533 0.031688
-0.0350094 -0.00662775 0.0586768
-0.212183 -0.00525949 0.0902541
-0.338439 -0.00708862 0.122975
-0.414703 -0.0131571 0.156265
-0.445505 -0.0231572 0.192286
-0.440368 -0.0348916 0.233118
-0.419079 -0.0447457 0.272038
-0.411291 -0.0505895 0.304695
-0.437927 -0.0528383 0.335816
-0.498699 -0.0529807 0.366579
-0.583635 -0.0526716 0.395835
-0.686247 -0.0529298 0.423719
-0.801354 -0.0542926 0.450211
-0.921039 -0.0570594 0.474761
-1.04071 -0.0615842 0.496069
-1.16177 -0.0691254 0.512417
-1.2872 -0.0817139 0.521432
-1.41906 -0.101518 0.522754
-1.5587 -0.130034 0.5175
-1.70678 -0.167318 0.506536
-1.86296 -0.211562 0.493844
-2.02074 -0.258296 0.485311
-2.16986 -0.301434 0.481288
-2.30679 -0.33527 0.479535
-2.42157 -0.354994 0.483141
-2.49425 -0.358427 0.492607
-2.51502 -0.346258 0.502571
-2.48667 -0.321214 0.513188
-2.42 -0.288703 0.524078
-2.32981 -0.254468 0.530871
-2.23045 -0.222344 0.533584
-2.13108 -0.195066 0.532786
-2.03533 -0.174385 0.527959
-1.94729 -0.160752 0.519388
-1.8714 -0.153465 0.507551
-1.80711 -0.150647 0.493039
-1.74951 -0.1493 0.477445
-1.69669 -0.14646 0.462018
-1.65193 -0.140746 0.447125
-1.62078 -0.132942 0.43212
-1.6086 -0.125831 0.415824
-1.61678 -0.123029 0.397593
-1.63581 -0.126319 0.376717
-1.64795 -0.134306 0.353125
-1.63877 -0.143989 0.327518
-1.59994 -0.152876 0.299584
-1.52775 -0.160215 0.267757
-1.42503 -0.1673 0.231345
-1.30024 -0.17672 0.191532
-1.16182 -0.18841 0.151122
-1.01499 -0.198537 0.112601
-0.862739 -0.205719 0.0761637
-0.707242 -0.212652 0.0421213
-0.548576 -0.22032 0.0115764
-0.386552 -0.225585 -0.0151531
-0.229251 -0.224625 -0.037383
-0.089407 -0.217336 -0.0535866
0.02813 -0.206717 -0.0648026
0.124861 -0.193032 -0.0721203
0.201675 -0.175053 -0.0759184
0.262043 -0.155318 -0.0773538
0.314877 -0.135999 -0.0767799
0.370548 -0.115333 -0.0743465
0.433973 -0.0921241 -0.0700422
0.50255 -0.0676194 -0.0637265
0.572433 -0.042807 -0.0553602
0.638902 -0.0175746 -0.0450443
0.695307 0.00741978 -0.0334484
0.738412 0.0296902 -0.022184
0.772637 0.0482005 -0.0117447
0.807236 0.0650578 -0.0016614
0.848522 0.0820317 0.00855577
0.899441 0.0992617 0.0194385
0.963879 0.117464 0.0316115
1.0428 0.137693 0.0453885
1.12799 0.159034 0.0600301
1.20714 0.178884 0.0740234
1.27364 0.195109 0.086007
1.32625 0.206869 0.0951383
1.36225 0.213501 0.100808
1.37782 0.214346 0.102833
1.37369 0.210276 0.101689
1.3543 0.203495 0.0983333
1.32158 0.195468 0.0934308
1.27427 0.186199 0.0870461
1.21227 0.175141 0.0791001
1.13659 0.161736 0.0695405
1.04722 0.145217 0.0582271
0.946599 0.124956 0.0451945
0.842377 0.101738 0.0311667
0.743118 0.077943 0.0173965
0.654933 0.0558207 0.00503909
0.582825 0.0362305 -0.00519814
0.529709 0.0189658 -0.0130885
0.493047 0.00307231 -0.0189264
0.46532 -0.0132443 -0.0233811
0.436878 -0.0317792 -0.0264546
0.398469 -0.053177 -0.0273914
0.343612 -0.0767312 -0.0261425
0.26925 -0.100614 -0.0223179
0.174512 -0.122641 -0.0152967
0.0603289 -0.141436 -0.00469478
-0.0686172 -0.15646 0.00986079
-0.20443 -0.167128 0.0284271
-0.341433 -0.173148 0.0499312
-0.47904 -0.17558 0.0730297
-0.616543 -0.17619 0.0981091
-0.74664 -0.175536 0.125148
-0.85852 -0.172867 0.153073
-0.945856 -0.167762 0.180704
-1.00843 -0.161222 0.206985
-1.05046 -0.154871 0.230969
-1.07908 -0.149225 0.252027
-1.10159 -0.143609 0.271231
-1.12454 -0.137387 0.290602
-1.15347 -0.130739 0.310745
-1.19035 -0.124472 0.330741
-1.23098 -0.119573 0.349165
-1.26758 -0.116827 0.364951
-1.29547 -0.116357 0.377421
-1.31609 -0.117758 0.386255
-1.33362 -0.120737 0.391658
-1.3515 -0.12534 0.394169
-1.3727 -0.131699 0.394518
-1.3992 -0.139666 0.393233
-1.42953 -0.148534 0.390366
-1.45941 -0.157141 0.386047
-1.48536 -0.164299 0.380606
-1.50504 -0.168961 0.374439
-1.51517 -0.170413 0.367714
-1.51243 -0.168833 0.360373
-1.49735 -0.165262 0.352274
-1.47452 -0.160822 0.343096
-1.44764 -0.155971 0.332549
-1.41648 -0.150402 0.320718
-1.37854 -0.143591 0.307999
-1.33019 -0.135305 0.294518
-1.26815 -0.12568 0.280282
-1.19268 -0.114973 0.265427
-1.10806 -0.103063 0.250174
-1.01989 -0.0894619 0.234588
-0.933215 -0.0740602 0.218905
-0.852226 -0.0575326 0.203458
-0.778803 -0.0410321 0.18782
-0.71203 -0.0256228 0.171045
-0.650694 -0.0125082 0.152589
-0.593408 -0.00274762 0.132574
-0.537438 0.00316612 0.112206
-0.480662 0.00493359 0.0929956
-0.423255 0.00434655 0.0755882
-0.366852 0.00496487 0.0605242
-0.312869 0.00762862 0.048081
-0.261207 0.0110645 0.0379085
-0.210148 0.0150389 0.0293602
-0.157061 0.0192463 0.0218239
-0.0995451 0.0220853 0.0144081
-0.0368965 0.0219132 0.00622872
0.0295372 0.0188649 -0.00242475
0.0971918 0.0146624 -0.0105378
0.162741 0.0102674 -0.0168471
0.222683 0.0059421 -0.0206697
0.274655 0.00266796 -0.0226071
0.317491 0.000411759 -0.0240132
0.351356 -0.00248989 -0.0255734
0.377491 -0.00681407 -0.0275218
0.396649 -0.011881 -0.0298663
0.409595 -0.0171417 -0.0324276
0.417725 -0.0223485 -0.0350167
0.42195 -0.0267139 -0.0372708
0.422782 -0.0292974 -0.0390606
0.421587 -0.0303834 -0.0404773
0.419057 -0.0310376 -0.0416622
0.41304 -0.0315845 -0.0426809
0.401545 -0.0319379 -0.0436184
0.38587 -0.032151 -0.0443072
0.368055 -0.0317997 -0.0444837
0.34786 -0.0300955 -0.043977
0.323989 -0.0268599 -0.0427805
0.296728 -0.0226437 -0.040963
0.267941 -0.0180495 -0.0385912
0.239687 -0.0134127 -0.035768
0.213985 -0.00909737 -0.0325803
0.192533 -0.00532707 -0.029026
0.175738 -0.00170203 -0.0249817
0.162896 0.00241062 -0.0201388
0.152737 0.00736989 -0.0139666
0.142761 0.013192 -0.00643564
0.129085 0.0193998 0.00205769
0.108116 0.0251652 0.0110758
0.0780798 0.0296634 0.0203582
0.03826 0.0322251 0.0301049
-0.0118776 0.0324387 0.0401932
-0.0714567 0.0303791 0.0502822
-0.137276 0.0265962 0.0602777
-0.205167 0.0217597 0.0700907
-0.272219 0.0163466 0.0795378
-0.337984 0.0106205 0.0884111
-0.403327 0.00466688 0.0968427
-0.467533 -0.00168672 0.105329
-0.527743 -0.00857968 0.114108
-0.581549 -0.0158709 0.122897
-0.62829 -0.0233739 0.131403
-0.667447 -0.0309515 0.139565
-0.697319 -0.0383587 0.147484
-0.716755 -0.0452255 0.155165
-0.727503 -0.0512219 0.162335
-0.73317 -0.0562211 0.168741
-0.736695 -0.0602146 0.174221
-0.739491 -0.0632257 0.17882
-0.741781 -0.065404 0.182623
-0.743545 -0.0670718 0.185592
-0.745815 -0.0686537 0.187636
-0.75055 -0.0705654 0.188673
-0.758424 -0.0730467 0.188726
-0.767936 -0.0760023 0.187882
-0.777811 -0.0790002 0.186182
-0.78807 -0.0814617 0.183639
-0.797794 -0.0830084 0.180279
-0.80432 -0.0836737 0.176127
-0.805508 -0.0836941 0.171166
-0.800552 -0.0832015 0.165463
-0.788042 -0.0822433 0.159266
-0.766171 -0.0809347 0.152729
-0.735139 -0.0794546 0.145714
-0.697341 -0.0779116 0.138036
-0.655839 -0.0763042 0.129859
-0.613605 -0.0746392 0.121561
-0.57271 -0.0729926 0.113311
-0.533143 -0.0714469 0.105048
-0.493581 -0.0700718 0.0966093
-0.453609 -0.0690067 0.0876743
-0.414289 -0.0684813 0.0779932
-0.377442 -0.0686279 0.0677031
-0.345678 -0.0693143 0.0572809
-0.322076 -0.0702556 0.0472262
-0.307689 -0.0711405 0.0379586
-0.299632 -0.0714039 0.0303399
-0.292995 -0.0703647 0.0244739
-0.28435 -0.0680066 0.0194913
-0.272738 -0.0647993 0.0150371
-0.258543 -0.0610063 0.011277
-0.242804 -0.0568006 0.00843182
-0.226829 -0.052474 0.00648109
-0.211135 -0.048231 0.00539327
-0.194358 -0.0438022 0.00511591
-0.173707 -0.0386514 0.00536597
-0.147059 -0.032589 0.00584234
-0.115101 -0.025742 0.00673418
-0.0815494 -0.0181266 0.00872524
-0.0511234 -0.00996386 0.0115267
-0.0270708 -0.00198531 0.0144927
-0.00992361 0.0053241 0.0174381
0.00167301 0.0119792 0.0200559
0.00905522 0.0179407 0.0220589
0.0125568 0.0229632 0.0232687
0.0115316 0.0269717 0.0238537
0.0045711 0.0302426 0.0241875
-0.0094315 0.0327687 0.0247601
-0.0296994 0.0341711 0.0256489
-0.0536176 0.0344522 0.0265969
-0.0784909 0.0338751 0.0274606
-0.102592 0.0324891 0.0281978
-0.124488 0.0304007 0.0288964
-0.142373 0.0280212 0.029665
-0.154594 0.0257726 0.0305156
-0.160341 0.0237316 0.0313441
-0.159548 0.0217744 0.0320458
-0.152964 0.0198961 0.0326226
-0.143021 0.0180332 0.0332063
-0.133928 0.0158518 0.0340281
-0.129926 0.0128523 0.0357162
-0.133522 0.00861483 0.0381434
-0.145475 0.00312122 0.0404925
-0.165767 -0.00346279 0.0425329
-0.194131 -0.0109842 0.0443676
-0.230017 -0.0189839 0.0462473
-0.27225 -0.0267996 0.0483384
-0.31848 -0.0340314 0.0507211
-0.364965 -0.0407247 0.0533972
-0.40713 -0.0470263 0.0563433
-0.440847 -0.0527488 0.0598317
-0.464172 -0.0577157 0.063496
-0.477821 -0.0622101 0.0668821
-0.483361 -0.0663613 0.0701441
-0.482186 -0.0697807 0.0735866
-0.476646 -0.0720668 0.0775137
-0.469986 -0.0732558 0.0816914
-0.464609 -0.0737794 0.0857905
-0.461622 -0.0739377 0.0895323
-0.462047 -0.0738992 0.0926518
-0.466915 -0.0741224 0.0949903
-0.476487 -0.0751657 0.0965664
-0.490767 -0.0771607 0.0974773
-0.509793 -0.0797122 0.0977992
-0.53222 -0.0822213 0.097663
-0.554714 -0.084168 0.0972359
-0.573461 -0.0851529 0.0966306
-0.585592 -0.0848781 0.0959124
-0.589756 -0.0832941 0.0952043
-0.586506 -0.0807514 0.0944543
-0.577868 -0.0778 0.0935657
-0.566173 -0.0747298 0.0926884
-0.553451 -0.0714732 0.0920753
-0.541239 -0.0679058 0.0918849
-0.530113 -0.063989 0.0920946
-0.519748 -0.059701 0.0926171
-0.510055 -0.055047 0.0933268
-0.501539 -0.0501982 0.0940791
-0.494237 -0.0454997 0.0947543
-0.487341 -0.0411974 0.0952846
-0.480047 -0.0372232 0.0955732
-0.47179 -0.0333275 0.0955015
-0.461583 -0.0292855 0.0950322
-0.448057 -0.0249333 0.0942017
-0.430332 -0.0201891 0.0929945
-0.408802 -0.0151696 0.0913157
-0.385579 -0.010256 0.0890439
-0.364026 -0.00593832 0.0861443
-0.346949 -0.00252671 0.0827425
-0.334794 -2.39966e-05 0.0791133
-0.325892 0.0017909 0.0754276
-0.318321 0.00320068 0.0716237
-0.311121 0.00443334 0.0676095
-0.304216 0.00561209 0.0634738
-0.297887 0.00662059 0.0597416
-0.292403 0.0071947 0.0566369
-0.287541 0.00726941 0.0539192
-0.281969 0.00697536 0.0514667
-0.273623 0.00646105 0.0490893
-0.260926 0.00591585 0.0466365
-0.2437 0.00556726 0.0441461
-0.223452 0.00555325 0.0417933
-0.203001 0.00571919 0.0397426
-0.185298 0.005663 0.0380758
-0.172398 0.00501865 0.0368554
-0.16537 0.00356618 0.0358695
-0.164302 0.00123006 0.0348854
-0.168098 -0.00192604 0.0339206
-0.174931 -0.0056518 0.0330209
-0.183657 -0.00956191 0.0322219
-0.194693 -0.0133798 0.0315666
-0.208906 -0.0170627 0.0311767
-0.225549 -0.0206891 0.0311872
-0.241734 -0.0242824 0.0316121
-0.254142 -0.027802 0.0322963
-0.260833 -0.0312505 0.0330036
-0.261609 -0.0346508 0.0335944
-0.257767 -0.0379345 0.0341241
-0.251999 -0.0409827 0.0347927
-0.247768 -0.0437675 0.0357939
-0.247629 -0.0463708 0.0371508
-0.251978 -0.0488863 0.0386798
-0.259971 -0.0513724 0.0401303
-0.271341 -0.0539269 0.0413645
-0.286675 -0.0566854 0.042442
-0.30645 -0.0596694 0.0435531
-0.330678 -0.0627323 0.0448649
-0.358837 -0.0656747 0.0464826
-0.389081 -0.068203 0.0488121
-0.417824 -0.069943 0.0519237
-0.44101 -0.0707791 0.0553643
-0.456024 -0.0708312 0.0587966
-0.462526 -0.0702247 0.0620573
-0.462164 -0.0691066 0.0651894
-0.457616 -0.0675764 0.0685185
-0.451489 -0.0656444 0.0723109
-0.445984 -0.0632923 0.076475
-0.442695 -0.0604785 0.0808125
-0.441591 -0.0572098 0.0850726
-0.441131 -0.0536576 0.0889802
-0.440553 -0.0501426 0.0921925
-0.441239 -0.0470739 0.0944906
-0.445257 -0.0447279 0.0959589
-0.453496 -0.0430145 0.0968133
-0.465285 -0.0415851 0.0971871
-0.478783 -0.0400125 0.0971691
-0.491566 -0.0378957 0.0969025
-0.501691 -0.0350491 0.0965223
-0.508349 -0.0316226 0.0961431
-0.51136 -0.0280013 0.0958558
-0.510861 -0.0246103 0.0957009
-0.507598 -0.0216931 0.0956477
-0.502627 -0.0192096 0.0956466
-0.49655 -0.016915 0.0957619
-0.48927 -0.0144633 0.0961407
-0.480172 -0.0115396 0.0968965
-0.468749 -0.00806791 0.09799
-0.455613 -0.00435936 0.0991826
-0.44278 -0.00104743 0.100162
-0.432692 0.00119997 0.100749
-0.426982 0.00201272 0.100952
-0.42599 0.00146452 0.100871
-0.428845 -2.82889e-05 0.100569
-0.433591 -0.00192349 0.100018
-0.437506 -0.00374496 0.0991653
-0.4381 -0.00524868 0.0979554
-0.434237 -0.00652914 0.0963126
-0.426201 -0.00794655 0.0941771
-0.415077 -0.00988736 0.0914954
-0.402503 -0.0125512 0.088206
-0.39019 -0.0158947 0.0843535
-0.378844 -0.0196753 0.080135
-0.368258 -0.023545 0.0757529
-0.358614 -0.0272119 0.0712774
-0.350807 -0.0305994 0.0667328
-0.345581 -0.0338693 0.0621806
-0.343117 -0.0372694 0.0576839
-0.343461 -0.0409361 0.0533201
-0.346504 -0.0448151 0.0492176
-0.351283 -0.0486633 0.0455341
-0.355526 -0.0520036 0.0426524
-0.356353 -0.0542875 0.0406392
-0.352144 -0.0553539 0.0390669
-0.343115 -0.0554506 0.0377095
-0.330077 -0.0548987 0.0365649
-0.313859 -0.0540111 0.0356634
-0.295557 -0.0530391 0.0351297
-0.276408 -0.0520543 0.0350104
-0.257666 -0.0509187 0.0351318
-0.240661 -0.0493698 0.035343
-0.226411 -0.0472513 0.0355804
-0.215593 -0.044674 0.0358277
-0.20914 -0.0419779 0.0360039
-0.208171 -0.0396354 0.0359858
-0.213315 -0.0380135 0.035728
-0.224378 -0.0371516 0.0353149
-0.240287 -0.0368138 0.0349399
-0.259234 -0.0366257 0.0348252
-0.279206 -0.0362025 0.0351808
-0.298202 -0.0352124 0.0364146
-0.31409 -0.0336012 0.0383697
-0.325011 -0.0318066 0.0405282
-0.330046 -0.0302345 0.0425967
-0.329359 -0.0289418 0.0444566
-0.323804 -0.0278777 0.0464272
-0.314134 -0.0269555 0.048889
-0.300918 -0.0260181 0.0518048
-0.285309 -0.0247058 0.0548973
-0.269483 -0.0228141 0.0579105
-0.256413 -0.0207241 0.0605
-0.249153 -0.019073 0.0624252
-0.249959 -0.0183343 0.0636453
-0.25998 -0.0187446 0.0642761
-0.279291 -0.0203242 0.0644142
-0.306309 -0.0228111 0.06413
-0.337502 -0.0256109 0.063569
-0.36862 -0.0280437 0.062937
-0.396306 -0.0297338 0.0624499
-0.418572 -0.0306549 0.0622912
-0.434438 -0.0309042 0.0626984
-0.443594 -0.0305734 0.0637235
-0.445909 -0.0297547 0.0650263
-0.440988 -0.0285035 0.0664167
-0.42845 -0.0266938 0.0681563
-0.408935 -0.024176 0.0703929
-0.385045 -0.0210867 0.0728634
-0.360995 -0.0177574 0.0752979
-0.341206 -0.0145606 0.0775875
-0.328951 -0.0118823 0.0796355
-0.325463 -0.0100663 0.0812922
-0.329986 -0.00931671 0.0824471
-0.341119 -0.00956495 0.0830131
-0.35779 -0.0105503 0.0829506
-0.378463 -0.0120126 0.0823993
-0.400331 -0.0137085 0.0816299
-0.42004 -0.0154031 0.0808276
-0.434895 -0.0169723 0.0799873
-0.443363 -0.0184496 0.079097
-0.445073 -0.0199055 0.0781406
-0.44049 -0.0213151 0.0770843
-0.430243 -0.0226082 0.0760845
-0.414859 -0.0238109 0.0753179
-0.395326 -0.0250144 0.0746915
-0.373654 -0.0263019 0.0739335
-0.352711 -0.0277941 0.0728114
-0.335272 -0.029681 0.0712664
-0.322972 -0.0321007 0.0693791
-0.316096 -0.0350126 0.067185
-0.314018 -0.0382648 0.0646105
-0.315749 -0.0417217 0.0615369
-0.320479 -0.0452589 0.0579395
-0.327979 -0.0487133 0.0540139
-0.338265 -0.0519263 0.0501347
-0.350471 -0.0547829 0.0466698
-0.362132 -0.0571162 0.0439133
-0.369847 -0.0586061 0.0420418
-0.3708 -0.0590733 0.04058
-0.364018 -0.058696 0.0390695
-0.350332 -0.0576336 0.0375711
-0.331584 -0.0558986 0.0362803
-0.309987 -0.0535606 0.0354338
-0.287215 -0.0506873 0.0352842
-0.264207 -0.0472816 0.0357024
-0.24228 -0.0433875 0.0362904
-0.223447 -0.0391787 0.0368593
-0.209664 -0.0349893 0.0373401
-0.202821 -0.0311627 0.0377951
-0.204856 -0.0279161 0.0382474
-0.216579 -0.0253745 0.0387591
-0.23658 -0.0234362 0.0394392
-0.261488 -0.0217751 0.040405
-0.286919 -0.0201399 0.0418706
-0.308705 -0.018532 0.0440962
-0.324412 -0.0169999 0.046611
-0.33403 -0.0154485 0.048962
-0.338738 -0.0139037 0.0513242
-0.339288 -0.012492 0.0538178
-0.335986 -0.0111341 0.0565405
-0.329132 -0.00960537 0.0595477
-0.319337 -0.00791967 0.0629859
-0.308284 -0.0065431 0.0667185
-0.298747 -0.0059439 0.0702284
-0.293445 -0.00632034 0.0732155
-0.294324 -0.00782993 0.0756153
-0.30261 -0.0105334 0.0774464
-0.318593 -0.0141553 0.0787017
-0.340999 -0.0181918 0.0793937
-0.367177 -0.0222695 0.0796293
-0.394138 -0.0262828 0.079473
-0.419452 -0.0302274 0.0789527
-0.441591 -0.0340523 0.0781483
-0.459739 -0.0377097 0.0772284
-0.473288 -0.041138 0.0763857
-0.48163 -0.0441436 0.0757678
-0.484509 -0.0464194 0.0754902
-0.48212 -0.0476971 0.0756258
-0.474898 -0.0478888 0.0761547
-0.463729 -0.0471092 0.0769865
-0.450448 -0.045628 0.0780122
-0.437551 -0.0438344 0.0791187
-0.426932 -0.0421314 0.0802039
-0.419373 -0.040762 0.0811708
-0.415269 -0.039725 0.0819181
-0.414717 -0.0388616 0.0823946
-0.416942 -0.0379913 0.0826445
-0.420643 -0.0369732 0.0827126
-0.424936 -0.0357569 0.082564
-0.429467 -0.0344308 0.0821754
-0.433781 -0.0331751 0.0815975
-0.436903 -0.0321295 0.0809024
-0.437433 -0.0313163 0.0801153
-0.434135 -0.0306721 0.0792135
-0.426439 -0.0301119 0.0781756
-0.414237 -0.0295581 0.0769818
-0.397654 -0.0289511 0.0755877
-0.377363 -0.0282891 0.0739459
-0.354778 -0.0276736 0.0719999
-0.331802 -0.0272873 0.0696472
-0.310336 -0.0273111 0.0667852
-0.291726 -0.0278556 0.0634114
-0.276619 -0.0289457 0.0595882
-0.265514 -0.0305363 0.0553514
-0.259149 -0.0325241 0.0507835
-0.258057 -0.0347556 0.0460764
-0.26144 -0.0370517 0.0414704
-0.267133 -0.0392184 0.0371486
