9.70162e-07 -2.53214e-16 -0.0300445
-0.000172655 -4.12729e-06 -0.0300386
-0.000724863 -2.47497e-05 -0.030005
-0.00141533 -6.49647e-05 -0.0299231
-0.00193339 -0.000108323 -0.0298081
-0.00255848 -0.000150692 -0.0296792
-0.00386745 -0.000209727 -0.0295006
-0.00593879 -0.00029504 -0.0292122
-0.00805358 -0.000398664 -0.028801
-0.00921966 -0.000506751 -0.0283266
-0.00891746 -0.000594752 -0.0278982
-0.00758696 -0.000611789 -0.0276216
-0.00652671 -0.00053235 -0.0275252
-0.006439 -0.00043181 -0.0275082
-0.00668657 -0.000450194 -0.0274477
-0.00714246 -0.000701833 -0.0273443
-0.00865591 -0.00118568 -0.027257
-0.0109389 -0.00168567 -0.0272152
-0.012625 -0.00187898 -0.0272683
-0.0130895 -0.001674 -0.0274302
-0.0121904 -0.00130607 -0.0275908
-0.00934875 -0.00101006 -0.027691
-0.00478879 -0.000751116 -0.027893
-0.000643107 -0.000378739 -0.0283549
0.00143805 0.000113092 -0.0289526
0.00170124 0.00055817 -0.029469
0.000459848 0.000684989 -0.0298621
-0.0017304 0.000322567 -0.0301393
-0.00309927 -0.000274013 -0.0303195
-0.00187944 -0.000526631 -0.0306218
0.00236589 -8.02028e-05 -0.0313077
0.00831359 0.000841308 -0.0322933
0.0138259 0.00164448 -0.0331886
0.0174651 0.00190975 -0.0337586
0.0175679 0.00163262 -0.0340325
0.0128758 0.00104735 -0.0339565
0.00606442 0.000470837 -0.0334741
0.001683 0.000193399 -0.0329174
0.00193208 0.000297114 -0.0326794
0.00602443 0.000690551 -0.0327084
0.00988171 0.00124778 -0.0327311
0.0104764 0.00177119 -0.0325188
0.0104224 0.00201896 -0.0319796
0.0111385 0.00176127 -0.0313048
0.00818842 0.000882524 -0.0306931
-0.000528875 -0.00029191 -0.0300921
-0.0105905 -0.00108879 -0.0294214
-0.0172787 -0.00127715 -0.0286341
-0.0189506 -0.00136425 -0.027671
-0.0150815 -0.00172254 -0.0267318
-0.00850066 -0.00192952 -0.0262794
-0.0054434 -0.00146511 -0.0263986
-0.00718846 -0.000536836 -0.026465
-0.0103467 4.24032e-05 -0.0259201
-0.0152072 -0.000594569 -0.0249332
-0.0228173 -0.00248099 -0.0239298
-0.0290601 -0.00425653 -0.0232794
-0.0294617 -0.00428706 -0.0233286
-0.0232362 -0.00248018 -0.024263
-0.0117495 -0.000399449 -0.0256214
-0.000496745 0.00042612 -0.0267779
0.00286654 -0.000184761 -0.0276021
-0.00325854 -0.00126987 -0.0280786
-0.0136424 -0.00183985 -0.0280793
-0.0215662 -0.0018285 -0.0277318
-0.0235316 -0.00183812 -0.0276146
-0.0205284 -0.00200806 -0.0280448
-0.0136727 -0.00158949 -0.0287069
-0.00287538 9.28588e-05 -0.0293555
0.00791307 0.00234252 -0.0300377
0.0118763 0.00339661 -0.0303241
0.00564102 0.00225718 -0.0297891
-0.00901607 -0.000260889 -0.0287057
-0.0256932 -0.00238338 -0.0275031
-0.0368034 -0.00309452 -0.0264882
-0.0378842 -0.00280123 -0.0256883
-0.030254 -0.00235712 -0.024983
-0.0174892 -0.00199711 -0.0248887
-0.00238421 -0.00132645 -0.0253408
0.00903934 -0.000177714 -0.0259517
0.0089852 0.000656024 -0.0262606
-0.00368946 -1.27583e-05 -0.0260213
-0.0196519 -0.00255837 -0.0253575
-0.0326526 -0.0057924 -0.0246542
-0.0455004 -0.00760615 -0.0246078
-0.0559909 -0.00682817 -0.025066
-0.0564287 -0.0042256 -0.0249453
-0.04477 -0.00169165 -0.0243307
-0.0289374 -0.000566832 -0.0236875
-0.0168175 -0.000606411 -0.0226762
-0.0098195 -0.000370207 -0.0220806
-0.0111798 0.000823232 -0.0221041
-0.0205362 0.00166306 -0.0224095
-0.0318859 0.000386155 -0.0225407
-0.0420256 -0.0030225 -0.0220552
-0.0473829 -0.00649243 -0.0219976
-0.0459697 -0.00777918 -0.0228869
-0.0361402 -0.00639904 -0.0240433
-0.0156948 -0.00370225 -0.0256915
0.00796489 -0.00159712 -0.0278936
0.0260331 -0.00089648 -0.030503
0.0352791 -0.000860456 -0.0318309
0.0367867 -0.000434985 -0.0332626
0.0355848 0.000586548 -0.0353351
0.0292052 0.00141143 -0.0375016
0.0163616 0.00136252 -0.0393208
0.00567036 0.00125927 -0.0400705
0.00471941 0.00233953 -0.0405539
0.0149013 0.00450751 -0.0409373
0.0261909 0.00678659 -0.0410615
0.0300303 0.00857494 -0.0407393
0.0320966 0.00998355 -0.0400537
0.035814 0.0111084 -0.0393261
0.0348515 0.011178 -0.0384424
0.0236411 0.00909098 -0.0364003
0.0071 0.00508858 -0.033884
-0.00659027 0.00088498 -0.0316338
-0.0219253 -0.0022379 -0.0299779
-0.0433869 -0.00449733 -0.0276633
-0.0629514 -0.00642 -0.0244847
-0.070783 -0.00807896 -0.0211166
-0.0645898 -0.00957547 -0.0176784
-0.050153 -0.0105317 -0.0150007
-0.0346739 -0.00989239 -0.0131803
-0.0260409 -0.00754262 -0.0132334
-0.0313573 -0.00552752 -0.0144658
-0.0475284 -0.00586271 -0.0139879
-0.0646254 -0.00814705 -0.012355
-0.0782436 -0.0113961 -0.0115331
-0.0908738 -0.0147431 -0.0116884
-0.104587 -0.0160867 -0.0127748
-0.115178 -0.0144561 -0.0135474
-0.116479 -0.0113494 -0.0143997
-0.105035 -0.00775404 -0.0166708
-0.0800159 -0.00400521 -0.0183595
-0.0485014 -0.00144704 -0.018904
-0.0262234 -0.000431302 -0.0202067
-0.0197367 0.000332293 -0.0215093
-0.0189006 0.00147184 -0.0229281
-0.0169635 0.00219536 -0.0252432
-0.0162313 0.00174992 -0.0270405
-0.0138077 0.000802815 -0.0291855
-0.00463107 -0.000225656 -0.0317696
0.00830153 -0.00130979 -0.0341499
0.0221262 -0.00111732 -0.0374453
0.0388639 0.000923886 -0.0409442
0.0579818 0.00332847 -0.0437726
0.0741812 0.00483816 -0.0451198
0.081948 0.00547542 -0.0459929
0.0809879 0.00567294 -0.0470052
0.0733364 0.00621532 -0.0469645
0.0588845 0.0076482 -0.0469682
0.0445292 0.0091196 -0.0466519
0.0366068 0.00951928 -0.045363
0.0289043 0.00908385 -0.0435722
0.0207101 0.00875473 -0.0412789
0.0155513 0.00906468 -0.0388165
0.0104653 0.00980691 -0.0365894
0.00520163 0.00976787 -0.0338619
-0.00232283 0.00787113 -0.0310296
-0.015433 0.00438115 -0.0278297
-0.0320613 0.000107498 -0.0248436
-0.0503951 -0.00394148 -0.0220254
-0.0652638 -0.00698297 -0.0191417
-0.0715842 -0.00935148 -0.0170719
-0.0695187 -0.011649 -0.0150962
-0.056138 -0.0138294 -0.0135143
-0.0298781 -0.015182 -0.0130141
0.00717033 -0.0145216 -0.0139557
0.0590969 -0.0115803 -0.017211
0.128397 -0.00771441 -0.020152
0.211707 -0.00387573 -0.0232492
0.30389 -0.00043023 -0.0275115
0.401642 0.00223843 -0.0328779
0.504286 0.00469295 -0.0396263
0.611607 0.00845065 -0.0471047
0.725427 0.0151709 -0.0541781
0.84854 0.0247494 -0.0604175
0.984747 0.0360582 -0.0660385
1.13948 0.0482006 -0.0702549
1.3198 0.0589334 -0.0722892
1.52853 0.066475 -0.0718624
1.761 0.0723458 -0.0696821
2.01025 0.0787287 -0.0662248
2.2735 0.0857799 -0.0618411
2.54684 0.0931304 -0.0563684
2.81378 0.100705 -0.0505296
3.04677 0.107436 -0.0452405
3.21731 0.111521 -0.0410124
3.30306 0.112263 -0.0377475
3.29537 0.110188 -0.0352846
3.20082 0.105553 -0.0336154
3.037 0.0981815 -0.0334754
2.83032 0.0887277 -0.0349152
2.60604 0.0786288 -0.0371006
2.38127 0.0689538 -0.039147
2.16371 0.0600815 -0.0405429
1.96419 0.0523139 -0.0407359
1.83028 0.0465273 -0.0405861
1.82703 0.0437476 -0.0404752
1.96658 0.0435924 -0.0358641
2.1974 0.043046 -0.0221602
2.45318 0.0389875 -0.00556786
2.69722 0.0319156 0.0113513
2.918 0.0217823 0.0290369
3.09345 0.00982675 0.0489308
3.16875 0.00248919 0.0655162
3.10871 0.000940648 0.0720913
2.92533 0.00131285 0.0738324
2.62146 0.000454083 0.0743189
2.19358 -0.00637545 0.0719084
1.66632 -0.022273 0.0656635
1.07203 -0.0464654 0.0487149
0.422663 -0.0792845 0.0391065
-0.270567 -0.117327 0.0657514
-0.937185 -0.142889 0.138378
-1.50708 -0.144138 0.202045
-2.03757 -0.130864 0.258113
-2.53478 -0.120234 0.35425
-2.89116 -0.122415 0.442017
-3.09148 -0.133733 0.517225
-3.16713 -0.146785 0.610027
-3.12384 -0.159684 0.686355
-3.03099 -0.170389 0.736039
-2.96997 -0.174972 0.785586
-2.93823 -0.17196 0.826894
-2.93146 -0.163359 0.860242
-2.98431 -0.153921 0.907261
-3.08401 -0.14726 0.960403
-3.18005 -0.143947 0.990975
-3.25446 -0.14336 0.999035
-3.31543 -0.144187 1.01074
-3.38026 -0.144404 1.03931
-3.45609 -0.143617 1.0707
-3.53171 -0.145953 1.08921
-3.606 -0.158373 1.09821
-3.6999 -0.185785 1.11663
-3.83474 -0.227682 1.14661
-4.026 -0.278576 1.17739
-4.28242 -0.329928 1.21038
-4.58766 -0.372542 1.24673
-4.90638 -0.398534 1.27481
-5.21823 -0.403416 1.2927
-5.51022 -0.388352 1.30706
-5.75612 -0.35877 1.31266
-5.93518 -0.321128 1.30689
-6.04069 -0.282246 1.29769
-6.07013 -0.248919 1.28508
-6.02976 -0.22606 1.26608
-5.93007 -0.214656 1.24312
-5.77803 -0.211811 1.21376
-5.5856 -0.213432 1.17384
-5.36192 -0.216476 1.12493
-5.10877 -0.219219 1.07085
-4.83652 -0.220968 1.01308
-4.56419 -0.221277 0.951827
-4.3083 -0.219017 0.888969
-4.08125 -0.211969 0.825185
-3.89104 -0.198012 0.760689
-3.74013 -0.177002 0.696598
-3.62421 -0.151335 0.634133
-3.53267 -0.126436 0.574703
-3.4517 -0.109372 0.51896
-3.36766 -0.10501 0.46443
-3.26344 -0.117584 0.41352
-3.11758 -0.150131 0.367404
-2.92553 -0.193931 0.324173
-2.70751 -0.229675 0.287389
-2.48745 -0.240981 0.253907
-2.27725 -0.222183 0.216039
-2.07663 -0.174145 0.170584
-1.87962 -0.104248 0.12015
-1.67578 -0.0317849 0.0707229
-1.44729 0.0200197 0.0278043
-1.18006 0.0392184 -0.00668125
-0.880871 0.0318673 -0.0343238
-0.56962 0.0145576 -0.0576259
-0.263698 0.00642663 -0.0794965
0.0184042 0.0247068 -0.09553
0.255163 0.0752741 -0.105252
0.445757 0.142645 -0.115497
0.613949 0.198547 -0.121684
0.780937 0.222295 -0.122456
0.955853 0.214995 -0.119272
1.13754 0.193752 -0.111135
1.31505 0.17281 -0.102325
1.47228 0.162961 -0.0967168
1.59751 0.17388 -0.0968421
1.68706 0.204892 -0.102224
1.74228 0.241491 -0.109432
1.7691 0.26427 -0.114361
1.77777 0.261807 -0.114973
1.77703 0.235758 -0.111086
1.76874 0.196959 -0.104346
1.74894 0.160462 -0.0981345
1.71395 0.140882 -0.0954074
1.6674 0.143398 -0.0967885
1.62004 0.159615 -0.100403
1.58547 0.173885 -0.102618
1.57662 0.172809 -0.100584
1.60065 0.152127 -0.0933392
1.6538 0.117912 -0.0817817
1.72255 0.0829466 -0.0689963
1.79186 0.0604608 -0.0582088
1.8545 0.0561008 -0.050602
1.91268 0.0639098 -0.0451057
1.97036 0.0712006 -0.0393561
2.02727 0.0675944 -0.0313469
2.07851 0.0506205 -0.0206531
2.11445 0.0250085 -0.00859863
2.11937 -0.00164359 0.00217048
2.07353 -0.0221507 0.00874147
1.96109 -0.0316857 0.00995018
1.78058 -0.0302416 0.00599925
1.55099 -0.0231748 -0.00110251
1.30123 -0.0181483 -0.00848694
1.05257 -0.0209244 -0.0140257
0.817394 -0.0329371 -0.0165888
0.604383 -0.0510875 -0.0160824
0.414892 -0.0688552 -0.0129267
0.242077 -0.0786434 -0.00868878
0.081761 -0.0760346 -0.00438538
-0.058048 -0.0643852 0.00223678
-0.165789 -0.052592 0.0150997
-0.239616 -0.0482667 0.0342053
-0.28544 -0.0557641 0.0577396
-0.317761 -0.0726501 0.0860232
-0.356594 -0.0890609 0.121729
-0.407256 -0.0986809 0.165182
-0.465295 -0.103669 0.208949
-0.534443 -0.107066 0.247013
-0.618384 -0.108507 0.280767
-0.711887 -0.106684 0.313879
-0.808131 -0.102489 0.347674
-0.906155 -0.100119 0.380368
-1.00653 -0.103482 0.408631
-1.10507 -0.113348 0.431529
-1.20071 -0.129777 0.45074
-1.30114 -0.154558 0.467999
-1.41072 -0.189149 0.485113
-1.52334 -0.231243 0.502366
-1.63145 -0.275578 0.519238
-1.73322 -0.316239 0.537814
-1.82795 -0.346434 0.555993
-1.91126 -0.359982 0.568027
-1.98195 -0.354929 0.57225
-2.04797 -0.334582 0.571591
-2.1152 -0.305793 0.571957
-2.17879 -0.2762 0.576084
-2.23196 -0.251487 0.583113
-2.27633 -0.233835 0.592784
-2.31757 -0.22186 0.603405
-2.35669 -0.211887 0.613924
-2.39423 -0.200741 0.625718
-2.43301 -0.187767 0.638675
-2.47485 -0.174819 0.652201
-2.52143 -0.164301 0.66574
-2.57665 -0.15696 0.679603
-2.64562 -0.151497 0.69369
-2.72831 -0.144866 0.706644
-2.81651 -0.13345 0.716514
-2.89928 -0.115146 0.722537
-2.9671 -0.0903033 0.725574
-3.01393 -0.0615955 0.726388
-3.0419 -0.0339775 0.726605
-3.05996 -0.0135897 0.728609
-3.07465 -0.00568724 0.73414
-3.08744 -0.0123387 0.742541
-3.09723 -0.0312904 0.75154
-3.09904 -0.0575699 0.760033
-3.08372 -0.0859543 0.76735
-3.04332 -0.112571 0.772314
-2.97815 -0.135998 0.774216
-2.89784 -0.157323 0.773152
-2.81429 -0.178657 0.769422
-2.73297 -0.201048 0.763321
-2.65173 -0.223255 0.754314
-2.56642 -0.24245 0.740944
-2.4738 -0.256181 0.721989
-2.36946 -0.264013 0.697261
-2.24781 -0.26795 0.66776
-2.10529 -0.271503 0.634751
-1.94162 -0.277832 0.598976
-1.76046 -0.288008 0.560334
-1.57054 -0.300835 0.517447
-1.38417 -0.313664 0.468938
-1.21632 -0.323784 0.415167
-1.08521 -0.329553 0.359598
-1.00539 -0.329677 0.306781
-0.974549 -0.323402 0.260863
-0.975708 -0.308696 0.221825
-0.994174 -0.283276 0.190468
-1.01844 -0.250896 0.165975
-1.02529 -0.220994 0.142681
-0.989265 -0.195463 0.118765
-0.907241 -0.164976 0.0921944
-0.786959 -0.127699 0.0620704
-0.632631 -0.0910274 0.0304994
-0.451474 -0.0558445 -0.000612023
-0.249405 -0.0175251 -0.0298005
-0.0204396 0.021851 -0.049732
0.241124 0.054892 -0.0573454
0.517112 0.0809177 -0.0573388
0.780327 0.107764 -0.0547667
1.02555 0.137243 -0.051964
1.26067 0.160445 -0.0493166
1.48636 0.174405 -0.0470735
1.69641 0.184963 -0.0449733
1.88228 0.195187 -0.0445161
2.03212 0.202575 -0.046228
2.13569 0.205104 -0.0507059
2.19403 0.205589 -0.0568338
2.21628 0.206556 -0.0624132
2.21371 0.204229 -0.0663579
2.1952 0.193704 -0.0687469
2.16769 0.175986 -0.0692365
2.14098 0.154891 -0.0676395
2.12263 0.13288 -0.0646591
2.11173 0.113049 -0.0614857
2.10309 0.100159 -0.0592167
2.09352 0.09597 -0.0579029
2.08506 0.0961503 -0.0568875
2.08327 0.0951408 -0.0561759
2.09146 0.091347 -0.0529412
2.11254 0.084787 -0.0478373
2.15333 0.0748145 -0.0407114
2.21772 0.0631384 -0.0323572
2.30256 0.053902 -0.0246553
2.40028 0.0496641 -0.0165923
2.49726 0.0490461 -0.00881114
2.5799 0.0482507 -0.00110751
2.6387 0.0449806 0.00656401
2.66539 0.0392428 0.0142694
2.651 0.031634 0.0207066
2.5849 0.0239154 0.0245863
2.46472 0.0191427 0.0254599
2.29952 0.0192954 0.0234322
2.10106 0.0238458 0.0187238
1.8808 0.0302911 0.0119288
1.64693 0.0354233 0.00449305
1.39591 0.0363965 -0.0020362
1.11772 0.03105 -0.00724358
0.811876 0.0191943 -0.0108214
0.489618 0.00466302 -0.0105395
0.16622 -0.00650952 0.00297176
-0.1439 -0.0107477 0.0275387
-0.423396 -0.0097456 0.0568773
-0.650728 -0.0087515 0.0913575
-0.813243 -0.0119512 0.12861
-0.914429 -0.0213388 0.170072
-0.963362 -0.0371717 0.22032
-0.965432 -0.0560529 0.284394
-0.936213 -0.0727492 0.351773
-0.908798 -0.0844946 0.409978
-0.910203 -0.0908245 0.460742
-0.944127 -0.0928418 0.504837
-1.00237 -0.0929156 0.542498
-1.08405 -0.0932052 0.576633
-1.1898 -0.095102 0.609459
-1.31 -0.0993592 0.641696
-1.43437 -0.106962 0.673324
-1.56124 -0.119917 0.703963
-1.69037 -0.140797 0.731847
-1.81843 -0.171948 0.756947
-1.94461 -0.214744 0.780382
-2.07294 -0.269017 0.802518
-2.20752 -0.332218 0.825959
-2.34729 -0.397926 0.852684
-2.48248 -0.45732 0.878463
-2.60462 -0.502789 0.897726
-2.71438 -0.528517 0.91147
-2.80065 -0.531812 0.920581
-2.84861 -0.514218 0.920955
-2.86077 -0.479611 0.914505
-2.84108 -0.434144 0.903109
-2.7932 -0.38517 0.884238
-2.7273 -0.338518 0.860983
-2.65143 -0.298444 0.836973
-2.5709 -0.267727 0.813139
-2.49282 -0.247025 0.790038
-2.42353 -0.235147 0.767437
-2.36499 -0.229474 0.744596
-2.31641 -0.226206 0.721801
-2.27806 -0.22166 0.698979
-2.25198 -0.214031 0.675661
-2.24135 -0.204204 0.651311
-2.24864 -0.195469 0.625397
-2.26972 -0.191817 0.597851
-2.28981 -0.195449 0.56892
-2.29045 -0.205237 0.539508
-2.25838 -0.21735 0.509326
-2.1852 -0.228187 0.476268
-2.06646 -0.237083 0.439398
-1.90417 -0.246147 0.400047
-1.70665 -0.258336 0.359992
-1.48821 -0.272925 0.320582
-1.26216 -0.285371 0.283735
-1.03307 -0.294482 0.249411
-0.802905 -0.302947 0.217043
-0.572762 -0.311544 0.187158
-0.34391 -0.317034 0.15978
-0.125492 -0.315369 0.135192
0.070852 -0.30645 0.11453
0.240543 -0.292831 0.0959574
0.379904 -0.274296 0.0776093
0.48698 -0.250118 0.0602257
0.569304 -0.223226 0.0434388
0.638832 -0.195989 0.0272714
0.703918 -0.166844 0.0119957
0.768064 -0.134313 -0.00283359
0.831508 -0.0994409 -0.0175368
0.890487 -0.063311 -0.0318962
0.938391 -0.0258604 -0.045972
0.970602 0.0117405 -0.0593341
0.988703 0.0460736 -0.0716489
0.999175 0.0757318 -0.0827211
1.00885 0.102919 -0.0925656
1.02256 0.129656 -0.101404
1.04508 0.156501 -0.109471
1.08137 0.184493 -0.116753
1.1313 0.214693 -0.123043
1.18673 0.245802 -0.128199
1.23785 0.27451 -0.13209
1.28058 0.298011 -0.134688
1.31447 0.314902 -0.135846
1.3373 0.324212 -0.135571
1.34599 0.325464 -0.134245
1.33955 0.319956 -0.132275
1.31868 0.31025 -0.129613
1.28379 0.298111 -0.126289
1.23507 0.283694 -0.122506
1.17454 0.266397 -0.118167
1.10457 0.245538 -0.113014
1.02596 0.220222 -0.106832
0.941252 0.189852 -0.0995695
0.856523 0.155525 -0.0911931
0.777304 0.120172 -0.0816642
0.707198 0.0866721 -0.0711616
0.650345 0.0563852 -0.0600018
0.609576 0.0292942 -0.0482634
0.58258 0.00427755 -0.0356997
0.562424 -0.0209612 -0.0217269
0.54025 -0.0484873 -0.00586255
0.506091 -0.0788066 0.0121821
0.448802 -0.111177 0.0322345
0.359846 -0.143554 0.0541105
0.238216 -0.17321 0.0773763
0.0909579 -0.19851 0.101948
-0.070474 -0.219133 0.12865
-0.238361 -0.234657 0.157961
-0.412795 -0.244598 0.18864
-0.594856 -0.249895 0.21919
-0.781473 -0.252509 0.250156
-0.964608 -0.253113 0.281703
-1.13247 -0.250941 0.313809
-1.27452 -0.245818 0.346163
-1.38469 -0.238888 0.377301
-1.46135 -0.231741 0.405744
-1.50931 -0.224921 0.430549
-1.54158 -0.21775 0.452486
-1.57364 -0.209657 0.473705
-1.61611 -0.200939 0.495099
-1.67077 -0.19265 0.515986
-1.73067 -0.186256 0.535689
-1.78417 -0.182804 0.553677
-1.82143 -0.182393 0.569374
-1.83977 -0.184612 0.582482
-1.84387 -0.18916 0.593108
-1.84183 -0.195986 0.601469
-1.84137 -0.205008 0.607819
-1.84748 -0.215804 0.612106
-1.85973 -0.227396 0.613808
-1.87268 -0.238368 0.612654
-1.88066 -0.24723 0.608539
-1.88086 -0.25272 0.601548
-1.87206 -0.25415 0.592034
-1.85358 -0.251751 0.580194
-1.82681 -0.246571 0.565957
-1.79543 -0.239769 0.549009
-1.76194 -0.231879 0.528917
-1.72484 -0.222628 0.505712
-1.68017 -0.211454 0.480006
-1.62346 -0.198155 0.452277
-1.55175 -0.182924 0.422836
-1.46667 -0.165973 0.391727
-1.37456 -0.147412 0.359467
-1.28364 -0.127136 0.327195
-1.2005 -0.104863 0.294806
-1.12728 -0.0812938 0.262246
-1.0615 -0.0580268 0.229738
-0.998775 -0.0364888 0.196971
-0.935587 -0.0182104 0.164231
-0.870441 -0.00435949 0.132416
-0.803707 0.00439416 0.103956
-0.736093 0.00779331 0.0800415
-0.669746 0.00828633 0.0593962
-0.608178 0.00992241 0.0414231
-0.551334 0.0138154 0.0257703
-0.495597 0.0188406 0.0117931
-0.437754 0.0244327 -0.000521401
-0.375082 0.0299049 -0.0110223
-0.304452 0.0332628 -0.0198356
-0.224423 0.0325294 -0.0271917
-0.137602 0.0280476 -0.0332267
-0.0496127 0.0219587 -0.0377591
0.0342217 0.0155022 -0.0401012
0.11018 0.00918443 -0.0400678
0.176378 0.00399114 -0.0382819
0.233401 -0.000120027 -0.0360824
0.283286 -0.00493953 -0.033917
0.327089 -0.0115282 -0.0314822
0.364139 -0.0191498 -0.028897
0.394244 -0.0270687 -0.026354
0.418227 -0.0347759 -0.0241666
0.435939 -0.0411366 -0.0226396
0.446841 -0.0450268 -0.0219983
0.452689 -0.0468322 -0.0221354
0.45529 -0.0478139 -0.022802
0.452667 -0.0484478 -0.0237633
0.442279 -0.0487463 -0.0249148
0.424989 -0.0487185 -0.026172
0.402344 -0.0477919 -0.0275489
0.373524 -0.044993 -0.0292301
0.337456 -0.0400753 -0.031338
0.295499 -0.0337228 -0.0336737
0.250669 -0.0267377 -0.0359012
0.205915 -0.0196645 -0.0377018
0.163951 -0.0130403 -0.0388134
0.126452 -0.00712691 -0.0391619
0.0926432 -0.00146142 -0.0387472
0.060391 0.00465166 -0.0373776
0.0283185 0.0115861 -0.0345654
-0.00453179 0.019368 -0.0303176
-0.0396642 0.0275015 -0.0250116
-0.0785124 0.0349706 -0.0187418
-0.12223 0.0407329 -0.0113567
-0.172497 0.0439771 -0.00238829
-0.231152 0.0442088 0.00823875
-0.298304 0.0414941 0.0201798
-0.37158 0.0364885 0.0331046
-0.44668 0.0300087 0.0466678
-0.518961 0.0226781 0.0603998
-0.586128 0.014898 0.0738143
-0.649127 0.00676194 0.0870543
-0.70931 -0.00195362 0.10073
-0.765892 -0.0114279 0.115209
-0.817129 -0.0215187 0.130283
-0.862213 -0.0319798 0.145572
-0.900302 -0.0426164 0.160955
-0.928727 -0.0531179 0.17647
-0.945002 -0.0630002 0.192015
-0.95024 -0.0717925 0.206973
-0.948995 -0.0792414 0.220498
-0.946377 -0.0852663 0.231973
-0.94572 -0.0898987 0.241319
-0.948084 -0.093396 0.248888
-0.952997 -0.0962173 0.255047
-0.959821 -0.0988973 0.259955
-0.968727 -0.101929 0.263595
-0.97982 -0.105582 0.265978
-0.9925 -0.10972 0.267158
-1.00688 -0.113772 0.266938
-1.02384 -0.117005 0.264944
-1.04234 -0.118984 0.261043
-1.05843 -0.119765 0.255442
-1.06801 -0.119628 0.248443
-1.06886 -0.118773 0.240425
-1.05946 -0.117349 0.231946
-1.0386 -0.115559 0.223414
-1.00685 -0.113593 0.214709
-0.966926 -0.111526 0.205465
-0.922482 -0.109337 0.195648
-0.87677 -0.107041 0.185531
-0.831374 -0.104742 0.175306
-0.785541 -0.102567 0.165063
-0.737576 -0.100651 0.154836
-0.686955 -0.0991833 0.144403
-0.634899 -0.0983912 0.133467
-0.583946 -0.0983635 0.122047
-0.537674 -0.0989015 0.11048
-0.499782 -0.0996389 0.0991483
-0.47153 -0.100201 0.0884389
-0.450312 -0.100031 0.0792944
-0.43166 -0.098405 0.0717235
-0.412155 -0.0951546 0.0645088
-0.390863 -0.0907377 0.0572525
-0.368882 -0.0854976 0.0502858
-0.347736 -0.0796577 0.0439386
-0.3284 -0.0735792 0.0383315
-0.310887 -0.0674612 0.0334187
-0.293527 -0.0609588 0.0289909
-0.273351 -0.0534758 0.0246419
-0.24811 -0.0448145 0.0200475
-0.218414 -0.0351686 0.0155076
-0.188087 -0.0247036 0.011964
-0.161947 -0.0136914 0.00921682
-0.142991 -0.00285734 0.00661107
-0.131501 0.00719436 0.00417848
-0.125929 0.0164059 0.00174328
-0.124361 0.0246874 -0.000885804
-0.125834 0.0317276 -0.00375654
-0.130976 0.0374753 -0.00674236
-0.141609 0.0422334 -0.00951987
-0.158901 0.0460001 -0.011606
-0.181684 0.0483671 -0.0128478
-0.20726 0.0492624 -0.0133286
-0.2333 0.0489146 -0.0130972
-0.258457 0.0473892 -0.0122094
-0.28162 0.0448348 -0.0106492
-0.301125 0.0417384 -0.00845038
-0.31495 0.0385985 -0.00574873
-0.321398 0.0355349 -0.00273216
-0.319655 0.0324526 0.000435016
-0.310529 0.0293512 0.00374319
-0.29721 0.0261367 0.00737427
-0.284965 0.0224489 0.0115871
-0.279001 0.0177734 0.0170036
-0.282036 0.0116143 0.0236222
-0.294393 0.00382347 0.0308799
-0.315617 -0.00542913 0.0385157
-0.345091 -0.0158688 0.0463723
-0.382064 -0.0268875 0.0544043
-0.425411 -0.0376477 0.0624378
-0.473048 -0.0476478 0.0703744
-0.521644 -0.0569238 0.0782392
-0.566938 -0.065648 0.0861036
-0.604863 -0.073693 0.0943719
-0.632943 -0.0808662 0.102667
-0.650666 -0.0873539 0.110374
-0.658783 -0.0932819 0.117649
-0.6591 -0.0982529 0.124812
-0.654879 -0.101828 0.132121
-0.649999 -0.104018 0.139256
-0.647108 -0.105242 0.145744
-0.647382 -0.105871 0.151319
-0.651683 -0.106207 0.155894
-0.660396 -0.106855 0.159533
-0.672948 -0.108465 0.162419
-0.688854 -0.111152 0.164617
-0.708188 -0.114404 0.165947
-0.730122 -0.11747 0.166252
-0.752001 -0.119706 0.165609
-0.770467 -0.120626 0.164159
-0.782769 -0.119912 0.162031
-0.787336 -0.117576 0.159474
-0.784105 -0.114029 0.156524
-0.774371 -0.109864 0.153127
-0.760432 -0.105441 0.149526
-0.745228 -0.10073 0.14601
-0.731365 -0.0956009 0.1427
-0.720022 -0.0900129 0.139568
-0.711015 -0.0839515 0.13656
-0.703979 -0.0774493 0.133608
-0.69875 -0.0707349 0.130653
-0.694546 -0.0642162 0.127678
-0.68996 -0.0581561 0.124652
-0.683963 -0.052461 0.121423
-0.676104 -0.046833 0.117761
-0.665724 -0.0409972 0.113536
-0.651768 -0.0347715 0.108787
-0.633396 -0.0281 0.103585
-0.610726 -0.0211638 0.0979562
-0.585411 -0.0144289 0.0919074
-0.560539 -0.00846435 0.0855031
-0.539272 -0.00363899 0.0789561
-0.522921 1.90874e-05 0.0726211
-0.510434 0.00274586 0.066702
-0.499783 0.00489038 0.0610267
-0.489606 0.00675908 0.0553706
-0.479669 0.00850828 0.0497569
-0.470341 0.0100279 0.0447019
-0.461932 0.011004 0.0405414
-0.454192 0.0112919 0.0371823
-0.445852 0.011022 0.0345142
-0.434816 0.0103888 0.0322532
-0.419529 0.00962553 0.0301605
-0.400134 0.00902243 0.0281494
-0.378462 0.00874373 0.0263351
-0.35718 0.00861799 0.0249026
-0.338774 0.00821403 0.0239809
-0.325073 0.00710939 0.02373
-0.317263 0.00498552 0.0241222
-0.315755 0.00169449 0.0250627
-0.319823 -0.00268179 0.02653
-0.327766 -0.00782659 0.0284412
-0.338191 -0.013252 0.0306375
-0.351085 -0.0185779 0.0329676
-0.367026 -0.0237137 0.0354659
-0.385247 -0.028746 0.0382939
-0.40295 -0.0337378 0.0415523
-0.416679 -0.0386787 0.0451508
-0.424096 -0.0435766 0.0488628
-0.424798 -0.0484366 0.0525116
-0.42039 -0.0531611 0.056098
-0.414153 -0.0575982 0.059761
-0.409868 -0.0616919 0.0636252
-0.409899 -0.0655121 0.0676499
-0.414247 -0.0691595 0.0716408
-0.421834 -0.0727266 0.0754136
-0.432474 -0.076357 0.0789198
-0.447126 -0.0802139 0.0822663
-0.466689 -0.0843131 0.0856269
-0.491361 -0.0884617 0.0890879
-0.520553 -0.0923899 0.092633
-0.552419 -0.0957679 0.096612
-0.583467 -0.098169 0.101026
-0.609324 -0.0993827 0.105278
-0.626715 -0.0995232 0.10904
-0.634933 -0.0987521 0.112228
-0.635625 -0.0972453 0.114947
-0.631802 -0.0951796 0.117653
-0.626728 -0.0925973 0.120653
-0.623048 -0.0894258 0.123725
-0.622265 -0.0856004 0.126587
-0.624083 -0.0811791 0.129045
-0.626676 -0.0764051 0.130972
-0.628855 -0.0716939 0.132227
-0.631592 -0.0675193 0.13264
-0.63694 -0.0641502 0.13214
-0.646111 -0.0614562 0.130779
-0.658629 -0.059012 0.128596
-0.672657 -0.0562961 0.125647
-0.68597 -0.0528652 0.122146
-0.697022 -0.0485682 0.118397
-0.705275 -0.0436306 0.114664
-0.710537 -0.0385456 0.111222
-0.712605 -0.0338234 0.108267
-0.711771 -0.0297159 0.105752
-0.708845 -0.0261386 0.103519
-0.70451 -0.0227689 0.10147
-0.69899 -0.019185 0.0996063
-0.69211 -0.0150441 0.0979927
-0.683635 -0.0103132 0.0966805
-0.673931 -0.00541294 0.095661
-0.664378 -0.00112323 0.0948949
-0.65694 0.00175392 0.0944013
-0.653195 0.00278197 0.09428
-0.65361 0.00206254 0.0945661
-0.657324 0.000118212 0.0951078
-0.662288 -0.00237216 0.0956295
-0.66572 -0.0048309 0.0959183
-0.665036 -0.00698273 0.0958964
-0.658872 -0.00895729 0.095577
-0.647229 -0.0111864 0.0950335
-0.630941 -0.0141176 0.094304
-0.611555 -0.0179633 0.0933219
-0.591079 -0.0226432 0.0920336
-0.570923 -0.0278549 0.0905162
-0.551594 -0.0331827 0.088858
-0.533678 -0.0382746 0.0870225
-0.518251 -0.0430345 0.0849871
-0.506092 -0.0476524 0.082866
-0.49726 -0.0524148 0.0808128
-0.491697 -0.057468 0.0789388
-0.489398 -0.0627182 0.0773075
-0.48967 -0.0678499 0.0759525
-0.490616 -0.0723157 0.0751253
-0.489715 -0.0754726 0.0747125
-0.485208 -0.0770489 0.0740776
-0.476761 -0.0773033 0.0730111
-0.464858 -0.0766623 0.0717129
-0.450183 -0.0755441 0.0704205
-0.433705 -0.0743089 0.0694663
-0.416732 -0.0730489 0.068921
-0.400645 -0.0715341 0.0684112
-0.386824 -0.0694258 0.067617
-0.376384 -0.0665619 0.0664452
-0.370004 -0.0630989 0.0649581
-0.368217 -0.0594837 0.0632739
-0.371469 -0.0562967 0.0614753
-0.379941 -0.0539628 0.0596402
-0.393532 -0.0525382 0.0579112
-0.411636 -0.0517502 0.0564425
-0.432959 -0.0511461 0.055333
-0.455794 -0.050275 0.0546699
-0.478236 -0.0487864 0.054815
-0.497909 -0.0465935 0.0555587
-0.512099 -0.044135 0.0564048
-0.519058 -0.0419515 0.0573322
-0.51882 -0.0401775 0.0583794
-0.512528 -0.0387609 0.0598579
-0.501471 -0.0375784 0.0620699
-0.486723 -0.0363586 0.0647583
-0.469537 -0.034683 0.0675392
-0.451798 -0.0323463 0.0701264
-0.435984 -0.0297845 0.0722231
-0.424942 -0.0277487 0.0737425
-0.421327 -0.0268403 0.0748161
-0.426899 -0.0273763 0.0756751
-0.44205 -0.0293573 0.0763772
-0.465278 -0.0324182 0.0768539
-0.493276 -0.0358175 0.077073
-0.522147 -0.0387578 0.0771006
-0.548684 -0.040799 0.0770533
-0.570725 -0.0418787 0.0770342
-0.587047 -0.0421025 0.0772915
-0.59717 -0.0415781 0.0779073
-0.600763 -0.0404038 0.0785589
-0.597285 -0.0386523 0.0790949
-0.586542 -0.036219 0.0798204
-0.56951 -0.0329478 0.0808605
-0.548806 -0.0289815 0.0819954
-0.528558 -0.0247208 0.0830663
-0.513312 -0.0206133 0.0840268
-0.506421 -0.0171411 0.0848705
-0.508942 -0.0147576 0.0855666
-0.519768 -0.0137204 0.0861129
-0.53705 -0.0139483 0.0864364
-0.559283 -0.0151302 0.0864446
-0.584779 -0.0169409 0.086209
-0.610842 -0.019078 0.0859643
-0.634113 -0.0212698 0.0858635
-0.651641 -0.0233675 0.0858674
-0.661516 -0.0253818 0.0859278
-0.663094 -0.0273842 0.0860132
-0.656927 -0.0293706 0.0861282
-0.644077 -0.0312808 0.0864485
-0.625479 -0.0331535 0.0871771
-0.602126 -0.0351063 0.08827
-0.575819 -0.0372267 0.0894531
-0.549429 -0.0396357 0.0904568
-0.52602 -0.0425391 0.0911895
-0.50756 -0.0460828 0.0916808
-0.494469 -0.0502122 0.0919042
-0.485959 -0.0547342 0.0917073
-0.48072 -0.0594578 0.0908798
-0.477873 -0.0641994 0.0893249
-0.477679 -0.0687531 0.0872042
-0.481009 -0.0729399 0.0848841
-0.487654 -0.0766319 0.0827365
-0.495311 -0.0796518 0.0810593
-0.500406 -0.0816528 0.0799771
-0.499678 -0.0823587 0.0788284
-0.491509 -0.0818733 0.0770126
-0.476523 -0.0803887 0.0746496
-0.456955 -0.0779478 0.0719902
-0.435414 -0.0746692 0.0693548
-0.413832 -0.0707051 0.0671387
-0.393306 -0.0660629 0.0652039
-0.375016 -0.0607636 0.0630973
-0.360752 -0.0550539 0.0607515
-0.352398 -0.0493591 0.0582567
-0.351696 -0.0440916 0.0557962
-0.360212 -0.039536 0.0535137
-0.378414 -0.0358175 0.0514865
-0.404852 -0.0328027 0.0498115
-0.436388 -0.0301472 0.0486182
-0.468806 -0.0275685 0.0480691
-0.497661 -0.0250482 0.0483819
-0.51983 -0.0227 0.0492286
-0.534754 -0.0204784 0.0502695
-0.543459 -0.0183672 0.0516004
-0.546849 -0.0164921 0.053341
-0.545593 -0.0147577 0.0555586
-0.540371 -0.0128924 0.058206
-0.531806 -0.0109212 0.0614578
-0.521007 -0.00938424 0.0653242
-0.510209 -0.00887893 0.0695272
-0.502222 -0.00969079 0.0739047
-0.49932 -0.0120005 0.0783754
-0.502967 -0.0158165 0.0827595
-0.513696 -0.0207469 0.0867413
-0.530659 -0.0261776 0.0901162
-0.551576 -0.031661 0.092909
-0.573461 -0.0370681 0.0952371
-0.593719 -0.0423766 0.0971703
-0.610795 -0.047528 0.0987972
-0.623999 -0.0524649 0.100268
-0.632879 -0.0570829 0.101698
-0.637039 -0.061123 0.10311
-0.636525 -0.0641946 0.104457
-0.631856 -0.0659692 0.105685
-0.623659 -0.0663469 0.106746
-0.61288 -0.0654722 0.107614
-0.601378 -0.0636918 0.108321
-0.591578 -0.0614919 0.108908
-0.585155 -0.0593608 0.1094
-0.582608 -0.0575921 0.109757
-0.584094 -0.0561795 0.109844
-0.589617 -0.0549351 0.109539
-0.598385 -0.0536464 0.108826
-0.608957 -0.0521509 0.107749
-0.620127 -0.0504001 0.10631
-0.63118 -0.0485073 0.104557
-0.641362 -0.0466987 0.102646
-0.649466 -0.0451658 0.100771
-0.653917 -0.0439612 0.0990432
-0.653359 -0.0430229 0.0974539
-0.647133 -0.0422483 0.0959384
-0.635082 -0.0415351 0.0944183
-0.617347 -0.0408052 0.0928125
-0.594636 -0.0400537 0.0910632
-0.568308 -0.0393993 0.0891211
-0.540101 -0.0390479 0.0868915
-0.511867 -0.0392036 0.0842848
-0.485206 -0.040006 0.0813317
-0.461168 -0.0414984 0.0781253
-0.440602 -0.0436239 0.074689
-0.424559 -0.0462343 0.0710304
-0.413963 -0.0491221 0.0672491
-0.4084 -0.0520623 0.0635329
-0.405881 -0.0548203 0.0600295
