-7.8414e-07 2.35688e-09 -0.0406294
-0.00019555 7.41523e-07 -0.0406336
-0.000910674 5.82612e-06 -0.040642
-0.00206033 1.9876e-05 -0.0406238
-0.00321624 4.13851e-05 -0.0405645
-0.00440753 6.36212e-05 -0.0405333
-0.00637875 8.4966e-05 -0.0405745
-0.00965171 0.0001141 -0.0406095
-0.0136348 0.000162949 -0.0405465
-0.016949 0.00023342 -0.0403968
-0.0183353 0.000306295 -0.0402921
-0.0175366 0.000343364 -0.0403828
-0.0158041 0.00032361 -0.0406711
-0.0149112 0.000285713 -0.0409299
-0.0155431 0.000310216 -0.0408545
-0.0175445 0.000445879 -0.040473
-0.0208147 0.000658046 -0.0401564
-0.0244889 0.000844928 -0.040056
-0.0266313 0.00090441 -0.0400276
-0.0262413 0.000817302 -0.0400288
-0.0240193 0.000669255 -0.040079
-0.0201557 0.000549683 -0.0401472
-0.0138802 0.000442692 -0.0403321
-0.00627073 0.000271191 -0.0407614
-0.000278826 2.84605e-05 -0.0412204
0.00227367 -0.000188104 -0.0412935
0.00155029 -0.000256854 -0.0409854
-0.00130667 -0.000133885 -0.040622
-0.00404638 7.45284e-05 -0.0403041
-0.00276723 0.000153692 -0.0401377
0.00525078 -3.71936e-05 -0.0403469
0.0177288 -0.000416648 -0.0408613
0.0290953 -0.000751987 -0.0413929
0.0356875 -0.000869617 -0.0416634
0.036052 -0.000766041 -0.0415682
0.0290889 -0.000552013 -0.0412082
0.0174813 -0.000347492 -0.0406093
0.00868367 -0.000237518 -0.0399795
0.00836434 -0.00026193 -0.0398869
0.0151375 -0.000411502 -0.040489
0.0223263 -0.000643995 -0.0413824
0.024685 -0.000861901 -0.0420888
0.0228828 -0.000910372 -0.0419767
0.0192068 -0.000692111 -0.0410632
0.0118848 -0.000284625 -0.0405291
-0.000807802 0.000117392 -0.0408098
-0.015185 0.000373981 -0.0408889
-0.0266132 0.000509859 -0.0401944
-0.0334062 0.000679769 -0.0393009
-0.0335331 0.00093594 -0.0389721
-0.0264701 0.00105976 -0.0396771
-0.018069 0.000830322 -0.0412426
-0.0158383 0.000405034 -0.042261
-0.0221722 0.000226606 -0.0414776
-0.0352058 0.000590478 -0.0398975
-0.0512002 0.00135582 -0.0391566
-0.0633613 0.00199606 -0.0391855
-0.0636207 0.00198085 -0.0394487
-0.0495831 0.0012995 -0.0398682
-0.027736 0.000524887 -0.040342
-0.00919155 0.000194662 -0.0408874
-0.00226946 0.000336802 -0.0416598
-0.008465 0.000624885 -0.0419904
-0.02359 0.000797594 -0.0408436
-0.0385505 0.000857199 -0.0388455
-0.0436066 0.000905504 -0.0378567
-0.036655 0.000892054 -0.0388432
-0.0218853 0.000583249 -0.0408584
-0.0029053 -0.000126344 -0.0421239
0.0150748 -0.000930037 -0.0421845
0.0219157 -0.0012663 -0.0419031
0.0107615 -0.000833883 -0.0417005
-0.0138219 7.82779e-05 -0.0414044
-0.0410663 0.000885827 -0.040585
-0.0619894 0.00127073 -0.0389006
-0.0705632 0.00130752 -0.0374249
-0.0629108 0.00121865 -0.0377644
-0.0410854 0.00110437 -0.0398976
-0.0155539 0.000863868 -0.0421873
0.00186996 0.000503205 -0.0426184
0.00274174 0.000251329 -0.0419974
-0.015033 0.000496007 -0.0409479
-0.0436025 0.00148318 -0.0392433
-0.0710956 0.00271845 -0.037661
-0.0904945 0.00335835 -0.0369604
-0.100755 0.00301041 -0.0372599
-0.0982858 0.00201398 -0.037732
-0.0806793 0.00106447 -0.0382358
-0.0574645 0.000570003 -0.0397951
-0.0405073 0.000484329 -0.0418061
-0.0331437 0.000288244 -0.0426275
-0.0330832 -0.000199321 -0.0426236
-0.0415412 -0.000387256 -0.0418833
-0.0618287 0.000291308 -0.0402016
-0.0866793 0.00171491 -0.0383247
-0.101624 0.00308418 -0.0371765
-0.0989319 0.00358231 -0.036954
-0.0793633 0.00302724 -0.0372196
-0.0449606 0.00199384 -0.0378845
-0.00146759 0.00124037 -0.0396031
0.0336786 0.000954278 -0.04168
0.0488938 0.00083886 -0.0430829
0.0531146 0.000548093 -0.0420282
0.0561051 -2.06531e-05 -0.0406007
0.0561408 -0.000618547 -0.040062
0.0482855 -0.00104385 -0.0405112
0.038196 -0.00143569 -0.0419494
0.0405209 -0.00200897 -0.0422289
0.0564723 -0.00284712 -0.0420246
0.0733558 -0.00382122 -0.0426112
0.0833262 -0.00475824 -0.0448175
0.0896628 -0.00564738 -0.0477572
0.0958728 -0.00609537 -0.0486103
0.0911362 -0.00581682 -0.0473929
0.0652654 -0.0046596 -0.0453838
0.0280793 -0.002733 -0.0428675
-0.00474849 -0.000725745 -0.040989
-0.0331795 0.000827655 -0.0397201
-0.0691345 0.00194943 -0.0388144
-0.111466 0.00300257 -0.0371991
-0.143548 0.00412813 -0.0344888
-0.155815 0.0051701 -0.0316882
-0.15003 0.00578315 -0.0298452
-0.131395 0.00560693 -0.030913
-0.10972 0.00464006 -0.0329058
-0.101559 0.00377151 -0.0342491
-0.120275 0.00402911 -0.035574
-0.160758 0.00553729 -0.0332137
-0.205623 0.00730488 -0.0266985
-0.243719 0.0082164 -0.0206625
-0.27053 0.00783416 -0.0171059
-0.278409 0.00629817 -0.0181851
-0.259245 0.00447182 -0.0231712
-0.217271 0.00344787 -0.0279131
-0.16668 0.00340194 -0.0313427
-0.120213 0.00329162 -0.0326918
-0.0856215 0.00229654 -0.0330242
-0.0622162 0.000739389 -0.0360073
-0.046456 -0.000820339 -0.039072
-0.0371416 -0.00172495 -0.0390429
-0.0308933 -0.00117903 -0.0394989
-0.0244029 0.000488173 -0.0397224
-0.0129775 0.00195262 -0.0382101
0.00996421 0.00228102 -0.0384432
0.0431033 0.00116489 -0.0409124
0.0820374 -0.000824104 -0.0438697
0.120099 -0.0025957 -0.045751
0.14631 -0.00329464 -0.0479759
0.159977 -0.00281417 -0.0503241
0.162667 -0.00217318 -0.0509145
0.152727 -0.00245256 -0.0508975
0.137617 -0.00371769 -0.0502384
0.123093 -0.00538241 -0.049236
0.109012 -0.00660126 -0.048354
0.0943796 -0.00665105 -0.0477861
0.0769313 -0.00582571 -0.0479576
0.0617478 -0.00493531 -0.048011
0.050076 -0.00450027 -0.0466344
0.0337258 -0.00423744 -0.0451999
0.010578 -0.00379693 -0.0431379
-0.0206265 -0.00291093 -0.040826
-0.0619607 -0.00126184 -0.0386245
-0.10915 0.00110578 -0.035361
-0.154566 0.00358141 -0.0304314
-0.187725 0.00564634 -0.0251162
-0.201291 0.00717987 -0.0218803
-0.19124 0.00788828 -0.0216481
-0.152833 0.00779745 -0.0242283
-0.0870783 0.00717266 -0.0285841
0.00257941 0.0064522 -0.0340292
0.11179 0.00582068 -0.0405888
0.236155 0.00497601 -0.0457133
0.376689 0.00370074 -0.0482433
0.53186 0.0014866 -0.0488366
0.700309 -0.00198451 -0.0457721
0.887111 -0.0065094 -0.0379138
1.09684 -0.011986 -0.0235273
1.33436 -0.0186057 0.00162423
1.60173 -0.0275898 0.0360532
1.89721 -0.0398126 0.0738596
2.22304 -0.0550765 0.112724
2.58061 -0.0725117 0.150292
2.96607 -0.0909143 0.181139
3.3752 -0.108529 0.202833
3.80199 -0.123714 0.216297
4.23749 -0.13578 0.222039
4.66538 -0.144332 0.220917
5.05531 -0.149542 0.211663
5.3714 -0.152135 0.193644
5.58326 -0.153001 0.170697
5.6715 -0.153024 0.146258
5.63244 -0.152822 0.12201
5.4776 -0.152195 0.10156
5.23087 -0.150373 0.0877171
4.92313 -0.146719 0.0814477
4.58326 -0.141095 0.0785753
4.22989 -0.133636 0.0712425
3.88155 -0.124093 0.0519904
3.58902 -0.111788 0.0196392
3.42458 -0.0973965 -0.0155555
3.42801 -0.0838521 -0.0415539
3.58769 -0.0744228 -0.0722973
3.85458 -0.0719723 -0.122987
4.1599 -0.0802752 -0.182909
4.43982 -0.100536 -0.234398
4.64328 -0.12769 -0.276799
4.72327 -0.153819 -0.309965
4.65352 -0.174769 -0.334816
4.41431 -0.184521 -0.353582
3.97773 -0.174657 -0.366707
3.33326 -0.146415 -0.370724
2.49732 -0.109654 -0.359802
1.51841 -0.0738436 -0.312821
0.458551 -0.0483869 -0.220839
-0.608208 -0.0378204 -0.090249
-1.61432 -0.0360043 0.0494337
-2.56835 -0.0367803 0.172327
-3.50091 -0.0383473 0.280969
-4.33076 -0.0410073 0.379762
-4.9756 -0.0416702 0.458989
-5.45748 -0.036893 0.518441
-5.77506 -0.0225775 0.573965
-5.93678 -0.00501328 0.624501
-6.00439 0.00498204 0.670901
-6.04231 0.00710523 0.720095
-6.09978 0.00560579 0.774445
-6.20235 0.00608936 0.82512
-6.36909 0.0112485 0.881409
-6.59686 0.027738 0.946919
-6.88009 0.058216 1.01877
-7.20661 0.0984486 1.0995
-7.54327 0.136364 1.18492
-7.87121 0.162571 1.27288
-8.20252 0.173874 1.3668
-8.55454 0.166848 1.46467
-8.92272 0.143556 1.5535
-9.29017 0.112232 1.61731
-9.65416 0.0833023 1.65633
-10.0301 0.0619007 1.67544
-10.4261 0.0472949 1.67743
-10.8337 0.0360585 1.67137
-11.2289 0.0272161 1.66718
-11.5802 0.0192964 1.66666
-11.8666 0.0113018 1.67031
-12.0799 0.00572454 1.67604
-12.2156 0.00678857 1.68037
-12.2787 0.0149864 1.68275
-12.2747 0.0269456 1.68308
-12.2019 0.0374366 1.67974
-12.0538 0.0408528 1.66887
-11.8201 0.0334894 1.64547
-11.4996 0.0135577 1.60932
-11.1049 -0.0171603 1.56199
-10.6575 -0.05296 1.5052
-10.1846 -0.0858489 1.44622
-9.7112 -0.108669 1.38949
-9.25858 -0.117446 1.33287
-8.84804 -0.112927 1.27835
-8.48886 -0.0995514 1.22742
-8.17232 -0.0839393 1.17934
-7.88641 -0.0724142 1.1335
-7.62209 -0.0682254 1.08647
-7.36587 -0.0714106 1.03582
-7.10241 -0.0804278 0.983526
-6.82249 -0.0942972 0.92957
-6.52164 -0.111634 0.875585
-6.19578 -0.129559 0.827096
-5.83741 -0.144187 0.789848
-5.43997 -0.150686 0.767207
-5.00361 -0.145778 0.752313
-4.53335 -0.130049 0.737789
-4.03961 -0.107186 0.72377
-3.53831 -0.0838996 0.710669
-3.04185 -0.0692121 0.693928
-2.55171 -0.0691049 0.669362
-2.06167 -0.0828422 0.638193
-1.56282 -0.10436 0.604343
-1.04638 -0.126021 0.569221
-0.510488 -0.141223 0.53392
0.0302455 -0.147959 0.503685
0.548886 -0.152839 0.47735
1.02235 -0.166389 0.450076
1.44173 -0.192689 0.421551
1.81171 -0.227658 0.395366
2.14461 -0.263931 0.377235
2.45309 -0.293821 0.368726
2.74207 -0.311831 0.36665
3.00755 -0.315349 0.369306
3.23987 -0.306296 0.378304
3.4271 -0.291823 0.391643
3.55968 -0.280192 0.401408
3.63431 -0.275987 0.40072
3.65454 -0.278685 0.390888
3.63032 -0.284265 0.378776
3.57726 -0.287558 0.369824
3.51336 -0.285266 0.366036
3.45349 -0.277816 0.367325
3.40395 -0.2695 0.372464
3.3645 -0.266657 0.378624
3.33578 -0.273886 0.382456
3.32071 -0.291523 0.380639
3.32229 -0.316079 0.371167
3.34459 -0.342082 0.354316
3.39061 -0.365165 0.330944
3.45741 -0.384705 0.303342
3.53753 -0.403975 0.274908
3.62192 -0.427956 0.247885
3.69867 -0.459528 0.223087
3.75417 -0.497189 0.199191
3.77663 -0.536336 0.174763
3.7534 -0.571685 0.151111
3.66765 -0.598828 0.129612
3.50431 -0.615088 0.108135
3.25788 -0.619848 0.086687
2.93399 -0.614764 0.0684514
2.55007 -0.602988 0.0550255
2.13338 -0.587857 0.045917
1.70983 -0.571748 0.0388312
1.29676 -0.555413 0.0321502
0.909201 -0.538174 0.0260763
0.562811 -0.51904 0.0217768
0.268337 -0.498535 0.0191346
0.0299827 -0.479411 0.0137444
-0.152724 -0.466725 0.00262675
-0.285731 -0.465977 -0.0108526
-0.387294 -0.480018 -0.0213813
-0.484597 -0.506985 -0.0250425
-0.599546 -0.536049 -0.0141654
-0.741778 -0.551973 0.0115129
-0.915143 -0.544359 0.043406
-1.12904 -0.508649 0.0800395
-1.38728 -0.448056 0.121872
-1.67888 -0.371287 0.16601
-1.98426 -0.29024 0.211985
-2.27813 -0.222387 0.258961
-2.53811 -0.180667 0.303539
-2.75548 -0.163596 0.343816
-2.94228 -0.161509 0.375953
-3.12719 -0.162769 0.39941
-3.33916 -0.154318 0.417842
-3.59049 -0.126455 0.431483
-3.8719 -0.0813115 0.443651
-4.15605 -0.0314421 0.466464
-4.40808 0.00915502 0.499731
-4.60416 0.0328163 0.533052
-4.73942 0.0414226 0.561762
-4.82429 0.0418361 0.58387
-4.87834 0.0440416 0.599066
-4.92133 0.0594377 0.606711
-4.9655 0.0897423 0.60684
-5.01303 0.123573 0.605059
-5.0593 0.147112 0.608387
-5.10141 0.151372 0.61582
-5.13992 0.134941 0.62574
-5.1761 0.104206 0.63945
-5.21569 0.0712307 0.65527
-5.26718 0.0491474 0.668047
-5.33488 0.042719 0.67359
-5.41564 0.0463485 0.673592
-5.49801 0.0511165 0.672776
-5.56928 0.0492367 0.67377
-5.62229 0.0379278 0.677364
-5.65553 0.0213183 0.684728
-5.67415 0.00745889 0.694924
-5.69073 0.00362254 0.705423
-5.71841 0.0106395 0.714086
-5.75884 0.0221505 0.718788
-5.80261 0.0295064 0.719606
-5.83905 0.0258295 0.717996
-5.85878 0.00888589 0.714948
-5.85443 -0.0167487 0.711937
-5.82566 -0.0419582 0.710172
-5.78109 -0.0584844 0.709269
-5.73193 -0.0630297 0.707851
-5.68364 -0.0582043 0.704633
-5.63266 -0.0502908 0.698657
-5.56792 -0.045701 0.689529
-5.47642 -0.047717 0.677371
-5.35107 -0.0547842 0.662509
-5.19404 -0.0622884 0.644661
-5.01167 -0.0662345 0.623359
-4.80794 -0.0655274 0.599068
-4.5826 -0.0624968 0.572011
-4.33204 -0.0617106 0.540919
-4.05149 -0.0674772 0.504371
-3.74212 -0.0815625 0.462275
-3.42071 -0.102419 0.415213
-3.1191 -0.126038 0.364423
-2.87068 -0.146724 0.313674
-2.69168 -0.160112 0.272482
-2.57045 -0.165763 0.247754
-2.48502 -0.164835 0.240525
-2.41681 -0.161249 0.244686
-2.34228 -0.159766 0.250838
-2.23175 -0.160537 0.253546
-2.05688 -0.160623 0.24966
-1.80597 -0.160197 0.237796
-1.48208 -0.16442 0.216722
-1.08997 -0.177794 0.187102
-0.637349 -0.201776 0.151831
-0.137131 -0.23719 0.114793
0.395311 -0.285792 0.0777836
0.944245 -0.344149 0.0473884
1.49191 -0.400978 0.0278182
2.02394 -0.449525 0.0168203
2.52433 -0.487485 0.0136803
2.97006 -0.510604 0.0205531
3.34835 -0.516683 0.0339488
3.66097 -0.507724 0.0437342
3.91268 -0.49013 0.0487077
4.10617 -0.470391 0.0544176
4.24542 -0.451404 0.0649327
4.33554 -0.435117 0.0798623
4.38214 -0.424749 0.0978462
4.39614 -0.422332 0.120964
4.39175 -0.42714 0.149916
4.37999 -0.436276 0.179802
4.36685 -0.446052 0.205979
4.3556 -0.45224 0.228044
4.34566 -0.450709 0.24526
4.33279 -0.439571 0.254492
4.31453 -0.420554 0.254429
4.29405 -0.397704 0.250402
4.27746 -0.375841 0.235422
4.27048 -0.359847 0.212928
4.28134 -0.353297 0.191022
4.31638 -0.357663 0.168942
4.37117 -0.372229 0.153423
4.43953 -0.395044 0.138409
4.51875 -0.424293 0.117834
4.59853 -0.458381 0.0931288
4.66173 -0.494767 0.0638796
4.69209 -0.530383 0.0295953
4.67498 -0.562262 -0.00861011
4.59768 -0.587867 -0.0497439
4.45063 -0.603323 -0.0891318
4.22635 -0.60449 -0.120098
3.92474 -0.591715 -0.141665
3.55585 -0.568361 -0.155017
3.13068 -0.538563 -0.161505
2.65843 -0.507018 -0.16223
2.15035 -0.478862 -0.158876
1.62108 -0.458695 -0.152953
1.0839 -0.446838 -0.145288
0.552535 -0.438908 -0.13196
0.049143 -0.428541 -0.1096
-0.40249 -0.412571 -0.085685
-0.788977 -0.394529 -0.0623952
-1.10804 -0.380379 -0.0381413
-1.36316 -0.372906 -0.0105691
-1.5636 -0.369387 0.0265851
-1.73267 -0.361739 0.0766234
-1.89657 -0.343182 0.129103
-2.06074 -0.312438 0.17966
-2.22324 -0.270703 0.229758
-2.39327 -0.220052 0.274266
-2.5867 -0.164671 0.309243
-2.81027 -0.11086 0.339657
-3.05705 -0.0623064 0.376328
-3.32429 -0.0184455 0.420861
-3.61554 0.0214643 0.47062
-3.92665 0.0566326 0.523821
-4.24582 0.0858813 0.578736
-4.56839 0.107532 0.631541
-4.89809 0.119755 0.679188
-5.23079 0.121126 0.716859
-5.55005 0.11293 0.744208
-5.84266 0.0993769 0.765151
-6.10281 0.085066 0.779147
-6.32549 0.0743951 0.787889
-6.49956 0.0697763 0.79705
-6.61309 0.0716031 0.806106
-6.66871 0.0784569 0.81293
-6.66358 0.0875793 0.818851
-6.58901 0.0962501 0.820935
-6.45591 0.102156 0.814817
-6.28099 0.10355 0.800452
-6.0785 0.0979153 0.777845
-5.86381 0.0838834 0.74861
-5.65222 0.0619113 0.716124
-5.45812 0.0335589 0.683681
-5.28975 0.00206497 0.654045
-5.14907 -0.0294584 0.628065
-5.03402 -0.0586843 0.60636
-4.94261 -0.0847736 0.588303
-4.87068 -0.108275 0.570489
-4.81068 -0.13051 0.549367
-4.75674 -0.15243 0.525791
-4.69989 -0.174095 0.500526
-4.62494 -0.194189 0.473318
-4.52014 -0.21043 0.446034
-4.37691 -0.221213 0.419901
-4.18519 -0.226458 0.39431
-3.94348 -0.228565 0.367628
-3.6615 -0.230001 0.338236
-3.35069 -0.231716 0.305501
-3.01854 -0.233915 0.269423
-2.67019 -0.236906 0.231277
-2.31233 -0.241667 0.19484
-1.95338 -0.24691 0.165887
-1.60341 -0.24794 0.146543
-1.27327 -0.241114 0.135128
-0.970217 -0.226522 0.132021
-0.695589 -0.205935 0.13537
-0.447573 -0.18126 0.141802
-0.223866 -0.155254 0.150234
-0.0204937 -0.130515 0.160093
0.171314 -0.108035 0.171158
0.362864 -0.0881192 0.18343
0.55909 -0.0709709 0.197201
0.756914 -0.056701 0.211994
0.951856 -0.0454868 0.225686
1.14005 -0.0370423 0.235882
1.31553 -0.0314972 0.241711
1.47191 -0.0295742 0.243157
1.60829 -0.031247 0.239986
1.73147 -0.0356139 0.232557
1.85205 -0.0417065 0.223059
1.97958 -0.0489557 0.214716
2.11951 -0.0568758 0.208936
2.27128 -0.0650263 0.204831
2.42753 -0.0731856 0.201203
2.57541 -0.0814638 0.196702
2.70149 -0.0900038 0.189682
2.79647 -0.0988025 0.179293
2.85661 -0.107933 0.166557
2.88165 -0.117499 0.153684
2.87145 -0.12702 0.143054
2.82458 -0.135061 0.13582
2.74007 -0.139982 0.131454
2.61914 -0.140932 0.128767
2.46446 -0.138067 0.126167
2.28016 -0.132295 0.12233
2.0728 -0.125079 0.116648
1.85018 -0.117893 0.108984
1.62004 -0.111582 0.0995956
1.39091 -0.10625 0.089525
1.17232 -0.101893 0.0795495
0.972537 -0.0990726 0.069238
0.796342 -0.098943 0.0594757
0.644721 -0.102857 0.0505939
0.513682 -0.112175 0.0416701
0.391627 -0.127697 0.0311129
0.260505 -0.148639 0.0193343
0.104022 -0.173981 0.00869263
-0.0854919 -0.202442 0.000470758
-0.310391 -0.230838 -0.00286964
-0.570676 -0.254112 0.00174048
-0.861001 -0.267685 0.0141151
-1.1715 -0.271423 0.0343152
-1.49227 -0.269112 0.0631289
-1.81515 -0.264973 0.0961022
-2.13053 -0.262383 0.128195
-2.42311 -0.263505 0.157719
-2.67791 -0.268633 0.184312
-2.88784 -0.276117 0.207579
-3.05291 -0.282149 0.228543
-3.181 -0.282144 0.249331
-3.28781 -0.273472 0.27111
-3.38908 -0.256891 0.293619
-3.49328 -0.236014 0.316425
-3.60367 -0.214854 0.339451
-3.72098 -0.195956 0.362336
-3.84167 -0.180058 0.385161
-3.95789 -0.165734 0.40819
-4.06166 -0.150132 0.430978
-4.14999 -0.131301 0.452771
-4.22472 -0.109802 0.472836
-4.28863 -0.088088 0.490015
-4.34323 -0.0688777 0.502916
-4.38939 -0.053749 0.511505
-4.42846 -0.0423775 0.516919
-4.46054 -0.0324898 0.520218
-4.48368 -0.0209503 0.522434
-4.49628 -0.0058886 0.524302
-4.49772 0.0121196 0.525878
-4.48526 0.0305873 0.526473
-4.45366 0.0464382 0.524851
-4.39923 0.0574332 0.519706
-4.32177 0.0633953 0.510093
-4.22246 0.0661394 0.495783
-4.10269 0.0680991 0.477768
-3.9643 0.0707221 0.457789
-3.80856 0.0738751 0.436933
-3.63562 0.0762336 0.415374
-3.44728 0.0760778 0.392934
-3.2492 0.0723298 0.36936
-3.04806 0.0654108 0.344161
-2.84867 0.0570544 0.317092
-2.65433 0.0487829 0.288768
-2.46631 0.0412027 0.26035
-2.28396 0.0339523 0.232878
-2.10762 0.0253743 0.207319
-1.93923 0.0133842 0.184854
-1.77933 -0.00269909 0.166189
-1.62555 -0.0214116 0.151767
-1.47577 -0.0404265 0.141422
-1.33042 -0.0576459 0.133599
-1.19008 -0.0717108 0.126675
-1.0534 -0.0822894 0.119965
-0.918762 -0.0902681 0.113566
-0.785411 -0.097623 0.107622
-0.652086 -0.106266 0.10198
-0.517824 -0.116888 0.0965506
-0.384881 -0.129248 0.0913254
-0.258319 -0.142603 0.0862383
-0.142326 -0.155582 0.0812785
-0.0389798 -0.166699 0.076548
0.0501855 -0.175066 0.0724086
0.123158 -0.180804 0.0697338
0.178443 -0.184422 0.069265
0.216688 -0.186279 0.0708667
0.241073 -0.186866 0.0739231
0.256278 -0.186806 0.0777631
0.267313 -0.186386 0.0817953
0.278231 -0.185743 0.0853329
0.290731 -0.185221 0.0879584
0.303088 -0.18509 0.0898949
0.310625 -0.185251 0.0915362
0.308358 -0.185336 0.0930226
0.293336 -0.184858 0.0945653
0.265339 -0.183232 0.0966038
0.225998 -0.179941 0.099067
0.176769 -0.174864 0.101016
0.118834 -0.16838 0.101621
0.0551262 -0.161104 0.100653
-0.00992408 -0.153794 0.098189
-0.0723705 -0.147416 0.0946258
-0.129832 -0.142774 0.0900333
-0.181786 -0.140007 0.0847076
-0.230189 -0.138386 0.0795152
-0.280133 -0.136627 0.075096
-0.337337 -0.133176 0.0717847
-0.40499 -0.126615 0.069506
-0.484728 -0.116532 0.0685284
-0.578239 -0.103664 0.0695102
-0.686345 -0.0894044 0.0726953
-0.808916 -0.0752673 0.0780469
-0.944828 -0.062421 0.085443
-1.09011 -0.0512166 0.0950011
-1.23812 -0.0411021 0.106945
-1.38311 -0.0308698 0.120562
-1.52334 -0.0193164 0.134689
-1.65992 -0.00615016 0.148842
-1.79332 0.00761348 0.163211
-1.92209 0.0201972 0.177721
-2.04357 0.030182 0.192114
-2.15509 0.0372484 0.206233
-2.25531 0.0420225 0.220002
-2.34336 0.0456941 0.233465
-2.41766 0.0495312 0.24614
-2.47677 0.0539115 0.257331
-2.52095 0.0579795 0.266419
-2.55251 0.0603115 0.273031
-2.57462 0.0598959 0.277319
-2.59035 0.0565596 0.279923
-2.60296 0.0508911 0.281548
-2.61551 0.0439931 0.282548
-2.62985 0.0368502 0.282946
-2.64585 0.0296372 0.282652
-2.66165 0.0216708 0.281423
-2.67434 0.0120636 0.278872
-2.68093 0.000358408 0.274628
-2.67896 -0.0132328 0.268521
-2.6666 -0.0278243 0.26087
-2.64288 -0.0421578 0.252266
-2.60821 -0.0552124 0.243121
-2.56305 -0.0667274 0.233622
-2.50634 -0.0772477 0.223897
-2.43669 -0.0876263 0.21394
-2.35504 -0.0984173 0.203447
-2.26495 -0.109546 0.192227
-2.17103 -0.120307 0.180625
-2.07745 -0.129697 0.169265
-1.98672 -0.136888 0.158671
-1.89891 -0.141592 0.149208
-1.81275 -0.144213 0.141004
-1.72766 -0.145561 0.133845
-1.64476 -0.14634 0.127335
-1.56659 -0.146799 0.121169
-1.49653 -0.146676 0.115362
-1.43731 -0.145312 0.110345
-1.38873 -0.141929 0.107016
-1.34753 -0.136036 0.105994
-1.30983 -0.127878 0.106892
-1.27345 -0.118462 0.108991
-1.23771 -0.108938 0.111432
-1.20201 -0.100243 0.113237
-1.16566 -0.093015 0.113872
-1.128 -0.0872498 0.113314
-1.08826 -0.0822786 0.111798
-1.0457 -0.0771995 0.109847
-1.00044 -0.0713568 0.108051
-0.954014 -0.0645846 0.106629
-0.909292 -0.0571012 0.105638
-0.869518 -0.0493279 0.104833
-0.836709 -0.041837 0.103799
-0.810835 -0.0351567 0.102565
-0.790344 -0.0294548 0.101428
-0.77384 -0.0246251 0.100823
-0.761692 -0.0204102 0.101126
-0.756165 -0.0163333 0.102379
-0.760026 -0.0119545 0.104371
-0.774502 -0.00719647 0.106899
-0.798286 -0.00240674 0.109796
-0.828272 0.00185129 0.112904
-0.861316 0.00506219 0.116124
-0.895581 0.00690019 0.119256
-0.930079 0.00735621 0.121986
-0.963095 0.00679288 0.123969
-0.99182 0.00571373 0.125001
-1.01356 0.0044824 0.125023
-1.0269 0.00326752 0.124008
-1.03245 0.00200387 0.1221
-1.03356 0.000360334 0.119651
-1.036 -0.00210725 0.117005
-1.04585 -0.00573336 0.114605
-1.06753 -0.0106075 0.112979
-1.10326 -0.0164827 0.112745
-1.15368 -0.0227417 0.114243
-1.21827 -0.0286295 0.117307
-1.2951 -0.0335571 0.121646
-1.38042 -0.0373641 0.126628
-1.4691 -0.0405249 0.131629
-1.55561 -0.0439201 0.136366
-1.63462 -0.0483358 0.140759
-1.70167 -0.0540449 0.144727
-1.75438 -0.0607209 0.148064
-1.79268 -0.0676941 0.150676
-1.81819 -0.0742724 0.152584
-1.83357 -0.079879 0.153913
-1.84236 -0.0842819 0.154899
-1.8484 -0.0876795 0.15572
-1.85472 -0.090433 0.156591
-1.8631 -0.0928406 0.157762
-1.87501 -0.0949903 0.159397
-1.89199 -0.0967893 0.161522
-1.91477 -0.0980544 0.163946
-1.94275 -0.098586 0.166421
-1.97432 -0.098262 0.168693
-2.00685 -0.0971327 0.170568
-2.03664 -0.0953839 0.172054
-2.05968 -0.093164 0.1733
-2.07278 -0.0904974 0.174329
-2.0744 -0.0873143 0.174962
-2.06478 -0.0835453 0.174948
-2.04578 -0.0792279 0.17416
-2.02045 -0.0745095 0.172658
-1.99254 -0.0695524 0.170665
-1.9655 -0.0644792 0.168618
-1.94158 -0.0593366 0.167053
-1.92154 -0.0540496 0.166317
-1.90536 -0.0484763 0.166454
-1.89263 -0.0425494 0.167264
-1.88213 -0.0363601 0.168321
-1.87153 -0.0301254 0.169128
-1.85805 -0.0241081 0.169294
-1.83948 -0.0185221 0.168577
-1.81455 -0.0134314 0.166942
-1.78278 -0.00872406 0.164642
-1.74443 -0.0041902 0.162034
-1.70063 0.00032704 0.159294
-1.65373 0.00480931 0.156405
-1.60729 0.00906211 0.153332
-1.56507 0.0128058 0.150144
-1.5292 0.0158005 0.147061
-1.49901 0.017962 0.144383
-1.47197 0.0193872 0.142256
-1.44577 0.0202733 0.140666
-1.41976 0.0208047 0.139451
-1.39479 0.0210405 0.138508
-1.37196 0.0208439 0.137648
-1.35117 0.0199754 0.136486
-1.33053 0.0182472 0.134949
-1.30727 0.0155623 0.133174
-1.2796 0.0119594 0.131228
-1.24769 0.00764165 0.129082
-1.21339 0.00286257 0.126636
-1.17957 -0.00221545 0.123812
-1.14915 -0.00752773 0.12072
-1.12487 -0.0130931 0.117656
-1.10939 -0.0189986 0.114941
-1.10455 -0.0253053 0.112892
-1.11032 -0.0319506 0.111751
-1.1247 -0.0387362 0.111526
-1.14486 -0.0454132 0.111964
-1.16853 -0.0517977 0.11265
-1.1947 -0.057853 0.11316
-1.22256 -0.0636548 0.113237
-1.25001 -0.0693163 0.11288
-1.2738 -0.0749417 0.112278
-1.2912 -0.0806006 0.111657
-1.30144 -0.0862918 0.111141
-1.30612 -0.0919121 0.110711
-1.30865 -0.0972643 0.110294
-1.31295 -0.102109 0.109827
-1.32165 -0.106204 0.10934
-1.33537 -0.109345 0.109083
-1.35397 -0.111454 0.109443
-1.37816 -0.112596 0.110698
-1.40942 -0.112921 0.112874
-1.44857 -0.112571 0.115816
-1.49508 -0.111641 0.11934
-1.54709 -0.110156 0.123237
-1.60171 -0.10804 0.127373
-1.65501 -0.105134 0.131672
-1.70227 -0.101377 0.13598
-1.7391 -0.096994 0.140096
-1.76317 -0.0923635 0.14366
-1.77521 -0.0878192 0.146356
-1.77858 -0.0835376 0.148223
-1.77785 -0.0793677 0.149555
-1.77753 -0.0748392 0.15075
-1.7808 -0.0694379 0.152323
-1.78836 -0.0629062 0.154667
-1.7987 -0.0554162 0.157917
-1.81003 -0.0475198 0.161914
-1.82162 -0.0398748 0.165998
-1.83339 -0.032977 0.169269
-1.84507 -0.027029 0.171245
-1.85595 -0.0218465 0.172045
-1.86514 -0.0169173 0.172111
-1.87207 -0.0117118 0.17202
-1.87679 -0.00602459 0.172314
-1.87978 -8.95733e-05 0.173226
-1.88106 0.0055604 0.174553
-1.8797 0.0103344 0.175822
-1.87433 0.0138081 0.176504
-1.86406 0.015905 0.176184
-1.84903 0.0169589 0.174769
-1.83055 0.0175477 0.17259
-1.81029 0.0181824 0.170222
-1.78958 0.0190728 0.168187
-1.76969 0.0200578 0.16675
-1.7524 0.0207015 0.165884
-1.73971 0.0205106 0.165368
-1.73303 0.0191897 0.164952
-1.73243 0.0168021 0.164478
-1.73638 0.0137296 0.163914
-1.74203 0.0104934 0.163297
-1.74608 0.00752158 0.162702
-1.74577 0.00496864 0.16216
-1.73949 0.0026624 0.161515
-1.72663 0.000199696 0.16043
-1.70738 -0.00284792 0.158598
-1.68286 -0.00672529 0.15591
-1.65513 -0.0113759 0.152465
-1.62653 -0.0164724 0.148612
-1.59902 -0.0215768 0.144904
-1.57415 -0.0263368 0.141776
-1.55325 -0.0306204 0.139354
-1.53723 -0.0345468 0.137573
-1.52618 -0.0384112 0.136249
-1.5193 -0.0425364 0.13512
-1.51538 -0.0471156 0.133946
-1.51296 -0.0521299 0.13262
-1.50993 -0.0573498 0.131242
-1.50367 -0.0624021 0.129898
-1.49234 -0.0670112 0.128461
-1.47555 -0.071209 0.126771
-1.45374 -0.0752262 0.124681
-1.42778 -0.0793491 0.122127
-1.39887 -0.0838324 0.119241
-1.36837 -0.0886723 0.116176
-1.3377 -0.0935227 0.113068
-1.30861 -0.0978957 0.110181
-1.2832 -0.101367 0.107804
-1.26347 -0.103696 0.106074
-1.25086 -0.104906 0.105021
-1.24605 -0.105231 0.104587
-1.24914 -0.10497 0.104644
-1.25973 -0.104355 0.105115
-1.27689 -0.103431 0.106039
-1.29928 -0.102061 0.107476
-1.32527 -0.100007 0.109425
-1.35286 -0.0970353 0.11186
-1.3797 -0.0930446 0.114557
-1.4031 -0.0882442 0.117128
-1.42044 -0.0831335 0.119258
-1.43007 -0.0781894 0.120698
-1.43204 -0.073701 0.121456
-1.42762 -0.0696756 0.12182
-1.41846 -0.0657369 0.122105
-1.40646 -0.0613349 0.12258
-1.39393 -0.0560303 0.123413
-1.38404 -0.049714 0.124674
-1.38076 -0.0426608 0.126402
-1.38782 -0.0353355 0.128621
-1.40735 -0.0282136 0.131309
-1.43909 -0.0216383 0.134408
-1.48038 -0.0157041 0.137957
-1.52681 -0.0102784 0.142019
-1.57346 -0.00519661 0.146474
-1.61603 -0.000431801 0.151005
-1.65141 0.00385426 0.155154
-1.6775 0.00738897 0.158377
-1.69306 0.00995575 0.160292
-1.69768 0.0114797 0.16077
-1.6915 0.0120193 0.159978
-1.67523 0.0117765 0.158352
-1.65061 0.0110193 0.156332
-1.62094 0.00989195 0.154181
-1.59089 0.00836987 0.152052
-1.56554 0.0063708 0.150031
-1.54927 0.0038056 0.148177
-1.54446 0.000627478 0.146719
-1.55098 -0.00304588 0.14591
-1.56726 -0.00695035 0.145873
-1.59136 -0.0107837 0.146548
-1.62083 -0.0143433 0.14768
-1.65215 -0.0176171 0.148965
-1.68072 -0.0207743 0.150114
-1.70192 -0.0240596 0.150786
-1.71245 -0.0276501 0.150635
-1.71131 -0.0315594 0.149521
-1.69992 -0.0356221 0.147579
-1.68093 -0.039575 0.145155
-1.65687 -0.0431908 0.142644
-1.6296 -0.0463754 0.140375
-1.60069 -0.0491587 0.138496
-1.57247 -0.0516582 0.136949
-1.54803 -0.0539985 0.13561
-1.52978 -0.0562078 0.134439
-1.51823 -0.0581993 0.133458
-1.51216 -0.0598419 0.132668
-1.50966 -0.0610272 0.132075
-1.50939 -0.0617368 0.131691
-1.51137 -0.0620634 0.131498
-1.51661 -0.0621766 0.131474
-1.52508 -0.0622487 0.131616
-1.53422 -0.0623824 0.131949
-1.53962 -0.0625772 0.13243
-1.53687 -0.0627791 0.132744
-1.52335 -0.0630399 0.132433
-1.49893 -0.0635288 0.131182
-1.46569 -0.0643768 0.128847
-1.42689 -0.0656432 0.12559
-1.38557 -0.0672647 0.121888
-1.34432 -0.0689482 0.11824
-1.30581 -0.070337 0.115079
-1.27296 -0.0712421 0.112776
-1.24882 -0.071613 0.111435
-1.23605 -0.07147 0.11093
-1.2361 -0.0709072 0.111022
-1.24865 -0.0700259 0.111513
-1.27185 -0.0688765 0.112446
-1.30271 -0.067436 0.114003
-1.33723 -0.0656245 0.116224
-1.3711 -0.0634437 0.118955
-1.40063 -0.0610366 0.121758
-1.42354 -0.0585724 0.124109
-1.43919 -0.0561745 0.125659
-1.44833 -0.0539199 0.126249
-1.45217 -0.0517355 0.126111
-1.45185 -0.0493672 0.125814
-1.44906 -0.0465641 0.125917
-1.44658 -0.0432299 0.126765
-1.44774 -0.0394167 0.128479
-1.45568 -0.0352672 0.131064
-1.47265 -0.0309662 0.134312
-1.4993 -0.0266458 0.137965
-1.53454 -0.0223358 0.141851
-1.5761 -0.0180253 0.145847
-1.62115 -0.0137429 0.149949
-1.66638 -0.00961225 0.154186
-1.70858 -0.00585501 0.158434
-1.74555 -0.00274666 0.162367
-1.77596 -0.000513458 0.165659
-1.79873 0.000761284 0.168106
-1.81311 0.00115608 0.169605
-1.81898 0.000874952 0.170159
-1.81674 0.000141189 0.169887
-1.80733 -0.000923993 0.168975
-1.79249 -0.00235322 0.167622
-1.77483 -0.00429432 0.165995
-1.7574 -0.00691376 0.16419
-1.74264 -0.0103064 0.162276
-1.73178 -0.0144317 0.160359
-1.72508 -0.0190964 0.158581
-1.72235 -0.0240182 0.156977
-1.72284 -0.0289314 0.155503
-1.72506 -0.0336642 0.154158
-1.72737 -0.0381637 0.152872
-1.72869 -0.0424687 0.151478
-1.72842 -0.0466411 0.149854
-1.72581 -0.0507048 0.148038
-1.71968 -0.0546129 0.146136
-1.7089 -0.058261 0.144194
-1.69263 -0.0615297 0.142202
-1.67036 -0.0643274 0.140133
-1.64195 -0.0666149 0.137943
-1.60793 -0.0684035 0.135569
-1.56954 -0.069724 0.13296
-1.52862 -0.0705942 0.130127
-1.48766 -0.07101 0.127173
-1.44921 -0.0709506 0.124336
-1.4153 -0.0703933 0.121922
-1.3873 -0.0693331 0.120159
-1.36618 -0.0677916 0.119137
-1.35248 -0.0658116 0.118836
-1.34539 -0.0634638 0.119178
-1.34235 -0.0608694 0.120034
