9.70162e-07 -2.53213e-16 -0.0300445
-0.000181342 -4.12696e-06 -0.0300374
-0.000777691 -2.4749e-05 -0.0300054
-0.00155335 -6.49647e-05 -0.0299424
-0.00216035 -0.000108324 -0.0298608
-0.00287263 -0.000150691 -0.0297575
-0.0043072 -0.000209726 -0.0295965
-0.00655969 -0.00029504 -0.0293398
-0.00889157 -0.000398664 -0.0289978
-0.0102787 -0.000506751 -0.0286333
-0.0101526 -0.000594754 -0.028319
-0.00885248 -0.000611792 -0.0280998
-0.0076273 -0.000532351 -0.0279674
-0.00733539 -0.000431808 -0.0278868
-0.00761944 -0.000450188 -0.0278734
-0.0085886 -0.000701826 -0.0279706
-0.0111079 -0.00118567 -0.0281525
-0.0144428 -0.00168568 -0.0283341
-0.0165403 -0.00187899 -0.0284523
-0.0165833 -0.001674 -0.0284881
-0.0149206 -0.00130606 -0.0284558
-0.0114558 -0.00101005 -0.0284263
-0.00634485 -0.00075112 -0.0285124
-0.001422 -0.000378742 -0.0287275
0.00166997 0.000113092 -0.0289676
0.00284948 0.000558176 -0.0292039
0.00186957 0.000685003 -0.0295144
-0.00108358 0.000322576 -0.0299265
-0.00369592 -0.000274022 -0.0303719
-0.00299229 -0.00052665 -0.0307997
0.00218722 -8.0217e-05 -0.0312451
0.0100516 0.000841312 -0.0317133
0.017226 0.0016445 -0.0321505
0.021407 0.00190976 -0.0325695
0.0209264 0.00163263 -0.0329483
0.0150046 0.00104735 -0.0330982
0.00698976 0.000470829 -0.0329142
0.00204883 0.000193389 -0.0325764
0.00252685 0.000297108 -0.0323067
0.00743605 0.000690546 -0.0321129
0.0124502 0.00124778 -0.0318036
0.0141146 0.0017712 -0.0312711
0.0145683 0.00201897 -0.0307185
0.0147833 0.00176129 -0.0304076
0.0100244 0.000882536 -0.0303114
-0.00116189 -0.00029192 -0.0301747
-0.0129058 -0.00108881 -0.0298015
-0.019984 -0.00127715 -0.0292043
-0.0218242 -0.00136423 -0.0285358
-0.018684 -0.00172254 -0.0280002
-0.0125177 -0.00192955 -0.0277014
-0.00850666 -0.00146512 -0.0274223
-0.00834833 -0.000536831 -0.0268802
-0.0102765 4.2432e-05 -0.0262152
-0.016417 -0.000594529 -0.0258147
-0.027962 -0.00248098 -0.0257689
-0.037853 -0.00425658 -0.0258963
-0.0382917 -0.00428712 -0.0259332
-0.0283662 -0.00248019 -0.0259794
-0.0125823 -0.000399412 -0.0263242
0.000376593 0.00042616 -0.0270672
0.00247527 -0.000184749 -0.0280256
-0.00593398 -0.00126988 -0.0287629
-0.0174949 -0.00183987 -0.0289842
-0.0253239 -0.0018285 -0.0288562
-0.0272892 -0.00183811 -0.0288779
-0.0246834 -0.00200807 -0.0291416
-0.0170277 -0.00158953 -0.0292639
-0.00275865 9.28336e-05 -0.0290581
0.0127624 0.00234255 -0.028773
0.018923 0.00339667 -0.0286262
0.0102998 0.00225722 -0.0286431
-0.00961747 -0.000260901 -0.0286584
-0.0307005 -0.00238342 -0.0284258
-0.0432015 -0.00309454 -0.0279915
-0.0436063 -0.00280123 -0.0274443
-0.0350005 -0.00235711 -0.0267603
-0.0215906 -0.00199712 -0.026385
-0.00516521 -0.00132647 -0.0263644
0.00864014 -0.000177712 -0.0265679
0.0103361 0.000656062 -0.0266089
-0.00373807 -1.27085e-05 -0.0266866
-0.0249073 -0.00255834 -0.027378
-0.044442 -0.00579244 -0.0283346
-0.061025 -0.00760622 -0.028989
-0.070018 -0.00682822 -0.028843
-0.0652586 -0.00422559 -0.027437
-0.0483293 -0.00169161 -0.0256549
-0.0300715 -0.000566796 -0.0243963
-0.0180893 -0.000606417 -0.0232788
-0.0105021 -0.000370248 -0.0225815
-0.00927502 0.000823235 -0.0220629
-0.0171429 0.00166312 -0.0219387
-0.0311548 0.00038622 -0.0228465
-0.0482517 -0.00302249 -0.0243371
-0.0606983 -0.00649249 -0.0261224
-0.0618247 -0.00777925 -0.0276213
-0.0491721 -0.00639908 -0.0282141
-0.0230186 -0.00370223 -0.028739
0.00474087 -0.00159708 -0.0297732
0.0239932 -0.000896462 -0.0316202
0.0334085 -0.000860471 -0.0327395
0.035717 -0.000435003 -0.0339218
0.036747 0.000586546 -0.0353026
0.0322279 0.00141146 -0.0366992
0.0192319 0.00136253 -0.037851
0.00827248 0.00125923 -0.0380022
0.00936309 0.0023395 -0.0376971
0.0242267 0.00450751 -0.0369576
0.0404931 0.0067866 -0.0358741
0.0479393 0.00857495 -0.0343593
0.0532641 0.00998355 -0.0325962
0.0595593 0.0111084 -0.0312727
0.0586868 0.011178 -0.0307216
0.043031 0.00909104 -0.0302004
0.0177451 0.00508858 -0.0302322
-0.00486913 0.000884943 -0.0305853
-0.0265458 -0.00223792 -0.0308145
-0.0527521 -0.00449733 -0.0299672
-0.076219 -0.00642001 -0.0283306
-0.0874329 -0.00807896 -0.0266257
-0.084172 -0.00957547 -0.0247398
-0.0714928 -0.0105317 -0.023053
-0.0546991 -0.00989244 -0.021178
-0.0411624 -0.00754262 -0.0200671
-0.0423844 -0.00552744 -0.0199114
-0.0594621 -0.00586266 -0.0191931
-0.0818735 -0.00814704 -0.019031
-0.102377 -0.0113961 -0.0205377
-0.121281 -0.0147431 -0.0223715
-0.137063 -0.0160868 -0.0238912
-0.143791 -0.0144562 -0.0238172
-0.138255 -0.0113494 -0.0223817
-0.120207 -0.00775407 -0.0218282
-0.089544 -0.00400518 -0.0213309
-0.0536845 -0.00144698 -0.0206721
-0.0285167 -0.00043131 -0.0213002
-0.0194669 0.00033228 -0.0217382
-0.015499 0.00147184 -0.0223238
-0.0113119 0.00219541 -0.024236
-0.0119381 0.00174993 -0.0259832
-0.0131094 0.000802796 -0.0285057
-0.00705797 -0.000225625 -0.0318887
0.00388874 -0.00130982 -0.0347237
0.0188002 -0.00111738 -0.0374907
0.0410158 0.000923878 -0.0397025
0.0661564 0.0033285 -0.0412405
0.0854445 0.00483818 -0.0416613
0.0934684 0.00547543 -0.0418171
0.0917428 0.00567294 -0.0423143
0.0851093 0.00621529 -0.0416363
0.0741559 0.0076482 -0.0406292
0.0638121 0.00911963 -0.0394009
0.0578818 0.00951931 -0.0377637
0.049521 0.00908384 -0.0361038
0.0396408 0.00875472 -0.0339464
0.0340474 0.00906466 -0.0313626
0.0300284 0.00980692 -0.0290746
0.0247686 0.00976793 -0.0268756
0.0138905 0.00787117 -0.0255522
-0.00576037 0.00438117 -0.024845
-0.0306119 0.000107501 -0.0246787
-0.0575745 -0.00394151 -0.0245785
-0.0795486 -0.00698299 -0.0242591
-0.0910693 -0.00935148 -0.024361
-0.0939 -0.011649 -0.0244157
-0.0843775 -0.0138294 -0.0247006
-0.0599439 -0.0151821 -0.0252832
-0.0211271 -0.0145217 -0.026262
0.0357582 -0.0115803 -0.0277998
0.112018 -0.00771439 -0.02826
0.202731 -0.00387575 -0.0294098
0.301647 -0.000430188 -0.0317049
0.40581 0.00223843 -0.0351518
0.515734 0.00469294 -0.0397338
0.634214 0.00845057 -0.0438903
0.765084 0.0151708 -0.0462203
0.91177 0.0247493 -0.0463007
1.07644 0.0360581 -0.0446392
1.26389 0.0482006 -0.0415701
1.47898 0.0589335 -0.0373974
1.72008 0.066475 -0.0317902
1.98122 0.0723458 -0.0251275
2.25663 0.0787287 -0.0175387
2.54346 0.0857799 -0.00868209
2.83778 0.0931304 0.00162935
3.12278 0.100705 0.0123681
3.3691 0.107436 0.0223856
3.54627 0.111521 0.0308485
3.63193 0.112263 0.0375231
3.61897 0.110189 0.041951
3.51446 0.105553 0.0433801
3.33511 0.0981816 0.0408613
3.1072 0.0887277 0.0347132
2.85849 0.0786288 0.0263958
2.60917 0.0689538 0.01781
2.36815 0.0600815 0.010422
2.14531 0.0523139 0.00491595
1.98931 0.0465273 -0.000308387
1.96724 0.0437475 -0.00623092
2.09252 0.0435924 -0.00799276
2.31332 0.0430461 0.000167333
2.565 0.0389876 0.0113284
2.80945 0.0319156 0.0217865
3.0324 0.0217825 0.0324377
3.21745 0.00982657 0.0471785
3.3162 0.00248901 0.0600207
3.27939 0.000940679 0.0636802
3.10542 0.00131281 0.0659561
2.79092 0.000454251 0.0662351
2.31848 -0.00637523 0.0587334
1.71925 -0.0222728 0.0426824
1.04657 -0.0464653 0.01164
0.323425 -0.0792842 -0.0142357
-0.434867 -0.117327 -0.0013628
-1.13693 -0.14289 0.0616918
-1.7072 -0.144138 0.120853
-2.21995 -0.130864 0.178579
-2.69726 -0.120234 0.276072
-3.04998 -0.122415 0.362545
-3.26929 -0.133733 0.431955
-3.37884 -0.146785 0.513283
-3.37776 -0.159684 0.576087
-3.31601 -0.170389 0.613
-3.25886 -0.174972 0.655683
-3.21574 -0.17196 0.69818
-3.19388 -0.163359 0.736165
-3.23267 -0.153921 0.788213
-3.33027 -0.14726 0.847415
-3.44896 -0.143947 0.882765
-3.56484 -0.14336 0.89355
-3.66597 -0.144187 0.907006
-3.75527 -0.144404 0.936292
-3.84057 -0.143617 0.964844
-3.91625 -0.145953 0.972918
-3.98632 -0.158373 0.963218
-4.08575 -0.185784 0.958507
-4.2531 -0.227682 0.965308
-4.50313 -0.278576 0.975185
-4.82656 -0.329929 0.989568
-5.18944 -0.372543 1.00894
-5.54447 -0.398534 1.02388
-5.86229 -0.403416 1.03578
-6.12915 -0.388353 1.05232
-6.32796 -0.358771 1.06847
-6.45359 -0.321128 1.07942
-6.51293 -0.282246 1.08918
-6.50846 -0.248919 1.09443
-6.44652 -0.226059 1.08919
-6.33427 -0.214656 1.07462
-6.17232 -0.211811 1.04827
-5.96454 -0.213432 1.00711
-5.71471 -0.216476 0.95568
-5.42783 -0.219219 0.899635
-5.12295 -0.220968 0.84177
-4.82668 -0.221277 0.783718
-4.55814 -0.219018 0.727182
-4.3257 -0.211969 0.67228
-4.12968 -0.198012 0.619246
-3.96384 -0.177002 0.56933
-3.81983 -0.151335 0.522492
-3.69184 -0.126436 0.477102
-3.57856 -0.109372 0.43025
-3.47798 -0.105009 0.376448
-3.38061 -0.117584 0.314832
-3.26817 -0.150131 0.251118
-3.12595 -0.193931 0.192136
-2.95291 -0.229675 0.143371
-2.75153 -0.240982 0.107419
-2.52193 -0.222184 0.0831439
-2.26182 -0.174146 0.0673871
-1.97556 -0.104248 0.0565265
-1.67796 -0.0317844 0.046837
-1.37947 0.0200206 0.0337965
-1.08022 0.039219 0.0133465
-0.778301 0.0318676 -0.0137132
-0.472351 0.0145574 -0.0415244
-0.15551 0.00642603 -0.0626562
0.174517 0.024706 -0.064967
0.50259 0.0752736 -0.0455524
0.809129 0.142645 -0.0198834
1.08451 0.198548 0.00195842
1.32359 0.222296 0.0159397
1.53119 0.214995 0.0216008
1.72172 0.193752 0.0219894
1.89958 0.17281 0.0217813
2.06198 0.16296 0.0253698
2.20921 0.17388 0.0332433
2.3384 0.204892 0.0441069
2.43624 0.241491 0.0546708
2.48732 0.26427 0.0611144
2.48797 0.261807 0.0607832
2.44717 0.235758 0.0536636
2.37917 0.196959 0.0423699
2.29921 0.160461 0.0314817
2.22361 0.140881 0.0241025
2.16587 0.143398 0.0210143
2.13057 0.159615 0.0211885
2.11426 0.173885 0.0215613
2.11238 0.17281 0.0186837
2.12358 0.152128 0.0117305
2.148 0.117912 0.00262356
2.18542 0.0829463 -0.00511979
2.23681 0.0604603 -0.00868928
2.30436 0.0561005 -0.00784252
2.38749 0.0639098 -0.00395252
2.47825 0.0712009 0.000444309
2.56373 0.0675947 0.00292539
2.63225 0.0506207 0.00252417
2.67418 0.0250085 -0.000514428
2.67761 -0.00164371 -0.00513829
2.62777 -0.0221509 -0.0102587
2.51322 -0.0316859 -0.0148592
2.33308 -0.0302418 -0.0191902
2.10199 -0.0231748 -0.0241088
1.8419 -0.0181481 -0.0304506
1.56853 -0.0209242 -0.0386782
1.29433 -0.032937 -0.0481449
1.03439 -0.0510875 -0.0568141
0.800682 -0.0688554 -0.0608854
0.597352 -0.0786437 -0.0583267
0.425918 -0.0760349 -0.0507886
0.289916 -0.0643851 -0.0388791
0.189951 -0.0525919 -0.0218976
0.120985 -0.0482664 -0.00273301
0.0784259 -0.0557638 0.0167055
0.0557768 -0.0726501 0.0384119
0.0361452 -0.0890611 0.0659665
-0.00214849 -0.098681 0.100424
-0.0742098 -0.103669 0.137137
-0.186321 -0.107066 0.171804
-0.335452 -0.108507 0.203648
-0.508674 -0.106684 0.235094
-0.68815 -0.102489 0.267004
-0.85745 -0.100119 0.295974
-1.00501 -0.103482 0.31854
-1.12937 -0.113347 0.333401
-1.24516 -0.129777 0.340795
-1.37667 -0.154558 0.341838
-1.54288 -0.189149 0.340023
-1.74772 -0.231243 0.33879
-1.97639 -0.275578 0.338101
-2.19779 -0.316239 0.339996
-2.37899 -0.346434 0.345778
-2.50215 -0.359982 0.352209
-2.56977 -0.35493 0.35784
-2.60002 -0.334582 0.364592
-2.61937 -0.305793 0.375676
-2.65131 -0.276199 0.39172
-2.70226 -0.251487 0.411463
-2.75984 -0.233835 0.434688
-2.80733 -0.22186 0.45864
-2.83374 -0.211887 0.480831
-2.83486 -0.200741 0.501636
-2.81764 -0.187767 0.520903
-2.80108 -0.174819 0.539217
-2.80714 -0.164301 0.557664
-2.84751 -0.15696 0.577868
-2.91653 -0.151497 0.600293
-2.99597 -0.144866 0.623465
-3.0649 -0.13345 0.645316
-3.10713 -0.115146 0.665159
-3.11716 -0.0903034 0.683286
-3.10398 -0.0615955 0.698927
-3.08747 -0.0339773 0.711688
-3.08639 -0.0135894 0.721815
-3.10671 -0.00568689 0.72934
-3.14155 -0.0123384 0.733562
-3.17829 -0.0312903 0.733269
-3.20224 -0.0575699 0.728249
-3.20163 -0.0859544 0.718689
-3.17465 -0.112571 0.704604
-3.13006 -0.135999 0.68671
-3.08192 -0.157323 0.666433
-3.0411 -0.178657 0.644875
-3.0067 -0.201048 0.622569
-2.96656 -0.223255 0.599157
-2.90851 -0.242451 0.573471
-2.82844 -0.256181 0.5444
-2.72803 -0.264013 0.511295
-2.61004 -0.26795 0.47424
-2.477 -0.271503 0.433764
-2.33004 -0.277832 0.390674
-2.16847 -0.288008 0.345879
-1.99329 -0.300835 0.299339
-1.81052 -0.313664 0.250735
-1.63373 -0.323785 0.199339
-1.48474 -0.329553 0.147446
-1.38279 -0.329677 0.101121
-1.32827 -0.323402 0.0652774
-1.30321 -0.308696 0.0392746
-1.28937 -0.283276 0.0222248
-1.27453 -0.250896 0.011576
-1.2395 -0.220993 0.00344861
-1.1596 -0.195463 -0.00263346
-1.02635 -0.164976 -0.00956426
-0.848821 -0.127699 -0.0187117
-0.636327 -0.0910273 -0.0280134
-0.390342 -0.0558446 -0.0355366
-0.106023 -0.0175252 -0.0411859
0.220179 0.0218512 -0.0393306
0.583897 0.0548922 -0.0269616
0.969084 0.0809177 -0.00806505
1.35315 0.107764 0.0120854
1.71405 0.137243 0.0303965
2.03705 0.160445 0.0469701
2.31594 0.174405 0.0603469
2.54747 0.184963 0.0704063
2.7314 0.195187 0.077545
2.86456 0.202575 0.0807566
2.94378 0.205104 0.0800818
2.97724 0.205589 0.07748
2.97887 0.206556 0.0738439
2.95693 0.204229 0.0690871
2.91555 0.193705 0.0625161
2.86315 0.175986 0.0538504
2.81286 0.154891 0.0437133
2.77265 0.13288 0.0338256
2.741 0.113049 0.0256902
2.7138 0.100158 0.0198369
2.68687 0.0959699 0.0164385
2.65678 0.0961503 0.01481
2.62484 0.0951409 0.0132849
2.59681 0.0913471 0.0131775
2.58176 0.0847871 0.0126295
2.59268 0.0748145 0.0122807
2.64032 0.0631383 0.0125528
2.72734 0.0539019 0.0127447
2.84671 0.049664 0.0152116
2.97887 0.0490461 0.0190274
3.10069 0.0482508 0.0236152
3.19524 0.0449807 0.0283856
3.25022 0.0392428 0.0322143
3.25515 0.031634 0.0342463
3.20047 0.0239153 0.0345997
3.08766 0.0191426 0.0337293
2.92688 0.0192953 0.0323716
2.7248 0.0238457 0.0302354
2.4887 0.0302911 0.0266252
2.22632 0.0354234 0.0214296
1.93873 0.0363967 0.0146424
1.62173 0.0310501 0.00610587
1.27939 0.0191944 -0.00306192
0.927461 0.00466293 -0.00878977
0.581734 -0.0065097 0.000397149
0.253105 -0.0107479 0.0230815
-0.0461628 -0.00974558 0.0516102
-0.2956 -0.00875139 0.0847906
-0.478873 -0.0119511 0.118811
-0.597897 -0.0213386 0.153174
-0.665806 -0.0371716 0.1915
-0.696991 -0.056053 0.240673
-0.709917 -0.0727493 0.292883
-0.732018 -0.0844947 0.337379
-0.785662 -0.0908246 0.377967
-0.874017 -0.0928418 0.41644
-0.989756 -0.0929156 0.452175
-1.1285 -0.0932051 0.485736
-1.28656 -0.095102 0.517129
-1.45546 -0.0993591 0.545782
-1.62945 -0.106962 0.570108
-1.80985 -0.119917 0.588289
-1.99903 -0.140796 0.597789
-2.19641 -0.171948 0.598694
-2.40096 -0.214744 0.592861
-2.61365 -0.269017 0.581471
-2.83549 -0.332218 0.568905
-3.06119 -0.397926 0.560649
-3.27238 -0.45732 0.557064
-3.45303 -0.502789 0.556057
-3.59701 -0.528518 0.560057
-3.69014 -0.531812 0.570321
-3.71999 -0.514219 0.580967
-3.69044 -0.479611 0.591585
-3.61159 -0.434144 0.603274
-3.49654 -0.385169 0.611212
-3.36195 -0.338518 0.614983
-3.22062 -0.298443 0.615496
-3.08034 -0.267727 0.61155
-2.94923 -0.247024 0.603055
-2.8341 -0.235147 0.590547
-2.73577 -0.229474 0.574659
-2.6514 -0.226206 0.556789
-2.57893 -0.221661 0.537635
-2.51889 -0.214032 0.517216
-2.47496 -0.204204 0.495004
-2.45218 -0.195469 0.470217
-2.44972 -0.191817 0.443094
-2.45533 -0.195449 0.413642
-2.451 -0.205237 0.381843
-2.421 -0.21735 0.348027
-2.3536 -0.228187 0.311555
-2.24306 -0.237083 0.272717
-2.09228 -0.246147 0.231373
-1.91076 -0.258336 0.188028
-1.71064 -0.272925 0.145238
-1.49994 -0.285371 0.10439
-1.28084 -0.294482 0.065893
-1.05623 -0.302947 0.0303671
-0.828297 -0.311544 -0.0012124
-0.600219 -0.317034 -0.0288046
-0.382641 -0.315369 -0.0523313
-0.187345 -0.30645 -0.0704066
-0.0185876 -0.292831 -0.0832814
0.123641 -0.274297 -0.0919677
0.240727 -0.250118 -0.0971955
0.339443 -0.223226 -0.0996185
0.430163 -0.195989 -0.0992651
0.522005 -0.166844 -0.0967365
0.620073 -0.134313 -0.0922335
0.724756 -0.0994409 -0.0852579
0.831673 -0.063311 -0.0756723
0.933265 -0.0258605 -0.0637988
1.02234 0.0117406 -0.0504577
1.09558 0.0460738 -0.036859
1.15715 0.0757318 -0.0234103
1.21594 0.102919 -0.0103949
1.2793 0.129656 0.00218062
1.35316 0.156501 0.0150301
1.44411 0.184493 0.0286903
1.55319 0.214693 0.0430471
1.66981 0.245802 0.0575526
1.77858 0.27451 0.0713271
1.8703 0.298011 0.0832441
1.94161 0.314902 0.0922471
1.98875 0.324212 0.0977688
2.00868 0.325464 0.0999875
2.0028 0.319956 0.0992514
1.97487 0.31025 0.0960253
1.92605 0.298111 0.0907652
1.85491 0.283694 0.0836611
1.76204 0.266397 0.0747977
1.64983 0.245538 0.0642177
1.51987 0.220222 0.0519811
1.37608 0.189852 0.0383307
1.22734 0.155525 0.0238934
1.08363 0.120172 0.00952826
0.952866 0.086672 -0.00390998
0.841801 0.0563851 -0.0157187
0.75476 0.0292942 -0.0254571
0.689714 0.00427755 -0.033036
0.637551 -0.0209611 -0.0385964
0.585941 -0.0484872 -0.0419488
0.523731 -0.0788065 -0.0424517
0.441235 -0.111177 -0.0402225
0.331856 -0.143554 -0.0351302
0.194909 -0.173211 -0.0268575
0.0329842 -0.19851 -0.0151533
-0.149034 -0.219133 0.000451756
-0.342852 -0.234657 0.0200164
-0.540616 -0.244598 0.0425091
-0.739502 -0.249895 0.0668042
-0.937171 -0.252509 0.0934221
-1.12347 -0.253113 0.122199
-1.28467 -0.250941 0.152217
-1.41284 -0.245818 0.182725
-1.50724 -0.238888 0.212699
-1.57278 -0.231741 0.241312
-1.61909 -0.224921 0.268275
-1.65781 -0.21775 0.293687
-1.69919 -0.209657 0.318624
-1.7498 -0.200939 0.343804
-1.81015 -0.19265 0.368249
-1.87444 -0.186256 0.390557
-1.93408 -0.182804 0.409789
-1.98314 -0.182393 0.425324
-2.02143 -0.184612 0.436737
-2.05274 -0.18916 0.444136
-2.08165 -0.195986 0.44807
-2.11245 -0.205008 0.449417
-2.14758 -0.215804 0.448836
-2.18526 -0.227396 0.446316
-2.22071 -0.238368 0.441892
-2.25017 -0.24723 0.435813
-2.27155 -0.25272 0.428326
-2.28188 -0.25415 0.419508
-2.27772 -0.251751 0.409423
-2.25826 -0.246571 0.398242
-2.22615 -0.239769 0.386013
-2.1842 -0.231879 0.372416
-2.13304 -0.222628 0.357321
-2.07117 -0.211454 0.341148
-1.99542 -0.198155 0.324085
-1.90278 -0.182924 0.306216
-1.79365 -0.165973 0.287691
-1.67244 -0.147412 0.268906
-1.54581 -0.127136 0.250512
-1.42064 -0.104863 0.232265
-1.30222 -0.0812938 0.213908
-1.1925 -0.0580268 0.195031
-1.09011 -0.0364887 0.174517
-0.9931 -0.0182103 0.152167
-0.899702 -0.00435939 0.128787
-0.808939 0.0043943 0.106313
-0.720554 0.00779341 0.0861932
-0.633973 0.00828627 0.0684061
-0.549625 0.00992235 0.0528505
-0.468363 0.0138154 0.0397764
-0.390224 0.0188406 0.0290995
-0.313729 0.0244327 0.020051
-0.23599 0.0299049 0.0118937
-0.154276 0.0332629 0.00382898
-0.0676193 0.0325295 -0.00483974
0.0227163 0.0280476 -0.01381
0.113961 0.0219587 -0.0222817
0.202041 0.0155022 -0.0290117
0.28259 0.0091844 -0.0332063
0.352717 0.0039911 -0.0356433
0.411467 -0.000120016 -0.0377253
0.458714 -0.00493946 -0.0399077
0.494788 -0.0115282 -0.0423402
0.520455 -0.0191497 -0.0451995
0.53716 -0.0270687 -0.0482961
0.547442 -0.0347759 -0.051341
0.553356 -0.0411366 -0.0539595
0.55623 -0.0450269 -0.0561357
0.557782 -0.0468322 -0.0579353
0.558365 -0.0478139 -0.0593389
0.554918 -0.0484478 -0.0604453
0.544143 -0.0487463 -0.0613872
0.526446 -0.0487185 -0.0619561
0.503873 -0.047792 -0.0618936
0.476573 -0.044993 -0.0611158
0.443623 -0.0400753 -0.0596166
0.405693 -0.0337229 -0.057401
0.365184 -0.0267377 -0.0545077
0.324896 -0.0196645 -0.0510816
0.287599 -0.0130403 -0.047211
0.255498 -0.0071269 -0.0428663
0.229092 -0.00146143 -0.0379874
0.207118 0.00465164 -0.0323449
0.187188 0.011586 -0.0254554
0.165764 0.019368 -0.0173147
0.138417 0.0275015 -0.00829768
0.101488 0.0349707 0.00120783
0.05335 0.040733 0.0109697
-0.0069263 0.0439772 0.0212086
-0.0801286 0.0442088 0.0318626
-0.165017 0.0414942 0.0425883
-0.257615 0.0364886 0.0532102
-0.352749 0.0300087 0.0636089
-0.446339 0.0226781 0.0735908
-0.537215 0.014898 0.0829405
-0.626597 0.00676195 0.0918239
-0.714638 -0.00195359 0.100779
-0.798527 -0.0114279 0.110117
-0.874994 -0.0215187 0.119592
-0.942791 -0.0319798 0.128931
-1.00135 -0.0426164 0.138139
-1.04884 -0.0531179 0.147389
-1.08369 -0.0630002 0.15678
-1.10697 -0.0717925 0.165949
-1.12178 -0.0792414 0.174325
-1.13127 -0.0852663 0.181461
-1.13775 -0.0898987 0.187258
-1.14256 -0.093396 0.191857
-1.14652 -0.0962173 0.195368
-1.15109 -0.0988973 0.197764
-1.15848 -0.101929 0.198938
-1.16942 -0.105582 0.198883
-1.18207 -0.10972 0.197731
-1.19452 -0.113772 0.195523
-1.20603 -0.117005 0.192119
-1.21516 -0.118984 0.187447
-1.21885 -0.119765 0.181677
-1.21482 -0.119628 0.175052
-1.20245 -0.118773 0.167798
-1.18077 -0.117349 0.160248
-1.1481 -0.115559 0.152622
-1.10419 -0.113593 0.144787
-1.05113 -0.111526 0.136465
-0.992551 -0.109337 0.127679
-0.932493 -0.107041 0.118706
-0.873849 -0.104742 0.109698
-0.817132 -0.102567 0.100646
-0.761273 -0.100651 0.091438
-0.705547 -0.0991833 0.0817506
-0.650511 -0.0983912 0.0713241
-0.598008 -0.0983635 0.0603074
-0.551127 -0.0989015 0.049177
-0.513452 -0.0996389 0.0384639
-0.48655 -0.100201 0.0286668
-0.468033 -0.100031 0.0206441
-0.452903 -0.0984051 0.0143748
-0.436825 -0.0951546 0.00896114
-0.418147 -0.0907377 0.00413721
-0.397287 -0.0854976 9.34496e-05
-0.375167 -0.0796577 -0.00293785
-0.352613 -0.0735792 -0.00494387
-0.329931 -0.0674612 -0.00592106
-0.305768 -0.0609588 -0.00595412
-0.277314 -0.0534758 -0.00541975
-0.24269 -0.0448146 -0.00465968
-0.203098 -0.0351687 -0.00349327
-0.16271 -0.0247036 -0.00128621
-0.12645 -0.0136914 0.00165474
-0.0975791 -0.00285731 0.00477572
-0.0765466 0.00719437 0.0079221
-0.0616895 0.0164059 0.0107149
-0.0513475 0.0246875 0.0128388
-0.0453204 0.0317276 0.0141431
-0.0448458 0.0374753 0.0148192
-0.0519381 0.0422334 0.0151976
-0.0679656 0.0460002 0.0157637
-0.091936 0.0483671 0.0166768
-0.120624 0.0492625 0.0176778
-0.150729 0.0489146 0.0185774
-0.180276 0.0473893 0.0193601
-0.207851 0.0448349 0.0201342
-0.231508 0.0417384 0.0209763
-0.249107 0.0385985 0.0218582
-0.259218 0.0355349 0.0226885
-0.261357 0.0324526 0.0234012
-0.256314 0.0293512 0.0239881
-0.247082 0.0261367 0.0245698
-0.238886 0.0224489 0.0254067
-0.237214 0.0177734 0.0271516
-0.245415 0.0116143 0.0296861
-0.264401 0.0038235 0.0321721
-0.294209 -0.0054291 0.0343353
-0.334649 -0.0158688 0.0362893
-0.384796 -0.0268875 0.0382732
-0.442552 -0.0376477 0.0404069
-0.5045 -0.0476478 0.0427695
-0.566055 -0.0569238 0.0454234
-0.621976 -0.065648 0.048405
-0.66764 -0.073693 0.0519652
-0.700738 -0.0808662 0.0557165
-0.721805 -0.0873539 0.0592859
-0.732655 -0.0932819 0.0628859
-0.735272 -0.098253 0.0667935
-0.732595 -0.101828 0.0712936
-0.72832 -0.104018 0.0761223
-0.725151 -0.105242 0.0809062
-0.724422 -0.105871 0.0852737
-0.727438 -0.106207 0.0888463
-0.735623 -0.106855 0.091438
-0.749569 -0.108465 0.0931297
-0.769195 -0.111152 0.094047
-0.793969 -0.114404 0.0942047
-0.82187 -0.11747 0.0936972
-0.84899 -0.119706 0.0927909
-0.870979 -0.120626 0.0917407
-0.884577 -0.119912 0.0906628
-0.888355 -0.117576 0.0896762
-0.882979 -0.114029 0.0887412
-0.87061 -0.109864 0.0877847
-0.853962 -0.105441 0.0869456
-0.835814 -0.10073 0.0864196
-0.818442 -0.0956009 0.0863205
-0.802874 -0.0900129 0.0866203
-0.788975 -0.0839516 0.0872382
-0.776654 -0.0774493 0.0880346
-0.766244 -0.0707349 0.0888438
-0.757498 -0.0642162 0.0895663
-0.749144 -0.0581561 0.0901669
-0.739721 -0.052461 0.0905298
-0.728083 -0.046833 0.0904919
-0.713058 -0.0409973 0.0900044
-0.693432 -0.0347715 0.0891219
-0.66855 -0.0281 0.0878383
-0.639027 -0.0211638 0.0860473
-0.607245 -0.0144289 0.08362
-0.576978 -0.00846432 0.0805193
-0.551645 -0.00363897 0.0768706
-0.532311 1.91085e-05 0.0729732
-0.517435 0.00274587 0.0690261
-0.50453 0.00489038 0.0649546
-0.492007 0.00675908 0.0606747
-0.479646 0.00850828 0.0562698
-0.468054 0.0100279 0.0522851
-0.457882 0.011004 0.0489904
-0.448868 0.0112919 0.0461367
-0.439311 0.011022 0.0435823
-0.42662 0.0103888 0.0411193
-0.408847 0.00962553 0.0385853
-0.385918 0.00902242 0.0359994
-0.359768 0.00874373 0.03352
-0.333596 0.00861799 0.0313221
-0.310649 0.00821405 0.0295298
-0.293411 0.00710941 0.0282144
-0.283457 0.00498555 0.0271586
-0.2813 0.00169452 0.0261211
-0.286067 -0.00268177 0.0251084
-0.295732 -0.00782658 0.024159
-0.308454 -0.013252 0.0232875
-0.323918 -0.018578 0.0225374
-0.342666 -0.0237137 0.0220561
-0.363946 -0.028746 0.0220067
-0.384806 -0.0337378 0.0224056
-0.401512 -0.0386787 0.02308
-0.411557 -0.0435766 0.023789
-0.414523 -0.0484366 0.0244015
-0.412 -0.0531612 0.0249739
-0.407316 -0.0575982 0.0257036
-0.404551 -0.0616919 0.0267843
-0.406545 -0.0655121 0.0282309
-0.413699 -0.0691595 0.0298437
-0.425131 -0.0727266 0.0313574
-0.44075 -0.076357 0.0326333
-0.461558 -0.0802139 0.0337455
-0.48832 -0.0843131 0.034895
-0.520842 -0.0884617 0.036249
-0.558084 -0.0923899 0.0379174
-0.597785 -0.095768 0.0403086
-0.635963 -0.098169 0.0434829
-0.667826 -0.0993827 0.0470118
-0.689878 -0.0995232 0.0505995
-0.701278 -0.0987521 0.0540923
-0.703675 -0.0972453 0.0575487
-0.700249 -0.0951796 0.0612878
-0.694541 -0.0925973 0.0655603
-0.68963 -0.0894258 0.0702538
-0.687582 -0.0856005 0.075123
-0.688553 -0.0811791 0.0798597
-0.690867 -0.0764051 0.0841867
-0.693291 -0.0716939 0.0877849
-0.696772 -0.0675193 0.0904116
-0.703238 -0.0641502 0.0920766
-0.713471 -0.0614562 0.0929107
-0.72653 -0.059012 0.0930599
-0.740416 -0.0562961 0.0927088
-0.752943 -0.0528653 0.0920931
-0.762598 -0.0485682 0.0914132
-0.76887 -0.0436307 0.090795
-0.771699 -0.0385455 0.0903378
-0.771013 -0.0338234 0.0900994
-0.766988 -0.0297159 0.0900439
-0.760171 -0.0261386 0.0901063
-0.751139 -0.0227689 0.0903278
-0.740188 -0.019185 0.0908339
-0.727239 -0.0150441 0.0917028
-0.712243 -0.0103132 0.0928723
-0.696031 -0.00541293 0.094124
-0.680686 -0.0011232 0.0951711
-0.668808 0.00175397 0.0958327
-0.662265 0.00278201 0.0961166
-0.661428 0.00206257 0.0961068
-0.665088 0.000118225 0.0958293
-0.670755 -0.00237217 0.095236
-0.675242 -0.00483091 0.0942727
-0.675716 -0.00698274 0.0928962
-0.670798 -0.00895728 0.0910591
-0.660666 -0.0111864 0.0887307
-0.646323 -0.0141175 0.0858722
-0.629337 -0.0179633 0.0824153
-0.611653 -0.0226432 0.078383
-0.59461 -0.0278548 0.0739601
-0.578586 -0.0331827 0.0693414
-0.56404 -0.0382746 0.064583
-0.552076 -0.0430345 0.0596989
-0.543641 -0.0476524 0.0547738
-0.538888 -0.0524148 0.0499169
-0.537599 -0.057468 0.0452392
-0.539386 -0.0627182 0.0408843
-0.543062 -0.0678499 0.0370161
-0.546147 -0.0723157 0.0339903
-0.545536 -0.0754727 0.0318283
-0.539248 -0.0770489 0.0300998
-0.527251 -0.0773034 0.0286156
-0.51049 -0.0766623 0.0273913
-0.489982 -0.0755441 0.0264609
-0.466957 -0.0743089 0.0259556
-0.442862 -0.0730489 0.0259148
-0.419121 -0.0715341 0.0261427
-0.397212 -0.0694259 0.0264447
-0.37854 -0.0665619 0.0267225
-0.364299 -0.0630989 0.0269499
-0.355701 -0.0594837 0.0270537
-0.353838 -0.0562967 0.0269417
-0.359193 -0.0539628 0.0266094
-0.371486 -0.0525382 0.026158
-0.389602 -0.0517502 0.0257838
-0.411647 -0.0511461 0.0256992
-0.435449 -0.050275 0.0260893
-0.458846 -0.0487864 0.027335
-0.479413 -0.0465935 0.0292726
-0.494707 -0.044135 0.0314478
-0.503212 -0.0419515 0.0336185
-0.504756 -0.0401775 0.0356412
-0.500121 -0.0387609 0.0378275
-0.490363 -0.0375784 0.0405546
-0.476503 -0.0363586 0.0437925
-0.459931 -0.034683 0.0472394
-0.442971 -0.0323463 0.050572
-0.428944 -0.0297845 0.0534357
-0.421518 -0.0277487 0.0555834
-0.423717 -0.0268403 0.0569355
-0.437222 -0.0273762 0.0575827
-0.462011 -0.0293573 0.0576311
-0.495884 -0.0324181 0.0572034
-0.53452 -0.0358175 0.0564983
-0.572991 -0.0387579 0.0557331
-0.607433 -0.040799 0.0551347
-0.635379 -0.0418787 0.0548914
-0.655481 -0.0421025 0.0552622
-0.667224 -0.0415781 0.0563083
-0.670331 -0.0404038 0.0576929
-0.664415 -0.0386524 0.0592384
-0.649388 -0.036219 0.0611901
-0.626343 -0.0329479 0.0636491
-0.598271 -0.0289815 0.066389
-0.569881 -0.0247208 0.0691477
-0.546343 -0.0206133 0.0717653
-0.53166 -0.0171411 0.0740718
-0.527516 -0.0147576 0.0758443
-0.53326 -0.0137204 0.0769921
-0.547216 -0.0139483 0.0774443
-0.567806 -0.0151302 0.0771784
-0.593086 -0.0169409 0.0763681
-0.619884 -0.019078 0.0753591
-0.644153 -0.0212698 0.0743406
-0.662331 -0.0233675 0.0733196
-0.67225 -0.0253818 0.0723047
-0.673344 -0.0273841 0.0712685
-0.666377 -0.0293706 0.0701783
-0.652617 -0.0312808 0.0691684
-0.633298 -0.0331535 0.0684158
-0.609723 -0.0351063 0.0678384
-0.583851 -0.0372267 0.0671575
-0.55865 -0.0396357 0.0661121
-0.537371 -0.0425391 0.0646202
-0.522175 -0.0460828 0.0627288
-0.513495 -0.0502122 0.0604429
-0.510414 -0.0547342 0.0576756
-0.511454 -0.0594578 0.0543232
-0.515484 -0.0641994 0.0504024
-0.522347 -0.0687531 0.0461471
-0.53245 -0.0729399 0.0419619
-0.545172 -0.0766319 0.0382394
-0.557776 -0.0796518 0.0352835
-0.566125 -0.0816528 0.0332328
-0.566524 -0.0823587 0.0315977
-0.557335 -0.0818733 0.0299692
-0.539301 -0.0803888 0.0284331
-0.514686 -0.0779479 0.0271675
-0.486245 -0.0746692 0.026396
-0.456252 -0.0707051 0.026351
-0.42618 -0.0660629 0.0268725
-0.397667 -0.0607636 0.0275392
-0.373153 -0.0550539 0.0281486
-0.355234 -0.0493591 0.0286384
-0.346262 -0.0440915 0.0290837
-0.348229 -0.039536 0.0295079
-0.36173 -0.0358175 0.0300026
-0.385017 -0.0328027 0.0307063
-0.414382 -0.0301472 0.031722
-0.445125 -0.0275685 0.0332448
-0.472618 -0.0250482 0.0355315
-0.493688 -0.0227 0.038131
-0.507598 -0.0204784 0.0405795
-0.515297 -0.0183672 0.0430545
-0.517783 -0.0164921 0.0457208
-0.515613 -0.0147577 0.04867
-0.509318 -0.0128924 0.0519094
-0.499899 -0.0109212 0.055571
-0.489488 -0.00938421 0.0595601
-0.481282 -0.0088789 0.0634015
-0.478435 -0.00969076 0.0667524
-0.483272 -0.0120005 0.0695135
-0.497085 -0.0158165 0.0716543
-0.519775 -0.0207469 0.0730776
-0.549562 -0.0261776 0.0737505
-0.583409 -0.031661 0.0738119
-0.617931 -0.0370681 0.0734213
-0.650233 -0.0423766 0.0726884
-0.678396 -0.047528 0.0717155
-0.701431 -0.0524649 0.0706698
-0.71865 -0.057083 0.069764
-0.729339 -0.061123 0.0691504
-0.733176 -0.0641946 0.0689255
-0.730473 -0.0659693 0.0691359
-0.721872 -0.066347 0.0697525
-0.708497 -0.0654722 0.0706889
-0.692563 -0.0636918 0.0718375
-0.677057 -0.0614919 0.0730846
-0.664275 -0.0593608 0.0743177
-0.65517 -0.0575921 0.0754202
-0.650081 -0.0561795 0.0762622
-0.649041 -0.0549351 0.0767567
-0.651237 -0.0536464 0.0769394
-0.655154 -0.0521509 0.0768741
-0.659555 -0.0504001 0.076545
-0.663842 -0.0485073 0.0759531
-0.667513 -0.0466987 0.0751827
-0.669591 -0.0451658 0.0743271
-0.668587 -0.0439612 0.0734234
-0.663121 -0.0430229 0.0724455
-0.652493 -0.0422483 0.071358
-0.636492 -0.0415351 0.0701283
-0.615173 -0.0408052 0.0687058
-0.589231 -0.0400537 0.0670367
-0.560217 -0.0393993 0.0650514
-0.530216 -0.0390479 0.0626332
-0.501433 -0.0392036 0.0596651
-0.475726 -0.0400059 0.0561334
-0.454252 -0.0414984 0.0520972
-0.437778 -0.0436239 0.0476028
-0.427118 -0.0462343 0.0427467
-0.42287 -0.0491221 0.0377322
-0.424219 -0.0520623 0.03283
-0.42866 -0.0548203 0.0282522
