8.32334e-07 -1.31154e-15 -0.055574
-0.000191324 9.44884e-08 -0.0555722
-0.000916579 -2.25104e-06 -0.0555625
-0.00221855 -2.2108e-05 -0.0555346
-0.00389481 -8.32114e-05 -0.0554649
-0.0059651 -0.000179518 -0.0553127
-0.00891831 -0.000273996 -0.0550478
-0.0134138 -0.000383105 -0.0546689
-0.0194887 -0.000604229 -0.0541765
-0.0260334 -0.000999673 -0.0535454
-0.0311425 -0.00149856 -0.0527436
-0.0334507 -0.00195541 -0.0518011
-0.0335313 -0.00229302 -0.0508761
-0.0331774 -0.00257896 -0.0502349
-0.0333738 -0.00296962 -0.0501188
-0.034007 -0.00353404 -0.050558
-0.0345421 -0.00409657 -0.0513241
-0.034319 -0.00437588 -0.0521052
-0.0333406 -0.00430753 -0.0526658
-0.0324449 -0.00403811 -0.0528867
-0.0318838 -0.00366709 -0.0527827
-0.0302945 -0.00321805 -0.0524669
-0.0260696 -0.00270326 -0.0520806
-0.0196872 -0.00204168 -0.0518005
-0.0130916 -0.0011378 -0.0518914
-0.00779303 -0.000168817 -0.0526252
-0.00448556 0.000491661 -0.0540423
-0.00245193 0.00076133 -0.055852
0.000435808 0.000933902 -0.0575825
0.00636121 0.00125675 -0.0587609
0.0162198 0.00177648 -0.0591705
0.028749 0.00246698 -0.0590287
0.0411261 0.00319003 -0.0588486
0.0505974 0.00367434 -0.05914
0.054433 0.00377533 -0.0600951
0.0509767 0.00370299 -0.0614676
0.0425393 0.0037326 -0.0627488
0.0339638 0.00378394 -0.0633653
0.0295225 0.00371507 -0.0628743
0.0304992 0.00373767 -0.0612783
0.0324721 0.00399812 -0.0590681
0.0296253 0.00414913 -0.0569771
0.0220179 0.00368346 -0.0556681
0.0135245 0.00249946 -0.0553322
0.0062736 0.00114261 -0.0555787
-0.000545683 0.000244155 -0.0559173
-0.00972675 -0.000356304 -0.0561026
-0.0230178 -0.00131986 -0.0559275
-0.0373984 -0.00276412 -0.0550785
-0.045765 -0.00416366 -0.0533071
-0.0448932 -0.0050028 -0.0506781
-0.0412206 -0.00511672 -0.0477702
-0.0436478 -0.0048228 -0.0456358
-0.0544187 -0.00494082 -0.0451437
-0.0695784 -0.00601348 -0.0461794
-0.0827217 -0.0073805 -0.0477467
-0.0883314 -0.00791504 -0.0488174
-0.0853475 -0.00746493 -0.0487929
-0.0756958 -0.0066335 -0.0478197
-0.0600823 -0.00579707 -0.0467279
-0.0405413 -0.00507566 -0.0464548
-0.0240989 -0.00450369 -0.0475488
-0.0186071 -0.00392069 -0.0500312
-0.0257207 -0.00322471 -0.0533921
-0.0373884 -0.00258484 -0.0565709
-0.0420294 -0.00205036 -0.0583381
-0.0354914 -0.00125708 -0.0580048
-0.0224017 8.27187e-05 -0.0558563
-0.0105853 0.00155312 -0.0530216
-0.00544185 0.00237484 -0.0508262
-0.0065549 0.00235141 -0.050104
-0.0119129 0.00182782 -0.0510653
-0.0232021 0.000905677 -0.0531781
-0.0421482 -0.000482032 -0.0553503
-0.0646462 -0.00211709 -0.0564698
-0.0806699 -0.003654 -0.0556244
-0.0819013 -0.00495984 -0.0524308
-0.0693961 -0.00611328 -0.0477551
-0.0516713 -0.00704881 -0.0432759
-0.0388753 -0.00757461 -0.0410547
-0.0379361 -0.00800201 -0.0413028
-0.0473198 -0.00888276 -0.0439569
-0.0587189 -0.010174 -0.0486112
-0.0683212 -0.0112806 -0.053467
-0.0785344 -0.011352 -0.0565747
-0.0902944 -0.00985557 -0.0567319
-0.100243 -0.00741058 -0.0540235
-0.105464 -0.00554062 -0.0494741
-0.107233 -0.00498528 -0.0443301
-0.107193 -0.00479393 -0.0395654
-0.108088 -0.00415204 -0.0364634
-0.112663 -0.00374211 -0.0353267
-0.120046 -0.00439288 -0.0365238
-0.126751 -0.00620343 -0.040035
-0.127597 -0.00898708 -0.044702
-0.12015 -0.012105 -0.0490074
-0.105104 -0.0142365 -0.0515251
-0.0807522 -0.0145129 -0.0517417
-0.0456169 -0.0135579 -0.0506252
-0.00372938 -0.0123849 -0.0494785
0.0358459 -0.0108111 -0.049758
0.06433 -0.00813303 -0.0519702
0.081035 -0.00468163 -0.0566426
0.092913 -0.00100746 -0.0627635
0.105475 0.00343021 -0.0693069
0.116553 0.00906992 -0.0748302
0.122017 0.0149701 -0.0779076
0.121012 0.0197634 -0.0790253
0.114987 0.0234461 -0.0784478
0.107835 0.0270051 -0.0757768
0.101044 0.0304542 -0.0714286
0.0943324 0.0325759 -0.0665715
0.0857406 0.0320845 -0.0627011
0.0689336 0.0287571 -0.0607469
0.044186 0.023473 -0.0602093
0.019805 0.0168622 -0.0606489
0.000177955 0.00894548 -0.0610106
-0.0205179 0.00061535 -0.0602607
-0.0529143 -0.0067306 -0.0578084
-0.0982928 -0.0133995 -0.0537633
-0.147549 -0.0207051 -0.048411
-0.189862 -0.0282668 -0.0416761
-0.217034 -0.0341084 -0.0342523
-0.225694 -0.0372074 -0.0266644
-0.220532 -0.0382454 -0.0216397
-0.217528 -0.0381404 -0.0196871
-0.231517 -0.0379007 -0.018285
-0.26083 -0.0391855 -0.0208377
-0.297372 -0.0421189 -0.0268165
-0.333162 -0.0441594 -0.0322811
-0.354717 -0.0431243 -0.0373471
-0.353699 -0.0385285 -0.0387963
-0.332873 -0.031271 -0.0368876
-0.300042 -0.0237724 -0.0360159
-0.264891 -0.0178297 -0.0346795
-0.232567 -0.0131462 -0.032935
-0.204028 -0.00889814 -0.0344186
-0.17824 -0.0050924 -0.0356683
-0.148309 -0.00189388 -0.0377825
-0.114196 0.000824321 -0.0429681
-0.0816845 0.00257719 -0.0476666
-0.0447721 0.00269869 -0.0541253
0.00197858 0.00232135 -0.061744
0.0573929 0.00305436 -0.0679505
0.117961 0.00477953 -0.0724094
0.175975 0.00724277 -0.0753734
0.225688 0.0106811 -0.0776464
0.261433 0.0145887 -0.0790603
0.281004 0.0183008 -0.0810642
0.287314 0.0223905 -0.0832209
0.278649 0.0272401 -0.084315
0.254705 0.0318289 -0.0850219
0.221519 0.0353501 -0.0846432
0.185075 0.0375993 -0.0831161
0.147135 0.0384933 -0.080056
0.107039 0.0382103 -0.0752098
0.0658055 0.0368731 -0.0692106
0.0231266 0.0338183 -0.0628693
-0.0198673 0.0283848 -0.0565981
-0.0588917 0.0207053 -0.051936
-0.0952048 0.0110579 -0.0480856
-0.133905 9.87683e-05 -0.0447022
-0.176386 -0.0111963 -0.0421187
-0.220479 -0.0223851 -0.0395282
-0.257169 -0.033334 -0.0370178
-0.273958 -0.0434418 -0.0344038
-0.262924 -0.0518416 -0.0311684
-0.219753 -0.0575971 -0.0280027
-0.144492 -0.0599578 -0.0259163
-0.0387993 -0.058971 -0.0247325
0.0982572 -0.0545555 -0.0250571
0.268403 -0.0470101 -0.0298911
0.474723 -0.0376593 -0.0389174
0.719725 -0.0259479 -0.0511854
1.00354 -0.0101617 -0.0661927
1.32751 0.00979224 -0.0818725
1.68888 0.0340062 -0.0946319
2.08044 0.0626585 -0.104631
2.50285 0.0940362 -0.112474
2.96193 0.125288 -0.118744
3.46279 0.155175 -0.124751
4.00805 0.183828 -0.129959
4.59571 0.210613 -0.134349
5.22544 0.235329 -0.137443
5.89759 0.259045 -0.138625
6.60809 0.282183 -0.137691
7.34141 0.303435 -0.135581
8.06563 0.321655 -0.133327
8.74249 0.336807 -0.131741
9.3376 0.348327 -0.130585
9.82211 0.354892 -0.130651
10.1716 0.355581 -0.133006
10.3651 0.349968 -0.138024
10.393 0.337747 -0.144482
10.2649 0.319312 -0.149651
10.003 0.29611 -0.151606
9.63193 0.269896 -0.149832
9.18553 0.241626 -0.142531
8.72815 0.210801 -0.131646
8.33463 0.175806 -0.121706
8.04986 0.136195 -0.10882
7.88215 0.0940568 -0.0885003
7.81435 0.0517099 -0.0680095
7.8254 0.00936988 -0.0384969
7.88427 -0.0319713 0.0204964
7.9184 -0.0673634 0.117169
7.8435 -0.0945302 0.200413
7.612 -0.115738 0.251729
7.20609 -0.132593 0.284745
6.60872 -0.147039 0.277168
5.81323 -0.162281 0.226062
4.84974 -0.18174 0.140107
3.76041 -0.206851 0.0383786
2.58739 -0.233277 0.00828614
1.36445 -0.249468 0.0535163
0.101653 -0.255947 0.143924
-1.172 -0.26562 0.247991
-2.42347 -0.277487 0.345779
-3.63716 -0.28462 0.471724
-4.77751 -0.29146 0.589899
-5.81806 -0.307033 0.692899
-6.75858 -0.33151 0.810907
-7.61039 -0.360846 0.930886
-8.40148 -0.393842 1.05643
-9.12944 -0.429788 1.21333
-9.7371 -0.469262 1.37057
-10.2467 -0.508117 1.51208
-10.784 -0.535731 1.66318
-11.3808 -0.549314 1.80293
-11.9824 -0.556811 1.86764
-12.5748 -0.564249 1.8662
-13.1696 -0.576909 1.87667
-13.7827 -0.603901 1.93848
-14.4003 -0.647835 2.00102
-14.9782 -0.701568 2.01445
-15.4924 -0.75759 1.99808
-15.946 -0.810963 1.98828
-16.3482 -0.857438 1.97971
-16.7096 -0.895141 1.96371
-17.0343 -0.924033 1.94562
-17.3228 -0.944296 1.92615
-17.5889 -0.957141 1.90291
-17.8405 -0.963284 1.87855
-18.0765 -0.962061 1.85775
-18.2885 -0.95393 1.83915
-18.456 -0.940289 1.82027
-18.5633 -0.921796 1.80298
-18.5979 -0.899658 1.78773
-18.5389 -0.877136 1.77095
-18.3763 -0.858895 1.75161
-18.1101 -0.848799 1.73025
-17.74 -0.848552 1.70263
-17.2729 -0.857213 1.66768
-16.7211 -0.87098 1.63075
-16.1053 -0.883564 1.58931
-15.4601 -0.88815 1.53586
-14.8154 -0.880272 1.46928
-14.1853 -0.859304 1.38779
-13.5778 -0.828201 1.28898
-12.991 -0.791515 1.17381
-12.4135 -0.753079 1.04504
-11.8288 -0.715345 0.908363
-11.2224 -0.679427 0.771541
-10.5834 -0.648298 0.64668
-9.89775 -0.629405 0.527111
-9.15786 -0.625734 0.41321
-8.37427 -0.631665 0.319197
-7.57386 -0.631716 0.244636
-6.78731 -0.604501 0.187803
-6.0316 -0.538684 0.143919
-5.30859 -0.437522 0.109758
-4.61492 -0.317766 0.082728
-3.95188 -0.198746 0.0578377
-3.31676 -0.09303 0.0263707
-2.69506 -0.00891553 -0.0198671
-2.07611 0.0512878 -0.078391
-1.46207 0.0975604 -0.134882
-0.861867 0.152561 -0.178251
-0.282603 0.232903 -0.199814
0.277323 0.333016 -0.195764
0.82067 0.435364 -0.18001
1.34409 0.525238 -0.164433
1.84755 0.592352 -0.158315
2.33899 0.630937 -0.165289
2.82238 0.645037 -0.180371
3.28618 0.650884 -0.196534
3.71443 0.666446 -0.20674
4.105 0.696794 -0.210207
4.4656 0.734746 -0.207229
4.79856 0.770059 -0.200475
5.10061 0.791341 -0.19594
5.37011 0.789208 -0.198747
5.60578 0.762545 -0.208638
5.79996 0.721128 -0.220758
5.94147 0.679025 -0.229088
6.02636 0.645006 -0.230638
6.06153 0.619684 -0.224873
6.05899 0.597141 -0.213487
6.03217 0.56901 -0.200825
5.9966 0.527919 -0.191731
5.96341 0.471461 -0.187547
5.9335 0.404435 -0.185631
5.90174 0.335924 -0.181296
5.86331 0.274396 -0.170505
5.81556 0.223921 -0.152417
5.75849 0.182921 -0.129214
5.69498 0.145587 -0.104484
5.62627 0.104614 -0.0817003
5.54768 0.0554562 -0.0632986
5.44879 0.000101325 -0.0495938
5.31364 -0.0537612 -0.0393578
5.12237 -0.0976378 -0.0317333
4.85961 -0.127169 -0.0267431
4.5214 -0.143397 -0.0259143
4.11219 -0.151271 -0.0307782
3.63991 -0.158043 -0.0417681
3.1182 -0.170816 -0.0566269
2.56904 -0.19164 -0.0701286
2.01448 -0.214314 -0.0799419
1.47017 -0.230381 -0.0847725
0.952766 -0.236437 -0.0808721
0.478465 -0.235498 -0.0678397
0.0508689 -0.233009 -0.0472128
-0.338034 -0.23327 -0.0196145
-0.699678 -0.239878 0.0111704
-1.0489 -0.254494 0.0452271
-1.39905 -0.277133 0.0872339
-1.75758 -0.306688 0.142354
-2.12736 -0.339583 0.210688
-2.5061 -0.370278 0.281932
-2.88624 -0.395076 0.34833
-3.25364 -0.415052 0.407818
-3.60007 -0.434415 0.459944
-3.92643 -0.455877 0.504746
-4.22579 -0.479632 0.540739
-4.48361 -0.506565 0.565105
-4.69385 -0.538655 0.577544
-4.86247 -0.576154 0.579481
-4.99707 -0.61551 0.575449
-5.10642 -0.652847 0.570472
-5.20879 -0.685327 0.565357
-5.32436 -0.709158 0.558969
-5.46079 -0.722038 0.554486
-5.61653 -0.725256 0.553748
-5.7894 -0.722011 0.553212
-5.96838 -0.713903 0.552389
-6.12986 -0.69964 0.554027
-6.25858 -0.676077 0.562412
-6.35994 -0.641006 0.578092
-6.44969 -0.595579 0.59979
-6.54823 -0.543935 0.628068
-6.68057 -0.491661 0.659888
-6.86362 -0.443109 0.689456
-7.09394 -0.399978 0.713031
-7.3503 -0.3615 0.731606
-7.60798 -0.325308 0.7496
-7.85069 -0.28853 0.769848
-8.07135 -0.248659 0.793722
-8.2712 -0.20519 0.821484
-8.4589 -0.160016 0.85207
-8.64501 -0.116408 0.882566
-8.83411 -0.0782853 0.910275
-9.01974 -0.049176 0.933946
-9.18763 -0.0313316 0.95377
-9.32625 -0.0251063 0.971158
-9.43133 -0.0285363 0.987383
-9.50058 -0.0392671 1.00348
-9.53357 -0.0571935 1.01884
-9.53569 -0.0842906 1.03109
-9.51259 -0.122831 1.03888
-9.46228 -0.17407 1.04153
-9.37904 -0.23736 1.03909
-9.26257 -0.309585 1.03265
-9.11701 -0.385637 1.0236
-8.94479 -0.460089 1.0127
-8.74619 -0.529368 1.00006
-8.52091 -0.59292 0.98469
-8.26689 -0.65268 0.964825
-7.98104 -0.71136 0.939204
-7.66168 -0.770253 0.907111
-7.30706 -0.827981 0.868418
-6.91425 -0.88114 0.823031
-6.4825 -0.926251 0.770658
-6.01519 -0.961373 0.711079
-5.51599 -0.986261 0.64394
-4.98941 -1.00119 0.569364
-4.4493 -1.00552 0.488797
-3.91947 -0.997191 0.406423
-3.42425 -0.973602 0.326469
-2.9861 -0.933765 0.253343
-2.62863 -0.881469 0.19912
-2.36289 -0.824303 0.161345
-2.16706 -0.761614 0.132234
-2.01097 -0.684203 0.106112
-1.86987 -0.591817 0.0803334
-1.70994 -0.493532 0.0548422
-1.50663 -0.393114 0.0241845
-1.25552 -0.287182 -0.0102406
-0.954324 -0.177318 -0.0458121
-0.597174 -0.0711106 -0.0780012
-0.189123 0.0285354 -0.0937269
0.252783 0.124901 -0.09439
0.712544 0.217345 -0.0826431
1.1837 0.298817 -0.0614396
1.66378 0.367341 -0.0400898
2.14902 0.428465 -0.0221688
2.63724 0.484932 -0.0132357
3.13401 0.531994 -0.0145367
3.64523 0.566744 -0.0263972
4.16455 0.593719 -0.0460466
4.67848 0.616032 -0.0695289
5.17343 0.630551 -0.0929235
5.63352 0.63387 -0.115103
6.0437 0.626387 -0.13612
6.40101 0.60917 -0.155007
6.71474 0.581395 -0.169337
6.99546 0.544425 -0.178913
7.24925 0.504204 -0.18494
7.48034 0.466451 -0.186983
7.68919 0.432351 -0.18394
7.87213 0.40058 -0.176255
8.02389 0.371104 -0.165823
8.14372 0.343208 -0.156012
8.22624 0.313606 -0.144129
8.25226 0.280182 -0.135492
8.22257 0.244517 -0.128453
8.15244 0.209571 -0.12048
8.043 0.17669 -0.113571
7.89907 0.146521 -0.104124
7.73286 0.120423 -0.0925333
7.55293 0.0985993 -0.0783351
7.36271 0.0791591 -0.0630052
7.16606 0.0606007 -0.0476501
6.96165 0.0439594 -0.0317292
6.73195 0.0318753 -0.0144475
6.45184 0.0260918 0.00131635
6.10325 0.0266458 0.0104919
5.67453 0.0323721 0.00889176
5.15801 0.0404867 -0.00402633
4.56047 0.0466499 -0.0255098
3.90333 0.0464097 -0.0475468
3.21438 0.0386728 -0.0617165
2.5153 0.0279522 -0.0712393
1.82114 0.0183256 -0.0731024
1.14414 0.00981048 -0.0532076
0.484233 -0.000149504 -0.0156579
-0.163966 -0.0141233 0.0294204
-0.79522 -0.0335493 0.0782277
-1.40037 -0.0608069 0.125754
-1.97466 -0.0970549 0.170725
-2.51116 -0.141197 0.220345
-3.00472 -0.191543 0.294027
-3.45367 -0.245849 0.39734
-3.85187 -0.301441 0.512024
-4.1957 -0.356952 0.627681
-4.49881 -0.411039 0.738608
-4.78486 -0.461744 0.838476
-5.06893 -0.508316 0.925547
-5.35291 -0.551973 0.999016
-5.63607 -0.596039 1.05729
-5.92137 -0.644067 1.09916
-6.20838 -0.698353 1.1251
-6.48854 -0.759572 1.1322
-6.75417 -0.826452 1.12139
-7.00269 -0.895122 1.09864
-7.22599 -0.959932 1.06959
-7.41536 -1.01694 1.04211
-7.57617 -1.06459 1.02141
-7.72096 -1.10198 1.00761
-7.85643 -1.12806 1.0003
-7.98622 -1.14105 1.00045
-8.11364 -1.13966 1.00718
-8.23361 -1.12415 1.0169
-8.33161 -1.0963 1.03047
-8.39715 -1.05972 1.04869
-8.427 -1.01867 1.06847
-8.41278 -0.976531 1.09013
-8.34661 -0.935716 1.11369
-8.2393 -0.89676 1.13521
-8.11303 -0.85891 1.14937
-7.98323 -0.822445 1.15153
-7.86101 -0.788817 1.13845
-7.7534 -0.760018 1.11069
-7.65244 -0.737923 1.06931
-7.54384 -0.723103 1.01515
-7.42047 -0.714465 0.950425
-7.27557 -0.709892 0.878027
-7.09701 -0.707141 0.801724
-6.87615 -0.70539 0.725185
-6.6129 -0.706624 0.651245
-6.30648 -0.714415 0.581971
-5.95404 -0.731413 0.520415
-5.55907 -0.756499 0.467692
-5.1267 -0.784686 0.420606
-4.6552 -0.811994 0.374104
-4.14292 -0.838337 0.328117
-3.59586 -0.865209 0.284812
-3.02304 -0.891846 0.244324
-2.43566 -0.913802 0.207231
-1.85163 -0.927307 0.174499
-1.28861 -0.933458 0.145623
-0.752956 -0.93299 0.118854
-0.245767 -0.921971 0.0942071
0.230714 -0.895969 0.0713664
0.680726 -0.854619 0.049788
1.11201 -0.799943 0.0291682
1.52308 -0.732117 0.00889052
1.90695 -0.651141 -0.0115364
2.26269 -0.559121 -0.0325871
2.59174 -0.45758 -0.0538253
2.88986 -0.345554 -0.0745251
3.15135 -0.223135 -0.094499
3.3768 -0.0942008 -0.113256
3.56915 0.0371462 -0.131005
3.72806 0.168771 -0.148541
3.85396 0.298245 -0.165867
3.95137 0.422641 -0.182558
4.02624 0.540787 -0.197969
4.08401 0.652831 -0.211451
4.13042 0.757704 -0.222585
4.1707 0.853013 -0.23097
4.20657 0.936909 -0.236166
4.23612 1.0084 -0.238175
4.25731 1.06582 -0.237846
4.26801 1.10685 -0.236358
4.264 1.13026 -0.234515
4.24029 1.13645 -0.232465
4.19287 1.12633 -0.230145
4.11868 1.10069 -0.227236
4.01591 1.06072 -0.223437
3.88544 1.00789 -0.218631
3.73142 0.942968 -0.212655
3.55974 0.865872 -0.205475
3.37596 0.77703 -0.197251
3.18419 0.678163 -0.188063
2.98686 0.571459 -0.177537
2.78452 0.458994 -0.165
2.57656 0.343207 -0.150054
2.36266 0.226923 -0.13272
2.14379 0.112402 -0.113161
1.92185 0.000965331 -0.0916528
1.69766 -0.106287 -0.068114
1.46768 -0.20823 -0.0427837
1.22215 -0.303878 -0.0158422
0.949819 -0.391727 0.0122619
0.643511 -0.470326 0.0410672
0.297584 -0.539226 0.0693431
-0.0924352 -0.598199 0.0959339
-0.524733 -0.647027 0.121082
-0.989602 -0.686212 0.146135
-1.47177 -0.717182 0.173985
-1.95592 -0.740551 0.205045
-2.42978 -0.756246 0.240274
-2.88062 -0.76548 0.27811
-3.29549 -0.770713 0.31734
-3.66826 -0.77403 0.357815
-4.0024 -0.775436 0.397995
-4.3049 -0.774096 0.439699
-4.58297 -0.769888 0.486047
-4.84301 -0.763443 0.536346
-5.0887 -0.756054 0.587776
-5.3225 -0.748858 0.638677
-5.54544 -0.742283 0.686333
-5.75492 -0.736474 0.728408
-5.9443 -0.731828 0.7633
-6.10535 -0.729036 0.790386
-6.2321 -0.728592 0.809554
-6.32234 -0.730223 0.821639
-6.37679 -0.732878 0.827879
-6.39863 -0.735155 0.829417
-6.39271 -0.735675 0.826691
-6.36407 -0.733357 0.81913
-6.31726 -0.72773 0.806386
-6.25661 -0.718939 0.788443
-6.18535 -0.70723 0.765365
-6.10379 -0.692435 0.737709
-6.00987 -0.674085 0.706378
-5.9013 -0.651745 0.672977
-5.77609 -0.62515 0.638694
-5.63226 -0.594535 0.603879
-5.46906 -0.5605 0.568794
-5.28784 -0.52347 0.533518
-5.09146 -0.483661 0.49795
-4.88422 -0.441206 0.461659
-4.67071 -0.396379 0.423994
-4.45311 -0.349672 0.384793
-4.23053 -0.301703 0.344881
-4.00085 -0.253117 0.304998
-3.76243 -0.20425 0.265184
-3.51489 -0.1548 0.226241
-3.25965 -0.105617 0.188784
-2.99969 -0.0605064 0.151776
-2.73932 -0.0225644 0.115604
-2.48302 0.00843886 0.080825
-2.23395 0.0344207 0.0484661
-1.9925 0.0565018 0.0197024
-1.75671 0.0747286 -0.00502785
-1.52616 0.0902912 -0.0251291
-1.30251 0.104134 -0.0409415
-1.0869 0.115036 -0.0531977
-0.879047 0.120306 -0.0627397
-0.679569 0.118682 -0.0708024
-0.48993 0.11088 -0.0784874
-0.309601 0.0972995 -0.0853637
-0.13692 0.0786553 -0.090429
0.0283939 0.0568456 -0.0924304
0.185131 0.0335261 -0.0908478
0.332006 0.00888072 -0.086551
0.467131 -0.0171433 -0.0814186
0.587549 -0.0437275 -0.0765783
0.691535 -0.0703795 -0.0726716
0.780198 -0.0972765 -0.0700895
0.856382 -0.123474 -0.0686423
0.923311 -0.146881 -0.0679794
0.984255 -0.166262 -0.0675065
1.04235 -0.181353 -0.0670469
1.09907 -0.191794 -0.0668133
1.15156 -0.197468 -0.0670455
1.19309 -0.199003 -0.0680665
1.21675 -0.196873 -0.0701387
1.21761 -0.19072 -0.07313
1.19292 -0.180124 -0.0767131
1.14237 -0.165184 -0.0804906
1.06763 -0.146169 -0.0841234
0.971861 -0.12348 -0.0873659
0.859689 -0.0982346 -0.0900526
0.735786 -0.0719642 -0.0921175
0.603079 -0.0457492 -0.0934368
0.462811 -0.0202278 -0.0938007
0.315411 0.00399756 -0.0928712
0.160989 0.0264468 -0.0901109
-0.000455187 0.0469359 -0.0849453
-0.168588 0.0652946 -0.0774166
-0.342618 0.0811623 -0.0680817
-0.521524 0.094024 -0.0575523
-0.703856 0.103196 -0.0462955
-0.888132 0.108086 -0.034341
-1.07389 0.108508 -0.0218893
-1.261 0.104524 -0.00926281
-1.44744 0.0962964 0.00349485
-1.62886 0.0842399 0.0164693
-1.8012 0.0689454 0.0297034
-1.96285 0.0509421 0.0431667
-2.11393 0.0307066 0.0570341
-2.25532 0.00865615 0.071672
-2.38913 -0.0150226 0.0872592
-2.51838 -0.0403538 0.103529
-2.64476 -0.0672345 0.120098
-2.7673 -0.0951445 0.136777
-2.88278 -0.123293 0.15378
-2.98695 -0.150884 0.17144
-3.07651 -0.177178 0.18961
-3.15065 -0.201559 0.207554
-3.21115 -0.223672 0.224489
-3.26103 -0.243514 0.240054
-3.30322 -0.261337 0.25405
-3.34003 -0.277431 0.265921
-3.37308 -0.29195 0.27484
-3.40294 -0.30481 0.280108
-3.42874 -0.315749 0.281392
-3.44832 -0.324574 0.279134
-3.45934 -0.331359 0.274233
-3.4602 -0.336289 0.267397
-3.4499 -0.339407 0.259028
-3.42747 -0.340665 0.249644
-3.39267 -0.340196 0.239884
-3.34669 -0.338466 0.230035
-3.29046 -0.336078 0.220306
-3.22321 -0.333465 0.210831
-3.144 -0.330824 0.201409
-3.05306 -0.328194 0.191734
-2.95099 -0.325497 0.18172
-2.83878 -0.3226 0.171553
-2.71888 -0.319475 0.161367
-2.59422 -0.316336 0.151114
-2.466 -0.313526 0.140542
-2.33411 -0.311252 0.129178
-2.19858 -0.309388 0.116661
-2.05937 -0.307521 0.103094
-1.91686 -0.305142 0.0889638
-1.77389 -0.301772 0.0748933
-1.63538 -0.297018 0.0614686
-1.50548 -0.290689 0.049573
-1.38698 -0.28276 0.0392115
-1.28208 -0.272987 0.0294871
-1.19149 -0.260904 0.0201499
-1.11349 -0.246474 0.0114718
-1.0451 -0.230026 0.00374712
-0.984541 -0.211593 -0.00298319
-0.931797 -0.191045 -0.00873556
-0.887713 -0.168527 -0.0134864
-0.85321 -0.144321 -0.0175257
-0.828306 -0.118665 -0.0212938
-0.811688 -0.0919355 -0.0247016
-0.801671 -0.0647392 -0.0270935
-0.796582 -0.0375595 -0.028711
-0.794263 -0.010515 -0.0301473
-0.792351 0.0161215 -0.0316118
-0.789321 0.04151 -0.0334989
-0.785008 0.0649639 -0.0361428
-0.780225 0.0864046 -0.0397159
-0.776276 0.105763 -0.0439943
-0.774754 0.122775 -0.0484984
-0.776882 0.137313 -0.0526203
-0.783067 0.14927 -0.0560395
-0.793426 0.158169 -0.0587911
-0.808281 0.163433 -0.0608392
-0.828251 0.164998 -0.062003
-0.853918 0.163161 -0.062046
-0.884801 0.15807 -0.0607633
-0.91907 0.149823 -0.0580991
-0.95463 0.138734 -0.0541583
-0.989704 0.125141 -0.0490563
-1.02275 0.109223 -0.0428689
-1.05363 0.0911723 -0.0356345
-1.08498 0.0712938 -0.0274294
-1.12116 0.0498532 -0.0181037
-1.16577 0.0268916 -0.00821472
-1.22093 0.0022824 0.00114409
-1.28761 -0.023869 0.00952016
-1.36511 -0.0509139 0.0169882
-1.45087 -0.0780481 0.023945
-1.54159 -0.104788 0.0307927
-1.63408 -0.130763 0.0378904
-1.72503 -0.155581 0.0454258
-1.81136 -0.179143 0.0534612
-1.89124 -0.201665 0.0622615
-1.96426 -0.223221 0.0714219
-2.03037 -0.243413 0.0804629
-2.08925 -0.26177 0.089493
-2.14058 -0.278246 0.0987981
-2.18494 -0.292922 0.108704
-2.22414 -0.305582 0.118849
-2.26063 -0.316049 0.128598
-2.29602 -0.324636 0.137359
-2.33076 -0.331939 0.144519
-2.36451 -0.338227 0.149585
-2.39645 -0.343335 0.152378
-2.42523 -0.347087 0.153046
-2.44943 -0.349416 0.151942
-2.46821 -0.350134 0.14954
-2.48106 -0.348873 0.146405
-2.4872 -0.345397 0.143028
-2.48586 -0.3398 0.139655
-2.47679 -0.332304 0.136403
-2.46005 -0.323043 0.13314
-2.43618 -0.312055 0.129708
-2.40711 -0.29946 0.126217
-2.37612 -0.285502 0.122859
-2.34677 -0.270345 0.119733
-2.32225 -0.254026 0.116768
-2.30466 -0.23671 0.113842
-2.29402 -0.218762 0.110816
-2.2882 -0.200498 0.107534
-2.28388 -0.182041 0.103917
-2.27729 -0.163446 0.099996
-2.26474 -0.144813 0.0957816
-2.244 -0.126212 0.0912424
-2.21478 -0.107636 0.0864166
-2.17752 -0.0891325 0.0814123
-2.13258 -0.0709518 0.0762535
-2.08071 -0.0534811 0.0708114
-2.02337 -0.0370447 0.064868
-1.96242 -0.0218348 0.0582689
-1.90009 -0.00798157 0.0510576
-1.83852 0.00441152 0.043522
-1.77874 0.0153019 0.0359169
-1.72073 0.0247113 0.0282873
-1.66465 0.0327001 0.0206798
-1.61085 0.0393586 0.0133164
-1.55927 0.0447888 0.00677822
-1.50998 0.0490259 0.00135389
-1.46364 0.0518996 -0.0031255
-1.4206 0.0531252 -0.00673971
-1.38061 0.052649 -0.00964294
-1.34354 0.0506687 -0.0119747
-1.30921 0.0473686 -0.0137003
-1.27699 0.0428944 -0.0146783
-1.24678 0.0374206 -0.0148228
-1.21972 0.0310171 -0.0141579
-1.19769 0.0235241 -0.0128015
-1.18298 0.0146698 -0.0111478
-1.17799 0.00430323 -0.00958793
-1.18389 -0.00748678 -0.00823161
-1.19947 -0.0204332 -0.00700776
-1.22187 -0.0342381 -0.00573873
-1.24856 -0.0485998 -0.00416151
-1.27774 -0.0631837 -0.00197772
-1.30767 -0.0777748 0.000988045
-1.33691 -0.092417 0.00472467
-1.36491 -0.107305 0.00902426
-1.39163 -0.122533 0.0135969
-1.41686 -0.137977 0.0182587
-1.44042 -0.153384 0.0230188
-1.46242 -0.168454 0.0280307
-1.48336 -0.182884 0.0334061
-1.50428 -0.196461 0.0390293
-1.52653 -0.209179 0.0445476
-1.55127 -0.221185 0.0495467
-1.57984 -0.232561 0.0537526
-1.6138 -0.243211 0.0571461
-1.65384 -0.252949 0.0599315
-1.69939 -0.261599 0.0623913
-1.74938 -0.268964 0.0648007
-1.80266 -0.274819 0.0677085
-1.85732 -0.278986 0.0712996
-1.91067 -0.281305 0.075256
-1.96026 -0.281661 0.0793331
-2.00408 -0.280184 0.0833327
-2.04057 -0.27716 0.0872587
-2.06962 -0.272695 0.0914143
-2.09332 -0.26672 0.0960074
-2.11508 -0.259174 0.10084
-2.13822 -0.250125 0.105495
-2.16438 -0.23988 0.109492
-2.19256 -0.228905 0.112461
-2.21974 -0.21754 0.114068
-2.24272 -0.205861 0.114088
-2.25898 -0.193773 0.112514
-2.26671 -0.181108 0.109531
-2.26579 -0.167732 0.105493
-2.25861 -0.153618 0.10085
-2.24883 -0.138887 0.0959694
-2.23966 -0.123833 0.0911088
-2.23325 -0.108843 0.0864322
-2.23008 -0.0942574 0.0820583
-2.22833 -0.0803093 0.0780985
-2.22515 -0.067123 0.0745719
-2.21878 -0.0546734 0.0714904
-2.20925 -0.0427828 0.0689788
-2.19793 -0.0312897 0.0672419
-2.18697 -0.0202662 0.066414
-2.17858 -0.0101015 0.0664021
-2.17395 -0.00137198 0.0668815
-2.1731 0.00538802 0.0674259
-2.17538 0.00984255 0.0677275
-2.17961 0.0118855 0.0677318
-2.1841 0.0116121 0.0675327
-2.18743 0.00928675 0.0672511
-2.1887 0.00523826 0.066982
-2.18669 -0.000295639 0.0667788
-2.17952 -0.00724015 0.0666627
-2.16545 -0.0156245 0.0665898
-2.14299 -0.0254804 0.0664649
-2.11068 -0.0367899 0.0661445
-2.06838 -0.0494451 0.0654735
-2.01823 -0.0631908 0.0644034
-1.96333 -0.0776394 0.0630191
-1.90671 -0.0924079 0.061402
-1.85162 -0.10724 0.0595038
-1.80078 -0.121963 0.0572434
-1.7551 -0.1364 0.0546196
-1.71412 -0.150374 0.051698
-1.67732 -0.163712 0.0486213
-1.64432 -0.176168 0.0455996
-1.6148 -0.187396 0.0428633
-1.58878 -0.197044 0.0408452
-1.56639 -0.204854 0.0396599
-1.54747 -0.210603 0.0389199
-1.53167 -0.214166 0.038404
-1.51816 -0.215764 0.0380716
-1.50546 -0.215863 0.0379061
-1.49216 -0.214754 0.0379917
-1.47802 -0.212476 0.0383121
-1.46396 -0.208974 0.0386425
-1.45129 -0.204186 0.038755
-1.441 -0.198179 0.0384914
-1.43372 -0.191211 0.0377535
-1.42969 -0.183639 0.0363969
-1.42861 -0.175824 0.0343094
-1.43033 -0.168073 0.0315415
-1.43522 -0.160569 0.0283197
-1.44368 -0.153344 0.0250119
-1.45617 -0.146327 0.0220166
-1.47356 -0.139437 0.0197006
-1.49626 -0.13269 0.0186007
-1.52329 -0.126174 0.0186583
-1.55271 -0.119956 0.0194443
-1.58218 -0.114244 0.0207365
-1.60908 -0.109484 0.0223978
-1.63129 -0.105863 0.0247457
-1.64816 -0.103005 0.0281548
-1.65999 -0.100453 0.0325243
-1.66738 -0.0981002 0.0374809
-1.67145 -0.0960981 0.042527
-1.6739 -0.0945582 0.0470703
-1.67637 -0.0935287 0.0505492
-1.68012 -0.0931334 0.0525495
-1.6865 -0.0934413 0.0529678
-1.69671 -0.0943168 0.0519189
-1.71092 -0.0954792 0.0497613
-1.72832 -0.0966495 0.0470022
-1.74768 -0.0975491 0.0441539
-1.76737 -0.0978306 0.0416846
-1.78561 -0.0971977 0.0399194
-1.80139 -0.0955533 0.0391409
-1.81453 -0.0929774 0.0394012
-1.82518 -0.089563 0.0403607
-1.83379 -0.0853827 0.041842
-1.84099 -0.0805881 0.0440867
-1.84705 -0.075364 0.0471705
-1.85231 -0.0698087 0.0507738
-1.85799 -0.0640528 0.0544977
-1.86563 -0.0584419 0.0579911
-1.87648 -0.0533858 0.0608422
-1.89138 -0.049176 0.0625952
-1.91071 -0.0460453 0.0630472
-1.93398 -0.0442065 0.0622401
-1.96011 -0.0437462 0.0603994
-1.98763 -0.0445616 0.0580043
-2.01401 -0.0464729 0.0556625
-2.03572 -0.0493817 0.053816
-2.04968 -0.0532909 0.0526377
-2.05447 -0.0582109 0.0521605
-2.0502 -0.0641239 0.0523157
-2.03812 -0.0710366 0.0530586
-2.02031 -0.0789561 0.0545194
-1.99878 -0.0878185 0.0567723
-1.97465 -0.0975631 0.0595802
-1.94853 -0.108206 0.062506
-1.92117 -0.119696 0.0651359
-1.89308 -0.13177 0.0671812
-1.86419 -0.144082 0.0684663
-1.83437 -0.156377 0.0688442
-1.80351 -0.16846 0.0681769
-1.7713 -0.180088 0.0663732
-1.73797 -0.190958 0.0634909
-1.70499 -0.200772 0.0598229
-1.67428 -0.209248 0.0558316
-1.647 -0.216136 0.0519592
-1.62329 -0.221277 0.0485824
-1.60232 -0.224614 0.0459602
-1.58222 -0.226018 0.0437057
-1.5611 -0.225168 0.0414308
-1.53774 -0.22187 0.0392205
-1.51159 -0.216315 0.0372679
-1.48299 -0.208768 0.0357911
-1.45383 -0.199392 0.0349377
-1.42698 -0.188463 0.0344194
-1.40513 -0.176345 0.0336819
-1.3902 -0.163325 0.0323683
-1.38311 -0.149687 0.0303132
-1.38382 -0.135755 0.0275763
-1.39179 -0.121796 0.0242719
-1.40674 -0.108025 0.020661
-1.42874 -0.0946526 0.0170989
-1.45752 -0.0818972 0.0139206
-1.49196 -0.0699781 0.0115227
-1.53033 -0.059089 0.0103339
-1.57043 -0.0495021 0.0101297
-1.6098 -0.0415988 0.0106334
-1.64664 -0.0355306 0.0120532
-1.68005 -0.0310474 0.0145731
-1.70966 -0.0279654 0.0182969
-1.73576 -0.0264275 0.0232217
-1.75974 -0.0265868 0.0293185
-1.78332 -0.0285184 0.0361813
-1.80744 -0.0324238 0.0430776
-1.83229 -0.0385318 0.0494592
-1.85776 -0.0466877 0.0550428
-1.88327 -0.0563511 0.0596087
-1.90801 -0.0670314 0.0629975
-1.93141 -0.0784187 0.0653026
-1.9529 -0.0902169 0.0667931
-1.97151 -0.102087 0.0677224
-1.98668 -0.113796 0.0682793
-1.99844 -0.125222 0.068626
-2.00668 -0.136138 0.0689545
-2.01123 -0.146162 0.0694501
-2.01261 -0.154881 0.0702757
-2.01188 -0.161983 0.0715551
-2.00988 -0.167263 0.0733171
-2.00752 -0.170619 0.0754915
-2.00599 -0.172136 0.0779273
-2.00623 -0.172084 0.0804166
-2.00889 -0.170783 0.0826919
-2.01453 -0.168489 0.0844855
-2.02323 -0.165396 0.0855915
-2.03451 -0.16166 0.0858698
-2.04777 -0.157366 0.0852915
-2.06217 -0.152545 0.0839949
-2.07619 -0.147279 0.0821881
-2.08814 -0.141755 0.0800247
-2.09705 -0.136218 0.077636
-2.10235 -0.130923 0.0751782
-2.10339 -0.126129 0.0728062
-2.09968 -0.122092 0.0706365
-2.09105 -0.11899 0.0687121
-2.07712 -0.116875 0.0670345
-2.05698 -0.115704 0.0655924
-2.02962 -0.115426 0.0643591
-1.99423 -0.116018 0.0632741
-1.95023 -0.117464 0.062199
-1.89805 -0.119745 0.0608958
-1.83957 -0.122843 0.0590968
-1.7771 -0.126715 0.0566113
-1.71271 -0.131241 0.0533195
-1.64868 -0.136218 0.0491471
-1.58727 -0.141385 0.044158
-1.52994 -0.146437 0.038585
-1.47696 -0.151051 0.0327764
-1.42776 -0.154938 0.0270534
