-4.73888e-07 -1.03699e-08 -0.0355954
-0.000183749 -1.24759e-06 -0.0355953
-0.000799873 -7.46329e-06 -0.0356064
-0.00164287 -1.96402e-05 -0.035648
-0.00233487 -3.29665e-05 -0.0356931
-0.00309814 -4.6149e-05 -0.0356914
-0.00461346 -6.406e-05 -0.0356704
-0.00708881 -8.95118e-05 -0.0356953
-0.00977494 -0.000120478 -0.0357634
-0.0114888 -0.00015356 -0.0357977
-0.0114954 -0.000181743 -0.0357052
-0.0101361 -0.000188284 -0.0354511
-0.00881095 -0.000163966 -0.0351062
-0.00853226 -0.00013208 -0.0348634
-0.00886725 -0.00013774 -0.0348837
-0.00951922 -0.000218199 -0.0350656
-0.0111785 -0.000371876 -0.0352287
-0.0136349 -0.000528585 -0.0353884
-0.0154607 -0.000586765 -0.0355517
-0.015884 -0.000518963 -0.0356174
-0.0148584 -0.000401029 -0.0355988
-0.0118369 -0.000309099 -0.0355368
-0.00674428 -0.000231821 -0.0353168
-0.00165177 -0.000117818 -0.0349269
0.00119739 3.83384e-05 -0.0347118
0.00161454 0.000183381 -0.034953
0.000249195 0.000227481 -0.0354192
-0.00203524 0.000114171 -0.0358371
-0.00350298 -7.63464e-05 -0.0362285
-0.00209054 -0.000160355 -0.0364592
0.00309862 -2.26919e-05 -0.0362899
0.0105679 0.000267249 -0.0358261
0.0174197 0.000522181 -0.0354286
0.021825 0.000608327 -0.0353029
0.0222376 0.000522177 -0.0353937
0.0170781 0.000339385 -0.0357867
0.00876989 0.000160075 -0.0366033
0.00297003 7.25115e-05 -0.0373073
0.00308104 0.0001022 -0.0372159
0.00797943 0.000223597 -0.0365032
0.0126401 0.000399641 -0.0357022
0.0133523 0.000569958 -0.0351754
0.0126009 0.000654933 -0.0351913
0.0125573 0.000572268 -0.0354619
0.00913053 0.000288039 -0.0355223
-0.000405074 -8.41421e-05 -0.0355809
-0.0118107 -0.000330787 -0.0359411
-0.0199753 -0.000382525 -0.0364387
-0.0228992 -0.000403491 -0.0367224
-0.0194584 -0.000517995 -0.0364341
-0.0119688 -0.000592279 -0.0353755
-0.00742493 -0.000451185 -0.033979
-0.00894594 -0.000154293 -0.0334041
-0.0136951 3.41009e-05 -0.0341464
-0.0205012 -0.000168114 -0.0351593
-0.0293789 -0.000768071 -0.035605
-0.0364283 -0.00133702 -0.0358707
-0.0369468 -0.00134415 -0.0359587
-0.0294892 -0.000756877 -0.0355059
-0.0158422 -9.43777e-05 -0.03477
-0.00244975 0.000160166 -0.0341024
0.0024985 -4.68473e-05 -0.0336328
-0.0033816 -0.000398303 -0.0338673
-0.0155466 -0.000567682 -0.035387
-0.026171 -0.0005546 -0.0374452
-0.0292057 -0.000552721 -0.0383475
-0.0247269 -0.000606353 -0.0374937
-0.0156784 -0.000479769 -0.0360028
-0.00338959 5.28057e-05 -0.0350473
0.00854739 0.000759285 -0.0345714
0.0129541 0.00109728 -0.0344142
0.00574419 0.000741831 -0.0348265
-0.010824 -5.34349e-05 -0.0355872
-0.0299119 -0.00071813 -0.0366187
-0.0439276 -0.000955402 -0.0381006
-0.0472302 -0.000881836 -0.0394564
-0.0391328 -0.000766352 -0.038551
-0.0229729 -0.000621304 -0.0354847
-0.00412818 -0.000410666 -0.0326959
0.00893891 -3.6431e-05 -0.0318691
0.00855428 0.000238423 -0.0323833
-0.00578036 1.48102e-05 -0.0334852
-0.0245354 -0.000805578 -0.0355761
-0.0400381 -0.0018947 -0.0376342
-0.0542561 -0.0024784 -0.0388146
-0.0663772 -0.00220687 -0.0398859
-0.0683836 -0.00130034 -0.0404484
-0.0561183 -0.000463009 -0.0392831
-0.0375545 -0.000163247 -0.0364623
-0.0231344 -0.000175592 -0.0336367
-0.0159852 -0.000145787 -0.0329233
-0.0179563 0.000202328 -0.0331699
-0.0281557 0.000574236 -0.0338628
-0.0416505 0.000180151 -0.0359748
-0.0540263 -0.000930589 -0.0380907
-0.0596063 -0.00208444 -0.0389473
-0.0563828 -0.00255936 -0.038597
-0.0443 -0.00210706 -0.0377163
-0.0207079 -0.00128201 -0.0365622
0.00865465 -0.000542683 -0.0337943
0.0321605 -0.000241564 -0.0316936
0.0433245 -0.000240359 -0.0314432
0.0446712 -7.38944e-05 -0.0329725
0.0433444 0.000212698 -0.0349774
0.0373556 0.000413015 -0.0364993
0.0241812 0.000406363 -0.0379572
0.0119457 0.000331141 -0.0391164
0.0104179 0.000713874 -0.0396402
0.0213633 0.00141324 -0.0396124
0.0330805 0.00208269 -0.039226
0.0369752 0.00265566 -0.0380996
0.0392019 0.00294643 -0.03661
0.0432496 0.00324963 -0.0354652
0.0416997 0.00332288 -0.0354536
0.0277393 0.00270378 -0.0362571
0.00752854 0.00159262 -0.0376079
-0.00845001 0.000323376 -0.0382583
-0.0248623 -0.000718262 -0.03804
-0.0493675 -0.00141497 -0.0383546
-0.0748108 -0.00205575 -0.0402752
-0.0874285 -0.00256755 -0.041998
-0.0824466 -0.00310093 -0.0411826
-0.0670275 -0.00349314 -0.0386713
-0.0496909 -0.00329122 -0.0354889
-0.0385912 -0.00256881 -0.032828
-0.0422646 -0.00188433 -0.0315436
-0.0604719 -0.0018759 -0.0321531
-0.0831486 -0.00235388 -0.035852
-0.101937 -0.00332649 -0.0412858
-0.118335 -0.00466747 -0.0463236
-0.135765 -0.00542562 -0.0507859
-0.148758 -0.00519032 -0.0526467
-0.148924 -0.00431322 -0.0508359
-0.132354 -0.00276529 -0.0471214
-0.101235 -0.000754214 -0.0429871
-0.065372 0.000512725 -0.0402805
-0.0393711 0.000547771 -0.0387928
-0.0297474 0.00033017 -0.036566
-0.0275831 0.000338099 -0.0357924
-0.0245739 0.000267368 -0.0370235
-0.0223261 0.00032421 -0.0374949
-0.0180833 0.000704564 -0.0381881
-0.00600436 0.000771409 -0.0390616
0.0107548 0.000366424 -0.0386328
0.0299836 8.02973e-05 -0.0368437
0.0527403 0.000140364 -0.0344346
0.0760386 0.000559961 -0.0333161
0.0952571 0.00104153 -0.0316833
0.105416 0.00165436 -0.0302449
0.105142 0.00221361 -0.0306121
0.0955502 0.0024117 -0.0316384
0.0774969 0.00265425 -0.0340105
0.0598188 0.00270837 -0.0359029
0.0486486 0.00234217 -0.037269
0.038057 0.00212968 -0.0381418
0.027546 0.00240452 -0.0377357
0.019563 0.00296251 -0.037787
0.0118057 0.00346952 -0.0381049
0.00398926 0.00344082 -0.0378899
-0.00659102 0.00258864 -0.0382973
-0.0220484 0.00115341 -0.0378546
-0.041666 -0.000506513 -0.0384244
-0.0648274 -0.00165744 -0.040743
-0.0843673 -0.00228538 -0.0432133
-0.0940595 -0.00288019 -0.0456384
-0.0928685 -0.0035346 -0.0456031
-0.0768421 -0.00452903 -0.042747
-0.0446538 -0.00538943 -0.0377047
0.00163414 -0.00537858 -0.0305699
0.0638507 -0.00404421 -0.0242437
0.144147 -0.0022365 -0.0180228
0.241516 -0.000687241 -0.00985064
0.350654 0.000496657 0.000501043
0.468158 0.000949723 0.0125229
0.593021 0.000765847 0.026023
0.724387 0.000722012 0.040954
0.865286 0.00176676 0.059945
1.01874 0.00354705 0.0837904
1.18723 0.00516724 0.111107
1.37621 0.00575979 0.142211
1.59315 0.00405663 0.17647
1.84177 -0.000383882 0.214822
2.11919 -0.00568391 0.259357
2.41883 -0.00982669 0.310648
2.73716 -0.0123002 0.3678
3.06939 -0.0132018 0.429746
3.39847 -0.0124756 0.495039
3.69627 -0.0106221 0.562574
3.93117 -0.00890619 0.629262
4.07577 -0.00804431 0.690896
4.11556 -0.00824539 0.74304
4.05169 -0.00967589 0.781585
3.89781 -0.0122494 0.8028
3.67811 -0.0154028 0.803348
3.42221 -0.0181412 0.783562
3.15572 -0.020005 0.749759
2.89168 -0.0209706 0.708979
2.6436 -0.020581 0.665752
2.46058 -0.0179455 0.620571
2.41008 -0.0128366 0.572885
2.5166 -0.00706577 0.533103
2.74833 -0.00387567 0.521668
3.03898 -0.00647021 0.546486
3.32985 -0.0148811 0.594511
3.58778 -0.0292968 0.640765
3.77982 -0.0479641 0.672602
3.8562 -0.0650971 0.689604
3.78284 -0.0762717 0.688331
3.56692 -0.0801923 0.665698
3.21352 -0.0764537 0.622965
2.71481 -0.066536 0.555764
2.09115 -0.0565962 0.461365
1.37906 -0.0520662 0.341747
0.595102 -0.0582701 0.224512
-0.248974 -0.0740525 0.131991
-1.08135 -0.0867681 0.065833
-1.815 -0.0893006 -0.0118217
-2.47743 -0.0829835 -0.071183
-3.0895 -0.078865 -0.0699895
-3.55103 -0.0820555 -0.0742231
-3.8257 -0.0867527 -0.0706796
-3.93887 -0.0882096 -0.0119548
-3.90806 -0.0880027 0.0513827
-3.82125 -0.0895806 0.100906
-3.76284 -0.0922489 0.16109
-3.74313 -0.0925263 0.202173
-3.76244 -0.0879509 0.218918
-3.84153 -0.0818409 0.250061
-3.9646 -0.0722684 0.28594
-4.09223 -0.0572218 0.282132
-4.2036 -0.0382405 0.241135
-4.30408 -0.0214105 0.197969
-4.41241 -0.0102057 0.174447
-4.53408 -0.00501374 0.156736
-4.65931 -0.00940998 0.117811
-4.7911 -0.0274814 0.0578388
-4.94633 -0.057836 0.00777203
-5.13577 -0.0935703 -0.0189543
-5.37093 -0.129215 -0.0305262
-5.66507 -0.161712 -0.0302679
-6.00922 -0.188364 -0.0234137
-6.36693 -0.205324 -0.0227922
-6.71241 -0.210772 -0.0270949
-7.03024 -0.205773 -0.0270765
-7.29595 -0.192184 -0.0303654
-7.49045 -0.171085 -0.0426638
-7.6069 -0.14551 -0.0558185
-7.64168 -0.121073 -0.0701081
-7.60078 -0.10321 -0.0880246
-7.49259 -0.0948891 -0.103555
-7.31913 -0.09596 -0.115518
-7.08978 -0.105027 -0.125935
-6.81677 -0.119881 -0.135853
-6.50613 -0.137441 -0.145289
-6.16884 -0.153189 -0.152874
-5.82777 -0.163204 -0.161183
-5.50482 -0.165275 -0.174076
-5.21487 -0.158552 -0.193331
-4.96931 -0.144314 -0.218086
-4.7725 -0.125661 -0.248311
-4.61909 -0.106988 -0.28244
-4.49435 -0.0925516 -0.314852
-4.37815 -0.0857107 -0.340899
-4.2512 -0.0878537 -0.359739
-4.09161 -0.100938 -0.365934
-3.87965 -0.125869 -0.360096
-3.61909 -0.156086 -0.346924
-3.33506 -0.179988 -0.326084
-3.05354 -0.186978 -0.301774
-2.78674 -0.173419 -0.281287
-2.53308 -0.140746 -0.267915
-2.28517 -0.0942515 -0.258938
-2.03143 -0.0465546 -0.250615
-1.7522 -0.013331 -0.238738
-1.43085 -0.00330081 -0.220812
-1.07308 -0.0129637 -0.196187
-0.701299 -0.0312419 -0.167591
-0.337728 -0.0450701 -0.139152
-0.00370533 -0.0427396 -0.105916
0.279816 -0.020116 -0.0637575
0.513706 0.0119079 -0.0201065
0.722217 0.0335956 0.0232835
0.927388 0.032596 0.065572
1.1403 0.0118445 0.107053
1.36146 -0.0162432 0.150557
1.57738 -0.0408401 0.192531
1.76911 -0.054002 0.229238
1.92412 -0.0496854 0.258997
2.03876 -0.0292616 0.282521
2.11547 -0.0035762 0.3024
2.16193 0.0135729 0.321396
2.18945 0.0144668 0.34059
2.20663 0.000486369 0.360312
2.21436 -0.0208827 0.379526
2.20603 -0.0396875 0.394777
2.17535 -0.0470884 0.402432
2.12586 -0.040971 0.401931
2.07125 -0.0280195 0.396244
2.02886 -0.0193646 0.389665
2.01411 -0.0238001 0.385186
2.03558 -0.0431681 0.385036
2.09038 -0.0722958 0.390489
2.16355 -0.10176 0.399577
2.23698 -0.122681 0.409064
2.30164 -0.132292 0.417103
2.35916 -0.135827 0.422917
2.41406 -0.142591 0.427124
2.46795 -0.159367 0.43166
2.51711 -0.186462 0.43749
2.55075 -0.218815 0.443017
2.55004 -0.249547 0.444675
2.49231 -0.272537 0.438974
2.35971 -0.284026 0.423883
2.14929 -0.283936 0.397676
1.88007 -0.276241 0.360422
1.58342 -0.266756 0.314724
1.28474 -0.260053 0.265048
0.999739 -0.257926 0.215417
0.738468 -0.259229 0.167764
0.502569 -0.260455 0.123292
0.286244 -0.257344 0.0832411
0.087548 -0.247819 0.0499087
-0.0845553 -0.234477 0.0265923
-0.218328 -0.223594 0.0161909
-0.312071 -0.221355 0.0170887
-0.376171 -0.232131 0.0220852
-0.431003 -0.255068 0.0265984
-0.495792 -0.279959 0.0361404
-0.57333 -0.294742 0.0543323
-0.657807 -0.294892 0.0733823
-0.749182 -0.280912 0.0882492
-0.85271 -0.254778 0.0985304
-0.969017 -0.219274 0.104229
-1.09152 -0.179977 0.107939
-1.21659 -0.147851 0.110589
-1.34267 -0.13183 0.110661
-1.46277 -0.13149 0.10939
-1.57352 -0.141499 0.110293
-1.68178 -0.157267 0.114481
-1.79483 -0.173634 0.119858
-1.91257 -0.183947 0.123092
-2.03082 -0.186003 0.121853
-2.14686 -0.184215 0.117634
-2.25909 -0.182537 0.110605
-2.36365 -0.180343 0.0979744
-2.45726 -0.174973 0.0803819
-2.54327 -0.165369 0.0638373
-2.62454 -0.15073 0.0565968
-2.69528 -0.128833 0.0614937
-2.7504 -0.101139 0.0750876
-2.79557 -0.0749967 0.0920945
-2.84092 -0.0572359 0.105478
-2.89187 -0.049674 0.111049
-2.94997 -0.051245 0.11045
-3.01441 -0.0590222 0.10716
-3.08149 -0.0679899 0.104629
-3.14883 -0.0725898 0.104886
-3.22068 -0.0705438 0.109602
-3.30377 -0.0643887 0.11833
-3.39906 -0.0574929 0.127646
-3.50158 -0.0514752 0.13292
-3.60258 -0.0464476 0.132187
-3.69104 -0.0408248 0.1268
-3.75825 -0.0318703 0.118622
-3.8031 -0.0184013 0.110885
-3.83193 -0.00333521 0.10764
-3.85196 0.0072423 0.110559
-3.86674 0.00789951 0.117397
-3.87555 -0.00344344 0.125573
-3.8731 -0.0252724 0.134633
-3.85088 -0.0527215 0.143639
-3.80126 -0.079104 0.151346
-3.72354 -0.0994498 0.157903
-3.627 -0.112801 0.163789
-3.52507 -0.12159 0.168506
-3.42504 -0.129449 0.171235
-3.32521 -0.139016 0.171259
-3.22009 -0.150426 0.168506
-3.10426 -0.161456 0.163773
-2.97224 -0.169433 0.157557
-2.81926 -0.173395 0.149643
-2.64283 -0.174704 0.139646
-2.44288 -0.176134 0.127624
-2.22288 -0.180432 0.113924
-1.99097 -0.189094 0.0988197
-1.75898 -0.201628 0.082297
-1.54426 -0.216162 0.064838
-1.36807 -0.22984 0.0460731
-1.24975 -0.238715 0.0273702
-1.19212 -0.240518 0.0092532
-1.17679 -0.234023 -0.0062193
-1.18575 -0.218672 -0.0186457
-1.20759 -0.198597 -0.0305882
-1.21658 -0.181443 -0.0463254
-1.18092 -0.168532 -0.0676932
-1.09179 -0.152744 -0.0869267
-0.954549 -0.132377 -0.0978981
-0.774187 -0.113671 -0.0990938
-0.559321 -0.0998367 -0.0901097
-0.317572 -0.0896822 -0.0721115
-0.0457707 -0.0846788 -0.0429572
0.256254 -0.0891506 -0.00505712
0.569322 -0.103428 0.0366058
0.875016 -0.118757 0.0833479
1.16873 -0.128722 0.135111
1.45091 -0.136132 0.186226
1.72152 -0.140525 0.232898
1.97318 -0.137391 0.275452
2.19593 -0.126218 0.312003
2.3804 -0.112291 0.343651
2.51822 -0.1001 0.3725
2.60908 -0.0894032 0.399137
2.66084 -0.0799819 0.424259
2.68399 -0.0751951 0.447868
2.687 -0.0785152 0.468771
2.67684 -0.0893003 0.48717
2.66385 -0.104561 0.503679
2.65739 -0.121271 0.518578
2.65691 -0.135498 0.531417
2.65698 -0.142434 0.541584
2.65591 -0.140009 0.550945
2.65666 -0.131056 0.561458
2.66423 -0.120199 0.572137
2.68296 -0.110551 0.586555
2.71705 -0.104821 0.603262
2.76935 -0.105679 0.616652
2.83804 -0.113291 0.621875
2.92056 -0.125241 0.618766
3.01059 -0.139063 0.610421
3.0952 -0.154208 0.599642
3.16455 -0.171423 0.591063
3.21104 -0.190462 0.585954
3.2263 -0.209844 0.58362
3.20019 -0.228013 0.580442
3.11987 -0.243058 0.574189
2.98109 -0.252346 0.561624
2.79069 -0.253217 0.538633
2.55728 -0.245215 0.503143
2.29075 -0.230566 0.454847
2.00096 -0.212876 0.396187
1.68859 -0.19661 0.332141
1.34813 -0.186099 0.267794
0.979058 -0.183759 0.205445
0.590542 -0.18732 0.147118
0.198654 -0.190746 0.103023
-0.176051 -0.188309 0.0743803
-0.511707 -0.179595 0.0572129
-0.788095 -0.169992 0.0495386
-0.991278 -0.165177 0.0464905
-1.12336 -0.168108 0.0491849
-1.19774 -0.177616 0.0604671
-1.22636 -0.186777 0.0880495
-1.22315 -0.188786 0.126836
-1.21365 -0.182425 0.165607
-1.225 -0.168181 0.205111
-1.26681 -0.147222 0.241207
-1.33462 -0.12271 0.269669
-1.42883 -0.098843 0.292102
-1.55215 -0.0785499 0.308399
-1.69563 -0.0620783 0.316987
-1.84685 -0.0493886 0.319325
-2.00158 -0.0417757 0.318296
-2.1585 -0.0410535 0.313032
-2.31367 -0.0489664 0.303584
-2.4654 -0.067069 0.292145
-2.61757 -0.0961546 0.280181
-2.77499 -0.134395 0.271242
-2.93779 -0.176226 0.268858
-3.09467 -0.21473 0.270734
-3.23194 -0.24401 0.272988
-3.3515 -0.259796 0.275798
-3.44983 -0.260546 0.276082
-3.51117 -0.247571 0.268617
-3.53529 -0.224432 0.257834
-3.52557 -0.19574 0.24738
-3.48119 -0.1659 0.236319
-3.41125 -0.139293 0.228465
-3.32533 -0.119365 0.225178
-3.23045 -0.108249 0.22386
-3.13652 -0.106256 0.222331
-3.05198 -0.111784 0.21894
-2.98062 -0.12211 0.211312
-2.92379 -0.133684 0.198167
-2.88188 -0.143453 0.180188
-2.85449 -0.150022 0.159446
-2.8428 -0.154152 0.137309
-2.84757 -0.158283 0.11458
-2.86208 -0.165109 0.0931222
-2.87051 -0.175961 0.0729412
-2.85592 -0.189662 0.0527516
-2.80507 -0.203018 0.0327713
-2.70766 -0.213336 0.0130032
-2.55769 -0.22016 -0.00544076
-2.35578 -0.225609 -0.0190662
-2.11271 -0.232695 -0.0281213
-1.84625 -0.241415 -0.031674
-1.56934 -0.24921 -0.0269792
-1.28779 -0.255544 -0.0165984
-1.0044 -0.262604 -0.00292729
-0.721224 -0.270454 0.012638
-0.44263 -0.274915 0.0266965
-0.178847 -0.27171 0.0396673
0.0604138 -0.260764 0.0554638
0.26991 -0.244464 0.0713212
0.444444 -0.223623 0.0852191
0.583757 -0.199209 0.100034
0.696738 -0.174048 0.116056
0.795351 -0.149949 0.131802
0.886054 -0.12598 0.145893
0.971927 -0.10123 0.157836
1.05486 -0.0766048 0.168075
1.13087 -0.0528701 0.17654
1.19219 -0.0297319 0.183049
1.23513 -0.00770374 0.188933
1.26237 0.0111545 0.195033
1.28004 0.0261491 0.200632
1.29399 0.0388071 0.204418
1.30949 0.0504556 0.206353
1.33321 0.0615274 0.207521
1.37145 0.0726418 0.208669
1.42428 0.084467 0.210175
1.48344 0.0964725 0.212723
1.53888 0.107081 0.216705
1.58552 0.114972 0.221199
1.62167 0.119522 0.224982
1.64498 0.120223 0.227765
1.65287 0.116729 0.229438
1.64401 0.109722 0.229205
1.61835 0.100965 0.226307
1.57567 0.0921733 0.220201
1.51605 0.0840805 0.210813
1.44197 0.076473 0.198804
1.35693 0.0685491 0.185441
1.26307 0.059067 0.172219
1.16369 0.0469351 0.159901
1.0646 0.0322692 0.148409
0.970914 0.0165243 0.137583
0.886159 0.00122708 0.127293
0.81452 -0.0131198 0.117238
0.759012 -0.0271376 0.10758
0.718034 -0.0421 0.0993303
0.684991 -0.0596648 0.0939053
0.650075 -0.0809197 0.0917469
0.601741 -0.105904 0.0918659
0.526922 -0.134069 0.0920601
0.415105 -0.163812 0.0905602
0.265172 -0.19223 0.0866953
0.0854516 -0.215942 0.08098
-0.112026 -0.232288 0.0740863
-0.319194 -0.241017 0.0664221
-0.53486 -0.244291 0.0581568
-0.759065 -0.244596 0.0494601
-0.988055 -0.244164 0.042384
-1.21201 -0.244439 0.03894
-1.41745 -0.245428 0.0407372
-1.59283 -0.246135 0.0486177
-1.73071 -0.245399 0.0614212
-1.8288 -0.241957 0.0763579
-1.89327 -0.234623 0.0903207
-1.93968 -0.223408 0.101917
-1.98649 -0.209836 0.111878
-2.04545 -0.195925 0.121067
-2.11728 -0.183405 0.129571
-2.19378 -0.17352 0.136975
-2.2627 -0.16616 0.14241
-2.31335 -0.159891 0.14544
-2.34145 -0.153399 0.146874
-2.35074 -0.146796 0.148279
-2.34984 -0.141337 0.150512
-2.34822 -0.138247 0.153247
-2.35218 -0.137995 0.1555
-2.36147 -0.139949 0.156283
-2.37044 -0.142289 0.155126
-2.37357 -0.142623 0.15148
-2.36834 -0.139304 0.145074
-2.35381 -0.132316 0.136249
-2.32983 -0.123033 0.12518
-2.29764 -0.113433 0.112185
-2.25935 -0.105184 0.0984585
-2.21602 -0.0986776 0.0850338
-2.16644 -0.0928434 0.0719208
-2.10739 -0.0861374 0.0587932
-2.03489 -0.0777934 0.0451367
-1.94661 -0.0680514 0.030372
-1.84461 -0.0576372 0.0143819
-1.73514 -0.0474515 -0.0021655
-1.62561 -0.0380823 -0.0181718
-1.52384 -0.0291258 -0.0318524
-1.43328 -0.0201476 -0.0441218
-1.35012 -0.0112356 -0.0563202
-1.26856 -0.00276686 -0.0676842
-1.18448 0.00419077 -0.0779063
-1.09786 0.00826499 -0.0869798
-1.01105 0.00812475 -0.0938792
-0.925315 0.00318894 -0.0981934
-0.842487 -0.00463656 -0.100859
-0.76479 -0.0121813 -0.101007
-0.691677 -0.0178374 -0.0984709
-0.62002 -0.0213684 -0.0944394
-0.546506 -0.0228632 -0.08927
-0.468015 -0.0231763 -0.0828263
-0.381262 -0.0243724 -0.0754278
-0.284856 -0.0284194 -0.0676428
-0.181715 -0.0354457 -0.0596769
-0.0777546 -0.0441997 -0.0509907
0.0214338 -0.053748 -0.0406797
0.111835 -0.0631492 -0.0285681
0.191521 -0.0710773 -0.0152542
0.261167 -0.0770488 -0.00218052
0.32249 -0.0820805 0.00954773
0.375942 -0.0870366 0.0193855
0.42076 -0.0917004 0.0272468
0.457028 -0.0959102 0.0334927
0.485972 -0.0996911 0.0384194
0.508023 -0.10259 0.0426087
0.52323 -0.104105 0.0466762
0.533445 -0.10467 0.0506842
0.540119 -0.105075 0.0542244
0.54081 -0.10548 0.0569946
0.53222 -0.105666 0.0583888
0.514305 -0.105402 0.0574956
0.488296 -0.104175 0.0538273
0.453702 -0.101251 0.0475948
0.409913 -0.09643 0.0393066
0.358701 -0.0902385 0.0295543
0.303509 -0.0833756 0.0189546
0.247837 -0.0764647 0.008179
0.194831 -0.0702165 -0.00219343
0.146373 -0.0651306 -0.0119127
0.101767 -0.0611157 -0.020929
0.0587313 -0.0576302 -0.0292654
0.01541 -0.0538512 -0.0368947
-0.0296513 -0.0488632 -0.0441319
-0.077925 -0.0421263 -0.0512541
-0.130374 -0.0339333 -0.0580319
-0.18781 -0.0252391 -0.064138
-0.25204 -0.0171866 -0.0692143
-0.325217 -0.0107476 -0.0732828
-0.407545 -0.00641966 -0.0766566
-0.496361 -0.00408776 -0.079432
-0.586762 -0.00311691 -0.0815361
-0.673356 -0.00258898 -0.0828781
-0.753252 -0.00164682 -0.0833873
-0.827494 -8.4387e-05 -0.0829322
-0.898149 0.00144192 -0.081471
-0.964973 0.00194606 -0.0790755
-1.02631 0.000863857 -0.0759687
-1.08123 -0.00175736 -0.0723228
-1.12874 -0.00553842 -0.0680787
-1.16609 -0.00976534 -0.0631698
-1.1906 -0.0135459 -0.05752
-1.20269 -0.0163962 -0.0509886
-1.20625 -0.0185903 -0.0435947
-1.2064 -0.0207882 -0.0358079
-1.20731 -0.0234645 -0.0283149
-1.21106 -0.0268158 -0.0217947
-1.21777 -0.0308284 -0.0166936
-1.22685 -0.0352666 -0.0131902
-1.23824 -0.0398733 -0.0112807
-1.25194 -0.0446926 -0.0109049
-1.26737 -0.0500291 -0.0119608
-1.28449 -0.05604 -0.0142284
-1.30364 -0.0625446 -0.0173217
-1.32326 -0.069235 -0.0208113
-1.33905 -0.0757719 -0.0244045
-1.34682 -0.0817122 -0.027949
-1.34443 -0.0866577 -0.0312997
-1.3307 -0.0905784 -0.0342452
-1.30468 -0.0938861 -0.0366314
-1.26675 -0.0971048 -0.0383924
-1.21935 -0.100547 -0.0395553
-1.1662 -0.104178 -0.0401562
-1.11088 -0.107676 -0.0402498
-1.05528 -0.110619 -0.0400833
-0.999029 -0.112665 -0.0400482
-0.940647 -0.113739 -0.0404242
-0.879447 -0.114139 -0.0413297
-0.816393 -0.114373 -0.0427539
-0.754073 -0.114809 -0.0445085
-0.696317 -0.115432 -0.0462011
-0.647082 -0.115896 -0.0474531
-0.608002 -0.115673 -0.048155
-0.57696 -0.114107 -0.0479713
-0.549691 -0.110613 -0.0473736
-0.522612 -0.105261 -0.047665
-0.494662 -0.09879 -0.0491608
-0.466965 -0.091903 -0.0512966
-0.440878 -0.0851284 -0.0533232
-0.416986 -0.0789513 -0.0547046
-0.39509 -0.0734626 -0.0552861
-0.373572 -0.0681493 -0.0554003
-0.349642 -0.062285 -0.0558847
-0.321358 -0.0554756 -0.0575964
-0.289526 -0.0477257 -0.0603879
-0.257795 -0.0391924 -0.0629096
-0.230756 -0.0301819 -0.0648529
-0.211346 -0.0213328 -0.0666538
-0.19967 -0.0132343 -0.0681733
-0.193935 -0.00601164 -0.0694898
-0.192073 0.000329009 -0.0708577
-0.193189 0.00574553 -0.0725481
-0.198265 0.0104449 -0.0747448
-0.209411 0.0148111 -0.0772791
-0.227866 0.0189032 -0.0796296
-0.2524 0.0223514 -0.0816128
-0.280087 0.0248355 -0.0832282
-0.308386 0.0262009 -0.0844315
-0.335966 0.0263014 -0.0853503
-0.361867 0.0251996 -0.086114
-0.384427 0.0233214 -0.0867742
-0.401325 0.0211712 -0.0872515
-0.410403 0.0189926 -0.0873681
-0.410512 0.0168263 -0.086994
-0.402444 0.0146544 -0.0860393
-0.389691 0.0122735 -0.0844186
-0.378062 0.00927739 -0.0821362
-0.373414 0.00524765 -0.0789811
-0.378995 -0.000109459 -0.0754791
-0.395269 -0.00676394 -0.0725816
-0.421752 -0.0143361 -0.0706584
-0.457822 -0.0223125 -0.069832
-0.502469 -0.0300767 -0.0698116
-0.554019 -0.0370986 -0.0700933
-0.609847 -0.0433497 -0.0701643
-0.666321 -0.0493228 -0.0697614
-0.719025 -0.0555425 -0.0688096
-0.763697 -0.062109 -0.0668933
-0.797672 -0.0687608 -0.0643158
-0.820301 -0.0752432 -0.0615686
-0.832295 -0.0812722 -0.0584398
-0.835686 -0.0863636 -0.0547223
-0.834066 -0.0901766 -0.050316
-0.831559 -0.0928005 -0.0456017
-0.831043 -0.094627 -0.0412232
-0.833817 -0.0960008 -0.0376685
-0.840705 -0.0971229 -0.0351355
-0.852096 -0.0982639 -0.0337382
-0.86751 -0.0996689 -0.0335132
-0.886351 -0.101291 -0.034299
-0.908278 -0.102797 -0.0357732
-0.932162 -0.10382 -0.0376517
-0.955412 -0.104134 -0.0397911
-0.974758 -0.103581 -0.0420942
-0.987346 -0.102026 -0.0443943
-0.991462 -0.0994462 -0.0464223
-0.986957 -0.0960081 -0.0481102
-0.975079 -0.0920114 -0.049472
-0.958279 -0.0877017 -0.0503983
-0.939935 -0.0831364 -0.0509307
-0.923174 -0.0783081 -0.0513595
-0.909575 -0.0732249 -0.0521015
-0.899172 -0.0678502 -0.0534788
-0.891549 -0.0621275 -0.0555588
-0.886245 -0.0561292 -0.0581422
-0.88215 -0.0500993 -0.0609623
-0.877529 -0.0442689 -0.0637442
-0.870931 -0.0387121 -0.0661951
-0.861549 -0.0333805 -0.0681581
-0.848703 -0.0281691 -0.0697191
-0.83155 -0.0229365 -0.0710707
-0.809436 -0.0175572 -0.0723849
-0.782537 -0.0120481 -0.0737638
-0.752502 -0.00664737 -0.0752259
-0.722485 -0.00172102 -0.0767188
-0.695931 0.00241765 -0.0782061
-0.674617 0.00563389 -0.079693
-0.657761 0.00799505 -0.0812446
-0.643152 0.00971643 -0.082925
-0.62908 0.0110533 -0.0846753
-0.615189 0.0121825 -0.0863371
-0.602017 0.0130864 -0.0874935
-0.590112 0.0135472 -0.0879989
-0.579207 0.0133716 -0.0879856
-0.56785 0.0125248 -0.0874481
-0.55377 0.0110464 -0.0865946
-0.535319 0.00905571 -0.0856819
-0.512755 0.00679828 -0.0848567
-0.488054 0.00449336 -0.0840069
-0.463902 0.00214729 -0.0828319
-0.442817 -0.000411346 -0.081178
-0.426817 -0.00339611 -0.0790593
-0.417373 -0.00701975 -0.0768356
-0.415221 -0.0114114 -0.0750027
-0.419907 -0.0165147 -0.0739072
-0.429703 -0.0220854 -0.0736413
-0.442766 -0.0277535 -0.0739151
-0.458509 -0.0332189 -0.0742205
-0.477177 -0.0383982 -0.0740809
-0.498012 -0.0433761 -0.0733235
-0.518322 -0.0482674 -0.0720822
-0.534542 -0.0531531 -0.0705705
-0.544058 -0.0580942 -0.0689248
-0.54632 -0.0630946 -0.067193
-0.543066 -0.0680506 -0.0653891
-0.537864 -0.0727775 -0.0634564
-0.534702 -0.0771066 -0.0612507
-0.535985 -0.0809338 -0.0587746
-0.541733 -0.0842092 -0.0563392
-0.550928 -0.0869558 -0.0543451
-0.563541 -0.0892949 -0.053067
-0.580796 -0.0913839 -0.0526188
-0.603785 -0.0932921 -0.0529216
-0.632604 -0.0949608 -0.0537215
-0.666369 -0.0962637 -0.0547081
-0.703003 -0.0970034 -0.0553362
-0.738915 -0.0968971 -0.0555792
-0.769522 -0.0958284 -0.0559653
-0.791104 -0.093985 -0.0565526
-0.802553 -0.0916226 -0.0570096
-0.805394 -0.0889637 -0.056941
-0.802808 -0.0861707 -0.0559386
-0.798562 -0.0831868 -0.0540964
-0.795868 -0.0797371 -0.0521224
-0.796495 -0.07553 -0.050592
-0.800216 -0.07047 -0.0498885
-0.80518 -0.064774 -0.0502414
-0.809906 -0.0589312 -0.0515834
-0.814914 -0.0534858 -0.0536013
-0.821936 -0.048783 -0.0559193
-0.832 -0.0448462 -0.0582123
-0.844575 -0.0413787 -0.0603417
-0.858018 -0.0378668 -0.0624237
-0.870525 -0.033824 -0.0647016
-0.880941 -0.0290844 -0.0673656
-0.888952 -0.0238913 -0.0704359
-0.894436 -0.0187522 -0.0737379
-0.897018 -0.0141974 -0.076895
-0.896517 -0.0105508 -0.0794382
-0.893299 -0.00780958 -0.0810365
-0.887994 -0.00564536 -0.0816883
-0.881138 -0.00355742 -0.0816789
-0.872985 -0.00113167 -0.0814034
-0.863636 0.001735 -0.0812261
-0.853537 0.00474458 -0.0813137
-0.843929 0.0072931 -0.0816068
-0.836655 0.00873733 -0.0819574
-0.833304 0.00871314 -0.0822271
-0.834309 0.00730258 -0.0823005
-0.838617 0.00495563 -0.0821281
-0.843964 0.00226581 -0.0818091
-0.847424 -0.00027488 -0.0814802
-0.846291 -0.002461 -0.0811638
-0.839067 -0.00444636 -0.080758
-0.825607 -0.00664233 -0.0800406
-0.806579 -0.00947822 -0.0787704
-0.783415 -0.0131776 -0.0768576
-0.75826 -0.0176683 -0.0744311
-0.732982 -0.0226347 -0.0717949
-0.708602 -0.0276578 -0.0693363
-0.686002 -0.0323929 -0.0673957
-0.666397 -0.0367235 -0.0661174
-0.650663 -0.040796 -0.0654419
-0.638852 -0.0448935 -0.0651872
-0.630774 -0.0492434 -0.0650793
-0.626264 -0.0538874 -0.0648375
-0.624556 -0.0586589 -0.0643108
-0.623765 -0.0631836 -0.0633061
-0.621411 -0.0669672 -0.0620658
-0.61567 -0.0697475 -0.0612376
-0.606022 -0.0716769 -0.0608968
-0.592865 -0.0730752 -0.0607336
-0.576878 -0.0742917 -0.0604999
-0.558981 -0.0756434 -0.0598286
-0.540501 -0.0771777 -0.0586198
-0.522927 -0.0786006 -0.0572814
-0.507719 -0.079494 -0.0561906
-0.496176 -0.0795718 -0.0556206
-0.489232 -0.0788029 -0.0557866
-0.487472 -0.0774279 -0.056684
-0.491179 -0.0758499 -0.0581192
-0.500389 -0.0744231 -0.0598743
-0.514967 -0.0732881 -0.0617523
-0.53438 -0.0723396 -0.0636385
-0.557425 -0.0712971 -0.06553
-0.582419 -0.0698328 -0.0674239
-0.607406 -0.0676652 -0.0690018
-0.629918 -0.0647018 -0.0704542
-0.647 -0.0612768 -0.0721749
-0.656464 -0.0579184 -0.0739024
-0.657966 -0.0549082 -0.0751588
-0.652513 -0.052348 -0.0753638
-0.641569 -0.0501834 -0.0742847
-0.626595 -0.0480904 -0.0724529
-0.609024 -0.0455697 -0.070373
-0.590676 -0.0422708 -0.0682235
-0.574066 -0.0383453 -0.0663556
-0.56229 -0.0343032 -0.0651222
-0.558383 -0.0306754 -0.0647298
-0.564422 -0.0278555 -0.0652172
-0.580817 -0.0260033 -0.0665
-0.605848 -0.0249742 -0.0683876
-0.635985 -0.0243309 -0.0706824
-0.667208 -0.0235996 -0.0732222
-0.696145 -0.0225491 -0.0757738
-0.720391 -0.0212221 -0.0780267
-0.73852 -0.0197939 -0.0795446
-0.749917 -0.0184114 -0.0801004
-0.75418 -0.0171583 -0.079976
-0.750817 -0.0160493 -0.0794412
-0.739825 -0.0149407 -0.0784142
-0.722416 -0.0136202 -0.0769552
-0.701375 -0.0120903 -0.0753533
-0.680916 -0.0105679 -0.0737623
-0.665726 -0.00930915 -0.0722754
-0.659396 -0.00859867 -0.0711144
-0.663164 -0.00869971 -0.0705941
-0.676015 -0.00970499 -0.0709526
-0.695969 -0.0114509 -0.072222
-0.721192 -0.0136302 -0.0741867
-0.749779 -0.0159788 -0.0765452
-0.778938 -0.0183405 -0.0789306
-0.805021 -0.0206781 -0.080952
-0.824589 -0.0230546 -0.0822663
-0.835353 -0.0255699 -0.0825986
-0.836528 -0.0282678 -0.0818846
-0.828821 -0.0310673 -0.0802837
-0.813719 -0.0338175 -0.0780362
-0.792626 -0.0364348 -0.0753894
-0.766715 -0.0389295 -0.0725583
-0.737681 -0.0413497 -0.069675
-0.70834 -0.0437974 -0.0668642
-0.681922 -0.0464257 -0.0642651
-0.660649 -0.0493156 -0.0620166
-0.645046 -0.0523953 -0.0602543
-0.634181 -0.0555028 -0.0590283
-0.626498 -0.0584844 -0.0583411
-0.621034 -0.0612306 -0.0581868
-0.61822 -0.0636771 -0.0584991
-0.619262 -0.0658134 -0.0591115
-0.62422 -0.0676597 -0.0598361
-0.63077 -0.0691905 -0.0604377
-0.635007 -0.0702486 -0.0606466
-0.633256 -0.0706708 -0.0608243
-0.623574 -0.0705331 -0.0612908
-0.606428 -0.0700098 -0.0617354
-0.584171 -0.0691674 -0.0618453
-0.55963 -0.0680937 -0.0614171
-0.535007 -0.0668429 -0.0603333
-0.511753 -0.0652743 -0.0591016
-0.491276 -0.0632202 -0.0584384
-0.475508 -0.0607142 -0.0585943
-0.466595 -0.0579504 -0.0597338
-0.466421 -0.0551446 -0.0617712
-0.47638 -0.0524732 -0.0643445
-0.496739 -0.050031 -0.0671215
-0.525947 -0.0477824 -0.0699202
-0.560811 -0.0455715 -0.072677
-0.597108 -0.0432464 -0.0753943
-0.630276 -0.0408212 -0.0779252
-0.65675 -0.0384466 -0.0803592
-0.675369 -0.0361817 -0.0824878
-0.686888 -0.0340481 -0.0837835
-0.69232 -0.0321415 -0.0841292
-0.692508 -0.0303886 -0.0835982
-0.688283 -0.0285345 -0.0823758
-0.680499 -0.0264662 -0.0805225
-0.670506 -0.0243913 -0.0782677
-0.660646 -0.02262 -0.0759967
-0.653816 -0.0213563 -0.0739248
-0.652426 -0.0207825 -0.0721993
-0.657927 -0.020956 -0.070902
-0.670661 -0.0216774 -0.0701084
-0.689594 -0.0226303 -0.0698104
-0.712383 -0.0236106 -0.0698985
-0.736005 -0.0246207 -0.0702736
-0.757764 -0.0257509 -0.0708064
-0.775984 -0.0270972 -0.0712894
-0.789911 -0.0287292 -0.0714733
-0.799124 -0.0306201 -0.0712186
-0.803261 -0.0325975 -0.0705224
-0.802394 -0.0343661 -0.0694306
-0.797139 -0.0356438 -0.0680358
-0.788271 -0.0363162 -0.0665138
-0.776897 -0.0364767 -0.0650576
-0.765012 -0.0363777 -0.0637496
-0.755157 -0.0363421 -0.0626238
-0.749109 -0.0366645 -0.0617785
-0.747392 -0.0374847 -0.0613405
-0.750066 -0.0387133 -0.0613955
-0.757035 -0.0401252 -0.0619865
-0.767466 -0.0414896 -0.0630896
-0.779818 -0.0426506 -0.0645996
-0.79266 -0.0435677 -0.0663374
-0.805063 -0.0443216 -0.0680738
-0.816196 -0.0450628 -0.0696025
-0.824841 -0.0459121 -0.0707926
-0.829398 -0.0468899 -0.0716038
-0.828453 -0.0479299 -0.0720695
-0.821251 -0.0489287 -0.0721896
-0.80754 -0.0497897 -0.0719392
-0.787414 -0.0504562 -0.0713379
-0.761557 -0.05093 -0.0703805
-0.731303 -0.0512748 -0.0690323
-0.698404 -0.0515877 -0.067363
-0.664852 -0.0519609 -0.0655869
-0.632544 -0.0524514 -0.0639457
-0.602891 -0.0530685 -0.0626781
-0.576997 -0.0537791 -0.0619959
-0.55603 -0.0545112 -0.061946
-0.541006 -0.0551662 -0.0624115
-0.531608 -0.055653 -0.0632128
-0.525803 -0.0559151 -0.0641675
