8.41605e-07 -1.31154e-15 -0.055574
-0.000191213 9.44884e-08 -0.0555719
-0.000918856 -2.25104e-06 -0.0555593
-0.00224134 -2.2108e-05 -0.0555207
-0.00398113 -8.32114e-05 -0.0554347
-0.00615181 -0.000179518 -0.0552758
-0.009203 -0.000273996 -0.0550207
-0.0138109 -0.000383105 -0.0546557
-0.0201149 -0.000604229 -0.0541711
-0.0270709 -0.000999673 -0.0535494
-0.0326989 -0.00149856 -0.0527839
-0.0354811 -0.00195541 -0.0519424
-0.0359102 -0.00229302 -0.051196
-0.0358507 -0.00257896 -0.05075
-0.0364515 -0.00296962 -0.0507322
-0.0376717 -0.00353404 -0.0511159
-0.0387934 -0.00409657 -0.0517272
-0.038862 -0.00437588 -0.0523527
-0.0378144 -0.00430753 -0.0528388
-0.0366438 -0.00403811 -0.0530971
-0.0357021 -0.00366709 -0.0530689
-0.0336484 -0.00321805 -0.0527625
-0.0288905 -0.00270326 -0.0523458
-0.0218237 -0.00204168 -0.0521041
-0.014293 -0.0011378 -0.0522917
-0.00799236 -0.000168817 -0.0530443
-0.00400509 0.000491661 -0.0543094
-0.00169884 0.00076133 -0.055804
0.00136449 0.000933902 -0.0571511
0.00762537 0.00125675 -0.0580919
0.0180235 0.00177648 -0.0585963
0.0312697 0.00246698 -0.0587928
0.0443968 0.00319003 -0.0589084
0.0543675 0.00367434 -0.0592554
0.0583016 0.00377533 -0.0600267
0.0547633 0.00370299 -0.0610842
0.0463555 0.0037326 -0.062028
0.0378345 0.00378394 -0.0624093
0.0333195 0.00371507 -0.0619169
0.0343194 0.00373767 -0.0605571
0.0365648 0.00399812 -0.0587093
0.0338735 0.00414913 -0.0569992
0.0257791 0.00368346 -0.0559164
0.016051 0.00249946 -0.0555059
0.00738874 0.00114261 -0.0555183
-0.000353387 0.000244155 -0.0557013
-0.0101476 -0.000356304 -0.0558606
-0.0244445 -0.00131986 -0.0557552
-0.0403347 -0.00276412 -0.0549926
-0.050157 -0.00416366 -0.0532524
-0.0501499 -0.0050028 -0.0507922
-0.0465832 -0.00511672 -0.0484374
-0.0486969 -0.0048228 -0.0469773
-0.0595879 -0.00494082 -0.0467047
-0.0758652 -0.00601348 -0.0473276
-0.0904334 -0.0073805 -0.0481442
-0.0965943 -0.00791504 -0.0485892
-0.0931414 -0.00746493 -0.0485565
-0.0826379 -0.0066335 -0.0482786
-0.0661648 -0.00579707 -0.0479753
-0.0458696 -0.00507566 -0.0479448
-0.0288225 -0.00450369 -0.0487353
-0.0227232 -0.00392069 -0.0507062
-0.0291266 -0.00322471 -0.0535222
-0.0401522 -0.00258484 -0.0561776
-0.0442595 -0.00205036 -0.057543
-0.0369044 -0.00125708 -0.0570636
-0.0224148 8.27187e-05 -0.0551635
-0.0090628 0.00155312 -0.0529745
-0.00307305 0.00237484 -0.0515372
-0.00422691 0.00235141 -0.0511721
-0.0101327 0.00182782 -0.0517373
-0.022379 0.000905677 -0.0529921
-0.042773 -0.000482032 -0.0545027
-0.0669765 -0.00211709 -0.0554408
-0.0845988 -0.003654 -0.054809
-0.0871728 -0.00495984 -0.0521466
-0.075847 -0.00611328 -0.0482574
-0.0590843 -0.00704881 -0.0446762
-0.0467483 -0.00757461 -0.0432604
-0.046197 -0.00800201 -0.0439925
-0.0565466 -0.00888276 -0.0464472
-0.0693156 -0.010174 -0.0499545
-0.0801056 -0.0112806 -0.0532769
-0.0903973 -0.011352 -0.0554969
-0.100597 -0.00985557 -0.0558186
-0.108063 -0.00741058 -0.0538827
-0.111381 -0.00554062 -0.0500363
-0.112532 -0.00498528 -0.0452725
-0.112156 -0.00479393 -0.0406161
-0.112314 -0.00415204 -0.0376318
-0.116515 -0.00374211 -0.0370222
-0.124546 -0.00439288 -0.0387682
-0.133211 -0.00620343 -0.0419185
-0.137094 -0.00898708 -0.0453939
-0.132883 -0.012105 -0.0486686
-0.120006 -0.0142365 -0.0510624
-0.0958734 -0.0145129 -0.0520826
-0.059729 -0.0135579 -0.0520956
-0.0165771 -0.0123849 -0.0518003
0.0246724 -0.0108111 -0.0523125
0.0558648 -0.00813303 -0.0540291
0.0761001 -0.00468163 -0.0578293
0.0917904 -0.00100746 -0.0631331
0.10898 0.00343021 -0.0687487
0.126007 0.00906992 -0.0730562
0.137764 0.0149701 -0.0749949
0.141847 0.0197634 -0.0753293
0.139547 0.0234461 -0.0743868
0.136018 0.0270051 -0.0717814
0.132824 0.0304542 -0.0678673
0.128241 0.0325759 -0.0637422
0.119099 0.0320845 -0.0606805
0.0987253 0.0287571 -0.0593039
0.0684759 0.023473 -0.0588122
0.0373407 0.0168622 -0.0588842
0.00945434 0.00894548 -0.0590883
-0.0198781 0.00061535 -0.0588194
-0.0599514 -0.0067306 -0.0573352
-0.112322 -0.0133995 -0.0542484
-0.169223 -0.0207051 -0.0496386
-0.219459 -0.0282668 -0.0435869
-0.252501 -0.0341084 -0.0370453
-0.264191 -0.0372074 -0.0308643
-0.259886 -0.0382454 -0.0277289
-0.256652 -0.0381405 -0.027405
-0.270721 -0.0379007 -0.0265236
-0.301813 -0.0391855 -0.0279175
-0.341469 -0.0421189 -0.0318039
-0.379206 -0.0441594 -0.0355338
-0.39914 -0.0431243 -0.0393819
-0.392886 -0.0385285 -0.0403286
-0.364927 -0.031271 -0.0389034
-0.324924 -0.0237724 -0.0388268
-0.284153 -0.0178297 -0.0378012
-0.247545 -0.0131462 -0.0357314
-0.214731 -0.00889814 -0.0365239
-0.184441 -0.0050924 -0.0373646
-0.150537 -0.00189388 -0.0393178
-0.113478 0.000824321 -0.04401
-0.0797167 0.00257719 -0.0481232
-0.0432632 0.00269869 -0.0539561
0.00278525 0.00232135 -0.0605949
0.0587976 0.00305436 -0.0660694
0.121744 0.00477953 -0.070604
0.182965 0.00724277 -0.0740288
0.236555 0.0106811 -0.076544
0.276337 0.0145887 -0.0777697
0.299402 0.0183008 -0.0791467
0.309688 0.0223905 -0.0803652
0.305938 0.0272401 -0.0806185
0.287179 0.0318289 -0.0808696
0.258349 0.0353501 -0.0801653
0.224648 0.0375993 -0.0781556
0.18776 0.0384933 -0.0746499
0.147134 0.0382103 -0.0698348
0.103957 0.0368731 -0.0645596
0.0576639 0.0338183 -0.0594317
0.00901588 0.0283848 -0.0544675
-0.0374242 0.0207053 -0.0508144
-0.0831947 0.0110579 -0.0476137
-0.133043 9.87683e-05 -0.0449236
-0.187246 -0.0111963 -0.0432953
-0.243287 -0.0223851 -0.0418605
-0.291684 -0.033334 -0.040645
-0.318848 -0.0434418 -0.0392437
-0.316108 -0.0518416 -0.0370113
-0.278469 -0.0575971 -0.0347341
-0.205385 -0.0599578 -0.0337193
-0.0987202 -0.058971 -0.0339762
0.0424566 -0.0545555 -0.035555
0.219647 -0.0470101 -0.04047
0.435216 -0.0376593 -0.0482615
0.692492 -0.0259479 -0.0583886
0.992861 -0.0101617 -0.0701885
1.33801 0.00979224 -0.0824497
1.72522 0.0340062 -0.0921276
2.14694 0.0626585 -0.0992301
2.60267 0.0940362 -0.104733
3.09615 0.125288 -0.10848
3.63177 0.155175 -0.111063
4.21279 0.183828 -0.112073
4.83672 0.210613 -0.111931
5.50238 0.235329 -0.110844
6.20974 0.259045 -0.108623
6.95377 0.282183 -0.105061
7.71745 0.303435 -0.10102
8.46785 0.321655 -0.0973355
9.16706 0.336807 -0.0944812
9.78066 0.348327 -0.0921612
10.2795 0.354892 -0.0911179
10.6393 0.355581 -0.0922744
10.8385 0.349968 -0.0960406
10.8665 0.337747 -0.101448
10.7316 0.319312 -0.10626
10.4556 0.29611 -0.108992
10.0634 0.269896 -0.109365
9.59032 0.241626 -0.105769
9.1029 0.210801 -0.100436
8.67696 0.175806 -0.0977584
8.3575 0.136195 -0.0931461
8.15408 0.0940568 -0.0818717
8.05101 0.0517099 -0.0711461
8.02789 0.00936988 -0.0509199
8.05743 -0.0319713 -0.00065551
8.07394 -0.0673634 0.0875963
7.99178 -0.0945302 0.164158
7.75391 -0.115738 0.208567
7.33624 -0.132593 0.23344
6.71984 -0.147039 0.22071
5.89655 -0.162281 0.170092
4.89491 -0.18174 0.0904679
3.76114 -0.206851 0.00174405
2.54548 -0.233277 -0.0138286
1.29142 -0.249468 0.04196
0.0109144 -0.255947 0.139782
-1.27564 -0.26562 0.245354
-2.5391 -0.277487 0.338962
-3.7668 -0.28462 0.459665
-4.92999 -0.29146 0.574034
-6.00539 -0.307033 0.67596
-6.98882 -0.33151 0.795748
-7.8861 -0.360846 0.918464
-8.72532 -0.393842 1.0447
-9.50206 -0.429788 1.20026
-10.1519 -0.469262 1.35358
-10.7006 -0.508117 1.48427
-11.2782 -0.535731 1.61837
-11.9138 -0.549314 1.74292
-12.5549 -0.556811 1.79671
-13.1858 -0.564249 1.78544
-13.8213 -0.576909 1.78516
-14.4782 -0.603901 1.83585
-15.1377 -0.647835 1.89192
-15.7519 -0.701568 1.90631
-16.2969 -0.75759 1.89584
-16.777 -0.810963 1.8955
-17.199 -0.857438 1.89948
-17.5744 -0.895141 1.89698
-17.9087 -0.924033 1.89162
-18.2021 -0.944296 1.88189
-18.4652 -0.957141 1.86324
-18.7047 -0.963284 1.83829
-18.9208 -0.962061 1.81175
-19.1079 -0.95393 1.78217
-19.2475 -0.940289 1.74903
-19.3258 -0.921796 1.71732
-19.3321 -0.899658 1.68981
-19.2466 -0.877136 1.66389
-19.0582 -0.858895 1.63876
-18.7658 -0.848799 1.61531
-18.3689 -0.848552 1.58908
-17.8756 -0.857213 1.55777
-17.2989 -0.87098 1.52462
-16.66 -0.883564 1.48522
-15.993 -0.88815 1.43157
-15.3263 -0.880272 1.36286
-14.6727 -0.859304 1.277
-14.0388 -0.828201 1.1712
-13.423 -0.791515 1.04717
-12.8149 -0.753079 0.909107
-12.1989 -0.715345 0.76443
-11.5609 -0.679427 0.622803
-10.8929 -0.648298 0.501191
-10.1863 -0.629405 0.396588
-9.43485 -0.625734 0.306387
-8.64469 -0.631665 0.240025
-7.8326 -0.631716 0.191019
-7.01743 -0.604501 0.152662
-6.21178 -0.538684 0.116726
-5.42153 -0.437522 0.0792237
-4.65264 -0.317766 0.0428332
-3.91488 -0.198746 0.00976647
-3.2102 -0.09303 -0.0211325
-2.52734 -0.00891553 -0.0535698
-1.85675 0.0512878 -0.0877065
-1.1961 0.0975604 -0.117264
-0.543716 0.152561 -0.138767
0.101037 0.232903 -0.147977
0.736232 0.333016 -0.143999
1.35562 0.435364 -0.136238
1.94844 0.525238 -0.125258
2.50963 0.592352 -0.114343
3.04444 0.630937 -0.107624
3.55849 0.645037 -0.103374
4.04742 0.650884 -0.101143
4.50301 0.666446 -0.100515
4.9249 0.696794 -0.102997
5.31679 0.734746 -0.107905
5.67609 0.770059 -0.112395
5.99485 0.791341 -0.115326
6.26847 0.789208 -0.11865
6.49687 0.762545 -0.122572
6.67814 0.721128 -0.126013
6.80783 0.679025 -0.128455
6.88497 0.645006 -0.130872
6.91528 0.619684 -0.133648
6.90716 0.597141 -0.136102
6.87034 0.56901 -0.137573
6.81821 0.527919 -0.138428
6.7628 0.471461 -0.138427
6.70909 0.404435 -0.136695
6.65722 0.335924 -0.132861
6.6061 0.274396 -0.127106
6.55344 0.223921 -0.120024
6.49638 0.182921 -0.111711
6.43321 0.145587 -0.101668
6.36088 0.104614 -0.0897591
6.273 0.0554562 -0.0770185
6.16154 0.000101314 -0.0646932
6.01555 -0.0537612 -0.0540858
5.81939 -0.0976378 -0.0473026
5.55882 -0.127169 -0.046254
5.22802 -0.143397 -0.0522938
4.82801 -0.151271 -0.0646625
4.36249 -0.158043 -0.0806159
3.84138 -0.170816 -0.0960499
3.28521 -0.19164 -0.106667
2.71826 -0.214314 -0.111909
2.15978 -0.230381 -0.112286
1.62833 -0.236437 -0.107165
1.14009 -0.235498 -0.0974243
0.698169 -0.233009 -0.0829297
0.293742 -0.23327 -0.0618378
-0.0864057 -0.239878 -0.0353166
-0.457559 -0.254494 -0.00292818
-0.835248 -0.277133 0.0386412
-1.22909 -0.306688 0.0940483
-1.64215 -0.339583 0.161814
-2.07482 -0.370278 0.230166
-2.52214 -0.395076 0.292014
-2.97073 -0.415052 0.345615
-3.40777 -0.434415 0.39095
-3.82546 -0.455877 0.428916
-4.21235 -0.479632 0.458684
-4.55306 -0.506565 0.478393
-4.84031 -0.538655 0.488906
-5.08109 -0.576154 0.493356
-5.28792 -0.61551 0.496104
-5.47269 -0.652847 0.500642
-5.65095 -0.685327 0.506916
-5.83808 -0.709158 0.51262
-6.03967 -0.722038 0.519802
-6.25141 -0.725256 0.528912
-6.46446 -0.722011 0.534715
-6.66429 -0.713903 0.53577
-6.83272 -0.69964 0.535965
-6.96137 -0.676077 0.541985
-7.05626 -0.641006 0.555744
-7.13227 -0.595579 0.576907
-7.2116 -0.543935 0.606711
-7.31829 -0.491661 0.641932
-7.46544 -0.443109 0.676613
-7.64927 -0.399978 0.707164
-7.85362 -0.3615 0.734536
-8.05933 -0.325308 0.762269
-8.25171 -0.28853 0.791847
-8.42375 -0.248659 0.823719
-8.57689 -0.20519 0.857362
-8.71821 -0.160016 0.890902
-8.85616 -0.116408 0.920842
-8.99666 -0.0782853 0.944498
-9.13828 -0.049176 0.961525
-9.27198 -0.0313316 0.973173
-9.38913 -0.0251063 0.982183
-9.48565 -0.0285363 0.991433
-9.55706 -0.0392671 1.00255
-9.59928 -0.0571935 1.01445
-9.61506 -0.0842906 1.02449
-9.61042 -0.122831 1.0311
-9.58567 -0.17407 1.03311
-9.53728 -0.23736 1.02997
-9.46574 -0.309585 1.02227
-9.37361 -0.385637 1.01103
-9.25897 -0.460089 0.996494
-9.11682 -0.529368 0.978206
-8.94338 -0.59292 0.954983
-8.73597 -0.65268 0.925518
-8.49269 -0.71136 0.889167
-8.21343 -0.770253 0.846036
-7.89714 -0.827981 0.797023
-7.53952 -0.88114 0.742967
-7.13668 -0.926251 0.684079
-6.68861 -0.961373 0.619985
-6.19677 -0.986261 0.549687
-5.66464 -1.00119 0.472712
-5.10577 -1.00552 0.390221
-4.54416 -0.997191 0.306321
-4.00472 -0.973602 0.225393
-3.5115 -0.933765 0.153041
-3.09163 -0.881469 0.101772
-2.76006 -0.824303 0.0685105
-2.49415 -0.761614 0.0456643
-2.26022 -0.684203 0.0283235
-2.03428 -0.591817 0.0131352
-1.7842 -0.493532 -0.00132522
-1.48404 -0.393114 -0.0202348
-1.12715 -0.287182 -0.0436892
-0.714509 -0.177318 -0.0692099
-0.246761 -0.0711106 -0.0916496
0.269314 0.0285354 -0.097959
0.817773 0.124901 -0.0886557
1.3798 0.217345 -0.0674932
1.94127 0.298817 -0.0384585
2.49612 0.367341 -0.0104481
3.04337 0.428465 0.0138192
3.58432 0.484932 0.0297788
4.12314 0.531994 0.0356853
4.6637 0.566744 0.0296788
5.20194 0.593719 0.0146845
5.72741 0.616032 -0.00520588
6.2282 0.630551 -0.0269662
6.68983 0.63387 -0.0491698
7.09825 0.626387 -0.0704396
7.44965 0.60917 -0.0889532
7.75091 0.581395 -0.102163
8.01131 0.544425 -0.110488
8.23881 0.504204 -0.1157
8.4406 0.466451 -0.118364
8.6192 0.432351 -0.118679
8.77225 0.40058 -0.117128
8.89652 0.371104 -0.114437
8.99277 0.343208 -0.112673
9.054 0.313606 -0.107799
9.0598 0.280182 -0.104549
9.01139 0.244517 -0.101736
8.92505 0.209571 -0.0972309
8.80337 0.17669 -0.0940225
8.65137 0.146521 -0.0893726
8.48236 0.120423 -0.0832425
8.30488 0.0985993 -0.0742176
8.12073 0.0791591 -0.0629786
7.93237 0.0606007 -0.0501131
7.73726 0.0439594 -0.0351578
7.51647 0.0318753 -0.0180613
7.24379 0.0260918 -0.00266926
6.9009 0.0266458 0.00528659
6.47588 0.0323721 0.00174364
5.96075 0.0404867 -0.0128904
5.36138 0.0466498 -0.0347786
4.69786 0.0464097 -0.0551352
3.99637 0.0386728 -0.066416
3.27845 0.0279522 -0.0721695
2.56019 0.0183256 -0.0701671
1.85623 0.00981048 -0.0489468
1.16877 -0.000149504 -0.0133437
0.492692 -0.0141233 0.0273638
-0.169861 -0.0335493 0.0704479
-0.816915 -0.0608069 0.112253
-1.44832 -0.0970549 0.152803
-2.05579 -0.141197 0.199492
-2.62939 -0.191543 0.271245
-3.16467 -0.245849 0.371662
-3.65731 -0.301441 0.481437
-4.10446 -0.356952 0.589862
-4.51519 -0.411039 0.689695
-4.90734 -0.461744 0.775429
-5.29371 -0.508316 0.847541
-5.67719 -0.551973 0.906889
-6.05793 -0.596039 0.95328
-6.43978 -0.644067 0.986454
-6.82351 -0.698353 1.00777
-7.19988 -0.759572 1.01544
-7.55858 -0.826452 1.01126
-7.89365 -0.895122 1.00135
-8.19377 -0.959932 0.989753
-8.44785 -1.01694 0.981498
-8.66019 -1.06459 0.97934
-8.84353 -1.10198 0.981294
-9.00512 -1.12806 0.985155
-9.14818 -1.14105 0.990867
-9.27512 -1.13966 0.997584
-9.38045 -1.12415 1.00214
-9.45052 -1.0963 1.00633
-9.47688 -1.05972 1.01274
-9.4583 -1.01867 1.01978
-9.38818 -0.976531 1.02915
-9.26044 -0.935716 1.04227
-9.08726 -0.89676 1.05602
-8.89164 -0.85891 1.06579
-8.69032 -0.822445 1.0672
-8.4968 -0.788817 1.05576
-8.32084 -0.760018 1.03058
-8.15663 -0.737923 0.991912
-7.99101 -0.723103 0.940412
-7.81692 -0.714465 0.878071
-7.627 -0.709892 0.807435
-7.40842 -0.707141 0.732132
-7.15295 -0.70539 0.655359
-6.86233 -0.706624 0.579754
-6.5383 -0.714415 0.507752
-6.17982 -0.731413 0.442662
-5.79004 -0.756499 0.385884
-5.371 -0.784686 0.334419
-4.91753 -0.811994 0.283495
-4.42632 -0.838337 0.233162
-3.9025 -0.865209 0.185798
-3.3536 -0.891846 0.141921
-2.78882 -0.913802 0.102113
-2.22497 -0.927307 0.0679275
-1.68 -0.933458 0.0385893
-1.15976 -0.93299 0.0116158
-0.662745 -0.921971 -0.0122485
-0.188761 -0.895969 -0.0334497
0.267882 -0.854619 -0.0526312
0.715746 -0.799943 -0.0691656
1.15453 -0.732117 -0.0832117
1.578 -0.651141 -0.0948906
1.98376 -0.559121 -0.104549
2.37152 -0.45758 -0.112562
2.73675 -0.345554 -0.118896
3.07354 -0.223135 -0.123609
3.38077 -0.0942008 -0.126577
3.65959 0.0371462 -0.127766
3.90852 0.168771 -0.127595
4.12633 0.298245 -0.126323
4.31522 0.422641 -0.124225
4.47922 0.540787 -0.121634
4.62228 0.652831 -0.118868
4.74815 0.757704 -0.116176
4.85993 0.853013 -0.113493
4.95813 0.936909 -0.110356
5.04069 1.0084 -0.106318
5.10545 1.06582 -0.101649
5.14962 1.10685 -0.096998
5.16823 1.13026 -0.0928755
5.1555 1.13645 -0.0895737
5.10686 1.12633 -0.0874561
5.01923 1.10069 -0.0867007
4.89164 1.06072 -0.0873952
4.72636 1.00789 -0.0894235
4.52855 0.942968 -0.0922585
4.3044 0.865872 -0.0953819
4.05975 0.77703 -0.0984165
3.79974 0.678163 -0.101029
3.52849 0.571459 -0.102844
3.24867 0.458994 -0.103527
2.96203 0.343207 -0.103031
2.67062 0.226923 -0.101479
2.37707 0.112402 -0.0987254
2.08429 0.00096533 -0.0943051
1.7942 -0.106287 -0.087101
1.50503 -0.20823 -0.0762485
1.20963 -0.303878 -0.061357
0.897982 -0.391727 -0.0429957
0.560732 -0.470326 -0.0217883
0.189484 -0.539226 0.000624033
-0.221364 -0.598199 0.0225322
-0.670195 -0.647027 0.0440647
-1.14868 -0.686212 0.0664413
-1.64361 -0.717182 0.0921348
-2.1378 -0.740551 0.121058
-2.61558 -0.756246 0.154187
-3.06457 -0.76548 0.190385
-3.47455 -0.770713 0.22847
-3.84311 -0.77403 0.268233
-4.1762 -0.775436 0.308052
-4.48176 -0.774096 0.349234
-4.76741 -0.769888 0.394678
-5.03943 -0.763443 0.443929
-5.30123 -0.756054 0.494151
-5.55402 -0.748858 0.543608
-5.79743 -0.742283 0.589872
-6.02882 -0.736474 0.631073
-6.24273 -0.731828 0.66605
-6.43204 -0.729036 0.69448
-6.59105 -0.728592 0.71643
-6.71685 -0.730223 0.732739
-6.80833 -0.732878 0.744373
-6.86601 -0.735155 0.751994
-6.89262 -0.735675 0.755502
-6.89244 -0.733357 0.753965
-6.8703 -0.72773 0.746883
-6.8312 -0.718939 0.734209
-6.77879 -0.70723 0.716037
-6.71292 -0.692435 0.692995
-6.62993 -0.674085 0.666051
-6.52566 -0.651745 0.636641
-6.39695 -0.62515 0.605727
-6.2418 -0.594535 0.573752
-6.06028 -0.5605 0.54114
-5.85491 -0.52347 0.508166
-5.62962 -0.483661 0.474963
-5.38909 -0.441206 0.441132
-5.13762 -0.396379 0.405861
-4.87707 -0.349672 0.368759
-4.60673 -0.301703 0.330465
-4.32534 -0.253117 0.291654
-4.0324 -0.20425 0.252406
-3.72875 -0.1548 0.213822
-3.41748 -0.105617 0.177758
-3.1041 -0.0605064 0.143407
-2.79444 -0.0225644 0.110523
-2.49246 0.00843886 0.0803715
-2.20027 0.0344207 0.0537127
-1.91829 0.0565018 0.0304438
-1.64548 0.0747286 0.0102132
-1.38152 0.0902912 -0.00713096
-1.1278 0.104134 -0.0221654
-0.886237 0.115036 -0.0350942
-0.658109 0.120306 -0.0462411
-0.444633 0.118682 -0.0561511
-0.246417 0.11088 -0.065392
-0.0620905 0.0972995 -0.0737406
0.110747 0.0786553 -0.0806085
0.273378 0.0568456 -0.0851325
0.425316 0.0335261 -0.0869861
0.565193 0.00888072 -0.0869617
0.690813 -0.0171433 -0.0865785
0.799363 -0.0437275 -0.0864659
0.889418 -0.0703795 -0.0867044
0.962472 -0.0972765 -0.0874863
1.02251 -0.123474 -0.0887584
1.07449 -0.146881 -0.0903443
1.12278 -0.166262 -0.0919903
1.17093 -0.181353 -0.0936554
1.22063 -0.191794 -0.0952958
1.26904 -0.197468 -0.0968061
1.30904 -0.199003 -0.0981953
1.33341 -0.196873 -0.0995944
1.3372 -0.19072 -0.100972
1.31762 -0.180124 -0.102228
1.27408 -0.165184 -0.103318
1.20805 -0.146169 -0.104148
1.12254 -0.12348 -0.104468
1.02172 -0.0982346 -0.104022
0.909576 -0.0719642 -0.102654
0.788483 -0.0457492 -0.100241
0.659276 -0.0202278 -0.0967639
0.522001 0.00399757 -0.0921979
0.376289 0.0264468 -0.0863097
0.221524 0.0469359 -0.0787462
0.0573373 0.0652946 -0.0696633
-0.116196 0.0811623 -0.0595801
-0.298762 0.094024 -0.0488617
-0.48943 0.103196 -0.0376482
-0.686639 0.108086 -0.0257413
-0.889167 0.108508 -0.0132145
-1.09611 0.104524 -0.000413718
-1.30519 0.0962964 0.0124464
-1.51221 0.0842399 0.0252555
-1.71317 0.0689454 0.0378737
-1.90622 0.0509421 0.0501866
-2.09103 0.0307066 0.0624359
-2.26776 0.00865615 0.0751473
-2.43756 -0.0150226 0.0886753
-2.60239 -0.0403538 0.10284
-2.76318 -0.0672345 0.117241
-2.91879 -0.0951445 0.131663
-3.06598 -0.123293 0.146338
-3.20014 -0.150884 0.161596
-3.31718 -0.177178 0.177221
-3.41543 -0.201559 0.192369
-3.49576 -0.223672 0.206218
-3.56051 -0.243514 0.218548
-3.61257 -0.261337 0.229402
-3.65487 -0.277431 0.238447
-3.68977 -0.29195 0.245024
-3.71824 -0.30481 0.24855
-3.73942 -0.315749 0.248719
-3.75103 -0.324574 0.2459
-3.7505 -0.331359 0.240796
-3.73621 -0.336289 0.233868
-3.70752 -0.339407 0.225339
-3.66427 -0.340665 0.215667
-3.60725 -0.340196 0.205525
-3.53866 -0.338466 0.195261
-3.46023 -0.336078 0.185125
-3.37163 -0.333465 0.175293
-3.27198 -0.330824 0.165576
-3.16153 -0.328194 0.155605
-3.04106 -0.325497 0.145217
-2.91196 -0.3226 0.134594
-2.77731 -0.319475 0.123935
-2.64058 -0.316336 0.113276
-2.50334 -0.313526 0.102429
-2.36544 -0.311252 0.0909992
-2.22651 -0.309388 0.0786922
-2.08577 -0.307521 0.0656256
-1.94285 -0.305142 0.0522581
-1.80016 -0.301772 0.0391686
-1.66245 -0.297018 0.026903
-1.5339 -0.290689 0.0163152
-1.4173 -0.28276 0.00733857
-1.31463 -0.272987 -0.0010072
-1.2259 -0.260904 -0.0089165
-1.14857 -0.246474 -0.0159719
-1.07918 -0.230026 -0.0217792
-1.01566 -0.211593 -0.0262049
-0.957941 -0.191045 -0.0292836
-0.907091 -0.168527 -0.0311855
-0.864502 -0.144321 -0.03235
-0.830669 -0.118665 -0.0333043
-0.804623 -0.0919355 -0.0340053
-0.784846 -0.0647392 -0.0337648
-0.769637 -0.0375595 -0.0328196
-0.756674 -0.010515 -0.0317547
-0.743659 0.0161215 -0.0307073
-0.729592 0.04151 -0.0300438
-0.714891 0.0649639 -0.0301088
-0.700683 0.0864046 -0.03106
-0.688525 0.105763 -0.0327614
-0.680253 0.122775 -0.0348587
-0.677155 0.137313 -0.0367935
-0.679595 0.14927 -0.0382829
-0.687779 0.158169 -0.0393455
-0.702173 0.163433 -0.0399647
-0.723316 0.164998 -0.0400592
-0.751611 0.163161 -0.0394833
-0.786583 0.15807 -0.0381724
-0.826487 0.149823 -0.0361891
-0.869186 0.138734 -0.0336672
-0.91275 0.125141 -0.0307116
-0.955435 0.109223 -0.0272991
-0.996789 0.0911723 -0.0232951
-1.03909 0.0712938 -0.0186021
-1.08639 0.0498532 -0.0128943
-1.14228 0.0268916 -0.00651292
-1.20913 0.0022824 -0.000303908
-1.28817 -0.023869 0.00537397
-1.37863 -0.0509139 0.0104796
-1.4776 -0.0780481 0.0152308
-1.58132 -0.104788 0.0198479
-1.68611 -0.130763 0.024596
-1.7882 -0.155581 0.0296962
-1.88432 -0.179143 0.035271
-1.9728 -0.201665 0.0416526
-2.05346 -0.223221 0.0484671
-2.12634 -0.243413 0.0551998
-2.19115 -0.26177 0.0619708
-2.2478 -0.278246 0.0690727
-2.29696 -0.292922 0.0767743
-2.34027 -0.305582 0.0847272
-2.37999 -0.316049 0.0923628
-2.41792 -0.324636 0.0991695
-2.45489 -0.331939 0.104702
-2.49086 -0.338227 0.108645
-2.52508 -0.343335 0.110968
-2.55618 -0.347087 0.111845
-2.58265 -0.349416 0.111476
-2.60343 -0.350134 0.11012
-2.61769 -0.348873 0.108156
-2.62441 -0.345397 0.105923
-2.62284 -0.3398 0.10359
-2.61287 -0.332304 0.101277
-2.59466 -0.323043 0.098935
-2.56874 -0.312055 0.0965231
-2.53702 -0.29946 0.0942503
-2.50277 -0.285502 0.0923287
-2.46954 -0.270345 0.0907984
-2.44051 -0.254026 0.0895437
-2.4179 -0.23671 0.0884229
-2.402 -0.218762 0.0872778
-2.39086 -0.200498 0.0859872
-2.3812 -0.182041 0.0845354
-2.36914 -0.163446 0.0829682
-2.35088 -0.144813 0.0812211
-2.3241 -0.126212 0.079115
-2.28844 -0.107636 0.0765372
-2.24439 -0.0891325 0.0735139
-2.19251 -0.0709518 0.0700673
-2.1339 -0.0534811 0.0661248
-2.07024 -0.0370447 0.0615674
-2.00338 -0.0218348 0.0563536
-1.93547 -0.00798158 0.0506114
-1.8686 0.00441151 0.0446508
-1.80377 0.0153019 0.0386705
-1.74097 0.0247113 0.0325939
-1.68038 0.0327001 0.0263291
-1.62235 0.0393586 0.0200224
-1.56674 0.0447888 0.0142778
-1.51348 0.0490259 0.00946727
-1.46326 0.0518996 0.00549371
-1.41656 0.0531252 0.00224114
-1.37315 0.052649 -0.000541781
-1.33287 0.0506687 -0.0030597
-1.2955 0.0473686 -0.00535173
-1.26036 0.0428944 -0.00730437
-1.22731 0.0374206 -0.00875877
-1.19751 0.0310171 -0.0096271
-1.17298 0.0235241 -0.00988304
-1.15624 0.0146698 -0.00976828
-1.14988 0.00430323 -0.00957343
-1.15517 -0.00748678 -0.00939912
-1.17087 -0.0204332 -0.00926731
-1.19404 -0.0342381 -0.00913767
-1.22197 -0.0485998 -0.00887329
-1.25266 -0.0631837 -0.00822606
-1.28425 -0.0777748 -0.00697436
-1.31538 -0.092417 -0.0050569
-1.34579 -0.107305 -0.00262117
-1.3756 -0.122533 6.74973e-05
-1.40461 -0.137977 0.00282392
-1.4325 -0.153384 0.00566128
-1.45922 -0.168454 0.00873585
-1.48511 -0.182884 0.0121696
-1.51118 -0.196461 0.0158759
-1.53889 -0.209179 0.0195575
-1.56962 -0.221185 0.0228865
-1.6048 -0.232561 0.0256874
-1.64588 -0.243211 0.0280087
-1.69334 -0.252949 0.0300683
-1.74635 -0.261599 0.032114
-1.80368 -0.268964 0.0343516
-1.86407 -0.274819 0.0372493
-1.92551 -0.278986 0.0409058
-1.98528 -0.281305 0.0449242
-2.04083 -0.281661 0.0490582
-2.09009 -0.280184 0.0531562
-2.13135 -0.27716 0.0572386
-2.16441 -0.272695 0.0616732
-2.19131 -0.26672 0.0667241
-2.2156 -0.259174 0.0721329
-2.24079 -0.250125 0.077438
-2.26881 -0.23988 0.0821759
-2.29889 -0.228905 0.0860273
-2.32798 -0.21754 0.0887904
-2.35256 -0.205861 0.0903321
-2.36964 -0.193773 0.090626
-2.37716 -0.181108 0.0897823
-2.37493 -0.167732 0.0880324
-2.36547 -0.153618 0.0856571
-2.35265 -0.138887 0.0828918
-2.33994 -0.123833 0.0799386
-2.32967 -0.108843 0.0770067
-2.3223 -0.0942574 0.0743479
-2.31585 -0.0803093 0.072177
-2.30733 -0.067123 0.0705151
-2.29497 -0.0546734 0.0692713
-2.27883 -0.0427828 0.0683915
-2.26038 -0.0312897 0.0679119
-2.24207 -0.0202662 0.067883
-2.22653 -0.0101015 0.0682339
-2.21538 -0.00137198 0.0687575
-2.20887 0.00538802 0.0692207
-2.20641 0.00984255 0.0695176
-2.20686 0.0118855 0.0696985
-2.2085 0.0116121 0.0698141
-2.2099 0.00928675 0.0698185
-2.21021 0.00523826 0.0695863
-2.20826 -0.000295639 0.0689906
-2.20222 -0.00724015 0.0679954
-2.1903 -0.0156245 0.0666349
-2.17088 -0.0254804 0.0649659
-2.14232 -0.0367899 0.0630011
-2.1043 -0.0494451 0.0606876
-2.05879 -0.0631908 0.0579986
-2.00876 -0.0776394 0.0549877
-1.95712 -0.0924079 0.0516935
-1.9071 -0.10724 0.0480416
-1.86135 -0.121963 0.0439737
-1.82058 -0.1364 0.0395916
-1.78405 -0.150374 0.0351075
-1.75095 -0.163712 0.0307673
-1.72065 -0.176168 0.026787
-1.69258 -0.187396 0.0233175
-1.66665 -0.197044 0.0206741
-1.64297 -0.204854 0.0188377
-1.62144 -0.210603 0.0173205
-1.60171 -0.214166 0.015932
-1.58306 -0.215764 0.01478
-1.56418 -0.215863 0.0140064
-1.54382 -0.214754 0.0138204
-1.52185 -0.212476 0.0142079
-1.49933 -0.208974 0.0147911
-1.47778 -0.204186 0.0152014
-1.45847 -0.198179 0.0152202
-1.44238 -0.191211 0.0147666
-1.43008 -0.183639 0.0138191
-1.42147 -0.175824 0.0124003
-1.41651 -0.168073 0.0106251
-1.41563 -0.160569 0.00870752
-1.41925 -0.153344 0.00690693
-1.42785 -0.146327 0.00545142
-1.4424 -0.139437 0.00454679
-1.46343 -0.13269 0.00460846
-1.49007 -0.126174 0.00552696
-1.52041 -0.119956 0.00692465
-1.55211 -0.114244 0.00872354
-1.58254 -0.109484 0.01088
-1.60947 -0.105863 0.0136697
-1.63192 -0.103005 0.0174086
-1.64999 -0.100453 0.0219077
-1.6643 -0.0981002 0.0267008
-1.6761 -0.0960981 0.0313097
-1.68717 -0.0945582 0.0352449
-1.69901 -0.0935287 0.0381745
-1.71267 -0.0931334 0.0399323
-1.72924 -0.0934413 0.0405364
-1.74956 -0.0943168 0.0401288
-1.7735 -0.0954792 0.0389589
-1.79996 -0.0966495 0.0373433
-1.82751 -0.0975491 0.0356322
-1.85421 -0.0978306 0.0341796
-1.87792 -0.0971977 0.0332567
-1.89735 -0.0955533 0.0331342
-1.91224 -0.0929774 0.0338749
-1.92274 -0.089563 0.0351599
-1.92941 -0.0853828 0.0368176
-1.93308 -0.0805881 0.0390776
-1.93425 -0.075364 0.0419941
-1.93347 -0.0698087 0.0452695
-1.93212 -0.0640528 0.0486079
-1.93202 -0.0584419 0.05176
-1.93469 -0.0533858 0.0544039
-1.94133 -0.049176 0.0561944
-1.95266 -0.0460453 0.0569684
-1.96858 -0.0442065 0.0567073
-1.98828 -0.0437462 0.0555287
-2.01031 -0.0445616 0.053775
-2.0321 -0.0464729 0.0519401
-2.05003 -0.0493817 0.0503846
-2.06102 -0.0532909 0.0491931
-2.0637 -0.0582109 0.0483348
-2.05822 -0.0641239 0.0477324
-2.04593 -0.0710366 0.0473763
-2.02906 -0.0789561 0.0474497
-2.00971 -0.0878185 0.0480915
-1.98902 -0.0975631 0.0491439
-1.96755 -0.108206 0.0502377
-1.94593 -0.119696 0.0510224
-1.92442 -0.13177 0.0512968
-1.9026 -0.144082 0.0509718
-1.88016 -0.156377 0.0499452
-1.85689 -0.16846 0.048084
-1.8323 -0.180088 0.0452756
-1.80635 -0.190958 0.0415601
-1.78019 -0.200772 0.0372338
-1.75541 -0.209248 0.0327708
-1.73283 -0.216136 0.0286274
-1.71243 -0.221277 0.0251764
-1.69334 -0.224614 0.0226269
-1.67365 -0.226018 0.020501
-1.65123 -0.225168 0.0183576
-1.62471 -0.22187 0.016324
-1.5935 -0.216315 0.014636
-1.55806 -0.208768 0.0135416
-1.52045 -0.199392 0.0132566
-1.4839 -0.188463 0.0134624
-1.45152 -0.176345 0.0135243
-1.42562 -0.163325 0.0131358
-1.40743 -0.149687 0.0122175
-1.39716 -0.135755 0.0108894
-1.39438 -0.121796 0.00930584
-1.39894 -0.108025 0.00766878
-1.41111 -0.0946526 0.00621105
-1.43088 -0.0818972 0.00514124
-1.4574 -0.0699781 0.00471599
-1.48921 -0.059089 0.00527172
-1.52433 -0.0495021 0.00656322
-1.56051 -0.0415988 0.00827933
-1.59594 -0.0355306 0.0105465
-1.62953 -0.0310474 0.0134913
-1.66082 -0.0279654 0.0171974
-1.69027 -0.0264275 0.0216266
-1.71947 -0.0265868 0.0268012
-1.75022 -0.0285184 0.032485
-1.78355 -0.0324238 0.0381457
-1.81964 -0.0385318 0.0434212
-1.85813 -0.0466877 0.0481032
-1.89792 -0.0563511 0.0519521
-1.93767 -0.0670314 0.0547301
-1.97649 -0.0784187 0.0564102
-2.0135 -0.0902169 0.057211
-2.04737 -0.102087 0.0574105
-2.07713 -0.113796 0.0572512
-2.10249 -0.125222 0.0569452
-2.12294 -0.136138 0.0567016
-2.13789 -0.146162 0.0567013
-2.14755 -0.154881 0.0570613
-2.15277 -0.161983 0.057811
-2.15429 -0.167263 0.0588937
-2.15297 -0.170619 0.06023
-2.15009 -0.172136 0.0617542
-2.14675 -0.172084 0.0633921
-2.14382 -0.170783 0.0650175
-2.14209 -0.168489 0.0664799
-2.14192 -0.165396 0.0676184
-2.14316 -0.16166 0.0682541
-2.1455 -0.157366 0.068254
-2.14838 -0.152545 0.0676388
-2.1505 -0.147279 0.0665295
-2.15048 -0.141755 0.0650262
-2.14762 -0.136218 0.0632334
-2.14164 -0.130923 0.061309
-2.13218 -0.126129 0.0594294
-2.11906 -0.122092 0.0577161
-2.10242 -0.11899 0.0561687
-2.08203 -0.116875 0.0547166
-2.05704 -0.115704 0.0532881
-2.02644 -0.115426 0.0518275
-1.9894 -0.116018 0.050287
-1.94527 -0.117464 0.0485755
-1.89442 -0.119745 0.0465278
-1.83865 -0.122843 0.0439623
-1.78021 -0.126715 0.0407711
-1.72103 -0.131241 0.0369042
-1.66315 -0.136218 0.0323287
-1.60858 -0.141385 0.0271083
-1.55839 -0.146437 0.0214551
-1.51246 -0.151051 0.015703
-1.46986 -0.154938 0.0101644
