-4.46846e-07 1.5441e-15 -0.0580131
-0.000192478 -2.79669e-07 -0.0580152
-0.000918543 -3.61222e-07 -0.0580252
-0.00223569 9.35283e-06 -0.0580509
-0.00398938 5.21093e-05 -0.058111
-0.00626436 0.000136857 -0.0582523
-0.00954722 0.000240363 -0.0585262
-0.0144369 0.00036846 -0.0589346
-0.021018 0.000598251 -0.0594399
-0.0283294 0.000992331 -0.0600519
-0.0344953 0.00151361 -0.0608505
-0.0380034 0.00206926 -0.0618623
-0.0391469 0.0025992 -0.0629178
-0.039356 0.00309941 -0.0636703
-0.0394166 0.00359639 -0.0637961
-0.0393856 0.00409158 -0.0632508
-0.0390703 0.00447699 -0.0623423
-0.0379748 0.00459899 -0.0614941
-0.0361902 0.00447591 -0.060941
-0.034862 0.0042578 -0.060714
-0.0344448 0.00396516 -0.0608019
-0.0334076 0.00353108 -0.0611621
-0.0299861 0.00299205 -0.0616452
-0.0243855 0.0023742 -0.0620238
-0.017803 0.00159001 -0.0620266
-0.0112991 0.000677639 -0.0613386
-0.00607684 -0.000124563 -0.059812
-0.00212565 -0.000737084 -0.0577642
0.00246491 -0.00131383 -0.0558678
0.00967506 -0.00186892 -0.0546695
0.0200166 -0.00228256 -0.0543175
0.0324252 -0.00261481 -0.0545897
0.0447857 -0.00300247 -0.0549687
0.0546571 -0.00339686 -0.0548132
0.05935 -0.00368742 -0.0537843
0.0573222 -0.00396107 -0.0521855
0.050594 -0.00433853 -0.0507105
0.0430201 -0.00462544 -0.049978
0.0378093 -0.00458157 -0.0504079
0.0363762 -0.00437343 -0.0521453
0.0356218 -0.00421738 -0.0547377
0.0306211 -0.00392646 -0.0571598
0.0216512 -0.00322993 -0.0584845
0.0127527 -0.00217282 -0.0585815
0.00563752 -0.00110384 -0.0581244
-0.000847309 -0.000350768 -0.0578103
-0.00913631 0.000275664 -0.0577286
-0.0217228 0.00130965 -0.0577635
-0.0370388 0.00277826 -0.0583039
-0.0479957 0.0041642 -0.0600271
-0.0507612 0.00518667 -0.06303
-0.0508597 0.00590442 -0.0664668
-0.0552162 0.00634544 -0.0689475
-0.0653178 0.0067038 -0.0693891
-0.0790586 0.00728333 -0.067899
-0.0915348 0.00778229 -0.0658542
-0.0967375 0.00767468 -0.0647485
-0.0933817 0.00728551 -0.0650213
-0.084131 0.00719443 -0.0661203
-0.0694204 0.00716316 -0.0672926
-0.0502637 0.00671469 -0.0678209
-0.0332416 0.00586505 -0.0669725
-0.0255003 0.00476818 -0.0644002
-0.0281635 0.00351132 -0.0605813
-0.0350624 0.00232435 -0.0568001
-0.0377494 0.00135348 -0.0546448
-0.0328795 0.000414751 -0.0551181
-0.0232529 -0.000596319 -0.0579128
-0.014629 -0.00131793 -0.0613822
-0.0114863 -0.00136025 -0.0637097
-0.0132886 -0.00101809 -0.0642308
-0.0177471 -0.00088337 -0.0631888
-0.0266952 -0.000789882 -0.0610263
-0.0430972 -9.95899e-05 -0.0584656
-0.0638266 0.0012815 -0.056785
-0.0799158 0.00299704 -0.0574033
-0.0846452 0.00485296 -0.0609117
-0.0785082 0.00683127 -0.0662599
-0.0667108 0.00870784 -0.0714506
-0.0566686 0.0101004 -0.0741132
-0.0542956 0.0110344 -0.0737985
-0.0589601 0.0116604 -0.0706179
-0.0648383 0.0117265 -0.0653545
-0.0693562 0.0111948 -0.0599583
-0.0768883 0.0102919 -0.0564629
-0.0885538 0.00898771 -0.0562279
-0.0999439 0.00746397 -0.0593665
-0.110212 0.00645606 -0.0643614
-0.120377 0.00623293 -0.0697793
-0.128764 0.00599672 -0.0750862
-0.133996 0.00553711 -0.0788769
-0.138554 0.00579636 -0.0801881
-0.143388 0.00695752 -0.0784746
-0.144477 0.00839449 -0.0744175
-0.139176 0.010039 -0.0693609
-0.127653 0.0120159 -0.0646411
-0.109891 0.0138629 -0.0618296
-0.0836776 0.0149641 -0.0617745
-0.0479563 0.0152795 -0.0633767
-0.00788768 0.0149874 -0.0649025
0.0296883 0.0136138 -0.064877
0.0602139 0.0105423 -0.062918
0.0830396 0.00625181 -0.0581033
0.102348 0.00156324 -0.0511865
0.121609 -0.00394846 -0.0439354
0.138663 -0.0107483 -0.0385014
0.147408 -0.0177057 -0.035693
0.145866 -0.0233381 -0.0344396
0.137736 -0.0274889 -0.0346818
0.12584 -0.0309866 -0.0374438
0.113042 -0.0339074 -0.0425838
0.101361 -0.0351513 -0.048334
0.0881831 -0.0337901 -0.0525081
0.0695203 -0.0299758 -0.0541468
0.0453528 -0.0247087 -0.0542925
0.0223089 -0.018416 -0.0536697
0.00411159 -0.0106675 -0.0530018
-0.0167096 -0.00195528 -0.0533495
-0.0496421 0.00639455 -0.0556935
-0.0967478 0.0141827 -0.0598964
-0.151371 0.0223091 -0.0653258
-0.202838 0.0305582 -0.0719517
-0.24229 0.0372891 -0.0797475
-0.264241 0.0418283 -0.0883495
-0.272896 0.0448699 -0.0941261
-0.279933 0.0467133 -0.0957434
-0.292372 0.0475664 -0.0968562
-0.313626 0.0481056 -0.0949477
-0.341962 0.0485465 -0.0880585
-0.368382 0.0478769 -0.08109
-0.383238 0.044739 -0.0754199
-0.377403 0.039484 -0.0745981
-0.354852 0.033632 -0.0777305
-0.330161 0.0280634 -0.0788744
-0.303285 0.0229922 -0.0803332
-0.274188 0.0184651 -0.0820137
-0.249938 0.0139897 -0.0807041
-0.223452 0.00925999 -0.0801666
-0.187212 0.00504487 -0.0786345
-0.1433 0.00198766 -0.0735942
-0.0964267 0.000243253 -0.0683729
-0.0487555 -0.000271633 -0.0605546
0.00725858 -0.000528674 -0.0518293
0.0716084 -0.00167704 -0.045397
0.136543 -0.00383734 -0.041415
0.199309 -0.00668374 -0.0391799
0.252537 -0.0101674 -0.0374804
0.289714 -0.0141655 -0.0359922
0.310592 -0.0184456 -0.0333407
0.316899 -0.0232303 -0.0306238
0.309396 -0.0287225 -0.0292663
0.286154 -0.0343437 -0.0287137
0.251673 -0.0391106 -0.0294313
0.212654 -0.0423724 -0.0312204
0.168832 -0.0439252 -0.0344873
0.121311 -0.043577 -0.0393299
0.07208 -0.0411239 -0.04524
0.0217082 -0.0365386 -0.0515955
-0.0278568 -0.0301082 -0.0580501
-0.0744348 -0.0220626 -0.0631678
-0.116746 -0.0122453 -0.0674974
-0.158521 -0.000864582 -0.0710611
-0.203364 0.0114066 -0.0733171
-0.24686 0.0241651 -0.0752967
-0.283025 0.0368082 -0.0771401
-0.303879 0.0480492 -0.0794303
-0.298308 0.0570324 -0.0830959
-0.261707 0.0634745 -0.0871848
-0.192766 0.0670726 -0.0901734
-0.0886874 0.067752 -0.0903052
0.0536595 0.0651965 -0.0860038
0.238162 0.0588792 -0.0759967
0.465917 0.0488257 -0.0579653
0.736542 0.0346033 -0.0314257
1.05041 0.0153641 0.00260547
1.40643 -0.00821934 0.045259
1.80169 -0.0356731 0.0969819
2.23273 -0.0672286 0.161936
2.69865 -0.101332 0.239778
3.20478 -0.136611 0.325024
3.75687 -0.1737 0.416109
4.35553 -0.213293 0.512026
4.99937 -0.255027 0.612348
5.68631 -0.298103 0.716753
6.41575 -0.341258 0.822635
7.18375 -0.382751 0.927244
7.97291 -0.42124 1.02947
8.75121 -0.456154 1.12735
9.48028 -0.487652 1.21957
10.1259 -0.516216 1.30566
10.6605 -0.542203 1.38393
11.0581 -0.565895 1.45039
11.2962 -0.587123 1.50371
11.3637 -0.604842 1.54599
11.2638 -0.616833 1.57839
11.0143 -0.620202 1.59754
10.6375 -0.61338 1.59285
10.1639 -0.597825 1.54878
9.65965 -0.577577 1.46559
9.21087 -0.555889 1.36624
8.86221 -0.533043 1.25947
8.60653 -0.508534 1.11496
8.4242 -0.482103 0.925509
8.30622 -0.45257 0.723386
8.24035 -0.422374 0.541431
8.17059 -0.404918 0.460112
8.01266 -0.402191 0.419669
7.72152 -0.395152 0.368181
7.27983 -0.377257 0.321383
6.66444 -0.355533 0.260862
5.8733 -0.32853 0.19653
4.94009 -0.292815 0.120803
3.89248 -0.253918 0.084389
2.73829 -0.215873 0.141269
1.50859 -0.180791 0.254942
0.256999 -0.151579 0.357131
-1.01368 -0.126333 0.427584
-2.3091 -0.100555 0.446527
-3.5882 -0.0655727 0.426847
-4.8293 -0.0148465 0.371439
-6.01161 0.0455541 0.292772
-7.11188 0.106137 0.200036
-8.1448 0.167375 0.102579
-9.12335 0.236126 0.0106721
-10.0352 0.30798 -0.0706191
-10.8943 0.371071 -0.130221
-11.7362 0.429328 -0.17227
-12.5449 0.495446 -0.201875
-13.3325 0.569509 -0.212297
-14.1469 0.641798 -0.197944
-14.9664 0.707867 -0.175438
-15.7454 0.770566 -0.160011
-16.4684 0.827092 -0.153434
-17.1449 0.867979 -0.14629
-17.7754 0.891785 -0.137234
-18.3313 0.904513 -0.129579
-18.8053 0.909046 -0.123903
-19.216 0.903922 -0.113368
-19.5722 0.890371 -0.099067
-19.8871 0.873008 -0.083587
-20.1648 0.853044 -0.0661868
-20.4035 0.826117 -0.0466441
-20.6161 0.790203 -0.0258407
-20.808 0.74969 -0.00479008
-20.9727 0.707812 0.0175111
-21.102 0.664295 0.0431855
-21.1759 0.620061 0.0698046
-21.1763 0.577249 0.0962204
-21.0936 0.535446 0.12017
-20.9191 0.491556 0.134856
-20.6512 0.442299 0.13472
-20.292 0.387383 0.120751
-19.8388 0.32954 0.096288
-19.2937 0.271827 0.0676914
-18.6712 0.217444 0.0443881
-17.9985 0.169848 0.0327258
-17.3096 0.1303 0.0319882
-16.6237 0.0972151 0.0400969
-15.9427 0.0676604 0.054514
-15.2608 0.0398478 0.0721144
-14.5677 0.0135138 0.0916099
-13.8546 -0.0123391 0.112939
-13.118 -0.0386125 0.137447
-12.3511 -0.064741 0.169224
-11.541 -0.0899121 0.207019
-10.6822 -0.114424 0.248182
-9.78978 -0.139978 0.295298
-8.89081 -0.168441 0.351059
-8.009 -0.19991 0.414952
-7.15878 -0.231978 0.478013
-6.34589 -0.261326 0.533655
-5.57113 -0.287712 0.582838
-4.83595 -0.314905 0.626972
-4.14228 -0.34653 0.66404
-3.4845 -0.383473 0.690428
-2.85054 -0.424967 0.705172
-2.23152 -0.469131 0.712377
-1.62491 -0.513204 0.717384
-1.02682 -0.555121 0.724486
-0.432319 -0.593874 0.739442
0.152482 -0.629288 0.760391
0.715903 -0.662762 0.784586
1.25859 -0.697117 0.811564
1.7896 -0.734376 0.839951
2.31176 -0.774114 0.87372
2.82032 -0.813915 0.915709
3.30686 -0.850627 0.964861
3.76603 -0.882102 1.02132
4.19977 -0.908076 1.08693
4.61035 -0.929522 1.15811
4.99423 -0.948724 1.22535
5.34389 -0.969022 1.28194
5.65069 -0.993172 1.32894
5.90617 -1.02177 1.37091
6.10349 -1.05273 1.41048
6.24131 -1.08245 1.44818
6.32609 -1.10801 1.48278
6.36718 -1.12867 1.5116
6.3709 -1.14575 1.53171
6.34349 -1.1625 1.54199
6.29589 -1.18285 1.53983
6.2384 -1.20961 1.52057
6.172 -1.24325 1.48361
6.09312 -1.28175 1.43144
6.00332 -1.32147 1.36797
5.90617 -1.35875 1.29814
5.80043 -1.39166 1.22662
5.68335 -1.4209 1.15754
5.55352 -1.4494 1.09342
5.40451 -1.48024 1.03581
5.22203 -1.51463 0.986763
4.99175 -1.55159 0.946909
4.70441 -1.58894 0.912702
4.35448 -1.62464 0.88178
3.9419 -1.65762 0.853976
3.47276 -1.68764 0.829072
2.95393 -1.71483 0.808031
2.3934 -1.73849 0.791656
1.80721 -1.75532 0.777085
1.22055 -1.76083 0.75644
0.658085 -1.75346 0.722743
0.133567 -1.73596 0.67189
-0.352422 -1.71241 0.603108
-0.81 -1.6832 0.521637
-1.2516 -1.64448 0.431809
-1.68628 -1.59573 0.340387
-2.11973 -1.53955 0.258086
-2.5559 -1.47419 0.194064
-2.99698 -1.39585 0.14533
-3.44038 -1.3006 0.108877
-3.87902 -1.1843 0.084861
-4.30027 -1.04555 0.0705075
-4.69317 -0.893284 0.0625297
-5.05077 -0.740875 0.0551821
-5.3631 -0.59077 0.0425538
-5.62227 -0.441891 0.0199982
-5.82861 -0.299833 -0.00995553
-5.98947 -0.167687 -0.0423151
-6.11588 -0.0391229 -0.0707418
-6.22397 0.0895283 -0.0908344
-6.33317 0.213262 -0.102878
-6.45635 0.328477 -0.107831
-6.59649 0.437587 -0.102188
-6.75091 0.54072 -0.0916317
-6.91471 0.627981 -0.0902173
-7.07859 0.690275 -0.0990338
-7.22761 0.735348 -0.113058
-7.35402 0.773755 -0.125933
-7.46638 0.801765 -0.134868
-7.58217 0.816361 -0.136814
-7.71945 0.821025 -0.130012
-7.8918 0.813399 -0.121122
-8.10692 0.787309 -0.117907
-8.36195 0.741928 -0.123687
-8.63902 0.684563 -0.132581
-8.91701 0.623297 -0.13776
-9.18535 0.559492 -0.135612
-9.44055 0.495043 -0.127129
-9.67922 0.433633 -0.114383
-9.90181 0.374445 -0.100577
-10.1152 0.315018 -0.0906523
-10.3216 0.255923 -0.0872269
-10.5126 0.200836 -0.088095
-10.68 0.153681 -0.0889437
-10.8213 0.116182 -0.086182
-10.9332 0.0892508 -0.0785893
-11.0112 0.0731435 -0.0686125
-11.0552 0.0647022 -0.0602032
-11.0675 0.0605188 -0.0570556
-11.0479 0.0604933 -0.0606347
-10.995 0.0660438 -0.0690606
-10.9075 0.078539 -0.0786147
-10.7851 0.0991792 -0.0856198
-10.6309 0.128218 -0.0880876
-10.4488 0.163856 -0.0870043
-10.2382 0.202281 -0.0853988
-9.9938 0.239858 -0.0861293
-9.71249 0.27463 -0.0904566
-9.39431 0.305287 -0.0973683
-9.03895 0.331043 -0.104186
-8.64533 0.351931 -0.108144
-8.21324 0.36733 -0.107764
-7.74224 0.375106 -0.103541
-7.23225 0.372626 -0.0972571
-6.68543 0.357869 -0.0907904
-6.10688 0.329699 -0.084966
-5.50901 0.287844 -0.0785475
-4.91445 0.233091 -0.0681555
-4.3496 0.167135 -0.0505513
-3.83637 0.0922018 -0.023434
-3.3909 0.0105991 0.0174969
-3.03124 -0.0765396 0.075603
-2.76513 -0.168675 0.153546
-2.56117 -0.262745 0.243119
-2.37062 -0.356107 0.326802
-2.1664 -0.452528 0.39448
-1.94208 -0.557605 0.440908
-1.69584 -0.670256 0.463611
-1.41623 -0.783839 0.460619
-1.08445 -0.892674 0.435572
-0.696528 -0.994512 0.403565
-0.269397 -1.08936 0.383845
0.180177 -1.17747 0.381422
0.647025 -1.25469 0.392046
1.1297 -1.31648 0.417293
1.62691 -1.36569 0.457037
2.14058 -1.40767 0.510075
2.67612 -1.44409 0.573444
3.23807 -1.47298 0.641864
3.82129 -1.49229 0.715298
4.41188 -1.50259 0.796987
4.99576 -1.50764 0.888326
5.56098 -1.51245 0.987228
6.09506 -1.5189 1.08931
6.5855 -1.52516 1.19227
7.02635 -1.52811 1.29439
7.42035 -1.5253 1.39104
7.77355 -1.51534 1.47654
8.0898 -1.49881 1.54781
8.36991 -1.47892 1.60451
8.6121 -1.46033 1.64683
8.81079 -1.44669 1.67497
8.95097 -1.4392 1.69591
9.02026 -1.43748 1.69574
9.02564 -1.44027 1.67545
8.97053 -1.44543 1.64212
8.85416 -1.45183 1.58643
8.69313 -1.45981 1.51804
8.50102 -1.46992 1.43841
8.27739 -1.48273 1.34742
8.02915 -1.49871 1.25052
7.77292 -1.51821 1.15039
7.5123 -1.54104 1.04949
7.23791 -1.56546 0.955733
6.94116 -1.58892 0.880566
6.60833 -1.60898 0.821431
6.21603 -1.62416 0.770686
5.74986 -1.63474 0.724059
5.21271 -1.64167 0.677248
4.60842 -1.64596 0.632148
3.94147 -1.64816 0.594513
3.22996 -1.64656 0.569534
2.49912 -1.6353 0.551581
1.76806 -1.60907 0.528588
1.04886 -1.56993 0.497828
0.344644 -1.52508 0.459493
-0.354354 -1.47863 0.407455
-1.05659 -1.42603 0.34104
-1.75047 -1.3561 0.262514
-2.41879 -1.26258 0.179636
-3.05797 -1.14992 0.105249
-3.66125 -1.02505 0.0520421
-4.21129 -0.891646 0.011924
-4.70067 -0.746157 -0.0227942
-5.13997 -0.584988 -0.048984
-5.54313 -0.415212 -0.0690957
-5.9142 -0.24548 -0.0870007
-6.2561 -0.0773174 -0.107564
-6.5774 0.0894876 -0.129125
-6.88665 0.252364 -0.149273
-7.18423 0.408505 -0.166866
-7.46686 0.55621 -0.181595
-7.73601 0.693643 -0.191965
-7.99159 0.817776 -0.198026
-8.22571 0.926251 -0.19973
-8.43231 1.01908 -0.19971
-8.61351 1.09595 -0.199433
-8.77203 1.15573 -0.198414
-8.9121 1.19895 -0.196339
-9.04388 1.22723 -0.192186
-9.17497 1.24113 -0.186583
-9.30312 1.24021 -0.180436
-9.42126 1.2239 -0.174353
-9.52226 1.19249 -0.169771
-9.59877 1.1469 -0.166344
-9.6413 1.08683 -0.164325
-9.64312 1.01224 -0.164261
-9.60448 0.924961 -0.164171
-9.52747 0.827137 -0.162998
-9.42193 0.720866 -0.160276
-9.3081 0.608819 -0.154801
-9.19545 0.493709 -0.14533
-9.07888 0.378077 -0.132725
-8.95327 0.264603 -0.11767
-8.81189 0.155472 -0.100136
-8.64434 0.052563 -0.0804008
-8.44366 -0.0424085 -0.0600835
-8.20773 -0.127799 -0.0400702
-7.93147 -0.201946 -0.0206089
-7.60806 -0.263755 -0.00229896
-7.24021 -0.312389 0.0151635
-6.8337 -0.346866 0.0323441
-6.388 -0.366828 0.0487906
-5.90412 -0.373014 0.0619792
-5.38836 -0.366918 0.068672
-4.84237 -0.350916 0.0673617
-4.26318 -0.328024 0.0587958
-3.65684 -0.300632 0.0468901
-3.03891 -0.26924 0.0385535
-2.42119 -0.23377 0.0373133
-1.81297 -0.196324 0.0449026
-1.22957 -0.160071 0.0625047
-0.679246 -0.126227 0.0904463
-0.153772 -0.0949459 0.127738
0.354612 -0.0680157 0.1725
0.843235 -0.0479954 0.225239
1.3079 -0.0367515 0.285754
1.74748 -0.0353451 0.351292
2.15988 -0.0428385 0.418124
2.54057 -0.0569958 0.484725
2.88541 -0.0761845 0.551303
3.19205 -0.100026 0.615901
3.45855 -0.129182 0.675117
3.68393 -0.164209 0.726687
3.87008 -0.205048 0.768777
4.02032 -0.250997 0.800651
4.13755 -0.300455 0.823142
4.22532 -0.350948 0.838055
4.28961 -0.399653 0.847321
4.33774 -0.444138 0.852037
4.37486 -0.482946 0.852759
4.40239 -0.515759 0.849498
4.42006 -0.543164 0.841236
4.42777 -0.566305 0.827251
4.42442 -0.586217 0.808023
4.40653 -0.602757 0.785504
4.36902 -0.614508 0.762732
4.30762 -0.620021 0.741632
4.22063 -0.618769 0.72218
4.10801 -0.611344 0.703684
3.97041 -0.598905 0.68558
3.81022 -0.582522 0.667636
3.63178 -0.562821 0.649448
3.43909 -0.539873 0.629932
3.23457 -0.513655 0.607284
3.02015 -0.484782 0.579941
2.79687 -0.454751 0.54734
2.56384 -0.425312 0.508984
2.32014 -0.397728 0.464453
2.067 -0.372689 0.414385
1.8063 -0.350733 0.359309
1.53799 -0.332813 0.301336
1.25922 -0.320483 0.246433
0.96385 -0.316968 0.199335
0.643061 -0.32503 0.157127
0.29044 -0.340403 0.118461
-0.0972669 -0.35711 0.0836606
-0.523689 -0.375489 0.0559327
-0.989368 -0.39672 0.0371519
-1.48634 -0.417816 0.0265823
-2.00028 -0.434678 0.0250162
-2.51717 -0.448184 0.0289204
-3.0224 -0.462894 0.0340813
-3.50244 -0.479672 0.0358053
-3.95044 -0.494654 0.0311488
-4.36293 -0.503045 0.0216756
-4.7405 -0.501983 0.00981784
-5.08922 -0.490726 -0.0014459
-5.4154 -0.469354 -0.0104782
-5.72237 -0.438403 -0.0181566
-6.01153 -0.398472 -0.0252605
-6.28474 -0.351274 -0.0331516
-6.54315 -0.299082 -0.0425239
-6.78275 -0.24233 -0.0533936
-6.99553 -0.180329 -0.0647484
-7.1748 -0.11332 -0.0752442
-7.31667 -0.0423129 -0.0840062
-7.4189 0.0316974 -0.0910424
-7.48209 0.107007 -0.0971825
-7.50965 0.181206 -0.103955
-7.50528 0.252309 -0.112107
-7.47263 0.319552 -0.121026
-7.41672 0.382803 -0.129267
-7.34311 0.441722 -0.135292
-7.25523 0.49586 -0.138185
-7.15402 0.544455 -0.138153
-7.03873 0.585875 -0.136417
-6.90707 0.61817 -0.134623
-6.7572 0.640174 -0.133879
-6.58934 0.6516 -0.13428
-6.4044 0.652634 -0.135033
-6.20327 0.64395 -0.134917
-5.9884 0.626588 -0.132947
-5.76374 0.601206 -0.12899
-5.53219 0.567699 -0.123623
-5.2944 0.525955 -0.11761
-5.04955 0.476494 -0.111276
-4.79563 0.420306 -0.104404
-4.53056 0.358755 -0.0963979
-4.25447 0.293724 -0.0862622
-3.96998 0.227163 -0.0730673
-3.67967 0.160363 -0.0568932
-3.38674 0.093953 -0.0385778
-3.0968 0.028302 -0.0186532
-2.81383 -0.03607 0.00267294
-2.53771 -0.0980202 0.02561
-2.26755 -0.156081 0.050409
-2.00501 -0.20934 0.0765127
-1.75265 -0.2577 0.102513
-1.51128 -0.30127 0.126943
-1.28106 -0.339732 0.148926
-1.0637 -0.372692 0.16771
-0.860677 -0.400578 0.18253
-0.670378 -0.424276 0.193153
-0.490079 -0.44425 0.200192
-0.318477 -0.460626 0.205054
-0.155539 -0.473596 0.209377
-0.00213304 -0.483385 0.214058
0.139277 -0.489994 0.219301
0.265687 -0.493327 0.225504
0.376156 -0.493626 0.232942
0.47239 -0.491681 0.241189
0.55716 -0.488397 0.24975
0.63345 -0.484481 0.258591
0.70455 -0.48051 0.267934
0.77292 -0.476871 0.277422
0.839075 -0.473688 0.286336
0.900385 -0.470997 0.294361
0.950078 -0.46892 0.301453
0.980165 -0.467496 0.307452
0.985722 -0.46653 0.312097
0.964973 -0.465709 0.315231
0.917051 -0.464698 0.316638
0.841947 -0.46325 0.316002
0.742382 -0.461327 0.312697
0.62321 -0.458988 0.305748
0.48841 -0.456137 0.294186
0.340371 -0.452386 0.277873
0.180865 -0.447144 0.256993
0.0108783 -0.440054 0.232349
-0.168856 -0.430965 0.205643
-0.356673 -0.419335 0.178277
-0.55099 -0.404427 0.151297
-0.751443 -0.38581 0.125518
-0.957128 -0.363094 0.101788
-1.16526 -0.335897 0.0805998
-1.37338 -0.304516 0.0619165
-1.58064 -0.269941 0.0452464
-1.78594 -0.233034 0.0300049
-1.98689 -0.193923 0.0161247
-2.18051 -0.15218 0.00395293
-2.36398 -0.10757 -0.00654933
-2.53587 -0.060475 -0.0156079
-2.6972 -0.0115829 -0.0233859
-2.84966 0.0383597 -0.0303639
-2.99459 0.0881885 -0.0375337
-3.13446 0.13626 -0.0455897
-3.27231 0.181257 -0.0544371
-3.40811 0.222881 -0.0635771
-3.5378 0.261197 -0.072317
-3.65687 0.295623 -0.0801984
-3.76261 0.325217 -0.0870028
-3.85361 0.34922 -0.0928936
-3.93035 0.366805 -0.0981855
-3.99501 0.377037 -0.102997
-4.04942 0.379522 -0.107122
-4.09477 0.374712 -0.109936
-4.13278 0.363293 -0.11064
-4.16518 0.345667 -0.108749
-4.19128 0.322153 -0.104348
-4.20826 0.293108 -0.0980391
-4.21399 0.258767 -0.0906331
-4.20766 0.219445 -0.082879
-4.18853 0.176012 -0.0751503
-4.15617 0.129863 -0.0673468
-4.11159 0.0824568 -0.0592333
-4.05647 0.0350358 -0.0507543
-3.99149 -0.0113789 -0.0420988
-3.91632 -0.0559872 -0.0337362
-3.83033 -0.0982585 -0.0263097
-3.73295 -0.137771 -0.0203059
-3.62436 -0.173922 -0.0157411
-3.50591 -0.205909 -0.0121658
-3.37928 -0.232966 -0.00898256
-3.24588 -0.254594 -0.00564147
-3.10698 -0.270627 -0.00179944
-2.96334 -0.281167 0.00255318
-2.81459 -0.28663 0.00719104
-2.66018 -0.287786 0.0118862
-2.50101 -0.285441 0.016568
-2.3401 -0.280108 0.0214754
-2.18219 -0.272076 0.0272086
-2.03248 -0.2616 0.0345186
-1.89517 -0.248889 0.043404
-1.77282 -0.234147 0.0527188
-1.66656 -0.217962 0.0613454
-1.57551 -0.20148 0.0685261
-1.49702 -0.185725 0.0735567
-1.42925 -0.1711 0.0759878
-1.37281 -0.15767 0.0759109
-1.32882 -0.145388 0.0738153
-1.297 -0.13403 0.0700933
-1.2763 -0.123231 0.0650043
-1.26558 -0.112794 0.0591843
-1.26274 -0.102938 0.0536998
-1.26459 -0.0940744 0.0490516
-1.26808 -0.0864439 0.0451242
-1.27065 -0.0800297 0.0419576
-1.27021 -0.0746385 0.0397312
-1.26638 -0.0699254 0.0386763
-1.26051 -0.0655124 0.0389467
-1.25385 -0.0611908 0.0405617
-1.24739 -0.0569069 0.0434789
-1.24283 -0.0526574 0.047635
-1.24191 -0.0484619 0.052748
-1.24532 -0.0443789 0.0582115
-1.25377 -0.0404955 0.0633085
-1.26898 -0.0368636 0.0672497
-1.29208 -0.0334782 0.0693704
-1.32231 -0.0302915 0.0691877
-1.35842 -0.0271857 0.0664535
-1.39928 -0.0240372 0.0612299
-1.44289 -0.0208815 0.0539117
-1.4869 -0.0179412 0.0452002
-1.53061 -0.0155175 0.0358649
-1.57556 -0.013913 0.0265531
-1.62441 -0.0133673 0.0178912
-1.68 -0.0139577 0.0102377
-1.74446 -0.0155441 0.00379973
-1.81836 -0.017835 -0.00110811
-1.90083 -0.0205714 -0.00421521
-1.99 -0.0237298 -0.00529543
-2.08306 -0.0275158 -0.00465925
-2.17695 -0.0321461 -0.00298407
-2.26931 -0.0377108 -0.00107914
-2.35829 -0.0441286 0.000169909
-2.44236 -0.0511959 0.000178338
-2.52123 -0.0586584 -0.00132717
-2.59569 -0.0661736 -0.00419829
-2.66566 -0.0733826 -0.00794344
-2.72971 -0.080049 -0.0120127
-2.78721 -0.0860543 -0.0159854
-2.83934 -0.0913685 -0.0197132
-2.88729 -0.096014 -0.0230494
-2.93152 -0.0999309 -0.025763
-2.97253 -0.102963 -0.0276848
-3.01033 -0.104951 -0.0286775
-3.04366 -0.105766 -0.0286619
-3.07121 -0.10535 -0.027669
-3.09252 -0.103727 -0.0259036
-3.10717 -0.100975 -0.0236937
-3.11462 -0.0971904 -0.0213862
-3.11489 -0.092442 -0.0193386
-3.10814 -0.0867576 -0.0178676
-3.0943 -0.0801657 -0.0171064
-3.07395 -0.0727393 -0.0170962
-3.04847 -0.0646103 -0.0178555
-3.01948 -0.0559772 -0.0192716
-2.98923 -0.0470578 -0.0211284
-2.96092 -0.0380168 -0.0232151
-2.93741 -0.028934 -0.0253195
-2.91993 -0.019813 -0.0271893
-2.90834 -0.0106292 -0.0286119
-2.90134 -0.00140369 -0.0295165
-2.89573 0.00774768 -0.0299872
-2.8873 0.0166389 -0.0302255
-2.8728 0.0250898 -0.03048
-2.85061 0.0329777 -0.0309368
-2.81994 0.0402351 -0.0316216
-2.78068 0.0468575 -0.0324125
-2.73338 0.0529137 -0.0331317
-2.67859 0.0584848 -0.033553
-2.61728 0.0635541 -0.0334157
-2.55155 0.0679617 -0.0325444
-2.48376 0.0714791 -0.0309082
-2.41517 0.0739283 -0.0285214
-2.34646 0.0752423 -0.0254142
-2.27867 0.0754652 -0.0216766
-2.21274 0.0746921 -0.017299
-2.14911 0.0729369 -0.0123121
-2.08817 0.0700872 -0.0068399
-2.03048 0.0659932 -0.00125548
-1.97665 0.0605682 0.00393039
-1.92729 0.053842 0.00847972
-1.883 0.0459447 0.0121706
-1.8436 0.0370123 0.0147954
-1.80808 0.0271132 0.0163468
-1.77572 0.0162722 0.0170557
-1.74654 0.00451518 0.0173198
-1.72095 -0.00811508 0.0175917
-1.70016 -0.021542 0.0182554
-1.68658 -0.0356238 0.0194263
-1.68238 -0.0501339 0.021025
-1.68814 -0.0648069 0.0229234
-1.70282 -0.079404 0.0249917
-1.72423 -0.0937572 0.0271749
-1.74999 -0.10779 0.0294845
-1.77848 -0.121498 0.0318429
-1.80872 -0.13483 0.0339165
-1.8394 -0.147572 0.0352242
-1.86963 -0.159387 0.0354574
-1.89981 -0.169963 0.034589
-1.93039 -0.17913 0.0327389
-1.96048 -0.186876 0.0300952
-1.98907 -0.193265 0.0269401
-2.01645 -0.198333 0.0236186
-2.04354 -0.202031 0.0204834
-2.07092 -0.204224 0.0178227
-2.09957 -0.204744 0.0157949
-2.1313 -0.203493 0.0144187
-2.16743 -0.200552 0.0136244
-2.20818 -0.196129 0.0132755
-2.25341 -0.190405 0.0131863
-2.30289 -0.183446 0.0131724
-2.35577 -0.175252 0.0131151
-2.41073 -0.165808 0.0127365
-2.46597 -0.155073 0.0114907
-2.51927 -0.143042 0.00899833
-2.56864 -0.129904 0.00517229
-2.61295 -0.11602 0.000136235
-2.65183 -0.101705 -0.00579058
-2.68576 -0.0870619 -0.0121858
-2.71683 -0.072037 -0.0185557
-2.74805 -0.0565654 -0.0243101
-2.78083 -0.0406243 -0.0289705
-2.81364 -0.0242716 -0.03237
-2.84357 -0.00778482 -0.0346244
-2.86769 0.00829412 -0.0360473
-2.88328 0.0233998 -0.037015
-2.88872 0.0372479 -0.0377932
-2.88455 0.0498356 -0.0384101
-2.87322 0.0612208 -0.0386629
-2.85831 0.071448 -0.0382792
-2.84381 0.0805958 -0.0371625
-2.8325 0.0886559 -0.0355052
-2.82466 0.0953673 -0.0336997
-2.81876 0.100355 -0.0321785
-2.81296 0.103438 -0.0313015
-2.80586 0.104694 -0.0312176
-2.79709 0.10429 -0.0318356
-2.78786 0.102443 -0.032912
-2.77994 0.0994741 -0.034145
-2.77452 0.0957351 -0.0352481
-2.77244 0.0914409 -0.0360112
-2.77417 0.0866215 -0.0363492
-2.77883 0.0812344 -0.0362936
-2.78443 0.0752859 -0.0359434
-2.78925 0.0688865 -0.0353852
-2.79221 0.0622666 -0.0346049
-2.79228 0.0557378 -0.0335154
-2.78833 0.0495854 -0.0320988
-2.77914 0.0439506 -0.030471
-2.76306 0.0387886 -0.0288301
-2.73827 0.0339191 -0.0273776
-2.70368 0.0291307 -0.0262544
-2.65954 0.0242639 -0.0254605
-2.60729 0.0192319 -0.0248166
-2.54936 0.0140086 -0.0240298
-2.48883 0.00862487 -0.02278
-2.42874 0.00313087 -0.0208215
-2.37151 -0.0025117 -0.0180258
-2.31862 -0.00850109 -0.0144128
-2.27018 -0.0151326 -0.0101889
-2.22554 -0.0226765 -0.00562166
-2.18462 -0.0313026 -0.000935815
-2.14819 -0.0410466 0.00367392
-2.11666 -0.0518031 0.00806748
-2.08978 -0.0633714 0.0120022
-2.06777 -0.0755175 0.0150853
-2.05094 -0.0880601 0.017163
-2.03829 -0.100972 0.0183067
-2.0278 -0.114287 0.0186097
-2.01792 -0.127907 0.0182577
-2.00797 -0.141614 0.0175499
-1.99789 -0.155134 0.0168292
-1.98845 -0.168121 0.0164243
-1.98056 -0.18019 0.0165882
-1.97424 -0.191011 0.0174758
-1.96926 -0.200377 0.0191501
-1.96589 -0.208187 0.0215672
-1.96444 -0.214405 0.0246114
-1.96514 -0.218988 0.0281079
-1.96873 -0.221835 0.0317861
-1.9765 -0.222768 0.0353041
-1.98958 -0.221559 0.0383612
-2.00866 -0.218012 0.040729
-2.03378 -0.212018 0.0419251
-2.06354 -0.203567 0.0413167
-2.09552 -0.192783 0.0385923
-2.12748 -0.179936 0.0337551
-2.15758 -0.165333 0.0271877
-2.18413 -0.149209 0.0194916
-2.20595 -0.131692 0.0111631
-2.22297 -0.112852 0.00279028
-2.23584 -0.0927985 -0.00493718
-2.24546 -0.0717623 -0.0114427
-2.25291 -0.0501229 -0.0164676
-2.25912 -0.0284178 -0.0200581
-2.26485 -0.00721187 -0.0222991
-2.27123 0.0130605 -0.0232302
-2.27944 0.0321001 -0.0228725
-2.28968 0.0496943 -0.0213466
-2.30117 0.0656571 -0.0189883
-2.31319 0.0797365 -0.0163215
-2.32542 0.0915954 -0.0139752
-2.33751 0.10091 -0.0124994
-2.34953 0.107468 -0.0123092
-2.36226 0.111197 -0.0136919
-2.37612 0.112159 -0.0165605
-2.39078 0.110505 -0.0203839
-2.40576 0.106439 -0.0245609
-2.42089 0.100199 -0.0286084
-2.43623 0.0920011 -0.0320363
-2.45205 0.0820051 -0.0344151
-2.46901 0.0704108 -0.0355819
-2.48759 0.0575468 -0.035508
-2.50765 0.043856 -0.0341355
-2.529 0.0298232 -0.0314294
-2.55153 0.0158616 -0.0274773
-2.57418 0.00224824 -0.0225608
-2.59465 -0.0108406 -0.0171758
-2.61036 -0.0232458 -0.0119766
-2.61942 -0.0347738 -0.00757892
-2.62098 -0.045234 -0.0044092
-2.61555 -0.0544702 -0.00268751
-2.60469 -0.0623329 -0.00245031
-2.58988 -0.0686724 -0.00347428
-2.57205 -0.0733762 -0.00537965
-2.55198 -0.0764232 -0.00774421
-2.53007 -0.0779042 -0.0101609
-2.50627 -0.0780108 -0.0122892
-2.48033 -0.0770132 -0.0139119
-2.45187 -0.0752028 -0.0149277
-2.42025 -0.0727901 -0.0152344
-2.38515 -0.0698906 -0.0146779
-2.34701 -0.0666389 -0.013146
-2.30682 -0.063268 -0.0106589
-2.26593 -0.0600914 -0.0073588
-2.22631 -0.0574431 -0.00347432
-2.18995 -0.0555979 0.000697582
-2.15768 -0.0547006 0.00489522
-2.1291 -0.0547672 0.00885121
-2.10329 -0.0557749 0.0120563
-2.07911 -0.0577577 0.0140105
-2.05517 -0.0608357 0.0146094
-2.03046 -0.0651629 0.0140267
-2.00513 -0.0707855 0.0125984
-1.98017 -0.0775576 0.0108257
-1.95716 -0.085208 0.00920057
-1.93836 -0.0934044 0.00809398
-1.92581 -0.101793 0.00781795
-1.91985 -0.11011 0.00854496
-1.91971 -0.118248 0.0103007
-1.92511 -0.126149 0.0130021
-1.93639 -0.133667 0.0165472
-1.95389 -0.140527 0.0208065
-1.97788 -0.14636 0.0254062
-2.0082 -0.150771 0.0297276
-2.04359 -0.153406 0.0331729
-2.08229 -0.154027 0.0350836
-2.12287 -0.15253 0.0349194
-2.16403 -0.148921 0.0325144
-2.20435 -0.143262 0.0279673
-2.24291 -0.135564 0.0216292
-2.27951 -0.125744 0.0140692
-2.31453 -0.113717 0.00605696
-2.34879 -0.0995408 -0.00168895
-2.38293 -0.0834271 -0.0087698
-2.41655 -0.0656735 -0.0149222
-2.44838 -0.046662 -0.0199918
-2.47749 -0.0268611 -0.0239572
-2.50348 -0.00672176 -0.0268434
-2.52576 0.0134116 -0.0286812
-2.54384 0.0332089 -0.0295248
-2.55778 0.0522568 -0.029566
-2.56788 0.0700723 -0.0291083
-2.5745 0.0861408 -0.028492
-2.57837 0.0999464 -0.0280394
-2.58028 0.111056 -0.0280237
-2.58072 0.119206 -0.0285757
-2.58043 0.124269 -0.0296555
-2.58063 0.126173 -0.0311078
-2.58216 0.124886 -0.0327286
-2.58522 0.120439 -0.0342891
-2.59023 0.112923 -0.0355717
-2.59782 0.102466 -0.0363893
-2.60788 0.0892786 -0.0365793
-2.61974 0.07372 -0.0360145
-2.63301 0.0562668 -0.034613
-2.64727 0.0374317 -0.0323553
-2.66128 0.0177125 -0.0293066
-2.67361 -0.00241699 -0.0256283
-2.68318 -0.0225014 -0.0215714
-2.68926 -0.0421205 -0.0173853
-2.69146 -0.0608918 -0.0132951
-2.68977 -0.0784281 -0.00953343
-2.68395 -0.094319 -0.00632063
-2.6736 -0.108178 -0.00379245
-2.65852 -0.119708 -0.0019973
-2.6382 -0.128729 -0.000948654
-2.61118 -0.135161 -0.000621099
-2.57594 -0.139016 -0.000903088
-2.53186 -0.140398 -0.00159715
-2.47924 -0.139485 -0.00243777
-2.4191 -0.136468 -0.00312029
-2.35329 -0.131558 -0.00334803
-2.28398 -0.125007 -0.00290053
-2.2132 -0.117117 -0.00162927
-2.14307 -0.108233 0.000579357
-2.07567 -0.0987652 0.0037428
-2.01186 -0.0891628 0.00774855
-1.95119 -0.0798315 0.0123735
