-8.6277e-07 3.80622e-16 -0.0355989
-0.000189213 3.30795e-06 -0.0356047
-0.00084112 2.33822e-05 -0.0356349
-0.00177889 7.09461e-05 -0.0357067
-0.00259736 0.000131048 -0.0358145
-0.0034741 0.000187369 -0.0359493
-0.00512359 0.000253477 -0.0361393
-0.00782622 0.000351317 -0.0364372
-0.0108533 0.000489374 -0.0368588
-0.0129659 0.000658208 -0.0373551
-0.0133033 0.00081313 -0.0378323
-0.0120557 0.000869262 -0.0381916
-0.0105794 0.000780544 -0.0383904
-0.0101022 0.00065329 -0.0384771
-0.0105213 0.000698984 -0.038513
-0.0116406 0.00105364 -0.038485
-0.0139926 0.00166385 -0.0383679
-0.0170878 0.00225815 -0.038202
-0.0191414 0.00247686 -0.0380391
-0.0192502 0.00221803 -0.0379102
-0.0177016 0.00176554 -0.0378639
-0.0142776 0.0014098 -0.03789
-0.00873106 0.00109494 -0.0378298
-0.0028244 0.000602608 -0.0375464
0.00103527 -6.55878e-05 -0.0371094
0.00219381 -0.000646657 -0.0366437
0.00103022 -0.000813062 -0.0361509
-0.00165251 -0.000401418 -0.0356333
-0.00383887 0.000294996 -0.0351628
-0.00265455 0.000588461 -0.0347014
0.00344347 2.64879e-05 -0.034116
0.0126328 -0.00112606 -0.0334232
0.0210043 -0.00213118 -0.0327862
0.026034 -0.00246061 -0.0322724
0.0262271 -0.00213387 -0.0318661
0.0202626 -0.00145678 -0.0316892
0.0108139 -0.000765759 -0.0318708
0.00417315 -0.000399548 -0.0322587
0.00430872 -0.000515682 -0.0325914
0.00992113 -0.0010048 -0.0328519
0.0155366 -0.0017047 -0.0332036
0.0169843 -0.00236482 -0.0337434
0.0161935 -0.00259069 -0.0344176
0.0152441 -0.00212062 -0.0350232
0.0103991 -0.000997929 -0.0353853
-0.00069704 0.000343866 -0.0356121
-0.0133554 0.00124527 -0.035988
-0.0223334 0.0015501 -0.0366704
-0.0260972 0.0018331 -0.0376218
-0.0236146 0.00242164 -0.0386176
-0.0163094 0.00271515 -0.0393051
-0.0105964 0.00205553 -0.0396154
-0.01067 0.000831469 -0.0399609
-0.0153322 0.000220663 -0.0406169
-0.0238778 0.00115882 -0.041297
-0.0356011 0.00346214 -0.0417033
-0.0450887 0.00554699 -0.0418412
-0.0456542 0.00557322 -0.0417666
-0.0354543 0.00341116 -0.0413632
-0.0185328 0.000918815 -0.0406658
-0.00342128 -9.04926e-05 -0.0398017
0.00147446 0.000519512 -0.0387885
-0.00533105 0.00164132 -0.0378571
-0.0185655 0.00228523 -0.037383
-0.0302101 0.002408 -0.037352
-0.033687 0.00250777 -0.0372893
-0.0287523 0.00257369 -0.0369878
-0.0181564 0.00185139 -0.0367615
-0.00319125 -0.000227199 -0.0368157
0.0116847 -0.00286059 -0.0369294
0.0174441 -0.00406598 -0.0370041
0.00852493 -0.00268712 -0.0371284
-0.0116347 0.000278658 -0.0373437
-0.0340338 0.0028089 -0.0377549
-0.0502323 0.00381541 -0.0384091
-0.0552582 0.00370244 -0.0392456
-0.0469507 0.00331012 -0.0402765
-0.0283594 0.00283052 -0.0409457
-0.00739141 0.00196476 -0.0411497
0.00757719 0.000696624 -0.0410002
0.00797318 -0.000206901 -0.0407893
-0.00767558 0.000590156 -0.0405214
-0.0307044 0.00368881 -0.0400184
-0.0519283 0.00761388 -0.0394541
-0.0687279 0.0097074 -0.0388664
-0.0807199 0.00870841 -0.0385882
-0.0802705 0.00565955 -0.0396231
-0.0642031 0.00261286 -0.041377
-0.0431042 0.0011176 -0.0429376
-0.0269811 0.00102099 -0.0445277
-0.0194863 0.000605486 -0.045523
-0.0203878 -0.000859747 -0.0458613
-0.0294436 -0.00171788 -0.0455438
-0.0465066 9.58147e-05 -0.0446836
-0.0648027 0.00441107 -0.0437404
-0.0752972 0.00864195 -0.042471
-0.0732987 0.010163 -0.0410245
-0.0577675 0.00844846 -0.0400731
-0.0297029 0.00522907 -0.0390683
0.00528506 0.00270936 -0.0376029
0.0320696 0.00172805 -0.0354041
0.0426404 0.00155781 -0.0339214
0.0455384 0.0009565 -0.0322333
0.0458255 -0.000460931 -0.0300382
0.0415605 -0.00181238 -0.0276572
0.0301018 -0.00231339 -0.0255979
0.0174518 -0.00261814 -0.0247982
0.0179851 -0.00403756 -0.0246824
0.0316613 -0.00668412 -0.0251175
0.0458387 -0.00953686 -0.0260332
0.052512 -0.0119305 -0.0273643
0.0554807 -0.0138983 -0.0289601
0.0606418 -0.0152935 -0.0303179
0.0588364 -0.0150883 -0.0312681
0.0410071 -0.012174 -0.0325715
0.0153754 -0.00694782 -0.0337089
-0.00749818 -0.0014833 -0.034551
-0.0291919 0.00261676 -0.035242
-0.0579832 0.00566016 -0.0367832
-0.090186 0.00848188 -0.0393558
-0.110126 0.0112201 -0.0425174
-0.110949 0.0136455 -0.0460204
-0.0975686 0.015097 -0.0490159
-0.0779181 0.0144174 -0.0516152
-0.0614933 0.0114871 -0.0525125
-0.0600349 0.00874717 -0.0518857
-0.0789975 0.00920463 -0.0524161
-0.10977 0.0129934 -0.0532162
-0.140689 0.017824 -0.0524977
-0.168167 0.0212972 -0.0509309
-0.191252 0.0217289 -0.0489262
-0.203037 0.0187574 -0.0482687
-0.19477 0.0139555 -0.0486835
-0.166791 0.00981422 -0.0479946
-0.126305 0.00731238 -0.0480014
-0.0842733 0.00544237 -0.0485422
-0.0542309 0.00325078 -0.0475812
-0.0389233 0.000612445 -0.0466323
-0.0313376 -0.0021992 -0.0453724
-0.0270515 -0.00392352 -0.0427703
-0.0241555 -0.00299522 -0.0405379
-0.0203103 -2.64615e-05 -0.037607
-0.0103523 0.00276239 -0.0339458
0.00831011 0.00382917 -0.0307993
0.0310807 0.00229737 -0.0272411
0.0570366 -0.00164663 -0.0240852
0.0845805 -0.0057595 -0.0217661
0.10417 -0.00764016 -0.0208574
0.113129 -0.00729307 -0.0202217
0.113759 -0.00653255 -0.019321
0.104491 -0.00719331 -0.0196604
0.0894102 -0.00974518 -0.0200693
0.075407 -0.0129055 -0.0208981
0.0643203 -0.0148169 -0.0225954
0.0541475 -0.0146345 -0.0246579
0.0418919 -0.0132589 -0.0273643
0.0316994 -0.0123417 -0.0304177
0.025319 -0.0123894 -0.0332239
0.0156455 -0.012142 -0.0362482
0.00135424 -0.0104095 -0.0386969
-0.0188525 -0.00695001 -0.0409349
-0.0483604 -0.00179889 -0.0427095
-0.0819214 0.00421789 -0.044293
-0.112104 0.00971274 -0.0460035
-0.13191 0.0141553 -0.047155
-0.135831 0.0178108 -0.0483258
-0.121673 0.0203644 -0.0492229
-0.0863644 0.0210727 -0.049499
-0.0307528 0.0196579 -0.0487338
0.040333 0.0163055 -0.0457398
0.125294 0.0122538 -0.0414817
0.224015 0.00844937 -0.0342877
0.334817 0.00454414 -0.0213955
0.455165 3.82693e-05 -0.00251699
0.584675 -0.00607174 0.0227805
0.725435 -0.0148488 0.0556812
0.880415 -0.0268232 0.0991778
1.05319 -0.0426133 0.156447
1.24578 -0.0627413 0.223857
1.46075 -0.0871199 0.294804
1.7031 -0.114785 0.366784
1.97367 -0.143621 0.438341
2.26568 -0.171449 0.508152
2.57268 -0.196838 0.576295
2.89196 -0.218856 0.64215
3.21846 -0.237135 0.703912
3.53647 -0.251305 0.761154
3.81667 -0.260727 0.812669
4.02672 -0.265286 0.856745
4.1429 -0.265776 0.893058
4.15414 -0.2634 0.920016
4.06465 -0.25875 0.934492
3.89152 -0.251304 0.936204
3.65916 -0.240458 0.925844
3.39382 -0.226692 0.903568
3.11743 -0.211411 0.86926
2.84174 -0.195474 0.821842
2.57937 -0.178041 0.759137
2.37783 -0.157788 0.68315
2.30825 -0.135765 0.603319
2.40246 -0.115875 0.535131
2.62506 -0.10188 0.480238
2.89962 -0.0966544 0.4413
3.16435 -0.10338 0.42382
3.40342 -0.121583 0.414955
3.58893 -0.150192 0.389246
3.65893 -0.183733 0.354134
3.59021 -0.210867 0.323694
3.38123 -0.223371 0.285222
3.02017 -0.21045 0.23098
2.50623 -0.167623 0.1638
1.84954 -0.105936 0.0875582
1.07974 -0.0409368 0.0299657
0.247841 0.0115565 0.000223595
-0.576375 0.0439904 -0.00739769
-1.36744 0.0589315 -0.000673207
-2.18873 0.0596944 0.0342214
-3.01129 0.0529814 0.0707393
-3.70029 0.0439932 0.0720519
-4.23347 0.0397187 0.0754013
-4.59885 0.05058 0.0704307
-4.76374 0.0782143 0.0426392
-4.79406 0.112543 0.0226829
-4.76654 0.135403 0.00960875
-4.72527 0.139297 -0.0055061
-4.7136 0.133941 -0.0132381
-4.75735 0.127971 -0.0176937
-4.85457 0.125905 -0.0218506
-5.00461 0.137586 -0.022176
-5.19685 0.172123 -0.0144152
-5.40826 0.224018 -0.00227875
-5.62024 0.273202 0.0083615
-5.82522 0.305666 0.0162885
-6.03469 0.321293 0.027857
-6.26481 0.319569 0.0451236
-6.51686 0.301472 0.0645268
-6.78386 0.278946 0.0800769
-7.06747 0.267661 0.0921778
-7.38051 0.27228 0.101217
-7.73353 0.285239 0.108047
-8.11826 0.298069 0.117163
-8.50736 0.305199 0.130547
-8.86611 0.302325 0.144462
-9.17115 0.28779 0.15675
-9.41358 0.265989 0.167389
-9.58256 0.246974 0.17495
-9.67262 0.23724 0.178255
-9.69076 0.235008 0.180035
-9.63895 0.235342 0.181259
-9.51556 0.23274 0.181249
-9.32141 0.221683 0.180091
-9.05969 0.198119 0.177175
-8.74328 0.161453 0.172178
-8.38979 0.117351 0.16544
-8.01364 0.075813 0.15863
-7.63302 0.0457514 0.152954
-7.27115 0.03163 0.147803
-6.94788 0.0318257 0.144324
-6.67296 0.0395527 0.143714
-6.44296 0.0455055 0.145761
-6.24907 0.0423636 0.150022
-6.08295 0.0294998 0.155678
-5.92786 0.012349 0.161497
-5.76011 -0.0023062 0.168709
-5.56283 -0.0105137 0.176168
-5.32995 -0.0119638 0.183231
-5.06569 -0.00866317 0.195599
-4.78019 -0.00399168 0.223463
-4.47894 -0.00168789 0.270638
-4.16355 -0.00575887 0.324524
-3.83612 -0.0186351 0.373911
-3.49794 -0.0380138 0.417886
-3.14978 -0.0587896 0.457367
-2.78839 -0.077131 0.491563
-2.40585 -0.09239 0.518279
-1.9986 -0.107075 0.536874
-1.57251 -0.125154 0.550193
-1.13878 -0.150606 0.561025
-0.710506 -0.186201 0.571376
-0.304615 -0.232267 0.58525
0.063305 -0.286346 0.603146
0.389058 -0.343858 0.623734
0.681333 -0.39907 0.645451
0.954848 -0.446455 0.666456
1.22022 -0.483079 0.688552
1.47767 -0.509614 0.713306
1.71645 -0.528282 0.739946
1.92118 -0.541036 0.769342
2.0828 -0.549345 0.803755
2.20134 -0.553709 0.840709
2.27975 -0.553303 0.873362
2.32072 -0.54644 0.89728
2.32834 -0.532054 0.914028
2.30876 -0.511358 0.927195
2.2686 -0.488136 0.938401
2.21552 -0.467354 0.947654
2.15945 -0.453241 0.953886
2.10988 -0.447875 0.956016
2.07419 -0.450485 0.953749
2.05909 -0.458008 0.947826
2.06925 -0.466863 0.938456
2.10358 -0.474972 0.925419
2.15578 -0.482724 0.909666
2.21851 -0.492571 0.891743
2.28633 -0.507761 0.871634
2.3573 -0.530922 0.849266
2.43145 -0.562688 0.824425
2.50537 -0.60075 0.797351
2.56931 -0.640448 0.767994
2.60927 -0.676863 0.737066
2.60768 -0.706521 0.707266
2.54363 -0.727613 0.680297
2.40189 -0.739391 0.652715
2.18215 -0.74154 0.621006
1.89806 -0.733868 0.584734
1.5736 -0.716455 0.543727
1.23706 -0.690392 0.498364
0.908753 -0.658082 0.450146
0.597316 -0.622996 0.401476
0.30893 -0.589422 0.353693
0.0516372 -0.561474 0.307586
-0.170081 -0.541039 0.262994
-0.355725 -0.527495 0.220778
-0.501495 -0.520426 0.183183
-0.602624 -0.521912 0.149335
-0.669243 -0.53658 0.116761
-0.727983 -0.567249 0.0849246
-0.799102 -0.603255 0.0593508
-0.887172 -0.622393 0.0429739
-0.994296 -0.609365 0.0310906
-1.12551 -0.56092 0.0203033
-1.28301 -0.482164 0.0101179
-1.461 -0.382854 0.000352428
-1.64761 -0.27706 -0.00715629
-1.83097 -0.187513 -0.0115205
-2.0005 -0.132366 -0.0139453
-2.14952 -0.108687 -0.0135217
-2.28406 -0.100178 -0.0116988
-2.42134 -0.0900018 -0.01044
-2.57652 -0.0617276 -0.00950734
-2.75301 -0.00227945 -0.0094454
-2.94221 0.0843837 -0.0103766
-3.12866 0.174503 -0.00732744
-3.296 0.242224 -0.000609467
-3.43195 0.276739 0.00443191
-3.5343 0.282237 0.00758028
-3.6121 0.268216 0.00929499
-3.67527 0.25082 0.00986976
-3.72846 0.25165 0.00980445
-3.77684 0.277448 0.00956359
-3.82479 0.31147 0.00984125
-3.87067 0.332103 0.0105195
-3.9136 0.328113 0.00969118
-3.95572 0.297609 0.0067501
-3.99785 0.247731 0.00337073
-4.04252 0.195353 0.00123443
-4.095 0.159795 0.000452382
-4.16043 0.148177 -0.000108829
-4.24034 0.150566 -0.000350489
-4.32754 0.151652 0.000274518
-4.41136 0.140321 0.00150419
-4.48451 0.112697 0.0025554
-4.54116 0.0741543 0.00311789
-4.57916 0.0382347 0.0034383
-4.60471 0.0186688 0.00368493
-4.62861 0.0195965 0.00395255
-4.65605 0.03423 0.00412262
-4.68333 0.0507667 0.00426995
-4.70437 0.0584869 0.00455119
-4.71304 0.052283 0.0047872
-4.70058 0.0360402 0.00470788
-4.66074 0.0210037 0.00419533
-4.59818 0.0180102 0.00332538
-4.52509 0.031008 0.00237501
-4.45071 0.0562248 0.00160942
-4.37669 0.0848405 0.00108823
-4.29816 0.107082 0.000800079
-4.20626 0.117284 0.000559737
-4.0934 0.117193 0.000182789
-3.95788 0.113959 -0.000334734
-3.80145 0.114613 -0.000991465
-3.62417 0.122115 -0.00171006
-3.42538 0.134219 -0.00235339
-3.2069 0.144474 -0.00277681
-2.97169 0.145467 -0.00294185
-2.72524 0.133098 -0.00266474
-2.48424 0.108801 -0.00108495
-2.27647 0.0784193 0.00340261
-2.12534 0.0493281 0.0118885
-2.03351 0.0260974 0.0240556
-1.98738 0.00950354 0.0420939
-1.97029 -0.00171147 0.0692574
-1.9629 -0.0121712 0.0984766
-1.9403 -0.0275422 0.1196
-1.87701 -0.04852 0.131055
-1.75523 -0.0713273 0.137776
-1.57175 -0.0943062 0.146414
-1.33742 -0.121864 0.161596
-1.06176 -0.161321 0.183571
-0.745745 -0.21711 0.208133
-0.389189 -0.288577 0.231309
0.00154978 -0.374403 0.250416
0.411211 -0.474967 0.266011
0.822727 -0.579293 0.281133
1.22339 -0.671726 0.302984
1.60273 -0.744339 0.332979
1.94863 -0.789565 0.372874
2.24908 -0.804879 0.421957
2.49573 -0.795633 0.472011
2.68447 -0.77208 0.522436
2.81755 -0.743928 0.574361
2.90109 -0.716207 0.627659
2.94069 -0.691955 0.680641
2.94604 -0.673242 0.73071
2.93264 -0.660868 0.77778
2.91294 -0.654491 0.822787
2.89207 -0.652531 0.863591
2.87403 -0.652133 0.897763
2.86269 -0.649579 0.924963
2.85481 -0.640864 0.945738
2.8437 -0.623166 0.960004
2.82961 -0.596011 0.967648
2.81797 -0.561657 0.972887
2.81302 -0.525084 0.969716
2.81915 -0.493175 0.959276
2.84504 -0.472638 0.94488
2.89956 -0.468035 0.921454
2.98023 -0.480725 0.893043
3.07442 -0.508924 0.859404
3.17161 -0.548604 0.820778
3.26157 -0.594625 0.781294
3.32909 -0.641471 0.743019
3.35905 -0.684119 0.706471
3.33991 -0.71932 0.671117
3.26335 -0.746015 0.634384
3.12465 -0.762836 0.594529
2.92444 -0.765965 0.552121
2.67059 -0.752894 0.506391
2.37527 -0.724722 0.45621
2.04615 -0.684888 0.402908
1.68497 -0.639868 0.348765
1.29363 -0.597978 0.294228
0.876531 -0.566262 0.240132
0.441117 -0.546299 0.190794
0.00333374 -0.532954 0.151428
-0.409245 -0.517078 0.12216
-0.771768 -0.493716 0.0977629
-1.07172 -0.467519 0.0754713
-1.30376 -0.445986 0.0525127
-1.4677 -0.432714 0.0275619
-1.57118 -0.423632 0.00475828
-1.63617 -0.4062 -0.0109749
-1.68959 -0.371841 -0.0225505
-1.7448 -0.323147 -0.0319221
-1.80592 -0.26429 -0.0384289
-1.88517 -0.197453 -0.0441615
-1.99814 -0.125645 -0.050384
-2.1436 -0.0555348 -0.0566287
-2.30892 0.0072605 -0.0608303
-2.49022 0.0642727 -0.0614223
-2.68893 0.119018 -0.0584429
-2.89919 0.172238 -0.0532041
-3.11164 0.223484 -0.0461744
-3.32424 0.272228 -0.0383142
-3.54366 0.316506 -0.0298111
-3.77399 0.353293 -0.0210495
-4.00439 0.381794 -0.0129518
-4.22052 0.403808 -0.00535662
-4.42148 0.420781 0.00229351
-4.6051 0.433338 0.0099677
-4.75331 0.441491 0.0161131
-4.85568 0.44511 0.019864
-4.91533 0.443829 0.0219873
-4.92443 0.435969 0.0211243
-4.87912 0.420747 0.0180444
-4.79217 0.399446 0.0142509
-4.67612 0.373126 0.009437
-4.54159 0.341679 0.00426146
-4.39982 0.304915 -0.000691968
-4.26163 0.263622 -0.0050163
-4.1365 0.219563 -0.00833274
-4.02995 0.175119 -0.0103897
-3.94291 0.132715 -0.0113812
-3.87403 0.093987 -0.0112129
-3.82258 0.0593527 -0.00995579
-3.78906 0.0282592 -0.00758799
-3.77165 -0.000338249 -0.00415483
-3.76324 -0.0270743 0.000405369
-3.75208 -0.0513626 0.0060008
-3.72239 -0.0714166 0.011949
-3.65983 -0.0854359 0.0173723
-3.55484 -0.0928181 0.0215918
-3.40036 -0.0943038 0.0245969
-3.19667 -0.0917208 0.0265896
-2.95453 -0.0873134 0.0275879
-2.68761 -0.0828557 0.0281857
-2.40562 -0.0792935 0.0295296
-2.11426 -0.0777833 0.0322354
-1.81729 -0.0802073 0.0366967
-1.51809 -0.0855619 0.0449889
-1.22352 -0.0879252 0.0589049
-0.944495 -0.082299 0.0784463
-0.689711 -0.0689028 0.104429
-0.463756 -0.0507242 0.135981
-0.269533 -0.031077 0.172012
-0.108022 -0.0130838 0.212625
0.0252327 0.000811532 0.255814
0.143204 0.00986791 0.298969
0.260467 0.0142149 0.340646
0.382622 0.0133193 0.380471
0.50584 0.00632906 0.418077
0.623424 -0.00694288 0.453138
0.730116 -0.0255868 0.485319
0.822513 -0.0481714 0.513916
0.898635 -0.0734153 0.538226
0.959375 -0.100289 0.55799
1.01088 -0.128218 0.573579
1.06381 -0.1573 0.585645
1.12837 -0.18804 0.595037
1.20905 -0.220736 0.602394
1.30346 -0.254998 0.608094
1.40433 -0.289646 0.612321
1.50143 -0.322801 0.614511
1.58424 -0.352273 0.614012
1.64568 -0.376345 0.610668
1.68372 -0.394471 0.604782
1.69884 -0.407296 0.596848
1.69082 -0.415668 0.587422
1.65842 -0.419331 0.57631
1.60141 -0.416882 0.562581
1.52126 -0.406857 0.545692
1.41956 -0.388757 0.525527
1.2982 -0.363407 0.502371
1.16148 -0.332672 0.47669
1.01521 -0.298773 0.44888
0.865204 -0.263673 0.419376
0.718488 -0.229032 0.388905
0.583071 -0.196461 0.357624
0.464939 -0.167645 0.325179
0.367209 -0.144597 0.292158
0.2897 -0.128868 0.259158
0.226801 -0.120691 0.226713
0.166697 -0.119245 0.194744
0.0938074 -0.123692 0.162084
-0.00670858 -0.133843 0.129826
-0.142637 -0.149204 0.0996118
-0.314082 -0.16693 0.071905
-0.516852 -0.180447 0.0487121
-0.741743 -0.182586 0.0300735
-0.978941 -0.173276 0.0159325
-1.22376 -0.159569 0.00698477
-1.47458 -0.147053 0.00183091
-1.72568 -0.138588 -0.00113831
-1.96442 -0.13699 -0.00296574
-2.17681 -0.142917 -0.00421745
-2.35341 -0.153515 -0.00569386
-2.49041 -0.163687 -0.00786336
-2.5907 -0.167379 -0.0106559
-2.6654 -0.160385 -0.0139157
-2.72963 -0.143431 -0.0174932
-2.79523 -0.121548 -0.0208344
-2.86858 -0.0999958 -0.0232957
-2.95161 -0.0815838 -0.0246789
-3.03993 -0.066621 -0.0251875
-3.12342 -0.0526523 -0.02519
-3.19204 -0.0353652 -0.025084
-3.24196 -0.0117145 -0.0250228
-3.27651 0.0174942 -0.024865
-3.30235 0.04843 -0.0244772
-3.32501 0.0770337 -0.0238899
-3.34725 0.100567 -0.0230427
-3.36976 0.11875 -0.0217622
-3.39065 0.134206 -0.0200668
-3.40538 0.15078 -0.0180961
-3.41038 0.170671 -0.0160303
-3.40517 0.192856 -0.0140763
-3.38929 0.214002 -0.0123527
-3.3608 0.23015 -0.0109242
-3.31917 0.238425 -0.00977742
-3.26588 0.238632 -0.00880094
-3.20116 0.233431 -0.00793061
-3.12288 0.226317 -0.00724795
-3.0292 0.219288 -0.00689526
-2.91981 0.212212 -0.00696407
-2.79559 0.203351 -0.00736582
-2.66016 0.190273 -0.00786221
-2.52077 0.171379 -0.00803416
-2.38464 0.147339 -0.00748312
-2.25517 0.120935 -0.00604519
-2.13225 0.0953174 -0.00368011
-2.0139 0.0724481 -0.000252559
-1.89779 0.052409 0.00432713
-1.78329 0.0334517 0.0101622
-1.67193 0.0132743 0.0178209
-1.56497 -0.00941145 0.0278238
-1.46184 -0.0344709 0.0405185
-1.36201 -0.0605783 0.0557049
-1.26625 -0.0855164 0.0722655
-1.17387 -0.10686 0.0891044
-1.08145 -0.123392 0.105196
-0.985759 -0.135806 0.119734
-0.885159 -0.145841 0.132449
-0.778587 -0.155255 0.143379
-0.666343 -0.165338 0.152669
-0.552552 -0.176848 0.160573
-0.44399 -0.189641 0.167531
-0.345506 -0.202327 0.173975
-0.25837 -0.212879 0.180072
-0.182602 -0.219788 0.185808
-0.118654 -0.222638 0.191443
-0.0670015 -0.221701 0.197257
-0.0271409 -0.217679 0.202986
0.00262127 -0.211706 0.208385
0.0241543 -0.205153 0.213781
0.0392934 -0.199194 0.219759
0.050343 -0.194639 0.226226
0.0592834 -0.191899 0.232623
0.0658161 -0.19079 0.238732
0.0668059 -0.19068 0.244428
0.0588957 -0.190797 0.249175
0.0409748 -0.190537 0.252137
0.0138323 -0.18961 0.252787
-0.0215796 -0.187899 0.251076
-0.0652659 -0.185371 0.24707
-0.116669 -0.182124 0.240861
-0.172676 -0.17845 0.232537
-0.228823 -0.174883 0.222231
-0.281783 -0.172254 0.210213
-0.329957 -0.17146 0.196903
-0.373082 -0.173135 0.182508
-0.412608 -0.17705 0.166838
-0.451778 -0.181524 0.149864
-0.494423 -0.183964 0.131778
-0.543485 -0.181912 0.11323
-0.600679 -0.174176 0.0952303
-0.667351 -0.161323 0.0785742
-0.744677 -0.144978 0.0636477
-0.833248 -0.126974 0.0505981
-0.932799 -0.108858 0.0395401
-1.04033 -0.0915656 0.0305998
-1.14969 -0.074943 0.0238427
-1.25538 -0.0576784 0.0187324
-1.3559 -0.0381798 0.0146892
-1.45241 -0.016045 0.0115058
-1.54545 0.0072511 0.00901448
-1.63416 0.0292516 0.00675093
-1.71674 0.0481479 0.0044868
-1.79128 0.0635328 0.00230787
-1.85636 0.0760349 0.00013559
-1.9105 0.087064 -0.0020833
-1.95204 0.0981918 -0.00448699
-1.98061 0.109774 -0.00701138
-1.99854 0.120388 -0.00945616
-2.01005 0.127901 -0.0116435
-2.01862 0.131017 -0.0134375
-2.02604 0.129724 -0.014854
-2.03368 0.125061 -0.0159312
-2.04304 0.118848 -0.0165825
-2.05489 0.112766 -0.0167514
-2.06887 0.107163 -0.0164909
-2.08413 0.100888 -0.0158526
-2.0996 0.0923177 -0.0148219
-2.11379 0.0804474 -0.0134026
-2.12474 0.0653284 -0.0116571
-2.12973 0.0480994 -0.00966188
-2.12591 0.0305779 -0.0075855
-2.11188 0.0143501 -0.00564307
-2.08727 -7.91496e-05 -0.00395659
-2.05105 -0.0133923 -0.00256576
-2.00251 -0.0267475 -0.00144322
-1.94355 -0.040952 -0.000488101
-1.8782 -0.0559706 0.000494268
-1.81032 -0.0708774 0.0017017
-1.7425 -0.0842624 0.00317008
-1.67565 -0.0948315 0.00485555
-1.60897 -0.102029 0.00675024
-1.54126 -0.106308 0.00890267
-1.47291 -0.108727 0.0114506
-1.40623 -0.110245 0.0145865
-1.34451 -0.111281 0.0184689
-1.29131 -0.111623 0.0232498
-1.2488 -0.110509 0.0291079
-1.21559 -0.107018 0.0361878
-1.18726 -0.100794 0.0440819
-1.15971 -0.0925288 0.0517214
-1.13143 -0.0835835 0.0584428
-1.10286 -0.0752637 0.0640838
-1.07473 -0.068618 0.0685511
-1.04733 -0.0643015 0.0719671
-1.02038 -0.0622463 0.0746147
-0.992567 -0.061688 0.0764611
-0.961502 -0.0616483 0.07698
-0.925667 -0.0613554 0.0757997
-0.886534 -0.0603916 0.0732473
-0.848094 -0.0587164 0.0703134
-0.814693 -0.0566427 0.067722
-0.789005 -0.0547288 0.0656104
-0.771083 -0.0534459 0.0641465
-0.759169 -0.0529133 0.0635113
-0.751345 -0.0529022 0.0638335
-0.747082 -0.0529075 0.0651054
-0.747929 -0.0522796 0.0671335
-0.756352 -0.0504714 0.0697137
-0.773603 -0.0473165 0.0727537
-0.798538 -0.0431307 0.0761336
-0.828195 -0.0385796 0.0795648
-0.859491 -0.0344374 0.0826417
-0.890524 -0.031279 0.0849009
-0.920205 -0.0292571 0.0859171
-0.946811 -0.0281091 0.085314
-0.967667 -0.027376 0.082971
-0.980432 -0.0266442 0.0791187
-0.984106 -0.0256754 0.0740583
-0.979494 -0.0245203 0.0680034
-0.970207 -0.0235533 0.0612604
-0.962442 -0.0232674 0.0544305
-0.962251 -0.0239365 0.0481322
-0.973033 -0.0254311 0.0425379
-0.995669 -0.0272296 0.0376574
-1.03009 -0.0285451 0.0335147
-1.07582 -0.0285832 0.0300641
-1.13157 -0.0268731 0.027389
-1.19496 -0.0236059 0.025412
-1.26253 -0.0197261 0.0240539
-1.32981 -0.0166003 0.0231658
-1.3917 -0.0154006 0.022349
-1.4437 -0.0165522 0.0212558
-1.48325 -0.0196448 0.0196239
-1.50998 -0.0237535 0.0174016
-1.52513 -0.027874 0.0147045
-1.53126 -0.0313161 0.0117711
-1.53202 -0.0339247 0.00889242
-1.53126 -0.035974 0.00623684
-1.53191 -0.0378817 0.00394667
-1.53558 -0.0398874 0.00217929
-1.5432 -0.0418387 0.000987541
-1.55558 -0.0432599 0.000328234
-1.57293 -0.0435955 0.000135694
-1.59482 -0.0425377 0.000373023
-1.62032 -0.040197 0.00100158
-1.64774 -0.0370489 0.00197784
-1.67407 -0.0337259 0.00322454
-1.69548 -0.030732 0.00457096
-1.70876 -0.028247 0.0057876
-1.7123 -0.0261137 0.00673531
-1.70622 -0.0240113 0.00734892
-1.69203 -0.0217023 0.00759749
-1.67251 -0.0191669 0.00756731
-1.65121 -0.0165687 0.00741587
-1.63116 -0.0141239 0.00723427
-1.61394 -0.0119377 0.00704609
-1.59988 -0.00990667 0.00689583
-1.58877 -0.00776071 0.00683602
-1.5802 -0.00522906 0.00687287
-1.57322 -0.00221422 0.00698716
-1.56613 0.00111477 0.00717021
-1.557 0.00435262 0.0074239
-1.54442 0.00704931 0.0077618
-1.52752 0.00895512 0.00820308
-1.50553 0.0101328 0.00873548
-1.47793 0.0108834 0.00930409
-1.4453 0.0115722 0.00991492
-1.40977 0.0124592 0.0107067
-1.37471 0.0135966 0.0118467
-1.34367 0.0148102 0.013414
-1.31848 0.0158033 0.0154353
-1.29828 0.0163386 0.017884
-1.28058 0.0163359 0.0206589
-1.26343 0.0158846 0.0237865
-1.24645 0.0151651 0.0272791
-1.2303 0.014312 0.031057
-1.21568 0.0133108 0.0348557
-1.20247 0.0119675 0.0383122
-1.18897 0.00996893 0.0413067
-1.1725 0.00701946 0.0437476
-1.15123 0.00299191 0.0454938
-1.12534 -0.00200808 0.0464688
-1.09688 -0.00768723 0.0467771
-1.06888 -0.0137014 0.0466898
-1.04421 -0.0197473 0.0465349
-1.02516 -0.0256069 0.0465663
-1.01364 -0.0311904 0.0467844
-1.0107 -0.0365045 0.047038
-1.01584 -0.0415592 0.0471789
-1.02717 -0.0463123 0.0470928
-1.04257 -0.0506981 0.0468035
-1.06094 -0.0546731 0.0465139
-1.08216 -0.0582423 0.046396
-1.10558 -0.0614873 0.046297
-1.12857 -0.0645701 0.0458178
-1.14744 -0.0676916 0.044693
-1.15942 -0.070999 0.0429522
-1.16393 -0.0745216 0.0407427
-1.16272 -0.0781758 0.0381873
-1.15945 -0.0817471 0.0354768
-1.15823 -0.0849022 0.0328723
-1.16169 -0.0872511 0.0305855
-1.17001 -0.0884639 0.0286966
-1.18241 -0.0883848 0.0271844
-1.19909 -0.0870367 0.0259967
-1.22132 -0.0845574 0.025075
-1.25008 -0.08114 0.0243633
-1.28525 -0.0770163 0.0238326
-1.32563 -0.0723918 0.0234727
-1.36877 -0.0673479 0.0232686
-1.41086 -0.0618942 0.0229997
-1.44709 -0.0561723 0.02222
-1.47339 -0.050531 0.0207247
-1.48827 -0.0453664 0.0186596
-1.49325 -0.0409596 0.0162832
-1.49169 -0.0373736 0.0138328
-1.48766 -0.0343438 0.0114702
-1.48486 -0.0312807 0.00926863
-1.48553 -0.0274842 0.00730978
-1.48968 -0.0225084 0.00568955
-1.49559 -0.0164342 0.00444595
-1.50175 -0.00978633 0.00359616
-1.50838 -0.00321433 0.00316279
-1.51674 0.00272638 0.00316594
-1.52742 0.00767769 0.00359846
-1.53975 0.0116502 0.00441132
-1.55229 0.0150953 0.00554097
-1.5635 0.0185879 0.00691009
-1.57244 0.022377 0.00838051
-1.57896 0.0262661 0.00975997
-1.58296 0.0298111 0.010886
-1.58393 0.0325053 0.0116911
-1.58143 0.0338848 0.0121881
-1.57546 0.0337483 0.0124494
-1.56649 0.032356 0.0125386
-1.55526 0.0302898 0.0124444
-1.54241 0.0281023 0.0121087
-1.52838 0.0260982 0.0115262
-1.51391 0.0243241 0.0108026
-1.50064 0.0226347 0.0100979
-1.49067 0.0207813 0.00954996
-1.48563 0.0185722 0.00922936
-1.48581 0.0160232 0.00913809
-1.48999 0.0133617 0.00926611
-1.49565 0.010907 0.00959633
-1.49961 0.00891128 0.010049
-1.49909 0.00743763 0.0104949
-1.49257 0.00632377 0.0108494
-1.47984 0.0052414 0.0111155
-1.46149 0.00382588 0.0113604
-1.43895 0.00183305 0.0116946
-1.41434 -0.000724357 0.0122299
-1.38956 -0.00357102 0.0130104
-1.36579 -0.00633423 0.0140284
-1.34406 -0.00872429 0.0152828
-1.32556 -0.0106115 0.0167973
-1.31119 -0.0120556 0.0185724
-1.30111 -0.0133107 0.0205499
-1.29498 -0.014756 0.022698
-1.29219 -0.0167353 0.025011
-1.29168 -0.0194305 0.0274235
-1.29139 -0.0228348 0.0298113
-1.28851 -0.0267991 0.0318853
-1.28106 -0.031194 0.0332535
-1.26866 -0.0359897 0.0338292
-1.25192 -0.041211 0.0337761
-1.23168 -0.0469656 0.0332448
-1.20905 -0.0533777 0.0324338
-1.18547 -0.0603972 0.0315949
-1.16246 -0.0677081 0.0309239
-1.14152 -0.0748113 0.0305354
-1.12419 -0.0811846 0.0304706
-1.11191 -0.0863972 0.0307198
-1.1056 -0.090203 0.0312876
-1.10576 -0.0925875 0.0322168
-1.11263 -0.09373 0.0335718
-1.126 -0.0938996 0.0353681
-1.14502 -0.0933235 0.0374838
-1.1683 -0.0920946 0.0396653
-1.19409 -0.0901581 0.0416399
-1.22026 -0.0873716 0.0431676
-1.24425 -0.0836577 0.0438457
-1.2632 -0.0791827 0.0432481
-1.27482 -0.0743366 0.0413684
-1.27835 -0.0695752 0.0385284
-1.27462 -0.0652807 0.0351422
-1.26513 -0.061567 0.0315387
-1.25136 -0.0581421 0.0278695
-1.23493 -0.0543958 0.0243224
-1.21799 -0.0496721 0.0211793
-1.20346 -0.0435776 0.0186683
-1.1948 -0.0360979 0.0168683
-1.19522 -0.0275272 0.015728
-1.20677 -0.0183333 0.0152362
-1.22959 -0.00900013 0.0154515
-1.26156 0.000101082 0.0164044
-1.29878 0.00873298 0.0180144
-1.33678 0.0167057 0.0200415
-1.37165 0.0237979 0.0221165
-1.40061 0.0297189 0.0238786
-1.42202 0.0341539 0.0250529
-1.43503 0.0368862 0.0255074
-1.43911 0.037865 0.0250998
-1.43402 0.0371987 0.0237529
-1.42005 0.0351481 0.0216528
-1.39863 0.0320496 0.0190996
-1.37288 0.0281663 0.016373
-1.34739 0.0236745 0.0138627
-1.32719 0.0187306 0.0119426
-1.31612 0.0134939 0.0106928
-1.31578 0.00815659 0.0100845
-1.32547 0.00298271 0.0100923
-1.3434 -0.0017063 0.0106995
-1.36772 -0.00563515 0.0118363
-1.3964 -0.00871013 0.0133811
-1.42637 -0.0111021 0.0151374
-1.45356 -0.0132247 0.0168594
-1.47396 -0.0155569 0.0183065
-1.48489 -0.0184027 0.0193684
-1.48548 -0.02176 0.0199956
-1.47663 -0.025382 0.0200877
-1.46021 -0.0289235 0.0195963
-1.43806 -0.0320562 0.0185824
-1.41163 -0.0345726 0.0172343
-1.38267 -0.0364392 0.015842
-1.35393 -0.0377365 0.0146992
-1.32873 -0.0385354 0.0139728
-1.30932 -0.0388154 0.0136828
-1.29615 -0.0384969 0.0138231
-1.28821 -0.0375045 0.0144438
-1.28386 -0.0358096 0.0155825
-1.28193 -0.0335031 0.0172255
-1.28266 -0.030826 0.0193225
-1.28709 -0.0281016 0.0217818
-1.29512 -0.0256407 0.0244338
-1.30423 -0.0236968 0.0270849
-1.31018 -0.0224619 0.0295399
-1.3089 -0.0220756 0.0314521
-1.29815 -0.0226807 0.0325407
-1.27828 -0.02441 0.0328869
-1.25178 -0.0273291 0.0327096
-1.22171 -0.0314111 0.0322016
-1.19052 -0.0364417 0.0315972
-1.16012 -0.0419888 0.0310621
-1.13238 -0.0475398 0.0306775
-1.10953 -0.0526624 0.0305799
-1.09409 -0.0570475 0.030851
-1.08846 -0.0604848 0.0315042
-1.09415 -0.062885 0.0325671
-1.11126 -0.0643038 0.0341323
-1.13818 -0.0648985 0.0362435
-1.17169 -0.0648261 0.0386524
-1.20734 -0.0641963 0.0408347
-1.24047 -0.063107 0.0422895
-1.26752 -0.0617035 0.0426234
-1.28682 -0.0601669 0.0417372
-1.29863 -0.0586456 0.0398802
-1.30418 -0.0572097 0.0372507
-1.30451 -0.0558308 0.0339137
-1.30032 -0.0543166 0.0300377
-1.29285 -0.0522644 0.0260243
-1.28436 -0.049201 0.0222401
-1.27759 -0.0448062 0.0188359
-1.27544 -0.0390459 0.0159263
-1.28049 -0.032093 0.0136154
-1.29392 -0.0241894 0.0119552
-1.31531 -0.0156287 0.0109608
-1.34316 -0.00673106 0.0106309
-1.37501 0.00221027 0.0109135
-1.40756 0.01092 0.011644
-1.43778 0.0190689 0.0126111
-1.46387 0.0262764 0.0136323
-1.48489 0.032227 0.0145472
-1.49994 0.0367362 0.0151804
-1.50845 0.0397405 0.0154128
-1.5105 0.0412921 0.0152248
-1.50648 0.0415269 0.0146434
-1.49714 0.0405722 0.0137277
-1.48394 0.0384723 0.0125942
-1.46924 0.0352281 0.0114013
-1.45574 0.0308926 0.0102919
-1.44557 0.025598 0.00939602
-1.43965 0.0195354 0.00879952
-1.43807 0.0129481 0.00855626
-1.44065 0.00610921 0.0086818
-1.44666 -0.000737153 0.00914704
-1.45462 -0.00745033 0.00989511
-1.46295 -0.0139932 0.0108452
-1.47073 -0.0203604 0.0119519
-1.47735 -0.0265202 0.0131723
-1.48171 -0.0324081 0.0143959
-1.48223 -0.0379419 0.0154613
-1.4776 -0.0430282 0.0162631
-1.46707 -0.0475759 0.0167825
-1.45021 -0.0515284 0.0170335
-1.42707 -0.0548845 0.0170594
-1.39842 -0.0576557 0.0169708
-1.36562 -0.0597983 0.0169216
-1.33051 -0.0612039 0.0170634
-1.29535 -0.061741 0.0175193
-1.26229 -0.0612915 0.0183731
-1.23281 -0.0597869 0.0196489
-1.20803 -0.057253 0.021374
-1.18904 -0.0538061 0.0236249
-1.17666 -0.04961 0.0264327
-1.17029 -0.0448728 0.0297403
-1.16769 -0.039896 0.033414
