-8.32244e-07 -9.36684e-09 -0.0555706
-0.000192989 -3.45211e-08 -0.055573
-0.000918245 7.05236e-07 -0.0555843
-0.00222021 6.7473e-06 -0.0556071
-0.00389647 2.50513e-05 -0.0556284
-0.00596675 5.37796e-05 -0.0556413
-0.00891997 8.24059e-05 -0.0556866
-0.0134155 0.000116006 -0.0558091
-0.0194903 0.000182953 -0.0559577
-0.026035 0.000301883 -0.0560523
-0.031144 0.000452386 -0.0561232
-0.0334522 0.000591432 -0.0562453
-0.0335326 0.000695637 -0.0564261
-0.0331785 0.000783848 -0.0566225
-0.0333748 0.000902017 -0.0567533
-0.0340081 0.0010713 -0.0567242
-0.0345431 0.00124078 -0.0565588
-0.0343201 0.00132844 -0.0564495
-0.0333416 0.0013138 -0.0564875
-0.0324459 0.00123689 -0.0565082
-0.0318848 0.00112704 -0.0564413
-0.0302955 0.000993035 -0.0564093
-0.0260706 0.000839521 -0.0563535
-0.0196882 0.00064286 -0.0561721
-0.0130926 0.000374874 -0.0560703
-0.00779404 8.83969e-05 -0.0561319
-0.00448656 -0.000107032 -0.0560117
-0.00245296 -0.000187993 -0.0555673
0.000434944 -0.000239525 -0.055174
0.00636057 -0.000335811 -0.0550299
0.0162191 -0.000493616 -0.0549137
0.0287484 -0.000702257 -0.0548179
0.0411255 -0.000915675 -0.0549026
0.0505967 -0.00105242 -0.0549372
0.0544324 -0.00107552 -0.0546637
0.0509762 -0.00105348 -0.0543356
0.0425393 -0.00106446 -0.0543017
0.0339646 -0.00108262 -0.0544202
0.0295233 -0.00106711 -0.0543438
0.0305 -0.001073 -0.0542837
0.032473 -0.00114054 -0.0546794
0.029626 -0.00117476 -0.0552455
0.0220188 -0.00102947 -0.0554641
0.0135253 -0.000675201 -0.0554113
0.00627431 -0.00027174 -0.055303
-0.000544809 -1.72436e-07 -0.0553723
-0.00972612 0.000185216 -0.0558597
-0.0230169 0.000476232 -0.0562841
-0.0373977 0.000911398 -0.0562232
-0.0457643 0.0013348 -0.0562375
-0.0448923 0.00159112 -0.0566017
-0.0412192 0.00163016 -0.0569975
-0.0436446 0.00154168 -0.0575545
-0.0544155 0.00156981 -0.0581852
-0.0695755 0.00188189 -0.058064
-0.0827182 0.00228671 -0.0572625
-0.0883286 0.00245229 -0.0569792
-0.0853443 0.00232934 -0.0574057
-0.0756927 0.00208791 -0.0576255
-0.0600792 0.00183673 -0.0575536
-0.0405375 0.00161689 -0.0575745
-0.024096 0.0014455 -0.0573432
-0.0186034 0.00127197 -0.0567462
-0.0257176 0.0010624 -0.0563901
-0.0373857 0.000873731 -0.0562697
-0.0420249 0.000721752 -0.0558261
-0.0354883 0.000492229 -0.0553266
-0.0223975 9.85886e-05 -0.0554864
-0.0105815 -0.000336938 -0.0561234
-0.00543838 -0.000587221 -0.0564174
-0.0065499 -0.000582632 -0.0562353
-0.0119104 -0.000410641 -0.0561763
-0.0231967 -0.000114189 -0.0562766
-0.0421455 0.00030859 -0.0560289
-0.0646434 0.000795817 -0.0558087
-0.0806616 0.00124977 -0.0562179
-0.0818904 0.00163841 -0.0568929
-0.0693914 0.00198989 -0.0572875
-0.051669 0.00227847 -0.057704
-0.0391269 0.00238648 -0.0579586
-0.0383832 0.00247009 -0.058278
-0.0474995 0.00275674 -0.0583449
-0.0588658 0.0031644 -0.0578657
-0.0682994 0.00351778 -0.0571397
-0.0784726 0.00352982 -0.0562305
-0.0903773 0.00307653 -0.0560099
-0.100123 0.00240417 -0.057249
-0.105547 0.00189708 -0.0582219
-0.107325 0.00168491 -0.0577164
-0.107469 0.00148808 -0.0573998
-0.108545 0.00124434 -0.0581398
-0.112989 0.00117756 -0.0588483
-0.120626 0.00135338 -0.0586839
-0.127077 0.00197352 -0.0586366
-0.127643 0.00295445 -0.0585669
-0.120206 0.0038944 -0.0576349
-0.105021 0.00446295 -0.0567865
-0.0808186 0.00447691 -0.0573625
-0.045663 0.0041909 -0.0582895
-0.00392403 0.0038033 -0.0579498
0.0354065 0.00330492 -0.0566397
0.0641221 0.00258396 -0.0563035
0.0808778 0.00157279 -0.0561219
0.0929529 0.000399849 -0.0548187
0.105512 -0.00100138 -0.0530074
0.116319 -0.00278183 -0.0525917
0.120869 -0.0046788 -0.0533976
0.1188 -0.00621562 -0.053144
0.11347 -0.00727797 -0.0517482
0.106728 -0.00830531 -0.0509528
0.10009 -0.00935753 -0.0514431
0.0940455 -0.0099331 -0.0526092
0.0853331 -0.00974719 -0.0530907
0.0689431 -0.00866788 -0.052813
0.0441704 -0.00705632 -0.0534429
0.0193095 -0.00510487 -0.0543915
-0.000136901 -0.0026531 -0.0548257
-0.0210965 -0.000147396 -0.0551134
-0.0532501 0.00212862 -0.0562306
-0.0986176 0.0042366 -0.0584269
-0.147954 0.00653422 -0.059697
-0.189742 0.00892647 -0.0595695
-0.218398 0.0105714 -0.0594223
-0.229857 0.0113477 -0.0591566
-0.228897 0.0114963 -0.0568253
-0.23058 0.0114299 -0.0537219
-0.243517 0.0117816 -0.05478
-0.269799 0.0126729 -0.0573958
-0.305432 0.0135501 -0.0571129
-0.339152 0.0138103 -0.0562536
-0.360018 0.0127463 -0.0553673
-0.357904 0.0107878 -0.0571544
-0.335008 0.00909318 -0.0596336
-0.305308 0.00765375 -0.0568751
-0.27262 0.00654073 -0.0542382
-0.239661 0.00579901 -0.0539106
-0.213346 0.00466685 -0.0516923
-0.187395 0.00281516 -0.0514069
-0.155467 0.00100217 -0.0527975
-0.120307 3.68646e-05 -0.0539953
-0.0837619 0.000149484 -0.0563249
-0.0452606 0.000777636 -0.0556381
0.00109876 0.0013414 -0.054673
0.0567874 0.00133911 -0.0548025
0.116263 0.000140471 -0.0542373
0.174929 -0.00145707 -0.0543283
0.224342 -0.00289518 -0.054787
0.258953 -0.00402797 -0.0553081
0.279241 -0.00473878 -0.0539426
0.284835 -0.00558279 -0.0526134
0.275424 -0.00686452 -0.0534228
0.250968 -0.0087686 -0.0537391
0.217238 -0.0107195 -0.0536822
0.18166 -0.0119405 -0.0533234
0.144098 -0.0123547 -0.0525611
0.104489 -0.0119968 -0.0521733
0.0638891 -0.0109582 -0.0518616
0.0214659 -0.00954556 -0.0518188
-0.0214289 -0.00799316 -0.0526004
-0.0618601 -0.00632255 -0.0525774
-0.0994661 -0.00402438 -0.0531284
-0.138113 -0.000964042 -0.0541407
-0.181288 0.00253402 -0.0546931
-0.225156 0.00639056 -0.0561907
-0.261573 0.010168 -0.0573159
-0.280103 0.0131541 -0.0571148
-0.270094 0.0152327 -0.0569979
-0.228236 0.0164817 -0.0568814
-0.154967 0.0169433 -0.0561835
-0.049939 0.0167698 -0.054812
0.0872022 0.0160288 -0.0534721
0.259458 0.014691 -0.0519728
0.469254 0.0123338 -0.047295
0.71639 0.00849139 -0.0384549
1.0008 0.00324638 -0.0267004
1.32042 -0.00346549 -0.0119367
1.67258 -0.0115562 0.00761286
2.0574 -0.0207198 0.039711
2.47569 -0.0311346 0.0845601
2.931 -0.0430361 0.134443
3.42806 -0.0567951 0.187017
3.96777 -0.0729944 0.241942
4.55029 -0.0917263 0.299785
5.17522 -0.112122 0.361234
5.84144 -0.132593 0.422983
6.54462 -0.151542 0.481545
7.26823 -0.168339 0.536084
7.9805 -0.182918 0.584136
8.64146 -0.19562 0.623047
9.21333 -0.207123 0.649404
9.66601 -0.218465 0.66047
9.97382 -0.230516 0.65561
10.118 -0.24318 0.637594
10.0967 -0.255361 0.614671
9.92521 -0.265176 0.594595
9.62933 -0.270479 0.576859
9.23302 -0.269969 0.552679
8.76482 -0.264722 0.508693
8.28993 -0.257793 0.445692
7.8927 -0.252116 0.383887
7.61718 -0.248287 0.329609
7.46187 -0.245707 0.259896
7.41397 -0.244079 0.176144
7.45727 -0.244032 0.101198
7.54663 -0.248967 0.0384627
7.59787 -0.262332 0.0336359
7.53142 -0.280307 0.049327
7.30741 -0.293588 0.047931
6.90768 -0.295738 0.0350162
6.31253 -0.286304 -0.00456745
5.5157 -0.266684 -0.0672785
4.55034 -0.238315 -0.162437
3.45951 -0.207593 -0.234762
2.26777 -0.180446 -0.213642
1.02029 -0.157611 -0.126521
-0.238345 -0.14168 -0.0409003
-1.51056 -0.135204 0.0365409
-2.77238 -0.132073 0.0989809
-3.96922 -0.121645 0.149497
-5.08935 -0.0997966 0.191197
-6.1174 -0.0715614 0.227293
-7.03211 -0.0422954 0.261373
-7.85635 -0.0143984 0.309102
-8.604 0.0131103 0.377937
-9.27655 0.0382002 0.462277
-9.9222 0.0525449 0.558017
-10.5648 0.0635499 0.667836
-11.1931 0.0863451 0.768173
-11.8415 0.121927 0.853912
-12.5297 0.164101 0.957181
-13.2281 0.205279 1.06305
-13.9099 0.243651 1.14756
-14.5637 0.271859 1.20608
-15.1963 0.280815 1.24934
-15.8017 0.272779 1.28185
-16.3426 0.255628 1.30317
-16.8058 0.235445 1.31587
-17.2125 0.213889 1.32646
-17.5717 0.1936 1.33413
-17.8881 0.176764 1.34047
-18.1739 0.162454 1.34478
-18.4328 0.145632 1.34544
-18.6777 0.124147 1.34361
-18.912 0.100124 1.33858
-19.1204 0.0768391 1.33528
-19.2896 0.0555117 1.33715
-19.4004 0.0375334 1.34042
-19.4312 0.0241244 1.34486
-19.3711 0.0131568 1.34999
-19.2086 -0.000999497 1.35264
-18.9403 -0.0238578 1.35015
-18.5725 -0.0571469 1.34151
-18.1077 -0.0987214 1.32608
-17.555 -0.143579 1.30485
-16.9389 -0.185211 1.27935
-16.2919 -0.217367 1.25103
-15.643 -0.237247 1.22172
-15.01 -0.245972 1.19147
-14.3994 -0.248038 1.15628
-13.8087 -0.247852 1.11201
-13.2248 -0.247866 1.05846
-12.6352 -0.249597 0.997772
-12.03 -0.253347 0.934726
-11.3918 -0.258624 0.877057
-10.7019 -0.266228 0.825123
-9.95379 -0.277147 0.778302
-9.1599 -0.291401 0.743957
-8.34894 -0.306209 0.727349
-7.5513 -0.314994 0.726667
-6.78397 -0.311985 0.731464
-6.05259 -0.295321 0.733942
-5.35505 -0.270105 0.734262
-4.68697 -0.244993 0.73507
-4.04312 -0.226728 0.737465
-3.41504 -0.219531 0.738522
-2.79613 -0.224235 0.734387
-2.18508 -0.236551 0.726412
-1.5864 -0.24715 0.718704
-1.00397 -0.249169 0.712949
-0.43813 -0.243757 0.711164
0.110491 -0.236983 0.712853
0.641213 -0.234329 0.719134
1.15676 -0.239812 0.728373
1.66139 -0.255795 0.735231
2.15528 -0.280304 0.74269
2.63044 -0.306105 0.754767
3.07426 -0.324992 0.770546
3.48076 -0.334047 0.79025
3.85395 -0.335411 0.815915
4.20023 -0.333158 0.843843
4.52272 -0.332872 0.866049
4.8195 -0.340221 0.879055
5.0827 -0.357787 0.886236
5.29992 -0.383055 0.892148
5.45983 -0.410337 0.89886
5.55955 -0.434625 0.906727
5.60633 -0.453836 0.914484
5.61246 -0.46934 0.920079
5.59049 -0.484866 0.922859
5.55413 -0.505137 0.92557
5.5178 -0.533665 0.927891
5.48795 -0.570774 0.924219
5.45835 -0.614022 0.912242
5.42051 -0.659582 0.893075
5.37323 -0.70387 0.867761
5.31857 -0.744884 0.837245
5.25608 -0.782641 0.803791
5.18496 -0.819038 0.770828
5.10396 -0.856502 0.740357
5.00436 -0.896072 0.714176
4.86771 -0.936302 0.693908
4.67436 -0.974018 0.678081
4.41188 -1.0063 0.661223
4.0752 -1.03185 0.640494
3.66665 -1.05126 0.616528
3.19648 -1.06654 0.59115
2.67884 -1.0801 0.570027
2.12975 -1.09217 0.558602
1.56949 -1.09929 0.555011
1.02092 -1.09756 0.550813
0.502684 -1.08602 0.538472
0.0273124 -1.06753 0.51548
-0.399446 -1.04701 0.486317
-0.783603 -1.02772 0.459275
-1.14191 -1.01107 0.432942
-1.49334 -0.998094 0.405673
-1.84707 -0.986071 0.385242
-2.20745 -0.971262 0.381157
-2.5799 -0.949695 0.390421
-2.96235 -0.912578 0.406391
-3.34513 -0.852936 0.42811
-3.71533 -0.77087 0.451209
-4.06549 -0.676323 0.471313
-4.39307 -0.582975 0.485158
-4.6908 -0.496735 0.486979
-4.94849 -0.419486 0.473915
-5.16052 -0.354772 0.452984
-5.32906 -0.301541 0.430326
-5.46181 -0.250156 0.408498
-5.571 -0.192675 0.391476
-5.6753 -0.129737 0.380429
-5.79173 -0.0635836 0.373633
-5.92799 0.00546238 0.373511
-6.08514 0.0726312 0.375964
-6.25845 0.126336 0.372201
-6.43481 0.16059 0.364043
-6.59522 0.183561 0.353345
-6.72507 0.20703 0.345338
-6.82621 0.233968 0.346546
-6.91622 0.262175 0.359505
-7.01774 0.289743 0.383162
-7.15254 0.309814 0.408977
-7.33499 0.313226 0.429332
-7.56384 0.297904 0.442202
-7.81916 0.270979 0.450356
-8.07485 0.241794 0.460178
-8.31552 0.215288 0.477645
-8.53692 0.194056 0.502045
-8.73943 0.178838 0.530068
-8.92884 0.16573 0.557478
-9.11706 0.148832 0.579762
-9.30876 0.12588 0.594077
-9.4934 0.0996518 0.602132
-9.65801 0.0744822 0.608585
-9.79543 0.0536953 0.61763
-9.90001 0.0394896 0.630342
-9.96795 0.0314655 0.644185
-10.0018 0.025142 0.65599
-10.0069 0.0152537 0.66246
-9.98505 -6.48036e-05 0.66163
-9.93412 -0.0191794 0.655318
-9.85102 -0.0386538 0.646977
-9.73447 -0.0543951 0.639221
-9.58699 -0.0633203 0.633383
-9.41345 -0.0654157 0.628537
-9.21587 -0.0637255 0.621544
-8.99158 -0.0621019 0.609492
-8.73754 -0.0632711 0.591426
-8.45228 -0.0684398 0.568874
-8.13311 -0.0769221 0.544577
-7.77695 -0.0864763 0.520728
-7.38302 -0.0954027 0.498041
-6.95185 -0.104185 0.475561
-6.4847 -0.115102 0.451729
-5.98476 -0.130734 0.42529
-5.45815 -0.152647 0.395542
-4.91811 -0.180544 0.363015
-4.38725 -0.212165 0.330031
-3.89159 -0.244147 0.298533
-3.45379 -0.27347 0.26863
-3.09319 -0.299488 0.242769
-2.82355 -0.325093 0.232408
-2.63108 -0.350633 0.254039
-2.47852 -0.370946 0.29502
-2.33545 -0.385278 0.327542
-2.17476 -0.400351 0.348527
-1.9737 -0.421645 0.366223
-1.7235 -0.448661 0.384829
-1.4202 -0.478835 0.39684
-1.06015 -0.511672 0.393863
-0.648075 -0.547733 0.382559
-0.203464 -0.585309 0.374559
0.254892 -0.621323 0.377823
0.723711 -0.653405 0.39174
1.20319 -0.678845 0.416142
1.68766 -0.695721 0.448704
2.17521 -0.705523 0.48376
2.67218 -0.711312 0.518361
3.18385 -0.713452 0.547378
3.70515 -0.710254 0.572445
4.22353 -0.70247 0.598627
4.72434 -0.69531 0.628405
5.19408 -0.693953 0.659981
5.62211 -0.699265 0.689471
6.00099 -0.709133 0.716544
6.33072 -0.721238 0.742832
6.61983 -0.732656 0.767368
6.8795 -0.739802 0.787146
7.11594 -0.740734 0.800304
7.32987 -0.736756 0.806953
7.52029 -0.730942 0.808608
7.68468 -0.72583 0.807889
7.81001 -0.723853 0.814912
7.8835 -0.726627 0.816287
7.91131 -0.734662 0.810759
7.89138 -0.746778 0.802736
7.81902 -0.761546 0.780197
7.70924 -0.779036 0.749901
7.57007 -0.799104 0.711299
7.40237 -0.82172 0.666022
7.21675 -0.846586 0.620374
7.02702 -0.873675 0.573801
6.83369 -0.90267 0.525927
6.62571 -0.930964 0.48095
6.39128 -0.954157 0.445826
6.11326 -0.969279 0.418739
5.76695 -0.975878 0.394002
5.33509 -0.974772 0.366765
4.81875 -0.968411 0.33235
4.22683 -0.960023 0.29584
3.57178 -0.952293 0.268302
2.87769 -0.94433 0.255288
2.17403 -0.93137 0.249945
1.47882 -0.910735 0.241469
0.798833 -0.885354 0.22965
0.138006 -0.860595 0.21997
-0.506264 -0.839544 0.2117
-1.13875 -0.819589 0.205234
-1.75122 -0.79414 0.196083
-2.33097 -0.758585 0.185495
-2.87311 -0.713525 0.189741
-3.3724 -0.663242 0.218028
-3.81853 -0.609012 0.257441
-4.20949 -0.54593 0.297
-4.55715 -0.471575 0.338278
-4.87393 -0.390292 0.382392
-5.16862 -0.307589 0.422917
-5.45075 -0.225591 0.451341
-5.73174 -0.144211 0.466464
-6.01886 -0.0655836 0.471629
-6.30815 0.00782598 0.470534
-6.59179 0.0750479 0.464611
-6.86835 0.134676 0.457529
-7.13423 0.184782 0.450508
-7.37863 0.224854 0.443088
-7.59567 0.256533 0.434559
-7.78698 0.280878 0.425318
-7.95335 0.298058 0.417818
-8.0984 0.309135 0.413454
-8.23288 0.315872 0.413223
-8.36523 0.319593 0.416352
-8.49382 0.320385 0.42184
-8.61033 0.317455 0.430093
-8.70742 0.310183 0.439051
-8.77624 0.29753 0.4498
-8.80319 0.277678 0.464348
-8.78274 0.249509 0.480506
-8.71959 0.212969 0.496816
-8.6175 0.169196 0.512715
-8.49072 0.119897 0.525589
-8.36392 0.0664787 0.534817
-8.24707 0.0105279 0.541336
-8.13744 -0.046612 0.543497
-8.03311 -0.104044 0.540043
-7.92605 -0.160904 0.530625
-7.80183 -0.216027 0.516758
-7.65193 -0.268092 0.498879
-7.47266 -0.315661 0.477388
-7.25623 -0.357388 0.453851
-6.99426 -0.393001 0.428769
-6.68662 -0.422943 0.404114
-6.33689 -0.447494 0.381799
-5.94377 -0.466038 0.361728
-5.50736 -0.47753 0.342194
-5.03368 -0.482202 0.3206
-4.52435 -0.482045 0.295817
-3.9773 -0.479676 0.268315
-3.40189 -0.476258 0.239409
-2.81768 -0.469762 0.211435
-2.23756 -0.457838 0.186386
-1.66967 -0.441303 0.167069
-1.12924 -0.421506 0.156119
-0.625725 -0.397674 0.153494
-0.151521 -0.368543 0.155637
0.302196 -0.335563 0.160668
0.734989 -0.301706 0.170907
1.14477 -0.268698 0.188558
1.53198 -0.237474 0.213169
1.89436 -0.208336 0.2408
2.22588 -0.180601 0.268475
2.52246 -0.152935 0.296243
2.78415 -0.125175 0.323742
3.01169 -0.0990679 0.349948
3.20455 -0.0764193 0.373266
3.36325 -0.0579529 0.390969
3.49126 -0.0440134 0.402448
3.59282 -0.0346265 0.409746
3.6712 -0.0285468 0.414786
3.73046 -0.0237193 0.418185
3.77698 -0.018738 0.420041
3.81674 -0.0133099 0.421183
3.85172 -0.00776003 0.421997
3.88061 -0.00290834 0.420747
3.90185 -0.000237806 0.41577
3.91333 -0.00128056 0.406983
3.91058 -0.00627757 0.395247
3.88771 -0.0138823 0.382583
3.84011 -0.0224679 0.371078
3.76546 -0.0312081 0.360696
3.66262 -0.03999 0.350272
3.53191 -0.0490721 0.339155
3.37703 -0.0589738 0.327629
3.20444 -0.0701317 0.316148
3.02014 -0.0824677 0.304433
2.82796 -0.0955612 0.291452
2.63036 -0.109362 0.276295
2.42832 -0.124428 0.259064
2.2209 -0.141327 0.239869
2.00704 -0.160175 0.218562
1.78777 -0.180816 0.195564
1.56524 -0.20322 0.171066
1.33996 -0.22765 0.146838
1.10823 -0.255178 0.127633
0.861686 -0.288125 0.117716
0.589632 -0.326529 0.113429
0.282646 -0.366204 0.109435
-0.0651002 -0.403244 0.104201
-0.455912 -0.436018 0.102157
-0.888684 -0.464073 0.106541
-1.35538 -0.486141 0.117292
-1.84143 -0.501092 0.134576
-2.33037 -0.511895 0.157485
-2.8055 -0.522635 0.182179
-3.25498 -0.534231 0.205117
-3.67138 -0.545592 0.226101
-4.04742 -0.554161 0.244159
-4.38273 -0.55688 0.262802
-4.68536 -0.551687 0.284745
-4.96385 -0.53796 0.309217
-5.22385 -0.516462 0.334081
-5.46896 -0.48884 0.357166
-5.70275 -0.457771 0.37709
-5.92725 -0.425456 0.393037
-6.139 -0.392086 0.404589
-6.32942 -0.35659 0.412256
-6.48993 -0.318277 0.417842
-6.61559 -0.277302 0.422428
-6.70439 -0.234246 0.425591
-6.75752 -0.190378 0.426466
-6.77914 -0.14761 0.423907
-6.77389 -0.107227 0.417142
-6.74595 -0.0691278 0.406452
-6.70002 -0.0324741 0.393124
-6.64029 0.00341217 0.379125
-6.56886 0.0388177 0.365774
-6.48646 0.073313 0.352891
-6.39241 0.105397 0.339617
-6.28391 0.133136 0.325254
-6.15832 0.15532 0.309609
-6.0146 0.171696 0.293317
-5.85216 0.182705 0.277648
-5.67137 0.189397 0.263502
-5.47549 0.192883 0.250944
-5.26927 0.193512 0.239769
-5.05614 0.190625 0.229674
-4.8378 0.183329 0.21979
-4.61467 0.171277 0.209227
-4.38513 0.154852 0.197733
-4.14689 0.135198 0.185629
-3.89993 0.114135 0.1736
-3.64616 0.0929092 0.162594
-3.38742 0.0708995 0.152947
-3.12721 0.0468811 0.144281
-2.87094 0.0204647 0.13657
-2.62227 -0.00774968 0.130253
-2.38075 -0.0366163 0.126162
-2.14453 -0.0649235 0.125005
-1.91423 -0.0913673 0.126889
-1.69124 -0.115304 0.131175
-1.47583 -0.137014 0.136515
-1.26786 -0.157225 0.141949
-1.0683 -0.17644 0.147131
-0.878478 -0.195023 0.151723
-0.697831 -0.213634 0.155185
-0.525109 -0.232482 0.157242
-0.359972 -0.250919 0.158468
-0.202843 -0.2682 0.160012
-0.0549109 -0.284041 0.162417
0.0811113 -0.298108 0.165468
0.201859 -0.309768 0.169084
0.305905 -0.318909 0.173084
0.394617 -0.326189 0.176757
0.470645 -0.332105 0.179614
0.537167 -0.336716 0.182037
0.598042 -0.340199 0.184888
0.656511 -0.342787 0.188272
0.713502 -0.344405 0.191575
0.76641 -0.344939 0.194366
0.808752 -0.34455 0.196683
0.832991 -0.343306 0.198657
0.834074 -0.340839 0.199986
0.809758 -0.336664 0.200175
0.759436 -0.33054 0.199199
0.684323 -0.322471 0.197637
0.588173 -0.312683 0.195562
0.476105 -0.301713 0.19213
0.352288 -0.290223 0.1866
0.219382 -0.278603 0.179278
0.0789296 -0.266984 0.170435
-0.0688105 -0.255484 0.160631
-0.224035 -0.243982 0.150987
-0.386137 -0.231887 0.141968
-0.554209 -0.21849 0.133893
-0.72806 -0.203245 0.127215
-0.907172 -0.185782 0.122349
-1.08967 -0.166134 0.119044
-1.27402 -0.144994 0.116694
-1.4602 -0.12349 0.11467
-1.64791 -0.10255 0.112336
-1.8348 -0.0823168 0.10978
-2.01677 -0.0622026 0.107951
-2.1896 -0.041539 0.107319
-2.35094 -0.0200726 0.107902
-2.5013 0.00207853 0.109728
-2.64256 0.0244487 0.11227
-2.77661 0.0460138 0.11446
-2.90578 0.0654027 0.116045
-3.03211 0.0817785 0.117919
-3.15485 0.0954361 0.120763
-3.27026 0.107154 0.124594
-3.37421 0.117249 0.129341
-3.46393 0.125504 0.13522
-3.53848 0.131422 0.141894
-3.59933 0.134237 0.148649
-3.64968 0.1331 0.154901
-3.69252 0.12769 0.160106
-3.72967 0.118501 0.16414
-3.76256 0.106318 0.16763
-3.79227 0.091706 0.171273
-3.8181 0.074966 0.174993
-3.83756 0.0561022 0.178138
-3.84844 0.0347994 0.180281
-3.84953 0.0108212 0.181339
-3.83945 -0.0154071 0.181479
-3.81697 -0.0428241 0.1812
-3.78235 -0.0702874 0.181047
-3.73676 -0.0969828 0.1813
-3.68052 -0.122491 0.181993
-3.61312 -0.146713 0.182927
-3.5341 -0.169756 0.183646
-3.44325 -0.191655 0.183671
-3.34104 -0.212097 0.182814
-3.22927 -0.230407 0.181092
-3.1104 -0.245819 0.178409
-2.9864 -0.257835 0.174756
-2.85846 -0.266368 0.170501
-2.72697 -0.271634 0.165991
-2.59161 -0.274043 0.161093
-2.45216 -0.274118 0.155454
-2.30967 -0.272261 0.148877
-2.16714 -0.26854 0.141509
-2.02888 -0.262756 0.134073
-1.8991 -0.254729 0.127847
-1.78093 -0.244406 0.123572
-1.67618 -0.231833 0.120759
-1.58531 -0.21743 0.118795
-1.50699 -0.202165 0.11721
-1.43848 -0.186987 0.115327
-1.37788 -0.172264 0.112751
-1.32532 -0.157967 0.109858
-1.2817 -0.143942 0.107283
-1.24728 -0.129891 0.105032
-1.22197 -0.115456 0.102719
-1.20525 -0.10058 0.100613
-1.19539 -0.0856535 0.0994652
-1.19009 -0.0711995 0.0990929
-1.18738 -0.057536 0.09869
-1.18532 -0.0448502 0.0979509
-1.18205 -0.0333275 0.0969615
-1.1773 -0.0229281 0.0959903
-1.17243 -0.0133343 0.0952042
-1.16886 -0.00429665 0.09442
-1.16759 0.00422911 0.093407
-1.16984 0.0121963 0.0923637
-1.17646 0.019446 0.0916893
-1.18724 0.0256141 0.0915177
-1.20212 0.0302966 0.0917764
-1.22212 0.0333321 0.092236
-1.24797 0.0347975 0.0925409
-1.27874 0.034845 0.0922989
-1.31278 0.0336794 0.0914854
-1.34848 0.0315637 0.0904638
-1.38376 0.0286417 0.0896463
-1.41671 0.0248335 0.0893484
-1.4475 0.0199539 0.089663
-1.47886 0.0138363 0.0904397
-1.51463 0.00638451 0.091553
-1.55856 -0.00239352 0.0927693
-1.61347 -0.012308 0.093836
-1.68037 -0.0229234 0.0947746
-1.75814 -0.0336743 0.0958928
-1.84424 -0.0442196 0.0976672
-1.93523 -0.0546302 0.100136
-2.02743 -0.0651512 0.103203
-2.11773 -0.0759762 0.106725
-2.20377 -0.0872264 0.110306
-2.28362 -0.0989328 0.113737
-2.35634 -0.110887 0.117112
-2.4222 -0.122583 0.120825
-2.48118 -0.133475 0.125206
-2.5326 -0.14327 0.130183
-2.57701 -0.15191 0.135392
-2.61668 -0.159401 0.140332
-2.65371 -0.165791 0.144673
-2.68916 -0.171192 0.148318
-2.72378 -0.175695 0.151264
-2.75766 -0.179195 0.15347
-2.78952 -0.181442 0.15482
-2.81785 -0.182285 0.15531
-2.84178 -0.181757 0.155039
-2.86048 -0.179953 0.154098
-2.87297 -0.176927 0.15259
-2.87879 -0.172728 0.150643
-2.87748 -0.167424 0.148399
-2.8683 -0.161057 0.146105
-2.85123 -0.153642 0.144008
-2.82739 -0.145228 0.142151
-2.79869 -0.135969 0.140419
-2.76794 -0.126101 0.138676
-2.73891 -0.115811 0.136813
-2.71497 -0.10516 0.134763
-2.69768 -0.094149 0.132625
-2.68682 -0.082818 0.130639
-2.68084 -0.0712388 0.128924
-2.67648 -0.0595066 0.127336
-2.66956 -0.0477901 0.125622
-2.65674 -0.036326 0.123668
-2.63627 -0.0253148 0.121499
-2.60737 -0.014836 0.119143
-2.5702 -0.00487526 0.116591
-2.52555 0.00460313 0.113846
-2.47408 0.0136107 0.110979
-2.41678 0.0220888 0.108155
-2.35577 0.029868 0.105465
-2.2937 0.0367172 0.102731
-2.23233 0.0424509 0.0996554
-2.17246 0.0469913 0.0962197
-2.11456 0.0503746 0.0928074
-2.05873 0.0527012 0.0900235
-2.0048 0.0540448 0.0881692
-1.95297 0.0543935 0.0871422
-1.90382 0.0536495 0.0865243
-1.8577 0.051655 0.085989
-1.81465 0.0482721 0.0857513
-1.77479 0.0435048 0.0860059
-1.73797 0.0374884 0.0866249
-1.70356 0.0303592 0.0873627
-1.67119 0.022218 0.0881331
-1.64114 0.0131764 0.0890553
-1.61418 0.00333065 0.090252
-1.59192 -0.00729759 0.0917979
-1.57702 -0.018702 0.0936382
-1.57202 -0.0307851 0.0955128
-1.57788 -0.0433446 0.0971538
-1.5935 -0.0561419 0.0985326
-1.61622 -0.0689943 0.0998736
-1.64307 -0.0817959 0.101509
-1.67196 -0.0944818 0.103617
-1.70173 -0.106995 0.105966
-1.73118 -0.119248 0.108059
-1.75926 -0.131109 0.109746
-1.78586 -0.142445 0.111433
-1.81113 -0.153145 0.113475
-1.83469 -0.163112 0.115687
-1.85642 -0.172253 0.117669
-1.87725 -0.180456 0.119276
-1.8984 -0.187565 0.120616
-1.92065 -0.193418 0.121818
-1.94514 -0.197895 0.122969
-1.97375 -0.200956 0.12411
-2.00789 -0.202646 0.125122
-2.04778 -0.203074 0.125792
-2.09308 -0.20235 0.126066
-2.143 -0.200488 0.12613
-2.19604 -0.197419 0.126311
-2.25025 -0.193055 0.126736
-2.30343 -0.187307 0.127194
-2.35296 -0.180166 0.127615
-2.39641 -0.171874 0.128213
-2.43262 -0.162848 0.12916
-2.46191 -0.153351 0.130258
-2.48606 -0.143341 0.131031
-2.50816 -0.132611 0.131222
-2.53166 -0.120973 0.131088
-2.55813 -0.108394 0.131038
-2.5862 -0.0950352 0.131175
-2.61308 -0.0812635 0.131251
-2.63588 -0.0675881 0.130886
-2.6518 -0.054464 0.129745
-2.65914 -0.0420751 0.127603
-2.65836 -0.0303404 0.124535
-2.65158 -0.0190842 0.120999
-2.64185 -0.00816904 0.117641
-2.63258 0.00243342 0.114937
-2.6262 0.0125686 0.112938
-2.62275 0.0218715 0.111384
-2.6204 0.0298992 0.110038
-2.61696 0.0363717 0.108849
-2.61069 0.0412955 0.1079
-2.60124 0.0448822 0.107301
-2.59016 0.0474251 0.10708
-2.57981 0.0492113 0.107156
-2.57181 0.0504023 0.107497
-2.56715 0.0509329 0.108222
-2.56631 0.0505647 0.109401
-2.56867 0.0490689 0.110789
-2.5727 0.046352 0.111923
-2.57702 0.0424924 0.112514
-2.58052 0.0377497 0.112642
-2.58191 0.032494 0.112627
-2.57973 0.0270388 0.112757
-2.57248 0.0215068 0.113097
-2.55847 0.0158217 0.113489
-2.5358 0.00978809 0.113727
-2.50332 0.00319227 0.113688
-2.46134 -0.00408251 0.113305
-2.41159 -0.011983 0.11255
-2.35684 -0.0203124 0.11147
-2.30045 -0.028815 0.110186
-2.24566 -0.0372734 0.108856
-2.19479 -0.0455984 0.107699
-2.14896 -0.0538643 0.106852
-2.10805 -0.06225 0.106181
-2.07124 -0.0709326 0.105513
-2.03799 -0.0800026 0.104946
-2.00845 -0.0894072 0.104727
-1.98268 -0.0989508 0.104996
-1.9603 -0.108368 0.105657
-1.94128 -0.117397 0.106525
-1.92559 -0.125895 0.107652
-1.91217 -0.133969 0.109095
-1.89933 -0.141842 0.110658
-1.88609 -0.149604 0.112128
-1.87228 -0.157159 0.11349
-1.85828 -0.164278 0.114841
-1.84539 -0.170656 0.11622
-1.83508 -0.175993 0.11754
-1.82787 -0.180095 0.118615
-1.82369 -0.18292 0.11931
-1.82263 -0.18457 0.119661
-1.82465 -0.18521 0.119816
-1.82959 -0.184956 0.119839
-1.8379 -0.183816 0.119721
-1.8505 -0.181681 0.119478
-1.86798 -0.178365 0.119209
-1.89041 -0.173721 0.119118
-1.91722 -0.167697 0.119119
-1.94661 -0.160325 0.11882
-1.97586 -0.151823 0.118098
-2.00245 -0.142623 0.117153
-2.02474 -0.133073 0.116283
-2.04189 -0.12319 0.115527
-2.05386 -0.112795 0.114611
-2.06139 -0.101749 0.113535
-2.06561 -0.0900165 0.11261
-2.06791 -0.0776502 0.112006
-2.07007 -0.0648425 0.111423
-2.07383 -0.0519812 0.110225
-2.08039 -0.0394868 0.108025
-2.0906 -0.0276472 0.105003
-2.10488 -0.0165952 0.101723
-2.12246 -0.00636909 0.0987179
-2.1416 0.00302568 0.0962519
-2.16068 0.0115449 0.094384
-2.17854 0.0190343 0.0930676
-2.19414 0.0252681 0.0922673
-2.20705 0.0300447 0.091946
-2.21773 0.0332815 0.0920051
-2.22676 0.0350251 0.0924473
-2.23425 0.0353782 0.0934744
-2.2404 0.0344613 0.0952052
-2.24594 0.0324207 0.0975126
-2.2519 0.0293525 0.100186
-2.25953 0.0252284 0.102992
-2.2703 0.0200187 0.105543
-2.28532 0.0138351 0.107469
-2.30469 0.006916 0.108736
-2.32788 -0.000474812 0.109656
-2.35404 -0.00811234 0.110577
-2.38147 -0.0158263 0.111613
-2.40732 -0.0235241 0.112638
-2.42848 -0.0311886 0.11346
-2.44228 -0.0388248 0.114114
-2.44698 -0.0464016 0.114838
-2.44258 -0.0538373 0.115774
-2.43071 -0.061007 0.116821
-2.41334 -0.0677386 0.11779
-2.39208 -0.0738565 0.118559
-2.36817 -0.0792832 0.119207
-2.34238 -0.0840743 0.119899
-2.31515 -0.0883399 0.12064
-2.28694 -0.0921627 0.121143
-2.25809 -0.0955858 0.120959
-2.22844 -0.098598 0.119857
-2.19755 -0.101144 0.11806
-2.16528 -0.103191 0.116061
-2.1321 -0.104777 0.114173
-2.09915 -0.106014 0.112381
-2.06823 -0.107056 0.110563
-2.0409 -0.108036 0.108704
-2.01732 -0.109015 0.107029
-1.99624 -0.109982 0.105869
-1.97593 -0.110884 0.105277
-1.95479 -0.111655 0.105077
-1.9314 -0.11234 0.105139
-1.90518 -0.113142 0.105347
-1.87688 -0.114195 0.105584
-1.84823 -0.115428 0.10582
-1.82145 -0.116686 0.106139
-1.79929 -0.117794 0.106688
-1.78424 -0.118563 0.107543
-1.77724 -0.118877 0.10847
-1.77791 -0.118761 0.109076
-1.78596 -0.118313 0.109225
-1.8012 -0.117597 0.109207
-1.82329 -0.116581 0.109412
-1.85194 -0.115157 0.10993
-1.8864 -0.113188 0.11065
-1.92471 -0.110546 0.111491
-1.96434 -0.107216 0.112261
-2.00331 -0.103334 0.112835
-2.04004 -0.0990378 0.113271
-2.07337 -0.0943282 0.113549
-2.10303 -0.0891342 0.113595
-2.12959 -0.0833833 0.113445
-2.15398 -0.0769804 0.113436
-2.17751 -0.0698872 0.113893
-2.20151 -0.0622215 0.114674
-2.22647 -0.0541976 0.115395
-2.25187 -0.0459867 0.115638
-2.2772 -0.0377162 0.115152
-2.30204 -0.0295241 0.113982
-2.32557 -0.021524 0.112282
-2.34682 -0.0138104 0.110277
-2.36522 -0.00652025 0.108191
-2.3803 0.000110937 0.106203
-2.39168 0.00577976 0.104431
-2.39942 0.0102128 0.10297
-2.40388 0.0132627 0.101867
-2.40534 0.0149383 0.101113
-2.40453 0.0153165 0.10078
-2.40262 0.0144623 0.101059
-2.40063 0.0124203 0.102021
-2.39928 0.00920071 0.103523
-2.39954 0.00475768 0.105394
-2.40244 -0.000966191 0.107515
-2.40833 -0.00793607 0.109713
-2.41699 -0.015988 0.111817
-2.42825 -0.0248725 0.113819
-2.44165 -0.0342968 0.115783
-2.45598 -0.0439684 0.117676
-2.46972 -0.0536498 0.119412
-2.48158 -0.063176 0.12095
-2.49042 -0.0724326 0.122332
-2.49546 -0.0813227 0.1236
-2.4964 -0.0897338 0.124733
-2.49286 -0.0975125 0.125652
-2.48426 -0.10448 0.126341
-2.47024 -0.110482 0.12692
-2.45021 -0.11541 0.127434
-2.42306 -0.119207 0.127708
-2.38769 -0.121875 0.127541
-2.34383 -0.123474 0.126885
-2.29204 -0.124084 0.125759
-2.23376 -0.123764 0.124137
-2.17122 -0.122566 0.122018
-2.1069 -0.12055 0.119423
-2.04299 -0.117782 0.116398
-1.98154 -0.114362 0.113135
-1.92424 -0.110442 0.109887
-1.8715 -0.106198 0.106778
-1.82236 -0.101795 0.103881
