-5.08375e-07 -8.26698e-09 -0.0526134
-0.000192899 -1.98872e-07 -0.0526111
-0.000916048 -2.85202e-06 -0.0526004
-0.00218643 -1.46156e-05 -0.0525823
-0.00372554 -3.95351e-05 -0.0525749
-0.00549521 -6.86806e-05 -0.0525768
-0.00804903 -9.22704e-05 -0.0525329
-0.0120976 -0.000121597 -0.0524135
-0.0175032 -0.000183233 -0.0522964
-0.0229586 -0.000288506 -0.0522536
-0.0266653 -0.000409236 -0.052226
-0.0275921 -0.00049207 -0.0521086
-0.0266341 -0.000510182 -0.0518897
-0.0258025 -0.000506903 -0.0516608
-0.0261249 -0.000574554 -0.051547
-0.027299 -0.000757125 -0.0516298
-0.0286204 -0.000986673 -0.0518196
-0.0294617 -0.00114651 -0.0518928
-0.0295644 -0.00116924 -0.0518286
-0.0291295 -0.00106821 -0.051832
-0.0282782 -0.000915834 -0.0519247
-0.0260748 -0.000779078 -0.0519632
-0.0210985 -0.000644135 -0.0519992
-0.0140545 -0.00043284 -0.0521163
-0.00769764 -0.000127314 -0.0521597
-0.00395669 0.000158771 -0.0521006
-0.00275823 0.000284511 -0.0522671
-0.00266154 0.000224667 -0.0527452
-0.00167995 9.17973e-05 -0.053134
0.00258193 6.55674e-05 -0.0532603
0.0117279 0.000262712 -0.0533597
0.0242013 0.000628016 -0.0534245
0.0362015 0.000976011 -0.0532913
0.0447952 0.0011373 -0.0531914
0.0476006 0.00108368 -0.0534393
0.0428274 0.000923069 -0.0538213
0.0327113 0.000767832 -0.0539292
0.0232711 0.000667778 -0.053916
0.0200685 0.000660716 -0.0540755
0.0236795 0.000782814 -0.054061
0.0281163 0.00101386 -0.0535254
0.027313 0.00122721 -0.0529075
0.0215599 0.00120768 -0.0527497
0.0143457 0.000859542 -0.0529925
0.00741644 0.000373062 -0.0531969
-0.000248543 1.95893e-06 -0.0529397
-0.0108843 -0.000225051 -0.0523639
-0.0243389 -0.000453872 -0.0521546
-0.036556 -0.000789253 -0.0524177
-0.0415251 -0.00116293 -0.0524641
-0.0370866 -0.00134139 -0.0519827
-0.0301233 -0.00114345 -0.0513188
-0.0307238 -0.00075999 -0.0506936
-0.0416198 -0.000680981 -0.0503348
-0.0572273 -0.0011507 -0.050755
-0.0704507 -0.00188748 -0.0515835
-0.0769935 -0.00237446 -0.0517011
-0.075123 -0.00227385 -0.0511847
-0.0648696 -0.00167345 -0.0510338
-0.0478884 -0.00101853 -0.051194
-0.0284681 -0.000699585 -0.0510972
-0.0139006 -0.000717511 -0.0510375
-0.0115308 -0.000821631 -0.0514352
-0.0229854 -0.000867014 -0.0519982
-0.0387652 -0.00088254 -0.0525173
-0.0448466 -0.000879164 -0.0531321
-0.036942 -0.000727475 -0.053427
-0.0214708 -0.000270598 -0.052888
-0.00705247 0.000432346 -0.0520868
0.00100584 0.00107322 -0.0520372
0.00171448 0.0012909 -0.0524637
-0.00499613 0.000934082 -0.0523873
-0.0197046 0.000211903 -0.0521031
-0.0410942 -0.000513377 -0.0524081
-0.0641581 -0.0010367 -0.0529258
-0.0789669 -0.00134076 -0.0528577
-0.0764239 -0.00147466 -0.0521354
-0.0577947 -0.00147097 -0.0513984
-0.0344803 -0.00133662 -0.0506701
-0.0196753 -0.0011297 -0.0500979
-0.0201362 -0.00103474 -0.0498972
-0.0333512 -0.00135321 -0.050249
-0.0507007 -0.00226766 -0.0507887
-0.0657412 -0.00332672 -0.051605
-0.0786812 -0.00377069 -0.0525321
-0.090781 -0.00326198 -0.0525769
-0.0988515 -0.00214548 -0.0515755
-0.0983187 -0.0012222 -0.0508062
-0.0901188 -0.000880255 -0.0512624
-0.0815629 -0.000875534 -0.0511534
-0.0791565 -0.000719349 -0.0501489
-0.0833402 -0.000324443 -0.049687
-0.09252 -0.0002269 -0.0500683
-0.104405 -0.000853054 -0.0504474
-0.112275 -0.00216687 -0.0505379
-0.109877 -0.00358157 -0.0512637
-0.0974395 -0.00428524 -0.0521324
-0.0755118 -0.00402357 -0.0516062
-0.0417785 -0.0032221 -0.0506442
0.00127944 -0.00247411 -0.0507248
0.041677 -0.00191598 -0.0515269
0.066358 -0.00136574 -0.0514342
0.0760075 -0.000762656 -0.0518588
0.0813424 -4.80191e-05 -0.053741
0.0869249 0.000809718 -0.0556304
0.089582 0.00175553 -0.055903
0.0887916 0.00271345 -0.0549402
0.0871565 0.00364734 -0.0551552
0.0856517 0.00472184 -0.0568311
0.0850904 0.00585363 -0.0578212
0.0841456 0.00697273 -0.0570845
0.0826035 0.00791216 -0.0557904
0.0793041 0.00815909 -0.0553843
0.0664068 0.00763524 -0.0558227
0.0421455 0.0061821 -0.0554734
0.0156127 0.00398651 -0.0544254
-0.00518881 0.00165284 -0.0539472
-0.0250766 -0.000500606 -0.0537297
-0.0563021 -0.00212931 -0.0524629
-0.0992919 -0.00360762 -0.0504447
-0.141305 -0.00531799 -0.0495669
-0.170352 -0.0070731 -0.0504027
-0.182123 -0.00847756 -0.052135
-0.178199 -0.0088721 -0.0523994
-0.165315 -0.00842502 -0.0523272
-0.159174 -0.00769896 -0.0527893
-0.174755 -0.00716971 -0.0510298
-0.209318 -0.00781988 -0.0501585
-0.249783 -0.0095307 -0.052792
-0.286707 -0.0110184 -0.056835
-0.312178 -0.0117542 -0.0592105
-0.318485 -0.0111155 -0.0566821
-0.301288 -0.0086691 -0.0532142
-0.265186 -0.00564265 -0.0542461
-0.224217 -0.00318621 -0.0559001
-0.188156 -0.00146325 -0.0559564
-0.158182 -0.000556364 -0.0578259
-0.133332 -0.000171399 -0.058253
-0.110352 0.000140578 -0.0564364
-0.0877548 0.000546646 -0.0552594
-0.0659734 0.00115749 -0.0540067
-0.0392286 0.00150483 -0.0541865
-0.00398608 0.00131795 -0.0546435
0.0400833 0.00124123 -0.0542524
0.0928951 0.00126312 -0.0544361
0.14541 0.00160232 -0.0547681
0.189544 0.00247194 -0.054299
0.222303 0.00354533 -0.0538454
0.240942 0.00468276 -0.0547529
0.245652 0.00574517 -0.0553062
0.235063 0.00679213 -0.054784
0.209747 0.00759834 -0.054577
0.178295 0.00794072 -0.0551429
0.146975 0.00796735 -0.0562392
0.115977 0.00793414 -0.05675
0.0852866 0.0080952 -0.0570484
0.0539145 0.00850483 -0.0568863
0.0208797 0.00858725 -0.0567084
-0.012199 0.0076829 -0.0567185
-0.0437204 0.00553855 -0.0566761
-0.0743858 0.00256061 -0.0562954
-0.108637 -0.000520009 -0.0558172
-0.148724 -0.00327388 -0.0549935
-0.190275 -0.00566197 -0.0546136
-0.22348 -0.00788388 -0.0550021
-0.235671 -0.0102451 -0.0554896
-0.219673 -0.0125624 -0.0554252
-0.173615 -0.0142193 -0.0542246
-0.0973616 -0.0146825 -0.0530522
0.00594159 -0.0135768 -0.0510846
0.133581 -0.0111876 -0.0468781
0.28721 -0.00839443 -0.0429097
0.471191 -0.00592368 -0.0389846
0.688162 -0.00354575 -0.0345187
0.936255 -0.000977527 -0.0280456
1.21424 0.0024234 -0.0162455
1.5209 0.00728574 0.00276121
1.85419 0.0137279 0.0256492
2.21577 0.0209118 0.0515091
2.61005 0.0267744 0.0809836
3.04133 0.030224 0.113534
3.51239 0.031038 0.149588
4.02428 0.0293595 0.187452
4.57713 0.0263326 0.227448
5.17048 0.0236548 0.270493
5.79955 0.0223097 0.317185
6.44859 0.0220968 0.367149
7.08689 0.0225359 0.419006
7.67502 0.0231901 0.47232
8.17492 0.0229416 0.528277
8.55544 0.0205508 0.587041
8.79326 0.0152121 0.647293
8.87516 0.00680054 0.704703
8.80493 -0.00387468 0.753543
8.60249 -0.0153121 0.789536
8.2948 -0.0256732 0.811042
7.90748 -0.033613 0.818734
7.47318 -0.039148 0.815619
7.05512 -0.043669 0.799901
6.72848 -0.0492246 0.767949
6.53682 -0.0571484 0.726921
6.49006 -0.0668685 0.68085
6.57869 -0.0777923 0.618116
6.76764 -0.0923752 0.552613
6.98218 -0.112605 0.522465
7.12701 -0.135062 0.542976
7.13151 -0.155788 0.566122
6.96561 -0.171457 0.569471
6.614 -0.177703 0.563688
6.0547 -0.175076 0.535404
5.28068 -0.168543 0.482009
4.31778 -0.162335 0.412017
3.20991 -0.161978 0.339595
2.02783 -0.166202 0.321712
0.807995 -0.168908 0.363734
-0.456647 -0.171215 0.449309
-1.71526 -0.174853 0.535111
-2.90172 -0.176819 0.589374
-3.99712 -0.174022 0.64438
-4.9901 -0.167514 0.678859
-5.84977 -0.161605 0.679648
-6.55565 -0.159681 0.664868
-7.13518 -0.161313 0.63229
-7.62724 -0.164775 0.585052
-8.01633 -0.171968 0.547256
-8.31184 -0.182729 0.537513
-8.62218 -0.186975 0.569044
-9.0195 -0.178919 0.623774
-9.4633 -0.159811 0.66119
-9.91162 -0.134848 0.636772
-10.363 -0.109617 0.559324
-10.8307 -0.0872888 0.496837
-11.3289 -0.0759847 0.486158
-11.8449 -0.0847644 0.486374
-12.3502 -0.113396 0.458562
-12.8213 -0.153245 0.421342
-13.2445 -0.197007 0.400769
-13.6241 -0.239998 0.387783
-13.9751 -0.278384 0.374571
-14.3038 -0.309529 0.368123
-14.613 -0.33315 0.367923
-14.9135 -0.350424 0.367431
-15.2099 -0.362789 0.368639
-15.4895 -0.369385 0.371643
-15.7357 -0.368416 0.370456
-15.9292 -0.360366 0.365347
-16.0564 -0.347428 0.359233
-16.1087 -0.331946 0.352486
-16.0682 -0.31754 0.344078
-15.9215 -0.309699 0.332464
-15.6671 -0.313541 0.317471
-15.3057 -0.330841 0.295669
-14.8495 -0.358774 0.268181
-14.3216 -0.390898 0.244621
-13.7456 -0.419085 0.222899
-13.1504 -0.436788 0.192799
-12.5631 -0.440731 0.154718
-12.002 -0.431 0.110181
-11.4789 -0.410908 0.0580648
-10.997 -0.385643 0.00203669
-10.5455 -0.359844 -0.0545307
-10.1017 -0.336973 -0.109935
-9.6419 -0.319206 -0.162015
-9.14708 -0.311443 -0.205833
-8.60285 -0.318756 -0.243695
-8.00149 -0.340021 -0.270915
-7.35106 -0.369118 -0.277499
-6.68009 -0.393403 -0.266356
-6.01831 -0.398094 -0.243758
-5.382 -0.372366 -0.216865
-4.77344 -0.31584 -0.1906
-4.18638 -0.241702 -0.165319
-3.61583 -0.167929 -0.14364
-3.05385 -0.110313 -0.13435
-2.48575 -0.0784438 -0.143342
-1.90172 -0.0717176 -0.167617
-1.31087 -0.0773008 -0.193021
-0.737943 -0.0751035 -0.209072
-0.197652 -0.050666 -0.204883
0.313451 -0.00463351 -0.176251
0.799024 0.0484987 -0.135358
1.26059 0.0903722 -0.092507
1.70492 0.110252 -0.0569207
2.1409 0.10607 -0.0300051
2.56898 0.0837858 -0.00627507
2.97563 0.0591773 0.0183991
3.34498 0.0484884 0.0459314
3.67161 0.0571572 0.0780237
3.95987 0.0807621 0.117003
4.21621 0.108082 0.160474
4.44313 0.125511 0.202795
4.64151 0.123736 0.239847
4.81328 0.101407 0.270532
4.95345 0.0667472 0.295509
5.04955 0.0327355 0.317797
5.09418 0.00879183 0.340181
5.09295 -0.00308275 0.363425
5.06137 -0.00804888 0.385244
5.01838 -0.0159163 0.40096
4.98135 -0.035865 0.407473
4.96222 -0.0717714 0.404177
4.96217 -0.120154 0.392795
4.97109 -0.172227 0.378539
4.97728 -0.21907 0.366655
4.97503 -0.256204 0.358366
4.9634 -0.285292 0.352246
4.94468 -0.312341 0.346039
4.9223 -0.343923 0.33739
4.89409 -0.383389 0.325036
4.84807 -0.428953 0.310034
4.76326 -0.474476 0.294713
4.615 -0.512653 0.280331
4.38443 -0.538789 0.267596
4.06547 -0.552712 0.256345
3.66559 -0.558499 0.24479
3.20269 -0.562593 0.229283
2.70248 -0.57023 0.207547
2.19126 -0.581887 0.180486
1.68713 -0.593376 0.149117
1.20084 -0.598414 0.117058
0.743957 -0.592684 0.089801
0.331563 -0.577726 0.0688431
-0.0268298 -0.559494 0.0511392
-0.33413 -0.544601 0.033109
-0.605634 -0.539129 0.0119645
-0.861425 -0.544548 -0.0100818
-1.11783 -0.556343 -0.026217
-1.38565 -0.570229 -0.027888
-1.66943 -0.580655 -0.0131276
-1.9666 -0.578443 0.00734727
-2.26777 -0.557834 0.0257633
-2.56264 -0.520247 0.041888
-2.84925 -0.473634 0.0583153
-3.13211 -0.428025 0.0767898
-3.40555 -0.389616 0.0950153
-3.6515 -0.361989 0.107825
-3.85691 -0.348025 0.112442
-4.0226 -0.346915 0.109384
-4.1565 -0.351178 0.10142
-4.26749 -0.351805 0.0951528
-4.37079 -0.34552 0.0920102
-4.48604 -0.331731 0.0888795
-4.6229 -0.310344 0.0885443
-4.78071 -0.285247 0.0911709
-4.95558 -0.263218 0.0909312
-5.1349 -0.246573 0.0863428
-5.29634 -0.230696 0.0824625
-5.4225 -0.20913 0.084603
-5.51303 -0.178759 0.092546
-5.58123 -0.141756 0.104317
-5.6484 -0.102868 0.119041
-5.74318 -0.0691619 0.133398
-5.88815 -0.0481928 0.14407
-6.08212 -0.0421026 0.149808
-6.30317 -0.0463988 0.15139
-6.52576 -0.0534382 0.152569
-6.73199 -0.0566979 0.156574
-6.91444 -0.0529233 0.164874
-7.0768 -0.0419705 0.177698
-7.23174 -0.0271245 0.194235
-7.393 -0.0136421 0.21174
-7.56407 -0.00473894 0.226998
-7.73497 -0.000251752 0.238754
-7.88993 0.0014694 0.248313
-8.01634 0.0018629 0.257583
-8.10848 0.00153928 0.266938
-8.16552 -0.000486567 0.276999
-8.18986 -0.00730283 0.287701
-8.18808 -0.0228961 0.296809
-8.16524 -0.0491664 0.30254
-8.11792 -0.0845036 0.304627
-8.03928 -0.124977 0.303774
-7.92842 -0.165747 0.300938
-7.7902 -0.202581 0.297007
-7.62946 -0.233455 0.29299
-7.4491 -0.25895 0.289535
-7.25026 -0.28139 0.285741
-7.03078 -0.303412 0.280005
-6.7852 -0.32658 0.271009
-6.50853 -0.350724 0.25772
-6.19813 -0.374277 0.240026
-5.85255 -0.395629 0.218577
-5.4725 -0.414387 0.193696
-5.06156 -0.431355 0.16493
-4.62343 -0.447673 0.131427
-4.16331 -0.46386 0.0933895
-3.69633 -0.479013 0.0529489
-3.2477 -0.4906 0.0153814
-2.84347 -0.495503 -0.0135185
-2.50793 -0.492041 -0.0282344
-2.26105 -0.481169 -0.0192371
-2.09399 -0.467108 0.000541652
-1.9761 -0.45069 0.0195916
-1.88589 -0.427117 0.0352945
-1.80184 -0.395882 0.0433802
-1.68775 -0.36265 0.0446025
-1.51075 -0.331839 0.0339823
-1.26142 -0.301851 0.00907443
-0.943591 -0.272923 -0.0261233
-0.565332 -0.248671 -0.059602
-0.146507 -0.231165 -0.074407
0.290273 -0.21929 -0.0710803
0.741973 -0.209151 -0.0578635
1.20729 -0.200133 -0.0369091
1.67596 -0.191671 -0.0108602
2.14146 -0.180843 0.0176992
2.59867 -0.167585 0.044872
3.04628 -0.154426 0.0734636
3.48701 -0.141678 0.104887
3.91837 -0.12797 0.137949
4.32952 -0.113712 0.173953
4.70584 -0.102377 0.217288
5.03484 -0.0981352 0.267957
5.31274 -0.102327 0.320474
5.54761 -0.114409 0.370042
5.75097 -0.133542 0.417048
5.93146 -0.156983 0.461182
6.09671 -0.179649 0.501395
6.24995 -0.196976 0.539142
6.38976 -0.207449 0.576907
6.51469 -0.212456 0.613959
6.62515 -0.214298 0.64581
6.72381 -0.216397 0.667615
6.80601 -0.22245 0.681215
6.85321 -0.234522 0.680154
6.86173 -0.251637 0.668004
6.84085 -0.271616 0.649937
6.79033 -0.293232 0.624081
6.71359 -0.315247 0.59504
6.61955 -0.337293 0.564308
6.51517 -0.359691 0.533984
6.40263 -0.383417 0.50416
6.27972 -0.40882 0.477003
6.1397 -0.4336 0.455223
5.96794 -0.453165 0.438206
5.74163 -0.463903 0.422447
5.4388 -0.465024 0.405379
5.04852 -0.457806 0.383243
4.56855 -0.445928 0.353116
4.00868 -0.434142 0.31623
3.39686 -0.426239 0.276939
2.76209 -0.421998 0.238959
2.11694 -0.418494 0.203148
1.47321 -0.412998 0.175176
0.845389 -0.405056 0.167694
0.239519 -0.396803 0.174017
-0.33943 -0.390619 0.178791
-0.881698 -0.386649 0.17586
-1.37935 -0.384668 0.160382
-1.83206 -0.384538 0.133334
-2.24044 -0.384807 0.106749
-2.60314 -0.385905 0.103423
-2.92018 -0.385464 0.129606
-3.19124 -0.378552 0.169157
-3.4199 -0.363225 0.214003
-3.62205 -0.3401 0.25968
-3.82076 -0.312346 0.300261
-4.03298 -0.283387 0.335545
-4.26464 -0.254982 0.36764
-4.51691 -0.229948 0.397724
-4.78609 -0.211197 0.422366
-5.06189 -0.200701 0.437181
-5.3338 -0.20037 0.439233
-5.59658 -0.211442 0.430997
-5.84791 -0.233339 0.415962
-6.08053 -0.262665 0.396933
-6.28413 -0.294923 0.381325
-6.45762 -0.326179 0.371895
-6.61071 -0.353075 0.366214
-6.75123 -0.372329 0.364224
-6.88314 -0.381506 0.366875
-7.00933 -0.380217 0.373034
-7.12397 -0.369474 0.378471
-7.21173 -0.351485 0.383975
-7.26294 -0.329947 0.391712
-7.27402 -0.308664 0.398619
-7.23476 -0.291029 0.404507
-7.14188 -0.279647 0.412637
-7.0143 -0.275185 0.422109
-6.87606 -0.277485 0.427824
-6.74106 -0.286033 0.426026
-6.62091 -0.299176 0.414857
-6.52441 -0.315375 0.395993
-6.44651 -0.334048 0.372216
-6.37451 -0.354937 0.34527
-6.29966 -0.377213 0.315407
-6.21277 -0.399736 0.282513
-6.10015 -0.421263 0.248058
-5.95215 -0.440574 0.214156
-5.76526 -0.457646 0.182834
-5.53414 -0.473763 0.154963
-5.25263 -0.490078 0.131974
-4.92177 -0.506189 0.113659
-4.54631 -0.520305 0.0959895
-4.12563 -0.53154 0.0748783
-3.66023 -0.540964 0.052564
-3.15956 -0.550382 0.0337798
-2.63571 -0.560137 0.01994
-2.10063 -0.567419 0.0104757
-1.57163 -0.569577 0.00560865
-1.06494 -0.566177 0.00535361
-0.586682 -0.557049 0.00865706
-0.138915 -0.540783 0.0160913
0.274664 -0.515114 0.0272741
0.655464 -0.480647 0.0432807
1.01274 -0.440573 0.0641154
1.34995 -0.396509 0.0863621
1.66243 -0.349209 0.10799
1.94941 -0.299998 0.128477
2.213 -0.248775 0.147427
2.45101 -0.194201 0.163632
2.65937 -0.136109 0.176287
2.8371 -0.0765184 0.187288
2.98644 -0.0182385 0.19742
3.10907 0.0369093 0.204784
3.20566 0.0878386 0.209011
3.27974 0.133932 0.211005
3.33757 0.176036 0.210739
3.38569 0.215877 0.207533
3.42982 0.254184 0.201361
3.47397 0.29046 0.193394
3.51858 0.323743 0.185051
3.56061 0.352721 0.177215
3.59587 0.37542 0.170486
3.62035 0.389754 0.165068
3.62959 0.39487 0.160272
3.61919 0.391709 0.155332
3.58556 0.381973 0.149928
3.52564 0.367022 0.144382
3.43708 0.347868 0.139245
3.3202 0.325047 0.134837
3.17928 0.298336 0.131297
3.02125 0.267124 0.128445
2.85301 0.23113 0.125756
2.67976 0.190764 0.122615
2.50473 0.14684 0.118769
2.32932 0.100263 0.114284
2.15342 0.0521173 0.109055
1.97715 0.00357765 0.102509
1.80203 -0.0446651 0.0940891
1.62989 -0.0926712 0.0838588
1.46081 -0.140965 0.0727723
1.28964 -0.190704 0.0617859
1.10379 -0.243032 0.052475
0.889314 -0.29639 0.0460205
0.635959 -0.347818 0.0430888
0.337594 -0.394953 0.0426935
-0.00614307 -0.435445 0.0425601
-0.390274 -0.468243 0.0419823
-0.804809 -0.493088 0.0416999
-1.23705 -0.510351 0.0435991
-1.67471 -0.522249 0.0495273
-2.10494 -0.531321 0.0609882
-2.51333 -0.538996 0.0755217
-2.88619 -0.545973 0.0917684
-3.21433 -0.55196 0.107831
-3.49647 -0.554841 0.119514
-3.73996 -0.552063 0.128675
-3.95629 -0.542778 0.140718
-4.15545 -0.52789 0.156741
-4.34458 -0.509184 0.175934
-4.52899 -0.489007 0.197874
-4.71017 -0.46937 0.219765
-4.88404 -0.450752 0.238829
-5.04269 -0.432777 0.253368
-5.17743 -0.415092 0.263139
-5.28194 -0.397725 0.268439
-5.35347 -0.380911 0.269767
-5.39336 -0.364957 0.268193
-5.40706 -0.350266 0.265596
-5.40123 -0.336718 0.263067
-5.38046 -0.323463 0.259509
-5.34724 -0.30936 0.253538
-5.30387 -0.293504 0.244612
-5.25215 -0.27549 0.232421
-5.19182 -0.255606 0.216974
-5.12143 -0.234792 0.199214
-5.03941 -0.214028 0.180811
-4.94283 -0.193938 0.16218
-4.82774 -0.174807 0.142965
-4.69264 -0.156439 0.123378
-4.53911 -0.138314 0.103899
-4.36996 -0.119959 0.0845234
-4.18901 -0.101343 0.0643394
-4.00086 -0.0830311 0.0424296
-3.80859 -0.0657898 0.0189189
-3.61299 -0.0501297 -0.004566
-3.41397 -0.036069 -0.026165
-3.21089 -0.0230158 -0.0450891
-3.00247 -0.0101481 -0.0609232
-2.78823 0.00174758 -0.0739903
-2.5707 0.0108151 -0.0852811
-2.35409 0.0154817 -0.0945292
-2.14172 0.0145968 -0.101689
-1.93669 0.00921357 -0.106361
-1.73968 0.00138439 -0.107969
-1.54786 -0.00732513 -0.106256
-1.35928 -0.0150797 -0.101546
-1.17451 -0.0208764 -0.0948608
-0.993911 -0.025652 -0.0871149
-0.816264 -0.0312739 -0.0793265
-0.641038 -0.0392959 -0.0732731
-0.469511 -0.0503539 -0.0704205
-0.302596 -0.0644695 -0.0695564
-0.140553 -0.0810949 -0.0686265
0.0151388 -0.0987492 -0.0656832
0.162339 -0.116048 -0.0597689
0.299518 -0.132572 -0.0513573
0.424979 -0.148246 -0.0421661
0.536176 -0.162752 -0.0335431
0.631299 -0.176271 -0.0259052
0.710669 -0.189296 -0.0189723
0.776664 -0.201617 -0.0124142
0.832644 -0.212424 -0.00622894
0.882064 -0.221068 -6.40973e-05
0.928289 -0.227414 0.0062001
0.973061 -0.231493 0.0123087
1.01411 -0.233476 0.0177696
1.04552 -0.233882 0.0220049
1.06084 -0.232956 0.0246548
1.05537 -0.230251 0.0255822
1.02673 -0.225109 0.0247413
0.975034 -0.217119 0.022212
0.902441 -0.206239 0.0180469
0.812688 -0.192853 0.0122117
0.710628 -0.177866 0.00485097
0.600856 -0.162427 -0.00385508
0.486675 -0.147359 -0.0140898
0.369772 -0.133067 -0.0261164
0.250046 -0.119675 -0.0395048
0.126276 -0.10694 -0.053058
-0.00280928 -0.0943352 -0.0655378
-0.137834 -0.0813698 -0.0764326
-0.278667 -0.0677708 -0.0857893
-0.424553 -0.0536683 -0.0939188
-0.574552 -0.0397081 -0.100907
-0.728477 -0.0268192 -0.106058
-0.887127 -0.0159334 -0.108971
-1.05071 -0.00764274 -0.109924
-1.21683 -0.00185881 -0.10927
-1.38038 0.00211754 -0.10737
-1.53594 0.00517254 -0.104889
-1.68065 0.00790919 -0.102446
-1.81484 0.0105046 -0.099614
-1.94038 0.0126815 -0.0953902
-2.05949 0.0136892 -0.0896648
-2.17401 0.0126421 -0.0834422
-2.28427 0.00921041 -0.0777635
-2.38854 0.00392343 -0.0730879
-2.48387 -0.00231374 -0.0689477
-2.56716 -0.00877598 -0.0643193
-2.63598 -0.0151114 -0.0588284
-2.6898 -0.0213509 -0.0530824
-2.731 -0.0278922 -0.0476284
-2.76396 -0.0353627 -0.0422213
-2.79276 -0.0441776 -0.0364773
-2.81987 -0.0542476 -0.0307257
-2.84644 -0.065207 -0.0258212
-2.87262 -0.0766952 -0.0225418
-2.89746 -0.0884996 -0.021244
-2.91919 -0.10063 -0.0214151
-2.93582 -0.113287 -0.0221796
-2.94538 -0.1266 -0.0231922
-2.94594 -0.140286 -0.0245936
-2.93565 -0.153702 -0.0263178
-2.9136 -0.166237 -0.0280665
-2.88011 -0.177624 -0.0299742
-2.83535 -0.187943 -0.0322009
-2.77848 -0.197493 -0.0346807
-2.70883 -0.206601 -0.0376128
-2.62681 -0.215392 -0.041322
-2.53364 -0.223668 -0.0455382
-2.43153 -0.23098 -0.0493454
-2.32382 -0.23685 -0.0521814
-2.21329 -0.241046 -0.0542201
-2.10051 -0.24366 -0.0559961
-1.98488 -0.24499 -0.0581885
-1.86631 -0.245352 -0.0612289
-1.74541 -0.244929 -0.0646895
-1.62364 -0.243704 -0.0674942
-1.50422 -0.241415 -0.0688078
-1.39119 -0.237644 -0.068466
-1.28718 -0.23205 -0.0663326
-1.19315 -0.224424 -0.0633337
-1.10974 -0.214616 -0.0613408
-1.03702 -0.202812 -0.0610981
-0.973484 -0.189725 -0.0620969
-0.916841 -0.176126 -0.0634925
-0.865488 -0.162366 -0.0650481
-0.818889 -0.148383 -0.0670588
-0.777322 -0.133901 -0.0699035
-0.741579 -0.118622 -0.0741027
-0.712191 -0.10231 -0.0798989
-0.688769 -0.08506 -0.0866647
-0.670601 -0.0673817 -0.0931099
-0.657335 -0.0497951 -0.0986973
-0.648348 -0.0326073 -0.103243
-0.642091 -0.0161747 -0.106575
-0.636931 -0.000973589 -0.109098
-0.632371 0.0127642 -0.111318
-0.629114 0.0251596 -0.113541
-0.628645 0.0364303 -0.115452
-0.632701 0.0466474 -0.11644
-0.642223 0.0557627 -0.116039
-0.65685 0.0636026 -0.114406
-0.675484 0.0696855 -0.112242
-0.697325 0.0735266 -0.110121
-0.722376 0.0750415 -0.10828
-0.750791 0.0744365 -0.10679
-0.781669 0.072005 -0.105688
-0.812773 0.0680551 -0.105107
-0.84154 0.062914 -0.105393
-0.865982 0.0568101 -0.106747
-0.885247 0.0497092 -0.108798
-0.90076 0.0414426 -0.110733
-0.916632 0.0318898 -0.111868
-0.938077 0.020957 -0.111533
-0.969423 0.00851095 -0.109818
-1.01327 -0.0055196 -0.107481
-1.07046 -0.0208293 -0.104979
-1.14008 -0.0366852 -0.102358
-1.21947 -0.0523952 -0.099294
-1.30492 -0.0676386 -0.0956506
-1.39265 -0.082388 -0.091514
-1.47903 -0.096749 -0.0869591
-1.56047 -0.110905 -0.0821725
-1.63419 -0.125042 -0.0773438
-1.6988 -0.13905 -0.0733348
-1.7537 -0.152413 -0.0708851
-1.79864 -0.164612 -0.0697792
-1.83442 -0.175405 -0.069098
-1.86338 -0.18471 -0.0676381
-1.88862 -0.192498 -0.065237
-1.91299 -0.198829 -0.0623616
-1.93836 -0.203978 -0.0594779
-1.9653 -0.208352 -0.05701
-1.99359 -0.212128 -0.0552591
-2.02254 -0.215209 -0.0542789
-2.05089 -0.21744 -0.0538528
-2.07713 -0.218677 -0.0537021
-2.09998 -0.218753 -0.0536616
-2.11831 -0.21745 -0.0536081
-2.13072 -0.214618 -0.0535146
-2.13558 -0.210266 -0.0536268
-2.13166 -0.204486 -0.0542571
-2.11851 -0.197386 -0.0556779
-2.09678 -0.189098 -0.0579176
-2.06878 -0.179835 -0.0606237
-2.03836 -0.169837 -0.0633127
-2.00967 -0.159224 -0.0656676
-1.98609 -0.148013 -0.0677893
-1.96946 -0.136237 -0.0699892
-1.9596 -0.124018 -0.0724764
-1.95444 -0.11154 -0.0752572
-1.95095 -0.0989679 -0.0781888
-1.94567 -0.086452 -0.0810513
-1.93514 -0.0741403 -0.0837229
-1.91709 -0.0620934 -0.0862886
-1.89104 -0.0502555 -0.0888856
-1.85745 -0.0385624 -0.091483
-1.81687 -0.0270569 -0.0939923
-1.77002 -0.0158972 -0.0965124
-1.71829 -0.00531596 -0.099221
-1.66383 0.00441021 -0.102035
-1.60945 0.0130142 -0.104572
-1.55768 0.020322 -0.106373
-1.50938 0.0263147 -0.10733
-1.46375 0.0311222 -0.107872
-1.41982 0.0349418 -0.108567
-1.37735 0.0379223 -0.109521
-1.3365 0.0400912 -0.109993
-1.29771 0.0413301 -0.109474
-1.26129 0.0414033 -0.108291
-1.22671 0.0401324 -0.106976
-1.19293 0.0375503 -0.106155
-1.15958 0.0338497 -0.106222
-1.12679 0.0292596 -0.107006
-1.09475 0.0239386 -0.107898
-1.0641 0.0179739 -0.108363
-1.03637 0.0113697 -0.108178
-1.01368 0.00396769 -0.107271
-0.998482 -0.00445767 -0.105882
-0.993271 -0.0140039 -0.104346
-0.999242 -0.0245349 -0.102809
-1.01511 -0.0357382 -0.101304
-1.03775 -0.0472809 -0.0998306
-1.06422 -0.0588843 -0.0983601
-1.09263 -0.0703601 -0.0966454
-1.12154 -0.0816509 -0.0943111
-1.14946 -0.0928021 -0.091384
-1.1751 -0.10388 -0.0885029
-1.19745 -0.114886 -0.0864821
-1.21596 -0.125728 -0.0856984
-1.23114 -0.136246 -0.085764
-1.24446 -0.146242 -0.0857906
-1.25759 -0.155517 -0.0850349
-1.27199 -0.163899 -0.0833791
-1.28877 -0.171306 -0.0812753
-1.30877 -0.177778 -0.0792765
-1.33326 -0.183403 -0.0776709
-1.36386 -0.188231 -0.0764248
-1.40142 -0.192268 -0.0752714
-1.44538 -0.195476 -0.0739428
-1.49434 -0.197733 -0.0723894
-1.54645 -0.198849 -0.0704365
-1.59912 -0.198619 -0.0682378
-1.64911 -0.19686 -0.0664654
-1.69322 -0.193549 -0.0658158
-1.72887 -0.188948 -0.0667008
-1.75486 -0.183438 -0.0687544
-1.77246 -0.177262 -0.0709087
-1.78531 -0.170382 -0.0722333
-1.79777 -0.162541 -0.0725938
-1.81302 -0.153556 -0.0724752
-1.83221 -0.143498 -0.0725447
-1.85422 -0.13268 -0.0731805
-1.87638 -0.121582 -0.0744835
-1.89602 -0.110645 -0.0763706
-1.91123 -0.100111 -0.0784907
-1.92072 -0.0899856 -0.0803593
-1.92431 -0.0800609 -0.0817022
-1.92348 -0.0700314 -0.0826477
-1.92061 -0.0596934 -0.0835632
-1.91792 -0.0490739 -0.0847308
-1.91702 -0.0384654 -0.0862883
-1.9182 -0.0283539 -0.0881928
-1.91974 -0.0192187 -0.0902089
-1.91883 -0.0113271 -0.0922001
-1.91359 -0.00461673 -0.0942068
-1.904 0.00124847 -0.0961617
-1.89176 0.00666889 -0.0977968
-1.87935 0.0118868 -0.0989529
-1.86897 0.0168417 -0.0997847
-1.86172 0.0211568 -0.100617
-1.85774 0.024282 -0.101688
-1.85693 0.0257382 -0.102906
-1.85897 0.0253078 -0.103834
-1.86285 0.0230967 -0.104053
-1.8671 0.0195008 -0.103532
-1.8702 0.0150565 -0.102597
-1.87028 0.0101987 -0.101605
-1.86517 0.0050798 -0.10072
-1.8531 -0.000426225 -0.0999676
-1.83273 -0.00659251 -0.099285
-1.80292 -0.0136899 -0.0985427
-1.76388 -0.0218344 -0.0976535
-1.71794 -0.0308891 -0.0965956
-1.66834 -0.040515 -0.095284
-1.61817 -0.0503206 -0.0936607
-1.57038 -0.0600023 -0.0919356
-1.52727 -0.0694262 -0.0903782
-1.48964 -0.078641 -0.0889758
-1.45714 -0.0878 -0.0875553
-1.42915 -0.0970256 -0.0860104
-1.40498 -0.106289 -0.0842859
-1.38385 -0.115368 -0.082382
-1.36521 -0.123908 -0.0802275
-1.34859 -0.131514 -0.0781062
-1.33343 -0.137852 -0.0767102
-1.31902 -0.142846 -0.0764274
-1.3046 -0.146794 -0.0771641
-1.2894 -0.150144 -0.0784466
-1.27291 -0.153195 -0.0797058
-1.25539 -0.15594 -0.0807306
-1.23807 -0.158095 -0.0816743
-1.22256 -0.159331 -0.0826706
-1.21031 -0.159443 -0.0836472
-1.20242 -0.158425 -0.0844194
-1.19935 -0.156507 -0.0849557
-1.20075 -0.154036 -0.0853372
-1.20621 -0.151322 -0.0856191
-1.21574 -0.148536 -0.0857802
-1.22945 -0.145635 -0.0856845
-1.24736 -0.142402 -0.0852622
-1.26957 -0.138578 -0.0846489
-1.29564 -0.133981 -0.0837959
-1.32398 -0.128575 -0.0830683
-1.35219 -0.122472 -0.0831371
-1.37752 -0.116044 -0.084406
-1.39726 -0.109817 -0.0868758
-1.40995 -0.10404 -0.0898071
-1.41602 -0.0985275 -0.0923577
-1.417 -0.0928763 -0.0941811
-1.41425 -0.0868023 -0.0953313
-1.409 -0.08028 -0.0961244
-1.40326 -0.0734144 -0.0968488
-1.39961 -0.066501 -0.0974757
-1.4003 -0.059994 -0.0977959
-1.40713 -0.054252 -0.0976309
-1.42101 -0.0494095 -0.0970222
-1.44125 -0.0453365 -0.0961368
-1.46583 -0.0417619 -0.0951574
-1.49254 -0.0384093 -0.0942225
-1.51895 -0.035065 -0.0933596
-1.54262 -0.0316721 -0.0925441
-1.56179 -0.0283311 -0.09177
-1.5757 -0.0252022 -0.0912398
-1.5842 -0.0223855 -0.0914205
-1.58767 -0.0198833 -0.092559
-1.58702 -0.0176659 -0.0943389
-1.5833 -0.0157001 -0.0962914
-1.57802 -0.0139633 -0.0981666
-1.57351 -0.0125558 -0.099773
-1.57243 -0.0117248 -0.100808
-1.57696 -0.0117423 -0.10111
-1.58843 -0.0127812 -0.100863
-1.60706 -0.0148491 -0.100348
-1.63183 -0.0178425 -0.0998169
-1.66103 -0.0215918 -0.0994233
-1.69264 -0.0258686 -0.0990501
-1.7239 -0.0304955 -0.098323
-1.75097 -0.0354145 -0.0969997
-1.76998 -0.0406226 -0.0953137
-1.77837 -0.0461053 -0.0937818
-1.77551 -0.0518233 -0.0928143
-1.76272 -0.0577234 -0.0924105
-1.74271 -0.063715 -0.0921574
-1.71809 -0.0696917 -0.0917124
-1.69036 -0.0756274 -0.0911353
-1.66041 -0.0815972 -0.0906774
-1.62952 -0.0876813 -0.0904093
-1.59917 -0.0938844 -0.0900641
-1.57032 -0.10014 -0.0892317
-1.5433 -0.106333 -0.0878088
-1.51764 -0.112319 -0.0861071
-1.49229 -0.117937 -0.084565
-1.46696 -0.123053 -0.0834014
-1.44292 -0.127592 -0.0824566
-1.42203 -0.131532 -0.0813195
-1.40517 -0.134861 -0.079686
-1.39171 -0.137545 -0.0776164
-1.37954 -0.139504 -0.0755329
-1.36573 -0.140576 -0.0743969
-1.34791 -0.140575 -0.0748393
-1.32512 -0.139511 -0.0766311
-1.29761 -0.137612 -0.0790395
-1.26687 -0.135082 -0.0812534
-1.23547 -0.131998 -0.0828854
-1.20631 -0.128332 -0.084257
-1.18205 -0.124043 -0.0859095
-1.165 -0.119187 -0.0879568
-1.15685 -0.113893 -0.0901287
-1.15821 -0.108362 -0.0919586
-1.16879 -0.10282 -0.0931757
-1.18799 -0.0973866 -0.0936962
-1.21513 -0.0920765 -0.0936439
-1.24904 -0.0868534 -0.0932635
-1.28778 -0.0816457 -0.0926834
-1.32881 -0.0764233 -0.0920099
-1.36898 -0.071316 -0.09195
-1.40533 -0.0665603 -0.09297
-1.43608 -0.0622618 -0.094749
-1.46088 -0.0583155 -0.0968323
-1.48017 -0.0545939 -0.0987327
-1.49507 -0.0510315 -0.100139
-1.50728 -0.0476299 -0.100963
-1.51869 -0.0445042 -0.101451
-1.53091 -0.0419282 -0.101854
-1.54525 -0.0402259 -0.101967
-1.56256 -0.0394714 -0.101517
-1.58278 -0.0395001 -0.100503
-1.60521 -0.0401021 -0.0990344
-1.62901 -0.0410857 -0.0972208
-1.65294 -0.0423132 -0.095164
-1.6754 -0.0437219 -0.0929574
-1.69506 -0.0453738 -0.090797
-1.71112 -0.0474092 -0.0889313
-1.72285 -0.0498944 -0.0874019
-1.72982 -0.0527384 -0.0861011
-1.73231 -0.0557055 -0.0850279
-1.73106 -0.0585151 -0.0842762
-1.72685 -0.0609499 -0.0838622
-1.72082 -0.06292 -0.0837526
-1.71454 -0.0645148 -0.083915
-1.70955 -0.0659828 -0.0842193
-1.70721 -0.0676177 -0.0844884
-1.70858 -0.0696184 -0.0846746
-1.71401 -0.0720287 -0.084851
-1.72318 -0.0747584 -0.0850888
-1.73555 -0.0776141 -0.0854328
-1.75018 -0.0803786 -0.0858466
-1.76551 -0.082915 -0.0861959
-1.77979 -0.0852041 -0.0864181
-1.79168 -0.0873113 -0.086578
-1.80021 -0.0893378 -0.0866901
-1.80455 -0.0913809 -0.086688
-1.80395 -0.0934838 -0.0866187
-1.79782 -0.0956021 -0.0867033
-1.78547 -0.0976313 -0.087119
-1.76605 -0.0994627 -0.0878546
-1.73898 -0.101027 -0.0887477
-1.704 -0.102325 -0.089572
-1.66112 -0.103416 -0.0901374
-1.61122 -0.104374 -0.0904103
-1.5564 -0.105265 -0.0905123
-1.4992 -0.106131 -0.0904887
-1.44191 -0.106975 -0.0902918
-1.38677 -0.107751 -0.0899845
-1.33581 -0.108375 -0.0896366
-1.29022 -0.108767 -0.0891293
-1.25003 -0.108859 -0.0882542
-1.21409 -0.108595 -0.0870038
