0.00237803 -1.44268
0.00931791 -2.90046
0.0209641 -4.37364
0.0374668 -5.86254
0.0589818 -7.36748
0.0856715 -8.8888
0.117705 -10.4269
0.155257 -11.982
0.198512 -13.5547
0.24766 -15.1453
0.302902 -16.7542
0.364444 -18.3818
0.432506 -20.0287
0.507314 -21.6952
0.589108 -23.382
0.678135 -25.0894
0.774659 -26.8181
0.878954 -28.5686
0.991307 -30.3415
1.11202 -32.1375
1.24141 -33.9571
1.37982 -35.8011
1.52759 -37.6701
1.6851 -39.565
1.85274 -41.4864
2.03092 -43.4351
2.22007 -45.4121
2.42065 -47.4182
2.63315 -49.4543
2.85809 -51.5214
3.09599 -53.6205
3.34745 -55.7526
3.61305 -57.9187
3.89346 -60.1201
4.18933 -62.358
4.5014 -64.6334
4.83043 -66.9478
5.17723 -69.3023
5.54265 -71.6985
5.92759 -74.1377
6.33303 -76.6213
6.75997 -79.1509
7.2095 -81.728
7.68275 -84.3543
8.18094 -87.0312
8.70533 -89.7606
9.25728 -92.5441
9.83821 -95.3835
10.4496 -98.2804
11.0931 -101.237
11.7703 -104.254
12.483 -107.334
13.233 -110.48
14.0223 -113.691
14.8529 -116.971
15.7268 -120.32
16.6464 -123.741
17.6139 -127.234
18.6316 -130.803
19.7022 -134.447
20.828 -138.168
22.0119 -141.967
23.2564 -145.845
24.5645 -149.803
25.939 -153.843
27.3829 -157.963
28.8993 -162.165
30.4911 -166.448
32.1617 -170.814
33.9142 -175.261
35.7519 -179.789
37.6782 -184.399
39.6967 -189.088
41.8108 -193.857
44.0242 -198.705
46.3408 -203.631
48.7645 -208.635
51.2995 -213.714
53.9501 -218.869
56.7212 -224.1
59.6176 -229.405
62.6449 -234.786
65.8092 -240.241
69.1171 -245.772
72.5762 -251.38
76.1948 -257.067
79.9828 -262.837
83.9514 -268.692
88.1137 -274.638
92.4855 -280.683
97.0853 -286.833
101.936 -293.102
107.065 -299.503
112.508 -306.056
118.309 -312.785
124.528 -319.723
131.243 -326.918
138.566 -334.433
146.663 -342.366
155.793 -350.871
