-1.00153 -0.00348477
-2.01702 -0.00877015
-3.04683 -0.0159547
-4.0913 -0.025143
-5.1508 -0.0364456
-6.22572 -0.0499803
-7.31643 -0.0658716
-8.42334 -0.0842518
-9.54687 -0.105261
-10.6874 -0.129049
-11.8455 -0.155773
-13.0214 -0.185602
-14.2158 -0.218714
-15.429 -0.255298
-16.6616 -0.295557
-17.914 -0.339702
-19.1868 -0.387963
-20.4804 -0.44058
-21.7955 -0.497809
-23.1326 -0.559924
-24.4922 -0.627214
-25.8749 -0.699987
-27.2813 -0.778568
-28.7119 -0.863306
-30.1675 -0.954569
-31.6485 -1.05275
-33.1555 -1.15826
-34.6893 -1.27154
-36.2504 -1.39306
-37.8394 -1.52332
-39.4568 -1.66284
-41.1035 -1.81217
-42.7798 -1.97191
-44.4864 -2.14268
-46.2238 -2.32513
-47.9926 -2.51997
-49.7932 -2.72791
-51.6262 -2.94975
-53.492 -3.18628
-55.3909 -3.43836
-57.3232 -3.70689
-59.2892 -3.9928
-61.2891 -4.29708
-63.323 -4.62075
-65.3907 -4.96486
-67.4923 -5.33054
-69.6275 -5.71891
-71.7958 -6.13117
-73.9967 -6.56852
-76.2296 -7.0322
-78.4935 -7.52349
-80.7873 -8.04366
-83.1097 -8.59402
-85.4591 -9.17587
-87.8339 -9.79051
-90.2318 -10.4392
-92.6505 -11.1232
-95.0875 -11.8438
-97.5397 -12.6021
-100.004 -13.3992
-102.476 -14.2361
-104.953 -15.1138
-107.43 -16.0331
-109.903 -16.9946
-112.366 -17.9988
-114.814 -19.0462
-117.241 -20.137
-119.643 -21.2711
-122.011 -22.4483
-124.34 -23.6682
-126.623 -24.9303
-128.852 -26.2335
-131.02 -27.5769
-133.12 -28.959
-135.144 -30.3783
-137.084 -31.833
-138.93 -33.321
-140.676 -34.8401
-142.312 -36.3879
-143.83 -37.9616
-145.219 -39.5585
-146.471 -41.1756
-147.576 -42.8097
-148.523 -44.4576
-149.301 -46.1158
-149.899 -47.7808
-150.303 -49.4491
-150.5 -51.1168
-150.475 -52.7803
-150.208 -54.4355
-149.681 -56.0786
-148.87 -57.7054
-147.745 -59.3118
-146.272 -60.8933
-144.407 -62.4454
-142.093 -63.9633
-139.255 -65.4415
-135.788 -66.8744
-131.538 -68.2553
-126.263 -69.5761
