8.32244e-07 9.36684e-09 -0.0555706
3.62947e-07 0.307842 -0.00854391
-2.16876e-06 0.635612 0.0521347
2.77474e-05 0.961833 0.121877
7.38122e-05 1.28429 0.195866
9.04984e-05 1.60352 0.272442
8.75665e-05 1.92025 0.350733
7.04502e-05 2.23496 0.43019
4.99595e-05 2.54819 0.510465
3.21429e-05 2.86022 0.591293
1.71647e-05 3.17131 0.672504
3.14141e-06 3.4817 0.753984
-9.54058e-06 3.79153 0.835651
-1.99219e-05 4.10092 0.917445
-2.88143e-05 4.40994 0.999325
-3.70054e-05 4.71869 1.08126
-4.50318e-05 5.02722 1.16323
-5.31115e-05 5.33558 1.24523
-6.15416e-05 5.6438 1.32725
-7.03932e-05 5.95194 1.40925
-7.98168e-05 6.26005 1.49126
-7.05405e-05 5.95236 1.40843
-6.18327e-05 5.64456 1.32564
-5.34997e-05 5.33663 1.24289
-4.55169e-05 5.02854 1.16018
-3.75944e-05 4.72027 1.07754
-2.94308e-05 4.41175 0.994978
-2.05202e-05 4.10293 0.912513
-9.98756e-06 3.79372 0.830171
2.89626e-06 3.48403 0.748
1.6928e-05 3.17376 0.666064
3.19661e-05 2.86273 0.584461
5.03028e-05 2.55072 0.503305
7.06212e-05 2.23745 0.422778
8.68536e-05 1.92262 0.343166
8.69185e-05 1.60569 0.264849
6.46314e-05 1.28618 0.188399
1.6726e-05 0.963385 0.114762
-7.7506e-06 0.63689 0.0457082
-4.40097e-06 0.310507 -0.0133278
-4.08141e-06 0.00332662 -0.0605428
-4.73473e-06 -0.309516 -0.103825
-3.8975e-06 -0.636517 -0.130075
3.29634e-05 -0.962256 -0.149681
7.80665e-05 -1.28449 -0.166685
9.15273e-05 -1.60361 -0.182299
8.66401e-05 -1.92028 -0.197029
6.94347e-05 -2.23497 -0.21115
4.92418e-05 -2.54819 -0.224835
3.18394e-05 -2.8602 -0.238187
1.69545e-05 -3.17129 -0.251289
2.96022e-06 -3.48167 -0.2642
-9.65304e-06 -3.79151 -0.276961
-1.99628e-05 -4.10089 -0.289603
-2.88346e-05 -4.40991 -0.302153
-3.70155e-05 -4.71866 -0.314638
-4.5039e-05 -5.02719 -0.327066
-5.31182e-05 -5.33556 -0.339455
-6.1548e-05 -5.64381 -0.351809
-7.03989e-05 -5.95199 -0.36414
-6.16901e-05 -5.6442 -0.352486
-5.33712e-05 -5.33627 -0.340785
-4.53901e-05 -5.02818 -0.329024
-3.74741e-05 -4.71991 -0.317191
-2.93396e-05 -4.4114 -0.305268
-2.04637e-05 -4.10258 -0.293241
-1.00426e-05 -3.79338 -0.28109
2.75159e-06 -3.48371 -0.268781
1.67402e-05 -3.17344 -0.256288
3.16426e-05 -2.86243 -0.24355
4.95016e-05 -2.55045 -0.230513
6.95667e-05 -2.23721 -0.217096
8.6142e-05 -1.92243 -0.203171
8.83777e-05 -1.60559 -0.188553
7.0062e-05 -1.28623 -0.172947
2.21983e-05 -0.963718 -0.155785
-1.07789e-05 -0.637817 -0.13573
-9.02814e-06 -0.311221 -0.108419
-8.67059e-06 0.00023018 -0.0643222
-9.00041e-06 0.31124 -0.0157266
-1.10962e-05 0.637872 0.0453467
2.09435e-05 0.963833 0.114647
6.90707e-05 1.2864 0.188366
8.80552e-05 1.6058 0.264843
8.61797e-05 1.92268 0.343171
6.9684e-05 2.23748 0.422782
4.96034e-05 2.55073 0.503309
3.16638e-05 2.86273 0.584463
1.67423e-05 3.17375 0.666067
2.7383e-06 3.48402 0.748002
-1.00878e-05 3.7937 0.830174
-2.05473e-05 4.10291 0.912516
-2.94374e-05 4.41173 0.994981
-3.75917e-05 4.72025 1.07754
-4.55118e-05 5.02853 1.16019
-5.34948e-05 5.33663 1.24289
-6.18277e-05 5.64459 1.32564
-7.05355e-05 5.95247 1.40841
-7.98116e-05 6.26035 1.4912
-8.94743e-05 6.56872 1.57314
-0.00010006 6.87754 1.65497
-0.000111248 7.1874 1.7366
-0.000123137 7.49936 1.81781
-0.000135533 7.81491 1.89837
-0.000148864 8.13506 1.9781
-0.000162801 8.45995 2.05703
-0.000177014 8.78924 2.13524
-0.000191815 9.12255 2.21285
-0.000207238 9.4593 2.28996
-0.000223195 9.79916 2.36666
-0.000239631 10.1416 2.44302
-0.000256489 10.4864 2.51911
-0.000273791 10.8331 2.59498
-0.000291583 11.1814 2.67067
-0.000309723 11.5312 2.74623
-0.000328308 11.8821 2.82168
-0.000347355 12.2339 2.89704
-0.000366807 12.5868 2.97237
-0.000346075 12.2796 2.88935
-0.000325862 11.9723 2.80634
-0.00030638 11.6651 2.72335
-0.000287888 11.3578 2.64037
-0.00026988 11.0504 2.55739
-0.00025248 10.7431 2.47443
-0.000236262 10.4356 2.39149
-0.000220321 10.1281 2.30857
-0.00020521 9.82052 2.22566
-0.000190936 9.51282 2.14279
-0.000176863 9.20499 2.05993
-0.000163671 8.89702 1.97711
-0.000150749 8.58888 1.89434
-0.000138295 8.28054 1.81161
-0.000125934 7.97195 1.72894
-0.000113462 7.66307 1.64634
-0.000100717 7.35383 1.56384
-8.68503e-05 7.04415 1.48146
-7.10175e-05 6.73392 1.39922
-5.33664e-05 6.42304 1.31717
-3.49057e-05 6.11136 1.23539
-1.52461e-05 5.79869 1.15397
7.90105e-06 5.48474 1.07302
3.1058e-05 5.16923 0.992712
4.90331e-05 4.85178 0.9133
5.12008e-05 4.53182 0.835094
3.19915e-05 4.20879 0.758474
-8.0631e-06 3.8819 0.683938
-3.35357e-05 3.55033 0.612046
-3.21655e-05 3.21355 0.543058
-2.56759e-05 2.87202 0.476675
-2.22233e-05 2.52769 0.411932
-1.94489e-05 2.18252 0.347721
-1.71895e-05 1.83678 0.28378
-1.53792e-05 1.49061 0.220364
-1.41723e-05 1.14444 0.158672
-1.45917e-05 0.798778 0.100678
-1.41439e-05 0.453535 0.0490395
-5.22522e-06 0.105192 0.0079169
1.90711e-05 -0.238123 -0.0267154
4.99802e-05 -0.579336 -0.0599255
7.62855e-05 -0.91918 -0.092764
8.82686e-05 -1.25804 -0.125657
9.09594e-05 -1.58986 -0.152606
8.21745e-05 -1.91242 -0.171889
6.50877e-05 -2.22793 -0.186002
4.57114e-05 -2.54156 -0.199398
2.93332e-05 -2.85376 -0.212321
1.48519e-05 -3.16494 -0.224945
1.17594e-06 -3.47536 -0.237355
-1.09649e-05 -3.78519 -0.2496
-2.08221e-05 -4.09454 -0.261711
-2.93767e-05 -4.40352 -0.273706
-3.73648e-05 -4.71223 -0.285616
-4.52154e-05 -5.02075 -0.297444
-5.3117e-05 -5.3292 -0.309192
-6.13533e-05 -5.63772 -0.320849
-7.00407e-05 -5.94659 -0.332428
-7.95329e-05 -6.2563 -0.344101
-8.91877e-05 -6.56792 -0.355486
-9.98025e-05 -6.88251 -0.366372
-0.000110964 -7.20071 -0.376641
-0.000122888 -7.52282 -0.386236
-0.000135043 -7.84896 -0.395119
-0.000148094 -8.17899 -0.403297
-0.000161741 -8.51223 -0.41093
-0.00017596 -8.84784 -0.418141
-0.000190527 -9.1856 -0.424953
-0.000205582 -9.52529 -0.431404
-0.000221152 -9.86677 -0.437515
-0.000237279 -10.2099 -0.4433
-0.000253952 -10.5546 -0.448752
-0.000271089 -10.9006 -0.453889
-0.000288709 -11.248 -0.458714
-0.000306753 -11.5966 -0.463264
-0.000325247 -11.9462 -0.467566
-0.000344238 -12.2967 -0.471622
-0.000363623 -12.648 -0.475477
-0.000342934 -12.3408 -0.46409
-0.000322891 -12.0335 -0.452683
-0.000303836 -11.7262 -0.441263
-0.000285384 -11.4188 -0.429835
-0.000267458 -11.1114 -0.418393
-0.000250729 -10.8039 -0.406939
-0.000234259 -10.4964 -0.395461
-0.000218635 -10.1888 -0.383964
-0.000203788 -9.88108 -0.372446
-0.000189297 -9.5732 -0.360864
-0.000175628 -9.26514 -0.349216
-0.000162204 -8.95692 -0.337533
-0.000149255 -8.64849 -0.325814
-0.000136514 -8.33982 -0.314051
-0.000123913 -8.03086 -0.30224
-0.000110827 -7.72156 -0.29037
-9.70264e-05 -7.41183 -0.278423
-8.14399e-05 -7.10158 -0.266384
-6.38838e-05 -6.79069 -0.254237
-4.52807e-05 -6.47903 -0.241934
-2.58603e-05 -6.16644 -0.229467
-3.68079e-06 -5.85262 -0.216774
2.00014e-05 -5.53731 -0.203808
4.03523e-05 -5.22013 -0.190432
4.85431e-05 -4.90062 -0.176666
4.09793e-05 -4.5783 -0.162399
5.93063e-06 -4.25238 -0.147436
-2.97231e-05 -3.92216 -0.131619
-4.03443e-05 -3.58699 -0.11477
-3.4437e-05 -3.24703 -0.0966963
-2.93374e-05 -2.90326 -0.0773137
-2.59612e-05 -2.55462 -0.0512295
-2.31388e-05 -2.20198 -0.0193369
-2.08059e-05 -1.84868 0.0160741
-1.88626e-05 -1.49513 0.0529999
-1.73551e-05 -1.14123 0.0901003
-1.63361e-05 -0.787086 0.127166
-1.60659e-05 -0.432934 0.164378
-1.68824e-05 -0.0791935 0.202077
-1.87512e-05 0.273589 0.240709
-1.94696e-05 0.625354 0.280163
-1.36757e-05 0.974235 0.324032
3.77653e-06 1.32023 0.371645
2.85595e-05 1.6646 0.420458
5.38901e-05 2.00782 0.469813
7.16968e-05 2.35033 0.519272
7.56382e-05 2.69242 0.568532
7.49156e-05 3.03446 0.617334
6.79107e-05 3.36999 0.674505
5.32034e-05 3.69872 0.74013
3.28985e-05 4.01661 0.818574
1.27284e-05 4.33276 0.898403
-4.41283e-06 4.64785 0.978974
-2.04709e-05 4.96233 1.05997
-3.57923e-05 5.2765 1.14119
-4.97189e-05 5.59055 1.22254
-6.17083e-05 5.90464 1.30395
-7.2695e-05 6.2189 1.38538
-8.32226e-05 6.53344 1.4668
-9.36554e-05 6.84838 1.54818
-0.000104315 7.16381 1.62949
-0.000115241 7.47984 1.71072
-0.00012665 7.79657 1.79184
-0.000138356 8.1141 1.87283
-0.000150831 8.43253 1.95368
-0.000163531 8.75201 2.03435
-0.00017695 9.07267 2.11483
-0.000190963 9.39466 2.19509
-0.000205695 9.71815 2.27512
-0.000220841 10.0433 2.35488
-0.000236459 10.3703 2.43436
-0.000252969 10.6993 2.51353
-0.000269957 11.0305 2.59237
-0.00028738 11.3639 2.67088
-0.00030521 11.6994 2.74907
-0.000323551 12.037 2.82698
-0.00034248 12.3768 2.9046
-0.000361903 12.7187 2.98197
-0.000381789 13.0624 3.05908
-0.000402077 13.4079 3.13599
-0.000422838 13.7549 3.21272
-0.000444024 14.1032 3.28929
-0.000465593 14.4527 3.36579
-0.000487617 14.8034 3.44209
-0.000510072 15.155 3.5183
-0.000533011 15.5072 3.5944
-0.000556395 15.86 3.67043
-0.000580229 16.2134 3.74637
-0.000604497 16.5673 3.82225
-0.000629213 16.9216 3.89809
-0.000654379 17.2762 3.97391
-0.000680006 17.6312 4.04968
-0.000706109 17.9864 4.12544
-0.00073266 18.3419 4.20121
-0.000773327 18.8754 4.31489
-0.000801 19.2313 4.39069
-0.000829108 19.5873 4.46651
-0.000857639 19.9434 4.54235
-0.000886616 20.2996 4.61821
-0.000916042 20.6559 4.69407
-0.000945903 21.0123 4.76997
-0.000976207 21.3687 4.84589
-0.00100696 21.7252 4.92184
-0.00103816 22.0818 4.99781
-0.00106982 22.4384 5.07381
-0.00110193 22.795 5.14983
-0.00113449 23.1517 5.22588
-0.00116749 23.5084 5.30196
-0.00120095 23.8652 5.3781
-0.00123486 24.222 5.45434
-0.00126921 24.5788 5.53064
-0.00130401 24.9357 5.60697
-0.00133923 25.2925 5.68332
-0.00137489 25.6494 5.75969
-0.00141102 26.0062 5.8361
-0.00144759 26.3631 5.91254
-0.00148462 26.7199 5.989
-0.0015221 27.0768 6.0655
-0.00156004 27.4336 6.14203
-0.00151678 27.1262 6.05941
-0.00145291 26.6649 5.93552
-0.00141131 26.3573 5.85299
-0.00137059 26.0496 5.77054
-0.00133045 25.7418 5.68813
-0.00129094 25.4339 5.60575
-0.00125229 25.1258 5.5234
-0.00121449 24.8176 5.44106
-0.0011771 24.5092 5.35876
-0.00114056 24.2006 5.27649
-0.00110492 23.8918 5.19426
-0.00106973 23.5828 5.11207
-0.00103534 23.2735 5.02992
-0.00100181 22.9639 4.94782
-0.000968506 22.654 4.86577
-0.000935913 22.3437 4.78384
-0.000903786 22.033 4.70197
-0.000872077 21.7219 4.62017
-0.000840527 21.4103 4.53846
-0.000809005 21.0982 4.45694
-0.000777338 20.7854 4.3756
-0.000744978 20.472 4.29437
-0.000711247 20.1578 4.2133
-0.000675868 19.8427 4.13245
-0.000639765 19.5267 4.05184
-0.000603278 19.2096 3.97153
-0.000565427 18.8913 3.89159
-0.000525373 18.5715 3.81211
-0.000486231 18.2501 3.73317
-0.000450914 17.9267 3.65491
-0.000427052 17.6011 3.57759
-0.000413325 17.2728 3.50138
-0.000421158 16.9417 3.42639
-0.000435167 16.6074 3.35268
-0.000439979 16.2698 3.28032
-0.000428823 15.9288 3.20917
-0.000408465 15.585 3.13902
-0.000387142 15.2387 3.06988
-0.000367685 14.8904 3.00128
-0.000349506 14.5409 2.93284
-0.000332135 14.1905 2.86462
-0.000315344 13.8392 2.79691
-0.000299062 13.4873 2.72919
-0.0002833 13.1347 2.66227
-0.000268033 12.7815 2.59557
-0.000253275 12.4277 2.52904
-0.00023911 12.0717 2.46838
-0.000225541 11.7148 2.40933
-0.000212561 11.3577 2.35081
-0.000200157 11.0005 2.29366
-0.000188278 10.6432 2.2378
-0.000176973 10.286 2.18255
-0.000166065 9.92919 2.12755
-0.000155143 9.57276 2.07359
-0.000143832 9.21658 2.0197
-0.00013157 8.86066 1.96599
-0.000117777 8.50508 1.9125
-0.000102715 8.14977 1.85914
-8.58616e-05 7.79474 1.80587
-6.70521e-05 7.43998 1.75265
-4.82477e-05 7.08538 1.69947
-2.87877e-05 6.73075 1.64655
-9.0494e-06 6.37627 1.59366
9.56751e-06 6.02187 1.54086
2.68431e-05 5.66751 1.48806
4.17664e-05 5.31322 1.43513
5.49322e-05 4.95893 1.38205
6.45809e-05 4.60468 1.32883
7.13497e-05 4.25041 1.27544
7.735e-05 3.89608 1.22188
8.25605e-05 3.54166 1.16815
8.67655e-05 3.18716 1.11424
8.98079e-05 2.83256 1.06023
9.1328e-05 2.47779 1.00633
9.13446e-05 2.12282 0.952505
9.03022e-05 1.7677 0.898566
8.8928e-05 1.41241 0.844578
8.69844e-05 1.05696 0.790486
8.4384e-05 0.701326 0.736244
8.12082e-05 0.345515 0.681833
7.7541e-05 -0.0104826 0.627294
7.32446e-05 -0.366609 0.573389
6.84404e-05 -0.72289 0.519986
6.32408e-05 -1.07936 0.466661
5.77067e-05 -1.43604 0.413271
5.18994e-05 -1.79295 0.359741
4.58676e-05 -2.15008 0.306093
3.96024e-05 -2.50743 0.252323
3.30765e-05 -2.865 0.198439
2.63886e-05 -3.22277 0.144449
1.93624e-05 -3.58076 0.0903579
1.20863e-05 -3.93896 0.0361805
4.24501e-06 -4.29672 -0.016521
-4.2767e-06 -4.65378 -0.0668539
-1.31375e-05 -5.01103 -0.116972
-2.27441e-05 -5.366 -0.16413
-3.69694e-05 -5.6946 -0.183825
-5.18159e-05 -6.01683 -0.19809
-6.58927e-05 -6.33695 -0.210372
-7.85372e-05 -6.65659 -0.221791
-9.04238e-05 -6.97639 -0.232732
-0.000102099 -7.29669 -0.243344
-0.000113629 -7.61767 -0.253652
-0.000125282 -7.93938 -0.263656
-0.000137152 -8.26189 -0.273394
-0.000149545 -8.58522 -0.282865
-0.000162374 -8.90947 -0.292064
-0.000175597 -9.23477 -0.300982
-0.000189304 -9.56127 -0.309593
-0.000203651 -9.88907 -0.317905
-0.000218267 -10.2181 -0.32594
-0.000233632 -10.5486 -0.333682
-0.000249487 -10.8803 -0.341124
-0.000265955 -11.2134 -0.348277
-0.000283004 -11.5479 -0.355123
-0.000300345 -11.8839 -0.361629
-0.00031819 -12.2214 -0.367805
-0.000336805 -12.5603 -0.373661
-0.000355889 -12.9006 -0.379202
-0.000375457 -13.2422 -0.384439
-0.000395544 -13.585 -0.389394
-0.00041594 -13.9289 -0.394093
-0.000436837 -14.2737 -0.398567
-0.000458213 -14.6194 -0.402862
-0.000480069 -14.9661 -0.407003
-0.000502439 -15.3135 -0.410979
-0.000525303 -15.6616 -0.41479
-0.00054862 -16.0103 -0.418443
-0.000572407 -16.3597 -0.421953
-0.000596637 -16.7096 -0.42535
-0.000621292 -17.06 -0.428641
-0.000646414 -17.4109 -0.431821
-0.000672025 -17.7621 -0.434886
-0.000698024 -18.1138 -0.437856
-0.000724494 -18.4657 -0.440778
-0.000751418 -18.8179 -0.443619
-0.000778807 -19.1705 -0.446381
-0.000806619 -19.5233 -0.449068
-0.000834878 -19.8764 -0.451687
-0.000863584 -20.2298 -0.454234
-0.000892754 -20.5834 -0.45671
-0.000922365 -20.9371 -0.459116
-0.000952418 -21.2911 -0.461454
-0.00098292 -21.6453 -0.463733
-0.00101387 -21.9996 -0.465955
-0.00104528 -22.3541 -0.468123
-0.00107716 -22.7087 -0.470242
-0.0011095 -23.0634 -0.472314
-0.00114229 -23.4183 -0.47434
-0.00117552 -23.7733 -0.476323
-0.00120921 -24.1284 -0.478267
-0.00124335 -24.4835 -0.480164
-0.0012779 -24.8388 -0.481996
-0.0013129 -25.1941 -0.483761
-0.00134835 -25.5495 -0.485486
-0.00138424 -25.905 -0.487184
-0.00142058 -26.2605 -0.488851
-0.00145737 -26.6161 -0.490488
-0.00149461 -26.9717 -0.492096
-0.0015323 -27.3274 -0.493676
-0.00157045 -27.6831 -0.495219
-0.00152704 -27.3755 -0.483394
-0.00146316 -26.914 -0.465606
-0.00142168 -26.6063 -0.45374
-0.00138078 -26.2985 -0.441874
-0.0013405 -25.9905 -0.429986
-0.00130113 -25.6824 -0.41809
-0.00126255 -25.3742 -0.40621
-0.00122439 -25.0659 -0.394339
-0.00118719 -24.7572 -0.382378
-0.00115072 -24.4484 -0.370399
-0.00111485 -24.1393 -0.358424
-0.00107968 -23.8299 -0.346419
-0.00104538 -23.5202 -0.33442
-0.00101138 -23.2103 -0.322436
-0.000977949 -22.8999 -0.310469
-0.000945031 -22.5892 -0.29848
-0.000912501 -22.278 -0.286494
-0.000880143 -21.9664 -0.274496
-0.000847772 -21.6542 -0.262507
-0.000815237 -21.3415 -0.250519
-0.000781866 -21.0281 -0.238464
-0.000747094 -20.7139 -0.226372
-0.000710799 -20.3989 -0.214248
-0.000673757 -20.0829 -0.202006
-0.000636392 -19.7658 -0.189708
-0.000597499 -19.4472 -0.177124
-0.000556669 -19.1272 -0.164463
-0.000517206 -18.8056 -0.151715
-0.000481803 -18.4819 -0.138701
-0.000458249 -18.156 -0.125413
-0.000445215 -17.8275 -0.111948
-0.000452957 -17.496 -0.0981716
-0.000465809 -17.1612 -0.0841058
-0.000469646 -16.8231 -0.0697241
-0.000458225 -16.4816 -0.0551102
-0.000437917 -16.1372 -0.0405376
-0.000416492 -15.7903 -0.0252984
-0.000396511 -15.4412 -0.00720144
-0.000377562 -15.0907 0.0152998
-0.000359396 -14.7394 0.0395147
-0.000341773 -14.3877 0.0654436
-0.000324711 -14.0352 0.0925331
-0.000308169 -13.6821 0.120368
-0.00029216 -13.328 0.149482
-0.000276671 -12.9731 0.179003
-0.000261659 -12.6178 0.208596
-0.000247116 -12.2621 0.237821
-0.000233044 -11.9064 0.266805
-0.000219457 -11.5504 0.295528
-0.000206357 -11.1944 0.32411
-0.000193788 -10.8383 0.352453
-0.000181752 -10.4821 0.380677
-0.000170264 -10.1259 0.408691
-0.000159313 -9.76969 0.436652
-0.000148905 -9.41351 0.464518
-0.000138964 -9.05751 0.492471
-0.000129306 -8.70159 0.520366
-0.000119542 -8.34585 0.54834
-0.000109242 -7.99015 0.576223
-9.80212e-05 -7.63465 0.604186
-8.54758e-05 -7.2792 0.63211
-7.19214e-05 -6.92373 0.660387
-5.66143e-05 -6.5683 0.688676
-3.98693e-05 -6.21302 0.717148
-2.32688e-05 -5.85773 0.745651
-6.33736e-06 -5.50259 0.774221
1.07268e-05 -5.14747 0.802679
2.67878e-05 -4.79247 0.831151
4.1428e-05 -4.43739 0.859436
5.44392e-05 -4.08237 0.887689
6.59013e-05 -3.72732 0.915802
7.5114e-05 -3.37224 0.943789
8.13315e-05 -3.01712 0.971635
8.57025e-05 -2.66193 0.99933
8.93662e-05 -2.30665 1.02687
9.23282e-05 -1.95128 1.05424
9.43966e-05 -1.5958 1.08146
9.55963e-05 -1.24021 1.10851
9.55582e-05 -0.884508 1.13539
9.42533e-05 -0.528695 1.16211
9.19314e-05 -0.17278 1.18866
8.87718e-05 0.183262 1.21504
8.52684e-05 0.539465 1.24134
8.12979e-05 0.895915 1.26772
7.674e-05 1.25256 1.2941
7.15818e-05 1.60936 1.32039
6.59311e-05 1.96631 1.34655
5.98099e-05 2.32343 1.37256
5.32457e-05 2.68069 1.39842
4.62813e-05 3.0381 1.42415
3.89096e-05 3.39567 1.44974
3.11515e-05 3.75341 1.47529
2.28816e-05 4.11139 1.50166
1.42126e-05 4.46956 1.52822
5.24516e-06 4.82791 1.55471
-4.00377e-06 5.18643 1.5811
-1.35907e-05 5.5451 1.60756
-2.35011e-05 5.90393 1.63401
-3.36902e-05 6.26292 1.66032
-4.41208e-05 6.62206 1.68652
-5.49928e-05 6.9813 1.71284
-6.65318e-05 7.33967 1.74267
-7.84745e-05 7.69815 1.77277
-9.07991e-05 8.05678 1.80291
-0.000104241 8.41159 1.83973
-0.000121876 8.74496 1.90898
-0.000140174 9.07438 1.98389
-0.000158565 9.4014 2.06193
-0.000176287 9.7281 2.14064
-0.000193088 10.0551 2.21949
-0.000209533 10.3825 2.29834
-0.000225817 10.7105 2.37718
-0.000242183 11.039 2.45602
-0.00025879 11.3681 2.53485
-0.000275617 11.6978 2.61368
-0.000292743 12.0281 2.69249
-0.000310391 12.3591 2.77127
-0.000328398 12.6908 2.85
-0.00034692 13.0232 2.92865
-0.000365827 13.3563 3.00723
-0.000385058 13.6901 3.08572
-0.000405166 14.0246 3.16414
-0.000425502 14.3598 3.24249
-0.000446233 14.6958 3.32075
-0.000467684 15.0325 3.39895
-0.000489509 15.3699 3.47706
-0.0005119 15.708 3.55509
-0.000534868 16.0469 3.63305
-0.000558323 16.3865 3.71093
-0.000582134 16.7268 3.78873
-0.000606304 17.0678 3.86645
-0.000631143 17.4095 3.94411
-0.00065659 17.7519 4.02169
-0.000682419 18.095 4.09921
-0.00070875 18.4388 4.17665
-0.000735573 18.7832 4.25404
-0.000762716 19.1283 4.33137
-0.00079032 19.474 4.40864
-0.000818388 19.8202 4.48585
-0.000846913 20.1671 4.56301
-0.000875931 20.5145 4.64012
-0.000905425 20.8625 4.71719
-0.000935379 21.211 4.79422
-0.000965772 21.56 4.87122
-0.000996626 21.9094 4.94819
-0.00102788 22.2593 5.02515
-0.00105958 22.6097 5.10208
-0.00109177 22.9604 5.17899
-0.00112434 23.3116 5.25589
-0.00115732 23.6631 5.33277
-0.00119076 24.0149 5.40964
-0.00122463 24.367 5.4865
-0.00125892 24.7195 5.56336
-0.00129366 25.0722 5.64022
-0.00132884 25.4253 5.71708
-0.00136447 25.7785 5.79394
-0.00140054 26.132 5.87082
-0.00143705 26.4857 5.94772
-0.001474 26.8396 6.02465
-0.00151141 27.1938 6.1016
-0.0015493 27.548 6.17856
-0.00158762 27.9025 6.25552
-0.0016264 28.2571 6.3325
-0.00166563 28.6118 6.4095
-0.00170528 28.9667 6.48651
-0.00174536 29.3216 6.56355
-0.00178588 29.6767 6.64061
-0.00182685 30.0318 6.71769
-0.00186824 30.3871 6.79479
-0.00191008 30.7424 6.87188
-0.00195237 31.0979 6.94889
-0.00199511 31.4534 7.02591
-0.0020383 31.809 7.1029
-0.00208194 32.1647 7.17989
-0.00212603 32.5204 7.25687
-0.00217057 32.8762 7.33385
-0.00221556 33.2321 7.41082
-0.00226096 33.5879 7.48779
-0.00230681 33.9439 7.56478
-0.00235311 34.2998 7.64178
-0.00239987 34.6558 7.71882
-0.00234601 34.348 7.6368
-0.00226626 33.8861 7.5138
-0.00221416 33.5782 7.43182
-0.00216288 33.2701 7.34986
-0.00211215 32.9619 7.26792
-0.00206207 32.6536 7.18601
-0.0020129 32.3451 7.10412
-0.00196453 32.0364 7.02225
-0.00191659 31.7275 6.94044
-0.00186958 31.4184 6.85869
-0.00182335 31.109 6.77699
-0.00177769 30.7993 6.6954
-0.00173278 30.4892 6.6139
-0.00168876 30.1788 6.53254
-0.00164497 29.868 6.45123
-0.0016019 29.5568 6.36999
-0.00155931 29.2452 6.2888
-0.00151717 28.9331 6.20774
-0.00147521 28.6204 6.12684
-0.00143341 28.3072 6.04607
-0.0013914 27.9933 5.96544
-0.00134896 27.6787 5.88496
-0.00130538 27.3634 5.8047
-0.00126027 27.047 5.72476
-0.00121438 26.7297 5.64505
-0.00116821 26.4114 5.56565
-0.00112139 26.0919 5.4866
-0.0010725 25.7709 5.40813
-0.00102334 25.4484 5.3301
-0.000977045 25.1242 5.25263
-0.000936534 24.798 5.17595
-0.000907092 24.4696 5.1003
-0.000890332 24.1386 5.0257
-0.000889591 23.805 4.95227
-0.000890959 23.4685 4.88006
-0.000883895 23.1291 4.80899
-0.000863903 22.7869 4.73892
-0.000836082 22.4424 4.66972
-0.000806661 22.0959 4.60136
-0.000778499 21.7475 4.53405
-0.000751518 21.3976 4.46847
-0.00072543 21.0467 4.40512
-0.000699926 20.6953 4.34456
-0.000674979 20.3432 4.28535
-0.000650573 19.9905 4.22706
-0.000626691 19.6375 4.16863
-0.000603362 19.2836 4.11196
-0.000580495 18.9294 4.05613
-0.000558188 18.5743 4.00247
-0.000536385 18.2188 3.94918
-0.000515067 17.8631 3.89595
-0.000494224 17.5073 3.84269
-0.000473865 17.1513 3.78963
-0.00045402 16.7951 3.73681
-0.000434712 16.4388 3.68388
-0.000415945 16.0824 3.63085
-0.000397697 15.7258 3.57772
-0.000379947 15.3693 3.5245
-0.000362713 15.0128 3.47123
-0.000345927 14.6563 3.41801
-0.000329498 14.2997 3.36514
-0.000313115 13.9431 3.3123
-0.000296435 13.5865 3.25943
-0.00027929 13.2301 3.20652
-0.000261312 12.8737 3.1536
-0.00024258 12.5175 3.10065
-0.000223193 12.1613 3.04766
-0.000202638 11.8053 2.99466
-0.000181095 11.4493 2.94163
-0.000159898 11.0935 2.88856
-0.000138726 10.7377 2.83544
-0.000117355 10.3819 2.78227
-9.64436e-05 10.0262 2.72905
-7.63995e-05 9.67053 2.67576
-5.7486e-05 9.31486 2.62241
-3.96888e-05 8.95916 2.56898
-2.344e-05 8.60346 2.51548
-8.34913e-06 8.24774 2.46191
4.7918e-06 7.89199 2.40826
1.56448e-05 7.5362 2.35453
2.515e-05 7.18035 2.30071
3.40449e-05 6.82444 2.24682
4.23357e-05 6.46846 2.19285
4.99397e-05 6.1123 2.13893
5.67929e-05 5.7559 2.08516
6.28743e-05 5.39939 2.03136
6.79183e-05 5.04275 1.97755
7.19243e-05 4.68599 1.92374
7.49756e-05 4.32911 1.86989
7.72483e-05 3.97214 1.81598
7.89417e-05 3.61506 1.762
8.03576e-05 3.25789 1.70795
8.12665e-05 2.90061 1.65384
8.16494e-05 2.54323 1.59967
8.14885e-05 2.18574 1.54543
8.08374e-05 1.82816 1.49114
7.97167e-05 1.47048 1.43678
7.81442e-05 1.11269 1.38237
7.61301e-05 0.754811 1.32791
7.36981e-05 0.396833 1.27341
7.08526e-05 0.0387602 1.21885
6.76003e-05 -0.319402 1.16426
6.39661e-05 -0.677658 1.10963
5.99374e-05 -1.036 1.05495
5.55216e-05 -1.39444 1.00025
5.07358e-05 -1.75295 0.945508
4.55933e-05 -2.11155 0.890742
4.01056e-05 -2.47023 0.835951
3.42399e-05 -2.829 0.781133
2.80052e-05 -3.18789 0.726381
2.1367e-05 -3.54709 0.671973
1.43665e-05 -3.9064 0.61761
7.06119e-06 -4.2658 0.563279
-6.51989e-07 -4.62529 0.508958
-8.77757e-06 -4.98486 0.454638
-1.72447e-05 -5.34452 0.400319
-2.61103e-05 -5.70425 0.346
-3.53837e-05 -6.06406 0.291685
-4.50791e-05 -6.42394 0.237377
-5.52231e-05 -6.78408 0.183755
-6.57629e-05 -7.14453 0.130904
-7.67475e-05 -7.50509 0.0781524
-8.81158e-05 -7.86575 0.0255547
-9.98712e-05 -8.22651 -0.0269093
-0.000112043 -8.58737 -0.0793413
-0.000125003 -8.94688 -0.127834
-0.000140205 -9.29617 -0.162188
-0.000158068 -9.63135 -0.17981
-0.000176579 -9.96217 -0.192392
-0.000194879 -10.2912 -0.203023
-0.000212461 -10.6198 -0.212846
-0.000229681 -10.9487 -0.222198
-0.000246753 -11.2779 -0.231255
-0.000263981 -11.6076 -0.240073
-0.000281251 -11.9378 -0.248658
-0.000298751 -12.2686 -0.257007
-0.00031681 -12.5999 -0.265133
-0.000334997 -12.9317 -0.273059
-0.000353718 -13.2642 -0.280786
-0.00037292 -13.5972 -0.288319
-0.000392593 -13.9308 -0.295658
-0.000412609 -14.2651 -0.302797
-0.000433136 -14.6 -0.309734
-0.000454374 -14.9355 -0.316468
-0.000475832 -15.2716 -0.323001
-0.000497743 -15.6085 -0.329351
-0.000520326 -15.9459 -0.335521
-0.000543325 -16.2841 -0.341518
-0.000566881 -16.6229 -0.347345
-0.000590985 -16.9624 -0.353005
-0.00061558 -17.3026 -0.358496
-0.000640543 -17.6434 -0.363818
-0.000665848 -17.9849 -0.368973
-0.000691792 -18.327 -0.373963
-0.000718359 -18.6698 -0.37879
-0.000745329 -19.0133 -0.383456
-0.000772779 -19.3573 -0.387961
-0.000800726 -19.702 -0.392309
-0.00082902 -20.0472 -0.396504
-0.000857736 -20.3931 -0.400548
-0.000886919 -20.7395 -0.404446
-0.000916559 -21.0865 -0.408201
-0.000946679 -21.434 -0.411815
-0.000977271 -21.782 -0.415293
-0.00100834 -22.1304 -0.418637
-0.00103985 -22.4794 -0.421855
-0.00107181 -22.8288 -0.424948
-0.00110421 -23.1786 -0.42792
-0.00113702 -23.5288 -0.430773
-0.00117029 -23.8794 -0.433507
-0.00120404 -24.2304 -0.436123
-0.00123814 -24.5817 -0.438629
-0.00127269 -24.9333 -0.441027
-0.00130769 -25.2853 -0.443319
-0.00134313 -25.6375 -0.445507
-0.001379 -25.99 -0.447579
-0.00141531 -26.3427 -0.44956
-0.00145207 -26.6957 -0.45146
-0.00148928 -27.0488 -0.453285
-0.00152694 -27.4022 -0.45504
-0.00156504 -27.7558 -0.456731
-0.00160359 -28.1095 -0.458365
-0.0016426 -28.4634 -0.45996
-0.00168209 -28.8174 -0.461524
-0.00172202 -29.1716 -0.463051
-0.0017624 -29.5259 -0.464583
-0.00180323 -29.8804 -0.466099
-0.00184451 -30.235 -0.467577
-0.00188619 -30.5897 -0.469039
-0.00192831 -30.9446 -0.470537
-0.00197087 -31.2995 -0.472035
-0.00201386 -31.6546 -0.473481
-0.0020573 -32.0098 -0.474898
-0.00210118 -32.3651 -0.476314
-0.00214552 -32.7204 -0.477707
-0.00219032 -33.0757 -0.479089
-0.0022356 -33.431 -0.480468
-0.00228132 -33.7864 -0.481826
-0.00232751 -34.1418 -0.483164
-0.00237416 -34.4972 -0.484484
-0.00242127 -34.8527 -0.485785
-0.00236711 -34.5448 -0.47366
-0.00228702 -34.083 -0.455472
-0.0022348 -33.775 -0.443354
-0.00218326 -33.467 -0.431233
-0.00213227 -33.1588 -0.419101
-0.00208201 -32.8504 -0.406981
-0.00203273 -32.5419 -0.394876
-0.00198399 -32.2331 -0.382793
-0.00193583 -31.9242 -0.370661
-0.00188892 -31.6149 -0.358508
-0.00184226 -31.3053 -0.346328
-0.00179647 -30.9955 -0.33415
-0.00175145 -30.6853 -0.321974
-0.00170689 -30.3747 -0.309792
-0.00166305 -30.0638 -0.297587
-0.00161965 -29.7524 -0.285383
-0.00157666 -29.4406 -0.273168
-0.00153414 -29.1282 -0.260983
-0.00149182 -28.8154 -0.248836
-0.00144944 -28.502 -0.236722
-0.00140685 -28.1879 -0.224627
-0.00136345 -27.8732 -0.212536
-0.00131868 -27.5574 -0.200262
-0.0012727 -27.2408 -0.187958
-0.00122611 -26.9232 -0.175642
-0.00117935 -26.6043 -0.163098
-0.00113123 -26.2842 -0.150435
-0.00108135 -25.9626 -0.137741
-0.00103257 -25.6395 -0.124931
-0.000987263 -25.3146 -0.111926
-0.00095158 -24.9875 -0.0987473
-0.000924378 -24.6581 -0.0854201
-0.000915908 -24.3261 -0.0718619
-0.000917625 -23.9913 -0.0581278
-0.000915998 -23.6535 -0.0442605
-0.000902979 -23.3129 -0.0304288
-0.000878826 -22.9696 -0.0164707
-0.00084946 -22.624 -0.00212714
-0.000820333 -22.2761 0.0145677
-0.00079224 -21.9268 0.0329299
-0.000765094 -21.5765 0.0531814
-0.00073872 -21.2257 0.0755901
-0.000712975 -20.8743 0.0993077
-0.000687782 -20.5225 0.123695
-0.000663062 -20.1706 0.14875
-0.00063891 -19.8177 0.174937
-0.000615267 -19.4644 0.201162
-0.000592216 -19.1099 0.228407
-0.00056969 -18.7548 0.255856
-0.000547656 -18.3995 0.283242
-0.000526097 -18.044 0.310481
-0.000505022 -17.6884 0.337558
-0.000484423 -17.3327 0.364456
-0.000464312 -16.9768 0.391185
-0.000444735 -16.6208 0.417813
-0.000425709 -16.2646 0.444517
-0.000407204 -15.9082 0.471156
-0.000389203 -15.5518 0.497717
-0.000371655 -15.1953 0.524194
-0.000354536 -14.8389 0.55062
-0.000337861 -14.4826 0.577029
-0.00032139 -14.1263 0.603422
-0.000304971 -13.7701 0.629803
-0.000288241 -13.414 0.656132
-0.00027097 -13.0579 0.682426
-0.000252867 -12.702 0.708695
-0.000234291 -12.346 0.734926
-0.000214876 -11.9902 0.761135
-0.000194376 -11.6344 0.787323
-0.000173225 -11.2787 0.813477
-0.000152428 -10.923 0.839588
-0.000131652 -10.5674 0.865651
-0.000110661 -10.2118 0.89167
-9.02402e-05 -9.85621 0.917633
-7.06472e-05 -9.50065 0.943529
-5.21719e-05 -9.14508 0.969341
-3.4733e-05 -8.78948 0.995067
-1.88789e-05 -8.43387 1.0207
-4.08173e-06 -8.07823 1.04625
8.87782e-06 -7.72256 1.07171
1.96877e-05 -7.36684 1.09706
2.89364e-05 -7.01106 1.1223
3.75779e-05 -6.65522 1.14743
4.56176e-05 -6.29931 1.17245
5.30126e-05 -5.94332 1.19737
5.9652e-05 -5.58725 1.22217
6.56154e-05 -5.23111 1.24686
7.06253e-05 -4.87488 1.27145
7.47297e-05 -4.51856 1.29593
7.77968e-05 -4.16213 1.32034
8.00924e-05 -3.80544 1.3448
8.16473e-05 -3.44862 1.36919
8.27745e-05 -3.09168 1.39349
8.35699e-05 -2.73463 1.4177
8.38339e-05 -2.37748 1.44182
8.35839e-05 -2.02022 1.46584
8.2792e-05 -1.66286 1.48978
8.15218e-05 -1.30539 1.51362
7.97842e-05 -0.947822 1.53739
7.75929e-05 -0.590141 1.56109
7.49566e-05 -0.232351 1.58472
