8.78789e-07 3.81229e-09 -0.0239652
9.08269e-06 0.042287 -0.000199249
-1.41436e-05 0.0959706 0.0412887
-1.69541e-05 0.145673 0.0854272
-1.55273e-05 0.192596 0.12911
-1.25208e-05 0.237791 0.172115
-9.91647e-06 0.281922 0.214593
-7.93567e-06 0.325351 0.256689
-6.80749e-06 0.368321 0.298513
-6.17133e-06 0.410964 0.340141
-5.86913e-06 0.453378 0.381623
-5.95438e-06 0.495631 0.423004
-6.35871e-06 0.537766 0.464308
-7.30139e-06 0.579808 0.505545
-8.84248e-06 0.621781 0.546733
-9.8454e-06 0.663705 0.58788
-1.19398e-05 0.705591 0.628993
-1.44262e-05 0.747451 0.670083
-1.60535e-05 0.789295 0.711146
-1.79176e-05 0.831153 0.752201
-2.16133e-05 0.873069 0.793269
-1.82788e-05 0.83144 0.751903
-1.70854e-05 0.789791 0.710535
-1.54815e-05 0.748122 0.669159
-1.27791e-05 0.706418 0.627765
-1.19654e-05 0.664678 0.586367
-1.09544e-05 0.622892 0.544946
-9.83134e-06 0.581044 0.503501
-9.39957e-06 0.539117 0.462019
-8.78772e-06 0.49709 0.420491
-9.06085e-06 0.454929 0.378893
-9.71616e-06 0.41259 0.337209
-1.06915e-05 0.370001 0.295392
-1.27663e-05 0.327067 0.253394
-1.50343e-05 0.283632 0.211136
-1.80042e-05 0.239448 0.168509
-2.11146e-05 0.19412 0.125368
-2.24266e-05 0.146979 0.0816145
-1.96581e-05 0.0969716 0.0375829
-1.05456e-05 0.0434481 -0.00254208
-1.13235e-05 0.00177061 -0.0261179
3.5284e-05 -0.04416 -0.0484582
-1.38e-05 -0.0962238 -0.063116
-1.69202e-05 -0.145743 -0.0735111
-1.55417e-05 -0.192612 -0.0821213
-1.25256e-05 -0.237785 -0.0898275
-9.92786e-06 -0.281906 -0.0970188
-7.94204e-06 -0.32533 -0.103888
-6.81345e-06 -0.368298 -0.110553
-6.17885e-06 -0.410939 -0.117074
-5.87634e-06 -0.453352 -0.123497
-5.96348e-06 -0.495605 -0.129851
-6.36793e-06 -0.537739 -0.136154
-7.31274e-06 -0.579781 -0.142422
-8.85093e-06 -0.621754 -0.148666
-9.85561e-06 -0.66368 -0.154895
-1.19517e-05 -0.70557 -0.161113
-1.44347e-05 -0.747439 -0.167326
-1.60541e-05 -0.789307 -0.173539
-1.79041e-05 -0.831215 -0.179752
-1.65219e-05 -0.789567 -0.174011
-1.50416e-05 -0.747898 -0.168253
-1.24998e-05 -0.706194 -0.162476
-1.13812e-05 -0.664455 -0.15667
-1.06133e-05 -0.62267 -0.150832
-9.30148e-06 -0.580824 -0.144954
-8.95032e-06 -0.538899 -0.139031
-8.34156e-06 -0.496874 -0.133046
-8.6059e-06 -0.454715 -0.12699
-9.2848e-06 -0.412381 -0.120831
-1.02033e-05 -0.369797 -0.114545
-1.2201e-05 -0.326871 -0.108083
-1.44353e-05 -0.283447 -0.101372
-1.73344e-05 -0.239284 -0.0942841
-2.053e-05 -0.193999 -0.0866089
-2.17859e-05 -0.146942 -0.0779183
-1.88702e-05 -0.0971998 -0.0672595
2.55751e-05 -0.0450169 -0.0520329
-2.27294e-05 0.000124828 -0.0295066
2.29727e-05 0.0449835 -0.00299863
-1.94346e-05 0.0972778 0.0378272
-2.2269e-05 0.147055 0.0816886
-2.10159e-05 0.194137 0.125392
-1.78995e-05 0.239442 0.168513
-1.49308e-05 0.283617 0.211131
-1.26726e-05 0.327048 0.253387
-1.06002e-05 0.36998 0.295384
-9.63119e-06 0.412568 0.3372
-8.96576e-06 0.454907 0.378884
-8.7043e-06 0.497068 0.420482
-9.30932e-06 0.539094 0.462011
-9.72797e-06 0.581022 0.503494
-1.08893e-05 0.62287 0.544939
-1.18543e-05 0.664658 0.586361
-1.27273e-05 0.706403 0.627763
-1.54091e-05 0.748122 0.669163
-1.69788e-05 0.789828 0.710556
-1.82039e-05 0.831567 0.751966
-2.15506e-05 0.873409 0.793428
-2.51126e-05 0.915686 0.834657
-2.82037e-05 0.958536 0.87613
-3.06864e-05 1.00259 0.918136
-3.42467e-05 1.04905 0.961214
-3.87471e-05 1.09953 1.00612
-4.19971e-05 1.15513 1.05342
-4.04213e-05 1.21588 1.10328
-3.17313e-05 1.28132 1.15559
-1.52724e-05 1.35098 1.21023
8.38016e-06 1.42421 1.26686
3.74862e-05 1.50069 1.32538
7.01845e-05 1.57987 1.38547
0.000105804 1.66145 1.44696
0.000143381 1.74504 1.50963
0.000181838 1.83033 1.57331
0.00022055 1.91717 1.63793
0.0002591 2.00515 1.70326
0.000297311 2.09411 1.76924
0.0003352 2.18406 1.83587
0.000342766 2.14251 1.79448
0.000350962 2.10095 1.75308
0.000359581 2.05938 1.71169
0.000369287 2.0178 1.67029
0.000378853 1.97621 1.62888
0.000387638 1.9346 1.58747
0.000395221 1.89296 1.54604
0.000402725 1.85128 1.5046
0.000411281 1.80957 1.46313
0.00042115 1.76781 1.42164
0.000430534 1.72599 1.38013
0.000439409 1.68411 1.33857
0.000448668 1.64214 1.29698
0.000458699 1.60007 1.25534
0.000468572 1.5579 1.21363
0.000479219 1.51559 1.17186
0.000490174 1.47312 1.13
0.000501953 1.43046 1.08805
0.000514602 1.38758 1.04596
0.00052849 1.34442 1.00369
0.000543489 1.30092 0.96124
0.000560445 1.25701 0.918522
0.000579609 1.21255 0.875453
0.000602108 1.16739 0.831928
0.000628676 1.12129 0.787783
0.000661614 1.07385 0.742764
0.000704424 1.02449 0.696504
0.00076283 0.972247 0.648479
0.000841315 0.915631 0.598035
0.000933805 0.852716 0.544707
0.00104842 0.782156 0.48888
0.000920891 0.704605 0.431897
0.000771801 0.624204 0.375356
0.000606812 0.542388 0.319112
0.000463858 0.459076 0.263546
0.000326333 0.375509 0.209856
0.000161729 0.294476 0.159458
0.000103444 0.216015 0.114473
8.81057e-05 0.134015 0.0782883
0.000105046 0.0585099 0.0492773
0.000109986 -0.0146132 0.0215005
0.000115576 -0.0867125 -0.00615029
0.000122261 -0.158493 -0.0340928
0.000134441 -0.221878 -0.0553803
0.00013991 -0.274389 -0.0681204
0.000121978 -0.319069 -0.0752423
0.000108035 -0.362723 -0.081821
9.87474e-05 -0.405739 -0.0880896
9.16102e-05 -0.448392 -0.0942063
8.57102e-05 -0.490819 -0.100235
8.00337e-05 -0.53309 -0.106203
7.48624e-05 -0.575242 -0.112128
6.95791e-05 -0.617315 -0.118013
6.50843e-05 -0.659349 -0.123872
5.97882e-05 -0.701391 -0.129709
5.48264e-05 -0.743526 -0.135519
5.03439e-05 -0.7859 -0.141299
4.80361e-05 -0.828805 -0.147039
4.35282e-05 -0.872735 -0.152779
3.6281e-05 -0.918963 -0.158435
2.7545e-05 -0.96872 -0.163905
1.63162e-05 -1.02269 -0.169132
4.10677e-06 -1.08116 -0.174089
-7.67635e-06 -1.14421 -0.178749
-1.7276e-05 -1.21163 -0.183107
-2.42775e-05 -1.28258 -0.187259
-2.77577e-05 -1.35605 -0.191248
-2.67121e-05 -1.43172 -0.195075
-2.07463e-05 -1.50932 -0.198758
-9.89413e-06 -1.58868 -0.202304
5.20566e-06 -1.66963 -0.205717
2.40352e-05 -1.75204 -0.208974
4.59487e-05 -1.83577 -0.212081
7.10308e-05 -1.92071 -0.215029
9.81296e-05 -2.0067 -0.217839
0.000126852 -2.09365 -0.220523
0.000156431 -2.18145 -0.223071
0.000186855 -2.26995 -0.225512
0.000194699 -2.22837 -0.219865
0.000203333 -2.18677 -0.214209
0.000212756 -2.14517 -0.20855
0.00022313 -2.10354 -0.202888
0.000233132 -2.0619 -0.197225
0.000242449 -2.02023 -0.191561
0.000250134 -1.97852 -0.18589
0.000258572 -1.93677 -0.180214
0.000268184 -1.89496 -0.174536
0.000278546 -1.85306 -0.168805
0.000287513 -1.81105 -0.163031
0.000296939 -1.76895 -0.157247
0.000307111 -1.72675 -0.151453
0.000316832 -1.68443 -0.145651
0.000327254 -1.64198 -0.139843
0.000338622 -1.59937 -0.13402
0.000350291 -1.55657 -0.12818
0.000362433 -1.51354 -0.122316
0.000375749 -1.47023 -0.116426
0.00039014 -1.42659 -0.110477
0.000406269 -1.38254 -0.104477
0.000424177 -1.33795 -0.0983893
0.000444733 -1.29268 -0.0921889
0.000469077 -1.24644 -0.0857585
0.000498853 -1.19899 -0.0791438
0.000536617 -1.14981 -0.0722533
0.000586153 -1.09801 -0.0648655
0.000653946 -1.04228 -0.0567785
0.000733318 -0.980671 -0.0476733
0.000829255 -0.911765 -0.0372067
0.000831672 -0.835299 -0.0252375
0.000788854 -0.750664 -0.00550152
0.00080346 -0.66039 0.0212646
0.000791041 -0.569429 0.0518571
0.000825866 -0.478131 0.0840397
0.00087765 -0.386596 0.116559
0.000935459 -0.29524 0.149147
0.000968616 -0.204508 0.181734
0.000943908 -0.115091 0.214174
0.000867085 -0.0277377 0.246443
0.000797243 0.0579289 0.27848
0.000802841 0.139985 0.312146
0.000777931 0.218451 0.346772
0.000751087 0.295332 0.380636
0.000731375 0.3715 0.413535
0.000717442 0.447561 0.445538
0.000707563 0.523928 0.476707
0.000700485 0.600936 0.507125
0.000702958 0.670202 0.541175
0.000704665 0.731629 0.578878
0.000671567 0.779864 0.622131
0.000643992 0.827063 0.665571
0.000622819 0.873887 0.709077
0.000605395 0.920689 0.752648
0.000590154 0.967689 0.79631
0.00057605 1.01501 0.840107
0.000562592 1.06275 0.884067
0.000549383 1.11099 0.928244
0.000536352 1.1598 0.972667
0.000524133 1.20924 1.01737
0.000512404 1.25941 1.0624
0.000500066 1.31038 1.10778
0.000488444 1.36225 1.15357
0.000477504 1.41511 1.1998
0.000466393 1.46908 1.24653
0.000455629 1.52429 1.29383
0.000445947 1.58087 1.34177
0.000437336 1.639 1.39042
0.00042966 1.69883 1.43988
0.000422676 1.76056 1.49025
0.000415594 1.82438 1.54161
0.000409117 1.89045 1.59407
0.000403505 1.95891 1.6477
0.000399219 2.02983 1.70255
0.000396341 2.1031 1.75863
0.0003951 2.17865 1.81594
0.000395235 2.25642 1.87452
0.000396413 2.3363 1.93438
0.000399266 2.41812 1.99544
0.000403746 2.50164 2.0576
0.000409874 2.58659 2.12074
0.000417824 2.67279 2.18476
0.000427451 2.76017 2.24969
0.000438991 2.8486 2.3153
0.000454709 2.93778 2.38156
0.000470131 3.02743 2.44832
0.000485355 3.11753 2.51558
0.000502258 3.20802 2.58328
0.000520232 3.29881 2.65139
0.000539793 3.38981 2.71987
0.000560103 3.48099 2.7887
0.000581115 3.57228 2.85783
0.000602578 3.66365 2.92723
0.000623992 3.75505 2.9969
0.000656075 3.89217 3.10185
0.000676977 3.98358 3.17208
0.000697659 4.07497 3.24252
0.000718058 4.16633 3.31313
0.00073725 4.25765 3.3839
0.000755504 4.34893 3.45483
0.000772849 4.44015 3.52591
0.000788952 4.5313 3.59714
0.000804174 4.62239 3.66851
0.000818413 4.71341 3.74
0.000831303 4.80434 3.81162
0.000843108 4.89518 3.88335
0.000854041 4.98593 3.95519
0.000864113 5.0766 4.02714
0.000873104 5.16723 4.09925
0.00088073 5.25782 4.17154
0.000886394 5.34831 4.24398
0.000890806 5.43871 4.31651
0.000894178 5.529 4.38912
0.000896444 5.6192 4.46181
0.00089723 5.70927 4.53458
0.00089631 5.79923 4.60744
0.000894321 5.88907 4.68038
0.000891291 5.97882 4.75338
0.000887151 6.06847 4.82646
0.000905284 6.02662 4.78532
0.000932658 5.96377 4.72358
0.000951077 5.92177 4.68241
0.000968668 5.87964 4.64123
0.000985728 5.83741 4.60003
0.00100222 5.79507 4.55877
0.00101899 5.75261 4.51746
0.00103551 5.71003 4.47607
0.00105138 5.66729 4.4346
0.00106779 5.62438 4.39303
0.00108413 5.58128 4.35136
0.00110029 5.53798 4.30958
0.00111668 5.49446 4.26768
0.00113252 5.45069 4.22563
0.00114719 5.40665 4.18344
0.00116316 5.3623 4.14111
0.00117914 5.31764 4.09859
0.00119448 5.27265 4.05589
0.00120849 5.22729 4.01298
0.00122332 5.18149 3.96988
0.00123681 5.13523 3.92657
0.00124925 5.08851 3.88298
0.0012621 5.0413 3.83909
0.00127383 4.99351 3.79488
0.0012863 4.94513 3.75031
0.00129905 4.89608 3.70532
0.00131146 4.8463 3.65986
0.00132378 4.79564 3.61385
0.0013363 4.74402 3.56717
0.00134998 4.69125 3.51969
0.00136565 4.63702 3.47128
0.00138433 4.58102 3.42173
0.0014092 4.52293 3.3707
0.00144415 4.46232 3.31781
0.00149666 4.39867 3.2627
0.00157189 4.33157 3.20517
0.00166867 4.26093 3.1454
0.00176343 4.1867 3.08386
0.00178694 4.10923 3.0207
0.00177463 4.02973 2.9567
0.00171404 3.94832 2.89258
0.00162869 3.8653 2.82875
0.00154016 3.78133 2.76476
0.00145333 3.6962 2.70135
0.00137832 3.61015 2.63801
0.00129949 3.52312 2.57476
0.00124051 3.4325 2.51683
0.0011677 3.34057 2.46028
0.00107826 3.24841 2.40418
0.000992181 3.15637 2.34932
0.000928081 3.0644 2.29565
0.000835149 2.97293 2.24256
0.000727572 2.88198 2.18971
0.000618028 2.79211 2.13788
0.00051275 2.70261 2.08614
0.000411986 2.61357 2.03456
0.000312235 2.52502 1.9832
0.00021396 2.43686 1.93196
0.000118622 2.34903 1.88079
2.67455e-05 2.26145 1.82965
-5.25002e-05 2.17391 1.77854
-8.26679e-05 2.08571 1.72773
-0.000109529 1.99745 1.67692
-0.000150207 1.909 1.62617
-0.000204034 1.8204 1.57539
-0.000256398 1.7317 1.52443
-0.000307033 1.64284 1.47326
-0.00035614 1.55387 1.42191
-0.000403986 1.46471 1.37035
-0.000450569 1.37535 1.31856
-0.000496071 1.28577 1.26656
-0.000540584 1.19595 1.21433
-0.0005841 1.10584 1.16197
-0.00060596 1.01507 1.10969
-0.000612185 0.92364 1.05748
-0.000619328 0.831848 1.00512
-0.000636257 0.739643 0.952677
-0.000660471 0.647075 0.900094
-0.000686694 0.554199 0.847318
-0.000713423 0.461029 0.794332
-0.000739126 0.367529 0.741181
-0.000749498 0.27321 0.688684
-0.000753302 0.178155 0.636699
-0.000765182 0.0826519 0.58478
-0.000781904 -0.0132351 0.532764
-0.000800607 -0.109462 0.48057
-0.000820857 -0.206017 0.42822
-0.000841746 -0.302889 0.375712
-0.000863534 -0.400061 0.323053
-0.000886373 -0.49753 0.270254
-0.000910015 -0.595287 0.217322
-0.000934135 -0.693317 0.164271
-0.000941227 -0.791506 0.112783
-0.000922535 -0.889897 0.0638073
-0.000903186 -0.988686 0.0150236
-0.000881156 -1.08484 -0.0305512
-0.000841391 -1.1487 -0.0458642
-0.000815382 -1.20515 -0.055144
-0.000814838 -1.25942 -0.0623011
-0.000819961 -1.31343 -0.0686377
-0.00082638 -1.36787 -0.0745837
-0.000833629 -1.42308 -0.0803228
-0.000842454 -1.47923 -0.0858741
-0.000853179 -1.53635 -0.091245
-0.000863215 -1.59447 -0.0964646
-0.000872619 -1.65359 -0.101536
-0.000881372 -1.71378 -0.106458
-0.000890107 -1.77516 -0.111224
-0.00089898 -1.83787 -0.115832
-0.000906157 -1.90201 -0.120291
-0.000912003 -1.96753 -0.124616
-0.000916753 -2.03451 -0.128799
-0.000920086 -2.10295 -0.132834
-0.000922239 -2.17282 -0.136724
-0.000923697 -2.24416 -0.140459
-0.000926427 -2.31707 -0.144025
-0.000927278 -2.39146 -0.147422
-0.000925413 -2.46721 -0.150657
-0.000920334 -2.54425 -0.153732
-0.000911813 -2.62249 -0.156654
-0.000899635 -2.70183 -0.15943
-0.000884926 -2.78215 -0.162074
-0.000868296 -2.86335 -0.164601
-0.000850797 -2.94539 -0.167047
-0.000831805 -3.02824 -0.169439
-0.000811669 -3.11179 -0.171757
-0.000789952 -3.19594 -0.173989
-0.00076699 -3.28062 -0.176141
-0.000743239 -3.36576 -0.178222
-0.000718727 -3.45134 -0.180258
-0.000693815 -3.53733 -0.182246
-0.000668551 -3.62368 -0.184175
-0.000643639 -3.71037 -0.186037
-0.000620021 -3.79738 -0.187833
-0.000596611 -3.88462 -0.189569
-0.000573183 -3.97213 -0.191255
-0.000549711 -4.05987 -0.192896
-0.000526459 -4.14783 -0.194494
-0.000503363 -4.23598 -0.196056
-0.000480022 -4.32429 -0.197577
-0.000456918 -4.41275 -0.199055
-0.000434407 -4.50135 -0.200493
-0.000412626 -4.59007 -0.201888
-0.000391687 -4.67888 -0.203249
-0.000371344 -4.76777 -0.204577
-0.000351782 -4.85674 -0.205873
-0.00033302 -4.94577 -0.207141
-0.000315049 -5.03484 -0.208382
-0.000297892 -5.12394 -0.209596
-0.000282051 -5.21306 -0.210785
-0.000267257 -5.30217 -0.211953
-0.000253078 -5.39128 -0.21309
-0.000239836 -5.4804 -0.214179
-0.000227352 -5.56951 -0.215215
-0.000215787 -5.65859 -0.216226
-0.00020514 -5.74763 -0.217223
-0.000195884 -5.8366 -0.218202
-0.000187589 -5.92552 -0.219164
-0.000180367 -6.01438 -0.220108
-0.000174318 -6.10318 -0.221035
-0.000169409 -6.1919 -0.221937
-0.000152625 -6.1499 -0.215779
-0.000127004 -6.08682 -0.206501
-0.00011055 -6.04468 -0.200311
-9.45877e-05 -6.0025 -0.194123
-7.85217e-05 -5.96018 -0.18791
-6.17821e-05 -5.91776 -0.181691
-4.51653e-05 -5.8752 -0.175481
-2.9158e-05 -5.83252 -0.169279
-1.32514e-05 -5.78957 -0.162976
2.4626e-06 -5.74645 -0.156654
1.78497e-05 -5.7031 -0.150331
3.28923e-05 -5.65955 -0.143974
4.7489e-05 -5.61573 -0.137618
6.10681e-05 -5.57169 -0.131275
7.53512e-05 -5.52734 -0.12495
8.88887e-05 -5.48269 -0.118601
0.000101814 -5.43766 -0.112257
0.000115891 -5.39232 -0.105904
0.000131163 -5.34657 -0.0995716
0.000145879 -5.30045 -0.0932527
0.000159029 -5.25382 -0.0868731
0.000171687 -5.20674 -0.0804873
0.000184383 -5.15909 -0.0740959
0.000200267 -5.11081 -0.0676176
0.000217537 -5.06184 -0.0611294
0.000233716 -5.01196 -0.0543868
0.000251157 -4.96121 -0.0476291
0.000269979 -4.90955 -0.0408571
0.000292006 -4.85658 -0.033871
0.000315875 -4.80219 -0.0266646
0.000349013 -4.74604 -0.0193194
0.000390786 -4.68767 -0.0116439
0.000445285 -4.6265 -0.00358872
0.000520368 -4.56207 0.00496551
0.000623774 -4.49382 0.0140519
0.000746233 -4.42192 0.0234252
0.000841803 -4.34631 0.0338877
0.000901073 -4.26753 0.0477442
0.000943309 -4.18787 0.0666917
0.000967196 -4.10698 0.0876572
0.000994442 -4.02601 0.110558
0.000995616 -3.94374 0.13487
0.000968056 -3.86066 0.160164
0.000945061 -3.77588 0.18696
0.000923661 -3.68952 0.21425
0.000905531 -3.60213 0.24164
0.000882915 -3.51427 0.268717
0.000849217 -3.42625 0.295595
0.000793901 -3.33807 0.322274
0.000728612 -3.2499 0.348824
0.000661183 -3.1616 0.375095
0.000590248 -3.07332 0.401177
0.000513213 -2.98491 0.426937
0.000424461 -2.89662 0.452469
0.000322863 -2.80837 0.477673
0.000215493 -2.72041 0.502596
0.000113827 -2.63248 0.527149
1.44838e-05 -2.54479 0.551455
-8.06784e-05 -2.45705 0.575424
-0.000171983 -2.36951 0.599165
-0.000254788 -2.28186 0.622578
-0.000290389 -2.19367 0.645946
-0.000317584 -2.10526 0.669018
-0.000349201 -2.01683 0.691946
-0.000395357 -1.92807 0.714644
-0.000441612 -1.83938 0.737168
-0.000486863 -1.75046 0.759408
-0.000530575 -1.66159 0.781489
-0.000572777 -1.57241 0.803307
-0.000614504 -1.48321 0.824982
-0.000655094 -1.39379 0.846464
-0.000694755 -1.30419 0.867776
-0.00073381 -1.21438 0.88893
-0.000772179 -1.12437 0.909939
-0.000810331 -1.03414 0.930811
-0.000847919 -0.943687 0.951555
-0.000885393 -0.853005 0.972177
-0.00092233 -0.762091 0.992687
-0.000958992 -0.670951 1.01309
-0.000998938 -0.579602 1.0334
-0.00104756 -0.488083 1.05361
-0.00109589 -0.396338 1.07373
-0.00113739 -0.304222 1.09381
-0.00115759 -0.211391 1.11394
-0.00117017 -0.118099 1.13406
-0.00118468 -0.0244818 1.15417
-0.00119981 0.0693978 1.17423
-0.00121579 0.16353 1.19424
-0.00123246 0.257894 1.21419
-0.00125002 0.352487 1.23411
-0.00126915 0.447316 1.25398
-0.00128615 0.542509 1.27387
-0.00127602 0.638879 1.29423
-0.00126312 0.735806 1.31473
-0.00125309 0.833041 1.33525
-0.00124653 0.930559 1.35576
-0.00124928 1.02845 1.37637
-0.00126012 1.12665 1.39701
-0.00127259 1.22507 1.41763
-0.0012874 1.32373 1.43825
-0.00130065 1.42262 1.45898
-0.00125717 1.52193 1.48174
-0.0012086 1.62157 1.50473
-0.00115954 1.72151 1.52785
-0.0010973 1.81665 1.55509
-0.000990029 1.88476 1.6007
-0.00091999 1.94836 1.64931
-0.000889021 2.00929 1.69949
-0.000870378 2.07001 1.75022
-0.000854146 2.13123 1.80136
-0.000839172 2.19307 1.85289
-0.000824624 2.2556 1.90482
-0.000808857 2.31883 1.9572
-0.000792296 2.38278 2.01004
-0.000776104 2.44747 2.06335
-0.000760439 2.5129 2.11714
-0.0007449 2.57907 2.1714
-0.000728635 2.646 2.22611
-0.000712045 2.71371 2.28129
-0.000695152 2.78219 2.33691
-0.00067827 2.85144 2.39299
-0.000661544 2.92147 2.44953
-0.000645026 2.99227 2.50653
-0.000628465 3.06386 2.564
-0.000611908 3.13622 2.62194
-0.000595359 3.20936 2.68034
-0.000578833 3.28328 2.7392
-0.000562456 3.35797 2.79853
-0.00054605 3.43342 2.85831
-0.000529682 3.50963 2.91855
-0.000513346 3.58659 2.97923
-0.000497171 3.66429 3.04037
-0.000481223 3.74272 3.10194
-0.000465497 3.82185 3.16395
-0.000450112 3.90168 3.22639
-0.000435248 3.98219 3.28925
-0.000420842 4.06336 3.35252
-0.000406946 4.14516 3.4162
-0.000393609 4.22758 3.48027
-0.000380798 4.31058 3.54473
-0.000368574 4.39415 3.60956
-0.000356909 4.47825 3.67477
-0.000346145 4.56286 3.74033
-0.000336258 4.64796 3.80624
-0.000327548 4.7335 3.8725
-0.000319942 4.81948 3.9391
-0.000313354 4.90585 4.00602
-0.000307725 4.99259 4.07325
-0.000303015 5.07967 4.14077
-0.000299133 5.16707 4.20858
-0.000296108 5.25477 4.27665
-0.000293988 5.34274 4.34498
-0.000292728 5.43096 4.41355
-0.000292122 5.51942 4.48236
-0.000292309 5.60809 4.5514
-0.000292891 5.69694 4.62067
-0.000294363 5.78596 4.69014
-0.000296776 5.87514 4.75984
-0.000299591 5.96449 4.82978
-0.000303021 6.05395 4.8999
-0.000307219 6.14349 4.9702
-0.000312143 6.23311 5.04068
-0.000317861 6.32278 5.11132
-0.000324408 6.41248 5.18213
-0.000331744 6.50221 5.25309
-0.00033961 6.59195 5.32421
-0.000348127 6.68169 5.39549
-0.000357551 6.77142 5.46691
-0.000367902 6.86113 5.53846
-0.000379658 6.95081 5.61013
-0.000392584 7.04051 5.68187
-0.000406278 7.13017 5.75371
-0.000420865 7.21981 5.82565
-0.000436675 7.30942 5.89768
-0.00045366 7.39899 5.96981
-0.000470948 7.48851 6.04203
-0.000488988 7.578 6.11433
-0.000507606 7.66741 6.18672
-0.000526827 7.75672 6.25921
-0.00054635 7.84594 6.33179
-0.000566815 7.93506 6.40448
-0.000547755 7.89283 6.36365
-0.000517761 7.82939 6.30237
-0.000498018 7.78702 6.26147
-0.000478156 7.74456 6.22052
-0.0004586 7.70199 6.17951
-0.000439049 7.65929 6.13843
-0.000419588 7.61645 6.09726
-0.000400107 7.57344 6.056
-0.000379831 7.53024 6.01463
-0.000359742 7.48682 5.97315
-0.000341113 7.44317 5.93155
-0.000324748 7.39921 5.88984
-0.000307889 7.35497 5.84799
-0.000293542 7.31041 5.80601
-0.00027938 7.26554 5.76386
-0.000266134 7.22035 5.7215
-0.000254004 7.17482 5.67893
-0.000242089 7.1289 5.63615
-0.000229524 7.08254 5.59317
-0.000217922 7.03575 5.54994
-0.000206038 6.98849 5.50645
-0.000194171 6.94073 5.46266
-0.000183479 6.89237 5.41859
-0.00017223 6.8433 5.37423
-0.000161148 6.79365 5.32949
-0.000149758 6.74333 5.28435
-0.000137743 6.69226 5.23874
-0.000128876 6.64024 5.19271
-0.000120314 6.58733 5.14604
-0.000113003 6.53342 5.09863
-0.00010827 6.47828 5.05044
-0.00010768 6.42163 5.00136
-0.000107702 6.36326 4.95114
-0.000103034 6.30289 4.89954
-9.26436e-05 6.24019 4.84629
-6.68819e-05 6.17487 4.79112
-1.82933e-05 6.10672 4.73394
5.74804e-05 6.03583 4.67497
0.000157356 5.96226 4.61443
0.000288598 5.88588 4.55291
0.000364996 5.80696 4.49176
0.000407789 5.72689 4.43203
0.000469402 5.64652 4.37453
0.000532957 5.56524 4.31808
0.000581896 5.48299 4.2624
0.000595697 5.40006 4.20654
0.00060037 5.31573 4.15223
0.000613546 5.23118 4.09863
0.000617596 5.14529 4.04696
0.000615576 5.05862 3.99559
0.00058621 4.9718 3.94426
0.000548546 4.88493 3.89286
0.000537615 4.79757 3.84158
0.000548346 4.71009 3.79044
0.000543498 4.62219 3.7392
0.000510416 4.53401 3.68788
0.000456657 4.44575 3.63646
0.000391078 4.35745 3.58494
0.000317958 4.26924 3.53336
0.000235615 4.181 3.48181
0.000137678 4.09205 3.43065
4.56947e-05 4.00305 3.37952
-4.36073e-05 3.91409 3.32835
-0.000130467 3.8252 3.27715
-0.00021424 3.73641 3.22592
-0.0002947 3.64767 3.17465
-0.000371447 3.55896 3.12334
-0.000445027 3.47033 3.072
-0.000515326 3.38171 3.02061
-0.000582523 3.29308 2.96917
-0.000646932 3.20442 2.91765
-0.000708791 3.11571 2.86606
-0.000768414 3.02693 2.81439
-0.000826073 2.93807 2.76263
-0.000882001 2.8491 2.71077
-0.000936365 2.76001 2.65881
-0.000989364 2.67079 2.60675
-0.0010411 2.58143 2.55459
-0.00109191 2.49194 2.50231
-0.00114167 2.40229 2.44993
-0.00119064 2.31248 2.39744
-0.00123881 2.22251 2.34484
-0.00128636 2.13237 2.29212
-0.00131982 2.04173 2.23946
-0.0013343 1.95041 2.18693
-0.00134703 1.8588 2.13435
-0.0013623 1.7669 2.08173
-0.00138477 1.67469 2.02909
-0.0014102 1.58224 1.97638
-0.00143811 1.48959 1.92359
-0.00146613 1.39677 1.8707
-0.00149394 1.30379 1.81772
-0.00152332 1.21062 1.76465
-0.00155305 1.11728 1.7115
-0.00158257 1.02379 1.65826
-0.00161184 0.930137 1.60494
-0.00164111 0.836338 1.55154
-0.00167068 0.742387 1.49806
-0.00170076 0.64829 1.44452
-0.00173094 0.554052 1.39091
-0.00176114 0.459677 1.33723
-0.00179139 0.365172 1.28349
-0.00182176 0.270536 1.2297
-0.00185234 0.175775 1.17585
-0.00188303 0.0808949 1.12195
-0.00191389 -0.0141023 1.068
-0.00194494 -0.109213 1.01401
-0.00197613 -0.204432 0.959979
-0.00200735 -0.29976 0.905909
-0.00203301 -0.395381 0.851896
-0.00203997 -0.491849 0.798235
-0.00204451 -0.588547 0.744609
-0.00205445 -0.685406 0.691003
-0.00206928 -0.782392 0.637393
-0.00208461 -0.879499 0.583772
-0.00210046 -0.976721 0.530141
-0.00211671 -1.07405 0.476498
-0.00213352 -1.17148 0.422848
-0.00215099 -1.26901 0.369194
-0.00215166 -1.36749 0.31625
-0.00213968 -1.46706 0.264105
-0.00212811 -1.56686 0.212051
-0.00211984 -1.66691 0.160149
-0.00211707 -1.76721 0.108383
-0.0021162 -1.86766 0.0566388
-0.0020801 -1.96765 0.00906912
-0.00197549 -2.05482 -0.0233223
-0.00185503 -2.12456 -0.0375462
-0.00176434 -2.18935 -0.0462902
-0.00170274 -2.25218 -0.0529495
-0.00165977 -2.31476 -0.0588224
-0.00162526 -2.37771 -0.0642895
-0.0015954 -2.44122 -0.0695417
-0.00156735 -2.50535 -0.0746477
-0.00154063 -2.57011 -0.0796041
-0.00151537 -2.63551 -0.0844092
-0.00149107 -2.70156 -0.0890742
-0.00146711 -2.76826 -0.0936178
-0.00144287 -2.83561 -0.0980447
-0.00141833 -2.90363 -0.102356
-0.00139399 -2.9723 -0.10655
-0.00136993 -3.04165 -0.110619
-0.00134617 -3.11167 -0.114564
-0.00132304 -3.18237 -0.118383
-0.00130036 -3.25376 -0.122074
-0.00127796 -3.32585 -0.125654
-0.0012558 -3.39865 -0.129131
-0.00123393 -3.47216 -0.132512
-0.00121244 -3.54638 -0.135796
-0.00119117 -3.62131 -0.138986
-0.00117007 -3.69694 -0.142079
-0.00114912 -3.77328 -0.145076
-0.00112846 -3.85031 -0.147977
-0.00110829 -3.92803 -0.150783
-0.00108859 -4.00642 -0.153493
-0.00106942 -4.08548 -0.156109
-0.00105093 -4.16519 -0.158631
-0.0010328 -4.24553 -0.161061
-0.00101575 -4.32649 -0.163399
-0.000999467 -4.40804 -0.165647
-0.000983971 -4.49017 -0.167806
-0.000969236 -4.57286 -0.169879
-0.000955249 -4.65607 -0.171866
-0.000942157 -4.73979 -0.173771
-0.00092998 -4.82399 -0.175595
-0.000918737 -4.90864 -0.177341
-0.000908502 -4.99372 -0.17901
-0.000899315 -5.0792 -0.180604
-0.000891165 -5.16505 -0.182123
-0.000884053 -5.25125 -0.183566
-0.000877881 -5.33777 -0.184931
-0.000872739 -5.42457 -0.186225
-0.000868681 -5.51164 -0.187448
-0.000865614 -5.59895 -0.188601
-0.000863371 -5.68647 -0.189684
-0.000861661 -5.77418 -0.190686
-0.000860356 -5.86205 -0.191627
-0.000860335 -5.95007 -0.192517
-0.000861125 -6.03821 -0.193359
-0.000862565 -6.12646 -0.194158
-0.000864841 -6.2148 -0.194918
-0.000868057 -6.30322 -0.195645
-0.000872309 -6.3917 -0.196355
-0.000876431 -6.48023 -0.197059
-0.00088054 -6.56881 -0.197747
-0.000885151 -6.65747 -0.198463
-0.00089085 -6.74617 -0.199182
-0.000897483 -6.83489 -0.199881
-0.000904636 -6.9236 -0.200583
-0.000912909 -7.01241 -0.201341
-0.000921074 -7.10129 -0.202117
-0.000929788 -7.19018 -0.202856
-0.000939347 -7.27907 -0.203581
-0.000949608 -7.36795 -0.204318
-0.000960645 -7.45678 -0.205043
-0.000972608 -7.54553 -0.205753
-0.000984859 -7.63419 -0.206447
-0.000997735 -7.72275 -0.207127
-0.00101156 -7.81121 -0.207795
-0.00102591 -7.89957 -0.208454
-0.00104066 -7.98783 -0.209103
-0.00102103 -7.94559 -0.202616
-0.00099223 -7.88217 -0.192889
-0.000973554 -7.83981 -0.18641
-0.000954281 -7.79735 -0.17993
-0.00093405 -7.75476 -0.173434
-0.000913777 -7.71205 -0.166946
-0.000893414 -7.66918 -0.160469
-0.000872391 -7.62615 -0.154004
-0.000852664 -7.58289 -0.14748
-0.000835328 -7.53938 -0.140922
-0.000820125 -7.49559 -0.134325
-0.000805054 -7.45154 -0.127718
-0.000790487 -7.40722 -0.121104
-0.000778148 -7.36261 -0.114468
-0.000766385 -7.31767 -0.107801
-0.000754217 -7.27238 -0.101124
-0.000741052 -7.22672 -0.0944237
-0.000727098 -7.18068 -0.0877513
-0.000714332 -7.13425 -0.0811122
-0.000702034 -7.0874 -0.0745079
-0.000689651 -7.04009 -0.0679243
-0.000677839 -6.99226 -0.0613479
-0.000663779 -6.9437 -0.0545839
-0.000649213 -6.89452 -0.0478037
-0.000637892 -6.84474 -0.0410326
-0.000626814 -6.79412 -0.0340417
-0.000613469 -6.74272 -0.0269576
-0.000599519 -6.6905 -0.0198825
-0.000587346 -6.63731 -0.0127309
-0.000580952 -6.583 -0.00540962
-0.000575278 -6.52734 0.00206283
-0.000571071 -6.47012 0.0096701
-0.000564034 -6.41102 0.0175478
-0.000547316 -6.34978 0.0256813
-0.000511007 -6.28599 0.0340983
-0.000453337 -6.21934 0.0427115
-0.000377574 -6.14973 0.0517722
-0.000284815 -6.07729 0.0615772
-0.000150363 -6.00185 0.0742578
1.08781e-05 -5.92461 0.0889399
0.000121186 -5.84618 0.105859
0.000182318 -5.76742 0.125256
0.000189365 -5.68788 0.146266
0.000163038 -5.608 0.168138
0.000164786 -5.5281 0.190745
0.000164421 -5.44666 0.214686
0.000166954 -5.36448 0.238732
0.000187826 -5.27982 0.263907
0.000192957 -5.19405 0.28938
0.000164207 -5.108 0.314895
0.000121758 -5.02168 0.340305
6.70472e-05 -4.9352 0.365585
5.03036e-06 -4.84858 0.390697
-6.44044e-05 -4.76181 0.415612
-0.000146342 -4.67475 0.440358
-0.000254208 -4.58705 0.46509
-0.000372309 -4.49913 0.489639
-0.000496089 -4.41114 0.513927
-0.000614378 -4.3231 0.537978
-0.000723829 -4.23508 0.561782
-0.000822066 -4.14712 0.585317
-0.000911789 -4.05922 0.60858
-0.0009944 -3.97137 0.631582
-0.00107151 -3.88351 0.654347
-0.00114404 -3.79565 0.676878
-0.00121256 -3.70779 0.699179
-0.00127732 -3.61991 0.721259
-0.00133865 -3.53201 0.743124
-0.00139702 -3.44408 0.764781
-0.00145278 -3.35611 0.786242
-0.00150639 -3.26807 0.807518
-0.00155807 -3.17996 0.828617
-0.00160808 -3.09177 0.849549
-0.00165675 -3.00348 0.870322
-0.00170409 -2.91508 0.890948
-0.00175066 -2.82655 0.911433
-0.00179616 -2.73789 0.931789
-0.00184107 -2.64909 0.952019
-0.00188532 -2.56015 0.972132
-0.00192891 -2.47105 0.992136
-0.0019721 -2.38181 1.01204
-0.00201477 -2.2924 1.03184
-0.00205712 -2.20283 1.05155
-0.0020992 -2.1131 1.07118
-0.00214065 -2.0232 1.09072
-0.00218231 -1.93313 1.11019
-0.00222403 -1.8429 1.12959
-0.00226542 -1.75251 1.14893
-0.00230634 -1.66195 1.1682
-0.00234241 -1.57111 1.18743
-0.00235757 -1.47955 1.20668
-0.00236856 -1.38768 1.2259
-0.00237777 -1.29558 1.24508
-0.00238633 -1.20329 1.26422
-0.00239508 -1.11081 1.28332
-0.00240407 -1.01816 1.30239
-0.0024137 -0.925328 1.32143
-0.00242425 -0.832321 1.34045
-0.00243604 -0.739132 1.35944
-0.00244967 -0.645755 1.37841
-0.00246605 -0.552188 1.39738
