-7.8414e-07 2.35688e-09 -0.0406294
2.21162e-07 0.135696 -0.00307889
-5.08001e-05 0.294429 0.0528062
-8.07924e-06 0.447927 0.11645
2.58342e-06 0.596128 0.182046
7.28961e-06 0.740507 0.248228
8.72956e-06 0.882287 0.314507
8.81772e-06 1.02224 0.3807
8.43984e-06 1.16095 0.446776
8.71222e-06 1.29876 0.512741
9.67786e-06 1.43591 0.5786
1.12089e-05 1.5726 0.64438
1.36077e-05 1.70893 0.710095
1.64702e-05 1.845 0.775753
1.98184e-05 1.98085 0.841362
2.42226e-05 2.11655 0.906927
2.87012e-05 2.25213 0.97246
3.40071e-05 2.38762 1.03796
3.96721e-05 2.52305 1.10344
4.594e-05 2.65846 1.16889
5.28708e-05 2.79391 1.23432
4.61744e-05 2.65895 1.16829
4.02437e-05 2.52393 1.10227
3.48294e-05 2.38884 1.03624
2.96653e-05 2.25365 0.970207
2.54448e-05 2.11836 0.904174
2.13631e-05 1.98293 0.838131
1.81754e-05 1.84731 0.772075
1.5658e-05 1.71147 0.705993
1.35917e-05 1.57534 0.639882
1.21599e-05 1.43882 0.573731
1.15736e-05 1.30179 0.507532
1.18048e-05 1.16406 0.441264
1.22289e-05 1.02537 0.374907
1.2318e-05 0.885354 0.308488
1.07968e-05 0.743403 0.242045
5.84296e-06 0.598706 0.175796
-6.44002e-06 0.450064 0.110317
-5.35355e-05 0.296038 0.0470996
9.29524e-06 0.1384 -0.0067731
8.96367e-06 0.00357208 -0.0443516
-4.03032e-06 -0.138484 -0.0791867
-3.87527e-05 -0.29518 -0.101384
-6.45954e-06 -0.448179 -0.117763
2.54555e-06 -0.596222 -0.131618
7.18179e-06 -0.740538 -0.144095
8.68765e-06 -0.882288 -0.155734
8.79622e-06 -1.02223 -0.166824
8.42886e-06 -1.16093 -0.177552
8.70861e-06 -1.29873 -0.188021
9.67508e-06 -1.43588 -0.19831
1.12057e-05 -1.57256 -0.208469
1.36054e-05 -1.7089 -0.218529
1.64684e-05 -1.84496 -0.228519
1.98168e-05 -1.98081 -0.238455
2.42209e-05 -2.11652 -0.248358
2.86999e-05 -2.2521 -0.258231
3.40058e-05 -2.38761 -0.268087
3.96711e-05 -2.52306 -0.27793
4.5939e-05 -2.65854 -0.287765
3.99473e-05 -2.52351 -0.278565
3.4525e-05 -2.38843 -0.269333
2.93927e-05 -2.25324 -0.260064
2.51848e-05 -2.11795 -0.250748
2.10625e-05 -1.98252 -0.241373
1.79125e-05 -1.84691 -0.231928
1.53505e-05 -1.71108 -0.222402
1.32768e-05 -1.57495 -0.212768
1.18598e-05 -1.43844 -0.203006
1.11884e-05 -1.30142 -0.193068
1.143e-05 -1.16371 -0.182903
1.18187e-05 -1.02504 -0.172435
1.19054e-05 -0.885058 -0.16154
1.03356e-05 -0.743164 -0.150016
5.55625e-06 -0.59858 -0.137551
-4.2278e-06 -0.450163 -0.123556
-4.40989e-05 -0.29683 -0.106785
1.2722e-05 -0.140159 -0.0837817
1.80324e-05 0.000249753 -0.0484469
1.44602e-05 0.140111 -0.00872621
-4.55165e-05 0.296943 0.047342
-4.18384e-06 0.450339 0.110419
5.81843e-06 0.598807 0.175841
1.06386e-05 0.743434 0.242063
1.22192e-05 0.885355 0.308494
1.21546e-05 1.02536 0.374908
1.17443e-05 1.16404 0.441262
1.15182e-05 1.30177 0.507529
1.21172e-05 1.43879 0.573727
1.35468e-05 1.57531 0.639879
1.56137e-05 1.71145 0.70599
1.81376e-05 1.84729 0.772072
2.13206e-05 1.9829 0.838129
2.54088e-05 2.11833 0.904172
2.96228e-05 2.25363 0.970207
3.47875e-05 2.38884 1.03624
4.02065e-05 2.52397 1.10227
4.61431e-05 2.65911 1.1683
5.28354e-05 2.79434 1.23435
5.99217e-05 2.93023 1.29979
6.74858e-05 3.06683 1.36527
7.54441e-05 3.20495 1.43082
8.41249e-05 3.34608 1.49657
9.34569e-05 3.49231 1.56266
0.000103362 3.64506 1.62924
0.000113535 3.80447 1.69638
0.000124435 3.97004 1.7641
0.000135841 4.1412 1.83242
0.00014772 4.31715 1.90124
0.00016041 4.49743 1.9706
0.000173755 4.68133 2.04039
0.000187784 4.86842 2.11059
0.000202403 5.0582 2.18114
0.00021757 5.25022 2.25199
0.00023327 5.44431 2.32315
0.000249476 5.63994 2.39453
0.000266162 5.8369 2.46613
0.000283405 6.03519 2.53796
0.000268687 5.90047 2.47189
0.000254902 5.76574 2.40582
0.000241858 5.63099 2.33976
0.000228627 5.49622 2.27369
0.000215695 5.36143 2.20762
0.000202677 5.22659 2.14155
0.000190717 5.09171 2.07548
0.000179537 4.95677 2.00941
0.000168614 4.82176 1.94334
0.000158098 4.68667 1.87726
0.000147857 4.55148 1.81116
0.0001384 4.41617 1.74506
0.00012951 4.28072 1.67895
0.000120813 4.1451 1.61282
0.000113064 4.00929 1.54667
0.000105437 3.87323 1.48049
9.89934e-05 3.73688 1.41429
9.30032e-05 3.60018 1.34805
8.73923e-05 3.46304 1.28174
8.2741e-05 3.32537 1.21536
7.88301e-05 3.18704 1.1489
7.54861e-05 3.04786 1.08232
7.3232e-05 2.90757 1.01559
7.10805e-05 2.76584 0.948671
6.84564e-05 2.62216 0.881563
6.44579e-05 2.4758 0.814261
5.76992e-05 2.32575 0.746867
4.71697e-05 2.17059 0.679641
1.68728e-05 2.0085 0.613048
2.81574e-06 1.83775 0.547586
8.78804e-05 1.65806 0.483984
9.13702e-05 1.47263 0.422222
8.07324e-05 1.28538 0.361097
6.9704e-05 1.09711 0.30025
5.93164e-05 0.907906 0.239981
3.98148e-05 0.718695 0.181438
-1.8103e-05 0.531226 0.126249
-4.75392e-05 0.345871 0.0769131
-2.01123e-05 0.15635 0.0374807
-3.04944e-06 -0.0250978 0.00482114
4.66735e-06 -0.203272 -0.0264161
9.98914e-06 -0.37955 -0.057297
1.40628e-05 -0.554746 -0.088254
1.6992e-05 -0.719446 -0.11291
1.80759e-05 -0.870637 -0.129483
1.72165e-05 -1.01199 -0.140653
1.62013e-05 -1.15145 -0.151157
1.58609e-05 -1.28965 -0.161249
1.64889e-05 -1.42703 -0.171108
1.7682e-05 -1.56386 -0.180813
1.96523e-05 -1.70029 -0.190405
2.21756e-05 -1.83641 -0.199912
2.52248e-05 -1.9723 -0.209343
2.93138e-05 -2.10804 -0.218721
3.34885e-05 -2.24371 -0.22805
3.8516e-05 -2.37944 -0.237327
4.38053e-05 -2.5154 -0.246542
4.99957e-05 -2.65196 -0.255705
5.68365e-05 -2.78976 -0.264963
6.37874e-05 -2.93036 -0.27402
7.12636e-05 -3.07527 -0.282708
7.91167e-05 -3.22536 -0.290936
8.74817e-05 -3.38105 -0.298652
9.66532e-05 -3.54246 -0.305824
0.000106388 -3.7094 -0.312456
0.000116729 -3.88087 -0.31868
0.000127335 -4.05565 -0.324585
0.000138599 -4.23342 -0.330188
0.000150469 -4.41384 -0.335516
0.000162757 -4.59673 -0.340585
0.00017545 -4.78188 -0.345405
0.000188871 -4.96911 -0.349966
0.000202829 -5.15827 -0.354276
0.000217439 -5.34919 -0.358336
0.000232633 -5.54168 -0.362177
0.000248361 -5.73559 -0.365819
0.000264621 -5.93076 -0.36926
0.00028138 -6.127 -0.372539
0.000267013 -5.99224 -0.363508
0.000253498 -5.85746 -0.35446
0.000240144 -5.72266 -0.345407
0.000226885 -5.58783 -0.336349
0.000213561 -5.45296 -0.327285
0.000200964 -5.31804 -0.318216
0.000189456 -5.18306 -0.30913
0.000177999 -5.04801 -0.300032
0.000167255 -4.91287 -0.290926
0.000156499 -4.77759 -0.281763
0.000146523 -4.64213 -0.272547
0.000137393 -4.50653 -0.26331
0.000128233 -4.37076 -0.254053
0.000120063 -4.23479 -0.244772
0.000112087 -4.09858 -0.235466
0.000105057 -3.96209 -0.226127
9.81621e-05 -3.82524 -0.216743
9.21757e-05 -3.68797 -0.207305
8.70133e-05 -3.55019 -0.197801
8.26465e-05 -3.41175 -0.188191
7.89108e-05 -3.27251 -0.178469
7.57825e-05 -3.13221 -0.16858
7.3261e-05 -2.99053 -0.158472
7.03235e-05 -2.84696 -0.148002
6.62965e-05 -2.70095 -0.137165
5.99174e-05 -2.55163 -0.125823
5.09791e-05 -2.39763 -0.113719
3.45886e-05 -2.23738 -0.100665
-7.68095e-06 -2.06917 -0.0864811
4.29582e-05 -1.89244 -0.0710833
8.58274e-05 -1.70826 -0.0545556
8.72785e-05 -1.51605 -0.0310353
8.54061e-05 -1.31781 -0.00122909
8.19716e-05 -1.11865 0.0322054
8.0852e-05 -0.919121 0.0671863
8.05847e-05 -0.719148 0.102417
7.74709e-05 -0.518988 0.137713
6.32696e-05 -0.319081 0.173261
3.18781e-05 -0.120188 0.209376
-1.39036e-05 0.0767274 0.246425
-2.11198e-05 0.271666 0.284098
7.18867e-06 0.461879 0.325508
2.54973e-05 0.647429 0.369874
3.43899e-05 0.830474 0.414775
3.97944e-05 1.01193 0.459544
4.47472e-05 1.19259 0.503864
4.8947e-05 1.37299 0.547506
5.25117e-05 1.55365 0.590352
5.55195e-05 1.72468 0.639723
5.76883e-05 1.8859 0.695557
5.78924e-05 2.03127 0.761192
5.83779e-05 2.17485 0.827379
5.99131e-05 2.31758 0.893759
6.23367e-05 2.45997 0.960204
6.54296e-05 2.60236 1.02667
6.91785e-05 2.74498 1.09314
7.3466e-05 2.88797 1.15963
7.86979e-05 3.03146 1.22615
8.4412e-05 3.17557 1.29271
9.06567e-05 3.32041 1.35933
9.72638e-05 3.46609 1.42601
0.000104822 3.61272 1.49276
0.000112474 3.76044 1.55959
0.000120858 3.90938 1.62651
0.000129795 4.05968 1.69353
0.000139322 4.2115 1.76068
0.000149012 4.36505 1.82796
0.000159444 4.52051 1.8954
0.000170136 4.67812 1.96303
0.000181238 4.83812 2.03085
0.000193411 5.00075 2.09892
0.00020613 5.16623 2.16725
0.000219324 5.33474 2.23586
0.000232801 5.50639 2.30476
0.000246843 5.68107 2.37398
0.000261287 5.85873 2.44353
0.00027601 6.03933 2.51343
0.000291378 6.2228 2.5837
0.0003073 6.40892 2.65431
0.00032388 6.5974 2.72525
0.000341059 6.78792 2.79647
0.000358803 6.98023 2.86797
0.000377142 7.17424 2.9398
0.000395996 7.36977 3.01179
0.000415471 7.56649 3.08399
0.000435487 7.76401 3.15634
0.000456055 7.96234 3.22885
0.00047714 8.16141 3.30148
0.000498714 8.3611 3.37425
0.000520769 8.5613 3.44715
0.000543305 8.76193 3.52018
0.000566319 8.96293 3.5933
0.000589809 9.16424 3.66653
0.000613763 9.36579 3.73987
0.000650557 9.66847 3.85008
0.000675644 9.87047 3.92368
0.000701122 10.0726 3.99737
0.000727005 10.2749 4.07114
0.00075332 10.4772 4.14499
0.000780071 10.6796 4.21891
0.00080726 10.8821 4.29291
0.000834882 11.0847 4.36699
0.00086294 11.2873 4.44114
0.000891435 11.4899 4.51535
0.000920367 11.6926 4.58964
0.000949727 11.8952 4.66399
0.000979519 12.0979 4.73839
0.00100975 12.3005 4.81286
0.0010404 12.5033 4.88744
0.00107148 12.706 4.96214
0.00110298 12.9088 5.03695
0.0011349 13.1115 5.11181
0.00116724 13.3143 5.18671
0.00120003 13.517 5.26167
0.00123323 13.7196 5.33668
0.00126684 13.9222 5.41174
0.00130088 14.1248 5.48686
0.00133535 14.3273 5.56202
0.00137025 14.5298 5.63723
0.00133782 14.3947 5.5715
0.00128989 14.192 5.47291
0.00125798 14.0568 5.40722
0.00122717 13.9213 5.34158
0.00119729 13.7857 5.27594
0.001168 13.65 5.21029
0.00113893 13.5141 5.14463
0.00110998 13.3781 5.07894
0.00108103 13.2418 5.01324
0.00105283 13.1053 4.94751
0.00102573 12.9685 4.88176
0.000998582 12.8314 4.81598
0.000972149 12.6941 4.75016
0.000945747 12.5564 4.6843
0.000920053 12.4183 4.61841
0.000895188 12.2797 4.5525
0.000870258 12.1407 4.48654
0.000845945 12.0012 4.42053
0.000822356 11.8612 4.35445
0.000798882 11.7205 4.28838
0.000776528 11.5792 4.22228
0.000754224 11.4371 4.15607
0.000732506 11.2943 4.08976
0.000711498 11.1505 4.02337
0.000691091 11.0058 3.95685
0.000671381 10.8599 3.89018
0.000652178 10.7128 3.82335
0.000633204 10.5641 3.7563
0.000614434 10.4138 3.68902
0.000595135 10.2613 3.62145
0.000574777 10.1061 3.55367
0.000552628 9.94778 3.48571
0.000528582 9.78564 3.41756
0.000502302 9.61911 3.34929
0.000467879 9.4476 3.28107
0.000415892 9.27089 3.21297
0.000405258 9.08934 3.14505
0.000437155 8.90337 3.07773
0.000444842 8.71392 3.01085
0.000438293 8.52244 2.94409
0.000421662 8.32929 2.87753
0.000402081 8.13468 2.8114
0.000382835 7.93917 2.74521
0.000364366 7.74249 2.67974
0.000347348 7.54493 2.61444
0.00032963 7.34648 2.54926
0.000311689 7.14451 2.4897
0.000290424 6.94127 2.43166
0.000265707 6.73775 2.37409
0.000238639 6.53418 2.31784
0.000210551 6.33062 2.26281
0.000177145 6.12748 2.20837
0.000140509 5.92487 2.15415
0.000111978 5.72313 2.10093
9.96042e-05 5.52184 2.04777
9.50939e-05 5.32106 1.99479
9.50076e-05 5.12085 1.94202
9.31539e-05 4.92112 1.88938
8.7834e-05 4.72185 1.83683
7.98816e-05 4.52299 1.78433
7.24068e-05 4.32437 1.73187
6.64519e-05 4.12559 1.67969
5.99999e-05 3.92697 1.62754
5.32998e-05 3.72839 1.57549
4.63998e-05 3.52985 1.52343
3.9828e-05 3.33133 1.47124
3.34806e-05 3.13277 1.41888
2.74698e-05 2.93418 1.36637
2.17217e-05 2.73548 1.31369
1.62696e-05 2.53664 1.26083
1.11425e-05 2.33763 1.20778
6.34809e-06 2.13841 1.15454
1.85144e-06 1.93898 1.10119
-1.49035e-06 1.73913 1.04793
-3.8961e-06 1.53885 0.994761
-5.9724e-06 1.33827 0.941462
-8.06859e-06 1.13735 0.888102
-1.00333e-05 0.936113 0.834625
-1.16663e-05 0.73456 0.780982
-1.29026e-05 0.532692 0.727154
-1.37921e-05 0.330496 0.673184
-1.376e-05 0.127915 0.619865
-1.32916e-05 -0.0750618 0.567056
-1.25244e-05 -0.278398 0.514316
-1.14942e-05 -0.482112 0.461498
-1.01361e-05 -0.686203 0.408523
-8.27099e-06 -0.890655 0.355414
-6.16182e-06 -1.09547 0.302166
-3.47684e-06 -1.30064 0.24879
-3.57476e-07 -1.50614 0.195295
3.12729e-06 -1.71198 0.141682
6.85864e-06 -1.91814 0.0879703
1.14634e-05 -2.12387 0.0357799
1.72574e-05 -2.32886 -0.0139676
2.32899e-05 -2.5342 -0.0635104
2.94252e-05 -2.73624 -0.109985
3.54323e-05 -2.89947 -0.127791
4.13356e-05 -3.05364 -0.139924
4.6859e-05 -3.20501 -0.150029
5.2634e-05 -3.35595 -0.159298
5.94109e-05 -3.50733 -0.168132
6.62022e-05 -3.65959 -0.176694
7.38026e-05 -3.81297 -0.185005
8.15562e-05 -3.96751 -0.193069
9.01843e-05 -4.12327 -0.200916
9.92076e-05 -4.28028 -0.20855
0.000108525 -4.43864 -0.215965
0.000118398 -4.59854 -0.223152
0.000128964 -4.76016 -0.230096
0.000140105 -4.92364 -0.236806
0.000151696 -5.08894 -0.243297
0.000163301 -5.25613 -0.249559
0.000175916 -5.42525 -0.255585
0.000188879 -5.59624 -0.261381
0.000202096 -5.76918 -0.266933
0.000215929 -5.94422 -0.272212
0.000230434 -6.12131 -0.277227
0.000245517 -6.30034 -0.281989
0.000261369 -6.48125 -0.286501
0.000277564 -6.66393 -0.290771
0.000294284 -6.84824 -0.294817
0.000311589 -7.03402 -0.298657
0.000329429 -7.22109 -0.302317
0.000347752 -7.40939 -0.305838
0.000366422 -7.59888 -0.309247
0.000385509 -7.78943 -0.312529
0.000405237 -7.98091 -0.315678
0.000425525 -8.17324 -0.318704
0.000446345 -8.36636 -0.321615
0.000467678 -8.56022 -0.324442
0.000489498 -8.75474 -0.327188
0.000511813 -8.94985 -0.329844
0.000534631 -9.1455 -0.332407
0.00055863 -9.34164 -0.334889
0.000582715 -9.53815 -0.337321
0.000607023 -9.73509 -0.339688
0.000631796 -9.93243 -0.341992
0.000657051 -10.1301 -0.344237
0.000682764 -10.3282 -0.346427
0.00070894 -10.5265 -0.34856
0.000735576 -10.7252 -0.350633
0.000762655 -10.9241 -0.352649
0.000790165 -11.1232 -0.354607
0.000818092 -11.3226 -0.356517
0.000846462 -11.5222 -0.35838
0.000875271 -11.722 -0.360199
0.000904519 -11.9219 -0.361978
0.000934202 -12.122 -0.363719
0.000964318 -12.3223 -0.365421
0.000994854 -12.5226 -0.367089
0.00102583 -12.7231 -0.368725
0.00105724 -12.9236 -0.370321
0.00108899 -13.1243 -0.37186
0.00112118 -13.325 -0.373337
0.00115381 -13.5258 -0.374782
0.00118688 -13.7267 -0.376205
0.00122038 -13.9276 -0.377603
0.00125431 -14.1285 -0.378976
0.00128867 -14.3295 -0.380326
0.00132348 -14.5304 -0.381652
0.00135871 -14.7314 -0.382947
0.00132617 -14.5962 -0.373449
0.00127704 -14.3931 -0.359154
0.0012454 -14.2577 -0.349617
0.00121475 -14.1221 -0.340083
0.00118477 -13.9864 -0.330527
0.00115505 -13.8505 -0.320965
0.00112543 -13.7145 -0.311419
0.00109576 -13.5783 -0.301882
0.00106674 -13.4417 -0.292255
0.00103895 -13.3048 -0.28261
0.00101101 -13.1677 -0.272968
0.000983829 -13.0303 -0.263299
0.00095672 -12.8924 -0.253636
0.00093015 -12.7543 -0.243991
0.000904573 -12.6157 -0.234368
0.000878824 -12.4767 -0.224726
0.000853652 -12.3371 -0.215093
0.000829286 -12.197 -0.205454
0.000805034 -12.0564 -0.195835
0.000781896 -11.9152 -0.186229
0.000758952 -11.7731 -0.176568
0.00073633 -11.6304 -0.16689
0.00071457 -11.4867 -0.157201
0.000693451 -11.342 -0.147413
0.000673019 -11.1962 -0.137595
0.000653035 -11.0489 -0.127509
0.000633439 -10.9 -0.117368
0.000613887 -10.7495 -0.107157
0.000593826 -10.5966 -0.0966757
0.000572648 -10.4411 -0.0858962
0.000549829 -10.2824 -0.0748879
0.00052546 -10.1198 -0.0634671
0.000499117 -9.95253 -0.0516287
0.000465068 -9.7801 -0.0393243
0.000414749 -9.60229 -0.02664
0.000406296 -9.41978 -0.0138961
0.000427703 -9.23278 -0.000395272
0.000430695 -9.042 0.0161128
0.000423641 -8.84944 0.0372282
0.000410123 -8.65546 0.0601579
0.000394941 -8.46109 0.084878
0.000377379 -8.26544 0.110833
0.000357853 -8.06892 0.137602
0.000339271 -7.87079 0.165746
0.000321624 -7.67133 0.194339
0.000304396 -7.47105 0.223015
0.000287191 -7.27034 0.251347
0.000269268 -7.06942 0.279461
0.000249602 -6.8683 0.307341
0.000229026 -6.66713 0.335106
0.000207172 -6.46579 0.36266
0.000184822 -6.26446 0.390116
0.00016183 -6.06303 0.41738
0.000138511 -5.86172 0.444596
0.000114214 -5.66052 0.471721
8.80457e-05 -5.45968 0.498917
6.46939e-05 -5.25901 0.526024
5.28902e-05 -5.0587 0.553151
4.89355e-05 -4.85848 0.580115
4.98467e-05 -4.65859 0.607086
4.98864e-05 -4.45879 0.633932
5.01799e-05 -4.25887 0.661032
4.74413e-05 -4.05898 0.688042
4.30371e-05 -3.8593 0.715135
3.82037e-05 -3.65954 0.742173
3.29282e-05 -3.46 0.769181
2.72111e-05 -3.26041 0.795984
2.18635e-05 -3.06099 0.822713
1.69143e-05 -2.86139 0.849196
1.2324e-05 -2.66186 0.875577
8.04005e-06 -2.4622 0.901757
4.03966e-06 -2.26244 0.927751
3.50125e-07 -2.06255 0.95356
-3.02628e-06 -1.8625 0.979185
-6.11629e-06 -1.66227 1.00462
-8.84802e-06 -1.46185 1.02988
-1.12366e-05 -1.26122 1.05495
-1.33368e-05 -1.06037 1.07985
-1.50517e-05 -0.859303 1.10458
-1.65667e-05 -0.658027 1.12913
-1.80262e-05 -0.456557 1.15352
-1.90939e-05 -0.254855 1.17774
-1.95312e-05 -0.0528453 1.20188
-1.87908e-05 0.149657 1.22607
-1.73959e-05 0.352521 1.25024
-1.5671e-05 0.555673 1.27433
-1.35531e-05 0.759097 1.2983
-1.10802e-05 0.962788 1.32215
-8.20864e-06 1.16673 1.34587
-4.86907e-06 1.37092 1.36947
-1.25781e-06 1.57537 1.39297
2.86159e-06 1.78013 1.41643
8.28757e-06 1.98549 1.44058
1.42114e-05 2.19124 1.4649
2.03962e-05 2.39729 1.48916
2.70213e-05 2.60362 1.51336
3.36734e-05 2.81024 1.53762
4.03833e-05 3.01714 1.56187
4.76231e-05 3.2243 1.58603
5.52554e-05 3.43171 1.61011
6.33805e-05 3.63929 1.6343
7.32009e-05 3.84602 1.66144
8.35926e-05 4.05295 1.68884
9.46806e-05 4.26017 1.7163
0.000106489 4.46171 1.74945
0.000118691 4.63148 1.80956
0.000130239 4.79566 1.87422
0.000141127 4.95652 1.9413
0.000152038 5.11711 2.00895
0.000163181 5.27828 2.07679
0.000175154 5.4402 2.14476
0.000187179 5.60298 2.21284
0.000199977 5.76664 2.28109
0.000213242 5.93122 2.3495
0.000226979 6.09672 2.41807
0.000240966 6.26318 2.48681
0.000255844 6.43061 2.55572
0.000271074 6.59903 2.62477
0.000286609 6.76845 2.69395
0.000302432 6.9389 2.76327
0.000319118 7.11036 2.83271
0.000336176 7.28284 2.90229
0.000353768 7.45634 2.97201
0.00037167 7.63089 3.04188
0.000390091 7.80646 3.11188
0.000408783 7.98305 3.18202
0.000428159 8.16068 3.2523
0.000448037 8.33933 3.32272
0.000467992 8.519 3.39327
0.000488504 8.69967 3.46397
0.000509615 8.88134 3.5348
0.000531323 9.06399 3.60578
0.000553546 9.24761 3.67689
0.000576204 9.43219 3.74813
0.000599414 9.61769 3.81951
0.000622871 9.8041 3.89102
0.000646661 9.99139 3.96266
0.000670901 10.1795 4.03444
0.000695612 10.3685 4.10634
0.00072078 10.5583 4.17837
0.000746325 10.7489 4.25052
0.000772157 10.9402 4.3228
0.000798462 11.1322 4.39521
0.000825207 11.3249 4.46773
0.000852366 11.5183 4.54039
0.000879976 11.7123 4.61317
0.00090804 11.9068 4.68607
0.00093654 12.1019 4.75908
0.000965473 12.2976 4.83221
0.000994837 12.4937 4.90544
0.00102467 12.6902 4.97878
0.00105496 12.8872 5.05222
0.00108571 13.0846 5.12575
0.00111692 13.2824 5.19938
0.00114862 13.4805 5.27311
0.00118078 13.6789 5.34694
0.00121336 13.8776 5.42086
0.00124638 14.0767 5.49489
0.00127983 14.276 5.56903
0.00131368 14.4755 5.64327
0.00134796 14.6753 5.71758
0.00138267 14.8752 5.79197
0.00141781 15.0753 5.86644
0.00145338 15.2756 5.94099
0.00148937 15.476 6.0156
0.0015258 15.6765 6.09031
0.00156257 15.8772 6.1651
0.00159974 16.0779 6.23995
0.00163735 16.2787 6.31487
0.00167538 16.4796 6.38984
0.00171384 16.6807 6.46479
0.00175275 16.8818 6.53978
0.00179207 17.083 6.61481
0.00183182 17.2842 6.68987
0.001872 17.4855 6.76497
0.00191263 17.6869 6.84011
0.00195372 17.8883 6.91528
0.00199527 18.0897 6.99048
0.00203734 18.2912 7.06574
0.00207999 18.4926 7.14105
0.00212326 18.694 7.21643
0.00208217 18.5584 7.15117
0.00202105 18.3549 7.0533
0.00198037 18.2191 6.98804
0.00194078 18.0832 6.92277
0.00190214 17.9471 6.85749
0.00186415 17.8109 6.79218
0.00182619 17.6744 6.72685
0.00178853 17.5378 6.6615
0.00175082 17.4008 6.59613
0.00171378 17.2636 6.53074
0.00167786 17.126 6.46532
0.00164171 16.988 6.39992
0.00160632 16.8496 6.33451
0.00157098 16.7107 6.26911
0.00153614 16.5714 6.20367
0.00150219 16.4316 6.13816
0.00146816 16.2913 6.07258
0.0014345 16.1505 6.00696
0.00140175 16.009 5.94134
0.0013691 15.8668 5.87566
0.00133733 15.724 5.80991
0.00130565 15.5803 5.74407
0.00127462 15.4358 5.67818
0.00124418 15.2902 5.61228
0.00121416 15.1436 5.54625
0.00118464 14.9959 5.48011
0.00115567 14.8469 5.41382
0.00112704 14.6964 5.34749
0.00109843 14.5442 5.28089
0.00106935 14.3903 5.21402
0.00103939 14.234 5.14695
0.00100778 14.075 5.07977
0.000974344 13.9129 5.01243
0.000939482 13.7471 4.94498
0.000902311 13.5773 4.87752
0.000858903 13.4031 4.81013
0.000800255 13.2246 4.74287
0.000765074 13.0423 4.67579
0.000770303 12.8564 4.60914
0.000768183 12.6672 4.54338
0.000758917 12.4754 4.47924
0.000741531 12.2823 4.41723
0.000722198 12.0883 4.35788
0.000702324 11.8935 4.29982
0.000681696 11.6976 4.24262
0.000659001 11.5012 4.18525
0.000635772 11.3034 4.12954
0.000612958 11.1052 4.0746
0.000590522 10.9057 4.02176
0.000568069 10.7055 3.96924
0.000543386 10.505 3.91675
0.000518261 10.3045 3.8642
0.000495411 10.1035 3.81184
0.000473286 9.90243 3.7597
0.000449522 9.70103 3.70745
0.000423061 9.49941 3.65507
0.000396004 9.29774 3.60257
0.000368218 9.09608 3.54996
0.000338921 8.89455 3.4973
0.000308239 8.6931 3.44468
0.00027795 8.49129 3.39241
0.000255445 8.28956 3.34017
0.000242735 8.08798 3.28788
0.000233231 7.88655 3.23556
0.000226303 7.68533 3.18322
0.00021807 7.48426 3.13084
0.000208329 7.28333 3.07843
0.000196246 7.0826 3.02601
0.00018318 6.88201 2.97355
0.000170468 6.68152 2.92105
0.000157833 6.4811 2.8685
0.000144966 6.28075 2.81591
0.000132187 6.08044 2.76325
0.000119922 5.88013 2.71053
0.000108089 5.6798 2.65773
9.67265e-05 5.47941 2.60486
8.57517e-05 5.27897 2.5519
7.51287e-05 5.07846 2.49887
6.48874e-05 4.87785 2.44575
5.50474e-05 4.67714 2.39254
4.55745e-05 4.47631 2.33925
3.649e-05 4.27535 2.28586
2.77604e-05 4.07424 2.23239
1.98796e-05 3.87278 2.17897
1.32382e-05 3.67086 2.1257
6.95038e-06 3.4687 2.07239
9.65016e-07 3.26631 2.01905
-4.9334e-06 3.06366 1.96572
-1.05154e-05 2.86081 1.91233
-1.58365e-05 2.65776 1.85888
-2.07313e-05 2.45454 1.80534
-2.52168e-05 2.25114 1.75173
-2.93334e-05 2.04756 1.69805
-3.31281e-05 1.84379 1.64429
-3.64325e-05 1.63985 1.59047
-3.93526e-05 1.43574 1.53658
-4.17377e-05 1.23146 1.48262
-4.38576e-05 1.02702 1.42859
-4.55389e-05 0.822411 1.37451
-4.67085e-05 0.617643 1.32037
-4.75206e-05 0.412717 1.26618
-4.79156e-05 0.207645 1.21195
-4.78512e-05 0.00241869 1.15766
-4.7387e-05 -0.202953 1.10333
-4.64259e-05 -0.408465 1.04895
-4.51408e-05 -0.614115 0.994544
-4.3331e-05 -0.8199 0.940099
-4.10978e-05 -1.02581 0.885623
-3.8465e-05 -1.23186 0.831116
-3.52559e-05 -1.43815 0.77667
-3.09446e-05 -1.64501 0.722572
-2.60176e-05 -1.85207 0.668515
-2.089e-05 -2.05929 0.614485
-1.55139e-05 -2.26665 0.56046
-9.6832e-06 -2.47414 0.506431
-3.63835e-06 -2.68176 0.452398
2.8433e-06 -2.88951 0.39836
9.82091e-06 -3.09738 0.344322
1.72433e-05 -3.30535 0.290286
2.56756e-05 -3.5139 0.236947
3.48908e-05 -3.72309 0.184394
4.45549e-05 -3.93248 0.131936
5.43614e-05 -4.14206 0.0796306
6.44279e-05 -4.35183 0.027458
7.47924e-05 -4.56175 -0.0246871
8.65179e-05 -4.77001 -0.0727824
0.000100865 -4.96317 -0.106282
0.000114809 -5.13557 -0.122429
0.000128706 -5.30178 -0.13336
0.000141737 -5.46553 -0.14229
0.000154664 -5.62892 -0.150425
0.00016791 -5.7927 -0.158122
0.000181391 -5.95715 -0.165562
0.000195091 -6.12237 -0.172804
0.000209579 -6.28838 -0.179852
0.000224391 -6.4552 -0.186701
0.000239168 -6.62285 -0.193365
0.000254946 -6.79136 -0.199863
0.000271102 -6.96071 -0.206199
0.000287837 -7.13093 -0.212375
0.000304456 -7.30202 -0.21839
0.000321891 -7.474 -0.224237
0.000339925 -7.64688 -0.229917
0.000358377 -7.82065 -0.235426
0.000377192 -7.99534 -0.240768
0.000396532 -8.17097 -0.245955
0.000416053 -8.34753 -0.250995
0.000436101 -8.52503 -0.255896
0.00045685 -8.70349 -0.260659
0.000477897 -8.88288 -0.265284
0.00049915 -9.06322 -0.269771
0.000520955 -9.24449 -0.27412
0.000543414 -9.42669 -0.278331
0.000566365 -9.6098 -0.282406
0.000589792 -9.79382 -0.286347
0.000613653 -9.97873 -0.290155
0.000638132 -10.1645 -0.293832
0.000662746 -10.3511 -0.297377
0.000687736 -10.5386 -0.300796
0.000713182 -10.7269 -0.30409
0.000739075 -10.9159 -0.307262
0.000765418 -11.1057 -0.310314
0.000792144 -11.2962 -0.313249
0.000819158 -11.4875 -0.31607
0.000846616 -11.6794 -0.318781
0.000874529 -11.8719 -0.321385
0.00090289 -12.0651 -0.323885
0.000931707 -12.2588 -0.326283
0.000960952 -12.4531 -0.328581
0.000990628 -12.6478 -0.330779
0.00102074 -12.8431 -0.332876
0.00105129 -13.0389 -0.334878
0.00108231 -13.235 -0.336788
0.0011138 -13.4316 -0.338608
0.00114571 -13.6285 -0.340339
0.00117818 -13.8257 -0.341968
0.00121111 -14.0233 -0.343518
0.00124447 -14.2212 -0.345002
0.00127827 -14.4193 -0.346421
0.00131251 -14.6177 -0.347782
0.00134719 -14.8163 -0.349089
0.00138227 -15.0151 -0.35035
0.00141778 -15.2141 -0.351581
0.00145375 -15.4133 -0.352792
0.00149017 -15.6126 -0.353975
0.00152704 -15.8122 -0.355173
0.00156433 -16.0119 -0.356363
0.00160207 -16.2117 -0.357523
0.0016402 -16.4116 -0.358674
0.00167867 -16.6118 -0.359871
0.00171761 -16.8121 -0.361075
0.001757 -17.0125 -0.362234
0.00179683 -17.213 -0.363371
0.00183711 -17.4136 -0.364513
0.001878 -17.6142 -0.365637
0.00191989 -17.8148 -0.366751
0.00196177 -18.0154 -0.367858
0.00200399 -18.216 -0.36895
0.00204662 -18.4166 -0.370026
0.0020897 -18.6172 -0.371089
0.00213321 -18.8178 -0.372138
0.00209199 -18.6822 -0.362328
0.00203019 -18.4787 -0.347614
0.00198928 -18.3429 -0.337813
0.00194968 -18.207 -0.328009
0.00191089 -18.0709 -0.318194
0.00187272 -17.9346 -0.308389
0.00183431 -17.7981 -0.298602
0.00179632 -17.6614 -0.288832
0.00175836 -17.5243 -0.279012
0.00172126 -17.3869 -0.269168
0.00168485 -17.2491 -0.259294
0.00164845 -17.111 -0.249418
0.00161264 -16.9724 -0.239546
0.00157695 -16.8334 -0.229663
0.00154182 -16.694 -0.219757
0.00150757 -16.554 -0.209853
0.00147324 -16.4134 -0.199936
0.00143967 -16.2723 -0.190054
0.00140668 -16.1307 -0.180213
0.00137369 -15.9883 -0.170413
0.00134159 -15.8453 -0.160638
0.00131005 -15.7015 -0.150879
0.00127868 -15.5566 -0.140942
0.00124811 -15.4107 -0.130991
0.00121798 -15.2638 -0.121044
0.00118833 -15.1156 -0.110878
0.00115921 -14.966 -0.100609
0.00113032 -14.8149 -0.0903242
0.00110141 -14.6622 -0.079931
0.00107175 -14.5073 -0.0693347
0.00104108 -14.35 -0.0585353
0.00100861 -14.1899 -0.047543
0.000974477 -14.0263 -0.0362262
0.00093967 -13.859 -0.0246213
0.000901496 -13.6873 -0.0127449
0.000852124 -13.5111 -0.000761091
0.00079665 -13.3307 0.0114797
0.000785258 -13.1465 0.0242103
0.000784287 -12.9583 0.0394401
0.000778522 -12.7678 0.0564385
0.000765446 -12.5758 0.0754194
0.000745335 -12.3831 0.0966487
0.000719728 -12.1894 0.119261
0.000691075 -11.9952 0.142591
0.000665419 -11.8009 0.166643
0.000640322 -11.6051 0.19191
0.000616164 -11.4086 0.217248
0.000594293 -11.2101 0.243673
0.00057178 -11.0106 0.270333
0.000547025 -10.8108 0.296951
0.000521629 -10.6107 0.323442
0.000495209 -10.4105 0.349791
0.000468532 -10.21 0.375981
0.000441294 -10.0095 0.402022
0.000412714 -9.80864 0.427978
0.000382837 -9.60735 0.454016
0.000352097 -9.40591 0.479999
0.000321848 -9.20443 0.505909
0.000293263 -9.00296 0.531738
0.000265567 -8.80157 0.557508
0.00023888 -8.60035 0.583256
0.00021531 -8.39929 0.608949
0.000200139 -8.19842 0.634587
0.000188896 -7.99763 0.660122
0.000181784 -7.79697 0.685577
0.000174668 -7.59642 0.710937
0.000166453 -7.39596 0.736216
0.000156519 -7.19562 0.761412
0.000144678 -6.99538 0.786522
0.000132325 -6.79522 0.811543
0.000120409 -6.59512 0.836468
0.000108547 -6.39505 0.86129
9.64452e-05 -6.19501 0.886003
8.45186e-05 -5.99499 0.910599
7.30809e-05 -5.79494 0.935079
6.20483e-05 -5.59484 0.959432
5.14769e-05 -5.39467 0.983662
4.12783e-05 -5.19444 1.00776
3.14261e-05 -4.99412 1.03173
2.19262e-05 -4.79371 1.05557
1.28013e-05 -4.59318 1.07928
4.05024e-06 -4.39253 1.10286
-4.37849e-06 -4.19175 1.12632
-1.24346e-05 -3.99083 1.14965
-2.00961e-05 -3.78976 1.17285
-2.73711e-05 -3.58853 1.19594
-3.43755e-05 -3.38716 1.21891
-4.09066e-05 -3.18563 1.24177
-4.70848e-05 -2.98393 1.26451
-5.26385e-05 -2.78201 1.28718
-5.70584e-05 -2.57958 1.30987
-6.08474e-05 -2.3769 1.33249
-6.4213e-05 -2.17401 1.35502
-6.71322e-05 -1.97093 1.37748
-6.96227e-05 -1.76767 1.39984
-7.18219e-05 -1.56422 1.42212
-7.35339e-05 -1.36059 1.44432
-7.48999e-05 -1.15679 1.46644
-7.5845e-05 -0.952795 1.4885
-7.65173e-05 -0.748618 1.51049
-7.68683e-05 -0.544253 1.53243
