-1.92048e-07 -7.48465e-17 -0.0173722
2.78774e-05 0.0215862 -0.0348281
-9.20634e-06 0.0497289 -0.046432
-1.28091e-05 0.075316 -0.0541623
-1.1631e-05 0.0992823 -0.0605145
-9.43652e-06 0.122287 -0.0661939
-7.87078e-06 0.144716 -0.0714954
-6.35849e-06 0.166767 -0.076563
-5.63373e-06 0.188577 -0.0814819
-5.10262e-06 0.210214 -0.0862982
-4.79437e-06 0.231731 -0.0910449
-4.77911e-06 0.253164 -0.0957422
-4.7722e-06 0.274536 -0.100405
-5.71074e-06 0.295861 -0.105042
-5.90717e-06 0.317148 -0.109664
-7.00125e-06 0.338412 -0.114276
-8.37786e-06 0.359657 -0.11888
-8.71117e-06 0.380888 -0.123483
-9.54158e-06 0.402114 -0.128089
-1.1822e-05 0.423354 -0.132697
-1.3041e-05 0.444643 -0.137303
-1.11845e-05 0.423541 -0.133083
-9.10503e-06 0.402429 -0.128846
-9.0399e-06 0.381307 -0.124596
-8.45785e-06 0.360167 -0.120334
-6.69432e-06 0.339007 -0.11605
-7.00912e-06 0.317824 -0.111741
-6.32962e-06 0.296609 -0.107405
-6.24356e-06 0.275352 -0.103035
-6.13885e-06 0.254044 -0.0986199
-6.58374e-06 0.232665 -0.094151
-6.92935e-06 0.211193 -0.0896097
-7.99673e-06 0.189589 -0.0849737
-9.10286e-06 0.167803 -0.0802074
-1.06479e-05 0.145751 -0.0752593
-1.25005e-05 0.123296 -0.070032
-1.4785e-05 0.100218 -0.0643696
-1.55615e-05 0.0761247 -0.0579408
-1.177e-05 0.0503485 -0.0499693
-4.13455e-06 0.0221906 -0.0376631
-1.08773e-05 0.00102758 -0.0203357
2.4017e-05 -0.0227369 0.00100045
-8.69095e-06 -0.0498562 0.0329484
-1.23855e-05 -0.075345 0.0663316
-1.12236e-05 -0.0992836 0.0990092
-9.0431e-06 -0.122278 0.130997
-7.49402e-06 -0.144701 0.162507
-5.99732e-06 -0.166751 0.193682
-5.27894e-06 -0.188559 0.22463
-4.76354e-06 -0.210196 0.255413
-4.46689e-06 -0.231713 0.286076
-4.45951e-06 -0.253145 0.316657
-4.46678e-06 -0.274517 0.347175
-5.40499e-06 -0.295841 0.377641
-5.6078e-06 -0.31713 0.408067
-6.69757e-06 -0.338394 0.438462
-8.04508e-06 -0.359642 0.468833
-8.30663e-06 -0.380881 0.499188
-8.98159e-06 -0.402124 0.529533
-1.09188e-05 -0.423403 0.559898
-8.63909e-06 -0.40229 0.529352
-8.36957e-06 -0.381169 0.498803
-7.92966e-06 -0.360029 0.468237
-6.20047e-06 -0.338869 0.437663
-6.46466e-06 -0.317687 0.407075
-5.89757e-06 -0.296473 0.376465
-5.76066e-06 -0.275217 0.345824
-5.61641e-06 -0.253909 0.315144
-5.88049e-06 -0.232531 0.284406
-6.22005e-06 -0.211061 0.253598
-7.23463e-06 -0.18946 0.222676
-8.42624e-06 -0.167679 0.191603
-9.87462e-06 -0.145631 0.160302
-1.17636e-05 -0.123187 0.128675
-1.40444e-05 -0.100132 0.0965714
-1.48775e-05 -0.0760837 0.063807
-1.07933e-05 -0.050452 0.0304621
3.87941e-05 -0.0232721 -0.00116125
-2.08799e-05 7.46959e-05 -0.0217479
4.0509e-05 0.0232538 -0.0385891
-1.10063e-05 0.0505042 -0.0500338
-1.51037e-05 0.0761577 -0.0579561
-1.43371e-05 0.100221 -0.0643751
-1.20529e-05 0.123287 -0.0700338
-1.02267e-05 0.145738 -0.0752592
-8.69768e-06 0.167788 -0.0802059
-7.58439e-06 0.189573 -0.0849713
-6.52917e-06 0.211176 -0.0896066
-6.20736e-06 0.232648 -0.0941475
-5.79339e-06 0.254027 -0.0986155
-5.90816e-06 0.275336 -0.10303
-6.00268e-06 0.296593 -0.107399
-6.66883e-06 0.317808 -0.111736
-6.34896e-06 0.338993 -0.116044
-8.06456e-06 0.360157 -0.120327
-8.52773e-06 0.381308 -0.124589
-8.39085e-06 0.402457 -0.128838
-9.89726e-06 0.423637 -0.133072
-1.025e-05 0.444898 -0.137286
-8.33026e-06 0.466459 -0.141885
-2.26514e-06 0.488451 -0.14648
1.0458e-05 0.511354 -0.15105
3.66753e-05 0.536065 -0.155558
8.42259e-05 0.563814 -0.159947
0.000157651 0.595387 -0.164174
0.000254506 0.63075 -0.168205
0.00036996 0.669494 -0.172045
0.000494636 0.711252 -0.175662
0.000625476 0.755546 -0.179101
0.000752539 0.802137 -0.182313
0.000873761 0.850638 -0.185341
0.000986801 0.900853 -0.18818
0.00109013 0.952507 -0.190856
0.00118318 1.00536 -0.193381
0.00126467 1.05934 -0.19573
0.0013388 1.11412 -0.197976
0.00140401 1.16957 -0.200114
0.00145929 1.22573 -0.202099
0.00146541 1.20467 -0.197965
0.00147081 1.1836 -0.19383
0.00147558 1.16253 -0.189694
0.00148041 1.14145 -0.185556
0.00148588 1.12036 -0.181415
0.00149144 1.09925 -0.177272
0.00149864 1.07813 -0.173127
0.0015054 1.05699 -0.16898
0.00151127 1.03582 -0.164832
0.0015171 1.01461 -0.160684
0.00152301 0.993368 -0.156536
0.0015288 0.972075 -0.152385
0.00153544 0.950727 -0.148227
0.00154231 0.929313 -0.144066
0.00154824 0.907824 -0.139901
0.0015545 0.886244 -0.13573
0.00156112 0.864557 -0.131547
0.00156618 0.842744 -0.12735
0.00157296 0.820781 -0.12314
0.00157858 0.798644 -0.118919
0.00158567 0.776293 -0.114673
0.00159292 0.753678 -0.1104
0.00160072 0.730729 -0.106086
0.00160989 0.707353 -0.10172
0.00162068 0.683408 -0.0972701
0.00163403 0.658668 -0.0926969
0.00165311 0.632786 -0.0879402
0.0016848 0.605182 -0.082895
0.00174452 0.574908 -0.077386
0.00185524 0.540594 -0.0711785
0.00203064 0.500931 -0.0641076
0.00202373 0.455721 -0.0563568
0.00181215 0.407573 -0.0485611
0.00157785 0.35788 -0.0407358
0.00128683 0.306424 -0.0328213
0.000931558 0.254238 -0.0242546
0.000445805 0.203963 -0.0144055
4.52608e-05 0.155841 -0.000388782
-0.000149069 0.104988 0.023905
-0.000269223 0.0586327 0.0506891
-0.000395306 0.0139702 0.0770427
-0.000507235 -0.0300893 0.102576
-0.000609425 -0.0740764 0.127303
-0.000629181 -0.111672 0.154116
-0.00065027 -0.140856 0.183825
-0.000653119 -0.163881 0.215322
-0.000658457 -0.186216 0.246655
-0.000667319 -0.208137 0.277829
-0.000677189 -0.229837 0.308862
-0.000686544 -0.251406 0.339786
-0.000695452 -0.272889 0.37063
-0.000703431 -0.294307 0.401403
-0.000710891 -0.315684 0.432141
-0.000718495 -0.337047 0.462853
-0.000724422 -0.35843 0.493567
-0.000729556 -0.379895 0.524334
-0.000734392 -0.401557 0.555234
-0.00073613 -0.423647 0.586424
-0.000725585 -0.446577 0.618124
-0.000709078 -0.471296 0.651073
-0.000682781 -0.498766 0.685997
-0.000642139 -0.529494 0.723353
-0.000587627 -0.563669 0.763393
-0.000523366 -0.601325 0.806233
-0.000450694 -0.642286 0.851824
-0.000371028 -0.68587 0.89969
-0.000286074 -0.731254 0.949327
-0.000196751 -0.778184 1.00063
-0.000102716 -0.826426 1.05344
-5.68935e-06 -0.875851 1.1077
9.27339e-05 -0.926324 1.1633
0.000189297 -0.977738 1.22021
0.000284235 -1.02999 1.27833
0.000374747 -1.083 1.3376
0.000459595 -1.13668 1.39789
0.000538844 -1.19094 1.45911
0.00061041 -1.24571 1.52118
0.000676351 -1.30091 1.58397
0.000680882 -1.27983 1.55342
0.000684556 -1.25873 1.52287
0.000687835 -1.23763 1.49232
0.000691402 -1.21652 1.46175
0.000695195 -1.19539 1.43117
0.000698997 -1.17424 1.40058
0.000704403 -1.15307 1.36997
0.000709085 -1.13187 1.33933
0.000713281 -1.11063 1.30866
0.000716489 -1.08932 1.27798
0.00071942 -1.06792 1.24728
0.000722918 -1.04647 1.21653
0.00072671 -1.02495 1.18572
0.000731162 -1.00335 1.15484
0.000734352 -0.981654 1.12387
0.000738844 -0.959852 1.09281
0.00074326 -0.937919 1.06163
0.000748414 -0.915837 1.0303
0.000753393 -0.893577 0.998804
0.000758655 -0.871091 0.967111
0.0007637 -0.848348 0.935161
0.000771711 -0.825268 0.902887
0.000781462 -0.801762 0.870186
0.000791824 -0.777646 0.836959
0.0008066 -0.752799 0.802916
0.000828416 -0.726915 0.767711
0.000862202 -0.699438 0.730818
0.000928762 -0.669515 0.69136
0.00104723 -0.63572 0.648254
0.00120807 -0.596601 0.601325
0.00126674 -0.551494 0.551449
0.00123778 -0.499615 0.505909
0.00124813 -0.44302 0.465413
0.00117517 -0.38596 0.428205
0.00109416 -0.328612 0.392493
0.00101424 -0.271147 0.356861
0.000869062 -0.213964 0.321014
0.000682417 -0.157393 0.285088
0.000443165 -0.101883 0.249377
0.000191463 -0.0479095 0.214207
-4.30261e-05 0.00485171 0.179413
-8.39529e-05 0.0553874 0.148591
-0.000178703 0.103581 0.120699
-0.000276291 0.150885 0.0931612
-0.000363798 0.197923 0.0654233
-0.00044478 0.245099 0.0372346
-0.000521741 0.29269 0.00843177
-0.000596394 0.340913 -0.021105
-0.000583489 0.383248 -0.0437913
-0.000528437 0.419569 -0.0596622
-0.000492843 0.445401 -0.0653764
-0.00046846 0.470516 -0.0703185
-0.000448818 0.495407 -0.0749039
-0.000430616 0.52033 -0.079307
-0.000412388 0.545445 -0.0836099
-0.000392235 0.570839 -0.0878431
-0.000370246 0.596581 -0.0920236
-0.000345994 0.622721 -0.0961486
-0.000318985 0.649311 -0.100223
-0.00029116 0.676404 -0.104249
-0.000261207 0.704058 -0.108228
-0.000227764 0.732332 -0.112159
-0.00019051 0.761296 -0.116042
-0.000151018 0.791024 -0.119874
-0.000108704 0.821599 -0.12365
-6.31825e-05 0.853116 -0.127364
-1.48719e-05 0.885683 -0.131006
3.61329e-05 0.91942 -0.134569
8.99126e-05 0.954455 -0.138038
0.000146115 0.990925 -0.141404
0.000203491 1.02897 -0.14465
0.000261213 1.06872 -0.14776
0.00031851 1.11026 -0.150727
0.000374956 1.15364 -0.153544
0.000429461 1.19877 -0.156209
0.00048108 1.24556 -0.158707
0.000529219 1.29394 -0.161037
0.000573576 1.3438 -0.163203
0.00061421 1.39501 -0.165218
0.000651863 1.44736 -0.167099
0.000687061 1.50066 -0.168864
0.000719171 1.55477 -0.170519
0.000744725 1.60964 -0.17201
0.000769048 1.6652 -0.17347
0.00079533 1.72119 -0.174842
0.000819412 1.7774 -0.176134
0.000840382 1.83381 -0.177387
0.000860488 1.89037 -0.178644
0.000877114 1.947 -0.17989
0.000892351 2.00365 -0.181123
0.000904737 2.0603 -0.182333
0.000915098 2.1169 -0.183549
0.000922433 2.17343 -0.184761
0.00092573 2.22986 -0.185945
0.000924968 2.31431 -0.187682
0.000921452 2.37048 -0.188808
0.000915603 2.42654 -0.189912
0.000907327 2.48251 -0.190999
0.000897281 2.53835 -0.192067
0.000884742 2.59407 -0.193122
0.000869018 2.64967 -0.194157
0.000849447 2.70515 -0.195164
0.000827548 2.76051 -0.196152
0.000803159 2.81574 -0.197124
0.000776454 2.87083 -0.198075
0.000748152 2.92578 -0.199012
0.000718524 2.98061 -0.199936
0.000687576 3.03531 -0.200838
0.000654621 3.08992 -0.201681
0.000618926 3.14446 -0.202429
0.000580809 3.19885 -0.203127
0.000540866 3.25311 -0.203809
0.000499118 3.30724 -0.204479
0.000455558 3.36123 -0.205138
0.000410758 3.41509 -0.205783
0.000364456 3.46879 -0.206412
0.000316839 3.52235 -0.207028
0.00026793 3.5758 -0.207627
0.000217867 3.62913 -0.208208
0.000224248 3.60783 -0.203707
0.000232418 3.57584 -0.196947
0.000235648 3.55444 -0.192399
0.000238017 3.53294 -0.187806
0.000240171 3.51136 -0.183195
0.000241113 3.48971 -0.178585
0.000240442 3.46797 -0.173977
0.000239103 3.44614 -0.169376
0.000236989 3.4242 -0.164783
0.000233624 3.40214 -0.160199
0.000228976 3.37994 -0.155625
0.000223499 3.3576 -0.151061
0.000216771 3.3351 -0.146508
0.000208838 3.31243 -0.141966
0.00019989 3.28957 -0.137435
0.000193747 3.26649 -0.132875
0.000186165 3.2432 -0.128327
0.000176738 3.21967 -0.123794
0.000166276 3.19589 -0.119268
0.000154186 3.17181 -0.114685
0.000134686 3.14741 -0.110052
0.000113091 3.1227 -0.105438
8.85543e-05 3.09765 -0.100835
6.35657e-05 3.07222 -0.0962053
3.74022e-05 3.04639 -0.09157
9.06484e-06 3.02013 -0.0869265
-2.35146e-05 2.99339 -0.0822714
-6.26043e-05 2.96609 -0.0775903
-0.000107355 2.93817 -0.0728996
-0.000159323 2.90954 -0.0681884
-0.000220907 2.87998 -0.063359
-0.00028904 2.84934 -0.0583747
-0.000363117 2.81743 -0.0532598
-0.000449554 2.78401 -0.048055
-0.000546769 2.74878 -0.0427382
-0.000651487 2.71147 -0.037293
-0.000753444 2.67201 -0.0317052
-0.00081451 2.6303 -0.0256829
-0.000779721 2.58653 -0.0195097
-0.000701035 2.54135 -0.0133442
-0.000627117 2.49474 -0.00703092
-0.000562549 2.4468 -0.000243313
-0.000492736 2.39807 0.00653875
-0.000416364 2.34831 0.0140878
-0.000306788 2.29773 0.0218124
-0.000218868 2.24621 0.0295757
-0.00015342 2.19138 0.0431412
-8.57117e-05 2.13529 0.0581653
-3.57059e-05 2.07898 0.0736016
2.74625e-05 2.02282 0.0903361
3.55095e-05 1.96672 0.108196
2.92589e-05 1.91099 0.126398
6.97662e-06 1.85565 0.144452
-4.02839e-05 1.80144 0.163409
-0.000101576 1.74748 0.182123
-0.00017099 1.69387 0.200616
-0.000235043 1.6406 0.218849
-0.000292041 1.58756 0.236781
-0.000343705 1.53469 0.25441
-0.00039103 1.48194 0.271734
-0.000455308 1.42908 0.288786
-0.000620734 1.37533 0.305646
-0.000784107 1.32139 0.322252
-0.000910768 1.26714 0.338641
-0.00100257 1.21265 0.354808
-0.00109079 1.15803 0.370753
-0.00117663 1.10323 0.386481
-0.00126147 1.04832 0.402026
-0.0013448 0.993223 0.417393
-0.0014271 0.937943 0.432592
-0.00150834 0.882465 0.447637
-0.00158822 0.82678 0.462539
-0.001657 0.770806 0.477331
-0.00175682 0.714087 0.492062
-0.00188401 0.656646 0.506738
-0.00201032 0.598861 0.521317
-0.00212409 0.540662 0.53582
-0.00222782 0.482124 0.550246
-0.002328 0.423324 0.564592
-0.00242636 0.364284 0.578858
-0.00252365 0.304958 0.593064
-0.00258712 0.244597 0.60749
-0.00263131 0.183343 0.622108
-0.00269604 0.121634 0.636772
-0.00276929 0.0595822 0.651436
-0.00284412 -0.00274448 0.666074
-0.00292163 -0.0653368 0.6807
-0.00299969 -0.128182 0.695317
-0.00307834 -0.191265 0.709931
-0.00315769 -0.254581 0.724552
-0.00323722 -0.318122 0.739186
-0.00331701 -0.381877 0.753841
-0.003349 -0.446172 0.769245
-0.00330964 -0.511281 0.78585
-0.00326813 -0.576778 0.802682
-0.00320868 -0.640287 0.821248
-0.00304469 -0.678376 0.854242
-0.00292718 -0.710669 0.889535
-0.00285057 -0.741294 0.925764
-0.00278231 -0.77173 0.962645
-0.00271418 -0.802509 1.00013
-0.00264646 -0.833891 1.03821
-0.00257895 -0.866003 1.07697
-0.00250676 -0.898866 1.11643
-0.00243313 -0.932481 1.15659
-0.00235821 -0.966845 1.19749
-0.00228216 -1.002 1.23917
-0.00220556 -1.03802 1.28174
-0.00212798 -1.07502 1.32531
-0.00204828 -1.11304 1.36992
-0.00196611 -1.15207 1.41556
-0.0018815 -1.19214 1.46225
-0.00179478 -1.23328 1.51003
-0.00170574 -1.27544 1.55886
-0.00160728 -1.31865 1.60879
-0.00147394 -1.36297 1.65996
-0.00134572 -1.40829 1.71237
-0.00122345 -1.4545 1.76601
-0.00110799 -1.50152 1.82087
-0.000999791 -1.5493 1.87692
-0.000899047 -1.59774 1.93406
-0.000801731 -1.64678 1.99219
-0.000707183 -1.69636 2.05118
-0.000616163 -1.74649 2.11093
-0.000527564 -1.79711 2.17141
-0.000443977 -1.84816 2.23258
-0.000365623 -1.89956 2.2944
-0.000292726 -1.95123 2.35684
-0.000224917 -2.00313 2.41987
-0.000162274 -2.05525 2.48342
-0.000104405 -2.10758 2.54743
-5.07797e-05 -2.16011 2.61187
-1.98349e-06 -2.21284 2.67669
4.17264e-05 -2.26574 2.74185
7.96524e-05 -2.31878 2.80728
0.000113248 -2.37196 2.87301
0.000143031 -2.42528 2.93901
0.000168372 -2.4787 3.00527
0.00018928 -2.5322 3.07178
0.000205949 -2.58577 3.13852
0.000218453 -2.6394 3.20548
0.000226954 -2.69308 3.27265
0.000231774 -2.7468 3.34002
0.000233508 -2.80053 3.40758
0.000231701 -2.85426 3.47531
0.000226363 -2.908 3.5432
0.000217737 -2.96174 3.61123
0.000206197 -3.01545 3.67939
0.000191778 -3.06913 3.74769
0.00017473 -3.12277 3.81611
0.000154633 -3.17635 3.88464
0.000131563 -3.22986 3.9533
0.000105768 -3.28334 4.02208
7.64681e-05 -3.33675 4.09099
4.44206e-05 -3.3901 4.15999
9.89204e-06 -3.44334 4.22908
-2.61172e-05 -3.49648 4.29824
-6.43577e-05 -3.54952 4.36748
-0.000104886 -3.60246 4.43679
-0.000146714 -3.65531 4.50616
-0.000189254 -3.70804 4.5756
-0.00018679 -3.68664 4.54532
-0.000181192 -3.65448 4.4999
-0.000177659 -3.63299 4.46956
-0.00017471 -3.61146 4.4392
-0.000169405 -3.58983 4.40877
-0.000163704 -3.56814 4.37829
-0.000158794 -3.54634 4.34771
-0.00015494 -3.52445 4.31704
-0.000156533 -3.50238 4.28629
-0.000159172 -3.48018 4.25544
-0.000162106 -3.45782 4.22445
-0.000166468 -3.43533 4.19334
-0.00017145 -3.41265 4.16205
-0.000177661 -3.38981 4.13059
-0.000185948 -3.36676 4.09892
-0.000193553 -3.34349 4.06706
-0.000201884 -3.31997 4.03494
-0.0002079 -3.29623 4.00261
-0.000216414 -3.27221 3.96998
-0.00022707 -3.24794 3.93707
-0.000243135 -3.22333 3.90384
-0.000261979 -3.19842 3.87029
-0.000281839 -3.17312 3.83634
-0.000301401 -3.14741 3.80202
-0.000324073 -3.12124 3.76721
-0.000354847 -3.09447 3.73201
-0.000391268 -3.06714 3.69617
-0.000433304 -3.03924 3.65963
-0.000481626 -3.01051 3.62231
-0.000536541 -2.98091 3.58408
-0.000604359 -2.95025 3.54459
-0.00067951 -2.91824 3.50365
-0.000772003 -2.88455 3.46084
-0.000871222 -2.84895 3.4158
-0.000958191 -2.81104 3.36817
-0.00102939 -2.7709 3.31781
-0.00105792 -2.72846 3.26539
-0.00105473 -2.68416 3.21328
-0.00110949 -2.64 3.16356
-0.00112039 -2.59501 3.11464
-0.00113831 -2.55029 3.06634
-0.00119091 -2.50443 3.01861
-0.00128341 -2.45784 2.97142
-0.00136174 -2.4096 2.92543
-0.00140664 -2.35975 2.87974
-0.00148042 -2.30877 2.83415
-0.00157796 -2.25733 2.78813
-0.0016831 -2.2057 2.74185
-0.00179419 -2.15387 2.6953
-0.00190365 -2.10202 2.64859
-0.00200552 -2.04997 2.60162
-0.00209895 -1.99789 2.55449
-0.00218064 -1.94562 2.50713
-0.00224782 -1.89337 2.45966
-0.00229542 -1.84102 2.41205
-0.00232344 -1.78879 2.36445
-0.00234127 -1.73647 2.31673
-0.00235186 -1.68424 2.26899
-0.00236096 -1.63185 2.22111
-0.00236878 -1.57954 2.17321
-0.00238373 -1.52702 2.1252
-0.0024919 -1.47373 2.07755
-0.00260828 -1.4201 2.02985
-0.00270986 -1.36633 1.98226
-0.00277505 -1.3121 1.93468
-0.00283542 -1.25789 1.88707
-0.00289177 -1.2034 1.83927
-0.0029482 -1.14893 1.79139
-0.0030029 -1.09416 1.74329
-0.00305647 -1.03934 1.69509
-0.00310916 -0.984308 1.6467
-0.0031615 -0.929108 1.59814
-0.00321322 -0.873728 1.54942
-0.00326405 -0.818163 1.50052
-0.00331406 -0.762406 1.45145
-0.00336365 -0.706459 1.40221
-0.0034126 -0.650321 1.35279
-0.00346084 -0.59399 1.30321
-0.00350833 -0.537472 1.25346
-0.00354451 -0.480787 1.20356
-0.00355301 -0.423978 1.15349
-0.00356114 -0.366986 1.10327
-0.00357881 -0.309632 1.053
-0.00362707 -0.251504 1.00289
-0.00368333 -0.192903 0.952821
-0.00373799 -0.133992 0.902715
-0.00379163 -0.074859 0.852492
-0.00384379 -0.0155157 0.802152
-0.00389448 0.0440165 0.751693
-0.00394348 0.103734 0.70112
-0.00399012 0.16365 0.650448
-0.00403954 0.223922 0.599781
-0.00409953 0.285638 0.550094
-0.00415212 0.347975 0.500682
-0.00420203 0.410592 0.451235
-0.00425031 0.473464 0.401745
-0.00430296 0.536725 0.352379
-0.00435935 0.60029 0.303046
-0.00441482 0.664036 0.253616
-0.00446987 0.727977 0.204115
-0.00452044 0.792158 0.154759
-0.00452539 0.857571 0.108904
-0.00452741 0.923344 0.0633701
-0.0045296 0.989399 0.0179261
-0.0045106 1.05161 -0.0217448
-0.00440142 1.09211 -0.0340029
-0.00431427 1.12911 -0.0414917
-0.00422838 1.16405 -0.0464006
-0.00413063 1.1988 -0.0507101
-0.00402979 1.23392 -0.0548314
-0.0039254 1.26948 -0.0588486
-0.0038188 1.30556 -0.0627735
-0.00371244 1.34214 -0.0665804
-0.00360654 1.37925 -0.0702599
-0.0035015 1.41688 -0.0738202
-0.00339734 1.45505 -0.0772626
-0.0032945 1.49376 -0.080594
-0.0031926 1.53301 -0.0838372
-0.00309118 1.57281 -0.0870057
-0.00299105 1.61316 -0.0901053
-0.00289237 1.65407 -0.0931347
-0.00279496 1.69553 -0.0960883
-0.00269885 1.73754 -0.098964
-0.00260417 1.78011 -0.101763
-0.0025114 1.82323 -0.104484
-0.00242076 1.86691 -0.107131
-0.00233262 1.91114 -0.109705
-0.00224712 1.95592 -0.112205
-0.00216437 2.00124 -0.114631
-0.00208457 2.0471 -0.116983
-0.0020078 2.09349 -0.11926
-0.00193404 2.14041 -0.121463
-0.00186329 2.18785 -0.123593
-0.00179557 2.23578 -0.125649
-0.00173101 2.28422 -0.127632
-0.00166966 2.33313 -0.129542
-0.00161151 2.3825 -0.131381
-0.00155655 2.43232 -0.133148
-0.0015048 2.48257 -0.134847
-0.00145627 2.53322 -0.136476
-0.00141097 2.58427 -0.138039
-0.00136877 2.63568 -0.139535
-0.00132976 2.68743 -0.140967
-0.00129356 2.7395 -0.142333
-0.00125936 2.79187 -0.143628
-0.00122752 2.84451 -0.144853
-0.00119846 2.89741 -0.146016
-0.00117219 2.95054 -0.147121
-0.0011486 3.00388 -0.148168
-0.00112753 3.05741 -0.149158
-0.00110893 3.11112 -0.150097
-0.00109279 3.16498 -0.150988
-0.00107908 3.21899 -0.151833
-0.00106823 3.27314 -0.152621
-0.00105938 3.32739 -0.15336
-0.00105201 3.38174 -0.15405
-0.00104644 3.43616 -0.154696
-0.00104265 3.49067 -0.155275
-0.00104302 3.54524 -0.155784
-0.00104614 3.59985 -0.156251
-0.00105125 3.65448 -0.156684
-0.00105831 3.70909 -0.157086
-0.00106729 3.76369 -0.157458
-0.00107818 3.81825 -0.157802
-0.00109093 3.87277 -0.15812
-0.00110444 3.92725 -0.158398
-0.00111884 3.98166 -0.158642
-0.0011352 4.036 -0.158866
-0.0011535 4.09026 -0.159073
-0.00117462 4.14443 -0.159282
-0.00119703 4.19856 -0.159553
-0.00121988 4.25259 -0.159827
-0.00124234 4.30654 -0.160114
-0.00126563 4.36042 -0.16041
-0.00129048 4.41421 -0.160709
-0.0013183 4.46791 -0.161013
-0.00134906 4.52153 -0.161331
-0.00138227 4.57503 -0.161649
-0.00141761 4.62839 -0.16196
-0.00145407 4.68163 -0.162266
-0.00149304 4.73473 -0.16254
-0.00148313 4.71317 -0.157516
-0.00146942 4.68078 -0.149967
-0.00146086 4.65912 -0.144938
-0.00145323 4.6374 -0.139915
-0.00144627 4.61561 -0.134898
-0.00144024 4.59373 -0.12989
-0.00143508 4.57174 -0.124892
-0.00143094 4.54964 -0.119904
-0.00142651 4.5274 -0.114909
-0.00142201 4.50501 -0.109911
-0.00141735 4.48246 -0.104913
-0.00140764 4.4597 -0.0998627
-0.00139846 4.43674 -0.0947943
-0.00139283 4.41357 -0.0896665
-0.00138929 4.39019 -0.0845496
-0.00138742 4.36659 -0.0794546
-0.00138724 4.34275 -0.0743822
-0.00138531 4.31865 -0.0692866
-0.0013827 4.29426 -0.0641359
-0.00138212 4.26958 -0.0589734
-0.00138514 4.24459 -0.0538007
-0.00139088 4.21926 -0.0486322
-0.00140083 4.19352 -0.0434089
-0.00141749 4.1673 -0.0380734
-0.00143629 4.14069 -0.0327402
-0.00145588 4.11366 -0.0273606
-0.00147806 4.08614 -0.0219481
-0.00150964 4.05801 -0.01635
-0.00154536 4.02931 -0.0107705
-0.00158645 3.99999 -0.00519453
-0.00163414 3.96992 0.000521585
-0.00168561 3.93893 0.00647299
-0.00174084 3.90689 0.0126083
-0.00180342 3.87366 0.0189289
-0.00186931 3.83903 0.0254431
-0.00194313 3.80284 0.0321013
-0.00202451 3.76497 0.038904
-0.00211504 3.72545 0.0459142
-0.00217942 3.68434 0.0532899
-0.00221386 3.64147 0.0613751
-0.00222829 3.59689 0.0710194
-0.00221717 3.55186 0.0830028
-0.0022277 3.50712 0.098026
-0.0022259 3.46179 0.114463
-0.00220045 3.41575 0.131863
-0.00217025 3.36919 0.149127
-0.00217799 3.32138 0.168079
-0.00222347 3.2735 0.187863
-0.00223005 3.2244 0.209635
-0.00223755 3.17453 0.231575
-0.00230344 3.12452 0.253292
-0.00237835 3.07447 0.274789
-0.00239585 3.02393 0.296154
-0.00235553 2.97324 0.317347
-0.00232267 2.92211 0.33839
-0.00232767 2.87066 0.359247
-0.00234154 2.81907 0.379856
-0.00235249 2.76738 0.400211
-0.00235411 2.71567 0.420297
-0.00232739 2.66379 0.440159
-0.00227981 2.61095 0.459901
-0.00225013 2.55793 0.479424
-0.00223185 2.50486 0.498725
-0.00222027 2.45176 0.517806
-0.00221034 2.39864 0.53667
-0.00220082 2.3455 0.555334
-0.00219184 2.29229 0.573793
-0.00218308 2.23907 0.592086
-0.00217477 2.18581 0.610213
-0.00216711 2.13247 0.628188
-0.00216005 2.07905 0.646022
-0.0021537 2.02555 0.663724
-0.00214803 1.97195 0.681305
-0.00214294 1.91823 0.698777
-0.00213843 1.8644 0.716146
-0.00213447 1.81044 0.733424
-0.002131 1.75635 0.750615
-0.00212798 1.70213 0.767727
-0.00212532 1.64777 0.784766
-0.00212301 1.59328 0.801739
-0.00212091 1.53863 0.818653
-0.00211907 1.48385 0.835511
-0.00211744 1.42892 0.85232
-0.00214311 1.37345 0.869121
-0.00220682 1.31723 0.885939
-0.00227323 1.26074 0.902734
-0.00233447 1.20396 0.919512
-0.00238143 1.14687 0.936284
-0.00242201 1.08956 0.953041
-0.00245722 1.03208 0.969781
-0.002492 0.974453 0.986501
-0.0025264 0.916699 1.0032
-0.00255736 0.858788 1.0199
-0.00258738 0.800738 1.03659
-0.00261716 0.742564 1.05327
-0.00264665 0.684267 1.06994
-0.00267577 0.625854 1.08662
-0.00270415 0.567322 1.10329
-0.00273135 0.508674 1.11997
-0.00275788 0.449915 1.13666
-0.0027839 0.39105 1.15335
-0.00280946 0.332084 1.17006
-0.00283457 0.273018 1.18677
-0.00285931 0.213856 1.20351
-0.00288375 0.154602 1.22025
-0.00290781 0.0952598 1.23702
-0.0029314 0.0358313 1.25381
-0.00295453 -0.0236795 1.27062
-0.00297729 -0.0832721 1.28745
-0.00300884 -0.143164 1.30434
-0.00306624 -0.204006 1.32137
-0.00312749 -0.265073 1.33846
-0.00317589 -0.326292 1.35559
-0.00321287 -0.387618 1.37276
-0.00324949 -0.449044 1.38997
-0.00328574 -0.510564 1.40722
-0.00332152 -0.572168 1.42451
-0.00335684 -0.633854 1.44185
-0.00339154 -0.695618 1.45923
-0.00343948 -0.758503 1.47695
-0.00348796 -0.822688 1.49507
-0.0035368 -0.887095 1.51327
-0.00358958 -0.951766 1.5316
-0.00364818 -1.01671 1.55001
-0.00370633 -1.08179 1.56849
-0.00372808 -1.14724 1.58933
-0.00373324 -1.2024 1.61952
-0.00365883 -1.24372 1.65965
-0.00361189 -1.28125 1.70253
-0.00354621 -1.31727 1.74648
-0.00345128 -1.3531 1.79107
-0.00335466 -1.38922 1.83624
-0.0032577 -1.42576 1.88196
-0.00315847 -1.46276 1.92819
-0.00305534 -1.50022 1.97497
-0.00294803 -1.53815 2.0223
-0.00283866 -1.57654 2.07019
-0.0027302 -1.61541 2.11863
-0.00262372 -1.65473 2.16762
-0.00251923 -1.69452 2.21716
-0.00241671 -1.73479 2.26726
-0.00231547 -1.77552 2.31793
-0.0022159 -1.81673 2.36917
-0.00211841 -1.85843 2.421
-0.00202304 -1.90061 2.47342
-0.00192923 -1.94329 2.52641
-0.00183718 -1.98647 2.57997
-0.00174711 -2.03015 2.6341
-0.00165928 -2.07433 2.68879
-0.00157391 -2.11902 2.74405
-0.00149124 -2.16421 2.79987
-0.00141129 -2.2099 2.85625
-0.00133413 -2.25608 2.91318
-0.0012597 -2.30274 2.97066
-0.00118809 -2.34989 3.02867
-0.00111938 -2.39751 3.08722
-0.0010536 -2.44558 3.14629
-0.000989075 -2.49411 3.20587
-0.00092923 -2.54306 3.26595
-0.000872369 -2.59244 3.32652
-0.000818495 -2.64221 3.38757
-0.000767643 -2.69238 3.44908
-0.000719839 -2.7429 3.51104
-0.000674976 -2.79378 3.57343
-0.000633016 -2.84498 3.63625
-0.000593936 -2.89648 3.69947
-0.000557674 -2.94827 3.76309
-0.000524104 -3.00031 3.82708
-0.000493177 -3.0526 3.89145
-0.000464815 -3.1051 3.95617
-0.000439337 -3.15779 4.02125
-0.000416375 -3.21065 4.08666
-0.000396018 -3.26365 4.1524
-0.00037848 -3.31678 4.21844
-0.000364266 -3.37001 4.28479
-0.000353071 -3.42332 4.35145
-0.000343866 -3.47669 4.41838
-0.000337241 -3.53011 4.48556
-0.000333061 -3.58357 4.55297
-0.000331429 -3.63704 4.62061
-0.000332362 -3.69052 4.68845
-0.000335872 -3.744 4.75649
-0.000342253 -3.79746 4.8247
-0.00035061 -3.85089 4.89307
-0.000360805 -3.90429 4.96159
-0.000372448 -3.95771 5.03024
-0.000387921 -4.01109 5.099
-0.000405313 -4.06443 5.16788
-0.000423735 -4.11771 5.23687
-0.000443153 -4.17102 5.30591
-0.000466868 -4.22434 5.37504
-0.000493832 -4.27761 5.44429
-0.000524011 -4.33084 5.51362
-0.000556388 -4.38402 5.58301
-0.000591821 -4.4371 5.65246
-0.000630435 -4.49006 5.72196
-0.000671955 -4.5429 5.79149
-0.000715835 -4.59561 5.86106
-0.000761766 -4.64819 5.93068
-0.000809745 -4.70062 6.00032
-0.000859991 -4.75292 6.06999
-0.00084886 -4.73136 6.03987
-0.000832762 -4.69898 5.99463
-0.0008225 -4.67733 5.96442
-0.000812831 -4.65562 5.93414
-0.000802665 -4.63382 5.90379
-0.000793548 -4.61193 5.87334
-0.000785496 -4.58994 5.84278
-0.000778529 -4.56783 5.81208
-0.000772732 -4.54556 5.78128
-0.000767881 -4.52313 5.75034
-0.000757849 -4.5005 5.71924
-0.000747871 -4.47769 5.68797
-0.000737784 -4.4547 5.6565
-0.000728134 -4.43152 5.62483
-0.000720772 -4.40812 5.59294
-0.000714063 -4.38449 5.56081
-0.000707086 -4.3606 5.52844
-0.000702501 -4.33645 5.49576
-0.000699555 -4.31205 5.46276
-0.000698505 -4.28737 5.42943
-0.000701261 -4.26237 5.39574
-0.000706699 -4.23703 5.36167
-0.000715821 -4.21117 5.32729
-0.000730892 -4.18491 5.29248
-0.000745304 -4.15825 5.2572
-0.000765081 -4.13106 5.2215
-0.000795188 -4.10337 5.18529
-0.000830577 -4.07516 5.14843
-0.000871063 -4.04635 5.11089
-0.000917216 -4.01685 5.07259
-0.000966189 -3.98654 5.03339
-0.00101542 -3.95525 4.99311
-0.00106426 -3.92284 4.95157
-0.00112315 -3.88917 4.90851
-0.00119571 -3.854 4.86363
-0.00128139 -3.81714 4.81663
-0.00136967 -3.77857 4.76752
-0.00145694 -3.73839 4.71663
-0.0015564 -3.69662 4.66553
-0.00172557 -3.65404 4.61431
-0.00190657 -3.61099 4.56348
-0.00205725 -3.56821 4.51353
-0.00224605 -3.52496 4.4642
-0.00239468 -3.48157 4.41507
-0.00245998 -3.43825 4.3664
-0.00250189 -3.39349 4.31866
-0.00251147 -3.34805 4.27069
-0.00246325 -3.30013 4.2231
-0.00241354 -3.25109 4.17557
-0.00237674 -3.20171 4.12782
-0.00236621 -3.15205 4.07977
-0.00237686 -3.10221 4.03146
-0.00239653 -3.0522 3.98292
-0.00241038 -3.002 3.93414
-0.00239925 -2.95145 3.88513
-0.00236614 -2.90009 3.83624
-0.0023345 -2.84843 3.78727
-0.00230874 -2.7966 3.73819
-0.00229054 -2.74465 3.68899
-0.00227676 -2.69262 3.63968
-0.00226261 -2.64054 3.5903
-0.0022454 -2.58843 3.54085
-0.00222683 -2.53628 3.49132
-0.00220859 -2.48404 3.44168
-0.00219153 -2.43174 3.39196
-0.00217543 -2.37937 3.34215
-0.00216029 -2.32692 3.29224
-0.00214615 -2.2744 3.24225
-0.00213295 -2.2218 3.19217
-0.00212058 -2.16911 3.142
-0.00210902 -2.11633 3.09173
-0.00209834 -2.06344 3.04135
-0.00208843 -2.01044 2.99088
-0.00207914 -1.95734 2.9403
-0.00207056 -1.90411 2.88961
-0.00206248 -1.85075 2.83881
-0.00205504 -1.79727 2.78788
-0.00204799 -1.74365 2.73684
-0.00204131 -1.68989 2.68569
-0.00203509 -1.636 2.63442
-0.00202911 -1.58197 2.58303
-0.0020234 -1.5278 2.53152
-0.00201795 -1.47349 2.4799
-0.00201268 -1.41904 2.42816
-0.00200766 -1.36444 2.37631
-0.00200281 -1.30971 2.32434
-0.00199821 -1.25483 2.27227
-0.00199377 -1.19983 2.22009
-0.00198949 -1.14468 2.1678
-0.00199463 -1.08927 2.11547
-0.00204051 -1.03307 2.06328
-0.00209508 -0.976576 2.01104
-0.00215256 -0.919873 1.95874
-0.00221106 -0.862997 1.90636
-0.00226949 -0.805961 1.85391
-0.00232746 -0.748777 1.80137
-0.0023845 -0.691447 1.74877
-0.00244 -0.633964 1.6961
-0.002493 -0.576321 1.64337
-0.00254227 -0.518514 1.59059
-0.0025864 -0.460533 1.53778
