-9.70162e-07 2.54199e-16 -0.0300445
-7.92644e-07 0.0686932 -0.000967254
4.84886e-06 0.153582 0.0472835
1.09545e-05 0.233456 0.0998949
1.23457e-05 0.309435 0.152682
1.09643e-05 0.382874 0.205031
8.79612e-06 0.454704 0.256935
7.2618e-06 0.525454 0.308478
6.54807e-06 0.59549 0.359752
6.02233e-06 0.665016 0.410828
6.33228e-06 0.73418 0.461752
7.48157e-06 0.80309 0.512569
8.61106e-06 0.871812 0.563304
1.00954e-05 0.940387 0.613968
1.24773e-05 1.00885 0.664575
1.48097e-05 1.07723 0.71514
1.74948e-05 1.14556 0.765666
2.08118e-05 1.21383 0.816165
2.46916e-05 1.28208 0.866635
2.80846e-05 1.35034 0.917089
3.16355e-05 1.41865 0.967542
2.85681e-05 1.35072 0.916682
2.54521e-05 1.28274 0.865819
2.16654e-05 1.21474 0.814949
1.90804e-05 1.14668 0.764063
1.67838e-05 1.07856 0.713173
1.43022e-05 1.01037 0.662261
1.28253e-05 0.94208 0.611325
1.10104e-05 0.873666 0.560351
1.03253e-05 0.805095 0.509331
9.78047e-06 0.736311 0.45824
9.90727e-06 0.667247 0.40706
1.03287e-05 0.597791 0.355751
1.17581e-05 0.527795 0.304255
1.35444e-05 0.457026 0.252519
1.60162e-05 0.385108 0.200446
1.74496e-05 0.311469 0.147965
1.60682e-05 0.235179 0.0951467
7.61396e-06 0.154898 0.0427421
1.15552e-05 0.0704495 -0.00380663
1.07877e-05 0.00250036 -0.0327715
-3.55908e-05 -0.0711355 -0.059954
5.49569e-06 -0.153992 -0.0776389
1.08326e-05 -0.233579 -0.0903952
1.23612e-05 -0.309472 -0.101034
1.1007e-05 -0.382878 -0.110567
8.82727e-06 -0.454691 -0.119456
7.29046e-06 -0.525435 -0.127937
6.58002e-06 -0.595467 -0.136156
6.05401e-06 -0.66499 -0.14419
6.36249e-06 -0.734153 -0.152096
7.51239e-06 -0.803063 -0.159912
8.6399e-06 -0.871784 -0.16766
1.01245e-05 -0.940358 -0.175362
1.25051e-05 -1.00882 -0.18303
1.4838e-05 -1.07721 -0.190675
1.75257e-05 -1.14553 -0.198305
2.08487e-05 -1.21382 -0.205925
2.47398e-05 -1.2821 -0.213541
2.81601e-05 -1.35042 -0.221155
2.51162e-05 -1.28244 -0.214088
2.14291e-05 -1.21444 -0.206998
1.87016e-05 -1.14638 -0.199882
1.63769e-05 -1.07826 -0.192731
1.39181e-05 -1.01007 -0.185539
1.23671e-05 -0.941785 -0.178294
1.06558e-05 -0.873375 -0.170993
9.94985e-06 -0.804806 -0.163612
9.36494e-06 -0.736025 -0.15614
9.52547e-06 -0.666969 -0.148539
9.97123e-06 -0.597521 -0.140773
1.13892e-05 -0.527537 -0.132786
1.31721e-05 -0.456786 -0.124482
1.55846e-05 -0.3849 -0.115705
1.69776e-05 -0.311326 -0.106199
1.54281e-05 -0.235166 -0.095457
1.04328e-05 -0.155292 -0.0823863
-1.30906e-05 -0.072299 -0.0640355
2.17707e-05 0.000178097 -0.0365665
-8.9389e-06 0.0722446 -0.00483541
1.07849e-05 0.155388 0.0430194
1.5829e-05 0.235312 0.095238
1.73609e-05 0.311508 0.147997
1.59766e-05 0.38511 0.200455
1.35009e-05 0.457013 0.252518
1.17152e-05 0.527776 0.304251
1.02856e-05 0.597769 0.355745
9.86011e-06 0.667222 0.407053
9.72273e-06 0.736285 0.458232
1.02804e-05 0.805069 0.509324
1.09628e-05 0.87364 0.560345
1.27641e-05 0.942054 0.611319
1.42497e-05 1.01034 0.662255
1.67329e-05 1.07854 0.713169
1.90477e-05 1.14666 0.764061
2.16612e-05 1.21474 0.814952
2.54485e-05 1.28279 0.865833
2.86059e-05 1.35086 0.916725
3.182e-05 1.41905 0.967652
3.71455e-05 1.48778 1.01821
4.32021e-05 1.55718 1.06893
4.96556e-05 1.62797 1.12001
5.69259e-05 1.70154 1.17182
6.62594e-05 1.77978 1.2249
7.82566e-05 1.86399 1.27965
9.17317e-05 1.95425 1.33619
0.000105585 2.05004 1.39447
0.000118867 2.15086 1.45441
0.000131582 2.25595 1.51579
0.000142862 2.36491 1.57853
0.000152832 2.4771 1.64241
0.000161346 2.59215 1.7073
0.000168871 2.70959 1.77305
0.000175556 2.82906 1.83955
0.000181391 2.95037 1.90674
0.0001868 3.07305 1.97445
0.000191709 3.19691 2.04264
0.000196027 3.32196 2.11132
0.000186155 3.25415 2.06044
0.000176125 3.18632 2.00955
0.000165518 3.11849 1.95866
0.000155704 3.05063 1.90777
0.000146717 2.98277 1.85687
0.000138798 2.91487 1.80597
0.000130843 2.84694 1.75506
0.00012255 2.77897 1.70414
0.000113608 2.71094 1.6532
0.000105853 2.64286 1.60225
9.85698e-05 2.5747 1.55127
9.0893e-05 2.50645 1.50026
8.31369e-05 2.4381 1.44923
7.64294e-05 2.36963 1.39816
6.91386e-05 2.30102 1.34704
6.23369e-05 2.23222 1.29586
5.54551e-05 2.16322 1.24462
4.82242e-05 2.09397 1.1933
4.18098e-05 2.02442 1.14187
3.46258e-05 1.9545 1.09029
2.77421e-05 1.88412 1.03855
2.05099e-05 1.81318 0.986587
1.25533e-05 1.74148 0.934324
4.27954e-06 1.66881 0.881668
-5.22742e-06 1.59482 0.828497
-1.68358e-05 1.51898 0.774613
-3.23869e-05 1.44047 0.719784
-5.37336e-05 1.35807 0.663739
-7.89769e-05 1.26996 0.606297
-0.000122156 1.17407 0.54757
-0.000166852 1.06929 0.487966
-0.000100034 0.957341 0.428934
-6.57723e-05 0.842871 0.370573
-2.72179e-05 0.727118 0.312496
-8.59977e-06 0.610085 0.255049
-1.7208e-05 0.492978 0.199376
-4.37036e-05 0.37842 0.146969
-3.03072e-05 0.266596 0.100176
-4.24418e-05 0.150728 0.0626633
-5.69188e-05 0.0425194 0.0321966
-6.86175e-05 -0.0627951 0.00305221
-7.98524e-05 -0.166696 -0.0258602
-9.09918e-05 -0.269997 -0.0549713
-9.5866e-05 -0.363603 -0.0775424
-9.94971e-05 -0.444725 -0.0917424
-9.51593e-05 -0.516877 -0.100409
-9.16479e-05 -0.587681 -0.108486
-8.95389e-05 -0.657621 -0.116215
-8.76995e-05 -0.727046 -0.123763
-8.56771e-05 -0.796139 -0.131199
-8.35696e-05 -0.864997 -0.138554
-8.12973e-05 -0.933674 -0.145852
-7.83991e-05 -1.00223 -0.153096
-7.55355e-05 -1.07071 -0.160304
-7.23871e-05 -1.13918 -0.167481
-6.86332e-05 -1.20773 -0.17462
-6.43649e-05 -1.27655 -0.181718
-5.95105e-05 -1.34596 -0.188773
-5.28707e-05 -1.41652 -0.19587
-4.47836e-05 -1.4897 -0.202842
-3.51911e-05 -1.5669 -0.209555
-2.40903e-05 -1.64893 -0.215941
-1.17879e-05 -1.73614 -0.221962
1.2696e-06 -1.82863 -0.227588
1.49624e-05 -1.92619 -0.232818
2.92888e-05 -2.02788 -0.237763
4.36901e-05 -2.13255 -0.242482
5.77868e-05 -2.23988 -0.246984
7.16516e-05 -2.34954 -0.251289
8.5056e-05 -2.46136 -0.255407
9.78222e-05 -2.57514 -0.259347
0.000109717 -2.69073 -0.26309
0.000120973 -2.80797 -0.266642
0.000131213 -2.92672 -0.270001
0.000140613 -3.04681 -0.27319
0.000149377 -3.1681 -0.276226
0.000157502 -3.29047 -0.2791
0.000165153 -3.41374 -0.281847
0.000155064 -3.34589 -0.274902
0.000144036 -3.27803 -0.267943
0.000133323 -3.21014 -0.260981
0.000123516 -3.14224 -0.254014
0.000114754 -3.07431 -0.247045
0.000106241 -3.00634 -0.240074
9.75942e-05 -2.93833 -0.233092
8.8243e-05 -2.87027 -0.226102
7.93093e-05 -2.80214 -0.219107
7.17532e-05 -2.73388 -0.212059
6.35889e-05 -2.66549 -0.204964
5.49079e-05 -2.597 -0.197854
4.74128e-05 -2.52837 -0.190732
4.01095e-05 -2.4596 -0.183595
3.21739e-05 -2.39066 -0.176445
2.47419e-05 -2.3215 -0.169274
1.75258e-05 -2.2521 -0.162075
1.03733e-05 -2.1824 -0.154842
2.88188e-06 -2.11233 -0.147568
-4.52124e-06 -2.04181 -0.140217
-1.21173e-05 -1.97074 -0.132793
-1.95133e-05 -1.89895 -0.125253
-2.78419e-05 -1.82621 -0.117559
-3.6743e-05 -1.75216 -0.109586
-4.72772e-05 -1.67642 -0.101357
-6.04718e-05 -1.59832 -0.0927561
-7.79926e-05 -1.51668 -0.0835367
-9.88644e-05 -1.42993 -0.073482
-0.000119178 -1.33598 -0.0623209
-0.00018413 -1.23371 -0.0498399
-0.00017549 -1.12321 -0.0360778
-0.000156705 -1.00405 -0.014876
-0.000162733 -0.878829 0.0130638
-0.000169421 -0.75278 0.0447337
-0.000197945 -0.626372 0.0779798
-0.000234122 -0.499622 0.111544
-0.000282264 -0.372914 0.145231
-0.000318138 -0.246746 0.179086
-0.000325747 -0.121911 0.213199
-0.000288091 0.000656185 0.247616
-0.000273585 0.121299 0.282056
-0.000273803 0.237552 0.319138
-0.00027108 0.349471 0.358013
-0.000267255 0.459287 0.396581
-0.000264603 0.567989 0.434428
-0.00026369 0.676307 0.471472
-0.000264102 0.784753 0.50767
-0.000265292 0.893755 0.543045
-0.000260426 0.993827 0.583179
-0.000251362 1.08486 0.628034
-0.000235202 1.161 0.680045
-0.000221505 1.23581 0.732341
-0.000210255 1.31008 0.784727
-0.00020008 1.38424 0.837157
-0.000190633 1.45855 0.889637
-0.000180969 1.53319 0.942198
-0.000170998 1.60827 0.994855
-0.000161095 1.68389 1.04766
-0.000150717 1.76014 1.10062
-0.000139991 1.83711 1.15378
-0.000129279 1.91489 1.20715
-0.000118369 1.99359 1.26077
-0.000105833 2.07331 1.31467
-9.3906e-05 2.15417 1.36888
-8.18078e-05 2.2363 1.42344
-6.94009e-05 2.31985 1.47839
-5.58571e-05 2.40499 1.53378
-4.16052e-05 2.49191 1.58968
-2.7778e-05 2.58081 1.64615
-1.36483e-05 2.67191 1.70325
-1.01764e-07 2.76541 1.76106
1.34489e-05 2.86155 1.81965
2.72886e-05 2.96045 1.87906
4.12926e-05 3.06221 1.93934
5.50185e-05 3.16674 2.0005
6.83207e-05 3.27396 2.06255
8.12333e-05 3.38381 2.12551
9.35411e-05 3.4962 2.1894
0.0001054 3.61094 2.25417
0.000116319 3.72774 2.31974
0.00012654 3.84632 2.38603
0.000136185 3.96644 2.45296
0.000145043 4.08802 2.52058
0.000154191 4.21092 2.5887
0.000164712 4.3348 2.65728
0.000174292 4.45931 2.72625
0.000182693 4.58447 2.79558
0.000190605 4.71019 2.86523
0.000198124 4.83637 2.93518
0.000205353 4.96291 3.00542
0.000212371 5.08975 3.07592
0.000219267 5.21684 3.14664
0.000226004 5.34411 3.21757
0.000232596 5.47151 3.28872
0.000242358 5.66279 3.39578
0.000249007 5.79041 3.46738
0.000255761 5.91808 3.53913
0.0002626 6.0458 3.61102
0.000269693 6.17353 3.68305
0.000276921 6.30128 3.7552
0.000284228 6.42902 3.82747
0.000291632 6.55676 3.89987
0.000299173 6.68448 3.97238
0.000306858 6.81218 4.045
0.000314778 6.93983 4.11772
0.000322973 7.06743 4.19054
0.000331418 7.19499 4.26344
0.000340092 7.32251 4.33645
0.000349012 7.45002 4.40959
0.000358212 7.57754 4.4829
0.000367816 7.70501 4.55633
0.000377703 7.83241 4.62984
0.000387824 7.95974 4.70343
0.000398192 8.087 4.77709
0.000408926 8.21417 4.85081
0.000420067 8.34126 4.92462
0.000431544 8.46826 4.99849
0.000443362 8.5952 5.07243
0.000455527 8.72206 5.14644
0.00043112 8.6539 5.09583
0.000395737 8.55158 5.0199
0.000372283 8.48325 4.96929
0.000348213 8.41477 4.91869
0.000323769 8.34616 4.86808
0.000298782 8.27743 4.81743
0.000273838 8.20856 4.76673
0.000249383 8.13953 4.71599
0.000225723 8.07032 4.66518
0.000202087 8.0009 4.6143
0.000178342 7.93126 4.56336
0.000153979 7.86138 4.51233
0.00012966 7.79122 4.46121
0.000106106 7.72077 4.40998
8.19082e-05 7.64999 4.35865
5.73528e-05 7.57883 4.30722
3.32783e-05 7.50729 4.25567
9.01953e-06 7.43535 4.20396
-1.56687e-05 7.36295 4.15211
-4.03267e-05 7.29002 4.10013
-6.57051e-05 7.2165 4.04802
-9.18458e-05 7.14243 3.99567
-0.000118715 7.06773 3.9431
-0.000145738 6.9923 3.89028
-0.000173924 6.91611 3.83718
-0.000203416 6.83907 3.78375
-0.000234279 6.76106 3.72994
-0.00026716 6.68192 3.67568
-0.00030281 6.60148 3.62085
-0.000341886 6.51951 3.56536
-0.000386148 6.43557 3.50911
-0.000436554 6.34924 3.45197
-0.000495443 6.26005 3.39366
-0.000564872 6.16742 3.33396
-0.00064307 6.0707 3.27276
-0.000724743 5.96944 3.21013
-0.000815048 5.86376 3.14641
-0.000896317 5.75381 3.08217
-0.00088456 5.64013 3.01737
-0.000829152 5.52423 2.95226
-0.000772787 5.40642 2.88717
-0.000725768 5.28699 2.82245
-0.000679266 5.16661 2.75763
-0.000629903 5.04502 2.69344
-0.000577037 4.9225 2.62937
-0.000527181 4.79901 2.56539
-0.000495898 4.67185 2.50684
-0.000456677 4.54338 2.44971
-0.000411239 4.41468 2.39304
-0.000363995 4.28603 2.33764
-0.000328962 4.15747 2.28343
-0.000276393 4.02942 2.22982
-0.000221161 3.90196 2.17642
-0.000185742 3.77553 2.12401
-0.000163426 3.64951 2.07167
-0.000146985 3.52399 2.0195
-0.000132849 3.39904 1.96754
-0.000118203 3.27455 1.91571
-0.00010335 3.15049 1.86396
-8.84525e-05 3.02676 1.81225
-7.82056e-05 2.90318 1.76059
-9.10714e-05 2.77916 1.7092
-0.000104161 2.65517 1.65784
-0.000109452 2.5311 1.60655
-0.000107452 2.40695 1.55524
-0.000105317 2.28274 1.50378
-0.00010327 2.15841 1.45213
-0.00010143 2.03399 1.40031
-9.96049e-05 1.9094 1.3483
-9.78617e-05 1.78461 1.29608
-9.61916e-05 1.6596 1.24365
-9.44146e-05 1.53436 1.19101
-9.1466e-05 1.40884 1.13825
-9.72189e-05 1.28273 1.08558
-0.000109228 1.15605 1.03298
-0.000120729 1.02901 0.980243
-0.000128009 0.901575 0.927429
-0.000132287 0.77377 0.874483
-0.000135258 0.645635 0.821356
-0.000137782 0.517179 0.768028
-0.000140039 0.388376 0.714544
-0.000142797 0.258929 0.661722
-0.000145147 0.128878 0.609416
-0.00014686 -0.00160057 0.557173
-0.000147972 -0.132479 0.504837
-0.000148609 -0.263733 0.45233
-0.000148568 -0.395347 0.399675
-0.000148057 -0.527318 0.34687
-0.00014732 -0.659625 0.293921
-0.000146029 -0.792263 0.24084
-0.000144161 -0.925228 0.187632
-0.000141969 -1.0585 0.134313
-0.0001391 -1.19166 0.0825526
-0.000135947 -1.32457 0.0332957
-0.000132193 -1.45787 -0.0157637
-0.000127061 -1.58813 -0.061664
-0.000116289 -1.6818 -0.077888
-0.000105836 -1.76702 -0.0882272
-9.32201e-05 -1.84972 -0.0964949
-7.9247e-05 -1.93209 -0.103938
-6.59481e-05 -2.01492 -0.110977
-5.13427e-05 -2.09863 -0.117783
-3.66343e-05 -2.1834 -0.124379
-2.11545e-05 -2.26928 -0.13077
-5.52512e-06 -2.35631 -0.136984
1.08561e-05 -2.44449 -0.143024
2.72863e-05 -2.53392 -0.148888
4.35676e-05 -2.62475 -0.15457
5.96148e-05 -2.71715 -0.160061
7.61708e-05 -2.81123 -0.165369
9.35203e-05 -2.90696 -0.17051
0.000111353 -3.0044 -0.175476
0.000128693 -3.10358 -0.180259
0.000146114 -3.20444 -0.184863
0.000164523 -3.30705 -0.189277
0.000186195 -3.41154 -0.193477
0.000207244 -3.51783 -0.197472
0.000227482 -3.6258 -0.201269
0.000246743 -3.73539 -0.204873
0.00026504 -3.84649 -0.20829
0.000282246 -3.95898 -0.211532
0.000298897 -4.07271 -0.214612
0.000315268 -4.18755 -0.217551
0.000331347 -4.30344 -0.220388
0.000347067 -4.42035 -0.223147
0.000362324 -4.53816 -0.225813
0.000376942 -4.65674 -0.228375
0.000390772 -4.77602 -0.230842
0.000404056 -4.89593 -0.233221
0.000416923 -5.01644 -0.23554
0.000429483 -5.13749 -0.237799
0.000441789 -5.25902 -0.239989
0.000453786 -5.38101 -0.242102
0.000463957 -5.50339 -0.244142
0.000473851 -5.62609 -0.246122
0.000484625 -5.74913 -0.248051
0.000495582 -5.87249 -0.249931
0.000506561 -5.99615 -0.251765
0.000517276 -6.12008 -0.253558
0.000527824 -6.24424 -0.255305
0.000538394 -6.36862 -0.257003
0.000548987 -6.49321 -0.258655
0.000559651 -6.61798 -0.26026
0.000570406 -6.74291 -0.261825
0.000581138 -6.86798 -0.263353
0.000591852 -6.99318 -0.264846
0.000602571 -7.11849 -0.266306
0.0006134 -7.2439 -0.267736
0.000624381 -7.3694 -0.269135
0.000635617 -7.49495 -0.270507
0.000646962 -7.62056 -0.271853
0.000658428 -7.74621 -0.273167
0.00067003 -7.87191 -0.274429
0.000681651 -7.99765 -0.275637
0.000693383 -8.1234 -0.276817
0.000705218 -8.24915 -0.277981
0.000717389 -8.37487 -0.279124
0.000729721 -8.50059 -0.280248
0.00074219 -8.62628 -0.281354
0.000754955 -8.75195 -0.28244
0.000768091 -8.87759 -0.283499
0.00074384 -8.80925 -0.276063
0.000708691 -8.70665 -0.264867
0.000684936 -8.63816 -0.257397
0.000660975 -8.5696 -0.24993
0.000636232 -8.50088 -0.24244
0.000611353 -8.43204 -0.234942
0.000586978 -8.36303 -0.227457
0.000563426 -8.29389 -0.219981
0.000540034 -8.22441 -0.212409
0.000516259 -8.15472 -0.204819
0.000492397 -8.08476 -0.197229
0.000468077 -8.01456 -0.189609
0.000444742 -7.94403 -0.181992
0.00042107 -7.87322 -0.174392
0.000396941 -7.80204 -0.166811
0.000373079 -7.73049 -0.15921
0.0003493 -7.65849 -0.151616
0.000325188 -7.58609 -0.144014
0.000300938 -7.51319 -0.136433
0.00027607 -7.43983 -0.128867
0.000250215 -7.36582 -0.121247
0.000224905 -7.29125 -0.113616
0.000198331 -7.21594 -0.105981
0.000170651 -7.13985 -0.0982557
0.00014186 -7.06286 -0.0905148
0.000111127 -6.98472 -0.082519
7.88922e-05 -6.90543 -0.0744963
4.38063e-05 -6.82491 -0.0664428
5.4285e-06 -6.74267 -0.058157
-3.69501e-05 -6.65848 -0.0496243
-8.68302e-05 -6.57192 -0.0409169
-0.000144607 -6.48234 -0.0318394
-0.000211579 -6.38902 -0.02235
-0.000284265 -6.29138 -0.0123447
-0.000356948 -6.1889 -0.00183199
-0.000441145 -6.08199 0.00889439
-0.000510745 -5.97072 0.0205859
-0.000518731 -5.85567 0.0355488
-0.000539273 -5.73918 0.0553706
-0.000545403 -5.62128 0.0771278
-0.000554672 -5.50314 0.100758
-0.000569719 -5.38364 0.125699
-0.000594347 -5.26327 0.151522
-0.000616966 -5.14119 0.178801
-0.00063413 -5.01759 0.206569
-0.000656999 -4.89302 0.234429
-0.000682737 -4.76799 0.261969
-0.000710157 -4.64277 0.289304
-0.000742969 -4.51737 0.316417
-0.000775431 -4.39197 0.343406
-0.000801589 -4.26643 0.37016
-0.00082296 -4.14092 0.396774
-0.000837194 -4.01531 0.423141
-0.000844385 -3.88983 0.449381
-0.000840124 -3.76446 0.475406
-0.000817673 -3.63947 0.501326
-0.000787996 -3.5146 0.527026
-0.00075911 -3.39005 0.552639
-0.000731569 -3.26551 0.578024
-0.000705119 -3.14126 0.603299
-0.000680602 -3.01701 0.628343
-0.00067628 -2.89242 0.653452
-0.000674251 -2.76774 0.678339
-0.000669005 -2.64315 0.703162
-0.000656324 -2.51834 0.727814
-0.000643297 -2.39368 0.752329
-0.000630629 -2.26885 0.776567
-0.000618788 -2.14412 0.800656
-0.000607821 -2.01913 0.824469
-0.000597272 -1.89414 0.848134
-0.000587408 -1.76896 0.871584
-0.000578168 -1.64362 0.894841
-0.000569445 -1.51808 0.917913
-0.000560948 -1.39235 0.940812
-0.000552605 -1.26639 0.963542
-0.00054455 -1.14021 0.986113
-0.000536786 -1.01379 1.00853
-0.00052885 -0.88712 1.0308
-0.000521125 -0.760219 1.05293
-0.000511299 -0.633089 1.07493
-0.000496837 -0.505763 1.09681
-0.000482082 -0.378193 1.11856
-0.000470052 -0.250262 1.14025
-0.000466086 -0.121694 1.16198
-0.000464685 0.00730884 1.1837
-0.000462394 0.136636 1.20537
-0.000459654 0.266245 1.22697
-0.000456395 0.396128 1.24848
-0.000452541 0.526263 1.26991
-0.000448176 0.656652 1.29126
-0.000443059 0.787297 1.31255
-0.000438256 0.918297 1.33384
-0.000440919 1.05024 1.35568
-0.00044352 1.18268 1.37767
-0.000444878 1.31544 1.39965
-0.000444881 1.4485 1.4216
-0.000442531 1.58191 1.44363
-0.00043832 1.71562 1.46568
-0.000433518 1.84959 1.48767
-0.000427782 1.98381 1.50963
-0.000421712 2.11824 1.5317
-0.000424785 2.25249 1.55618
-0.000428503 2.38703 1.58091
-0.000432522 2.52186 1.60573
-0.000437018 2.6513 1.63529
-0.000441643 2.75046 1.68659
-0.000439224 2.84443 1.74148
-0.00042737 2.93536 1.79824
-0.000411864 3.02606 1.85555
-0.000395221 3.11733 1.91319
-0.000378149 3.20932 1.9711
-0.0003607 3.30211 2.02931
-0.000343469 3.39573 2.08785
-0.000326338 3.49019 2.14673
-0.000309418 3.58551 2.20596
-0.000292467 3.6817 2.26555
-0.000275583 3.77878 2.32549
-0.000258263 3.87676 2.38577
-0.000240526 3.97564 2.44638
-0.000223019 4.07545 2.50731
-0.000205671 4.17617 2.56857
-0.000188278 4.27782 2.63017
-0.000170723 4.38039 2.69211
-0.00015302 4.48389 2.75439
-0.000135031 4.58831 2.81701
-0.00011691 4.69366 2.87996
-9.88103e-05 4.79993 2.94326
-8.1097e-05 4.90712 3.00688
-6.31026e-05 5.01522 3.07085
-4.51848e-05 5.12423 3.13514
-2.73391e-05 5.23412 3.19977
-9.3931e-06 5.3449 3.26473
8.63352e-06 5.45654 3.33001
2.68319e-05 5.56903 3.39561
4.51381e-05 5.68236 3.46152
6.37686e-05 5.79649 3.52775
8.25218e-05 5.91141 3.59428
0.000101377 6.02709 3.66111
0.000120355 6.14352 3.72823
0.000139388 6.26065 3.79564
0.000158516 6.37847 3.86333
0.000177757 6.49694 3.9313
0.000197122 6.61603 3.99954
0.000216677 6.73572 4.06804
0.000236569 6.85596 4.1368
0.000256571 6.97675 4.20583
0.000276671 7.09802 4.2751
0.000296983 7.21977 4.3446
0.000317506 7.34195 4.41433
0.00033823 7.46454 4.48428
0.000359176 7.58751 4.55444
0.000380247 7.71084 4.62478
0.000401484 7.83449 4.69532
0.000422855 7.95845 4.76605
0.000444368 8.0827 4.83696
0.000466081 8.2072 4.90804
0.000488058 8.33194 4.9793
0.000510309 8.45691 5.05073
0.000532508 8.5821 5.12236
0.000554858 8.70746 5.19414
0.00057745 8.83298 5.26606
0.000600267 8.95862 5.33812
0.000623306 9.08437 5.41032
0.000646567 9.21021 5.48265
0.000670056 9.33613 5.55511
0.000693818 9.46212 5.6277
0.000717911 9.58816 5.70042
0.000742283 9.71424 5.77326
0.000766891 9.84035 5.84621
0.00079175 9.96648 5.91925
0.000816968 10.0927 5.99232
0.000842568 10.2189 6.06549
0.000868643 10.3451 6.13873
0.000895093 10.4714 6.21204
0.000921836 10.5976 6.28543
0.000948558 10.7239 6.35889
0.000975337 10.8501 6.43241
0.00100212 10.9764 6.50601
0.00102876 11.1025 6.5797
0.00105502 11.2286 6.65345
0.00108089 11.3547 6.72731
0.00104984 11.2861 6.67708
0.00100395 11.183 6.6017
0.000973806 11.1143 6.55142
0.000943573 11.0454 6.5011
0.000913142 10.9763 6.45074
0.000882159 10.9072 6.40033
0.000851401 10.8378 6.34985
0.000820864 10.7683 6.2993
0.000790871 10.6985 6.24869
0.000761052 10.6284 6.19799
0.000731095 10.5581 6.14721
0.00070147 10.4874 6.09637
0.000671604 10.4163 6.04543
0.000642688 10.3449 5.99442
0.000613931 10.2731 5.94328
0.000584568 10.2009 5.89199
0.000554858 10.1282 5.84053
0.000525872 10.0551 5.78893
0.000496498 9.98147 5.73721
0.000466655 9.90727 5.6853
0.000436426 9.83249 5.63319
0.000405307 9.75708 5.58086
0.00037333 9.68092 5.52832
0.00033991 9.6039 5.4756
0.000306348 9.52611 5.42258
0.000271109 9.44747 5.36925
0.000234363 9.36785 5.31555
0.000195561 9.287 5.26153
0.000154856 9.20497 5.20698
0.000111525 9.1216 5.1518
6.44321e-05 9.03656 5.09598
1.38529e-05 8.94948 5.03945
-4.33436e-05 8.86005 4.98201
-0.000110083 8.76787 4.92348
-0.000186683 8.67249 4.86371
-0.000272933 8.57354 4.80261
-0.000363378 8.47083 4.74029
-0.000458444 8.3646 4.67711
-0.000531164 8.25502 4.61344
-0.000527305 8.14214 4.54974
-0.000498041 8.02647 4.48717
-0.000470075 7.90943 4.42645
-0.000457079 7.79184 4.36821
-0.000446804 7.67326 4.31116
-0.000440855 7.55369 4.25491
-0.000441274 7.43346 4.19848
-0.000449855 7.31178 4.14363
-0.000469757 7.18981 4.08951
-0.000483035 7.06645 4.03739
-0.00049697 6.94231 3.98556
-0.000519801 6.81801 3.93374
-0.000542883 6.69362 3.88184
-0.000555725 6.56878 3.83012
-0.000555028 6.44382 3.77861
-0.000553093 6.31848 3.72698
-0.000555378 6.1929 3.67522
-0.000559179 6.06726 3.62334
-0.000558817 5.94162 3.57135
-0.000546531 5.81611 3.51931
-0.000521249 5.69066 3.46732
-0.000490162 5.56465 3.4157
-0.000466064 5.43867 3.3641
-0.000446662 5.31279 3.31247
-0.000429161 5.18701 3.2608
-0.000412732 5.0614 3.20911
-0.000396045 4.93591 3.15738
-0.000379375 4.81051 3.10561
-0.000362849 4.68526 3.05383
-0.000346615 4.56009 3.00201
-0.000330899 4.43496 2.95013
-0.000315762 4.30985 2.8982
-0.000301276 4.18474 2.84621
-0.000287424 4.05961 2.79414
-0.000274233 3.93442 2.742
-0.000261694 3.80916 2.68977
-0.000249729 3.68379 2.63744
-0.000238265 3.55833 2.58503
-0.000227256 3.43274 2.53252
-0.000216673 3.30702 2.47991
-0.000206382 3.18115 2.4272
-0.000196303 3.05513 2.37439
-0.000186484 2.92895 2.32148
-0.000176889 2.8026 2.26847
-0.000173246 2.6758 2.21551
-0.000178268 2.54838 2.16269
-0.00018353 2.42069 2.10981
-0.000187775 2.29272 2.05691
-0.000188342 2.16444 2.00399
-0.000187648 2.03593 1.95101
-0.000185501 1.90721 1.89796
-0.000182997 1.7783 1.84482
-0.000180453 1.64921 1.79158
-0.000176966 1.51993 1.73827
-0.000173076 1.39046 1.68488
-0.000168914 1.26081 1.63141
-0.00016457 1.131 1.57786
-0.000160027 1.00102 1.52423
-0.000155011 0.870867 1.47054
-0.000149576 0.740554 1.41678
-0.000143752 0.610084 1.36295
-0.000137667 0.479459 1.30907
-0.000131115 0.348689 1.25514
-0.000124165 0.21777 1.20115
-0.000116953 0.0867096 1.1471
-0.000109568 -0.0444869 1.09301
-0.000101816 -0.175816 1.03888
-9.36041e-05 -0.307274 0.984704
-8.49163e-05 -0.438856 0.930495
-7.57954e-05 -0.570565 0.876249
-6.86461e-05 -0.702553 0.822062
-6.83677e-05 -0.83529 0.768226
-6.87269e-05 -0.968254 0.714428
-6.62531e-05 -1.10138 0.660653
-6.11917e-05 -1.23465 0.606879
-5.56857e-05 -1.36805 0.553096
-4.96093e-05 -1.50158 0.499305
-4.29574e-05 -1.63522 0.445505
-3.59803e-05 -1.76899 0.391701
-2.85101e-05 -1.90286 0.337894
-2.60575e-05 -2.03753 0.284796
-2.63585e-05 -2.17313 0.232495
-2.62825e-05 -2.30894 0.180287
-2.54346e-05 -2.44498 0.128229
-2.34694e-05 -2.58126 0.0763042
-2.06378e-05 -2.71769 0.0244032
-2.2673e-05 -2.85308 -0.0233555
-3.92819e-05 -2.97408 -0.0561363
-5.08529e-05 -3.07544 -0.0710415
-5.74138e-05 -3.17108 -0.0805789
-5.52602e-05 -3.26447 -0.0880705
-4.55243e-05 -3.35756 -0.0947721
-3.37385e-05 -3.45106 -0.10106
-2.0818e-05 -3.5452 -0.107118
-6.78573e-06 -3.64006 -0.11301
8.11638e-06 -3.73565 -0.118735
2.35378e-05 -3.832 -0.124293
3.9554e-05 -3.92911 -0.129693
5.54351e-05 -4.02699 -0.134955
7.15078e-05 -4.12565 -0.140083
8.80768e-05 -4.22509 -0.145079
0.000104638 -4.32532 -0.149942
0.000121215 -4.42635 -0.154663
0.000137772 -4.52818 -0.159244
0.000154509 -4.63082 -0.163683
0.000171513 -4.73428 -0.167979
0.000188755 -4.83858 -0.172147
0.000206335 -4.94372 -0.176198
0.000224083 -5.04971 -0.180135
0.000241472 -5.15655 -0.18396
0.00025907 -5.26423 -0.187675
0.000276854 -5.37275 -0.191277
0.00029471 -5.48212 -0.194767
0.000312566 -5.59231 -0.198146
0.000330625 -5.70332 -0.201414
0.000348871 -5.81514 -0.204572
0.0003673 -5.92775 -0.207622
0.00038596 -6.04114 -0.210564
0.000404996 -6.15528 -0.2134
0.000424148 -6.27017 -0.216131
0.000443485 -6.38577 -0.218759
0.000462983 -6.50207 -0.221287
0.0004826 -6.61903 -0.223716
0.000502306 -6.73664 -0.226048
0.000522171 -6.85486 -0.228285
0.000542223 -6.97367 -0.230432
0.00056245 -7.09303 -0.23249
0.000582732 -7.21292 -0.234462
0.000603076 -7.33331 -0.236349
0.000623638 -7.45416 -0.238152
0.000644424 -7.57546 -0.23987
0.000665378 -7.69716 -0.241503
0.000686575 -7.81924 -0.243055
0.000707911 -7.94167 -0.24453
0.000729391 -8.06442 -0.245927
0.000750971 -8.18747 -0.247247
0.000772517 -8.31078 -0.24848
0.000794173 -8.43433 -0.249645
0.000816111 -8.5581 -0.250753
0.000838225 -8.68206 -0.251809
0.000860528 -8.8062 -0.252815
0.000882984 -8.9305 -0.253777
0.000905608 -9.05494 -0.254703
0.000928394 -9.1795 -0.255607
0.00095116 -9.30418 -0.2565
0.000973942 -9.42896 -0.257373
0.000996946 -9.55388 -0.258268
0.00102012 -9.6789 -0.259164
0.00104356 -9.80398 -0.260037
0.00106723 -9.92912 -0.260907
0.00109126 -10.0544 -0.261831
0.00111507 -10.1798 -0.26277
0.00113888 -10.3052 -0.263669
0.00116274 -10.4307 -0.264551
0.00118669 -10.5563 -0.265444
0.00121002 -10.6818 -0.266323
0.00123217 -10.8073 -0.267189
0.00125462 -10.9327 -0.26804
0.00127752 -11.058 -0.26888
0.00130064 -11.1833 -0.269708
0.00132402 -11.3086 -0.270528
0.00134767 -11.4337 -0.271338
0.0013164 -11.3651 -0.263581
0.00127086 -11.2621 -0.251951
0.0012409 -11.1933 -0.244205
0.00121061 -11.1244 -0.236457
0.00117972 -11.0554 -0.228694
0.0011481 -10.9862 -0.220941
0.00111692 -10.9168 -0.213201
0.00108602 -10.8472 -0.205475
0.00105617 -10.7773 -0.197694
0.00102667 -10.7072 -0.189885
0.000997667 -10.6367 -0.18204
0.000967976 -10.5658 -0.174188
0.000938732 -10.4947 -0.166336
0.000910297 -10.4231 -0.158465
0.000882004 -10.3512 -0.150569
0.000852802 -10.2788 -0.142667
0.000823356 -10.206 -0.134747
0.000793634 -10.1327 -0.126859
0.000763325 -10.0589 -0.119008
0.000733398 -9.98465 -0.111196
0.000702764 -9.90977 -0.103408
0.000670812 -9.83425 -0.0956332
0.000637963 -9.75781 -0.0876761
0.0006036 -9.6806 -0.0797074
0.000569146 -9.60261 -0.0717482
0.000533693 -9.52356 -0.0635732
0.000494914 -9.44348 -0.0553068
0.000454328 -9.36232 -0.0470437
0.000411606 -9.27986 -0.0386972
0.000366758 -9.19587 -0.030176
0.000318568 -9.11009 -0.0214876
0.000265755 -9.02218 -0.0126447
0.000206118 -8.9317 -0.00350652
0.000135902 -8.83827 0.00591158
5.39146e-05 -8.74137 0.0156309
-3.44924e-05 -8.64066 0.025542
-0.000120705 -8.53609 0.0358538
-0.000208395 -8.42801 0.0468258
-0.000251459 -8.31618 0.0605493
-0.000274464 -8.20211 0.0762163
-0.000295481 -8.08658 0.094
-0.000313209 -7.97048 0.114146
-0.000342775 -7.85347 0.135764
-0.000376646 -7.73604 0.158156
-0.000398745 -7.61849 0.181313
-0.000419906 -7.49938 0.205756
-0.000437134 -7.37956 0.230301
-0.00044626 -7.25734 0.255986
-0.000458119 -7.13405 0.281938
-0.000478282 -7.01047 0.307873
-0.00050229 -6.88661 0.333694
-0.000528137 -6.76257 0.359385
-0.000555115 -6.63839 0.384918
-0.000580113 -6.51405 0.410292
-0.000599905 -6.38945 0.43556
-0.000615594 -6.26428 0.460873
-0.000629023 -6.13892 0.486095
-0.000639309 -6.01352 0.511191
-0.000645984 -5.88812 0.536145
-0.000645401 -5.76279 0.560942
-0.000633883 -5.6376 0.585571
-0.000613022 -5.51254 0.610046
-0.000592031 -5.38761 0.634374
-0.000569081 -5.26273 0.658554
-0.000547291 -5.13791 0.682572
-0.0005259 -5.01317 0.706422
-0.000504543 -4.88846 0.730105
-0.000483655 -4.76381 0.753614
-0.000463484 -4.6392 0.776949
-0.000444103 -4.5146 0.80011
-0.000425698 -4.39 0.8231
-0.000408273 -4.26537 0.84592
-0.000391762 -4.1407 0.868574
-0.000376253 -4.01598 0.891064
-0.000361522 -3.89118 0.913398
-0.000347703 -3.76627 0.935579
-0.000334584 -3.64125 0.957614
-0.000322134 -3.51612 0.979506
-0.000310288 -3.39085 1.00126
-0.000298815 -3.26545 1.02288
-0.000287751 -3.13989 1.04438
-0.000277101 -3.01418 1.06576
-0.000266651 -2.88831 1.08702
-0.000256406 -2.76227 1.10817
-0.000246372 -2.63606 1.12922
-0.000236393 -2.50968 1.15016
-0.000226459 -2.38312 1.17101
-0.000216515 -2.2564 1.19177
-0.000206471 -2.12949 1.21245
-0.00019863 -2.00232 1.23306
-0.00019958 -1.8745 1.25368
-0.000202354 -1.74639 1.27425
-0.000205679 -1.61804 1.29476
-0.000208838 -1.48948 1.31521
-0.000211866 -1.36073 1.33561
-0.000214641 -1.23179 1.35594
-0.000216977 -1.10267 1.37623
-0.000218819 -0.973352 1.39646
-0.000219831 -0.843844 1.41666
-0.000219698 -0.714139 1.43682
-0.000218127 -0.584235 1.45695
