-6.78279e-07 -3.81229e-09 -0.0239652
-9.414e-06 0.0414626 -0.047558
9.84091e-06 0.0941581 -0.0630566
1.3113e-05 0.142914 -0.0735054
1.23699e-05 0.188929 -0.082128
9.98924e-06 0.233243 -0.0898389
7.93684e-06 0.276512 -0.0970326
6.36435e-06 0.31909 -0.103903
5.56195e-06 0.361218 -0.110569
5.18979e-06 0.403025 -0.11709
5.1175e-06 0.444607 -0.123514
5.39276e-06 0.486031 -0.129868
5.94576e-06 0.527339 -0.136171
7.01924e-06 0.568557 -0.14244
8.65948e-06 0.609706 -0.148684
9.76596e-06 0.650807 -0.154914
1.19029e-05 0.691871 -0.161132
1.44734e-05 0.73291 -0.167345
1.6139e-05 0.773933 -0.173559
1.80253e-05 0.81497 -0.179775
2.17183e-05 0.856065 -0.18599
1.83666e-05 0.815254 -0.180267
1.71448e-05 0.774423 -0.174523
1.54793e-05 0.733573 -0.168763
1.27002e-05 0.692687 -0.162984
1.18229e-05 0.651767 -0.157175
1.06939e-05 0.610802 -0.151333
9.47817e-06 0.569776 -0.145452
8.89123e-06 0.528672 -0.139525
8.128e-06 0.487471 -0.133536
8.22047e-06 0.446137 -0.127473
8.62771e-06 0.404629 -0.121309
9.31186e-06 0.362876 -0.115015
1.10218e-05 0.320783 -0.108543
1.2856e-05 0.278199 -0.101819
1.52786e-05 0.234879 -0.0947137
1.77741e-05 0.190434 -0.0870147
1.84376e-05 0.144204 -0.0782818
1.53793e-05 0.0951473 -0.0675092
1.05346e-05 0.0426074 -0.0510903
1.14405e-05 0.00174683 -0.0276295
-3.6671e-05 -0.0433243 0.000172765
9.49716e-06 -0.0944083 0.041514
1.30791e-05 -0.142982 0.0855165
1.23792e-05 -0.188944 0.129153
9.98873e-06 -0.233238 0.17214
7.94305e-06 -0.276497 0.214609
6.36597e-06 -0.319071 0.256701
5.56264e-06 -0.361197 0.298524
5.19238e-06 -0.403003 0.34015
5.11988e-06 -0.444584 0.381632
5.39718e-06 -0.486008 0.423013
5.95054e-06 -0.527316 0.464317
7.02613e-06 -0.568533 0.505554
8.66355e-06 -0.609683 0.546742
9.77174e-06 -0.650786 0.587889
1.191e-05 -0.691855 0.629005
1.44759e-05 -0.732903 0.670099
1.61311e-05 -0.77395 0.711174
1.79977e-05 -0.815038 0.752252
1.65858e-05 -0.774206 0.710882
1.50488e-05 -0.733356 0.669504
1.2424e-05 -0.692471 0.62811
1.12446e-05 -0.651551 0.586706
1.03595e-05 -0.610586 0.545284
8.95877e-06 -0.569561 0.503838
8.44954e-06 -0.52846 0.462353
7.69596e-06 -0.487259 0.420823
7.77604e-06 -0.445927 0.37922
8.20812e-06 -0.404424 0.337536
8.83345e-06 -0.362675 0.295718
1.04619e-05 -0.32059 0.253717
1.22604e-05 -0.278016 0.211459
1.46242e-05 -0.234715 0.168836
1.72e-05 -0.190312 0.125713
1.78165e-05 -0.144164 0.0820021
1.455e-05 -0.0953702 0.0381206
-2.67866e-05 -0.0441675 -0.00273562
2.27685e-05 0.00012775 -0.0296127
-2.41642e-05 0.0441224 -0.0522612
1.511e-05 0.0954476 -0.0676009
1.82819e-05 0.144278 -0.0783074
1.76708e-05 0.19045 -0.0870269
1.51686e-05 0.234873 -0.094721
1.27459e-05 0.278184 -0.101824
1.09231e-05 0.320765 -0.108546
9.21627e-06 0.362855 -0.115017
8.53995e-06 0.404607 -0.12131
8.12289e-06 0.446115 -0.127473
8.04228e-06 0.487448 -0.133535
8.79849e-06 0.52865 -0.139524
9.37287e-06 0.569754 -0.14545
1.06266e-05 0.61078 -0.151331
1.17085e-05 0.651748 -0.157172
1.26442e-05 0.692673 -0.16298
1.54023e-05 0.733573 -0.168758
1.70284e-05 0.77446 -0.174517
1.8273e-05 0.81538 -0.180255
2.16145e-05 0.856402 -0.185968
2.51709e-05 0.897857 -0.192165
2.81801e-05 0.939879 -0.198346
3.04301e-05 0.9831 -0.204478
3.35405e-05 1.0287 -0.2105
3.72622e-05 1.0783 -0.216319
3.92819e-05 1.13298 -0.221865
3.5996e-05 1.19278 -0.227093
2.51638e-05 1.25722 -0.232014
6.28494e-06 1.32584 -0.236602
-2.00253e-05 1.39801 -0.240914
-5.18472e-05 1.47339 -0.244909
-8.72417e-05 1.55145 -0.248644
-0.000125473 1.63189 -0.252122
-0.000165552 1.71433 -0.255378
-0.000206375 1.79844 -0.258433
-0.000247273 1.8841 -0.261267
-0.000287882 1.97089 -0.263964
-0.000327999 2.05864 -0.266521
-0.000367633 2.14739 -0.268896
-0.000375227 2.10665 -0.263285
-0.000383478 2.06591 -0.257672
-0.000392098 2.02516 -0.252054
-0.000401741 1.98439 -0.246433
-0.000411303 1.94362 -0.240807
-0.000420114 1.90282 -0.23518
-0.000427782 1.86199 -0.229547
-0.000435402 1.82114 -0.223911
-0.000444047 1.78024 -0.218272
-0.000453935 1.7393 -0.212629
-0.000463417 1.6983 -0.206984
-0.000472444 1.65723 -0.201335
-0.000481873 1.61608 -0.195673
-0.00049201 1.57484 -0.190003
-0.000502075 1.53349 -0.184328
-0.000512926 1.492 -0.178638
-0.00052409 1.45036 -0.172929
-0.000536119 1.40852 -0.167198
-0.000549072 1.36647 -0.161442
-0.000563239 1.32414 -0.155664
-0.000578657 1.28148 -0.149844
-0.000596053 1.23841 -0.143972
-0.000615724 1.1948 -0.138032
-0.00063889 1.15049 -0.132001
-0.000666203 1.10526 -0.125832
-0.000700081 1.05871 -0.119464
-0.000744035 1.01025 -0.112805
-0.000803911 0.958954 -0.105709
-0.00088441 0.903331 -0.0979641
-0.000979325 0.841471 -0.0893676
-0.0010925 0.772023 -0.0798808
-0.000962158 0.695662 -0.0700009
-0.000808376 0.61645 -0.0601346
-0.000638271 0.535821 -0.0502376
-0.000489304 0.453685 -0.040138
-0.000344837 0.371281 -0.0287866
-0.000173515 0.291407 -0.0147778
-0.00010958 0.214071 0.00406512
-9.09593e-05 0.133209 0.0330199
-0.000106105 0.0587779 0.0660272
-0.000108759 -0.0132883 0.0990788
-0.000112263 -0.084345 0.131447
-0.000117027 -0.155093 0.162989
-0.000128685 -0.217504 0.197915
-0.000133487 -0.26911 0.237352
-0.000114797 -0.312928 0.279623
-0.000100232 -0.355733 0.321775
-9.0388e-05 -0.397908 0.363786
-8.27573e-05 -0.439727 0.405651
-7.64558e-05 -0.481323 0.447402
-7.04101e-05 -0.522766 0.489064
-6.49396e-05 -0.564092 0.530651
-5.93789e-05 -0.605341 0.572194
-5.46421e-05 -0.646552 0.613706
-4.91815e-05 -0.687772 0.655206
-4.39994e-05 -0.729084 0.69674
-3.93845e-05 -0.770635 0.738365
-3.70269e-05 -0.812714 0.780189
-3.28526e-05 -0.855813 0.822321
-2.57608e-05 -0.901195 0.86537
-1.73658e-05 -0.950084 0.909867
-6.64368e-06 -1.00316 0.956157
4.8449e-06 -1.0607 1.00443
1.57169e-05 -1.12279 1.05479
2.42061e-05 -1.18923 1.10721
2.99106e-05 -1.25917 1.16132
3.19346e-05 -1.33161 1.21677
2.92743e-05 -1.40623 1.27348
2.14973e-05 -1.48277 1.33135
8.72556e-06 -1.56105 1.39033
-8.40853e-06 -1.64091 1.45035
-2.93229e-05 -1.72221 1.51139
-5.33607e-05 -1.80481 1.57339
-8.05799e-05 -1.88861 1.63629
-0.000109757 -1.97347 1.70001
-0.000140504 -2.05926 1.76448
-0.000172003 -2.14589 1.82963
-0.000204276 -2.23322 1.89537
-0.000212124 -2.19245 1.854
-0.000220783 -2.15167 1.81263
-0.000230145 -2.11088 1.77126
-0.000240469 -2.07008 1.72988
-0.000250472 -2.02925 1.68849
-0.000259807 -1.9884 1.64709
-0.00026757 -1.94751 1.60567
-0.000276097 -1.90657 1.56423
-0.00028571 -1.86559 1.52276
-0.000296117 -1.82451 1.4813
-0.000305158 -1.78331 1.43983
-0.000314715 -1.74204 1.39832
-0.000324942 -1.70066 1.35676
-0.000334808 -1.65917 1.31514
-0.000345425 -1.61754 1.27344
-0.000356913 -1.57576 1.23167
-0.000368849 -1.53379 1.18978
-0.000381192 -1.49159 1.14777
-0.000394824 -1.44913 1.1056
-0.000409587 -1.40632 1.06326
-0.000426105 -1.36312 1.02068
-0.000444521 -1.31938 0.977798
-0.000465652 -1.27498 0.934508
-0.000490744 -1.22961 0.890736
-0.000521477 -1.18306 0.846187
-0.000560445 -1.1348 0.800571
-0.000611497 -1.08396 0.753496
-0.00068142 -1.02923 0.704432
-0.000763668 -0.968689 0.653067
-0.000861091 -0.900903 0.600157
-0.000859377 -0.82557 0.546659
-0.000815193 -0.742094 0.499015
-0.000829945 -0.653016 0.457084
-0.000816102 -0.563249 0.418635
-0.000849678 -0.473156 0.381705
-0.00090042 -0.382835 0.344874
-0.000956413 -0.292698 0.307869
-0.000987689 -0.203181 0.270793
-0.000962342 -0.114961 0.233872
-0.000883461 -0.0287828 0.19746
-0.000809198 0.0557208 0.161453
-0.000814493 0.136631 0.129206
-0.000787854 0.213994 0.0998882
-0.000759122 0.289793 0.0710253
-0.000737728 0.364892 0.0420629
-0.000722266 0.439892 0.0127407
-0.000710979 0.515203 -0.0171157
-0.000702591 0.591155 -0.0476361
-0.000705302 0.659414 -0.0715104
-0.000707922 0.719885 -0.0887382
-0.00067475 0.767249 -0.0960523
-0.000647073 0.813586 -0.102563
-0.000625822 0.859552 -0.108684
-0.000608378 0.905499 -0.114593
-0.000593115 0.951642 -0.120375
-0.000579205 0.998107 -0.126063
-0.000565855 1.04499 -0.131677
-0.000552913 1.09237 -0.137215
-0.000540125 1.14031 -0.14268
-0.000528214 1.18889 -0.148077
-0.000516911 1.23818 -0.153407
-0.000504986 1.28828 -0.158667
-0.00049388 1.33926 -0.163856
-0.000483476 1.39123 -0.16897
-0.000473008 1.4443 -0.174003
-0.000463008 1.4986 -0.178946
-0.000454062 1.55427 -0.183786
-0.000446285 1.61147 -0.188512
-0.000439474 1.67036 -0.193106
-0.000433438 1.73114 -0.197554
-0.000427334 1.79399 -0.201837
-0.000421854 1.85908 -0.205935
-0.000417267 1.92654 -0.209836
-0.000414054 1.99644 -0.213531
-0.000412213 2.06868 -0.217019
-0.000411939 2.14317 -0.220285
-0.000412954 2.21987 -0.223328
-0.000414958 2.29866 -0.226151
-0.000418645 2.37937 -0.228771
-0.000423899 2.46176 -0.23121
-0.000430774 2.54558 -0.23349
-0.00043945 2.63062 -0.235624
-0.000449733 2.71683 -0.237558
-0.000462026 2.80408 -0.239433
-0.000478569 2.89208 -0.241207
-0.000494774 2.98053 -0.242892
-0.000510752 3.06943 -0.244527
-0.000528407 3.15871 -0.246147
-0.00054709 3.24828 -0.247738
-0.000567368 3.33806 -0.249301
-0.000588363 3.42801 -0.250826
-0.000610041 3.51807 -0.252344
-0.00063213 3.60819 -0.253847
-0.000654103 3.69835 -0.25531
-0.000686927 3.8336 -0.25745
-0.000708273 3.92375 -0.258834
-0.000729361 4.01389 -0.26019
-0.000750124 4.104 -0.261523
-0.000769616 4.19406 -0.262831
-0.0007881 4.28407 -0.264121
-0.000805598 4.37403 -0.265385
-0.000821759 4.46392 -0.266617
-0.000836974 4.55374 -0.267827
-0.000851138 4.64349 -0.269016
-0.000863877 4.73315 -0.270181
-0.00087548 4.82271 -0.271328
-0.000886172 4.91219 -0.272459
-0.000895956 5.00159 -0.273565
-0.000904602 5.09094 -0.274609
-0.000911812 5.18025 -0.275553
-0.000916972 5.26947 -0.276445
-0.000920814 5.35858 -0.277318
-0.000923561 5.4476 -0.278178
-0.000925147 5.53651 -0.279025
-0.000925198 5.6253 -0.279857
-0.00092348 5.71397 -0.28067
-0.000920659 5.80253 -0.281469
-0.000916763 5.89099 -0.28225
-0.000911724 5.97936 -0.283011
-0.000929456 5.93832 -0.277044
-0.000956335 5.87671 -0.268084
-0.000974396 5.83552 -0.262071
-0.000991621 5.79421 -0.256015
-0.00100831 5.7528 -0.249944
-0.0010244 5.71129 -0.243874
-0.00104067 5.66965 -0.237807
-0.00105669 5.62789 -0.231751
-0.00107208 5.58598 -0.225705
-0.0010879 5.54389 -0.21967
-0.00110374 5.50163 -0.213645
-0.00111941 5.45916 -0.207634
-0.00113522 5.41646 -0.201636
-0.00115049 5.37353 -0.195655
-0.00116456 5.33033 -0.189688
-0.00117989 5.28682 -0.183698
-0.00119526 5.243 -0.177723
-0.00120992 5.19885 -0.171767
-0.00122326 5.15435 -0.165824
-0.0012373 5.1094 -0.159827
-0.00124992 5.06399 -0.153784
-0.00126139 5.01814 -0.147767
-0.00127309 4.9718 -0.141762
-0.00128377 4.92488 -0.135735
-0.00129503 4.87738 -0.129705
-0.00130648 4.82922 -0.123668
-0.00131753 4.78033 -0.117616
-0.00132823 4.73058 -0.111533
-0.00133892 4.67988 -0.105434
-0.00135051 4.62804 -0.0993013
-0.00136377 4.57476 -0.0930309
-0.00137965 4.51974 -0.0865777
-0.00140125 4.46265 -0.0799567
-0.00143222 4.40307 -0.0731906
-0.00148013 4.3405 -0.0662439
-0.00155057 4.27451 -0.0591071
-0.00164306 4.20502 -0.0517942
-0.00173734 4.13198 -0.0441137
-0.00176564 4.05574 -0.0364155
-0.00176145 3.97748 -0.0288359
-0.00170549 3.89732 -0.0211913
-0.00162198 3.81556 -0.0131485
-0.00153488 3.73287 -0.00516271
-0.00144974 3.64901 0.00353248
-0.00137736 3.56423 0.0123644
-0.00130062 3.47846 0.0212225
-0.00124247 3.38912 0.0356773
-0.00117073 3.29846 0.0515483
-0.00108205 3.20758 0.0678728
-0.000997094 3.11681 0.0855214
-0.000933937 3.02613 0.104327
-0.000843041 2.93592 0.123531
-0.000736806 2.84625 0.142777
-0.000625188 2.75767 0.163219
-0.000517086 2.66944 0.183589
-0.000413335 2.58167 0.203985
-0.000310602 2.4944 0.224374
-0.000209459 2.4075 0.244668
-0.000111381 2.32094 0.264806
-1.68952e-05 2.23462 0.28474
6.50122e-05 2.14832 0.30446
9.86127e-05 2.06136 0.324003
0.000128804 1.97432 0.343328
0.000172447 1.8871 0.362489
0.000228913 1.79972 0.381453
0.000283823 1.71225 0.400171
0.000336929 1.62461 0.418631
0.000388461 1.53686 0.43687
0.000438679 1.44892 0.454887
0.000487572 1.36078 0.47269
0.000535352 1.27242 0.490288
0.000582102 1.18383 0.507694
0.000627621 1.09494 0.524953
0.000651617 1.00538 0.54212
0.000660053 0.915156 0.559213
0.000669453 0.824572 0.576166
0.000688545 0.733576 0.593023
0.000714941 0.642219 0.609768
0.000743294 0.550555 0.626386
0.00077209 0.458598 0.642874
0.00079987 0.366313 0.659255
0.000811452 0.273198 0.6759
0.000815984 0.17934 0.692769
0.000829116 0.0850346 0.709675
0.000847291 -0.00965198 0.726541
0.000867473 -0.104677 0.743328
0.000889262 -0.200027 0.760054
0.000911745 -0.295692 0.776721
0.00093511 -0.391657 0.793336
0.000959529 -0.487915 0.80991
0.000984751 -0.584461 0.826448
0.00101049 -0.681278 0.842962
0.00101811 -0.778269 0.860383
0.000998268 -0.875488 0.879262
0.000977696 -0.973105 0.89834
0.00095409 -1.06811 0.919578
0.000910803 -1.13101 0.960022
0.000882178 -1.18654 1.00388
0.000880272 -1.23991 1.04901
0.00088413 -1.29301 1.09482
0.000889464 -1.34654 1.14114
0.000895527 -1.40084 1.18793
0.000903208 -1.45608 1.23525
0.000912782 -1.51228 1.2831
0.000921668 -1.56947 1.33148
0.000929787 -1.62765 1.38043
0.000937225 -1.68689 1.42997
0.000944648 -1.74731 1.48018
0.000952188 -1.80906 1.53116
0.000958024 -1.87223 1.58293
0.000962386 -1.93677 1.63547
0.00096557 -2.00274 1.68881
0.000967321 -2.07018 1.74297
0.000967795 -2.13903 1.79794
0.000967374 -2.20934 1.85374
0.000967689 -2.28121 1.91048
0.00096616 -2.35453 1.96819
0.000961957 -2.42922 2.02684
0.00095457 -2.50517 2.08645
0.00094377 -2.58232 2.14697
0.0009294 -2.66055 2.20835
0.000912501 -2.73976 2.2705
0.000893649 -2.81983 2.33333
0.000873963 -2.90073 2.39676
0.000852793 -2.98244 2.46075
0.000830527 -3.06484 2.52528
0.000806739 -3.14783 2.59034
0.000781785 -3.23134 2.65589
0.000756103 -3.31531 2.72192
0.000729726 -3.39971 2.78836
0.000703016 -3.48451 2.85519
0.000676016 -3.56967 2.92236
0.000649452 -3.65517 2.98985
0.000624277 -3.74098 3.05764
0.000599486 -3.82702 3.12566
0.000574734 -3.91332 3.19393
0.000549974 -3.99986 3.26244
0.000525529 -4.08661 3.33118
0.00050135 -4.17354 3.40015
0.000477 -4.26063 3.46933
0.000452937 -4.34787 3.53872
0.00042954 -4.43525 3.60831
0.000406939 -4.52274 3.67809
0.000385257 -4.61032 3.74806
0.00036425 -4.69799 3.8182
0.00034411 -4.78572 3.8885
0.000324854 -4.87351 3.95896
0.000306452 -4.96134 4.02956
0.000288922 -5.04921 4.10031
0.000272777 -5.13708 4.17121
0.00025776 -5.22495 4.24223
0.000243412 -5.31281 4.3134
0.000230072 -5.40068 4.38472
0.000217574 -5.48854 4.45619
0.000206072 -5.57637 4.52778
0.00019556 -5.66415 4.59949
0.000186496 -5.75186 4.67131
0.000178458 -5.83952 4.74323
0.000171565 -5.92712 4.81526
0.000165896 -6.01466 4.88739
0.000161402 -6.10212 4.95962
0.000145063 -6.06094 4.9186
0.000120031 -5.99909 4.85706
0.000103968 -5.95777 4.816
8.84063e-05 -5.91641 4.77491
7.26926e-05 -5.8749 4.73378
5.63811e-05 -5.83331 4.69261
4.01758e-05 -5.79157 4.65136
2.45782e-05 -5.74972 4.61005
9.2802e-06 -5.7076 4.56871
-5.91739e-06 -5.6653 4.5273
-2.08302e-05 -5.62278 4.48577
-3.52768e-05 -5.58007 4.44417
-4.93002e-05 -5.53708 4.40244
-6.22612e-05 -5.49387 4.36057
-7.58351e-05 -5.45037 4.31852
-8.86644e-05 -5.40655 4.27635
-0.000100843 -5.36238 4.23397
-0.000114287 -5.31788 4.19143
-0.000128841 -5.27298 4.14864
-0.00014281 -5.22772 4.10562
-0.000154971 -5.18195 4.06237
-0.000166702 -5.13573 4.01885
-0.000178321 -5.08895 3.975
-0.000193247 -5.04155 3.93085
-0.000209418 -4.99346 3.88628
-0.000224245 -4.94448 3.8414
-0.000240253 -4.89464 3.79595
-0.000257449 -4.84389 3.74985
-0.000277701 -4.79186 3.70305
-0.000299498 -4.73842 3.65538
-0.000330245 -4.68325 3.60651
-0.000369269 -4.62588 3.55625
-0.000420453 -4.56577 3.50424
-0.000492055 -4.50243 3.45024
-0.000592786 -4.43533 3.39412
-0.000713708 -4.36462 3.33605
-0.00080952 -4.29023 3.27713
-0.000873246 -4.2127 3.21977
-0.000916917 -4.13431 3.16608
-0.000942589 -4.05469 3.11389
-0.000971497 -3.975 3.06319
-0.000971963 -3.89401 3.01373
-0.00094086 -3.8122 2.96508
-0.000914679 -3.72869 2.91784
-0.000890691 -3.64362 2.87119
-0.00086946 -3.55749 2.82478
-0.000843109 -3.47091 2.77806
-0.00080482 -3.38415 2.73111
-0.000742904 -3.29723 2.68393
-0.00067051 -3.21033 2.63658
-0.00059642 -3.12328 2.58898
-0.000519325 -3.03626 2.54122
-0.000436912 -2.94912 2.49323
-0.000343564 -2.86208 2.44514
-0.000237863 -2.77507 2.39691
-0.000127964 -2.68835 2.34867
-2.45704e-05 -2.60167 2.30032
7.59201e-05 -2.51522 2.25197
0.000172028 -2.42871 2.20348
0.00026417 -2.3424 2.155
0.000347779 -2.25598 2.10643
0.000384788 -2.16902 2.05827
0.000413418 -2.08184 2.01009
0.000446395 -1.99464 1.96202
0.000493703 -1.90709 1.91397
0.000541125 -1.81962 1.86589
0.000587558 -1.73191 1.81765
0.000632489 -1.64425 1.76934
0.000675938 -1.55628 1.72082
0.000718935 -1.46829 1.67221
0.000760809 -1.38008 1.62344
0.000801779 -1.29168 1.57451
0.000842155 -1.20309 1.52542
0.000881847 -1.11429 1.47617
0.00092131 -1.02527 1.42676
0.000960225 -0.936026 1.37719
0.000999028 -0.846556 1.32745
0.00103728 -0.756854 1.27756
0.00107525 -0.666929 1.22751
0.00111639 -0.576795 1.1773
0.00116594 -0.486491 1.12693
0.0012152 -0.395961 1.07641
0.00125764 -0.305062 1.02585
0.00127883 -0.21345 0.975477
0.0012924 -0.121378 0.925151
0.0013079 -0.0289802 0.874792
0.00132397 0.0636786 0.824321
0.00134089 0.156589 0.773739
0.00135851 0.24973 0.723045
0.00137702 0.343099 0.67224
0.00139706 0.436704 0.621341
0.00141494 0.530672 0.570453
0.0014053 0.625819 0.520543
0.00139274 0.721525 0.470905
0.00138306 0.817538 0.421236
0.00137688 0.913835 0.371528
0.00138026 1.01051 0.321945
0.00139192 1.10749 0.272398
0.0014052 1.2047 0.222758
0.00142085 1.30214 0.173051
0.00143484 1.3998 0.12349
0.00139023 1.49791 0.0773666
0.00134039 1.59634 0.0315639
0.00129004 1.69507 -0.0141444
0.00122586 1.78903 -0.0541828
0.00111417 1.8561 -0.0673741
0.00104086 1.91868 -0.0758864
0.00100747 1.97862 -0.0818782
0.000986392 2.03836 -0.0872759
0.000967851 2.0986 -0.0924675
0.000950472 2.15945 -0.0975371
0.000933421 2.22098 -0.102496
0.000915194 2.28321 -0.107315
0.000896216 2.34616 -0.111986
0.000877589 2.40984 -0.116518
0.000859513 2.47425 -0.120913
0.000841588 2.5394 -0.125176
0.000822882 2.6053 -0.129329
0.000803836 2.67197 -0.133386
0.000784534 2.7394 -0.137353
0.00076526 2.80761 -0.14123
0.000746134 2.87658 -0.14501
0.000727216 2.94632 -0.148693
0.000708281 3.01684 -0.152278
0.000689396 3.08813 -0.155765
0.000670553 3.16019 -0.159156
0.000651764 3.23302 -0.162453
0.000633152 3.30662 -0.165657
0.000614514 3.38097 -0.168765
0.000595938 3.45608 -0.17178
0.000577457 3.53192 -0.174699
0.000559186 3.6085 -0.177524
0.000541169 3.6858 -0.180256
0.000523401 3.76381 -0.182895
0.000506013 3.8425 -0.185442
0.000489184 3.92187 -0.187899
0.00047286 4.00189 -0.190266
0.000457096 4.08254 -0.192545
0.000441942 4.16379 -0.194737
0.00042738 4.24564 -0.196845
0.000413469 4.32803 -0.198869
0.000400174 4.41096 -0.200811
0.000387835 4.4944 -0.202674
0.000376426 4.57831 -0.204458
0.000366239 4.66267 -0.206155
0.000357206 4.74745 -0.207771
0.000349245 4.83263 -0.209313
0.000342298 4.91817 -0.210783
0.00033632 5.00405 -0.212184
0.000331219 5.09024 -0.213517
0.00032702 5.17673 -0.214789
0.000323777 5.26348 -0.216004
0.000321443 5.35049 -0.217162
0.000319816 5.43773 -0.218255
0.00031902 5.52517 -0.21929
0.000318641 5.6128 -0.220269
0.000319191 5.70059 -0.221195
0.000320722 5.78854 -0.222049
0.000322721 5.87666 -0.222824
0.000325375 5.96488 -0.223549
0.00032883 6.05319 -0.224235
0.000333044 6.14156 -0.224884
0.000338091 6.22999 -0.225497
0.00034401 6.31845 -0.226077
0.000350762 6.40693 -0.226625
0.000358068 6.49542 -0.227129
0.000366056 6.58391 -0.227594
0.000374999 6.67239 -0.228035
0.000384917 6.76085 -0.228455
0.000396313 6.84927 -0.228871
0.00040892 6.93772 -0.229345
0.000422306 7.02612 -0.229819
0.000436586 7.11449 -0.230302
0.00045213 7.20283 -0.230792
0.000468899 7.29114 -0.231281
0.000486024 7.3794 -0.231771
0.000503965 7.46762 -0.232273
0.000522537 7.55576 -0.23277
0.000541768 7.6438 -0.233258
0.000561355 7.73175 -0.23374
0.000581977 7.8196 -0.234185
0.000563443 7.77819 -0.22771
0.000534158 7.71599 -0.217983
0.000514897 7.67444 -0.211505
0.000495605 7.6328 -0.205032
0.000476604 7.59106 -0.198567
0.000457522 7.54919 -0.192112
0.000438538 7.50717 -0.18567
0.000419603 7.46499 -0.179241
0.000399873 7.42262 -0.172808
0.000380309 7.38003 -0.166378
0.000362184 7.33722 -0.159954
0.000346292 7.2941 -0.153488
0.000330024 7.2507 -0.147008
0.000316392 7.20698 -0.140475
0.000302938 7.16296 -0.133958
0.000290458 7.11862 -0.127468
0.000279073 7.07395 -0.121009
0.000267895 7.02888 -0.114534
0.000256212 6.98338 -0.108009
0.000245403 6.93746 -0.101481
0.000234303 6.89107 -0.0949498
0.000223473 6.84418 -0.0884275
0.000213895 6.7967 -0.081859
0.000203796 6.74853 -0.0751846
0.000193989 6.69977 -0.068516
0.00018386 6.65036 -0.0618085
0.000173272 6.6002 -0.055072
0.000166062 6.5491 -0.0481558
0.000159279 6.49713 -0.0412551
0.000153971 6.44416 -0.0343556
0.000151572 6.38998 -0.027312
0.000153628 6.33432 -0.0200264
0.00015673 6.27696 -0.0125429
0.000155607 6.21763 -0.00484711
0.000149401 6.156 0.00307545
0.000128539 6.09177 0.0111865
8.53454e-05 6.02476 0.0194869
1.4995e-05 5.95504 0.0280281
-8.18529e-05 5.88266 0.0369023
-0.000213595 5.8075 0.0464089
-0.000294294 5.72981 0.0573286
-0.000342472 5.65099 0.070472
-0.000410211 5.57189 0.0865502
-0.000480182 5.49187 0.103951
-0.000534305 5.4109 0.122228
-0.000550441 5.32925 0.140353
-0.000555824 5.24621 0.160168
-0.000568706 5.16296 0.180884
-0.000572605 5.07837 0.203686
-0.00057 4.99299 0.226786
-0.000537269 4.90748 0.24998
-0.00049559 4.82191 0.273163
-0.000483486 4.73586 0.29639
-0.000495853 4.64967 0.319744
-0.00049176 4.56307 0.342904
-0.000457137 4.47619 0.365887
-0.000400249 4.38923 0.388715
-0.000331346 4.30225 0.411346
-0.000255623 4.21534 0.433767
-0.000171703 4.1284 0.456012
-7.28043e-05 4.04075 0.478236
2.02918e-05 3.95304 0.500299
0.000110823 3.86538 0.522179
0.000198907 3.77778 0.543865
0.000283811 3.69027 0.565344
0.000365299 3.60281 0.586621
0.000443002 3.51537 0.607677
0.000517488 3.42801 0.628548
0.000588668 3.34067 0.649226
0.000656734 3.2533 0.669718
0.000722013 3.1659 0.690032
0.000784748 3.07846 0.710173
0.00084526 2.99094 0.730152
0.000903818 2.90333 0.749978
0.000960661 2.81562 0.769658
0.00101595 2.72778 0.789202
0.00106987 2.63982 0.808615
0.00112256 2.55172 0.827905
0.00117431 2.46348 0.847079
0.00122502 2.37508 0.866144
0.00127494 2.28652 0.885107
0.00132406 2.19781 0.903975
0.00137256 2.10892 0.922752
0.00140714 2.01954 0.941489
0.00142294 1.92945 0.960219
0.00143703 1.83908 0.978892
0.00145361 1.74843 0.997519
0.00147729 1.65746 1.01612
0.00150392 1.56626 1.03467
0.00153297 1.47486 1.05317
0.0015621 1.38328 1.07162
0.00159104 1.29155 1.09002
0.00162153 1.19963 1.10838
0.00165232 1.10754 1.1267
0.00168287 1.01529 1.14498
0.00171319 0.922889 1.16322
0.00174351 0.83034 1.18144
0.0017741 0.737641 1.19962
0.00180517 0.644795 1.21778
0.0018363 0.551811 1.23593
0.00186745 0.458689 1.25405
0.00189866 0.365439 1.27216
0.00192998 0.272058 1.29026
0.00196147 0.178553 1.30835
0.00199307 0.0849293 1.32643
0.00202482 -0.00881058 1.3445
0.00205674 -0.102663 1.36258
0.00208877 -0.196623 1.38066
0.00212084 -0.290692 1.39874
0.00214736 -0.385056 1.41686
0.0021552 -0.480273 1.43512
0.00216063 -0.575721 1.45342
0.00217135 -0.67133 1.47176
0.00218686 -0.767064 1.49012
0.00220287 -0.862917 1.5085
0.00221938 -0.958887 1.52691
0.00223626 -1.05496 1.54534
0.0022537 -1.15114 1.56379
0.00227179 -1.24741 1.58227
0.00227295 -1.34464 1.60114
0.0022612 -1.44298 1.62043
0.00224987 -1.54154 1.63981
0.00224195 -1.64035 1.65931
0.00223973 -1.73942 1.6789
0.00223942 -1.83863 1.69854
0.00220256 -1.93741 1.72094
0.00209545 -2.02347 1.75445
0.00197091 -2.0922 1.80038
0.00187719 -2.156 1.8499
0.00181274 -2.21784 1.90077
0.00176696 -2.27944 1.95232
0.00172978 -2.3414 2.00439
0.00169727 -2.40392 2.0569
0.00166654 -2.46705 2.1098
0.0016372 -2.53081 2.16314
0.00160926 -2.5952 2.21691
0.00158225 -2.66024 2.2711
0.00155558 -2.72592 2.32573
0.00152867 -2.79225 2.38077
0.00150141 -2.85924 2.43625
0.00147443 -2.92688 2.49216
0.00144775 -2.99519 2.54851
0.00142137 -3.06416 2.60532
0.00139564 -3.13381 2.66257
0.0013704 -3.20415 2.72029
0.00134546 -3.27518 2.77845
0.00132084 -3.34691 2.83705
0.00129652 -3.41934 2.89609
0.00127262 -3.49248 2.95557
0.00124896 -3.56633 3.01549
0.00122547 -3.64087 3.07583
0.00120218 -3.71611 3.13662
0.00117924 -3.79203 3.19783
0.00115683 -3.86864 3.25947
0.00113491 -3.94592 3.32152
0.00111357 -4.02386 3.384
0.00109296 -4.10244 3.44689
0.00107272 -4.18165 3.51017
0.00105366 -4.26147 3.57386
0.00103541 -4.34188 3.63793
0.00101801 -4.42287 3.70238
0.00100143 -4.5044 3.7672
0.000985684 -4.58645 3.83238
0.000970891 -4.66901 3.89791
0.000957073 -4.75204 3.96378
0.000944248 -4.83552 4.02998
0.000932492 -4.91943 4.0965
0.000921843 -5.00372 4.16334
0.000912289 -5.08839 4.23048
0.000903831 -5.1734 4.29792
0.000896375 -5.25873 4.36566
0.000890009 -5.34434 4.43369
0.000884793 -5.43021 4.50198
0.000880628 -5.51631 4.57055
0.000877353 -5.60262 4.63938
0.000874663 -5.68912 4.70848
0.00087242 -5.77578 4.77782
0.00087152 -5.86258 4.84738
0.000871481 -5.9495 4.91715
0.000872126 -6.03653 4.98713
0.000873662 -6.12364 5.0573
0.000876197 -6.21084 5.12765
0.000879835 -6.29809 5.19816
0.00088337 -6.38538 5.26883
0.00088692 -6.47272 5.33964
0.00089101 -6.56014 5.41057
0.000896282 -6.64761 5.48161
0.000902532 -6.73508 5.5528
0.000909328 -6.82255 5.6241
0.000917286 -6.91011 5.69546
0.0009252 -6.99774 5.76692
0.000933729 -7.08538 5.83851
0.000943175 -7.17301 5.91022
0.000953378 -7.26064 5.98201
0.000964433 -7.34822 6.05391
0.000976506 -7.43571 6.12589
0.000989002 -7.52311 6.19796
0.0010022 -7.61041 6.27013
0.00101639 -7.69761 6.3424
0.00103117 -7.78471 6.41475
0.00104638 -7.8717 6.4872
0.00102725 -7.83028 6.44638
0.000999162 -7.76809 6.3851
0.000980961 -7.72655 6.3442
0.000962254 -7.68491 6.30325
0.000942558 -7.64315 6.26225
0.000922786 -7.60126 6.22118
0.000902879 -7.55922 6.18002
0.000882395 -7.51702 6.13876
0.000863209 -7.47458 6.09744
0.000846452 -7.43191 6.05601
0.000831752 -7.38895 6.01449
0.000817218 -7.34574 5.97284
0.000803296 -7.30226 5.93103
0.00079173 -7.25849 5.88909
0.000780658 -7.21439 5.84698
0.0007692 -7.16995 5.80469
0.00075665 -7.12514 5.76222
0.000743576 -7.07995 5.7195
0.000731712 -7.03438 5.67654
0.000720134 -6.9884 5.6333
0.000708682 -6.94195 5.58977
0.000697984 -6.895 5.54593
0.000684956 -6.84731 5.50188
0.000671604 -6.79902 5.45749
0.000661596 -6.75013 5.41269
0.000651917 -6.70042 5.36759
0.000640184 -6.64993 5.32204
0.000628016 -6.59863 5.27592
0.000617832 -6.54637 5.22918
0.000613804 -6.493 5.18176
0.000610739 -6.43831 5.13349
0.000609487 -6.38207 5.08418
0.000605753 -6.32398 5.03366
0.000592937 -6.26378 4.98165
0.000561143 -6.20106 4.92786
0.000508552 -6.13554 4.87203
0.000437815 -6.06709 4.81436
0.000348961 -5.99586 4.75539
0.000215228 -5.92167 4.69713
5.01932e-05 -5.84572 4.63949
-6.34985e-05 -5.76858 4.58324
-0.000126723 -5.69111 4.52878
-0.000131728 -5.61285 4.4756
-0.00010102 -5.53425 4.42302
-0.000101696 -5.45564 4.37095
-0.000100158 -5.37549 4.32012
-0.000102136 -5.29461 4.26939
-0.000124456 -5.21124 4.21996
-0.000129775 -5.12677 4.17089
-9.81842e-05 -5.04199 4.12183
-5.17988e-05 -4.95696 4.07266
7.70986e-06 -4.87176 4.02334
7.47779e-05 -4.78641 3.97385
0.000148986 -4.7009 3.92419
0.000235063 -4.61512 3.87446
0.000347356 -4.52867 3.82491
0.000469281 -4.44201 3.77531
0.000595397 -4.35527 3.7256
0.000715679 -4.26849 3.67579
0.000826913 -4.18172 3.6259
0.000926457 -4.09501 3.57595
0.00101686 -4.00836 3.52593
0.00109981 -3.92176 3.47586
0.00117715 -3.83515 3.4257
0.0012499 -3.74853 3.37546
0.00131866 -3.66191 3.32515
0.00138368 -3.57527 3.27477
0.00144531 -3.48861 3.22432
0.00150404 -3.40192 3.17379
0.00156022 -3.31519 3.12319
0.00161429 -3.22838 3.0725
0.00166652 -3.14151 3.02172
0.00171709 -3.05455 2.97086
0.0017664 -2.96749 2.9199
0.00181439 -2.88032 2.86884
0.00186167 -2.79303 2.81768
0.00190789 -2.7056 2.76641
0.00195355 -2.61803 2.71503
0.0019986 -2.53031 2.66355
0.00204296 -2.44246 2.61195
0.00208694 -2.35444 2.56025
0.00213044 -2.26627 2.50844
0.00217359 -2.17793 2.45652
0.00221646 -2.08943 2.40449
0.00225876 -2.00076 2.35235
0.00230125 -1.91193 2.30011
0.00234379 -1.82293 2.24776
0.00238597 -1.73377 2.19532
0.00242771 -1.64445 2.14278
0.00246464 -1.55485 2.0902
0.00248087 -1.46453 2.03777
0.00249295 -1.3739 1.98532
0.00250328 -1.28305 1.93281
0.00251295 -1.192 1.88023
0.0025228 -1.10076 1.82757
0.00253287 -1.00935 1.77484
0.00254359 -0.917764 1.72205
0.00255521 -0.826001 1.66919
0.00256805 -0.734056 1.61628
0.00258272 -0.641925 1.56331
0.00260006 -0.549602 1.51031
