8.32334e-07 -1.31154e-15 -0.055574
3.62899e-07 0.307842 -0.0085473
-2.16975e-06 0.635612 0.0521346
2.77833e-05 0.96183 0.121902
7.38977e-05 1.28428 0.195897
9.06044e-05 1.6035 0.272478
8.76732e-05 1.92024 0.35077
7.0544e-05 2.23496 0.430228
5.00373e-05 2.54818 0.510501
3.22085e-05 2.86021 0.59133
1.72215e-05 3.1713 0.672542
3.19107e-06 3.48169 0.754023
-9.49608e-06 3.79153 0.83569
-1.98798e-05 4.10091 0.917484
-2.87727e-05 4.40994 0.999362
-3.69631e-05 4.71869 1.08129
-4.49881e-05 5.02721 1.16327
-5.30656e-05 5.33558 1.24526
-6.14935e-05 5.6438 1.32727
-7.03425e-05 5.95194 1.40928
-7.97634e-05 6.26004 1.49128
-7.04899e-05 5.95236 1.40845
-6.17849e-05 5.64456 1.32567
-5.34543e-05 5.33663 1.24292
-4.54737e-05 5.02854 1.16022
-3.75528e-05 4.72026 1.07758
-2.93899e-05 4.41174 0.995016
-2.04788e-05 4.10292 0.912552
-9.94356e-06 3.79371 0.830211
2.94558e-06 3.48403 0.748038
1.69845e-05 3.17375 0.666102
3.20314e-05 2.86273 0.584498
5.03809e-05 2.55071 0.503341
7.07152e-05 2.23744 0.422816
8.69597e-05 1.92261 0.343203
8.70206e-05 1.60568 0.264883
6.47076e-05 1.28617 0.18843
1.67502e-05 0.963383 0.114784
-7.75773e-06 0.636891 0.0457055
-4.40588e-06 0.310507 -0.0133316
-4.08633e-06 0.00332713 -0.0605466
-4.74003e-06 -0.309515 -0.103829
-3.89919e-06 -0.636516 -0.13007
3.30055e-05 -0.962261 -0.149652
7.81567e-05 -1.2845 -0.166652
9.16346e-05 -1.60362 -0.182261
8.67459e-05 -1.92029 -0.196992
6.95275e-05 -2.23498 -0.211112
4.9319e-05 -2.54819 -0.224798
3.19048e-05 -2.86021 -0.238149
1.70111e-05 -3.17129 -0.251251
3.00974e-06 -3.48168 -0.264161
-9.60863e-06 -3.79151 -0.276921
-1.99208e-05 -4.1009 -0.289564
-2.87931e-05 -4.40992 -0.302116
-3.69732e-05 -4.71867 -0.314603
-4.49952e-05 -5.0272 -0.327033
-5.30724e-05 -5.33557 -0.339424
-6.14999e-05 -5.64381 -0.351781
-7.03482e-05 -5.952 -0.364114
-6.16421e-05 -5.6442 -0.352458
-5.33257e-05 -5.33628 -0.340755
-4.53467e-05 -5.02819 -0.328991
-3.74323e-05 -4.71992 -0.317156
-2.92986e-05 -4.4114 -0.305231
-2.04222e-05 -4.10259 -0.293202
-9.99859e-06 -3.79339 -0.281051
2.80082e-06 -3.48371 -0.268743
1.67965e-05 -3.17345 -0.25625
3.17076e-05 -2.86244 -0.243513
4.95789e-05 -2.55046 -0.230477
6.96596e-05 -2.23722 -0.217058
8.62473e-05 -1.92244 -0.203134
8.84817e-05 -1.6056 -0.188516
7.01441e-05 -1.28624 -0.172914
2.22292e-05 -0.963721 -0.155758
-1.07883e-05 -0.637816 -0.135729
-9.03779e-06 -0.31122 -0.108423
-8.68017e-06 0.000231174 -0.0643264
-9.01003e-06 0.311241 -0.0157309
-1.1106e-05 0.637873 0.0453471
2.0973e-05 0.96383 0.114674
6.91519e-05 1.28639 0.188399
8.81588e-05 1.60579 0.264879
8.6285e-05 1.92267 0.343208
6.9777e-05 2.23747 0.42282
4.96808e-05 2.55072 0.503345
3.17289e-05 2.86272 0.584501
1.67986e-05 3.17374 0.666104
2.78751e-06 3.48402 0.748041
-1.00438e-05 3.7937 0.830213
-2.05059e-05 4.1029 0.912555
-2.93965e-05 4.41173 0.995019
-3.755e-05 4.72025 1.07758
-4.54686e-05 5.02853 1.16022
-5.34494e-05 5.33663 1.24292
-6.17799e-05 5.64459 1.32566
-7.04849e-05 5.95247 1.40843
-7.97582e-05 6.26035 1.49123
-8.94178e-05 6.56871 1.57316
-0.0001 6.87753 1.65499
-0.000111187 7.18739 1.73661
-0.000123072 7.49935 1.81783
-0.000135466 7.8149 1.89838
-0.000148795 8.13505 1.9781
-0.000162729 8.45994 2.05703
-0.000176941 8.78924 2.13525
-0.000191741 9.12254 2.21286
-0.000207162 9.45929 2.28996
-0.000223118 9.79915 2.36667
-0.000239553 10.1416 2.44303
-0.00025641 10.4864 2.51912
-0.000273711 10.8331 2.59498
-0.000291502 11.1814 2.67067
-0.000309642 11.5312 2.74624
-0.000328226 11.8821 2.82168
-0.000347272 12.2339 2.89705
-0.000366725 12.5868 2.97237
-0.000345995 12.2796 2.88936
-0.000325785 11.9723 2.80635
-0.000306305 11.6651 2.72336
-0.000287817 11.3578 2.64038
-0.000269812 11.0504 2.5574
-0.000252414 10.7431 2.47444
-0.000236199 10.4356 2.39151
-0.000220261 10.1281 2.30858
-0.000205153 9.82051 2.22569
-0.000190883 9.51281 2.14281
-0.000176813 9.20499 2.05996
-0.000163623 8.89702 1.97714
-0.000150704 8.58888 1.89437
-0.000138253 8.28053 1.81164
-0.000125893 7.97195 1.72897
-0.000113422 7.66307 1.64638
-0.000100678 7.35383 1.56388
-8.68098e-05 7.04414 1.4815
-7.09733e-05 6.73392 1.39926
-5.33162e-05 6.42303 1.31721
-3.4848e-05 6.11135 1.23543
-1.5179e-05 5.79868 1.154
7.98178e-06 5.48473 1.07305
3.11533e-05 5.16922 0.99275
4.91386e-05 4.85177 0.913339
5.13002e-05 4.53181 0.835128
3.20646e-05 4.20878 0.758507
-8.03742e-06 3.8819 0.683966
-3.35457e-05 3.55033 0.612051
-3.21809e-05 3.21355 0.543053
-2.56885e-05 2.87202 0.476671
-2.2236e-05 2.52769 0.411928
-1.94617e-05 2.18252 0.347717
-1.72025e-05 1.83678 0.283776
-1.53925e-05 1.49061 0.22036
-1.41859e-05 1.14445 0.158667
-1.46069e-05 0.79878 0.100673
-1.41582e-05 0.453536 0.0490385
-5.22816e-06 0.105192 0.00792725
1.90964e-05 -0.238125 -0.0266889
5.0039e-05 -0.579342 -0.0598922
7.63724e-05 -0.919189 -0.0927295
8.83695e-05 -1.25806 -0.125622
9.10668e-05 -1.58987 -0.152566
8.22761e-05 -1.91243 -0.171852
6.51763e-05 -2.22794 -0.185964
4.57852e-05 -2.54157 -0.199361
2.93962e-05 -2.85377 -0.212283
1.49066e-05 -3.16494 -0.224906
1.22389e-06 -3.47536 -0.237316
-1.09216e-05 -3.7852 -0.24956
-2.07807e-05 -4.09455 -0.261673
-2.93356e-05 -4.40352 -0.273669
-3.73227e-05 -4.71223 -0.28558
-4.51716e-05 -5.02075 -0.297411
-5.3071e-05 -5.3292 -0.309162
-6.13047e-05 -5.63772 -0.320821
-6.99894e-05 -5.9466 -0.332402
-7.94791e-05 -6.2563 -0.344078
-8.9131e-05 -6.56792 -0.355465
-9.97433e-05 -6.88252 -0.366354
-0.000110902 -7.20072 -0.376625
-0.000122824 -7.52283 -0.386221
-0.000134977 -7.84897 -0.395106
-0.000148027 -8.179 -0.403286
-0.000161672 -8.51224 -0.41092
-0.00017589 -8.84785 -0.418132
-0.000190455 -9.18561 -0.424945
-0.000205508 -9.5253 -0.431397
-0.000221077 -9.86678 -0.437508
-0.000237204 -10.2099 -0.443294
-0.000253875 -10.5546 -0.448747
-0.000271012 -10.9006 -0.453884
-0.000288631 -11.248 -0.45871
-0.000306675 -11.5966 -0.46326
-0.000325168 -11.9462 -0.467562
-0.000344158 -12.2967 -0.471617
-0.000363542 -12.648 -0.475473
-0.000342856 -12.3408 -0.464085
-0.000322816 -12.0335 -0.452675
-0.000303764 -11.7262 -0.441254
-0.000285314 -11.4188 -0.429824
-0.000267391 -11.1114 -0.41838
-0.000250666 -10.804 -0.406923
-0.000234198 -10.4964 -0.395444
-0.000218578 -10.1888 -0.383943
-0.000203733 -9.88109 -0.372423
-0.000189246 -9.57321 -0.360839
-0.000175579 -9.26515 -0.349189
-0.000162158 -8.95692 -0.337504
-0.000149212 -8.64849 -0.325782
-0.000136473 -8.33983 -0.314016
-0.000123873 -8.03087 -0.302203
-0.000110788 -7.72157 -0.290331
-9.69862e-05 -7.41184 -0.278384
-8.13967e-05 -7.10158 -0.266344
-6.38352e-05 -6.7907 -0.254197
-4.5225e-05 -6.47904 -0.241896
-2.57958e-05 -6.16644 -0.229429
-3.60431e-06 -5.85263 -0.216737
2.00925e-05 -5.53732 -0.20377
4.0455e-05 -5.22014 -0.190396
4.86463e-05 -4.90063 -0.176628
4.10672e-05 -4.57831 -0.162363
5.97662e-06 -4.25238 -0.147402
-2.97225e-05 -3.92216 -0.131603
-4.03634e-05 -3.58699 -0.114772
-3.44554e-05 -3.24703 -0.0967018
-2.93544e-05 -2.90326 -0.0773185
-2.59782e-05 -2.55462 -0.0512342
-2.31557e-05 -2.20198 -0.0193416
-2.08229e-05 -1.84868 0.0160693
-1.88795e-05 -1.49513 0.0529951
-1.73719e-05 -1.14123 0.0900955
-1.63529e-05 -0.787084 0.127161
-1.6083e-05 -0.432932 0.164373
-1.69005e-05 -0.0791916 0.202071
-1.87707e-05 0.273591 0.240703
-1.94882e-05 0.625356 0.280161
-1.36849e-05 0.974236 0.32404
3.78974e-06 1.32022 0.371668
2.86021e-05 1.6646 0.420491
5.39612e-05 2.00781 0.469847
7.17893e-05 2.35032 0.519306
7.57388e-05 2.69241 0.568568
7.50208e-05 3.03445 0.617374
6.80133e-05 3.36998 0.674541
5.32973e-05 3.69871 0.740168
3.29786e-05 4.0166 0.818611
1.27958e-05 4.33276 0.898441
-4.35445e-06 4.64785 0.979012
-2.04198e-05 4.96233 1.06001
-3.57471e-05 5.27649 1.14123
-4.96777e-05 5.59055 1.22258
-6.16687e-05 5.90463 1.30399
-7.26556e-05 6.21889 1.38542
-8.31823e-05 6.53344 1.46684
-9.36137e-05 6.84837 1.54821
-0.000104271 7.16381 1.62952
-0.000115196 7.47984 1.71075
-0.000126602 7.79656 1.79187
-0.000138305 8.11409 1.87286
-0.000150778 8.43253 1.9537
-0.000163476 8.75201 2.03437
-0.000176893 9.07267 2.11485
-0.000190903 9.39465 2.19511
-0.000205633 9.71814 2.27514
-0.000220777 10.0433 2.3549
-0.000236393 10.3703 2.43437
-0.000252901 10.6993 2.51354
-0.000269888 11.0305 2.59238
-0.000287308 11.3638 2.67089
-0.000305137 11.6994 2.74908
-0.000323476 12.037 2.82699
-0.000342404 12.3768 2.90461
-0.000361826 12.7187 2.98197
-0.000381711 13.0624 3.05909
-0.000401998 13.4079 3.136
-0.000422758 13.7549 3.21272
-0.000443943 14.1032 3.2893
-0.000465512 14.4527 3.36579
-0.000487535 14.8034 3.4421
-0.000509988 15.155 3.5183
-0.000532927 15.5071 3.59441
-0.000556311 15.86 3.67044
-0.000580144 16.2134 3.74637
-0.000604412 16.5673 3.82225
-0.000629127 16.9216 3.89809
-0.000654292 17.2762 3.97391
-0.000679919 17.6312 4.04969
-0.000706023 17.9864 4.12545
-0.000732572 18.3419 4.20122
-0.000773239 18.8754 4.31489
-0.000800912 19.2312 4.3907
-0.000829019 19.5872 4.46652
-0.00085755 19.9434 4.54235
-0.000886527 20.2996 4.61821
-0.000915953 20.6559 4.69408
-0.000945813 21.0123 4.76997
-0.000976118 21.3687 4.8459
-0.00100687 21.7252 4.92184
-0.00103807 22.0818 4.99781
-0.00106973 22.4384 5.07382
-0.00110184 22.795 5.14984
-0.0011344 23.1517 5.22589
-0.0011674 23.5084 5.30197
-0.00120086 23.8652 5.37811
-0.00123476 24.222 5.45435
-0.00126912 24.5788 5.53065
-0.00130392 24.9357 5.60697
-0.00133913 25.2925 5.68333
-0.0013748 25.6494 5.7597
-0.00141092 26.0062 5.83611
-0.00144749 26.3631 5.91255
-0.00148452 26.7199 5.98901
-0.00152201 27.0768 6.06551
-0.00155994 27.4336 6.14204
-0.00151669 27.1262 6.05942
-0.00145282 26.6649 5.93553
-0.00141123 26.3573 5.853
-0.00137051 26.0496 5.77056
-0.00133037 25.7418 5.68815
-0.00129086 25.4339 5.60576
-0.00125222 25.1258 5.52341
-0.00121442 24.8176 5.44108
-0.00117704 24.5092 5.35878
-0.0011405 24.2006 5.27651
-0.00110485 23.8918 5.19428
-0.00106967 23.5828 5.11209
-0.00103528 23.2735 5.02995
-0.00100176 22.9639 4.94785
-0.000968456 22.654 4.86581
-0.000935865 22.3437 4.78387
-0.000903741 22.033 4.702
-0.000872034 21.7219 4.62021
-0.000840486 21.4103 4.5385
-0.000808965 21.0982 4.45698
-0.000777299 20.7854 4.37564
-0.000744937 20.472 4.29441
-0.000711204 20.1578 4.21334
-0.00067582 19.8427 4.13249
-0.000639711 19.5267 4.05188
-0.000603217 19.2096 3.97157
-0.000565356 18.8913 3.89163
-0.00052529 18.5715 3.81214
-0.000486135 18.2501 3.73321
-0.000450809 17.9267 3.65495
-0.000426948 17.6011 3.57763
-0.000413232 17.2728 3.50142
-0.000421097 16.9417 3.42643
-0.000435143 16.6074 3.35271
-0.000439986 16.2698 3.28033
-0.000428842 15.9288 3.20917
-0.000408485 15.585 3.13901
-0.00038716 15.2387 3.06988
-0.000367702 14.8904 3.00127
-0.000349522 14.5409 2.93283
-0.000332152 14.1905 2.86462
-0.000315361 13.8392 2.7969
-0.000299079 13.4873 2.72919
-0.000283318 13.1347 2.66226
-0.000268051 12.7815 2.59557
-0.000253292 12.4277 2.52904
-0.000239128 12.0717 2.46838
-0.00022556 11.7148 2.40932
-0.00021258 11.3577 2.3508
-0.000200176 11.0005 2.29366
-0.000188298 10.6432 2.23779
-0.000176994 10.2861 2.18255
-0.000166087 9.92919 2.12754
-0.000155165 9.57277 2.07358
-0.000143852 9.21658 2.0197
-0.000131588 8.86066 1.966
-0.00011779 8.50508 1.91251
-0.000102721 8.14977 1.85915
-8.58583e-05 7.79474 1.80589
-6.70372e-05 7.43998 1.75267
-4.82211e-05 7.08538 1.6995
-2.87485e-05 6.73075 1.64658
-8.9974e-06 6.37627 1.59369
9.63136e-06 6.02186 1.54089
2.6918e-05 5.66751 1.48809
4.18505e-05 5.31321 1.43517
5.50239e-05 4.95893 1.38208
6.4677e-05 4.60467 1.32886
7.14486e-05 4.2504 1.27547
7.74513e-05 3.89607 1.22192
8.26637e-05 3.54165 1.16818
8.687e-05 3.18715 1.11428
8.99128e-05 2.83255 1.06027
9.14319e-05 2.47778 1.00636
9.14464e-05 2.12281 0.952541
9.04018e-05 1.76769 0.898602
8.90255e-05 1.4124 0.844615
8.70796e-05 1.05695 0.790523
8.44767e-05 0.701316 0.736282
8.12982e-05 0.345505 0.68187
7.76283e-05 -0.0104916 0.627331
7.33289e-05 -0.366617 0.573426
6.85217e-05 -0.722898 0.520023
6.33191e-05 -1.07936 0.466698
5.77822e-05 -1.43605 0.413308
5.19723e-05 -1.79296 0.359778
4.59382e-05 -2.15008 0.30613
3.96708e-05 -2.50744 0.25236
3.3143e-05 -2.865 0.198476
2.64534e-05 -3.22278 0.144487
1.94255e-05 -3.58077 0.0903957
1.2148e-05 -3.93896 0.0362183
4.30508e-06 -4.29673 -0.0164831
-4.21842e-06 -4.65378 -0.0668159
-1.30809e-05 -5.01103 -0.116934
-2.26894e-05 -5.36601 -0.164092
-3.69197e-05 -5.6946 -0.183786
-5.17709e-05 -6.01683 -0.19805
-6.58511e-05 -6.33695 -0.210332
-7.84972e-05 -6.6566 -0.221752
-9.03841e-05 -6.9764 -0.232694
-0.000102059 -7.2967 -0.243307
-0.000113588 -7.61767 -0.253617
-0.000125239 -7.93938 -0.263623
-0.000137107 -8.26189 -0.273362
-0.000149499 -8.58522 -0.282835
-0.000162326 -8.90947 -0.292036
-0.000175547 -9.23477 -0.300956
-0.000189251 -9.56127 -0.309569
-0.000203597 -9.88907 -0.317882
-0.000218211 -10.2181 -0.325918
-0.000233574 -10.5486 -0.333662
-0.000249427 -10.8803 -0.341105
-0.000265894 -11.2135 -0.348259
-0.000282941 -11.5479 -0.355107
-0.00030028 -11.8839 -0.361614
-0.000318124 -12.2214 -0.367791
-0.000336738 -12.5603 -0.373648
-0.00035582 -12.9006 -0.37919
-0.000375387 -13.2422 -0.384427
-0.000395474 -13.585 -0.389383
-0.000415867 -13.9289 -0.394082
-0.000436764 -14.2737 -0.398557
-0.000458139 -14.6194 -0.402852
-0.000479994 -14.9661 -0.406993
-0.000502363 -15.3135 -0.410971
-0.000525226 -15.6616 -0.414781
-0.000548543 -16.0103 -0.418436
-0.000572329 -16.3597 -0.421946
-0.000596559 -16.7096 -0.425343
-0.000621213 -17.06 -0.428634
-0.000646334 -17.4109 -0.431813
-0.000671945 -17.7621 -0.434879
-0.000697942 -18.1138 -0.437848
-0.000724413 -18.4657 -0.44077
-0.000751336 -18.818 -0.443611
-0.000778724 -19.1705 -0.446373
-0.000806536 -19.5233 -0.44906
-0.000834794 -19.8764 -0.451679
-0.000863499 -20.2298 -0.454227
-0.000892669 -20.5834 -0.456703
-0.00092228 -20.9371 -0.459109
-0.000952333 -21.2911 -0.461447
-0.000982834 -21.6453 -0.463725
-0.00101379 -21.9996 -0.465947
-0.0010452 -22.3541 -0.468116
-0.00107707 -22.7087 -0.470234
-0.00110941 -23.0634 -0.472306
-0.0011422 -23.4183 -0.474333
-0.00117544 -23.7733 -0.476315
-0.00120913 -24.1284 -0.47826
-0.00124326 -24.4835 -0.480157
-0.00127781 -24.8388 -0.481989
-0.00131281 -25.1941 -0.483753
-0.00134826 -25.5496 -0.485478
-0.00138415 -25.905 -0.487176
-0.00142049 -26.2605 -0.488842
-0.00145728 -26.6161 -0.490479
-0.00149451 -26.9717 -0.492087
-0.00153221 -27.3274 -0.493667
-0.00157036 -27.6831 -0.495209
-0.00152695 -27.3755 -0.483384
-0.00146308 -26.914 -0.465595
-0.0014216 -26.6063 -0.453727
-0.0013807 -26.2985 -0.44186
-0.00134042 -25.9905 -0.429971
-0.00130106 -25.6825 -0.418073
-0.00126248 -25.3742 -0.406192
-0.00122433 -25.0659 -0.394319
-0.00118712 -24.7572 -0.382356
-0.00115066 -24.4484 -0.370376
-0.00111479 -24.1393 -0.358398
-0.00107963 -23.8299 -0.346392
-0.00104532 -23.5202 -0.33439
-0.00101133 -23.2103 -0.322404
-0.000977901 -22.8999 -0.310435
-0.000944986 -22.5892 -0.298445
-0.000912459 -22.278 -0.286456
-0.000880102 -21.9664 -0.274457
-0.000847732 -21.6542 -0.262466
-0.000815197 -21.3415 -0.250477
-0.000781826 -21.0281 -0.238422
-0.00074705 -20.7139 -0.22633
-0.00071075 -20.3989 -0.214207
-0.000673702 -20.0829 -0.201965
-0.00063633 -19.7658 -0.189669
-0.000597427 -19.4472 -0.177086
-0.000556584 -19.1272 -0.164425
-0.000517109 -18.8056 -0.151676
-0.000481697 -18.482 -0.138661
-0.000458145 -18.156 -0.125375
-0.000445124 -17.8275 -0.111911
-0.000452898 -17.496 -0.0981351
-0.000465787 -17.1612 -0.0840769
-0.000469654 -16.8231 -0.069712
-0.000458246 -16.4816 -0.0551111
-0.00043794 -16.1372 -0.0405432
-0.000416513 -15.7903 -0.0253047
-0.000396532 -15.4412 -0.00720762
-0.000377582 -15.0907 0.0152937
-0.000359416 -14.7394 0.0395087
-0.000341793 -14.3877 0.0654376
-0.000324731 -14.0352 0.092527
-0.000308189 -13.6821 0.120362
-0.00029218 -13.328 0.149476
-0.000276692 -12.9731 0.178997
-0.000261679 -12.6178 0.208589
-0.000247136 -12.2621 0.237815
-0.000233064 -11.9064 0.266798
-0.000219477 -11.5504 0.295521
-0.000206377 -11.1944 0.324102
-0.000193808 -10.8383 0.352445
-0.000181773 -10.4821 0.38067
-0.000170285 -10.1259 0.408684
-0.000159335 -9.76969 0.436645
-0.000148928 -9.41351 0.46451
-0.000138987 -9.05751 0.492464
-0.000129329 -8.70158 0.52036
-0.000119565 -8.34585 0.548336
-0.000109263 -7.99015 0.576221
-9.80385e-05 -7.63465 0.604189
-8.54878e-05 -7.2792 0.632118
-7.19265e-05 -6.92373 0.6604
-5.66102e-05 -6.5683 0.688695
-3.98541e-05 -6.21303 0.717172
-2.32425e-05 -5.85773 0.74568
-6.29942e-06 -5.5026 0.774253
1.07766e-05 -5.14747 0.802713
2.68485e-05 -4.79247 0.831185
4.14987e-05 -4.4374 0.85947
5.45188e-05 -4.08238 0.887724
6.59886e-05 -3.72733 0.915837
7.52069e-05 -3.37225 0.943823
8.14278e-05 -3.01713 0.971668
8.58012e-05 -2.66194 0.999366
8.94669e-05 -2.30666 1.0269
9.24306e-05 -1.95129 1.05428
9.45003e-05 -1.59581 1.0815
9.57006e-05 -1.24022 1.10854
9.56622e-05 -0.884518 1.13543
9.4356e-05 -0.528706 1.16215
9.20324e-05 -0.17279 1.1887
8.88708e-05 0.183251 1.21508
8.53657e-05 0.539455 1.24138
8.13934e-05 0.895905 1.26776
7.68335e-05 1.25255 1.29413
7.16731e-05 1.60935 1.32043
6.60201e-05 1.9663 1.34659
5.98967e-05 2.32342 1.3726
5.33302e-05 2.68068 1.39846
4.63636e-05 3.03809 1.42418
3.89896e-05 3.39566 1.44978
3.12294e-05 3.7534 1.47533
2.29572e-05 4.11138 1.5017
1.4286e-05 4.46955 1.52826
5.31663e-06 4.82791 1.55474
-3.93414e-06 5.18642 1.58114
-1.35228e-05 5.5451 1.6076
-2.34348e-05 5.90392 1.63404
-3.36254e-05 6.26291 1.66036
-4.40574e-05 6.62206 1.68656
-5.49307e-05 6.98129 1.71288
-6.64713e-05 7.33967 1.7427
-7.84155e-05 7.69814 1.77281
-9.07416e-05 8.05678 1.80295
-0.000104186 8.41158 1.83977
-0.000121824 8.74496 1.90902
-0.000140127 9.07438 1.98393
-0.000158521 9.4014 2.06197
-0.000176246 9.7281 2.14068
-0.000193048 10.0551 2.21953
-0.000209494 10.3825 2.29838
-0.000225777 10.7105 2.37722
-0.000242143 11.039 2.45605
-0.000258749 11.3681 2.53489
-0.000275575 11.6978 2.61372
-0.0002927 12.0281 2.69252
-0.000310346 12.3591 2.7713
-0.000328351 12.6908 2.85003
-0.000346872 13.0232 2.92868
-0.000365777 13.3563 3.00726
-0.000385007 13.6901 3.08575
-0.000405114 14.0246 3.16417
-0.000425448 14.3598 3.24251
-0.000446177 14.6958 3.32078
-0.000467626 15.0324 3.39897
-0.000489451 15.3699 3.47708
-0.00051184 15.708 3.55511
-0.000534806 16.0469 3.63307
-0.000558261 16.3865 3.71094
-0.00058207 16.7268 3.78874
-0.000606239 17.0678 3.86647
-0.000631076 17.4095 3.94412
-0.000656522 17.7519 4.02171
-0.00068235 18.095 4.09922
-0.00070868 18.4388 4.17667
-0.000735503 18.7832 4.25406
-0.000762644 19.1283 4.33138
-0.000790248 19.474 4.40865
-0.000818314 19.8202 4.48586
-0.000846838 20.1671 4.56302
-0.000875855 20.5145 4.64013
-0.000905349 20.8625 4.7172
-0.000935302 21.211 4.79423
-0.000965694 21.5599 4.87123
-0.000996547 21.9094 4.9482
-0.0010278 22.2593 5.02516
-0.0010595 22.6097 5.10209
-0.00109169 22.9604 5.179
-0.00112426 23.3115 5.2559
-0.00115724 23.663 5.33278
-0.00119068 24.0149 5.40965
-0.00122455 24.367 5.48652
-0.00125884 24.7195 5.56337
-0.00129358 25.0722 5.64023
-0.00132875 25.4252 5.71709
-0.00136439 25.7785 5.79395
-0.00140045 26.132 5.87083
-0.00143696 26.4857 5.94773
-0.00147391 26.8396 6.02466
-0.00151132 27.1937 6.10161
-0.00154921 27.548 6.17857
-0.00158754 27.9025 6.25553
-0.00162631 28.2571 6.33252
-0.00166554 28.6118 6.40951
-0.00170519 28.9666 6.48652
-0.00174527 29.3216 6.56356
-0.00178579 29.6767 6.64062
-0.00182676 30.0318 6.7177
-0.00186815 30.3871 6.7948
-0.00190999 30.7424 6.87189
-0.00195228 31.0978 6.94891
-0.00199502 31.4534 7.02592
-0.00203821 31.809 7.10292
-0.00208185 32.1646 7.1799
-0.00212593 32.5204 7.25688
-0.00217048 32.8762 7.33386
-0.00221547 33.232 7.41083
-0.00226087 33.5879 7.4878
-0.00230672 33.9439 7.56479
-0.00235302 34.2998 7.6418
-0.00239977 34.6558 7.71884
-0.00234592 34.3479 7.63682
-0.00226617 33.8861 7.51382
-0.00221407 33.5782 7.43184
-0.0021628 33.2701 7.34988
-0.00211207 32.9619 7.26794
-0.00206199 32.6536 7.18603
-0.00201283 32.3451 7.10414
-0.00196446 32.0364 7.02227
-0.00191652 31.7275 6.94047
-0.00186951 31.4184 6.85871
-0.00182329 31.109 6.77701
-0.00177763 30.7993 6.69543
-0.00173272 30.4892 6.61393
-0.0016887 30.1788 6.53257
-0.00164492 29.868 6.45127
-0.00160185 29.5568 6.37002
-0.00155926 29.2452 6.28884
-0.00151713 28.9331 6.20778
-0.00147517 28.6204 6.12688
-0.00143337 28.3072 6.04611
-0.00139136 27.9933 5.96548
-0.00134892 27.6787 5.885
-0.00130534 27.3633 5.80474
-0.00126022 27.047 5.72481
-0.00121433 26.7297 5.64509
-0.00116815 26.4114 5.56569
-0.00112132 26.0919 5.48664
-0.00107242 25.7709 5.40817
-0.00102325 25.4484 5.33014
-0.000976943 25.1242 5.25267
-0.000936426 24.798 5.17599
-0.00090699 24.4696 5.10033
-0.000890247 24.1386 5.02574
-0.000889538 23.805 4.95231
-0.00089094 23.4685 4.88008
-0.000883903 23.1291 4.809
-0.000863923 22.7869 4.73892
-0.000836105 22.4425 4.66971
-0.000806683 22.0959 4.60135
-0.00077852 21.7475 4.53405
-0.000751538 21.3976 4.46847
-0.00072545 21.0467 4.40512
-0.000699946 20.6953 4.34455
-0.000674999 20.3432 4.28534
-0.000650593 19.9905 4.22705
-0.000626711 19.6375 4.16863
-0.000603382 19.2836 4.11196
-0.000580516 18.9294 4.05612
-0.000558208 18.5743 4.00246
-0.000536405 18.2188 3.94917
-0.000515087 17.8631 3.89594
-0.000494245 17.5073 3.84268
-0.000473885 17.1513 3.78962
-0.00045404 16.7952 3.7368
-0.000434733 16.4388 3.68388
-0.000415967 16.0824 3.63085
-0.000397719 15.7258 3.57771
-0.000379969 15.3693 3.52449
-0.000362735 15.0128 3.47122
-0.000345949 14.6563 3.418
-0.000329521 14.2997 3.36513
-0.000313137 13.9431 3.3123
-0.000296456 13.5865 3.25943
-0.000279309 13.2301 3.20653
-0.000261327 12.8737 3.15361
-0.00024259 12.5175 3.10066
-0.000223197 12.1613 3.04768
-0.000202634 11.8053 2.99468
-0.000181081 11.4493 2.94166
-0.000159875 11.0935 2.88859
-0.000138694 10.7376 2.83547
-0.000117313 10.3819 2.7823
-9.6392e-05 10.0262 2.72908
-7.6339e-05 9.67053 2.6758
-5.74172e-05 9.31485 2.62244
-3.96122e-05 8.95916 2.56902
-2.33567e-05 8.60345 2.51552
-8.25999e-06 8.24773 2.46194
4.88498e-06 7.89198 2.40829
1.57406e-05 7.53619 2.35456
2.52477e-05 7.18034 2.30075
3.41444e-05 6.82443 2.24686
4.24367e-05 6.46845 2.19288
5.0042e-05 6.11229 2.13897
5.68962e-05 5.75589 2.0852
6.29781e-05 5.39937 2.0314
6.80219e-05 5.04274 1.97759
7.20269e-05 4.68598 1.92378
7.50768e-05 4.3291 1.86992
7.7348e-05 3.97213 1.81602
7.90397e-05 3.61505 1.76204
8.04543e-05 3.25788 1.70798
8.13616e-05 2.9006 1.65388
8.17428e-05 2.54322 1.5997
8.15802e-05 2.18574 1.54547
8.09273e-05 1.82815 1.49117
7.98047e-05 1.47047 1.43682
7.82304e-05 1.11268 1.38241
7.62144e-05 0.754803 1.32795
7.37806e-05 0.396825 1.27344
7.09333e-05 0.0387518 1.21889
6.76792e-05 -0.31941 1.1643
6.40433e-05 -0.677666 1.10966
6.00129e-05 -1.03601 1.05499
5.55955e-05 -1.39444 1.00028
5.08082e-05 -1.75296 0.945545
4.56643e-05 -2.11156 0.890778
4.01753e-05 -2.47024 0.835987
3.43082e-05 -2.829 0.78117
2.80724e-05 -3.1879 0.726418
2.1433e-05 -3.54709 0.67201
1.44314e-05 -3.90641 0.617648
7.12508e-06 -4.26581 0.563316
-5.89074e-07 -4.6253 0.508995
-8.71561e-06 -4.98487 0.454675
-1.71836e-05 -5.34452 0.400357
-2.60501e-05 -5.70426 0.346038
-3.53243e-05 -6.06406 0.291723
-4.50206e-05 -6.42394 0.237415
-5.51654e-05 -6.78409 0.183793
-6.5706e-05 -7.14453 0.130942
-7.66914e-05 -7.50509 0.0781906
-8.80606e-05 -7.86576 0.025593
-9.98167e-05 -8.22652 -0.0268709
-0.000111989 -8.58738 -0.0793028
-0.00012495 -8.94688 -0.127795
-0.000140155 -9.29618 -0.162149
-0.000158021 -9.63136 -0.17977
-0.000176535 -9.96218 -0.192351
-0.000194838 -10.2912 -0.202982
-0.000212421 -10.6199 -0.212806
-0.000229641 -10.9487 -0.222159
-0.000246713 -11.2779 -0.231216
-0.000263942 -11.6076 -0.240035
-0.00028121 -11.9378 -0.248622
-0.000298709 -12.2686 -0.256971
-0.000316767 -12.5999 -0.265099
-0.000334952 -12.9317 -0.273026
-0.000353673 -13.2642 -0.280755
-0.000372873 -13.5972 -0.288289
-0.000392544 -13.9308 -0.295629
-0.000412558 -14.2651 -0.302769
-0.000433084 -14.6 -0.309707
-0.000454321 -14.9355 -0.316442
-0.000475778 -15.2716 -0.322977
-0.000497686 -15.6085 -0.329327
-0.000520268 -15.9459 -0.335498
-0.000543266 -16.2841 -0.341497
-0.000566821 -16.6229 -0.347325
-0.000590924 -16.9624 -0.352986
-0.000615518 -17.3026 -0.358477
-0.000640479 -17.6434 -0.3638
-0.000665783 -17.9849 -0.368955
-0.000691725 -18.327 -0.373946
-0.000718292 -18.6698 -0.378774
-0.000745261 -19.0133 -0.38344
-0.000772709 -19.3573 -0.387946
-0.000800656 -19.702 -0.392295
-0.000828948 -20.0473 -0.396489
-0.000857663 -20.3931 -0.400534
-0.000886846 -20.7395 -0.404433
-0.000916485 -21.0865 -0.408188
-0.000946603 -21.434 -0.411802
-0.000977195 -21.782 -0.41528
-0.00100826 -22.1304 -0.418625
-0.00103978 -22.4794 -0.421843
-0.00107173 -22.8288 -0.424937
-0.00110413 -23.1786 -0.427908
-0.00113694 -23.5288 -0.430761
-0.00117021 -23.8794 -0.433495
-0.00120396 -24.2304 -0.436112
-0.00123806 -24.5817 -0.438617
-0.00127261 -24.9333 -0.441015
-0.00130761 -25.2853 -0.443307
-0.00134304 -25.6375 -0.445495
-0.00137891 -25.99 -0.447568
-0.00141523 -26.3427 -0.449548
-0.00145198 -26.6957 -0.451449
-0.0014892 -27.0488 -0.453274
-0.00152685 -27.4022 -0.455028
-0.00156495 -27.7558 -0.456719
-0.0016035 -28.1095 -0.458353
-0.00164251 -28.4634 -0.459948
-0.001682 -28.8174 -0.461512
-0.00172194 -29.1716 -0.46304
-0.00176232 -29.5259 -0.464571
-0.00180314 -29.8804 -0.466087
-0.00184442 -30.235 -0.467566
-0.0018861 -30.5897 -0.469027
-0.00192822 -30.9446 -0.470525
-0.00197078 -31.2996 -0.472023
-0.00201377 -31.6546 -0.473468
-0.0020572 -32.0098 -0.474885
-0.00210109 -32.3651 -0.476301
-0.00214542 -32.7204 -0.477693
-0.00219023 -33.0757 -0.479075
-0.0022355 -33.431 -0.480454
-0.00228123 -33.7864 -0.481812
-0.00232742 -34.1418 -0.48315
-0.00237407 -34.4972 -0.484469
-0.00242118 -34.8527 -0.48577
-0.00236702 -34.5448 -0.473645
-0.00228693 -34.083 -0.455456
-0.00223471 -33.7751 -0.443336
-0.00218318 -33.467 -0.431215
-0.00213219 -33.1588 -0.419083
-0.00208194 -32.8504 -0.406961
-0.00203266 -32.5419 -0.394855
-0.00198392 -32.2331 -0.382771
-0.00193577 -31.9242 -0.370637
-0.00188886 -31.6149 -0.358482
-0.0018422 -31.3053 -0.346301
-0.00179642 -30.9955 -0.334121
-0.0017514 -30.6853 -0.321944
-0.00170683 -30.3747 -0.309759
-0.001663 -30.0638 -0.297552
-0.00161961 -29.7524 -0.285347
-0.00157661 -29.4406 -0.27313
-0.0015341 -29.1282 -0.260943
-0.00149178 -28.8154 -0.248795
-0.0014494 -28.502 -0.236679
-0.00140681 -28.1879 -0.224583
-0.00136341 -27.8732 -0.212492
-0.00131864 -27.5574 -0.200219
-0.00127265 -27.2408 -0.187916
-0.00122605 -26.9232 -0.175601
-0.00117929 -26.6043 -0.163058
-0.00113116 -26.2842 -0.150397
-0.00108127 -25.9627 -0.137702
-0.00103247 -25.6395 -0.124892
-0.000987157 -25.3146 -0.111888
-0.000951474 -24.9875 -0.098707
-0.00092428 -24.6581 -0.0853847
-0.000915835 -24.3261 -0.071825
-0.000917586 -23.9913 -0.0580927
-0.000915992 -23.6535 -0.0442388
-0.000902994 -23.3129 -0.0304225
-0.000878849 -22.9696 -0.016474
-0.000849483 -22.624 -0.00213377
-0.000820355 -22.2761 0.0145605
-0.000792261 -21.9268 0.0329227
-0.000765115 -21.5765 0.0531743
-0.000738741 -21.2257 0.0755831
-0.000712996 -20.8743 0.0993006
-0.000687803 -20.5225 0.123688
-0.000663083 -20.1706 0.148743
-0.000638931 -19.8177 0.174929
-0.000615288 -19.4644 0.201154
-0.000592237 -19.1099 0.2284
-0.000569711 -18.7548 0.255849
-0.000547677 -18.3995 0.283235
-0.000526119 -18.044 0.310473
-0.000505043 -17.6884 0.33755
-0.000484444 -17.3327 0.364447
-0.000464333 -16.9768 0.391176
-0.000444757 -16.6208 0.417804
-0.000425731 -16.2646 0.444508
-0.000407226 -15.9082 0.471148
-0.000389226 -15.5518 0.497708
-0.000371679 -15.1953 0.524185
-0.000354559 -14.8389 0.550612
-0.000337885 -14.4826 0.577021
-0.000321414 -14.1263 0.603415
-0.000304993 -13.7701 0.629798
-0.000288263 -13.414 0.656129
-0.000270988 -13.0579 0.682427
-0.000252882 -12.702 0.7087
-0.0002343 -12.346 0.734936
-0.000214879 -11.9902 0.761149
-0.000194371 -11.6344 0.787341
-0.000173211 -11.2787 0.8135
-0.000152405 -10.923 0.839615
-0.00013162 -10.5674 0.865681
-0.000110619 -10.2118 0.891702
-9.01886e-05 -9.85622 0.917666
-7.05868e-05 -9.50066 0.943562
-5.21033e-05 -9.14509 0.969374
-3.46568e-05 -8.78949 0.9951
-1.87962e-05 -8.43388 1.02074
-3.99321e-06 -8.07824 1.04628
8.97047e-06 -7.72257 1.07174
1.9783e-05 -7.36685 1.09709
2.90337e-05 -7.01107 1.12233
3.76769e-05 -6.65523 1.14746
4.57181e-05 -6.29932 1.17249
5.31145e-05 -5.94333 1.19741
5.97549e-05 -5.58726 1.22221
6.5719e-05 -5.23112 1.2469
7.07289e-05 -4.87489 1.27149
7.48328e-05 -4.51858 1.29597
7.78986e-05 -4.16214 1.32038
8.01928e-05 -3.80545 1.34484
8.17462e-05 -3.44863 1.36923
8.2872e-05 -3.09169 1.39353
8.3666e-05 -2.73464 1.41774
8.39285e-05 -2.37749 1.44186
8.36769e-05 -2.02023 1.46588
8.28834e-05 -1.66287 1.48981
8.16114e-05 -1.3054 1.51366
7.98721e-05 -0.947831 1.53743
7.7679e-05 -0.59015 1.56112
7.50409e-05 -0.23236 1.58475
