-7.89331e-07 -2.19862e-08 -0.030041
-7.69118e-07 0.0676858 -0.0589901
9.14657e-07 0.151413 -0.0776401
7.02799e-06 0.230151 -0.0904603
8.96846e-06 0.30503 -0.101104
8.16643e-06 0.377395 -0.110631
6.52271e-06 0.448168 -0.119513
5.43861e-06 0.517876 -0.127987
5.07083e-06 0.586879 -0.1362
4.86495e-06 0.655379 -0.144228
5.41645e-06 0.723521 -0.152131
6.75347e-06 0.791414 -0.159943
8.06117e-06 0.85912 -0.167689
9.69013e-06 0.926681 -0.175388
1.21886e-05 0.994133 -0.183053
1.46108e-05 1.06151 -0.190698
1.73926e-05 1.12882 -0.198326
2.07569e-05 1.19609 -0.205946
2.46974e-05 1.26333 -0.213563
2.81363e-05 1.33058 -0.22118
3.17134e-05 1.39788 -0.228792
2.86155e-05 1.33095 -0.221748
2.54466e-05 1.26398 -0.214679
2.16021e-05 1.19698 -0.207587
1.89468e-05 1.12993 -0.200471
1.6545e-05 1.06282 -0.193317
1.39864e-05 0.995638 -0.186122
1.23554e-05 0.92836 -0.178877
1.04294e-05 0.860958 -0.171572
9.53781e-06 0.793401 -0.16419
8.78018e-06 0.725634 -0.156714
8.65952e-06 0.657591 -0.149111
8.76772e-06 0.589161 -0.141343
9.84024e-06 0.520198 -0.13335
1.11572e-05 0.450471 -0.12504
1.30917e-05 0.379611 -0.116252
1.39514e-05 0.307049 -0.106728
1.2092e-05 0.231863 -0.095944
3.98521e-06 0.15272 -0.0827332
1.1673e-05 0.0694233 -0.0629844
1.09204e-05 0.00247764 -0.0341457
-3.64477e-05 -0.0701176 -0.00110515
1.46014e-06 -0.15182 0.04746
6.91727e-06 -0.230274 0.0999262
8.98907e-06 -0.305067 0.152671
8.21092e-06 -0.377399 0.205009
6.55609e-06 -0.448157 0.256913
5.46881e-06 -0.517859 0.30846
5.1038e-06 -0.586858 0.359739
4.8976e-06 -0.655355 0.410819
5.44755e-06 -0.723497 0.461747
6.78505e-06 -0.791389 0.512567
8.0908e-06 -0.859095 0.563305
9.72012e-06 -0.926656 0.613972
1.22171e-05 -0.994108 0.664582
1.46399e-05 -1.06148 0.715149
1.74244e-05 -1.1288 0.765678
2.07947e-05 -1.19608 0.816181
2.47466e-05 -1.26335 0.86666
2.8213e-05 -1.33066 0.917131
2.51178e-05 -1.26369 0.866265
2.13681e-05 -1.19669 0.815392
1.85757e-05 -1.12964 0.764504
1.61468e-05 -1.06253 0.713607
1.36116e-05 -0.995346 0.66269
1.19073e-05 -0.92807 0.61175
1.00876e-05 -0.860672 0.56077
9.1721e-06 -0.793116 0.509744
8.37781e-06 -0.725352 0.458643
8.28365e-06 -0.657316 0.407458
8.42506e-06 -0.588894 0.35614
9.48309e-06 -0.519943 0.304635
1.08036e-05 -0.450234 0.252889
1.26689e-05 -0.379404 0.200809
1.35006e-05 -0.306906 0.148334
1.14664e-05 -0.231849 0.0955513
6.52476e-06 -0.153109 0.0433027
-1.38256e-05 -0.0712681 -0.00457238
2.18587e-05 0.000178748 -0.0366597
-9.63656e-06 0.0712111 -0.0643111
6.89625e-06 0.153204 -0.0828501
1.18611e-05 0.231993 -0.095978
1.38685e-05 0.307086 -0.106746
1.30537e-05 0.379613 -0.116263
1.11158e-05 0.450458 -0.125048
9.79936e-06 0.520179 -0.133356
8.72601e-06 0.589139 -0.141347
8.61305e-06 0.657566 -0.149115
8.72399e-06 0.725608 -0.156717
9.49387e-06 0.793375 -0.164192
1.03838e-05 0.860933 -0.171573
1.2296e-05 0.928334 -0.178877
1.39357e-05 0.995613 -0.186122
1.64955e-05 1.0628 -0.193316
1.89142e-05 1.12991 -0.200469
2.15987e-05 1.19698 -0.207584
2.54445e-05 1.26403 -0.214673
2.86556e-05 1.3311 -0.221735
3.19027e-05 1.39828 -0.228765
3.72445e-05 1.466 -0.236352
4.33391e-05 1.53438 -0.243909
4.98463e-05 1.60416 -0.251388
5.71551e-05 1.6767 -0.258703
6.65532e-05 1.7539 -0.265726
7.86232e-05 1.83704 -0.272359
9.20944e-05 1.92621 -0.278554
0.00010582 2.0209 -0.284329
0.000118815 2.12058 -0.289671
0.000131096 2.22452 -0.294649
0.000141817 2.33231 -0.299232
0.000151145 2.44332 -0.303492
0.00015894 2.55717 -0.30744
0.000165665 2.67341 -0.311122
0.000171502 2.79166 -0.314564
0.000176449 2.91175 -0.317753
0.000180948 3.0332 -0.320779
0.000184924 3.15583 -0.323644
0.000188295 3.27964 -0.326306
0.000178409 3.21283 -0.319395
0.000168356 3.14601 -0.31248
0.000157768 3.07917 -0.305559
0.000147934 3.01233 -0.298632
0.000138925 2.94546 -0.2917
0.00013098 2.87857 -0.284767
0.000122966 2.81164 -0.277825
0.000114601 2.74468 -0.270877
0.000105612 2.67766 -0.263922
9.77765e-05 2.61058 -0.256962
9.03683e-05 2.54343 -0.249998
8.25268e-05 2.47618 -0.243026
7.46666e-05 2.40884 -0.236035
6.77798e-05 2.34138 -0.229033
6.02662e-05 2.27377 -0.222021
5.32618e-05 2.20599 -0.214987
4.60906e-05 2.138 -0.207928
3.85696e-05 2.06977 -0.200836
3.17885e-05 2.00123 -0.193709
2.41712e-05 1.93233 -0.186546
1.67972e-05 1.86298 -0.179321
8.97702e-06 1.79306 -0.172023
3.25895e-07 1.7224 -0.164626
-8.77712e-06 1.65077 -0.157097
-1.92987e-05 1.57784 -0.149378
-3.20824e-05 1.50307 -0.141385
-4.90292e-05 1.42566 -0.133003
-7.19114e-05 1.34439 -0.12406
-9.86484e-05 1.25744 -0.114341
-0.000141684 1.16275 -0.10369
-0.00018656 1.0592 -0.0923025
-0.000117541 0.94848 -0.0806992
-8.04343e-05 0.835228 -0.069141
-3.87412e-05 0.720689 -0.0575505
-1.74447e-05 0.604861 -0.0457443
-2.32932e-05 0.488952 -0.0323616
-4.8006e-05 0.375597 -0.0153834
-3.63898e-05 0.264977 0.0071157
-4.89902e-05 0.150323 0.0395957
-6.40038e-05 0.0432996 0.0775214
-7.57756e-05 -0.0608425 0.115977
-8.69537e-05 -0.163583 0.153971
-9.80184e-05 -0.265734 0.191213
-0.000102744 -0.358222 0.233051
-0.000106037 -0.438268 0.280839
-0.000100872 -0.509375 0.332402
-9.66845e-05 -0.579143 0.383931
-9.41153e-05 -0.648056 0.435363
-9.18946e-05 -0.716459 0.486668
-8.95452e-05 -0.784534 0.537865
-8.71732e-05 -0.852377 0.588979
-8.46958e-05 -0.920041 0.64002
-8.15922e-05 -0.987582 0.691017
-7.8585e-05 -1.05505 0.741983
-7.52666e-05 -1.12251 0.792929
-7.14113e-05 -1.19006 0.843894
-6.70266e-05 -1.25787 0.894917
-6.21704e-05 -1.32627 0.946063
-5.54498e-05 -1.39581 0.997359
-4.72475e-05 -1.46797 1.04926
-3.74877e-05 -1.54414 1.10215
-2.61227e-05 -1.62512 1.15628
-1.3572e-05 -1.71126 1.21179
-2.73055e-07 -1.80266 1.26875
1.36103e-05 -1.89912 1.32715
2.80769e-05 -1.99969 1.38673
4.25406e-05 -2.10322 1.44725
5.66053e-05 -2.2094 1.50868
7.03385e-05 -2.31791 1.57094
8.34994e-05 -2.42856 1.63399
9.59283e-05 -2.54117 1.6978
0.000107401 -2.65557 1.76235
0.000118158 -2.77161 1.82761
0.000127832 -2.88916 1.89354
0.000136601 -3.00804 1.96008
0.000144679 -3.12812 2.02716
0.000152075 -3.24927 2.09476
0.000158959 -3.37131 2.1628
0.000148846 -3.30446 2.11194
0.000137834 -3.2376 2.06108
0.000127112 -3.17072 2.01022
0.000117269 -3.10382 1.95935
0.000108467 -3.03689 1.90848
9.98841e-05 -2.96993 1.85759
9.11671e-05 -2.90293 1.80669
8.17581e-05 -2.83587 1.75579
7.27494e-05 -2.76874 1.70486
6.50839e-05 -2.70149 1.65394
5.67598e-05 -2.63411 1.60303
4.795e-05 -2.56662 1.55209
4.03071e-05 -2.49901 1.50111
3.27857e-05 -2.43125 1.45009
2.46649e-05 -2.36331 1.399
1.69498e-05 -2.29517 1.34785
9.4623e-06 -2.22678 1.29661
1.9649e-06 -2.15809 1.24527
-5.92238e-06 -2.08905 1.1938
-1.37722e-05 -2.01955 1.14218
-2.19129e-05 -1.94951 1.09036
-2.99395e-05 -1.87875 1.03828
-3.90443e-05 -1.80706 0.985858
-4.88504e-05 -1.73407 0.933051
-6.04636e-05 -1.6594 0.879604
-7.49136e-05 -1.58239 0.82533
-9.38298e-05 -1.50188 0.770057
-0.000116124 -1.41628 0.713657
-0.000137136 -1.32352 0.656426
-0.000201017 -1.22246 0.599197
-0.000191776 -1.11319 0.542722
-0.000172316 -0.995249 0.493383
-0.000178595 -0.871257 0.450268
-0.000185046 -0.746446 0.410691
-0.000214274 -0.621279 0.372636
-0.000251472 -0.495774 0.334717
-0.000300769 -0.370317 0.296633
-0.000337533 -0.245403 0.258495
-0.000345837 -0.12182 0.220517
-0.000308723 -0.000497763 0.182991
-0.000294453 0.118903 0.145838
-0.000295351 0.233932 0.112369
-0.000292322 0.344644 0.0817625
-0.000287955 0.453269 0.0516666
-0.000284787 0.560791 0.0215499
-0.000283422 0.667938 -0.00884948
-0.000283444 0.77522 -0.0397114
-0.000284331 0.883061 -0.071173
-0.00027917 0.982003 -0.0961135
-0.000269689 1.07194 -0.114529
-0.000252423 1.14703 -0.123254
-0.000237804 1.22079 -0.131152
-0.000225853 1.29402 -0.13863
-0.000215085 1.36714 -0.145868
-0.000205134 1.44043 -0.152953
-0.000195044 1.51403 -0.159917
-0.000184671 1.58808 -0.166786
-0.000174393 1.66267 -0.173555
-0.000163663 1.73788 -0.180232
-0.000152661 1.81381 -0.186821
-0.000141623 1.89055 -0.193319
-0.000130442 1.96821 -0.199727
-0.000117667 2.04688 -0.20604
-0.000105478 2.1267 -0.212255
-9.31388e-05 2.20777 -0.218363
-8.05292e-05 2.29027 -0.224353
-6.68256e-05 2.37435 -0.230212
-5.24279e-05 2.4602 -0.235924
-3.8466e-05 2.54802 -0.241466
-2.42056e-05 2.63803 -0.246825
-1.05593e-05 2.73045 -0.251975
3.04591e-06 2.82548 -0.256895
1.69081e-05 2.92327 -0.261572
3.08944e-05 3.02391 -0.265993
4.45583e-05 3.12731 -0.27016
5.77402e-05 3.23338 -0.274058
7.04754e-05 3.34207 -0.277686
8.25708e-05 3.4533 -0.281048
9.41734e-05 3.56685 -0.284162
0.000104787 3.68247 -0.287054
0.000114661 3.79985 -0.289752
0.000123902 3.91876 -0.292274
0.000132297 4.03913 -0.294566
0.00014094 4.16081 -0.29677
0.000150808 4.28346 -0.298859
0.000159737 4.40674 -0.300861
0.000167503 4.53066 -0.302796
0.00017473 4.65514 -0.3047
0.000181524 4.78007 -0.306559
0.000187983 4.90536 -0.308378
0.0001942 5.03094 -0.310147
0.000200266 5.15677 -0.311898
0.000206148 5.28277 -0.313625
0.000211867 5.40891 -0.315306
0.00022029 5.59829 -0.317759
0.00022604 5.72464 -0.319344
0.000231885 5.85103 -0.320895
0.000237807 5.97748 -0.322419
0.000243993 6.10393 -0.323914
0.000250319 6.2304 -0.325387
0.000256725 6.35686 -0.326832
0.000263236 6.48331 -0.328242
0.000269888 6.60975 -0.329627
0.000276688 6.73616 -0.330988
0.000283735 6.86252 -0.332323
0.000291068 6.98884 -0.333638
0.000298656 7.11511 -0.334935
0.000306478 7.24134 -0.336205
0.000314554 7.36756 -0.33741
0.000322924 7.49378 -0.338513
0.000331723 7.61995 -0.339562
0.000340817 7.74606 -0.340591
0.000350154 7.87209 -0.341606
0.000359746 7.99805 -0.342607
0.000369722 8.12393 -0.343591
0.000380128 8.24971 -0.344555
0.000390881 8.37542 -0.345505
0.000401985 8.50105 -0.346435
0.000413449 8.62661 -0.347344
0.000389149 8.55945 -0.340093
0.000353903 8.45864 -0.329206
0.000330512 8.39131 -0.32191
0.000306482 8.32384 -0.314572
0.000282152 8.25624 -0.307219
0.000257346 8.18852 -0.299868
0.000232482 8.12065 -0.292523
0.000208095 8.05263 -0.28519
0.000184489 7.98443 -0.277871
0.000160866 7.91602 -0.270565
0.000137108 7.84739 -0.263269
0.000112864 7.77852 -0.255987
8.85829e-05 7.70937 -0.248723
6.50136e-05 7.63994 -0.241479
4.07939e-05 7.57018 -0.234252
1.62463e-05 7.50003 -0.227004
-7.82489e-06 7.42952 -0.219774
-3.21592e-05 7.35859 -0.212566
-5.68619e-05 7.28723 -0.205373
-8.15496e-05 7.21531 -0.198131
-0.00010705 7.14283 -0.190847
-0.000133188 7.06979 -0.18359
-0.000160242 6.99613 -0.176348
-0.000187349 6.92174 -0.169083
-0.000215663 6.8466 -0.161814
-0.000245368 6.77061 -0.154536
-0.000276476 6.69366 -0.147237
-0.000309678 6.61559 -0.139902
-0.000345654 6.53623 -0.132538
-0.000385177 6.45535 -0.125125
-0.000429985 6.37251 -0.117554
-0.000481029 6.28731 -0.109773
-0.000540682 6.19926 -0.101792
-0.000611055 6.10781 -0.0936362
-0.000690488 6.01229 -0.0852868
-0.000773535 5.91226 -0.0767675
-0.000864423 5.80783 -0.0681257
-0.000943017 5.69914 -0.0591322
-0.000929103 5.58674 -0.0501915
-0.000872166 5.47214 -0.0414158
-0.000813957 5.35561 -0.0326963
-0.000764806 5.23747 -0.0236829
-0.000716174 5.11838 -0.0147725
-0.00066472 4.99807 -0.00519503
-0.000609981 4.87684 0.00450884
-0.000558228 4.75464 0.0142492
-0.000525582 4.62877 0.0294524
-0.00048466 4.50158 0.0460948
-0.000437337 4.37416 0.0632265
-0.000388375 4.24681 0.0817295
-0.000352465 4.11953 0.101444
-0.00029925 3.99277 0.121732
-0.000242241 3.8666 0.142229
-0.000205165 3.74146 0.163837
-0.000181152 3.61673 0.18542
-0.000162937 3.4925 0.207134
-0.000146837 3.36883 0.228973
-0.000130182 3.24562 0.250844
-0.000113317 3.12284 0.272676
-9.64327e-05 3.00039 0.2944
-8.44597e-05 2.87808 0.315988
-9.67485e-05 2.75532 0.337456
-0.000109309 2.6326 0.358766
-0.000113718 2.50979 0.379979
-0.000110502 2.38689 0.401043
-0.000107182 2.26394 0.421868
-0.000103985 2.14086 0.44243
-0.000101025 2.01769 0.462762
-9.81164e-05 1.89436 0.482854
-9.53243e-05 1.77082 0.502709
-9.26309e-05 1.64707 0.522334
-8.98577e-05 1.52308 0.541738
-8.59399e-05 1.3988 0.560979
-9.12259e-05 1.27395 0.580121
-0.000103147 1.14851 0.599177
-0.000114542 1.02271 0.618065
-0.00012153 0.896517 0.636842
-0.000125336 0.769954 0.655478
-0.00012784 0.643063 0.673953
-0.000129852 0.51585 0.692259
-0.000131659 0.388291 0.710423
-0.000134245 0.260082 0.728927
-0.000136482 0.131264 0.747698
-0.000138013 0.00201875 0.766483
-0.000138869 -0.127627 0.785191
-0.000139181 -0.257646 0.803771
-0.000138815 -0.388026 0.822246
-0.000138039 -0.518761 0.840623
-0.00013697 -0.649832 0.858906
-0.000135325 -0.781233 0.877105
-0.000133105 -0.912959 0.895228
-0.000130612 -1.04499 0.913288
-0.000127712 -1.17692 0.932435
-0.000124875 -1.30861 0.953327
-0.00012146 -1.4407 0.974394
-0.000116714 -1.56975 0.998006
-0.000106407 -1.66232 1.04505
-9.62022e-05 -1.74647 1.09644
-8.33718e-05 -1.8281 1.14938
-6.91694e-05 -1.90941 1.20301
-5.55619e-05 -1.99119 1.25709
-4.0717e-05 -2.07383 1.31153
-2.57502e-05 -2.15753 1.36636
-9.92838e-06 -2.24234 1.42158
5.96412e-06 -2.32829 1.4772
2.25858e-05 -2.4154 1.53322
3.92472e-05 -2.50375 1.58968
5.57705e-05 -2.59349 1.64664
7.2011e-05 -2.68479 1.70414
8.87099e-05 -2.77777 1.76222
0.00010618 -2.87239 1.82085
0.000124101 -2.96871 1.88005
0.000141499 -3.06677 1.93985
0.00015898 -3.16651 2.00022
0.000177391 -3.26798 2.06121
0.000199158 -3.37132 2.12289
0.000220236 -3.47646 2.18527
0.000240427 -3.58327 2.24834
0.000259554 -3.69169 2.31211
0.000277621 -3.80161 2.37656
0.000294491 -3.91291 2.44163
0.000310739 -4.02545 2.50728
0.000326655 -4.13909 2.57343
0.000342245 -4.25378 2.64001
0.000357433 -4.36947 2.707
0.000372116 -4.48607 2.77438
0.000386099 -4.60343 2.84215
0.000399253 -4.72148 2.91029
0.000411839 -4.84016 2.97879
0.000423971 -4.95944 3.04759
0.00043577 -5.07925 3.11667
0.000447289 -5.19954 3.18601
0.000458484 -5.32028 3.25559
0.000467925 -5.44142 3.3254
0.000476952 -5.56287 3.39537
0.000486845 -5.68466 3.46553
0.000496936 -5.80677 3.53587
0.000507038 -5.92917 3.6064
0.000516857 -6.05184 3.67709
0.00052649 -6.17474 3.74795
0.000536134 -6.29787 3.81896
0.000545795 -6.42119 3.89014
0.000555527 -6.5447 3.96146
0.000565352 -6.66836 4.03293
0.000575147 -6.79216 4.10454
0.000584924 -6.91609 4.17627
0.000594704 -7.04013 4.24813
0.000604595 -7.16427 4.3201
0.000614642 -7.28849 4.39219
0.000624955 -7.41277 4.4644
0.000635384 -7.5371 4.53671
0.00064593 -7.66147 4.60914
0.000656616 -7.78589 4.68169
0.00066732 -7.91035 4.75438
0.000678138 -8.03482 4.82716
0.000689063 -8.15928 4.90004
0.000700338 -8.28372 4.97301
0.00071178 -8.40815 5.04607
0.000723366 -8.53256 5.11922
0.000735259 -8.65694 5.19245
0.000747536 -8.78129 5.26578
0.000723421 -8.71396 5.21531
0.000688436 -8.61287 5.13962
0.000664791 -8.54537 5.08914
0.000640917 -8.47782 5.03865
0.000616375 -8.41011 4.98813
0.000591598 -8.34228 4.93759
0.000567312 -8.27428 4.88699
0.000543846 -8.20614 4.83634
0.000520502 -8.13768 4.7857
0.00049674 -8.069 4.73502
0.000472977 -8.00006 4.68426
0.000448736 -7.93087 4.63346
0.000425443 -7.86135 4.58256
0.000401802 -7.79156 4.53156
0.00037768 -7.72141 4.48044
0.00035388 -7.65088 4.42922
0.000330101 -7.5799 4.37786
0.00030595 -7.50853 4.32638
0.000281663 -7.43665 4.27472
0.000256667 -7.36432 4.22288
0.000230795 -7.29135 4.17088
0.000205338 -7.21782 4.11867
0.000178647 -7.14356 4.0662
0.000150777 -7.06851 4.01352
0.000121687 -6.99258 3.96051
9.06072e-05 -6.9155 3.9073
5.79284e-05 -6.83728 3.85362
2.23489e-05 -6.75785 3.79939
-1.66685e-05 -6.6767 3.74462
-5.9781e-05 -6.59363 3.68918
-0.000110631 -6.5082 3.63278
-0.000169538 -6.41978 3.57537
-0.000237841 -6.32765 3.51678
-0.000312127 -6.23123 3.45705
-0.000386501 -6.12998 3.39634
-0.00047152 -6.02434 3.33487
-0.000538725 -5.91434 3.27363
-0.000546 -5.80057 3.21484
-0.000566607 -5.68538 3.16009
-0.000572614 -5.56877 3.10705
-0.000582002 -5.45193 3.05561
-0.000596723 -5.33374 3.00548
-0.000620609 -5.21467 2.95617
-0.000642581 -5.09389 2.90833
-0.000659122 -4.9716 2.86113
-0.000681477 -4.84833 2.81415
-0.000706675 -4.7246 2.76686
-0.000733371 -4.60068 2.71934
-0.000765138 -4.47659 2.67156
-0.000796519 -4.35248 2.62362
-0.00082158 -4.22825 2.57543
-0.000841951 -4.10403 2.5271
-0.000855205 -3.97973 2.47855
-0.000861473 -3.85555 2.42991
-0.000856501 -3.73148 2.38113
-0.000834024 -3.60778 2.33235
-0.000803782 -3.4842 2.28347
-0.000773149 -3.36094 2.23461
-0.000743741 -3.23769 2.18563
-0.000715327 -3.11472 2.13666
-0.000688948 -2.99175 2.0876
-0.000683854 -2.86844 2.03893
-0.000681207 -2.74504 1.99023
-0.000675225 -2.62172 1.94166
-0.000661458 -2.49818 1.89313
-0.000647339 -2.37479 1.84458
-0.000633604 -2.25122 1.79588
-0.000620726 -2.12776 1.74714
-0.000608767 -2.00403 1.6982
-0.000597238 -1.8803 1.64918
-0.000586425 -1.75638 1.60001
-0.000576265 -1.63229 1.55069
-0.000566647 -1.50802 1.50123
-0.000557277 -1.38354 1.45162
-0.000548081 -1.25884 1.40186
-0.000539191 -1.13391 1.35194
-0.000530601 -1.00875 1.30188
-0.000521878 -0.88334 1.25166
-0.00051336 -0.757696 1.20131
-0.00050269 -0.631824 1.1508
-0.000487156 -0.505756 1.10015
-0.000471355 -0.379443 1.04936
-0.000458453 -0.25277 0.998526
-0.000454081 -0.125458 0.947875
-0.000452489 0.00228882 0.897272
-0.00044996 0.130361 0.846643
-0.000446955 0.258714 0.795911
-0.000443455 0.387341 0.745073
-0.000439352 0.51622 0.694129
-0.000434706 0.645352 0.643082
-0.00042929 0.77474 0.591948
-0.000424264 0.904483 0.540827
-0.000427274 1.03518 0.49067
-0.000430247 1.16637 0.440787
-0.000431939 1.29788 0.390879
-0.000432226 1.42969 0.340938
-0.000429995 1.56185 0.291122
-0.000425734 1.69432 0.241345
-0.000420836 1.82703 0.191481
-0.000414983 1.96001 0.141555
-0.000408843 2.09319 0.0917773
-0.000412933 2.22621 0.0453994
-0.000417765 2.35951 -0.000656654
-0.000422873 2.49312 -0.0466137
-0.000428696 2.62135 -0.0869824
-0.000435401 2.71937 -0.100964
-0.000434239 2.81222 -0.110353
-0.000422971 2.90204 -0.117265
-0.000407671 2.99164 -0.123573
-0.000391339 3.0818 -0.129656
-0.000374451 3.17269 -0.135595
-0.000357217 3.26437 -0.141403
-0.00034029 3.35687 -0.147051
-0.000323473 3.45022 -0.152533
-0.000306795 3.54442 -0.157857
-0.000290172 3.63949 -0.163026
-0.000273615 3.73544 -0.168044
-0.000256681 3.83228 -0.172932
-0.000239304 3.93003 -0.177706
-0.000222122 4.0287 -0.182372
-0.000205189 4.12828 -0.186929
-0.000188191 4.22878 -0.191372
-0.000171044 4.3302 -0.195698
-0.000153775 4.43255 -0.19991
-0.000136259 4.53581 -0.204008
-0.000118622 4.64 -0.207992
-0.000101002 4.74511 -0.211865
-8.37284e-05 4.85113 -0.215626
-6.61983e-05 4.95805 -0.219277
-4.88065e-05 5.06588 -0.222816
-3.14858e-05 5.1746 -0.226244
-1.40566e-05 5.28419 -0.229561
3.43249e-06 5.39464 -0.23277
2.10838e-05 5.50594 -0.23587
3.88363e-05 5.61806 -0.238864
5.69099e-05 5.731 -0.241753
7.50999e-05 5.84471 -0.244539
9.33875e-05 5.95919 -0.247222
0.000111794 6.07441 -0.249806
0.000130241 6.19033 -0.252292
0.00014877 6.30693 -0.254682
0.000167404 6.42418 -0.256979
0.000186171 6.54205 -0.259184
0.000205134 6.6605 -0.261299
0.000224446 6.77952 -0.263317
0.000243895 6.89907 -0.265242
0.000263463 7.01912 -0.267082
0.00028325 7.13962 -0.268842
0.000303252 7.26056 -0.270524
0.00032346 7.38191 -0.27213
0.000343893 7.50364 -0.273666
0.000364443 7.62571 -0.275137
0.000385156 7.74812 -0.276546
0.000406003 7.87083 -0.277881
0.000427013 7.99382 -0.279152
0.000448222 8.11707 -0.280361
0.000469702 8.24055 -0.281512
0.000491463 8.36426 -0.282584
0.000513166 8.48819 -0.283572
0.00053502 8.61229 -0.284506
0.000557118 8.73654 -0.285395
0.000579445 8.86091 -0.286243
0.000601998 8.9854 -0.287051
0.000624779 9.10997 -0.287822
0.000647792 9.23462 -0.288558
0.000671081 9.35933 -0.289245
0.000694701 9.4841 -0.28989
0.000718609 9.6089 -0.290507
0.000742759 9.73373 -0.2911
0.000767176 9.85859 -0.291686
0.000791965 9.98351 -0.292327
0.000817143 10.1084 -0.292964
0.000842809 10.2334 -0.293607
0.000868863 10.3584 -0.294253
0.000895224 10.4833 -0.294897
0.000921555 10.6083 -0.295539
0.000947941 10.7333 -0.296191
0.000974322 10.8582 -0.296838
0.00100055 10.9831 -0.297474
0.00102637 11.1079 -0.298104
0.00105181 11.2326 -0.298699
0.001021 11.165 -0.29095
0.00097542 11.0635 -0.279314
0.000945451 10.9957 -0.271564
0.000915437 10.9278 -0.26382
0.000885131 10.8598 -0.256086
0.000854396 10.7917 -0.24836
0.000823898 10.7233 -0.24065
0.000793565 10.6548 -0.232956
0.000763704 10.586 -0.225262
0.000733999 10.517 -0.217575
0.000704206 10.4476 -0.209896
0.00067477 10.378 -0.202178
0.000645148 10.3079 -0.194451
0.000616477 10.2375 -0.186679
0.000587939 10.1667 -0.178925
0.000558713 10.0955 -0.171204
0.000529291 10.0239 -0.163517
0.00050058 9.95183 -0.155819
0.000471315 9.87921 -0.148079
0.000441703 9.80604 -0.140337
0.000411723 9.7323 -0.132598
0.000380692 9.65794 -0.124874
0.000348929 9.58283 -0.11711
0.000315606 9.50685 -0.109246
0.000282133 9.43013 -0.10139
0.000246968 9.35254 -0.0934967
0.000210255 9.27399 -0.0855742
0.000171506 9.19422 -0.0774757
0.000130862 9.11328 -0.0693855
8.75444e-05 9.031 -0.0612888
4.04926e-05 8.94707 -0.0530382
-9.98024e-06 8.86112 -0.044531
-6.70479e-05 8.77283 -0.035807
-0.000133745 8.68182 -0.0268489
-0.000210404 8.58763 -0.0176464
-0.000297061 8.48989 -0.00825517
-0.000388312 8.38843 0.00129855
-0.000484036 8.28346 0.0110401
-0.000554632 8.17516 0.0211029
-0.000551522 8.06357 0.0316864
-0.000522417 7.9492 0.0436232
-0.000494308 7.83346 0.0576913
-0.000481743 7.71718 0.0745968
-0.000471942 7.59991 0.0927706
-0.000466251 7.48165 0.111759
-0.000466384 7.36272 0.130531
-0.000474576 7.24235 0.150911
-0.000494314 7.12169 0.17214
-0.000507284 6.99964 0.195414
-0.000520832 6.87681 0.21897
-0.000542834 6.75381 0.242582
-0.000564968 6.63074 0.266172
-0.000577428 6.50721 0.289862
-0.000576668 6.38356 0.313754
-0.000574538 6.25953 0.337458
-0.00057627 6.13526 0.360981
-0.000579267 6.01092 0.384356
-0.000578239 5.88659 0.407576
-0.000565624 5.76239 0.430666
-0.000540387 5.63824 0.453682
-0.000508425 5.51355 0.476831
-0.000482625 5.38887 0.499925
-0.0004614 5.26428 0.52291
-0.000442015 5.1398 0.545787
-0.000423638 5.01549 0.568552
-0.000405028 4.8913 0.5912
-0.000386486 4.76719 0.613701
-0.000368121 4.64323 0.636082
-0.000350109 4.51934 0.65832
-0.000332674 4.3955 0.680412
-0.000315877 4.27167 0.702356
-0.000299782 4.14785 0.724148
-0.000284377 4.024 0.745789
-0.000269677 3.9001 0.767282
-0.00025567 3.77611 0.788629
-0.000242277 3.65203 0.809834
-0.000229424 3.52784 0.830899
-0.000217063 3.40352 0.851827
-0.000205151 3.27908 0.872624
-0.000193565 3.15449 0.893296
-0.000182228 3.02975 0.913845
-0.000171167 2.90484 0.934278
-0.000160358 2.77977 0.9546
-0.000155849 2.65424 0.974862
-0.000160449 2.52809 0.995103
-0.000165351 2.40166 1.01526
-0.000169183 2.27496 1.03537
-0.000169173 2.14795 1.05543
-0.000167858 2.02071 1.07542
-0.000165033 1.89325 1.09535
-0.000161856 1.76561 1.11519
-0.000158666 1.6378 1.13496
-0.000154492 1.50978 1.15467
-0.000149928 1.38158 1.17432
-0.000145105 1.2532 1.1939
-0.000140109 1.12466 1.21343
-0.000134922 0.995945 1.2329
-0.000129287 0.867065 1.25233
-0.000123214 0.738022 1.2717
-0.000116749 0.608823 1.29104
-0.000110033 0.479469 1.31034
-0.000102878 0.349971 1.32961
-9.53358e-05 0.220324 1.34885
-8.75172e-05 0.0905361 1.36805
-7.95195e-05 -0.0393876 1.38723
-7.11706e-05 -0.169444 1.40639
-6.23771e-05 -0.299628 1.42553
-5.31217e-05 -0.429937 1.44466
-4.34432e-05 -0.560371 1.46377
-3.58571e-05 -0.691086 1.48291
-3.55527e-05 -0.822553 1.5022
-3.59533e-05 -0.954248 1.52151
-3.34129e-05 -1.08611 1.54085
-2.81857e-05 -1.21811 1.56021
-2.25185e-05 -1.35024 1.57957
-1.62826e-05 -1.48249 1.59894
-9.46539e-06 -1.61487 1.61833
-2.2987e-06 -1.74736 1.63772
5.37983e-06 -1.87996 1.65713
7.67321e-06 -2.01337 1.67696
6.93845e-06 -2.1477 1.69726
6.56586e-06 -2.28226 1.71764
7.00702e-06 -2.41704 1.73814
8.65368e-06 -2.55206 1.75873
1.11982e-05 -2.68724 1.77935
8.22645e-06 -2.82138 1.80312
-1.0585e-05 -2.94118 1.8396
-2.45378e-05 -3.0414 1.89073
-3.29568e-05 -3.13592 1.94611
-3.1951e-05 -3.22818 2.0031
-2.30784e-05 -3.32016 2.06081
-1.19014e-05 -3.41254 2.11898
4.73528e-07 -3.50556 2.17749
1.39385e-05 -3.59929 2.23631
2.83063e-05 -3.69376 2.29546
4.32968e-05 -3.78898 2.35493
5.88029e-05 -3.88495 2.41474
7.42096e-05 -3.9817 2.47486
8.97347e-05 -4.07922 2.53529
0.000105766 -4.17752 2.59604
0.000121845 -4.2766 2.65712
0.000137871 -4.37648 2.71854
0.000153871 -4.47716 2.78029
0.00017006 -4.57864 2.84238
0.000186508 -4.68095 2.90481
0.000203173 -4.78409 2.96758
0.00022015 -4.88807 3.03067
0.000237292 -4.99288 3.09409
0.000254126 -5.09855 3.15782
0.000271161 -5.20505 3.22188
0.00028833 -5.3124 3.28626
0.000305548 -5.42058 3.35095
0.000322788 -5.52958 3.41596
0.000340219 -5.6394 3.48129
0.000357833 -5.75002 3.54693
0.000375624 -5.86144 3.61288
0.00039365 -5.97362 3.67913
0.000412044 -6.08657 3.74568
0.000430558 -6.20024 3.81252
0.000449257 -6.31464 3.87965
0.000468119 -6.42972 3.94706
0.000487092 -6.54547 4.01475
0.00050614 -6.66185 4.08271
0.000525353 -6.77885 4.15093
0.000544755 -6.89643 4.21941
0.000564339 -7.01457 4.28814
0.000583999 -7.13323 4.35711
0.000603743 -7.25238 4.42633
0.000623711 -7.372 4.49577
0.000643912 -7.49205 4.56545
0.000664285 -7.61252 4.63535
0.000684908 -7.73335 4.70548
0.000705663 -7.85454 4.77582
0.000726561 -7.97604 4.84638
0.00074756 -8.09783 4.91714
0.000768536 -8.21989 4.98811
0.00078962 -8.34219 5.05928
0.000810999 -8.4647 5.13063
0.000832557 -8.5874 5.20214
0.000854304 -8.71028 5.27381
0.000876205 -8.83332 5.34564
0.00089828 -8.95649 5.41761
0.000920524 -9.07979 5.4897
0.000942732 -9.20319 5.56191
0.000964945 -9.3267 5.63424
0.000987378 -9.45035 5.70665
0.00100999 -9.5741 5.77914
0.00103286 -9.69791 5.85175
0.00105598 -9.82177 5.92444
0.00107947 -9.94577 5.99717
0.00110271 -10.0699 6.06996
0.00112595 -10.1941 6.14287
0.00114925 -10.3183 6.21587
0.00117263 -10.4425 6.28893
0.00119539 -10.5668 6.36207
0.00121703 -10.691 6.43529
0.00123886 -10.8151 6.50858
0.00126113 -10.9392 6.58195
0.00128365 -11.0632 6.6554
0.00130642 -11.1871 6.72894
0.00132946 -11.311 6.80255
0.00129842 -11.2434 6.75233
0.00125323 -11.1419 6.67696
0.00122349 -11.0741 6.62668
0.00119342 -11.0062 6.57636
0.00116266 -10.9382 6.52602
0.00113128 -10.87 6.47563
0.00110034 -10.8016 6.42517
0.00106957 -10.733 6.37464
0.00103987 -10.6642 6.32408
0.00101058 -10.595 6.27347
0.000981776 -10.5255 6.2228
0.000952335 -10.4557 6.17204
0.000923389 -10.3856 6.12118
0.000895192 -10.3151 6.07022
0.000867162 -10.2441 6.01916
0.000838164 -10.1728 5.96797
0.000809006 -10.101 5.91666
0.000779469 -10.0287 5.86516
0.000749266 -9.956 5.81347
0.000719581 -9.88274 5.76157
0.000689055 -9.80891 5.70945
0.000657276 -9.73443 5.6571
0.000624466 -9.65904 5.60463
0.000590188 -9.58289 5.5519
0.000555772 -9.50596 5.49885
0.000520359 -9.42798 5.44561
0.000481536 -9.34897 5.39203
0.000440849 -9.26889 5.33796
0.00039797 -9.18753 5.2834
0.000353084 -9.10465 5.22829
0.000304813 -9.01998 5.1725
0.000251932 -8.93322 5.11587
0.000192163 -8.8439 5.0583
0.000121618 -8.75165 4.99962
3.89048e-05 -8.65597 4.93971
-5.06103e-05 -8.5565 4.87852
-0.000137875 -8.4532 4.81649
-0.000224929 -8.34639 4.75427
-0.000267294 -8.23585 4.69386
-0.000291879 -8.12308 4.63475
-0.000314017 -8.00885 4.57743
-0.000332178 -7.89406 4.52213
-0.00036141 -7.77837 4.46817
-0.000394387 -7.66224 4.41487
-0.000416036 -7.54601 4.36219
-0.000436756 -7.42823 4.31082
-0.0004536 -7.30971 4.25958
-0.000462661 -7.1888 4.20971
-0.000474218 -7.06683 4.1602
-0.000493525 -6.94455 4.11066
-0.00051646 -6.822 4.061
-0.000541032 -6.69928 4.01119
-0.000566628 -6.57641 3.96121
-0.000590178 -6.45338 3.91107
-0.000608276 -6.3301 3.86086
-0.00062188 -6.20622 3.81084
-0.000632974 -6.08218 3.76077
-0.000640812 -5.95808 3.71062
-0.000645264 -5.83398 3.66037
-0.000643041 -5.70996 3.61003
-0.00063067 -5.58606 3.55962
-0.000609048 -5.46231 3.50915
-0.000586703 -5.33867 3.45864
-0.000561985 -5.21508 3.40806
-0.00053839 -5.09156 3.3574
-0.000515223 -4.9681 3.30669
-0.000492178 -4.84469 3.2559
-0.000469675 -4.72132 3.20504
-0.000447954 -4.598 3.15413
-0.000427091 -4.47469 3.10314
-0.000407264 -4.35136 3.05208
-0.000388472 -4.22801 3.00093
-0.000370639 -4.10463 2.94971
-0.000353848 -3.98118 2.89841
-0.000337871 -3.85766 2.84701
-0.000322832 -3.73403 2.79552
-0.000308525 -3.61029 2.74393
-0.000294904 -3.48642 2.69224
-0.000281913 -3.36243 2.64045
-0.000269317 -3.2383 2.58856
-0.000257146 -3.11402 2.53657
-0.000245408 -2.98959 2.48448
-0.000233891 -2.86498 2.43229
-0.000222582 -2.74022 2.38
-0.000211518 -2.61528 2.3276
-0.000200507 -2.49017 2.27511
-0.000189557 -2.36489 2.22252
-0.0001786 -2.23944 2.16983
-0.000167581 -2.11381 2.11706
-0.000158865 -1.98791 2.06425
-0.000159464 -1.86136 2.01158
-0.000161975 -1.73452 1.95889
-0.000165085 -1.60744 1.90614
-0.000168075 -1.48016 1.85333
-0.000170929 -1.35268 1.80045
-0.000173518 -1.22501 1.7475
-0.000175678 -1.09716 1.69449
-0.000177337 -0.969118 1.64141
-0.000178149 -0.840883 1.58829
-0.000177764 -0.712451 1.53513
-0.000175888 -0.58382 1.48193
