-5.46304e-07 -3.64183e-16 -0.0238081
0.0941655 9.15051e-14 -0.00215066
0.156942 2.59803e-13 0.0122877
0.219718 5.14224e-13 0.026726
0.282493 8.58674e-13 0.0411643
0.345268 1.29996e-12 0.0556027
0.408042 1.8377e-12 0.0700411
0.470815 2.47646e-12 0.0844795
0.533588 3.21712e-12 0.098918
0.596361 4.06768e-12 0.113356
0.659132 5.02758e-12 0.127795
0.721904 6.09812e-12 0.142233
0.784674 7.2862e-12 0.156672
0.847444 8.59541e-12 0.17111
0.910214 1.00261e-11 0.185549
0.972983 1.1584e-11 0.199988
1.03575 1.32704e-11 0.214426
1.09852 1.50904e-11 0.228865
1.16129 1.70437e-11 0.243303
1.22406 1.91372e-11 0.257742
1.28682 2.13722e-11 0.272181
1.19267 1.80738e-11 0.250523
1.1299 1.60486e-11 0.236084
1.06714 1.41623e-11 0.221645
1.00437 1.24122e-11 0.207207
0.941599 1.07898e-11 0.192768
0.878829 9.29547e-12 0.17833
0.816059 7.92551e-12 0.163891
0.753289 6.67912e-12 0.149453
0.690518 5.54521e-12 0.135014
0.627747 4.53276e-12 0.120576
0.564975 3.62804e-12 0.106137
0.502202 2.83216e-12 0.0916987
0.439429 2.14344e-12 0.0772603
0.376655 1.55429e-12 0.0628219
0.313881 1.06852e-12 0.0483835
0.251106 6.75486e-13 0.0339452
0.18833 3.74208e-13 0.0195068
0.125554 1.64549e-13 0.0050685
0.062777 4.06086e-14 -0.0093698
-5.46496e-07 6.44862e-16 -0.0238081
-0.0627788 3.99221e-14 -0.0382463
-0.125558 1.55554e-13 -0.0526846
-0.188337 3.45508e-13 -0.0671228
-0.251118 6.06947e-13 -0.081561
-0.313899 9.34627e-13 -0.0959991
-0.376681 1.32454e-12 -0.110437
-0.439463 1.779e-12 -0.124875
-0.502247 2.2895e-12 -0.139313
-0.565031 2.85589e-12 -0.153752
-0.627816 3.4727e-12 -0.16819
-0.690602 4.13871e-12 -0.182628
-0.753388 4.84886e-12 -0.197066
-0.816176 5.6017e-12 -0.211504
-0.878964 6.39292e-12 -0.225942
-0.941753 7.22131e-12 -0.240379
-1.00454 8.08057e-12 -0.254817
-1.06733 8.96895e-12 -0.269255
-1.13013 9.88452e-12 -0.283693
-1.19292 1.08237e-11 -0.298131
-1.25571 1.17822e-11 -0.312569
-1.31851 1.27571e-11 -0.327006
-1.22432 1.12998e-11 -0.30535
-1.16152 1.03517e-11 -0.290912
-1.09873 9.42462e-12 -0.276474
-1.03594 8.52207e-12 -0.262036
-0.973148 7.64745e-12 -0.247598
-0.910358 6.80201e-12 -0.233161
-0.84757 5.99382e-12 -0.218723
-0.784782 5.21957e-12 -0.204285
-0.721995 4.48761e-12 -0.189847
-0.659209 3.80043e-12 -0.175409
-0.596423 3.15764e-12 -0.160971
-0.533639 2.567e-12 -0.146533
-0.470855 2.0266e-12 -0.132094
-0.408072 1.54527e-12 -0.117656
-0.34529 1.12173e-12 -0.103218
-0.282508 7.62212e-13 -0.0887801
-0.219727 4.673e-13 -0.0743419
-0.156947 2.4101e-13 -0.0599037
-0.0941682 8.86357e-14 -0.0454655
-0.0313896 8.56656e-15 -0.0310272
0.0313883 9.77743e-15 -0.0165889
0.0941655 9.23561e-14 -0.00215066
0.156942 2.59288e-13 0.0122877
0.219718 5.14191e-13 0.026726
0.282493 8.58465e-13 0.0411643
0.345268 1.30022e-12 0.0556027
0.408042 1.83783e-12 0.0700411
0.470815 2.47645e-12 0.0844795
0.533588 3.21658e-12 0.098918
0.596361 4.06601e-12 0.113356
0.659132 5.02423e-12 0.127795
0.721904 6.0981e-12 0.142233
0.784674 7.28938e-12 0.156672
0.847444 8.59463e-12 0.17111
0.910214 1.00266e-11 0.185549
0.972983 1.15853e-11 0.199988
1.03575 1.32716e-11 0.214426
1.09852 1.50892e-11 0.228865
1.16129 1.70433e-11 0.243303
1.22406 1.91371e-11 0.257742
1.28682 2.13716e-11 0.272181
1.34959 2.3751e-11 0.286619
1.41235 2.62782e-11 0.301058
1.47512 2.89578e-11 0.315497
1.53789 3.17909e-11 0.329935
1.60065 3.47827e-11 0.344374
1.66341 3.79339e-11 0.358813
1.72618 4.12484e-11 0.373252
1.78894 4.4734e-11 0.38769
1.85171 4.83838e-11 0.402129
1.91447 5.22134e-11 0.416568
1.97723 5.62162e-11 0.431007
2.04 6.03996e-11 0.445446
2.10276 6.47653e-11 0.459885
2.16552 6.93171e-11 0.474324
2.22828 7.4058e-11 0.488762
2.29104 7.89924e-11 0.503201
2.35381 8.41228e-11 0.51764
2.41657 8.94511e-11 0.532079
2.47933 9.49799e-11 0.546518
2.54209 1.00716e-10 0.560957
2.44795 9.21898e-11 0.539299
2.38519 8.67589e-11 0.52486
2.32243 8.15301e-11 0.510421
2.25966 7.65018e-11 0.495982
2.1969 7.16638e-11 0.481543
2.13414 6.70172e-11 0.467104
2.07138 6.25588e-11 0.452665
2.00861 5.82846e-11 0.438226
1.94585 5.41921e-11 0.423788
1.88309 5.02768e-11 0.409349
1.82032 4.65371e-11 0.39491
1.75756 4.29701e-11 0.380471
1.6948 3.95715e-11 0.366032
1.63203 3.63376e-11 0.351594
1.56927 3.3266e-11 0.337155
1.5065 3.03566e-11 0.322716
1.44374 2.75989e-11 0.308277
1.38097 2.49955e-11 0.293839
1.31821 2.25417e-11 0.2794
1.25544 2.02364e-11 0.264961
1.19267 1.80727e-11 0.250523
1.1299 1.60492e-11 0.236084
1.06714 1.41635e-11 0.221645
1.00437 1.2409e-11 0.207207
0.941599 1.07901e-11 0.192768
0.878829 9.29791e-12 0.17833
0.816059 7.92828e-12 0.163891
0.753289 6.67832e-12 0.149453
0.690518 5.54801e-12 0.135014
0.627747 4.53142e-12 0.120576
0.564975 3.62892e-12 0.106137
0.502202 2.83283e-12 0.0916987
0.439429 2.14086e-12 0.0772603
0.376655 1.55591e-12 0.0628219
0.313881 1.0682e-12 0.0483835
0.251106 6.75354e-13 0.0339452
0.18833 3.75982e-13 0.0195068
0.125554 1.64658e-13 0.0050685
0.062777 4.11037e-14 -0.0093698
-5.46496e-07 3.50704e-16 -0.0238081
-0.0627788 3.81385e-14 -0.0382463
-0.125558 1.55876e-13 -0.0526846
-0.188337 3.45e-13 -0.0671228
-0.251118 6.06144e-13 -0.081561
-0.313899 9.34085e-13 -0.0959991
-0.376681 1.32703e-12 -0.110437
-0.439463 1.77758e-12 -0.124875
-0.502247 2.28987e-12 -0.139313
-0.565031 2.85751e-12 -0.153752
-0.627816 3.47298e-12 -0.16819
-0.690602 4.13818e-12 -0.182628
-0.753388 4.84854e-12 -0.197066
-0.816176 5.60264e-12 -0.211504
-0.878964 6.39383e-12 -0.225942
-0.941753 7.22098e-12 -0.240379
-1.00454 8.08218e-12 -0.254817
-1.06733 8.9696e-12 -0.269255
-1.13013 9.88571e-12 -0.283693
-1.19292 1.08246e-11 -0.298131
-1.25571 1.17831e-11 -0.312569
-1.31851 1.2758e-11 -0.327006
-1.3813 1.37455e-11 -0.341444
-1.4441 1.47467e-11 -0.355882
-1.5069 1.57497e-11 -0.37032
-1.5697 1.6761e-11 -0.384757
-1.63249 1.77722e-11 -0.399195
-1.6953 1.87808e-11 -0.413633
-1.7581 1.97841e-11 -0.42807
-1.8209 2.07784e-11 -0.442508
-1.8837 2.17604e-11 -0.456945
-1.94651 2.27278e-11 -0.471383
-2.00931 2.36776e-11 -0.48582
-2.07212 2.46039e-11 -0.500258
-2.13493 2.55071e-11 -0.514695
-2.19774 2.63823e-11 -0.529132
-2.26055 2.72292e-11 -0.54357
-2.32336 2.80392e-11 -0.558007
-2.38617 2.88134e-11 -0.572444
-2.44899 2.95456e-11 -0.586881
-2.5118 3.0234e-11 -0.601319
-2.57462 3.08769e-11 -0.615756
-2.48039 2.98963e-11 -0.5941
-2.41758 2.91848e-11 -0.579663
-2.35477 2.8432e-11 -0.565226
-2.29195 2.76377e-11 -0.550788
-2.22914 2.68111e-11 -0.536351
-2.16633 2.5949e-11 -0.521914
-2.10352 2.50586e-11 -0.507476
-2.04072 2.41433e-11 -0.493039
-1.97791 2.3204e-11 -0.478601
-1.91511 2.22463e-11 -0.464164
-1.8523 2.12718e-11 -0.449726
-1.7895 2.02812e-11 -0.435289
-1.7267 1.92821e-11 -0.420851
-1.66389 1.82752e-11 -0.406414
-1.60109 1.72667e-11 -0.391976
-1.5383 1.62555e-11 -0.377538
-1.4755 1.5249e-11 -0.363101
-1.4127 1.42446e-11 -0.348663
-1.3499 1.32494e-11 -0.334225
-1.28711 1.22674e-11 -0.319788
-1.22432 1.13009e-11 -0.30535
-1.16152 1.03524e-11 -0.290912
-1.09873 9.42563e-12 -0.276474
-1.03594 8.52251e-12 -0.262036
-0.973148 7.648e-12 -0.247598
-0.910358 6.80426e-12 -0.233161
-0.84757 5.99189e-12 -0.218723
-0.784782 5.22118e-12 -0.204285
-0.721995 4.49e-12 -0.189847
-0.659209 3.79974e-12 -0.175409
-0.596423 3.15713e-12 -0.160971
-0.533639 2.5671e-12 -0.146533
-0.470855 2.0258e-12 -0.132094
-0.408072 1.54392e-12 -0.117656
-0.34529 1.12089e-12 -0.103218
-0.282508 7.60346e-13 -0.0887801
-0.219727 4.6692e-13 -0.0743419
-0.156947 2.40973e-13 -0.0599037
-0.0941682 8.87987e-14 -0.0454655
-0.0313896 1.08506e-14 -0.0310272
0.0313883 8.87806e-15 -0.0165889
0.0941655 9.19548e-14 -0.00215066
0.156942 2.59187e-13 0.0122877
0.219718 5.13695e-13 0.026726
0.282493 8.59556e-13 0.0411643
0.345268 1.29888e-12 0.0556027
0.408042 1.83602e-12 0.0700411
0.470815 2.47618e-12 0.0844795
0.533588 3.2163e-12 0.098918
0.596361 4.06737e-12 0.113356
0.659132 5.02669e-12 0.127795
0.721904 6.09637e-12 0.142233
0.784674 7.28838e-12 0.156672
0.847444 8.59724e-12 0.17111
0.910214 1.00279e-11 0.185549
0.972983 1.15848e-11 0.199988
1.03575 1.32718e-11 0.214426
1.09852 1.50887e-11 0.228865
1.16129 1.7044e-11 0.243303
1.22406 1.91357e-11 0.257742
1.28682 2.13708e-11 0.272181
1.34959 2.37506e-11 0.286619
1.41235 2.62777e-11 0.301058
1.47512 2.89573e-11 0.315497
1.53789 3.17907e-11 0.329935
1.60065 3.47817e-11 0.344374
1.66341 3.79339e-11 0.358813
1.72618 4.12494e-11 0.373252
1.78894 4.47334e-11 0.38769
1.85171 4.83853e-11 0.402129
1.91447 5.22122e-11 0.416568
1.97723 5.62164e-11 0.431007
2.04 6.03996e-11 0.445446
2.10276 6.47648e-11 0.459885
2.16552 6.93167e-11 0.474324
2.22828 7.40591e-11 0.488762
2.29104 7.89918e-11 0.503201
2.35381 8.41215e-11 0.51764
2.41657 8.94503e-11 0.532079
2.47933 9.49797e-11 0.546518
2.54209 1.00717e-10 0.560957
2.60485 1.06658e-10 0.575396
2.66761 1.12811e-10 0.589835
2.73037 1.19184e-10 0.604274
2.79313 1.25773e-10 0.618713
2.85589 1.32579e-10 0.633152
2.91865 1.39612e-10 0.647591
2.98141 1.46875e-10 0.66203
3.04417 1.54363e-10 0.676469
3.10693 1.62089e-10 0.690908
3.16969 1.70048e-10 0.705347
3.23245 1.78248e-10 0.719786
3.29521 1.86693e-10 0.734225
3.35797 1.95382e-10 0.748664
3.42073 2.04322e-10 0.763104
3.48349 2.13515e-10 0.777543
3.54626 2.22962e-10 0.791982
3.60902 2.32668e-10 0.806421
3.67178 2.42638e-10 0.82086
3.73454 2.52872e-10 0.835299
3.7973 2.63375e-10 0.849738
3.86006 2.74148e-10 0.864178
3.92282 2.85199e-10 0.878617
3.98558 2.96527e-10 0.893056
4.04834 3.08133e-10 0.907495
4.1111 3.20028e-10 0.921934
4.17386 3.32208e-10 0.936373
4.23662 3.4468e-10 0.950813
4.29939 3.57447e-10 0.965252
4.36215 3.70507e-10 0.979691
4.42491 3.83868e-10 0.99413
4.48767 3.97534e-10 1.00857
4.55043 4.11507e-10 1.02301
4.6132 4.25787e-10 1.03745
4.67596 4.40384e-10 1.05189
4.73872 4.55295e-10 1.06633
4.80149 4.70521e-10 1.08077
4.86425 4.86075e-10 1.0952
4.92702 5.01951e-10 1.10964
4.98978 5.18158e-10 1.12408
5.05255 5.34693e-10 1.13852
4.9584 5.10014e-10 1.11686
4.89563 4.93976e-10 1.10242
4.83287 4.78257e-10 1.08799
4.77011 4.62865e-10 1.07355
4.70734 4.47797e-10 1.05911
4.64458 4.33044e-10 1.04467
4.58182 4.18607e-10 1.03023
4.51905 4.0448e-10 1.01579
4.45629 3.90663e-10 1.00135
4.39353 3.77149e-10 0.986911
4.33077 3.63936e-10 0.972471
4.268 3.51024e-10 0.958032
4.20524 3.38406e-10 0.943593
4.14248 3.26083e-10 0.929154
4.07972 3.14046e-10 0.914715
4.01696 3.02296e-10 0.900275
3.9542 2.90828e-10 0.885836
3.89144 2.7964e-10 0.871397
3.82868 2.68727e-10 0.856958
3.76592 2.5809e-10 0.842519
3.70316 2.47722e-10 0.82808
3.6404 2.37621e-10 0.81364
3.57764 2.27782e-10 0.799201
3.51488 2.18205e-10 0.784762
3.45211 2.08886e-10 0.770323
3.38935 1.9982e-10 0.755884
3.32659 1.91008e-10 0.741445
3.26383 1.82439e-10 0.727006
3.20107 1.74117e-10 0.712567
3.13831 1.66038e-10 0.698128
3.07555 1.58197e-10 0.683689
3.01279 1.5059e-10 0.66925
2.95003 1.43214e-10 0.654811
2.88727 1.36069e-10 0.640371
2.82451 1.29148e-10 0.625932
2.76175 1.22452e-10 0.611493
2.69899 1.15971e-10 0.597054
2.63623 1.09713e-10 0.582615
2.57347 1.03663e-10 0.568177
2.51071 9.78219e-11 0.553738
2.44795 9.21894e-11 0.539299
2.38519 8.67602e-11 0.52486
2.32243 8.15322e-11 0.510421
2.25966 7.65027e-11 0.495982
2.1969 7.16645e-11 0.481543
2.13414 6.70172e-11 0.467104
2.07138 6.25596e-11 0.452665
2.00861 5.82835e-11 0.438226
1.94585 5.41918e-11 0.423788
1.88309 5.0277e-11 0.409349
1.82032 4.65377e-11 0.39491
1.75756 4.29701e-11 0.380471
1.6948 3.95709e-11 0.366032
1.63203 3.63393e-11 0.351594
1.56927 3.32656e-11 0.337155
1.5065 3.03542e-11 0.322716
1.44374 2.7598e-11 0.308277
1.38097 2.49956e-11 0.293839
1.31821 2.25422e-11 0.2794
1.25544 2.0236e-11 0.264961
1.19267 1.80706e-11 0.250523
1.1299 1.60505e-11 0.236084
1.06714 1.41641e-11 0.221645
1.00437 1.24114e-11 0.207207
0.941599 1.07907e-11 0.192768
0.878829 9.29606e-12 0.17833
0.816059 7.92661e-12 0.163891
0.753289 6.67896e-12 0.149453
0.690518 5.54821e-12 0.135014
0.627747 4.53115e-12 0.120576
0.564975 3.63021e-12 0.106137
0.502202 2.83276e-12 0.0916987
0.439429 2.14323e-12 0.0772603
0.376655 1.55541e-12 0.0628219
0.313881 1.06937e-12 0.0483835
0.251106 6.73953e-13 0.0339452
0.18833 3.7471e-13 0.0195068
0.125554 1.63612e-13 0.0050685
0.062777 4.05075e-14 -0.0093698
-5.46496e-07 -4.35942e-16 -0.0238081
-0.0627788 4.08749e-14 -0.0382463
-0.125558 1.5517e-13 -0.0526846
-0.188337 3.46985e-13 -0.0671228
-0.251118 6.05942e-13 -0.081561
-0.313899 9.34234e-13 -0.0959991
-0.376681 1.32622e-12 -0.110437
-0.439463 1.77924e-12 -0.124875
-0.502247 2.29003e-12 -0.139313
-0.565031 2.85633e-12 -0.153752
-0.627816 3.47344e-12 -0.16819
-0.690602 4.13987e-12 -0.182628
-0.753388 4.84908e-12 -0.197066
-0.816176 5.60184e-12 -0.211504
-0.878964 6.39454e-12 -0.225942
-0.941753 7.22113e-12 -0.240379
-1.00454 8.08152e-12 -0.254817
-1.06733 8.96965e-12 -0.269255
-1.13013 9.88586e-12 -0.283693
-1.19292 1.08232e-11 -0.298131
-1.25571 1.17824e-11 -0.312569
-1.31851 1.27555e-11 -0.327006
-1.3813 1.37458e-11 -0.341444
-1.4441 1.47451e-11 -0.355882
-1.5069 1.57515e-11 -0.37032
-1.5697 1.67606e-11 -0.384757
-1.63249 1.77717e-11 -0.399195
-1.6953 1.87805e-11 -0.413633
-1.7581 1.97846e-11 -0.42807
-1.8209 2.07783e-11 -0.442508
-1.8837 2.17607e-11 -0.456945
-1.94651 2.27274e-11 -0.471383
-2.00931 2.36768e-11 -0.48582
-2.07212 2.46047e-11 -0.500258
-2.13493 2.55081e-11 -0.514695
-2.19774 2.63844e-11 -0.529132
-2.26055 2.7228e-11 -0.54357
-2.32336 2.80398e-11 -0.558007
-2.38617 2.88143e-11 -0.572444
-2.44899 2.95467e-11 -0.586881
-2.5118 3.02352e-11 -0.601319
-2.57462 3.08776e-11 -0.615756
-2.63744 3.14698e-11 -0.630193
-2.70025 3.20095e-11 -0.64463
-2.76307 3.24921e-11 -0.659067
-2.8259 3.29164e-11 -0.673504
-2.88872 3.32783e-11 -0.687941
-2.95154 3.3574e-11 -0.702378
-3.01437 3.38002e-11 -0.716815
-3.07719 3.39532e-11 -0.731252
-3.14002 3.40335e-11 -0.745689
-3.20285 3.40338e-11 -0.760126
-3.26568 3.39534e-11 -0.774563
-3.32851 3.37852e-11 -0.789
-3.39134 3.35324e-11 -0.803436
-3.45418 3.31871e-11 -0.817873
-3.51701 3.27466e-11 -0.83231
-3.57985 3.22075e-11 -0.846746
-3.64269 3.15709e-11 -0.861183
-3.70553 3.08282e-11 -0.87562
-3.76837 2.99782e-11 -0.890056
-3.83122 2.90178e-11 -0.904493
-3.89406 2.79441e-11 -0.918929
-3.95691 2.67545e-11 -0.933365
-4.01975 2.54436e-11 -0.947802
-4.0826 2.40138e-11 -0.962238
-4.14545 2.24522e-11 -0.976675
-4.20831 2.07631e-11 -0.991111
-4.27116 1.89414e-11 -1.00555
-4.33401 1.69856e-11 -1.01998
-4.39687 1.48901e-11 -1.03442
-4.45973 1.26512e-11 -1.04886
-4.52259 1.02689e-11 -1.06329
-4.58545 7.737e-12 -1.07773
-4.64832 5.05351e-12 -1.09216
-4.71118 2.21065e-12 -1.1066
-4.77405 -7.86048e-13 -1.12104
-4.83692 -3.94125e-12 -1.13547
-4.89979 -7.26826e-12 -1.14991
-4.96266 -1.07546e-11 -1.16434
-5.02553 -1.44187e-11 -1.17878
-5.08841 -1.82533e-11 -1.19321
-4.99409 -1.25648e-11 -1.17156
-4.93122 -8.98665e-12 -1.15713
-4.86835 -5.5825e-12 -1.14269
-4.80548 -2.34451e-12 -1.12825
-4.74261 7.35609e-13 -1.11382
-4.67975 3.65252e-12 -1.09938
-4.61688 6.41543e-12 -1.08495
-4.55402 9.01928e-12 -1.07051
-4.49116 1.14765e-11 -1.05607
-4.4283 1.37874e-11 -1.04164
-4.36544 1.59562e-11 -1.0272
-4.30259 1.79833e-11 -1.01277
-4.23973 1.98708e-11 -0.998329
-4.17688 2.16248e-11 -0.983893
-4.11403 2.325e-11 -0.969456
-4.05118 2.47423e-11 -0.95502
-3.98833 2.61147e-11 -0.940584
-3.92548 2.7365e-11 -0.926147
-3.86264 2.84971e-11 -0.911711
-3.79979 2.95113e-11 -0.897274
-3.73695 3.04171e-11 -0.882838
-3.67411 3.12122e-11 -0.868401
-3.61127 3.19027e-11 -0.853965
-3.54843 3.24898e-11 -0.839528
-3.4856 3.2979e-11 -0.825091
-3.42276 3.33701e-11 -0.810655
-3.35993 3.36702e-11 -0.796218
-3.2971 3.38807e-11 -0.781781
-3.23426 3.40023e-11 -0.767344
-3.17143 3.4044e-11 -0.752908
-3.10861 3.40032e-11 -0.738471
-3.04578 3.38865e-11 -0.724034
-2.98295 3.3696e-11 -0.709597
-2.92013 3.3434e-11 -0.69516
-2.85731 3.3105e-11 -0.680723
-2.79448 3.27129e-11 -0.666286
-2.73166 3.2259e-11 -0.651849
-2.66884 3.17448e-11 -0.637412
-2.60603 3.1181e-11 -0.622974
-2.54321 3.05633e-11 -0.608537
-2.48039 2.98939e-11 -0.5941
-2.41758 2.91848e-11 -0.579663
-2.35477 2.84297e-11 -0.565226
-2.29195 2.7638e-11 -0.550788
-2.22914 2.68102e-11 -0.536351
-2.16633 2.59491e-11 -0.521914
-2.10352 2.50596e-11 -0.507476
-2.04072 2.41427e-11 -0.493039
-1.97791 2.32053e-11 -0.478601
-1.91511 2.22461e-11 -0.464164
-1.8523 2.12706e-11 -0.449726
-1.7895 2.0282e-11 -0.435289
-1.7267 1.92826e-11 -0.420851
-1.66389 1.82772e-11 -0.406414
-1.60109 1.72668e-11 -0.391976
-1.5383 1.6256e-11 -0.377538
-1.4755 1.52472e-11 -0.363101
-1.4127 1.42437e-11 -0.348663
-1.3499 1.32511e-11 -0.334225
-1.28711 1.2268e-11 -0.319788
-1.22432 1.13004e-11 -0.30535
-1.16152 1.03509e-11 -0.290912
-1.09873 9.42497e-12 -0.276474
-1.03594 8.5229e-12 -0.262036
-0.973148 7.64765e-12 -0.247598
-0.910358 6.80542e-12 -0.233161
-0.84757 5.99254e-12 -0.218723
-0.784782 5.21911e-12 -0.204285
-0.721995 4.48744e-12 -0.189847
-0.659209 3.80015e-12 -0.175409
-0.596423 3.15644e-12 -0.160971
-0.533639 2.56775e-12 -0.146533
-0.470855 2.02607e-12 -0.132094
-0.408072 1.54397e-12 -0.117656
-0.34529 1.12139e-12 -0.103218
-0.282508 7.61016e-13 -0.0887801
-0.219727 4.66216e-13 -0.0743419
-0.156947 2.41515e-13 -0.0599037
-0.0941682 8.85984e-14 -0.0454655
-0.0313896 9.89093e-15 -0.0310272
0.0313883 1.0622e-14 -0.0165889
0.0941655 9.22326e-14 -0.00215066
0.156942 2.59068e-13 0.0122877
0.219718 5.13368e-13 0.026726
0.282493 8.57541e-13 0.0411643
0.345268 1.2997e-12 0.0556027
0.408042 1.83828e-12 0.0700411
0.470815 2.47562e-12 0.0844795
0.533588 3.21851e-12 0.098918
0.596361 4.0684e-12 0.113356
0.659132 5.0262e-12 0.127795
0.721904 6.09807e-12 0.142233
0.784674 7.28818e-12 0.156672
0.847444 8.59545e-12 0.17111
0.910214 1.00258e-11 0.185549
0.972983 1.15844e-11 0.199988
1.03575 1.32694e-11 0.214426
1.09852 1.50898e-11 0.228865
1.16129 1.70438e-11 0.243303
1.22406 1.91367e-11 0.257742
1.28682 2.1371e-11 0.272181
1.34959 2.37502e-11 0.286619
1.41235 2.62786e-11 0.301058
1.47512 2.89576e-11 0.315497
1.53789 3.17918e-11 0.329935
1.60065 3.47803e-11 0.344374
1.66341 3.79345e-11 0.358813
1.72618 4.12496e-11 0.373252
1.78894 4.4732e-11 0.38769
1.85171 4.83863e-11 0.402129
1.91447 5.22112e-11 0.416568
1.97723 5.62154e-11 0.431007
2.04 6.03986e-11 0.445446
2.10276 6.4765e-11 0.459885
2.16552 6.93165e-11 0.474324
2.22828 7.40598e-11 0.488762
2.29104 7.89919e-11 0.503201
2.35381 8.41225e-11 0.51764
2.41657 8.945e-11 0.532079
2.47933 9.49789e-11 0.546518
2.54209 1.00717e-10 0.560957
2.60485 1.0666e-10 0.575396
2.66761 1.12815e-10 0.589835
2.73037 1.19184e-10 0.604274
2.79313 1.25771e-10 0.618713
2.85589 1.32581e-10 0.633152
2.91865 1.39612e-10 0.647591
2.98141 1.46874e-10 0.66203
3.04417 1.54364e-10 0.676469
3.10693 1.62088e-10 0.690908
3.16969 1.70046e-10 0.705347
3.23245 1.7825e-10 0.719786
3.29521 1.86691e-10 0.734225
3.35797 1.95384e-10 0.748664
3.42073 2.04321e-10 0.763104
3.48349 2.13512e-10 0.777543
3.54626 2.22961e-10 0.791982
3.60902 2.32669e-10 0.806421
3.67178 2.42637e-10 0.82086
3.73454 2.52872e-10 0.835299
3.7973 2.63376e-10 0.849738
3.86006 2.7415e-10 0.864178
3.92282 2.852e-10 0.878617
3.98558 2.96526e-10 0.893056
4.04834 3.08135e-10 0.907495
4.1111 3.20027e-10 0.921934
4.17386 3.32208e-10 0.936373
4.23662 3.44679e-10 0.950813
4.29939 3.57445e-10 0.965252
4.36215 3.70506e-10 0.979691
4.42491 3.83869e-10 0.99413
4.48767 3.97536e-10 1.00857
4.55043 4.11505e-10 1.02301
4.6132 4.25788e-10 1.03745
4.67596 4.40381e-10 1.05189
4.73872 4.55295e-10 1.06633
4.80149 4.70523e-10 1.08077
4.86425 4.86074e-10 1.0952
4.92702 5.01951e-10 1.10964
4.98978 5.18158e-10 1.12408
5.05255 5.34699e-10 1.13852
5.11531 5.51571e-10 1.15296
5.17808 5.68779e-10 1.1674
5.24084 5.86335e-10 1.18184
5.30361 6.04234e-10 1.19628
5.36638 6.22478e-10 1.21072
5.42915 6.41077e-10 1.22516
5.49191 6.60028e-10 1.2396
5.55468 6.79335e-10 1.25404
5.61745 6.99002e-10 1.26848
5.68022 7.19034e-10 1.28292
5.74299 7.39434e-10 1.29735
5.80576 7.60203e-10 1.31179
5.86853 7.81343e-10 1.32623
5.9313 8.02865e-10 1.34067
5.99408 8.24762e-10 1.35511
6.05685 8.47043e-10 1.36955
6.11962 8.6971e-10 1.38399
6.1824 8.92768e-10 1.39843
6.24517 9.16215e-10 1.41287
6.30794 9.40055e-10 1.42731
6.21378 9.04439e-10 1.40565
6.15101 8.81187e-10 1.39121
6.08823 8.58326e-10 1.37677
6.02546 8.3585e-10 1.36233
5.96269 8.13767e-10 1.34789
5.89992 7.92057e-10 1.33345
5.83715 7.70725e-10 1.31901
5.77438 7.49769e-10 1.30457
5.71161 7.29187e-10 1.29014
5.64884 7.08971e-10 1.2757
5.58607 6.8912e-10 1.26126
5.5233 6.69633e-10 1.24682
5.46053 6.50509e-10 1.23238
5.39776 6.31731e-10 1.21794
5.33499 6.13311e-10 1.2035
5.27223 5.95238e-10 1.18906
5.20946 5.77514e-10 1.17462
5.1467 5.60134e-10 1.16018
5.08393 5.43092e-10 1.14574
5.02116 5.26386e-10 1.1313
4.9584 5.10011e-10 1.11686
4.89563 4.9397e-10 1.10242
4.83287 4.78259e-10 1.08799
4.77011 4.62869e-10 1.07355
4.70734 4.47798e-10 1.05911
4.64458 4.33044e-10 1.04467
4.58182 4.18604e-10 1.03023
4.51905 4.04481e-10 1.01579
4.45629 3.90662e-10 1.00135
4.39353 3.7715e-10 0.986911
4.33077 3.63937e-10 0.972471
4.268 3.51025e-10 0.958032
4.20524 3.38408e-10 0.943593
4.14248 3.26083e-10 0.929154
4.07972 3.14046e-10 0.914715
4.01696 3.02293e-10 0.900275
3.9542 2.90827e-10 0.885836
3.89144 2.79642e-10 0.871397
3.82868 2.68729e-10 0.856958
3.76592 2.58091e-10 0.842519
3.70316 2.47722e-10 0.82808
3.6404 2.37619e-10 0.81364
3.57764 2.27783e-10 0.799201
3.51488 2.18205e-10 0.784762
3.45211 2.08887e-10 0.770323
3.38935 1.99821e-10 0.755884
3.32659 1.91005e-10 0.741445
3.26383 1.8244e-10 0.727006
3.20107 1.74117e-10 0.712567
3.13831 1.66036e-10 0.698128
3.07555 1.58195e-10 0.683689
3.01279 1.50589e-10 0.66925
2.95003 1.43213e-10 0.654811
2.88727 1.36067e-10 0.640371
2.82451 1.2915e-10 0.625932
2.76175 1.22452e-10 0.611493
2.69899 1.15973e-10 0.597054
2.63623 1.0971e-10 0.582615
2.57347 1.03662e-10 0.568177
2.51071 9.78209e-11 0.553738
2.44795 9.21885e-11 0.539299
2.38519 8.67613e-11 0.52486
2.32243 8.15328e-11 0.510421
2.25966 7.65014e-11 0.495982
2.1969 7.1664e-11 0.481543
2.13414 6.7018e-11 0.467104
2.07138 6.25597e-11 0.452665
2.00861 5.82827e-11 0.438226
1.94585 5.41923e-11 0.423788
1.88309 5.02783e-11 0.409349
1.82032 4.65375e-11 0.39491
1.75756 4.29708e-11 0.380471
1.6948 3.95716e-11 0.366032
1.63203 3.63381e-11 0.351594
1.56927 3.32657e-11 0.337155
1.5065 3.03548e-11 0.322716
1.44374 2.75991e-11 0.308277
1.38097 2.49972e-11 0.293839
1.31821 2.25414e-11 0.2794
1.25544 2.02363e-11 0.264961
1.19267 1.80731e-11 0.250523
1.1299 1.60494e-11 0.236084
1.06714 1.41643e-11 0.221645
1.00437 1.24118e-11 0.207207
0.941599 1.07903e-11 0.192768
0.878829 9.29487e-12 0.17833
0.816059 7.92512e-12 0.163891
0.753289 6.67845e-12 0.149453
0.690518 5.5476e-12 0.135014
0.627747 4.53008e-12 0.120576
0.564975 3.62743e-12 0.106137
0.502202 2.83321e-12 0.0916987
0.439429 2.14357e-12 0.0772603
0.376655 1.5565e-12 0.0628219
0.313881 1.06763e-12 0.0483835
0.251106 6.75094e-13 0.0339452
0.18833 3.75415e-13 0.0195068
0.125554 1.64537e-13 0.0050685
0.062777 3.98494e-14 -0.0093698
-5.46496e-07 2.23682e-16 -0.0238081
-0.0627788 3.98394e-14 -0.0382463
-0.125558 1.55875e-13 -0.0526846
-0.188337 3.46201e-13 -0.0671228
-0.251118 6.06875e-13 -0.081561
-0.313899 9.3493e-13 -0.0959991
-0.376681 1.32579e-12 -0.110437
-0.439463 1.77959e-12 -0.124875
-0.502247 2.2902e-12 -0.139313
-0.565031 2.85554e-12 -0.153752
-0.627816 3.47272e-12 -0.16819
-0.690602 4.13806e-12 -0.182628
-0.753388 4.84995e-12 -0.197066
-0.816176 5.60113e-12 -0.211504
-0.878964 6.39376e-12 -0.225942
-0.941753 7.22263e-12 -0.240379
-1.00454 8.08125e-12 -0.254817
-1.06733 8.96973e-12 -0.269255
-1.13013 9.88532e-12 -0.283693
-1.19292 1.08239e-11 -0.298131
-1.25571 1.17822e-11 -0.312569
-1.31851 1.27579e-11 -0.327006
-1.3813 1.37459e-11 -0.341444
-1.4441 1.47444e-11 -0.355882
-1.5069 1.57524e-11 -0.37032
-1.5697 1.67619e-11 -0.384757
-1.63249 1.77734e-11 -0.399195
-1.6953 1.878e-11 -0.413633
-1.7581 1.97837e-11 -0.42807
-1.8209 2.07777e-11 -0.442508
-1.8837 2.17598e-11 -0.456945
-1.94651 2.27277e-11 -0.471383
-2.00931 2.36776e-11 -0.48582
-2.07212 2.46052e-11 -0.500258
-2.13493 2.55074e-11 -0.514695
-2.19774 2.63855e-11 -0.529132
-2.26055 2.72277e-11 -0.54357
-2.32336 2.80394e-11 -0.558007
-2.38617 2.88127e-11 -0.572444
-2.44899 2.95446e-11 -0.586881
-2.5118 3.02338e-11 -0.601319
-2.57462 3.08769e-11 -0.615756
-2.63744 3.14712e-11 -0.630193
-2.70025 3.20095e-11 -0.64463
-2.76307 3.24929e-11 -0.659067
-2.8259 3.2919e-11 -0.673504
-2.88872 3.32773e-11 -0.687941
-2.95154 3.35745e-11 -0.702378
-3.01437 3.38014e-11 -0.716815
-3.07719 3.39542e-11 -0.731252
-3.14002 3.40344e-11 -0.745689
-3.20285 3.40347e-11 -0.760126
-3.26568 3.39521e-11 -0.774563
-3.32851 3.37854e-11 -0.789
-3.39134 3.35324e-11 -0.803436
-3.45418 3.31848e-11 -0.817873
-3.51701 3.27464e-11 -0.83231
-3.57985 3.22084e-11 -0.846746
-3.64269 3.15685e-11 -0.861183
-3.70553 3.08278e-11 -0.87562
-3.76837 2.99782e-11 -0.890056
-3.83122 2.90192e-11 -0.904493
-3.89406 2.79452e-11 -0.918929
-3.95691 2.67546e-11 -0.933365
-4.01975 2.54419e-11 -0.947802
-4.0826 2.40118e-11 -0.962238
-4.14545 2.24515e-11 -0.976675
-4.20831 2.07637e-11 -0.991111
-4.27116 1.89448e-11 -1.00555
-4.33401 1.69845e-11 -1.01998
-4.39687 1.48912e-11 -1.03442
-4.45973 1.2648e-11 -1.04886
-4.52259 1.02637e-11 -1.06329
-4.58545 7.73538e-12 -1.07773
-4.64832 5.05077e-12 -1.09216
-4.71118 2.21295e-12 -1.1066
-4.77405 -7.84157e-13 -1.12104
-4.83692 -3.94105e-12 -1.13547
-4.89979 -7.26684e-12 -1.14991
-4.96266 -1.07572e-11 -1.16434
-5.02553 -1.44199e-11 -1.17878
-5.08841 -1.82533e-11 -1.19321
-5.15128 -2.22633e-11 -1.20765
-5.21416 -2.64578e-11 -1.22209
-5.27704 -3.08347e-11 -1.23652
-5.33992 -3.53989e-11 -1.25096
-5.40281 -4.01496e-11 -1.26539
-5.46569 -4.50972e-11 -1.27983
-5.52858 -5.02393e-11 -1.29426
-5.59147 -5.55859e-11 -1.3087
-5.65436 -6.11278e-11 -1.32313
-5.71726 -6.68813e-11 -1.33757
-5.78015 -7.28448e-11 -1.352
-5.84305 -7.90131e-11 -1.36644
-5.90595 -8.53983e-11 -1.38087
-5.96885 -9.20128e-11 -1.39531
-6.03175 -9.88379e-11 -1.40975
-6.09465 -1.05895e-10 -1.42418
-6.15756 -1.13176e-10 -1.43862
-6.22047 -1.20692e-10 -1.45305
-6.28338 -1.2844e-10 -1.46748
-6.34629 -1.36429e-10 -1.48192
-6.25192 -1.24536e-10 -1.46027
-6.18901 -1.16904e-10 -1.44583
-6.12611 -1.09507e-10 -1.4314
-6.0632 -1.02336e-10 -1.41696
-6.0003 -9.53923e-11 -1.40253
-5.9374 -8.86748e-11 -1.38809
-5.8745 -8.21762e-11 -1.37366
-5.8116 -7.58971e-11 -1.35922
-5.7487 -6.98313e-11 -1.34479
-5.68581 -6.39774e-11 -1.33035
-5.62292 -5.83291e-11 -1.31592
-5.56003 -5.28811e-11 -1.30148
-5.49714 -4.76429e-11 -1.28705
-5.43425 -4.26023e-11 -1.27261
-5.37137 -3.77496e-11 -1.25817
-5.30848 -3.30955e-11 -1.24374
-5.2456 -2.8621e-11 -1.2293
-5.18272 -2.43376e-11 -1.21487
-5.11984 -2.02381e-11 -1.20043
-5.05697 -1.63121e-11 -1.186
-4.99409 -1.25657e-11 -1.17156
-4.93122 -8.9877e-12 -1.15713
-4.86835 -5.5843e-12 -1.14269
-4.80548 -2.34161e-12 -1.12825
-4.74261 7.33728e-13 -1.11382
-4.67975 3.65362e-12 -1.09938
-4.61688 6.4111e-12 -1.08495
-4.55402 9.02057e-12 -1.07051
-4.49116 1.14782e-11 -1.05607
-4.4283 1.37876e-11 -1.04164
-4.36544 1.59542e-11 -1.0272
-4.30259 1.79797e-11 -1.01277
-4.23973 1.98713e-11 -0.998329
-4.17688 2.16244e-11 -0.983893
-4.11403 2.32512e-11 -0.969456
-4.05118 2.4744e-11 -0.95502
-3.98833 2.61151e-11 -0.940584
-3.92548 2.73651e-11 -0.926147
-3.86264 2.84958e-11 -0.911711
-3.79979 2.95124e-11 -0.897274
-3.73695 3.04179e-11 -0.882838
-3.67411 3.12105e-11 -0.868401
-3.61127 3.19043e-11 -0.853965
-3.54843 3.24894e-11 -0.839528
-3.4856 3.29775e-11 -0.825091
-3.42276 3.33705e-11 -0.810655
-3.35993 3.36695e-11 -0.796218
-3.2971 3.3879e-11 -0.781781
-3.23426 3.40041e-11 -0.767344
-3.17143 3.40439e-11 -0.752908
-3.10861 3.40038e-11 -0.738471
-3.04578 3.38866e-11 -0.724034
-2.98295 3.36948e-11 -0.709597
-2.92013 3.3435e-11 -0.69516
-2.85731 3.31072e-11 -0.680723
-2.79448 3.27134e-11 -0.666286
-2.73166 3.22585e-11 -0.651849
-2.66884 3.17485e-11 -0.637412
-2.60603 3.11817e-11 -0.622974
-2.54321 3.05618e-11 -0.608537
-2.48039 2.98964e-11 -0.5941
-2.41758 2.9185e-11 -0.579663
-2.35477 2.84312e-11 -0.565226
-2.29195 2.7639e-11 -0.550788
-2.22914 2.68098e-11 -0.536351
-2.16633 2.5951e-11 -0.521914
-2.10352 2.50613e-11 -0.507476
-2.04072 2.41448e-11 -0.493039
-1.97791 2.32033e-11 -0.478601
-1.91511 2.22468e-11 -0.464164
-1.8523 2.12725e-11 -0.449726
-1.7895 2.02824e-11 -0.435289
-1.7267 1.92844e-11 -0.420851
-1.66389 1.82768e-11 -0.406414
-1.60109 1.72661e-11 -0.391976
-1.5383 1.62554e-11 -0.377538
-1.4755 1.52468e-11 -0.363101
-1.4127 1.42444e-11 -0.348663
-1.3499 1.32511e-11 -0.334225
-1.28711 1.22675e-11 -0.319788
-1.22432 1.13011e-11 -0.30535
-1.16152 1.03519e-11 -0.290912
-1.09873 9.42457e-12 -0.276474
-1.03594 8.52229e-12 -0.262036
-0.973148 7.64843e-12 -0.247598
-0.910358 6.80268e-12 -0.233161
-0.84757 5.99363e-12 -0.218723
-0.784782 5.22093e-12 -0.204285
-0.721995 4.48843e-12 -0.189847
-0.659209 3.80125e-12 -0.175409
-0.596423 3.15868e-12 -0.160971
-0.533639 2.56448e-12 -0.146533
-0.470855 2.02579e-12 -0.132094
-0.408072 1.54413e-12 -0.117656
-0.34529 1.12244e-12 -0.103218
-0.282508 7.62716e-13 -0.0887801
-0.219727 4.6607e-13 -0.0743419
-0.156947 2.41841e-13 -0.0599037
-0.0941682 8.83736e-14 -0.0454655
-0.0313896 1.07038e-14 -0.0310272
0.0313883 1.14368e-14 -0.0165889
