1.06764e-06 -1.85861e-16 -0.0172517
0.0511269 5.14529e-14 -0.00148595
0.0852116 1.45889e-13 0.00902452
0.119297 2.90663e-13 0.019535
0.153383 4.89415e-13 0.0300455
0.18747 7.47215e-13 0.040556
0.221558 1.06579e-12 0.0510664
0.255646 1.44887e-12 0.0615769
0.289736 1.89898e-12 0.0720874
0.323826 2.42174e-12 0.0825978
0.357916 3.01851e-12 0.0931083
0.392008 3.69193e-12 0.103619
0.4261 4.44661e-12 0.114129
0.460193 5.28696e-12 0.12464
0.494287 6.21419e-12 0.13515
0.528382 7.23323e-12 0.145661
0.562477 8.34647e-12 0.156171
0.596573 9.55808e-12 0.166682
0.630671 1.08696e-11 0.177192
0.664768 1.22863e-11 0.187703
0.698867 1.38106e-11 0.198213
0.647719 1.15651e-11 0.182447
0.613622 1.02003e-11 0.171937
0.579525 8.93901e-12 0.161426
0.545429 7.77865e-12 0.150916
0.511334 6.71259e-12 0.140405
0.47724 5.73959e-12 0.129895
0.443146 4.85604e-12 0.119384
0.409054 4.05975e-12 0.108874
0.374962 3.34361e-12 0.0983636
0.340871 2.71026e-12 0.0878531
0.30678 2.15098e-12 0.0773426
0.272691 1.66453e-12 0.0668321
0.238602 1.24858e-12 0.0563217
0.204514 8.97487e-13 0.0458112
0.170427 6.11399e-13 0.0353007
0.13634 3.83241e-13 0.0247902
0.102254 2.107e-13 0.0142798
0.0681692 9.23454e-14 0.00376929
0.0340848 2.30498e-14 -0.00674119
1.06773e-06 3.133e-16 -0.0172517
-0.0340819 2.00985e-14 -0.0277621
-0.0681642 7.92826e-14 -0.0382726
-0.102246 1.7477e-13 -0.0487831
-0.136327 3.03831e-13 -0.0592936
-0.170407 4.61717e-13 -0.069804
-0.204487 6.45039e-13 -0.0803145
-0.238565 8.52937e-13 -0.090825
-0.272644 1.07955e-12 -0.101335
-0.306721 1.323e-12 -0.111846
-0.340798 1.57883e-12 -0.122356
-0.374875 1.84467e-12 -0.132867
-0.40895 2.1163e-12 -0.143377
-0.443025 2.39116e-12 -0.153888
-0.4771 2.66531e-12 -0.164398
-0.511174 2.93654e-12 -0.174909
-0.545247 3.20002e-12 -0.185419
-0.57932 3.45277e-12 -0.19593
-0.613392 3.69241e-12 -0.20644
-0.647463 3.91519e-12 -0.216951
-0.681534 4.11756e-12 -0.227461
-0.715604 4.29589e-12 -0.237971
-0.664499 4.01873e-12 -0.222206
-0.630427 3.80636e-12 -0.211695
-0.596356 3.57501e-12 -0.201185
-0.562283 3.32817e-12 -0.190674
-0.52821 3.06944e-12 -0.180164
-0.494137 2.80124e-12 -0.169654
-0.460063 2.52915e-12 -0.159143
-0.425988 2.25317e-12 -0.148633
-0.391913 1.97951e-12 -0.138122
-0.357837 1.71109e-12 -0.127612
-0.32376 1.44926e-12 -0.117101
-0.289683 1.1999e-12 -0.106591
-0.255605 9.63775e-13 -0.0960802
-0.221526 7.46904e-13 -0.0855698
-0.187447 5.50316e-13 -0.0750593
-0.153367 3.7912e-13 -0.0645488
-0.119286 2.35203e-13 -0.0540383
-0.0852051 1.22404e-13 -0.0435279
-0.0511232 4.5122e-14 -0.0330174
-0.0170405 4.03952e-15 -0.0225069
0.0170428 5.75008e-15 -0.0119964
0.0511269 5.19098e-14 -0.00148595
0.0852116 1.45617e-13 0.00902452
0.119297 2.9065e-13 0.019535
0.153383 4.892e-13 0.0300455
0.18747 7.4729e-13 0.040556
0.221558 1.06581e-12 0.0510664
0.255646 1.44891e-12 0.0615769
0.289736 1.8987e-12 0.0720874
0.323826 2.42092e-12 0.0825978
0.357916 3.0168e-12 0.0931083
0.392008 3.6917e-12 0.103619
0.4261 4.44842e-12 0.114129
0.460193 5.2865e-12 0.12464
0.494287 6.21458e-12 0.13515
0.528382 7.23393e-12 0.145661
0.562477 8.3471e-12 0.156171
0.596573 9.55753e-12 0.166682
0.630671 1.08694e-11 0.177192
0.664768 1.22863e-11 0.187703
0.698867 1.38103e-11 0.198213
0.732967 1.54454e-11 0.208723
0.767067 1.71947e-11 0.219234
0.801169 1.90622e-11 0.229744
0.835271 2.10504e-11 0.240255
0.869374 2.31633e-11 0.250765
0.903478 2.54032e-11 0.261276
0.937583 2.77738e-11 0.271786
0.971689 3.02806e-11 0.282297
1.0058 3.2922e-11 0.292807
1.0399 3.57076e-11 0.303317
1.07401 3.86358e-11 0.313828
1.10812 4.1712e-11 0.324338
1.14223 4.49386e-11 0.334849
1.17634 4.83196e-11 0.345359
1.21045 5.1858e-11 0.35587
1.24457 5.55578e-11 0.36638
1.27868 5.9422e-11 0.37689
1.3128 6.34533e-11 0.387401
1.34691 6.76546e-11 0.397911
1.38103 7.20316e-11 0.408422
1.32985 6.55324e-11 0.392656
1.29574 6.1415e-11 0.382146
1.26162 5.74675e-11 0.371635
1.22751 5.3688e-11 0.361125
1.1934 5.0069e-11 0.350614
1.15929 4.66093e-11 0.340104
1.12518 4.3306e-11 0.329593
1.09107 4.01549e-11 0.319083
1.05696 3.71533e-11 0.308573
1.02285 3.42971e-11 0.298062
0.988742 3.15838e-11 0.287552
0.954636 2.90102e-11 0.277041
0.92053 2.65725e-11 0.266531
0.886426 2.42669e-11 0.25602
0.852322 2.20907e-11 0.24551
0.81822 2.00419e-11 0.235
0.784118 1.81136e-11 0.224489
0.750017 1.63054e-11 0.213979
0.715917 1.46131e-11 0.203468
0.681818 1.30346e-11 0.192958
0.647719 1.15646e-11 0.182447
0.613622 1.02006e-11 0.171937
0.579525 8.93982e-12 0.161426
0.545429 7.77702e-12 0.150916
0.511334 6.71269e-12 0.140405
0.47724 5.74084e-12 0.129895
0.443146 4.85745e-12 0.119384
0.409054 4.05938e-12 0.108874
0.374962 3.34505e-12 0.0983636
0.340871 2.70942e-12 0.0878531
0.30678 2.15127e-12 0.0773426
0.272691 1.66491e-12 0.0668321
0.238602 1.24726e-12 0.0563217
0.204514 8.98324e-13 0.0458112
0.170427 6.11367e-13 0.0353007
0.13634 3.83308e-13 0.0247902
0.102254 2.11727e-13 0.0142798
0.0681692 9.22894e-14 0.00376929
0.0340848 2.33387e-14 -0.00674119
1.06773e-06 1.75299e-16 -0.0172517
-0.0340819 1.92045e-14 -0.0277621
-0.0681642 7.93147e-14 -0.0382726
-0.102246 1.74457e-13 -0.0487831
-0.136327 3.03408e-13 -0.0592936
-0.170407 4.61486e-13 -0.069804
-0.204487 6.4623e-13 -0.0803145
-0.238565 8.52243e-13 -0.090825
-0.272644 1.07971e-12 -0.101335
-0.306721 1.3238e-12 -0.111846
-0.340798 1.57913e-12 -0.122356
-0.374875 1.84446e-12 -0.132867
-0.40895 2.11615e-12 -0.143377
-0.443025 2.39159e-12 -0.153888
-0.4771 2.66578e-12 -0.164398
-0.511174 2.93635e-12 -0.174909
-0.545247 3.20091e-12 -0.185419
-0.57932 3.45312e-12 -0.19593
-0.613392 3.69306e-12 -0.20644
-0.647463 3.91579e-12 -0.216951
-0.681534 4.11795e-12 -0.227461
-0.715604 4.29637e-12 -0.237971
-0.749674 4.44727e-12 -0.248482
-0.783743 4.56944e-12 -0.258992
-0.817812 4.65524e-12 -0.269503
-0.85188 4.7061e-12 -0.280013
-0.885948 4.71614e-12 -0.290524
-0.920015 4.68225e-12 -0.301034
-0.954082 4.60146e-12 -0.311545
-0.988148 4.47012e-12 -0.322055
-1.02221 4.28485e-12 -0.332565
-1.05628 4.04265e-12 -0.343076
-1.09034 3.74049e-12 -0.353586
-1.12441 3.37325e-12 -0.364097
-1.15847 2.93992e-12 -0.374607
-1.19253 2.43585e-12 -0.385117
-1.2266 1.85939e-12 -0.395628
-1.26066 1.20443e-12 -0.406138
-1.29472 4.69664e-13 -0.416649
-1.32878 -3.4968e-13 -0.427159
-1.36284 -1.25622e-12 -0.437669
-1.3969 -2.25274e-12 -0.44818
-1.34581 -7.91493e-13 -0.432414
-1.31175 7.0644e-14 -0.421904
-1.27769 8.47689e-13 -0.411393
-1.24363 1.54109e-12 -0.400883
-1.20957 2.15764e-12 -0.390373
-1.1755 2.69717e-12 -0.379862
-1.14144 3.16511e-12 -0.369352
-1.10737 3.56484e-12 -0.358841
-1.07331 3.8987e-12 -0.348331
-1.03925 4.17114e-12 -0.337821
-1.00518 4.38476e-12 -0.32731
-0.971115 4.54162e-12 -0.3168
-0.937048 4.64731e-12 -0.306289
-0.902981 4.70399e-12 -0.295779
-0.868914 4.71634e-12 -0.285268
-0.834846 4.6857e-12 -0.274758
-0.800778 4.61747e-12 -0.264248
-0.766709 4.51212e-12 -0.253737
-0.732639 4.37498e-12 -0.243227
-0.698569 4.20977e-12 -0.232716
-0.664499 4.01934e-12 -0.222206
-0.630427 3.80665e-12 -0.211695
-0.596356 3.57556e-12 -0.201185
-0.562283 3.32846e-12 -0.190674
-0.52821 3.06985e-12 -0.180164
-0.494137 2.80234e-12 -0.169654
-0.460063 2.52804e-12 -0.159143
-0.425988 2.25417e-12 -0.148633
-0.391913 1.98065e-12 -0.138122
-0.357837 1.71073e-12 -0.127612
-0.32376 1.44904e-12 -0.117101
-0.289683 1.20014e-12 -0.106591
-0.255605 9.63302e-13 -0.0960802
-0.221526 7.46102e-13 -0.0855698
-0.187447 5.49811e-13 -0.0750593
-0.153367 3.78171e-13 -0.0645488
-0.119286 2.35058e-13 -0.0540383
-0.0852051 1.22384e-13 -0.0435279
-0.0511232 4.51124e-14 -0.0330174
-0.0170405 5.22458e-15 -0.0225069
0.0170428 5.23275e-15 -0.0119964
0.0511269 5.16319e-14 -0.00148595
0.0852116 1.45652e-13 0.00902452
0.119297 2.90454e-13 0.019535
0.153383 4.89784e-13 0.0300455
0.18747 7.46637e-13 0.040556
0.221558 1.06479e-12 0.0510664
0.255646 1.44888e-12 0.0615769
0.289736 1.89859e-12 0.0720874
0.323826 2.4215e-12 0.0825978
0.357916 3.01807e-12 0.0931083
0.392008 3.69085e-12 0.103619
0.4261 4.44793e-12 0.114129
0.460193 5.28798e-12 0.12464
0.494287 6.2153e-12 0.13515
0.528382 7.23378e-12 0.145661
0.562477 8.34721e-12 0.156171
0.596573 9.55714e-12 0.166682
0.630671 1.08698e-11 0.177192
0.664768 1.22856e-11 0.187703
0.698867 1.38099e-11 0.198213
0.732967 1.54452e-11 0.208723
0.767067 1.71945e-11 0.219234
0.801169 1.90618e-11 0.229744
0.835271 2.10503e-11 0.240255
0.869374 2.31628e-11 0.250765
0.903478 2.54032e-11 0.261276
0.937583 2.77742e-11 0.271786
0.971689 3.02804e-11 0.282297
1.0058 3.29228e-11 0.292807
1.0399 3.5707e-11 0.303317
1.07401 3.8636e-11 0.313828
1.10812 4.17119e-11 0.324338
1.14223 4.49384e-11 0.334849
1.17634 4.83194e-11 0.345359
1.21045 5.18585e-11 0.35587
1.24457 5.55574e-11 0.36638
1.27868 5.94213e-11 0.37689
1.3128 6.34529e-11 0.387401
1.34691 6.76545e-11 0.397911
1.38103 7.20318e-11 0.408422
1.41515 7.65841e-11 0.418932
1.44927 8.13178e-11 0.429442
1.48339 8.62381e-11 0.439953
1.51751 9.13447e-11 0.450463
1.55163 9.66409e-11 0.460973
1.58575 1.02132e-10 0.471484
1.61988 1.07822e-10 0.481994
1.654 1.1371e-10 0.492505
1.68813 1.19804e-10 0.503015
1.72225 1.26104e-10 0.513525
1.75638 1.32615e-10 0.524036
1.79051 1.3934e-10 0.534546
1.82464 1.46283e-10 0.545056
1.85877 1.53446e-10 0.555567
1.89291 1.60834e-10 0.566077
1.92704 1.68448e-10 0.576587
1.96117 1.76293e-10 0.587098
1.99531 1.84372e-10 0.597608
2.02945 1.92688e-10 0.608118
2.06359 2.01246e-10 0.618628
2.09772 2.10046e-10 0.629139
2.13186 2.19095e-10 0.639649
2.16601 2.28394e-10 0.650159
2.20015 2.37945e-10 0.66067
2.23429 2.47756e-10 0.67118
2.26844 2.57826e-10 0.68169
2.30258 2.68161e-10 0.6922
2.33673 2.78763e-10 0.702711
2.37088 2.89634e-10 0.713221
2.40503 3.00779e-10 0.723731
2.43918 3.12202e-10 0.734241
2.47333 3.23906e-10 0.744751
2.50748 3.35892e-10 0.755262
2.54164 3.48167e-10 0.765772
2.57579 3.60732e-10 0.776282
2.60995 3.73589e-10 0.786792
2.64411 3.86745e-10 0.797302
2.67827 4.002e-10 0.807813
2.71243 4.13959e-10 0.818323
2.74659 4.28025e-10 0.828833
2.69535 4.07043e-10 0.813068
2.66119 3.93438e-10 0.802557
2.62703 3.8013e-10 0.792047
2.59287 3.67123e-10 0.781537
2.55872 3.54413e-10 0.771027
2.52456 3.41993e-10 0.760517
2.49041 3.29864e-10 0.750007
2.45625 3.18018e-10 0.739496
2.4221 3.06457e-10 0.728986
2.38795 2.95172e-10 0.718476
2.3538 2.84163e-10 0.707966
2.31966 2.73428e-10 0.697455
2.28551 2.6296e-10 0.686945
2.25136 2.52759e-10 0.676435
2.21722 2.42819e-10 0.665925
2.18308 2.33139e-10 0.655414
2.14894 2.23713e-10 0.644904
2.11479 2.1454e-10 0.634394
2.08065 2.05615e-10 0.623884
2.04652 1.96937e-10 0.613373
2.01238 1.88501e-10 0.602863
1.97824 1.80304e-10 0.592353
1.94411 1.72341e-10 0.581842
1.90997 1.64612e-10 0.571332
1.87584 1.57112e-10 0.560822
1.84171 1.49836e-10 0.550311
1.80758 1.42786e-10 0.539801
1.77345 1.3595e-10 0.529291
1.73932 1.29332e-10 0.51878
1.70519 1.22927e-10 0.50827
1.67106 1.16732e-10 0.49776
1.63694 1.1074e-10 0.487249
1.60281 1.04952e-10 0.476739
1.56869 9.93626e-11 0.466229
1.53457 9.39688e-11 0.455718
1.50045 8.87687e-11 0.445208
1.46633 8.37552e-11 0.434698
1.43221 7.89306e-11 0.424187
1.39809 7.42865e-11 0.413677
1.36397 6.9821e-11 0.403166
1.32985 6.55321e-11 0.392656
1.29574 6.14157e-11 0.382146
1.26162 5.74689e-11 0.371635
1.22751 5.36885e-11 0.361125
1.1934 5.00693e-11 0.350614
1.15929 4.66094e-11 0.340104
1.12518 4.33064e-11 0.329593
1.09107 4.01544e-11 0.319083
1.05696 3.71532e-11 0.308573
1.02285 3.42972e-11 0.298062
0.988742 3.15842e-11 0.287552
0.954636 2.90102e-11 0.277041
0.92053 2.65721e-11 0.266531
0.886426 2.42678e-11 0.25602
0.852322 2.20904e-11 0.24551
0.81822 2.00407e-11 0.235
0.784118 1.81131e-11 0.224489
0.750017 1.63054e-11 0.213979
0.715917 1.46134e-11 0.203468
0.681818 1.30344e-11 0.192958
0.647719 1.15633e-11 0.182447
0.613622 1.02013e-11 0.171937
0.579525 8.94e-12 0.161426
0.545429 7.77812e-12 0.150916
0.511334 6.71304e-12 0.140405
0.47724 5.73986e-12 0.129895
0.443146 4.85667e-12 0.119384
0.409054 4.05979e-12 0.108874
0.374962 3.34516e-12 0.0983636
0.340871 2.70947e-12 0.0878531
0.30678 2.15202e-12 0.0773426
0.272691 1.66478e-12 0.0668321
0.238602 1.24846e-12 0.0563217
0.204514 8.98062e-13 0.0458112
0.170427 6.1181e-13 0.0353007
0.13634 3.82358e-13 0.0247902
0.102254 2.11087e-13 0.0142798
0.0681692 9.18338e-14 0.00376929
0.0340848 2.29866e-14 -0.00674119
1.06773e-06 -2.23201e-16 -0.0172517
-0.0340819 2.05767e-14 -0.0277621
-0.0681642 7.89668e-14 -0.0382726
-0.102246 1.75541e-13 -0.0487831
-0.136327 3.03256e-13 -0.0592936
-0.170407 4.61613e-13 -0.069804
-0.204487 6.45812e-13 -0.0803145
-0.238565 8.53011e-13 -0.090825
-0.272644 1.07981e-12 -0.101335
-0.306721 1.32321e-12 -0.111846
-0.340798 1.57916e-12 -0.122356
-0.374875 1.84525e-12 -0.132867
-0.40895 2.11639e-12 -0.143377
-0.443025 2.39118e-12 -0.153888
-0.4771 2.66622e-12 -0.164398
-0.511174 2.93643e-12 -0.174909
-0.545247 3.20035e-12 -0.185419
-0.57932 3.45315e-12 -0.19593
-0.613392 3.69312e-12 -0.20644
-0.647463 3.91504e-12 -0.216951
-0.681534 4.11763e-12 -0.227461
-0.715604 4.2951e-12 -0.237971
-0.749674 4.44742e-12 -0.248482
-0.783743 4.56862e-12 -0.258992
-0.817812 4.6561e-12 -0.269503
-0.85188 4.70587e-12 -0.280013
-0.885948 4.71581e-12 -0.290524
-0.920015 4.68209e-12 -0.301034
-0.954082 4.60167e-12 -0.311545
-0.988148 4.47002e-12 -0.322055
-1.02221 4.28496e-12 -0.332565
-1.05628 4.04253e-12 -0.343076
-1.09034 3.74009e-12 -0.353586
-1.12441 3.37368e-12 -0.364097
-1.15847 2.94041e-12 -0.374607
-1.19253 2.43694e-12 -0.385117
-1.2266 1.85881e-12 -0.395628
-1.26066 1.20475e-12 -0.406138
-1.29472 4.70153e-13 -0.416649
-1.32878 -3.49042e-13 -0.427159
-1.36284 -1.25555e-12 -0.437669
-1.3969 -2.25235e-12 -0.44818
-1.43096 -3.34284e-12 -0.45869
-1.46502 -4.53029e-12 -0.469201
-1.49908 -5.81862e-12 -0.479711
-1.53314 -7.21025e-12 -0.490221
-1.5672 -8.70887e-12 -0.500732
-1.60126 -1.03183e-11 -0.511242
-1.63531 -1.20418e-11 -0.521752
-1.66937 -1.38832e-11 -0.532263
-1.70343 -1.58438e-11 -0.542773
-1.73749 -1.79288e-11 -0.553283
-1.77154 -2.01409e-11 -0.563794
-1.8056 -2.24848e-11 -0.574304
-1.83965 -2.49612e-11 -0.584814
-1.87371 -2.75755e-11 -0.595325
-1.90776 -3.03308e-11 -0.605835
-1.94182 -3.32307e-11 -0.616345
-1.97587 -3.62762e-11 -0.626856
-2.00993 -3.94736e-11 -0.637366
-2.04398 -4.28251e-11 -0.647876
-2.07803 -4.63342e-11 -0.658386
-2.11209 -5.00038e-11 -0.668897
-2.14614 -5.38373e-11 -0.679407
-2.18019 -5.78389e-11 -0.689917
-2.21424 -6.20093e-11 -0.700427
-2.24829 -6.63567e-11 -0.710938
-2.28235 -7.08808e-11 -0.721448
-2.3164 -7.55857e-11 -0.731958
-2.35045 -8.04741e-11 -0.742468
-2.3845 -8.55505e-11 -0.752978
-2.41855 -9.08185e-11 -0.763489
-2.4526 -9.62801e-11 -0.773999
-2.48665 -1.0194e-10 -0.784509
-2.5207 -1.078e-10 -0.795019
-2.55475 -1.13868e-10 -0.805529
-2.5888 -1.20141e-10 -0.816039
-2.62285 -1.26624e-10 -0.82655
-2.6569 -1.33325e-10 -0.83706
-2.69095 -1.4024e-10 -0.84757
-2.725 -1.47379e-10 -0.85808
-2.75905 -1.54742e-10 -0.86859
-2.70797 -1.43783e-10 -0.852825
-2.67392 -1.36754e-10 -0.842315
-2.63988 -1.29947e-10 -0.831805
-2.60583 -1.23357e-10 -0.821295
-2.57178 -1.16977e-10 -0.810784
-2.53773 -1.10809e-10 -0.800274
-2.50368 -1.04845e-10 -0.789764
-2.46963 -9.90869e-11 -0.779254
-2.43558 -9.35264e-11 -0.768744
-2.40153 -8.81619e-11 -0.758234
-2.36747 -8.29889e-11 -0.747723
-2.33342 -7.80059e-11 -0.737213
-2.29937 -7.32099e-11 -0.726703
-2.26532 -6.85964e-11 -0.716193
-2.23127 -6.41611e-11 -0.705682
-2.19722 -5.99039e-11 -0.695172
-2.16316 -5.5817e-11 -0.684662
-2.12911 -5.18998e-11 -0.674152
-2.09506 -4.81481e-11 -0.663641
-2.06101 -4.45604e-11 -0.653131
-2.02695 -4.11301e-11 -0.642621
-1.9929 -3.78564e-11 -0.632111
-1.95884 -3.47348e-11 -0.6216
-1.92479 -3.17626e-11 -0.61109
-1.89074 -2.89355e-11 -0.60058
-1.85668 -2.62518e-11 -0.590069
-1.82263 -2.37063e-11 -0.579559
-1.78857 -2.12963e-11 -0.569049
-1.75451 -1.90198e-11 -0.558539
-1.72046 -1.68706e-11 -0.548028
-1.6864 -1.48482e-11 -0.537518
-1.65234 -1.29474e-11 -0.527008
-1.61829 -1.11657e-11 -0.516497
-1.58423 -9.49995e-12 -0.505987
-1.55017 -7.94624e-12 -0.495476
-1.51611 -6.5007e-12 -0.484966
-1.48205 -5.16123e-12 -0.474456
-1.44799 -3.92533e-12 -0.463945
-1.41393 -2.78528e-12 -0.453435
-1.37987 -1.74203e-12 -0.442925
-1.34581 -7.9269e-13 -0.432414
-1.31175 7.06663e-14 -0.421904
-1.27769 8.46593e-13 -0.411393
-1.24363 1.54129e-12 -0.400883
-1.20957 2.15718e-12 -0.390373
-1.1755 2.69732e-12 -0.379862
-1.14144 3.16547e-12 -0.369352
-1.10737 3.56456e-12 -0.358841
-1.07331 3.89935e-12 -0.348331
-1.03925 4.171e-12 -0.337821
-1.00518 4.38412e-12 -0.32731
-0.971115 4.54201e-12 -0.3168
-0.937048 4.64758e-12 -0.306289
-0.902981 4.70496e-12 -0.295779
-0.868914 4.71639e-12 -0.285268
-0.834846 4.68597e-12 -0.274758
-0.800778 4.61651e-12 -0.264248
-0.766709 4.5117e-12 -0.253737
-0.732639 4.37582e-12 -0.243227
-0.698569 4.21e-12 -0.232716
-0.664499 4.01907e-12 -0.222206
-0.630427 3.80593e-12 -0.211695
-0.596356 3.57518e-12 -0.201185
-0.562283 3.32867e-12 -0.190674
-0.52821 3.06962e-12 -0.180164
-0.494137 2.80295e-12 -0.169654
-0.460063 2.52837e-12 -0.159143
-0.425988 2.25285e-12 -0.148633
-0.391913 1.97949e-12 -0.138122
-0.357837 1.71092e-12 -0.127612
-0.32376 1.44869e-12 -0.117101
-0.289683 1.2004e-12 -0.106591
-0.255605 9.63293e-13 -0.0960802
-0.221526 7.46067e-13 -0.0855698
-0.187447 5.50163e-13 -0.0750593
-0.153367 3.78497e-13 -0.0645488
-0.119286 2.34752e-13 -0.0540383
-0.0852051 1.22655e-13 -0.0435279
-0.0511232 4.5022e-14 -0.0330174
-0.0170405 4.76926e-15 -0.0225069
0.0170428 6.20558e-15 -0.0119964
0.0511269 5.18306e-14 -0.00148595
0.0852116 1.45451e-13 0.00902452
0.119297 2.90122e-13 0.019535
0.153383 4.88756e-13 0.0300455
0.18747 7.46918e-13 0.040556
0.221558 1.06595e-12 0.0510664
0.255646 1.44856e-12 0.0615769
0.289736 1.89975e-12 0.0720874
0.323826 2.42202e-12 0.0825978
0.357916 3.0178e-12 0.0931083
0.392008 3.69176e-12 0.103619
0.4261 4.44787e-12 0.114129
0.460193 5.28693e-12 0.12464
0.494287 6.21398e-12 0.13515
0.528382 7.23361e-12 0.145661
0.562477 8.34584e-12 0.156171
0.596573 9.55772e-12 0.166682
0.630671 1.08696e-11 0.177192
0.664768 1.22861e-11 0.187703
0.698867 1.38101e-11 0.198213
0.732967 1.5445e-11 0.208723
0.767067 1.71949e-11 0.219234
0.801169 1.90622e-11 0.229744
0.835271 2.10508e-11 0.240255
0.869374 2.31621e-11 0.250765
0.903478 2.54035e-11 0.261276
0.937583 2.77744e-11 0.271786
0.971689 3.02796e-11 0.282297
1.0058 3.29233e-11 0.292807
1.0399 3.57065e-11 0.303317
1.07401 3.86354e-11 0.313828
1.10812 4.17114e-11 0.324338
1.14223 4.49386e-11 0.334849
1.17634 4.83193e-11 0.345359
1.21045 5.18589e-11 0.35587
1.24457 5.55575e-11 0.36638
1.27868 5.94218e-11 0.37689
1.3128 6.34527e-11 0.387401
1.34691 6.76541e-11 0.397911
1.38103 7.2032e-11 0.408422
1.41515 7.65854e-11 0.418932
1.44927 8.13201e-11 0.429442
1.48339 8.62379e-11 0.439953
1.51751 9.1344e-11 0.450463
1.55163 9.66418e-11 0.460973
1.58575 1.02132e-10 0.471484
1.61988 1.07821e-10 0.481994
1.654 1.1371e-10 0.492505
1.68813 1.19803e-10 0.503015
1.72225 1.26103e-10 0.513525
1.75638 1.32616e-10 0.524036
1.79051 1.39339e-10 0.534546
1.82464 1.46283e-10 0.545056
1.85877 1.53446e-10 0.555567
1.89291 1.60832e-10 0.566077
1.92704 1.68448e-10 0.576587
1.96117 1.76293e-10 0.587098
1.99531 1.84372e-10 0.597608
2.02945 1.92688e-10 0.608118
2.06359 2.01246e-10 0.618628
2.09772 2.10046e-10 0.629139
2.13186 2.19095e-10 0.639649
2.16601 2.28393e-10 0.650159
2.20015 2.37946e-10 0.66067
2.23429 2.47755e-10 0.67118
2.26844 2.57826e-10 0.68169
2.30258 2.6816e-10 0.6922
2.33673 2.78762e-10 0.702711
2.37088 2.89633e-10 0.713221
2.40503 3.0078e-10 0.723731
2.43918 3.12203e-10 0.734241
2.47333 3.23905e-10 0.744751
2.50748 3.35893e-10 0.755262
2.54164 3.48166e-10 0.765772
2.57579 3.60732e-10 0.776282
2.60995 3.73589e-10 0.786792
2.64411 3.86744e-10 0.797302
2.67827 4.002e-10 0.807813
2.71243 4.1396e-10 0.818323
2.74659 4.28028e-10 0.828833
2.78075 4.42404e-10 0.839343
2.81492 4.57092e-10 0.849853
2.84908 4.72102e-10 0.860363
2.88325 4.8743e-10 0.870873
2.91742 5.03082e-10 0.881383
2.95159 5.19061e-10 0.891894
2.98576 5.35371e-10 0.902404
3.01993 5.52013e-10 0.912914
3.0541 5.68992e-10 0.923424
3.08828 5.86312e-10 0.933934
3.12245 6.03976e-10 0.944444
3.15663 6.21987e-10 0.954954
3.19081 6.40347e-10 0.965464
3.22499 6.59063e-10 0.975974
3.25917 6.78134e-10 0.986484
3.29335 6.97566e-10 0.996994
3.32754 7.17361e-10 1.0075
3.36172 7.37525e-10 1.01801
3.39591 7.58057e-10 1.02852
3.4301 7.78961e-10 1.03903
3.37881 7.47746e-10 1.02327
3.34463 7.27398e-10 1.01276
3.31044 7.07419e-10 1.00225
3.27626 6.87805e-10 0.991739
3.24208 6.68556e-10 0.981229
3.2079 6.49662e-10 0.970719
3.17372 6.31124e-10 0.960209
3.13954 6.12938e-10 0.949699
3.10536 5.95102e-10 0.939189
3.07119 5.7761e-10 0.928679
3.03701 5.6046e-10 0.918169
3.00284 5.4365e-10 0.907659
2.96867 5.27176e-10 0.897149
2.9345 5.11031e-10 0.886638
2.90033 4.95216e-10 0.876128
2.86616 4.79726e-10 0.865618
2.832 4.64559e-10 0.855108
2.79783 4.49711e-10 0.844598
2.76367 4.35178e-10 0.834088
2.72951 4.20956e-10 0.823578
2.69535 4.07042e-10 0.813068
2.66119 3.93434e-10 0.802557
2.62703 3.80131e-10 0.792047
2.59287 3.67125e-10 0.781537
2.55872 3.54413e-10 0.771027
2.52456 3.41993e-10 0.760517
2.49041 3.29862e-10 0.750007
2.45625 3.18019e-10 0.739496
2.4221 3.06456e-10 0.728986
2.38795 2.95173e-10 0.718476
2.3538 2.84163e-10 0.707966
2.31966 2.73428e-10 0.697455
2.28551 2.62961e-10 0.686945
2.25136 2.52759e-10 0.676435
2.21722 2.42819e-10 0.665925
2.18308 2.33137e-10 0.655414
2.14894 2.23713e-10 0.644904
2.11479 2.14541e-10 0.634394
2.08065 2.05616e-10 0.623884
2.04652 1.96937e-10 0.613373
2.01238 1.88501e-10 0.602863
1.97824 1.80303e-10 0.592353
1.94411 1.72342e-10 0.581842
1.90997 1.64612e-10 0.571332
1.87584 1.57112e-10 0.560822
1.84171 1.49837e-10 0.550311
1.80758 1.42784e-10 0.539801
1.77345 1.35951e-10 0.529291
1.73932 1.29333e-10 0.51878
1.70519 1.22927e-10 0.50827
1.67106 1.16731e-10 0.49776
1.63694 1.1074e-10 0.487249
1.60281 1.04951e-10 0.476739
1.56869 9.93617e-11 0.466229
1.53457 9.39698e-11 0.455718
1.50045 8.87684e-11 0.445208
1.46633 8.37559e-11 0.434698
1.43221 7.89293e-11 0.424187
1.39809 7.42859e-11 0.413677
1.36397 6.98204e-11 0.403166
1.32985 6.55317e-11 0.392656
1.29574 6.14162e-11 0.382146
1.26162 5.74691e-11 0.371635
1.22751 5.36877e-11 0.361125
1.1934 5.00691e-11 0.350614
1.15929 4.66098e-11 0.340104
1.12518 4.33064e-11 0.329593
1.09107 4.0154e-11 0.319083
1.05696 3.71534e-11 0.308573
1.02285 3.42978e-11 0.298062
0.988742 3.1584e-11 0.287552
0.954636 2.90106e-11 0.277041
0.92053 2.65725e-11 0.266531
0.886426 2.42672e-11 0.25602
0.852322 2.20905e-11 0.24551
0.81822 2.00409e-11 0.235
0.784118 1.81137e-11 0.224489
0.750017 1.63062e-11 0.213979
0.715917 1.4613e-11 0.203468
0.681818 1.30346e-11 0.192958
0.647719 1.15648e-11 0.182447
0.613622 1.02007e-11 0.171937
0.579525 8.94014e-12 0.161426
0.545429 7.77843e-12 0.150916
0.511334 6.71281e-12 0.140405
0.47724 5.73929e-12 0.129895
0.443146 4.85581e-12 0.119384
0.409054 4.05948e-12 0.108874
0.374962 3.34479e-12 0.0983636
0.340871 2.70861e-12 0.0878531
0.30678 2.15063e-12 0.0773426
0.272691 1.665e-12 0.0668321
0.238602 1.24867e-12 0.0563217
0.204514 8.98684e-13 0.0458112
0.170427 6.11074e-13 0.0353007
0.13634 3.83083e-13 0.0247902
0.102254 2.11472e-13 0.0142798
0.0681692 9.23026e-14 0.00376929
0.0340848 2.26318e-14 -0.00674119
1.06773e-06 8.8577e-17 -0.0172517
-0.0340819 2.00215e-14 -0.0277621
-0.0681642 7.93151e-14 -0.0382726
-0.102246 1.75219e-13 -0.0487831
-0.136327 3.03719e-13 -0.0592936
-0.170407 4.61887e-13 -0.069804
-0.204487 6.45675e-13 -0.0803145
-0.238565 8.53234e-13 -0.090825
-0.272644 1.07987e-12 -0.101335
-0.306721 1.32289e-12 -0.111846
-0.340798 1.57885e-12 -0.122356
-0.374875 1.84439e-12 -0.132867
-0.40895 2.11694e-12 -0.143377
-0.443025 2.39081e-12 -0.153888
-0.4771 2.6658e-12 -0.164398
-0.511174 2.9373e-12 -0.174909
-0.545247 3.20028e-12 -0.185419
-0.57932 3.45318e-12 -0.19593
-0.613392 3.69282e-12 -0.20644
-0.647463 3.91542e-12 -0.216951
-0.681534 4.11755e-12 -0.227461
-0.715604 4.29631e-12 -0.237971
-0.749674 4.44744e-12 -0.248482
-0.783743 4.56828e-12 -0.258992
-0.817812 4.65663e-12 -0.269503
-0.85188 4.70658e-12 -0.280013
-0.885948 4.71683e-12 -0.290524
-0.920015 4.68177e-12 -0.301034
-0.954082 4.60126e-12 -0.311545
-0.988148 4.46979e-12 -0.322055
-1.02221 4.28445e-12 -0.332565
-1.05628 4.04261e-12 -0.343076
-1.09034 3.74055e-12 -0.353586
-1.12441 3.3739e-12 -0.364097
-1.15847 2.94004e-12 -0.374607
-1.19253 2.43755e-12 -0.385117
-1.2266 1.85863e-12 -0.395628
-1.26066 1.20448e-12 -0.406138
-1.29472 4.69409e-13 -0.416649
-1.32878 -3.50178e-13 -0.427159
-1.36284 -1.25647e-12 -0.437669
-1.3969 -2.25261e-12 -0.44818
-1.43096 -3.34207e-12 -0.45869
-1.46502 -4.5302e-12 -0.469201
-1.49908 -5.81832e-12 -0.479711
-1.53314 -7.2088e-12 -0.490221
-1.5672 -8.70947e-12 -0.500732
-1.60126 -1.03181e-11 -0.511242
-1.63531 -1.20413e-11 -0.521752
-1.66937 -1.38827e-11 -0.532263
-1.70343 -1.58432e-11 -0.542773
-1.73749 -1.79284e-11 -0.553283
-1.77154 -2.01415e-11 -0.563794
-1.8056 -2.24848e-11 -0.574304
-1.83965 -2.49612e-11 -0.584814
-1.87371 -2.75768e-11 -0.595325
-1.90776 -3.03309e-11 -0.605835
-1.94182 -3.32302e-11 -0.616345
-1.97587 -3.62775e-11 -0.626856
-2.00993 -3.94738e-11 -0.637366
-2.04398 -4.28252e-11 -0.647876
-2.07803 -4.63333e-11 -0.658386
-2.11209 -5.00032e-11 -0.668897
-2.14614 -5.38372e-11 -0.679407
-2.18019 -5.78398e-11 -0.689917
-2.21424 -6.20104e-11 -0.700427
-2.24829 -6.63571e-11 -0.710938
-2.28235 -7.08805e-11 -0.721448
-2.3164 -7.55839e-11 -0.731958
-2.35045 -8.04747e-11 -0.742468
-2.3845 -8.555e-11 -0.752978
-2.41855 -9.08202e-11 -0.763489
-2.4526 -9.62826e-11 -0.773999
-2.48665 -1.01941e-10 -0.784509
-2.5207 -1.07802e-10 -0.795019
-2.55475 -1.13867e-10 -0.805529
-2.5888 -1.2014e-10 -0.816039
-2.62285 -1.26624e-10 -0.82655
-2.6569 -1.33324e-10 -0.83706
-2.69095 -1.40241e-10 -0.84757
-2.725 -1.4738e-10 -0.85808
-2.75905 -1.54742e-10 -0.86859
-2.7931 -1.62331e-10 -0.8791
-2.82714 -1.70154e-10 -0.88961
-2.86119 -1.78212e-10 -0.90012
-2.89524 -1.86507e-10 -0.91063
-2.92929 -1.95042e-10 -0.92114
-2.96334 -2.03824e-10 -0.93165
-2.99739 -2.12853e-10 -0.942161
-3.03143 -2.22137e-10 -0.952671
-3.06548 -2.31671e-10 -0.963181
-3.09953 -2.41467e-10 -0.973691
-3.13358 -2.51525e-10 -0.984201
-3.16762 -2.61844e-10 -0.994711
-3.20167 -2.72433e-10 -1.00522
-3.23572 -2.83299e-10 -1.01573
-3.26977 -2.94434e-10 -1.02624
-3.30381 -3.05851e-10 -1.03675
-3.33786 -3.17548e-10 -1.04726
-3.37191 -3.29532e-10 -1.05777
-3.40596 -3.41804e-10 -1.06828
-3.44 -3.54369e-10 -1.07879
-3.38893 -3.35634e-10 -1.06303
-3.35488 -3.23506e-10 -1.05252
-3.32084 -3.11667e-10 -1.04201
-3.28679 -3.00108e-10 -1.0315
-3.25274 -2.88831e-10 -1.02099
-3.2187 -2.77832e-10 -1.01048
-3.18465 -2.67105e-10 -0.999966
-3.1506 -2.56651e-10 -0.989456
-3.11655 -2.46462e-10 -0.978946
-3.0825 -2.36538e-10 -0.968436
-3.04846 -2.26872e-10 -0.957926
-3.01441 -2.17462e-10 -0.947416
-2.98036 -2.08309e-10 -0.936906
-2.94631 -1.99406e-10 -0.926395
-2.91227 -1.90745e-10 -0.915885
-2.87822 -1.82332e-10 -0.905375
-2.84417 -1.74154e-10 -0.894865
-2.81012 -1.66215e-10 -0.884355
-2.77607 -1.5851e-10 -0.873845
-2.74202 -1.51032e-10 -0.863335
-2.70797 -1.43783e-10 -0.852825
-2.67392 -1.36755e-10 -0.842315
-2.63988 -1.29948e-10 -0.831805
-2.60583 -1.23356e-10 -0.821295
-2.57178 -1.16978e-10 -0.810784
-2.53773 -1.10808e-10 -0.800274
-2.50368 -1.04847e-10 -0.789764
-2.46963 -9.90862e-11 -0.779254
-2.43558 -9.35255e-11 -0.768744
-2.40153 -8.81616e-11 -0.758234
-2.36747 -8.29899e-11 -0.747723
-2.33342 -7.80077e-11 -0.737213
-2.29937 -7.32099e-11 -0.726703
-2.26532 -6.85967e-11 -0.716193
-2.23127 -6.41603e-11 -0.705682
-2.19722 -5.99031e-11 -0.695172
-2.16316 -5.58169e-11 -0.684662
-2.12911 -5.18997e-11 -0.674152
-2.09506 -4.81488e-11 -0.663641
-2.06101 -4.45598e-11 -0.653131
-2.02695 -4.11296e-11 -0.642621
-1.9929 -3.78575e-11 -0.632111
-1.95884 -3.47339e-11 -0.6216
-1.92479 -3.17628e-11 -0.61109
-1.89074 -2.89362e-11 -0.60058
-1.85668 -2.62517e-11 -0.590069
-1.82263 -2.37067e-11 -0.579559
-1.78857 -2.12971e-11 -0.569049
-1.75451 -1.9019e-11 -0.558539
-1.72046 -1.68706e-11 -0.548028
-1.6864 -1.48478e-11 -0.537518
-1.65234 -1.29475e-11 -0.527008
-1.61829 -1.11663e-11 -0.516497
-1.58423 -9.4995e-12 -0.505987
-1.55017 -7.94517e-12 -0.495476
-1.51611 -6.50054e-12 -0.484966
-1.48205 -5.16158e-12 -0.474456
-1.44799 -3.92323e-12 -0.463945
-1.41393 -2.78484e-12 -0.453435
-1.37987 -1.74286e-12 -0.442925
-1.34581 -7.91467e-13 -0.432414
-1.31175 7.06864e-14 -0.421904
-1.27769 8.47289e-13 -0.411393
-1.24363 1.54185e-12 -0.400883
-1.20957 2.15707e-12 -0.390373
-1.1755 2.69819e-12 -0.379862
-1.14144 3.16651e-12 -0.369352
-1.10737 3.56561e-12 -0.358841
-1.07331 3.8982e-12 -0.348331
-1.03925 4.17134e-12 -0.337821
-1.00518 4.38502e-12 -0.32731
-0.971115 4.54219e-12 -0.3168
-0.937048 4.64858e-12 -0.306289
-0.902981 4.70475e-12 -0.295779
-0.868914 4.71606e-12 -0.285268
-0.834846 4.68561e-12 -0.274758
-0.800778 4.61637e-12 -0.264248
-0.766709 4.51203e-12 -0.253737
-0.732639 4.37587e-12 -0.243227
-0.698569 4.20968e-12 -0.232716
-0.664499 4.0194e-12 -0.222206
-0.630427 3.80644e-12 -0.211695
-0.596356 3.57497e-12 -0.201185
-0.562283 3.32838e-12 -0.190674
-0.52821 3.06995e-12 -0.180164
-0.494137 2.80153e-12 -0.169654
-0.460063 2.52905e-12 -0.159143
-0.425988 2.25391e-12 -0.148633
-0.391913 1.97992e-12 -0.138122
-0.357837 1.71149e-12 -0.127612
-0.32376 1.44995e-12 -0.117101
-0.289683 1.19863e-12 -0.106591
-0.255605 9.63217e-13 -0.0960802
-0.221526 7.46222e-13 -0.0855698
-0.187447 5.50619e-13 -0.0750593
-0.153367 3.79354e-13 -0.0645488
-0.119286 2.34627e-13 -0.0540383
-0.0852051 1.22903e-13 -0.0435279
-0.0511232 4.49571e-14 -0.0330174
-0.0170405 5.20785e-15 -0.0225069
0.0170428 6.68288e-15 -0.0119964
