9.12577e-07 -2.90709e-15 -0.0353749
0.201174 -1.62961e-13 -0.0669021
0.335286 -4.60667e-13 -0.0879204
0.469398 -9.01793e-13 -0.108939
0.603507 -1.49017e-12 -0.129957
0.737614 -2.23648e-12 -0.150976
0.87172 -3.13249e-12 -0.171995
1.00582 -4.18419e-12 -0.193014
1.13993 -5.38525e-12 -0.214033
1.27403 -6.7492e-12 -0.235053
1.40813 -8.26744e-12 -0.256072
1.54222 -9.93838e-12 -0.277091
1.67632 -1.17741e-11 -0.298111
1.81042 -1.37701e-11 -0.319131
1.94451 -1.59286e-11 -0.340151
2.0786 -1.82499e-11 -0.361171
2.21269 -2.07371e-11 -0.382191
2.34678 -2.33923e-11 -0.403212
2.48087 -2.62086e-11 -0.424232
2.61495 -2.91972e-11 -0.445253
2.74904 -3.2354e-11 -0.466273
2.54791 -2.76832e-11 -0.434742
2.41382 -2.47762e-11 -0.413722
2.27973 -2.20392e-11 -0.392701
2.14565 -1.94744e-11 -0.371681
2.01155 -1.70703e-11 -0.350661
1.87746 -1.48286e-11 -0.329641
1.74337 -1.27508e-11 -0.308621
1.60927 -1.08407e-11 -0.287601
1.47518 -9.0774e-12 -0.266582
1.34108 -7.48614e-12 -0.245562
1.20698 -6.04523e-12 -0.224543
1.07288 -4.76179e-12 -0.203524
0.938773 -3.63743e-12 -0.182505
0.804668 -2.66098e-12 -0.161486
0.670561 -1.84801e-12 -0.140467
0.536452 -1.18e-12 -0.119448
0.402342 -6.59437e-13 -0.0984296
0.26823 -2.92409e-13 -0.0774112
0.134116 -7.27732e-14 -0.056393
9.12533e-07 -1.70954e-15 -0.0353749
-0.134117 -7.41726e-14 -0.0143569
-0.268236 -2.89387e-13 0.00666091
-0.402357 -6.50936e-13 0.0276786
-0.53648 -1.15486e-12 0.0486961
-0.670605 -1.79881e-12 0.0697135
-0.804732 -2.57641e-12 0.0907308
-0.938861 -3.50139e-12 0.111748
-1.07299 -4.55824e-12 0.132765
-1.20712 -5.75432e-12 0.153782
-1.34126 -7.08355e-12 0.174798
-1.4754 -8.54646e-12 0.195815
-1.60954 -1.01401e-11 0.216831
-1.74368 -1.18667e-11 0.237847
-1.87782 -1.37217e-11 0.258863
-2.01197 -1.57105e-11 0.279879
-2.14611 -1.78183e-11 0.300895
-2.28026 -2.00575e-11 0.321911
-2.41442 -2.24217e-11 0.342926
-2.54857 -2.4911e-11 0.363941
-2.68273 -2.75215e-11 0.384956
-2.81689 -3.02538e-11 0.405971
-2.61565 -2.61991e-11 0.374449
-2.48149 -2.36506e-11 0.353434
-2.34734 -2.12259e-11 0.332418
-2.21319 -1.89258e-11 0.311403
-2.07904 -1.67507e-11 0.290387
-1.94489 -1.4698e-11 0.269371
-1.81075 -1.27807e-11 0.248355
-1.67661 -1.09862e-11 0.227339
-1.54247 -9.32565e-12 0.206323
-1.40833 -7.79997e-12 0.185307
-1.27419 -6.40178e-12 0.16429
-1.14006 -5.1419e-12 0.143273
-1.00593 -4.01106e-12 0.122256
-0.871796 -3.02327e-12 0.101239
-0.737668 -2.16957e-12 0.0802222
-0.603542 -1.45823e-12 0.0592048
-0.469418 -8.84908e-13 0.0381874
-0.335296 -4.51263e-13 0.0171698
-0.201176 -1.64691e-13 -0.00384798
-0.0670576 -1.59779e-14 -0.0248659
0.0670589 -1.79537e-14 -0.0458839
0.201174 -1.64964e-13 -0.0669021
0.335286 -4.59445e-13 -0.0879204
0.469398 -9.01496e-13 -0.108939
0.603507 -1.49098e-12 -0.129957
0.737614 -2.2376e-12 -0.150976
0.87172 -3.13251e-12 -0.171995
1.00582 -4.18459e-12 -0.193014
1.13993 -5.38402e-12 -0.214033
1.27403 -6.74462e-12 -0.235053
1.40813 -8.26084e-12 -0.256072
1.54222 -9.94093e-12 -0.277091
1.67632 -1.17796e-11 -0.298111
1.81042 -1.37689e-11 -0.319131
1.94451 -1.59272e-11 -0.340151
2.0786 -1.82536e-11 -0.361171
2.21269 -2.07404e-11 -0.382191
2.34678 -2.33884e-11 -0.403212
2.48087 -2.62081e-11 -0.424232
2.61495 -2.91968e-11 -0.445253
2.74904 -3.23534e-11 -0.466273
2.88312 -3.56796e-11 -0.487294
3.0172 -3.91774e-11 -0.508315
3.15128 -4.28505e-11 -0.529336
3.28536 -4.66955e-11 -0.550358
3.41944 -5.07193e-11 -0.571379
3.55351 -5.4916e-11 -0.5924
3.68759 -5.92884e-11 -0.613422
3.82166 -6.38507e-11 -0.634444
3.95574 -6.85785e-11 -0.655465
4.08981 -7.35032e-11 -0.676487
4.22388 -7.86015e-11 -0.69751
4.35795 -8.38864e-11 -0.718532
4.49202 -8.93538e-11 -0.739554
4.62608 -9.50082e-11 -0.760576
4.76015 -1.0085e-10 -0.781599
4.89422 -1.06884e-10 -0.802622
5.02828 -1.13108e-10 -0.823644
5.16234 -1.19522e-10 -0.844667
5.29641 -1.26124e-10 -0.86569
5.43047 -1.32926e-10 -0.886713
5.22937 -1.22797e-10 -0.855179
5.09531 -1.16285e-10 -0.834156
4.96125 -1.09967e-10 -0.813133
4.82718 -1.03846e-10 -0.79211
4.69312 -9.79064e-11 -0.771088
4.55905 -9.21568e-11 -0.750065
4.42498 -8.65949e-11 -0.729043
4.29091 -8.12189e-11 -0.708021
4.15684 -7.60273e-11 -0.686998
4.02277 -7.10176e-11 -0.665976
3.8887 -6.61907e-11 -0.644955
3.75463 -6.15477e-11 -0.623933
3.62055 -5.70819e-11 -0.602911
3.48648 -5.27948e-11 -0.58189
3.3524 -4.86833e-11 -0.560868
3.21832 -4.47552e-11 -0.539847
3.08424 -4.09924e-11 -0.518826
2.95016 -3.7406e-11 -0.497805
2.81608 -3.39923e-11 -0.476784
2.68199 -3.07534e-11 -0.455763
2.54791 -2.7681e-11 -0.434742
2.41382 -2.47775e-11 -0.413722
2.27973 -2.20425e-11 -0.392701
2.14565 -1.94686e-11 -0.371681
2.01155 -1.70724e-11 -0.350661
1.87746 -1.48352e-11 -0.329641
1.74337 -1.27592e-11 -0.308621
1.60927 -1.08397e-11 -0.287601
1.47518 -9.08235e-12 -0.266582
1.34108 -7.48364e-12 -0.245562
1.20698 -6.04816e-12 -0.224543
1.07288 -4.76276e-12 -0.203524
0.938773 -3.63084e-12 -0.182505
0.804668 -2.66395e-12 -0.161486
0.670561 -1.84627e-12 -0.140467
0.536452 -1.17808e-12 -0.119448
0.402342 -6.63146e-13 -0.0984296
0.26823 -2.93755e-13 -0.0774112
0.134116 -7.30504e-14 -0.056393
9.12533e-07 -8.97679e-16 -0.0353749
-0.134117 -7.02789e-14 -0.0143569
-0.268236 -2.91008e-13 0.00666091
-0.402357 -6.50001e-13 0.0276786
-0.53648 -1.15334e-12 0.0486961
-0.670605 -1.7971e-12 0.0697135
-0.804732 -2.58287e-12 0.0907308
-0.938861 -3.49757e-12 0.111748
-1.07299 -4.55989e-12 0.132765
-1.20712 -5.75838e-12 0.153782
-1.34126 -7.0833e-12 0.174798
-1.4754 -8.54635e-12 0.195815
-1.60954 -1.01406e-11 0.216831
-1.74368 -1.18695e-11 0.237847
-1.87782 -1.37236e-11 0.258863
-2.01197 -1.57092e-11 0.279879
-2.14611 -1.78256e-11 0.300895
-2.28026 -2.00586e-11 0.321911
-2.41442 -2.2424e-11 0.342926
-2.54857 -2.49124e-11 0.363941
-2.68273 -2.75241e-11 0.384956
-2.81689 -3.0255e-11 0.405971
-2.95105 -3.3105e-11 0.426986
-3.08521 -3.60815e-11 0.448001
-3.21938 -3.91636e-11 0.469015
-3.35355 -4.23717e-11 0.49003
-3.48772 -4.56935e-11 0.511044
-3.62189 -4.91297e-11 0.532058
-3.75607 -5.26782e-11 0.553072
-3.89025 -5.6338e-11 0.574085
-4.02443 -6.01074e-11 0.595099
-4.15861 -6.39878e-11 0.616112
-4.2928 -6.79762e-11 0.637125
-4.42698 -7.20692e-11 0.658138
-4.56118 -7.62695e-11 0.679151
-4.69537 -8.05749e-11 0.700164
-4.82957 -8.49895e-11 0.721176
-4.96376 -8.94983e-11 0.742189
-5.09797 -9.41126e-11 0.763201
-5.23217 -9.88223e-11 0.784213
-5.36638 -1.0363e-10 0.805225
-5.50059 -1.08539e-10 0.826236
-5.29927 -1.01214e-10 0.794719
-5.16507 -9.64547e-11 0.773707
-5.03087 -9.17945e-11 0.752695
-4.89666 -8.7229e-11 0.731683
-4.76247 -8.27719e-11 0.71067
-4.62827 -7.84107e-11 0.689658
-4.49408 -7.4156e-11 0.668645
-4.35989 -7.00099e-11 0.647632
-4.2257 -6.59665e-11 0.626619
-4.09152 -6.20344e-11 0.605605
-3.95734 -5.82104e-11 0.584592
-3.82316 -5.44918e-11 0.563578
-3.68898 -5.08871e-11 0.542565
-3.5548 -4.73928e-11 0.521551
-3.42063 -4.40187e-11 0.500537
-3.28646 -4.07544e-11 0.479522
-3.15229 -3.76106e-11 0.458508
-3.01813 -3.45778e-11 0.437494
-2.88397 -3.16633e-11 0.416479
-2.74981 -2.8871e-11 0.395464
-2.61565 -2.62012e-11 0.374449
-2.48149 -2.36533e-11 0.353434
-2.34734 -2.12277e-11 0.332418
-2.21319 -1.8925e-11 0.311403
-2.07904 -1.67512e-11 0.290387
-1.94489 -1.4702e-11 0.269371
-1.81075 -1.27778e-11 0.248355
-1.67661 -1.09878e-11 0.227339
-1.54247 -9.3312e-12 0.206323
-1.40833 -7.79777e-12 0.185307
-1.27419 -6.40034e-12 0.16429
-1.14006 -5.14098e-12 0.143273
-1.00593 -4.00941e-12 0.122256
-0.871796 -3.02093e-12 0.101239
-0.737668 -2.16898e-12 0.0802222
-0.603542 -1.45436e-12 0.0592048
-0.469418 -8.83472e-13 0.0381874
-0.335296 -4.51381e-13 0.0171698
-0.201176 -1.65273e-13 -0.00384798
-0.0670576 -2.09983e-14 -0.0248659
0.0670589 -1.1871e-14 -0.0458839
0.201174 -1.64478e-13 -0.0669021
0.335286 -4.5858e-13 -0.0879204
0.469398 -9.00278e-13 -0.108939
0.603507 -1.49315e-12 -0.129957
0.737614 -2.23427e-12 -0.150976
0.87172 -3.13e-12 -0.171995
1.00582 -4.18241e-12 -0.193014
1.13993 -5.38328e-12 -0.214033
1.27403 -6.74819e-12 -0.235053
1.40813 -8.26562e-12 -0.256072
1.54222 -9.93535e-12 -0.277091
1.67632 -1.17783e-11 -0.298111
1.81042 -1.37742e-11 -0.319131
1.94451 -1.59321e-11 -0.340151
2.0786 -1.8253e-11 -0.361171
2.21269 -2.0738e-11 -0.382191
2.34678 -2.3388e-11 -0.403212
2.48087 -2.62089e-11 -0.424232
2.61495 -2.91936e-11 -0.445253
2.74904 -3.23508e-11 -0.466273
2.88312 -3.56786e-11 -0.487294
3.0172 -3.91761e-11 -0.508315
3.15128 -4.28509e-11 -0.529336
3.28536 -4.66955e-11 -0.550358
3.41944 -5.07173e-11 -0.571379
3.55351 -5.49165e-11 -0.5924
3.68759 -5.92913e-11 -0.613422
3.82166 -6.38492e-11 -0.634444
3.95574 -6.85814e-11 -0.655465
4.08981 -7.34989e-11 -0.676487
4.22388 -7.86005e-11 -0.69751
4.35795 -8.38856e-11 -0.718532
4.49202 -8.9353e-11 -0.739554
4.62608 -9.50076e-11 -0.760576
4.76015 -1.00854e-10 -0.781599
4.89422 -1.06882e-10 -0.802622
5.02828 -1.13105e-10 -0.823644
5.16234 -1.19519e-10 -0.844667
5.29641 -1.26124e-10 -0.86569
5.43047 -1.32927e-10 -0.886713
5.56453 -1.39919e-10 -0.907737
5.69859 -1.47102e-10 -0.92876
5.83265 -1.545e-10 -0.949783
5.9667 -1.62088e-10 -0.970807
6.10076 -1.6987e-10 -0.991831
6.23482 -1.77861e-10 -1.01285
6.36887 -1.86059e-10 -1.03388
6.50293 -1.94448e-10 -1.0549
6.63698 -2.03044e-10 -1.07593
6.77104 -2.11847e-10 -1.09695
6.90509 -2.20861e-10 -1.11797
7.03914 -2.30078e-10 -1.139
7.17319 -2.39509e-10 -1.16002
7.30724 -2.49149e-10 -1.18105
7.44129 -2.59003e-10 -1.20207
7.57534 -2.69068e-10 -1.2231
7.70939 -2.79349e-10 -1.24412
7.84344 -2.89844e-10 -1.26515
7.97749 -3.0055e-10 -1.28617
8.11154 -3.11492e-10 -1.3072
8.24559 -3.2263e-10 -1.32822
8.37963 -3.34006e-10 -1.34925
8.51368 -3.45605e-10 -1.37027
8.64773 -3.5741e-10 -1.3913
8.78177 -3.69457e-10 -1.41232
8.91582 -3.81725e-10 -1.43335
9.04986 -3.94227e-10 -1.45438
9.18391 -4.06953e-10 -1.4754
9.31795 -4.19896e-10 -1.49643
9.452 -4.33075e-10 -1.51745
9.58604 -4.46473e-10 -1.53848
9.72009 -4.60131e-10 -1.55951
9.85413 -4.73996e-10 -1.58053
9.98817 -4.88137e-10 -1.60156
10.1222 -5.0247e-10 -1.62259
10.2563 -5.17053e-10 -1.64361
10.3903 -5.31905e-10 -1.66464
10.5243 -5.46954e-10 -1.68567
10.6584 -5.6226e-10 -1.70669
10.7924 -5.77803e-10 -1.72772
10.5914 -5.54594e-10 -1.69618
10.4573 -5.39418e-10 -1.67515
10.3233 -5.24444e-10 -1.65413
10.1892 -5.09729e-10 -1.6331
10.0552 -4.95247e-10 -1.61207
9.92115 -4.81029e-10 -1.59105
9.78711 -4.67043e-10 -1.57002
9.65306 -4.53275e-10 -1.54899
9.51902 -4.39743e-10 -1.52797
9.38498 -4.26456e-10 -1.50694
9.25093 -4.13377e-10 -1.48592
9.11689 -4.00547e-10 -1.46489
8.98284 -3.87941e-10 -1.44386
8.8488 -3.75567e-10 -1.42284
8.71475 -3.63414e-10 -1.40181
8.5807 -3.51489e-10 -1.38079
8.44666 -3.39785e-10 -1.35976
8.31261 -3.28297e-10 -1.33874
8.17856 -3.17034e-10 -1.31771
8.04451 -3.05996e-10 -1.29669
7.91047 -2.95171e-10 -1.27566
7.77642 -2.8457e-10 -1.25463
7.64237 -2.7418e-10 -1.23361
7.50832 -2.64008e-10 -1.21259
7.37427 -2.54048e-10 -1.19156
7.24022 -2.443e-10 -1.17054
7.10617 -2.34769e-10 -1.14951
6.97212 -2.25439e-10 -1.12849
6.83806 -2.16326e-10 -1.10746
6.70401 -2.07421e-10 -1.08644
6.56996 -1.9872e-10 -1.06541
6.4359 -1.90225e-10 -1.04439
6.30185 -1.81933e-10 -1.02337
6.16779 -1.73843e-10 -1.00234
6.03373 -1.65952e-10 -0.981319
5.89968 -1.58273e-10 -0.960295
5.76562 -1.50778e-10 -0.939272
5.63156 -1.43496e-10 -0.918248
5.4975 -1.364e-10 -0.897225
5.36344 -1.295e-10 -0.876202
5.22937 -1.22797e-10 -0.855179
5.09531 -1.16287e-10 -0.834156
4.96125 -1.0997e-10 -0.813133
4.82718 -1.03847e-10 -0.79211
4.69312 -9.79082e-11 -0.771088
4.55905 -9.2157e-11 -0.750065
4.42498 -8.6597e-11 -0.729043
4.29091 -8.12151e-11 -0.708021
4.15684 -7.6027e-11 -0.686998
4.02277 -7.10182e-11 -0.665976
3.8887 -6.61918e-11 -0.644955
3.75463 -6.15476e-11 -0.623933
3.62055 -5.7081e-11 -0.602911
3.48648 -5.27983e-11 -0.58189
3.3524 -4.86825e-11 -0.560868
3.21832 -4.47491e-11 -0.539847
3.08424 -4.09904e-11 -0.518826
2.95016 -3.74063e-11 -0.497805
2.81608 -3.39932e-11 -0.476784
2.68199 -3.0753e-11 -0.455763
2.54791 -2.76778e-11 -0.434742
2.41382 -2.47805e-11 -0.413722
2.27973 -2.20466e-11 -0.392701
2.14565 -1.9474e-11 -0.371681
2.01155 -1.7072e-11 -0.350661
1.87746 -1.483e-11 -0.329641
1.74337 -1.27537e-11 -0.308621
1.60927 -1.08395e-11 -0.287601
1.47518 -9.0828e-12 -0.266582
1.34108 -7.48174e-12 -0.245562
1.20698 -6.04955e-12 -0.224543
1.07288 -4.76419e-12 -0.203524
0.938773 -3.63653e-12 -0.182505
0.804668 -2.66425e-12 -0.161486
0.670561 -1.85028e-12 -0.140467
0.536452 -1.17593e-12 -0.119448
0.402342 -6.60036e-13 -0.0984296
0.26823 -2.90049e-13 -0.0774112
0.134116 -7.23277e-14 -0.056393
9.12533e-07 9.93274e-16 -0.0353749
-0.134117 -7.66298e-14 -0.0143569
-0.268236 -2.89354e-13 0.00666091
-0.402357 -6.54025e-13 0.0276786
-0.53648 -1.15264e-12 0.0486961
-0.670605 -1.79709e-12 0.0697135
-0.804732 -2.58121e-12 0.0907308
-0.938861 -3.50173e-12 0.111748
-1.07299 -4.55962e-12 0.132765
-1.20712 -5.75605e-12 0.153782
-1.34126 -7.08532e-12 0.174798
-1.4754 -8.54927e-12 0.195815
-1.60954 -1.01404e-11 0.216831
-1.74368 -1.18676e-11 0.237847
-1.87782 -1.37263e-11 0.258863
-2.01197 -1.57074e-11 0.279879
-2.14611 -1.78212e-11 0.300895
-2.28026 -2.00585e-11 0.321911
-2.41442 -2.24244e-11 0.342926
-2.54857 -2.49099e-11 0.363941
-2.68273 -2.75221e-11 0.384956
-2.81689 -3.02488e-11 0.405971
-2.95105 -3.31059e-11 0.426986
-3.08521 -3.60782e-11 0.448001
-3.21938 -3.91676e-11 0.469015
-3.35355 -4.23718e-11 0.49003
-3.48772 -4.56931e-11 0.511044
-3.62189 -4.91287e-11 0.532058
-3.75607 -5.26798e-11 0.553072
-3.89025 -5.63379e-11 0.574085
-4.02443 -6.01087e-11 0.595099
-4.15861 -6.39863e-11 0.616112
-4.2928 -6.79754e-11 0.637125
-4.42698 -7.20716e-11 0.658138
-4.56118 -7.62719e-11 0.679151
-4.69537 -8.05791e-11 0.700164
-4.82957 -8.49852e-11 0.721176
-4.96376 -8.94998e-11 0.742189
-5.09797 -9.4114e-11 0.763201
-5.23217 -9.88235e-11 0.784213
-5.36638 -1.03632e-10 0.805225
-5.50059 -1.08542e-10 0.826236
-5.6348 -1.13543e-10 0.847248
-5.76902 -1.18642e-10 0.868259
-5.90324 -1.23834e-10 0.88927
-6.03746 -1.2912e-10 0.910281
-6.17168 -1.34497e-10 0.931292
-6.30591 -1.39966e-10 0.952302
-6.44014 -1.4552e-10 0.973313
-6.57437 -1.51159e-10 0.994323
-6.70861 -1.56897e-10 1.01533
-6.84285 -1.62709e-10 1.03634
-6.97709 -1.6861e-10 1.05735
-7.11133 -1.74589e-10 1.07836
-7.24558 -1.80655e-10 1.09937
-7.37983 -1.86799e-10 1.12038
-7.51409 -1.93024e-10 1.14139
-7.64834 -1.99317e-10 1.1624
-7.7826 -2.05703e-10 1.18341
-7.91687 -2.12159e-10 1.20442
-8.05114 -2.18689e-10 1.22542
-8.18541 -2.25287e-10 1.24643
-8.31968 -2.31963e-10 1.26744
-8.45396 -2.38706e-10 1.28845
-8.58824 -2.45522e-10 1.30945
-8.72252 -2.52416e-10 1.33046
-8.85681 -2.59362e-10 1.35147
-8.9911 -2.6637e-10 1.37248
-9.12539 -2.73456e-10 1.39348
-9.25969 -2.80605e-10 1.41449
-9.39399 -2.8782e-10 1.4355
-9.52829 -2.95084e-10 1.4565
-9.6626 -3.02423e-10 1.47751
-9.79691 -3.09816e-10 1.49851
-9.93122 -3.17254e-10 1.51952
-10.0655 -3.24743e-10 1.54052
-10.1999 -3.32305e-10 1.56153
-10.3342 -3.39938e-10 1.58253
-10.4685 -3.47579e-10 1.60354
-10.6028 -3.5532e-10 1.62454
-10.7372 -3.63077e-10 1.64555
-10.8715 -3.70907e-10 1.66655
-10.67 -3.59186e-10 1.63504
-10.5357 -3.51461e-10 1.61404
-10.4014 -3.43786e-10 1.59304
-10.267 -3.36122e-10 1.57203
-10.1327 -3.28545e-10 1.55103
-9.99838 -3.20994e-10 1.53002
-9.86407 -3.13528e-10 1.50902
-9.72975 -3.06104e-10 1.48801
-9.59544 -2.98748e-10 1.467
-9.46114 -2.91441e-10 1.446
-9.32684 -2.84204e-10 1.42499
-9.19254 -2.77031e-10 1.40399
-9.05824 -2.69908e-10 1.38298
-8.92395 -2.62862e-10 1.36197
-8.78966 -2.55881e-10 1.34097
-8.65538 -2.48954e-10 1.31996
-8.5211 -2.42106e-10 1.29895
-8.38682 -2.35324e-10 1.27794
-8.25254 -2.28619e-10 1.25694
-8.11827 -2.21977e-10 1.23593
-7.984 -2.15416e-10 1.21492
-7.84974 -2.08921e-10 1.19391
-7.71547 -2.02505e-10 1.1729
-7.58121 -1.96163e-10 1.15189
-7.44696 -1.89903e-10 1.13089
-7.31271 -1.83716e-10 1.10988
-7.17846 -1.77608e-10 1.08887
-7.04421 -1.7159e-10 1.06786
-6.90997 -1.65646e-10 1.04685
-6.77573 -1.59791e-10 1.02584
-6.64149 -1.54018e-10 1.00483
-6.50725 -1.48333e-10 0.983818
-6.37302 -1.42732e-10 0.962808
-6.23879 -1.37219e-10 0.941797
-6.10457 -1.31797e-10 0.920787
-5.97035 -1.26465e-10 0.899776
-5.83613 -1.21228e-10 0.878765
-5.70191 -1.16077e-10 0.857753
-5.56769 -1.11032e-10 0.836742
-5.43348 -1.06076e-10 0.81573
-5.29927 -1.01212e-10 0.794719
-5.16507 -9.64553e-11 0.773707
-5.03087 -9.17889e-11 0.752695
-4.89666 -8.72293e-11 0.731683
-4.76247 -8.27696e-11 0.71067
-4.62827 -7.84104e-11 0.689658
-4.49408 -7.41589e-11 0.668645
-4.35989 -7.00082e-11 0.647632
-4.2257 -6.5969e-11 0.626619
-4.09152 -6.2034e-11 0.605605
-3.95734 -5.82082e-11 0.584592
-3.82316 -5.44935e-11 0.563578
-3.68898 -5.08881e-11 0.542565
-3.5548 -4.73979e-11 0.521551
-3.42063 -4.40186e-11 0.500537
-3.28646 -4.07554e-11 0.479522
-3.15229 -3.76077e-11 0.458508
-3.01813 -3.4575e-11 0.437494
-2.88397 -3.16671e-11 0.416479
-2.74981 -2.88728e-11 0.395464
-2.61565 -2.61997e-11 0.374449
-2.48149 -2.36491e-11 0.353434
-2.34734 -2.12267e-11 0.332418
-2.21319 -1.89263e-11 0.311403
-2.07904 -1.67504e-11 0.290387
-1.94489 -1.47051e-11 0.269371
-1.81075 -1.27776e-11 0.248355
-1.67661 -1.09862e-11 0.227339
-1.54247 -9.32466e-12 0.206323
-1.40833 -7.79848e-12 0.185307
-1.27419 -6.39906e-12 0.16429
-1.14006 -5.14373e-12 0.143273
-1.00593 -4.01039e-12 0.122256
-0.871796 -3.02078e-12 0.101239
-0.737668 -2.16904e-12 0.0802222
-0.603542 -1.45614e-12 0.0592048
-0.469418 -8.82508e-13 0.0381874
-0.335296 -4.52514e-13 0.0171698
-0.201176 -1.64601e-13 -0.00384798
-0.0670576 -1.83172e-14 -0.0248659
0.0670589 -1.95207e-14 -0.0458839
0.201174 -1.64596e-13 -0.0669021
0.335286 -4.59086e-13 -0.0879204
0.469398 -9.00297e-13 -0.108939
0.603507 -1.48861e-12 -0.129957
0.737614 -2.23724e-12 -0.150976
0.87172 -3.13497e-12 -0.171995
1.00582 -4.1812e-12 -0.193014
1.13993 -5.38754e-12 -0.214033
1.27403 -6.7506e-12 -0.235053
1.40813 -8.26459e-12 -0.256072
1.54222 -9.93918e-12 -0.277091
1.67632 -1.17783e-11 -0.298111
1.81042 -1.3771e-11 -0.319131
1.94451 -1.59283e-11 -0.340151
2.0786 -1.82522e-11 -0.361171
2.21269 -2.07344e-11 -0.382191
2.34678 -2.33905e-11 -0.403212
2.48087 -2.62089e-11 -0.424232
2.61495 -2.91962e-11 -0.445253
2.74904 -3.23513e-11 -0.466273
2.88312 -3.56777e-11 -0.487294
3.0172 -3.91783e-11 -0.508315
3.15128 -4.28501e-11 -0.529336
3.28536 -4.66983e-11 -0.550358
3.41944 -5.07133e-11 -0.571379
3.55351 -5.49172e-11 -0.5924
3.68759 -5.92919e-11 -0.613422
3.82166 -6.38461e-11 -0.634444
3.95574 -6.85837e-11 -0.655465
4.08981 -7.34967e-11 -0.676487
4.22388 -7.85989e-11 -0.69751
4.35795 -8.38839e-11 -0.718532
4.49202 -8.93526e-11 -0.739554
4.62608 -9.50069e-11 -0.760576
4.76015 -1.00855e-10 -0.781599
4.89422 -1.06883e-10 -0.802622
5.02828 -1.13107e-10 -0.823644
5.16234 -1.1952e-10 -0.844667
5.29641 -1.26121e-10 -0.86569
5.43047 -1.32929e-10 -0.886713
5.56453 -1.39921e-10 -0.907737
5.69859 -1.47112e-10 -0.92876
5.83265 -1.54498e-10 -0.949783
5.9667 -1.62088e-10 -0.970807
6.10076 -1.69876e-10 -0.991831
6.23482 -1.77859e-10 -1.01285
6.36887 -1.86052e-10 -1.03388
6.50293 -1.94447e-10 -1.0549
6.63698 -2.03047e-10 -1.07593
6.77104 -2.11846e-10 -1.09695
6.90509 -2.20861e-10 -1.11797
7.03914 -2.30076e-10 -1.139
7.17319 -2.39515e-10 -1.16002
7.30724 -2.49149e-10 -1.18105
7.44129 -2.58995e-10 -1.20207
7.57534 -2.69068e-10 -1.2231
7.70939 -2.79345e-10 -1.24412
7.84344 -2.89841e-10 -1.26515
7.97749 -3.00557e-10 -1.28617
8.11154 -3.1149e-10 -1.3072
8.24559 -3.22635e-10 -1.32822
8.37963 -3.34012e-10 -1.34925
8.51368 -3.45603e-10 -1.37027
8.64773 -3.57421e-10 -1.3913
8.78177 -3.69458e-10 -1.41232
8.91582 -3.81728e-10 -1.43335
9.04986 -3.94216e-10 -1.45438
9.18391 -4.0694e-10 -1.4754
9.31795 -4.19891e-10 -1.49643
9.452 -4.33077e-10 -1.51745
9.58604 -4.46502e-10 -1.53848
9.72009 -4.60123e-10 -1.55951
9.85413 -4.74006e-10 -1.58053
9.98817 -4.88114e-10 -1.60156
10.1222 -5.02481e-10 -1.62259
10.2563 -5.17076e-10 -1.64361
10.3903 -5.31882e-10 -1.66464
10.5243 -5.46954e-10 -1.68567
10.6584 -5.62254e-10 -1.70669
10.7924 -5.7782e-10 -1.72772
10.9265 -5.93607e-10 -1.74875
11.0605 -6.09643e-10 -1.76977
11.1946 -6.25933e-10 -1.7908
11.3286 -6.42467e-10 -1.81183
11.4627 -6.59248e-10 -1.83286
11.5967 -6.76297e-10 -1.85388
11.7307 -6.93594e-10 -1.87491
11.8648 -7.11124e-10 -1.89594
11.9988 -7.28902e-10 -1.91697
12.1329 -7.4694e-10 -1.93799
12.2669 -7.65273e-10 -1.95902
12.401 -7.83787e-10 -1.98005
12.535 -8.0262e-10 -2.00108
12.6691 -8.2173e-10 -2.02211
12.8031 -8.41034e-10 -2.04313
12.9372 -8.60645e-10 -2.06416
13.0712 -8.80507e-10 -2.08519
13.2053 -9.00664e-10 -2.10622
13.3393 -9.21041e-10 -2.12725
13.4733 -9.41678e-10 -2.14827
13.2723 -9.10798e-10 -2.11673
13.1382 -8.90553e-10 -2.0957
13.0042 -8.70536e-10 -2.07468
12.8701 -8.50814e-10 -2.05365
12.7361 -8.3137e-10 -2.03262
12.602 -8.12153e-10 -2.01159
12.468 -7.93164e-10 -1.99056
12.3339 -7.74485e-10 -1.96954
12.1999 -7.56069e-10 -1.94851
12.0659 -7.379e-10 -1.92748
11.9318 -7.19981e-10 -1.90645
11.7978 -7.0231e-10 -1.88542
11.6637 -6.84927e-10 -1.8644
11.5297 -6.6774e-10 -1.84337
11.3956 -6.50811e-10 -1.82234
11.2616 -6.34157e-10 -1.80132
11.1275 -6.17763e-10 -1.78029
10.9935 -6.0159e-10 -1.75926
10.8595 -5.85675e-10 -1.73823
10.7254 -5.70013e-10 -1.71721
10.5914 -5.54563e-10 -1.69618
10.4573 -5.39383e-10 -1.67515
10.3233 -5.24452e-10 -1.65413
10.1892 -5.09735e-10 -1.6331
10.0552 -4.9528e-10 -1.61207
9.92115 -4.81025e-10 -1.59105
9.78711 -4.67018e-10 -1.57002
9.65306 -4.53271e-10 -1.54899
9.51902 -4.39744e-10 -1.52797
9.38498 -4.26456e-10 -1.50694
9.25093 -4.13385e-10 -1.48592
9.11689 -4.00549e-10 -1.46489
8.98284 -3.87943e-10 -1.44386
8.8488 -3.75573e-10 -1.42284
8.71475 -3.6341e-10 -1.40181
8.5807 -3.51476e-10 -1.38079
8.44666 -3.39774e-10 -1.35976
8.31261 -3.28307e-10 -1.33874
8.17856 -3.17039e-10 -1.31771
8.04451 -3.05996e-10 -1.29669
7.91047 -2.95171e-10 -1.27566
7.77642 -2.84563e-10 -1.25463
7.64237 -2.74182e-10 -1.23361
7.50832 -2.64006e-10 -1.21259
7.37427 -2.5405e-10 -1.19156
7.24022 -2.44309e-10 -1.17054
7.10617 -2.34768e-10 -1.14951
6.97212 -2.25447e-10 -1.12849
6.83806 -2.16326e-10 -1.10746
6.70401 -2.07415e-10 -1.08644
6.56996 -1.98718e-10 -1.06541
6.4359 -1.90225e-10 -1.04439
6.30185 -1.81929e-10 -1.02337
6.16779 -1.73839e-10 -1.00234
6.03373 -1.65957e-10 -0.981319
5.89968 -1.5827e-10 -0.960295
5.76562 -1.50781e-10 -0.939272
5.63156 -1.4349e-10 -0.918248
5.4975 -1.36398e-10 -0.897225
5.36344 -1.29499e-10 -0.876202
5.22937 -1.22796e-10 -0.855179
5.09531 -1.16288e-10 -0.834156
4.96125 -1.09972e-10 -0.813133
4.82718 -1.03846e-10 -0.79211
4.69312 -9.79075e-11 -0.771088
4.55905 -9.21586e-11 -0.750065
4.42498 -8.65972e-11 -0.729043
4.29091 -8.1214e-11 -0.708021
4.15684 -7.60283e-11 -0.686998
4.02277 -7.10212e-11 -0.665976
3.8887 -6.61917e-11 -0.644955
3.75463 -6.15492e-11 -0.623933
3.62055 -5.70824e-11 -0.602911
3.48648 -5.27953e-11 -0.58189
3.3524 -4.86823e-11 -0.560868
3.21832 -4.47514e-11 -0.539847
3.08424 -4.09922e-11 -0.518826
2.95016 -3.74107e-11 -0.497805
2.81608 -3.39917e-11 -0.476784
2.68199 -3.07538e-11 -0.455763
2.54791 -2.76822e-11 -0.434742
2.41382 -2.47778e-11 -0.413722
2.27973 -2.20475e-11 -0.392701
2.14565 -1.94769e-11 -0.371681
2.01155 -1.70698e-11 -0.350661
1.87746 -1.48283e-11 -0.329641
1.74337 -1.27501e-11 -0.308621
1.60927 -1.08386e-11 -0.287601
1.47518 -9.08261e-12 -0.266582
1.34108 -7.48178e-12 -0.245562
1.20698 -6.04297e-12 -0.224543
1.07288 -4.76402e-12 -0.203524
0.938773 -3.63743e-12 -0.182505
0.804668 -2.66576e-12 -0.161486
0.670561 -1.84476e-12 -0.140467
0.536452 -1.17826e-12 -0.119448
0.402342 -6.61385e-13 -0.0984296
0.26823 -2.92654e-13 -0.0774112
0.134116 -7.10272e-14 -0.056393
9.12533e-07 -7.51276e-16 -0.0353749
-0.134117 -7.38386e-14 -0.0143569
-0.268236 -2.91129e-13 0.00666091
-0.402357 -6.51946e-13 0.0276786
-0.53648 -1.1554e-12 0.0486961
-0.670605 -1.7994e-12 0.0697135
-0.804732 -2.57913e-12 0.0907308
-0.938861 -3.50222e-12 0.111748
-1.07299 -4.55999e-12 0.132765
-1.20712 -5.75293e-12 0.153782
-1.34126 -7.08298e-12 0.174798
-1.4754 -8.54531e-12 0.195815
-1.60954 -1.01422e-11 0.216831
-1.74368 -1.18657e-11 0.237847
-1.87782 -1.37234e-11 0.258863
-2.01197 -1.57122e-11 0.279879
-2.14611 -1.78203e-11 0.300895
-2.28026 -2.00589e-11 0.321911
-2.41442 -2.24234e-11 0.342926
-2.54857 -2.49109e-11 0.363941
-2.68273 -2.7522e-11 0.384956
-2.81689 -3.02548e-11 0.405971
-2.95105 -3.31058e-11 0.426986
-3.08521 -3.60763e-11 0.448001
-3.21938 -3.91693e-11 0.469015
-3.35355 -4.23738e-11 0.49003
-3.48772 -4.56961e-11 0.511044
-3.62189 -4.91276e-11 0.532058
-3.75607 -5.26772e-11 0.553072
-3.89025 -5.63368e-11 0.574085
-4.02443 -6.01069e-11 0.595099
-4.15861 -6.39881e-11 0.616112
-4.2928 -6.79771e-11 0.637125
-4.42698 -7.20717e-11 0.658138
-4.56118 -7.62706e-11 0.679151
-4.69537 -8.05818e-11 0.700164
-4.82957 -8.49852e-11 0.721176
-4.96376 -8.94985e-11 0.742189
-5.09797 -9.41102e-11 0.763201
-5.23217 -9.88205e-11 0.784213
-5.36638 -1.03631e-10 0.805225
-5.50059 -1.08539e-10 0.826236
-5.6348 -1.13546e-10 0.847248
-5.76902 -1.18642e-10 0.868259
-5.90324 -1.23835e-10 0.88927
-6.03746 -1.29123e-10 0.910281
-6.17168 -1.34497e-10 0.931292
-6.30591 -1.39966e-10 0.952302
-6.44014 -1.45522e-10 0.973313
-6.57437 -1.51163e-10 0.994323
-6.70861 -1.56894e-10 1.01533
-6.84285 -1.62714e-10 1.03634
-6.97709 -1.68608e-10 1.05735
-7.11133 -1.74593e-10 1.07836
-7.24558 -1.80656e-10 1.09937
-7.37983 -1.86796e-10 1.12038
-7.51409 -1.93026e-10 1.14139
-7.64834 -1.99328e-10 1.1624
-7.7826 -2.05697e-10 1.18341
-7.91687 -2.12158e-10 1.20442
-8.05114 -2.18687e-10 1.22542
-8.18541 -2.2529e-10 1.24643
-8.31968 -2.31964e-10 1.26744
-8.45396 -2.38709e-10 1.28845
-8.58824 -2.45514e-10 1.30945
-8.72252 -2.52405e-10 1.33046
-8.85681 -2.59357e-10 1.35147
-8.9911 -2.66378e-10 1.37248
-9.12539 -2.73477e-10 1.39348
-9.25969 -2.8059e-10 1.41449
-9.39399 -2.87823e-10 1.4355
-9.52829 -2.95065e-10 1.4565
-9.6626 -3.02402e-10 1.47751
-9.79691 -3.09807e-10 1.49851
-9.93122 -3.17253e-10 1.51952
-10.0655 -3.24753e-10 1.54052
-10.1999 -3.32325e-10 1.56153
-10.3342 -3.39928e-10 1.58253
-10.4685 -3.47593e-10 1.60354
-10.6028 -3.55298e-10 1.62454
-10.7372 -3.63066e-10 1.64555
-10.8715 -3.70911e-10 1.66655
-11.0059 -3.78775e-10 1.68755
-11.1402 -3.86683e-10 1.70856
-11.2746 -3.94638e-10 1.72956
-11.4089 -4.02645e-10 1.75057
-11.5433 -4.10702e-10 1.77157
-11.6776 -4.18785e-10 1.79257
-11.812 -4.26947e-10 1.81357
-11.9464 -4.35068e-10 1.83458
-12.0808 -4.43322e-10 1.85558
-12.2151 -4.51525e-10 1.87658
-12.3495 -4.59816e-10 1.89758
-12.4839 -4.68154e-10 1.91858
-12.6183 -4.76533e-10 1.93959
-12.7527 -4.84883e-10 1.96059
-12.8871 -4.93309e-10 1.98159
-13.0215 -5.01753e-10 2.00259
-13.1559 -5.1023e-10 2.02359
-13.2903 -5.18724e-10 2.04459
-13.4247 -5.27274e-10 2.06559
-13.5591 -5.35829e-10 2.08659
-13.3575 -5.23005e-10 2.05509
-13.2231 -5.14493e-10 2.03409
-13.0887 -5.05979e-10 2.01309
-12.9543 -4.97555e-10 1.99209
-12.8199 -4.89108e-10 1.97109
-12.6855 -4.80726e-10 1.95009
-12.5511 -4.72358e-10 1.92908
-12.4167 -4.64006e-10 1.90808
-12.2823 -4.55697e-10 1.88708
-12.1479 -4.4745e-10 1.86608
-12.0136 -4.3921e-10 1.84508
-11.8792 -4.31056e-10 1.82408
-11.7448 -4.22864e-10 1.80307
-11.6105 -4.14718e-10 1.78207
-11.4761 -4.06668e-10 1.76107
-11.3417 -3.98621e-10 1.74006
-11.2074 -3.90665e-10 1.71906
-11.073 -3.8274e-10 1.69806
-10.9387 -3.74829e-10 1.67705
-10.8044 -3.66969e-10 1.65605
-10.67 -3.59188e-10 1.63504
-10.5357 -3.51474e-10 1.61404
-10.4014 -3.43749e-10 1.59304
-10.267 -3.36121e-10 1.57203
-10.1327 -3.28532e-10 1.55103
-9.99838 -3.21004e-10 1.53002
-9.86407 -3.13513e-10 1.50902
-9.72975 -3.06102e-10 1.48801
-9.59544 -2.98748e-10 1.467
-9.46114 -2.91442e-10 1.446
-9.32684 -2.84207e-10 1.42499
-9.19254 -2.77022e-10 1.40399
-9.05824 -2.69927e-10 1.38298
-8.92395 -2.62865e-10 1.36197
-8.78966 -2.55894e-10 1.34097
-8.65538 -2.48962e-10 1.31996
-8.5211 -2.4211e-10 1.29895
-8.38682 -2.35328e-10 1.27794
-8.25254 -2.28622e-10 1.25694
-8.11827 -2.21983e-10 1.23593
-7.984 -2.1542e-10 1.21492
-7.84974 -2.0892e-10 1.19391
-7.71547 -2.02513e-10 1.1729
-7.58121 -1.96166e-10 1.15189
-7.44696 -1.89898e-10 1.13089
-7.31271 -1.83717e-10 1.10988
-7.17846 -1.77614e-10 1.08887
-7.04421 -1.71584e-10 1.06786
-6.90997 -1.65651e-10 1.04685
-6.77573 -1.59794e-10 1.02584
-6.64149 -1.54018e-10 1.00483
-6.50725 -1.48328e-10 0.983818
-6.37302 -1.42729e-10 0.962808
-6.23879 -1.37223e-10 0.941797
-6.10457 -1.31801e-10 0.920787
-5.97035 -1.26468e-10 0.899776
-5.83613 -1.21226e-10 0.878765
-5.70191 -1.16084e-10 0.857753
-5.56769 -1.11033e-10 0.836742
-5.43348 -1.06074e-10 0.81573
-5.29927 -1.01216e-10 0.794719
-5.16507 -9.64554e-11 0.773707
-5.03087 -9.17926e-11 0.752695
-4.89666 -8.72319e-11 0.731683
-4.76247 -8.27683e-11 0.71067
-4.62827 -7.84151e-11 0.689658
-4.49408 -7.41622e-11 0.668645
-4.35989 -7.00126e-11 0.647632
-4.2257 -6.59654e-11 0.626619
-4.09152 -6.20361e-11 0.605605
-3.95734 -5.82131e-11 0.584592
-3.82316 -5.44941e-11 0.563578
-3.68898 -5.08921e-11 0.542565
-3.5548 -4.73969e-11 0.521551
-3.42063 -4.4017e-11 0.500537
-3.28646 -4.07539e-11 0.479522
-3.15229 -3.76065e-11 0.458508
-3.01813 -3.45772e-11 0.437494
-2.88397 -3.16667e-11 0.416479
-2.74981 -2.88722e-11 0.395464
-2.61565 -2.62023e-11 0.374449
-2.48149 -2.36519e-11 0.353434
-2.34734 -2.12262e-11 0.332418
-2.21319 -1.8926e-11 0.311403
-2.07904 -1.67528e-11 0.290387
-1.94489 -1.47004e-11 0.269371
-1.81075 -1.27802e-11 0.248355
-1.67661 -1.09904e-11 0.227339
-1.54247 -9.32794e-12 0.206323
-1.40833 -7.80062e-12 0.185307
-1.27419 -6.40265e-12 0.16429
-1.14006 -5.1366e-12 0.143273
-1.00593 -4.00941e-12 0.122256
-0.871796 -3.02102e-12 0.101239
-0.737668 -2.17223e-12 0.0802222
-0.603542 -1.45993e-12 0.0592048
-0.469418 -8.81223e-13 0.0381874
-0.335296 -4.5297e-13 0.0171698
-0.201176 -1.6386e-13 -0.00384798
-0.0670576 -1.98314e-14 -0.0248659
0.0670589 -1.98612e-14 -0.0458839
