-3.7492e-05 -1.81828e-06 -0.062256
0.829375 3.68873e-05 -0.0521255
1.38232 6.2667e-05 -0.045372
1.93527 8.84276e-05 -0.0386184
2.48822 0.000114169 -0.0318649
3.04117 0.000139891 -0.0251115
3.59413 0.000165594 -0.0183581
4.14709 0.000191278 -0.0116048
4.70005 0.000216943 -0.00485145
5.25301 0.000242588 0.00190182
5.80598 0.000268215 0.00865503
6.35895 0.000293822 0.0154082
6.91193 0.000319409 0.0221613
7.4649 0.000344978 0.0289144
8.01788 0.000370527 0.0356674
8.57086 0.000396058 0.0424204
9.12385 0.000421569 0.0491733
9.67684 0.00044706 0.0559262
10.2298 0.000472533 0.062679
10.7828 0.000497986 0.0694318
11.3358 0.00052342 0.0761845
10.5063 0.000485262 0.0660554
9.95333 0.000459799 0.0593026
9.40034 0.000434317 0.0525498
8.84736 0.000408816 0.0457969
8.29437 0.000383295 0.0390439
7.74139 0.000357755 0.0322909
7.18841 0.000332196 0.0255379
6.63544 0.000306618 0.0187848
6.08247 0.00028102 0.0120316
5.5295 0.000255404 0.00527843
4.97653 0.000229768 -0.00147481
4.42357 0.000204113 -0.0082281
3.87061 0.000178439 -0.0149814
3.31765 0.000152745 -0.0217348
2.76469 0.000127033 -0.0284882
2.21174 0.000101301 -0.0352417
1.65879 7.55497e-05 -0.0419952
1.10585 4.97795e-05 -0.0487487
0.552903 2.39902e-05 -0.0555023
-3.74929e-05 -1.8183e-06 -0.062256
-0.552975 -2.7646e-05 -0.0690096
-1.10591 -5.34928e-05 -0.0757633
-1.65884 -7.93588e-05 -0.0825171
-2.21177 -0.000105244 -0.0892709
-2.7647 -0.000131148 -0.0960247
-3.31762 -0.000157072 -0.102779
-3.87054 -0.000183014 -0.109532
-4.42346 -0.000208976 -0.116286
-4.97638 -0.000234957 -0.12304
-5.52929 -0.000260956 -0.129794
-6.0822 -0.000286976 -0.136548
-6.6351 -0.000313014 -0.143302
-7.18801 -0.000339071 -0.150056
-7.74091 -0.000365147 -0.156811
-8.29381 -0.000391243 -0.163565
-8.8467 -0.000417357 -0.170319
-9.39959 -0.000443491 -0.177073
-9.95248 -0.000469644 -0.183827
-10.5054 -0.000495816 -0.190582
-11.0583 -0.000522006 -0.197336
-11.6111 -0.000548216 -0.20409
-10.7818 -0.000508909 -0.193959
-10.2289 -0.000482727 -0.187204
-9.67604 -0.000456565 -0.18045
-9.12315 -0.000430422 -0.173696
-8.57025 -0.000404298 -0.166942
-8.01736 -0.000378193 -0.160188
-7.46446 -0.000352107 -0.153434
-6.91156 -0.00032604 -0.146679
-6.35865 -0.000299992 -0.139925
-5.80574 -0.000273964 -0.133171
-5.25283 -0.000247954 -0.126417
-4.69992 -0.000221964 -0.119663
-4.147 -0.000195993 -0.112909
-3.59408 -0.00017004 -0.106155
-3.04116 -0.000144107 -0.0994016
-2.48824 -0.000118194 -0.0926478
-1.93531 -9.22989e-05 -0.085894
-1.38238 -6.64234e-05 -0.0791402
-0.829443 -4.0567e-05 -0.0723865
-0.276507 -1.47297e-05 -0.0656328
0.276433 1.10883e-05 -0.0588791
0.829375 3.68873e-05 -0.0521255
1.38232 6.2667e-05 -0.045372
1.93527 8.84276e-05 -0.0386184
2.48822 0.000114169 -0.0318649
3.04117 0.000139891 -0.0251115
3.59413 0.000165594 -0.0183581
4.14709 0.000191278 -0.0116048
4.70005 0.000216943 -0.00485145
5.25301 0.000242588 0.00190182
5.80598 0.000268215 0.00865503
6.35895 0.000293822 0.0154082
6.91193 0.000319409 0.0221613
7.4649 0.000344978 0.0289144
8.01788 0.000370527 0.0356674
8.57086 0.000396058 0.0424204
9.12385 0.000421569 0.0491733
9.67684 0.00044706 0.0559262
10.2298 0.000472533 0.062679
10.7828 0.000497986 0.0694318
11.3358 0.00052342 0.0761845
11.8888 0.000548835 0.0829372
12.4418 0.000574231 0.0896898
12.9948 0.000599607 0.0964423
13.5478 0.000624964 0.103195
14.1008 0.000650302 0.109947
14.6539 0.00067562 0.1167
15.2069 0.000700919 0.123452
15.7599 0.000726199 0.130204
16.3129 0.00075146 0.136956
16.8659 0.000776701 0.143709
17.419 0.000801924 0.150461
17.972 0.000827126 0.157213
18.525 0.00085231 0.163965
19.0781 0.000877474 0.170716
19.6311 0.000902619 0.177468
20.1841 0.000927745 0.18422
20.7372 0.000952851 0.190972
21.2902 0.000977938 0.197723
21.8433 0.00100301 0.204475
22.3963 0.00102805 0.211226
21.5668 0.000990474 0.201099
21.0137 0.000965397 0.194348
20.4607 0.0009403 0.187596
19.9076 0.000915184 0.180844
19.3546 0.000890049 0.174092
18.8015 0.000864894 0.167341
18.2485 0.000839721 0.160589
17.6955 0.000814527 0.153837
17.1425 0.000789315 0.147085
16.5894 0.000764083 0.140332
16.0364 0.000738832 0.13358
15.4834 0.000713562 0.126828
14.9304 0.000688272 0.120076
14.3773 0.000662963 0.113323
13.8243 0.000637635 0.106571
13.2713 0.000612288 0.0998186
12.7183 0.000586921 0.093066
12.1653 0.000561535 0.0863135
11.6123 0.00053613 0.0795608
11.0593 0.000510706 0.0728081
10.5063 0.000485262 0.0660554
9.95333 0.000459799 0.0593026
9.40034 0.000434317 0.0525498
8.84736 0.000408816 0.0457969
8.29437 0.000383295 0.0390439
7.74139 0.000357755 0.0322909
7.18841 0.000332196 0.0255379
6.63544 0.000306618 0.0187848
6.08247 0.00028102 0.0120316
5.5295 0.000255404 0.00527843
4.97653 0.000229768 -0.00147481
4.42357 0.000204113 -0.0082281
3.87061 0.000178439 -0.0149814
3.31765 0.000152745 -0.0217348
2.76469 0.000127033 -0.0284882
2.21174 0.000101301 -0.0352417
1.65879 7.55497e-05 -0.0419952
1.10585 4.97795e-05 -0.0487487
0.552903 2.39902e-05 -0.0555023
-3.74929e-05 -1.8183e-06 -0.062256
-0.552975 -2.7646e-05 -0.0690096
-1.10591 -5.34928e-05 -0.0757633
-1.65884 -7.93588e-05 -0.0825171
-2.21177 -0.000105244 -0.0892709
-2.7647 -0.000131148 -0.0960247
-3.31762 -0.000157072 -0.102779
-3.87054 -0.000183014 -0.109532
-4.42346 -0.000208976 -0.116286
-4.97638 -0.000234957 -0.12304
-5.52929 -0.000260956 -0.129794
-6.0822 -0.000286976 -0.136548
-6.6351 -0.000313014 -0.143302
-7.18801 -0.000339071 -0.150056
-7.74091 -0.000365147 -0.156811
-8.29381 -0.000391243 -0.163565
-8.8467 -0.000417357 -0.170319
-9.39959 -0.000443491 -0.177073
-9.95248 -0.000469644 -0.183827
-10.5054 -0.000495816 -0.190582
-11.0583 -0.000522006 -0.197336
-11.6111 -0.000548216 -0.20409
-12.164 -0.000574445 -0.210845
-12.7169 -0.000600694 -0.217599
-13.2698 -0.000626961 -0.224353
-13.8226 -0.000653247 -0.231108
-14.3755 -0.000679552 -0.237862
-14.9284 -0.000705877 -0.244617
-15.4812 -0.00073222 -0.251371
-16.0341 -0.000758582 -0.258126
-16.5869 -0.000784964 -0.26488
-17.1398 -0.000811364 -0.271635
-17.6926 -0.000837784 -0.278389
-18.2455 -0.000864222 -0.285144
-18.7983 -0.00089068 -0.291898
-19.3512 -0.000917156 -0.298653
-19.904 -0.000943652 -0.305407
-20.4568 -0.000970166 -0.312162
-21.0097 -0.0009967 -0.318917
-21.5625 -0.00102325 -0.325671
-22.1153 -0.00104982 -0.332426
-22.6682 -0.00107641 -0.339181
-21.8389 -0.00103654 -0.329049
-21.2861 -0.00100997 -0.322294
-20.7333 -0.00098343 -0.315539
-20.1804 -0.000956906 -0.308785
-19.6276 -0.000930401 -0.30203
-19.0747 -0.000903915 -0.295276
-18.5219 -0.000877448 -0.288521
-17.9691 -0.000851 -0.281766
-17.4162 -0.000824571 -0.275012
-16.8634 -0.000798161 -0.268257
-16.3105 -0.000771771 -0.261503
-15.7577 -0.000745399 -0.254748
-15.2048 -0.000719046 -0.247994
-14.6519 -0.000692712 -0.241239
-14.0991 -0.000666397 -0.234485
-13.5462 -0.000640101 -0.227731
-12.9933 -0.000613825 -0.220976
-12.4405 -0.000587567 -0.214222
-11.8876 -0.000561329 -0.207467
-11.3347 -0.000535109 -0.200713
-10.7818 -0.000508909 -0.193959
-10.2289 -0.000482727 -0.187204
-9.67604 -0.000456565 -0.18045
-9.12315 -0.000430422 -0.173696
-8.57025 -0.000404298 -0.166942
-8.01736 -0.000378193 -0.160188
-7.46446 -0.000352107 -0.153434
-6.91156 -0.00032604 -0.146679
-6.35865 -0.000299992 -0.139925
-5.80574 -0.000273964 -0.133171
-5.25283 -0.000247954 -0.126417
-4.69992 -0.000221964 -0.119663
-4.147 -0.000195993 -0.112909
-3.59408 -0.00017004 -0.106155
-3.04116 -0.000144107 -0.0994016
-2.48824 -0.000118194 -0.0926478
-1.93531 -9.22989e-05 -0.085894
-1.38238 -6.64234e-05 -0.0791402
-0.829443 -4.0567e-05 -0.0723865
-0.276507 -1.47297e-05 -0.0656328
0.276433 1.10883e-05 -0.0588791
0.829375 3.68873e-05 -0.0521255
1.38232 6.2667e-05 -0.045372
1.93527 8.84276e-05 -0.0386184
2.48822 0.000114169 -0.0318649
3.04117 0.000139891 -0.0251115
3.59413 0.000165594 -0.0183581
4.14709 0.000191278 -0.0116048
4.70005 0.000216943 -0.00485145
5.25301 0.000242588 0.00190182
5.80598 0.000268215 0.00865503
6.35895 0.000293822 0.0154082
6.91193 0.000319409 0.0221613
7.4649 0.000344978 0.0289144
8.01788 0.000370527 0.0356674
8.57086 0.000396058 0.0424204
9.12385 0.000421569 0.0491733
9.67684 0.00044706 0.0559262
10.2298 0.000472533 0.062679
10.7828 0.000497986 0.0694318
11.3358 0.00052342 0.0761845
11.8888 0.000548835 0.0829372
12.4418 0.000574231 0.0896898
12.9948 0.000599607 0.0964423
13.5478 0.000624964 0.103195
14.1008 0.000650302 0.109947
14.6539 0.00067562 0.1167
15.2069 0.000700919 0.123452
15.7599 0.000726199 0.130204
16.3129 0.00075146 0.136956
16.8659 0.000776701 0.143709
17.419 0.000801924 0.150461
17.972 0.000827126 0.157213
18.525 0.00085231 0.163965
19.0781 0.000877474 0.170716
19.6311 0.000902619 0.177468
20.1841 0.000927745 0.18422
20.7372 0.000952851 0.190972
21.2902 0.000977938 0.197723
21.8433 0.00100301 0.204475
22.3963 0.00102805 0.211226
22.9494 0.00105308 0.217978
23.5025 0.00107809 0.224729
24.0555 0.00110308 0.231481
24.6086 0.00112805 0.238232
25.1617 0.00115301 0.244983
25.7147 0.00117794 0.251734
26.2678 0.00120285 0.258485
26.8209 0.00122775 0.265236
27.374 0.00125262 0.271987
27.927 0.00127747 0.278738
28.4801 0.00130231 0.285488
29.0332 0.00132713 0.292239
29.5863 0.00135192 0.29899
30.1394 0.0013767 0.30574
30.6925 0.00140146 0.31249
31.2456 0.0014262 0.319241
31.7987 0.00145092 0.325991
32.3518 0.00147562 0.332741
32.9049 0.0015003 0.339491
33.458 0.00152496 0.346241
34.0111 0.0015496 0.352991
34.5643 0.00157422 0.359741
35.1174 0.00159883 0.366491
35.6705 0.00162341 0.37324
36.2236 0.00164798 0.37999
36.7767 0.00167252 0.38674
37.3299 0.00169705 0.393489
37.883 0.00172155 0.400238
38.4361 0.00174604 0.406987
38.9893 0.00177051 0.413737
39.5424 0.00179495 0.420486
40.0956 0.00181938 0.427235
40.6487 0.00184379 0.433984
41.2019 0.00186818 0.440732
41.755 0.00189255 0.447481
42.3082 0.0019169 0.45423
42.8613 0.00194123 0.460978
43.4145 0.00196555 0.467727
43.9677 0.00198984 0.474475
44.5208 0.00201411 0.481223
43.6911 0.00197769 0.471101
43.1379 0.00195339 0.464352
42.5848 0.00192907 0.457604
42.0316 0.00190473 0.450855
41.4785 0.00188037 0.444107
40.9253 0.00185599 0.437358
40.3722 0.00183159 0.430609
39.819 0.00180717 0.42386
39.2659 0.00178273 0.417111
38.7127 0.00175828 0.410362
38.1596 0.0017338 0.403613
37.6064 0.0017093 0.396864
37.0533 0.00168479 0.390114
36.5002 0.00166025 0.383365
35.9471 0.0016357 0.376615
35.3939 0.00161112 0.369866
34.8408 0.00158653 0.363116
34.2877 0.00156192 0.356366
33.7346 0.00153728 0.349616
33.1815 0.00151263 0.342866
32.6284 0.00148796 0.336116
32.0752 0.00146327 0.329366
31.5221 0.00143856 0.322616
30.969 0.00141383 0.315866
30.4159 0.00138908 0.309115
29.8629 0.00136432 0.302365
29.3098 0.00133953 0.295614
28.7567 0.00131472 0.288864
28.2036 0.0012899 0.282113
27.6505 0.00126505 0.275362
27.0974 0.00124019 0.268611
26.5443 0.0012153 0.261861
25.9913 0.0011904 0.25511
25.4382 0.00116547 0.248358
24.8851 0.00114053 0.241607
24.3321 0.00111557 0.234856
23.779 0.00109059 0.228105
23.2259 0.00106559 0.221354
22.6729 0.00104057 0.214602
22.1198 0.00101553 0.207851
21.5668 0.000990474 0.201099
21.0137 0.000965397 0.194348
20.4607 0.0009403 0.187596
19.9076 0.000915184 0.180844
19.3546 0.000890049 0.174092
18.8015 0.000864894 0.167341
18.2485 0.000839721 0.160589
17.6955 0.000814527 0.153837
17.1425 0.000789315 0.147085
16.5894 0.000764083 0.140332
16.0364 0.000738832 0.13358
15.4834 0.000713562 0.126828
14.9304 0.000688272 0.120076
14.3773 0.000662963 0.113323
13.8243 0.000637635 0.106571
13.2713 0.000612288 0.0998186
12.7183 0.000586921 0.093066
12.1653 0.000561535 0.0863135
11.6123 0.00053613 0.0795608
11.0593 0.000510706 0.0728081
10.5063 0.000485262 0.0660554
9.95333 0.000459799 0.0593026
9.40034 0.000434317 0.0525498
8.84736 0.000408816 0.0457969
8.29437 0.000383295 0.0390439
7.74139 0.000357755 0.0322909
7.18841 0.000332196 0.0255379
6.63544 0.000306618 0.0187848
6.08247 0.00028102 0.0120316
5.5295 0.000255404 0.00527843
4.97653 0.000229768 -0.00147481
4.42357 0.000204113 -0.0082281
3.87061 0.000178439 -0.0149814
3.31765 0.000152745 -0.0217348
2.76469 0.000127033 -0.0284882
2.21174 0.000101301 -0.0352417
1.65879 7.55497e-05 -0.0419952
1.10585 4.97795e-05 -0.0487487
0.552903 2.39902e-05 -0.0555023
-3.74929e-05 -1.8183e-06 -0.062256
-0.552975 -2.7646e-05 -0.0690096
-1.10591 -5.34928e-05 -0.0757633
-1.65884 -7.93588e-05 -0.0825171
-2.21177 -0.000105244 -0.0892709
-2.7647 -0.000131148 -0.0960247
-3.31762 -0.000157072 -0.102779
-3.87054 -0.000183014 -0.109532
-4.42346 -0.000208976 -0.116286
-4.97638 -0.000234957 -0.12304
-5.52929 -0.000260956 -0.129794
-6.0822 -0.000286976 -0.136548
-6.6351 -0.000313014 -0.143302
-7.18801 -0.000339071 -0.150056
-7.74091 -0.000365147 -0.156811
-8.29381 -0.000391243 -0.163565
-8.8467 -0.000417357 -0.170319
-9.39959 -0.000443491 -0.177073
-9.95248 -0.000469644 -0.183827
-10.5054 -0.000495816 -0.190582
-11.0583 -0.000522006 -0.197336
-11.6111 -0.000548216 -0.20409
-12.164 -0.000574445 -0.210845
-12.7169 -0.000600694 -0.217599
-13.2698 -0.000626961 -0.224353
-13.8226 -0.000653247 -0.231108
-14.3755 -0.000679552 -0.237862
-14.9284 -0.000705877 -0.244617
-15.4812 -0.00073222 -0.251371
-16.0341 -0.000758582 -0.258126
-16.5869 -0.000784964 -0.26488
-17.1398 -0.000811364 -0.271635
-17.6926 -0.000837784 -0.278389
-18.2455 -0.000864222 -0.285144
-18.7983 -0.00089068 -0.291898
-19.3512 -0.000917156 -0.298653
-19.904 -0.000943652 -0.305407
-20.4568 -0.000970166 -0.312162
-21.0097 -0.0009967 -0.318917
-21.5625 -0.00102325 -0.325671
-22.1153 -0.00104982 -0.332426
-22.6682 -0.00107641 -0.339181
-23.221 -0.00110302 -0.345935
-23.7738 -0.00112965 -0.35269
-24.3266 -0.0011563 -0.359445
-24.8794 -0.00118297 -0.3662
-25.4322 -0.00120965 -0.372954
-25.985 -0.00123635 -0.379709
-26.5378 -0.00126308 -0.386464
-27.0906 -0.00128982 -0.393218
-27.6434 -0.00131658 -0.399973
-28.1962 -0.00134336 -0.406728
-28.749 -0.00137016 -0.413483
-29.3018 -0.00139698 -0.420237
-29.8546 -0.00142381 -0.426992
-30.4074 -0.00145067 -0.433747
-30.9602 -0.00147754 -0.440502
-31.513 -0.00150444 -0.447257
-32.0657 -0.00153135 -0.454011
-32.6185 -0.00155828 -0.460766
-33.1713 -0.00158523 -0.467521
-33.724 -0.0016122 -0.474276
-34.2768 -0.00163919 -0.48103
-34.8296 -0.00166619 -0.487785
-35.3823 -0.00169322 -0.49454
-35.9351 -0.00172026 -0.501295
-36.4878 -0.00174733 -0.508049
-37.0406 -0.00177441 -0.514804
-37.5933 -0.00180151 -0.521559
-38.1461 -0.00182863 -0.528313
-38.6988 -0.00185577 -0.535068
-39.2516 -0.00188293 -0.541823
-39.8043 -0.0019101 -0.548577
-40.357 -0.0019373 -0.555332
-40.9098 -0.00196451 -0.562087
-41.4625 -0.00199174 -0.568841
-42.0152 -0.002019 -0.575596
-42.5679 -0.00204627 -0.582351
-43.1207 -0.00207356 -0.589105
-43.6734 -0.00210086 -0.59586
-44.2261 -0.00212819 -0.602614
-44.7788 -0.00215554 -0.609369
-43.9497 -0.00211452 -0.599237
-43.397 -0.00208721 -0.592483
-42.8443 -0.00205991 -0.585728
-42.2916 -0.00203263 -0.578973
-41.7389 -0.00200537 -0.572219
-41.1861 -0.00197813 -0.565464
-40.6334 -0.0019509 -0.558709
-40.0807 -0.0019237 -0.551955
-39.5279 -0.00189651 -0.5452
-38.9752 -0.00186935 -0.538445
-38.4225 -0.0018422 -0.531691
-37.8697 -0.00181507 -0.524936
-37.317 -0.00178796 -0.518181
-36.7642 -0.00176087 -0.511427
-36.2115 -0.00173379 -0.504672
-35.6587 -0.00170674 -0.497917
-35.1059 -0.00167971 -0.491162
-34.5532 -0.00165269 -0.484408
-34.0004 -0.00162569 -0.477653
-33.4477 -0.00159871 -0.470898
-32.8949 -0.00157175 -0.464143
-32.3421 -0.00154481 -0.457389
-31.7893 -0.00151789 -0.450634
-31.2366 -0.00149099 -0.443879
-30.6838 -0.0014641 -0.437124
-30.131 -0.00143724 -0.43037
-29.5782 -0.00141039 -0.423615
-29.0254 -0.00138357 -0.41686
-28.4726 -0.00135676 -0.410105
-27.9198 -0.00132997 -0.403351
-27.367 -0.0013032 -0.396596
-26.8142 -0.00127645 -0.389841
-26.2614 -0.00124971 -0.383086
-25.7086 -0.001223 -0.376332
-25.1558 -0.00119631 -0.369577
-24.603 -0.00116963 -0.362822
-24.0502 -0.00114297 -0.356067
-23.4974 -0.00111634 -0.349313
-22.9446 -0.00108972 -0.342558
-22.3917 -0.00106312 -0.335803
-21.8389 -0.00103654 -0.329049
-21.2861 -0.00100997 -0.322294
-20.7333 -0.00098343 -0.315539
-20.1804 -0.000956906 -0.308785
-19.6276 -0.000930401 -0.30203
-19.0747 -0.000903915 -0.295276
-18.5219 -0.000877448 -0.288521
-17.9691 -0.000851 -0.281766
-17.4162 -0.000824571 -0.275012
-16.8634 -0.000798161 -0.268257
-16.3105 -0.000771771 -0.261503
-15.7577 -0.000745399 -0.254748
-15.2048 -0.000719046 -0.247994
-14.6519 -0.000692712 -0.241239
-14.0991 -0.000666397 -0.234485
-13.5462 -0.000640101 -0.227731
-12.9933 -0.000613825 -0.220976
-12.4405 -0.000587567 -0.214222
-11.8876 -0.000561329 -0.207467
-11.3347 -0.000535109 -0.200713
-10.7818 -0.000508909 -0.193959
-10.2289 -0.000482727 -0.187204
-9.67604 -0.000456565 -0.18045
-9.12315 -0.000430422 -0.173696
-8.57025 -0.000404298 -0.166942
-8.01736 -0.000378193 -0.160188
-7.46446 -0.000352107 -0.153434
-6.91156 -0.00032604 -0.146679
-6.35865 -0.000299992 -0.139925
-5.80574 -0.000273964 -0.133171
-5.25283 -0.000247954 -0.126417
-4.69992 -0.000221964 -0.119663
-4.147 -0.000195993 -0.112909
-3.59408 -0.00017004 -0.106155
-3.04116 -0.000144107 -0.0994016
-2.48824 -0.000118194 -0.0926478
-1.93531 -9.22989e-05 -0.085894
-1.38238 -6.64234e-05 -0.0791402
-0.829443 -4.0567e-05 -0.0723865
-0.276507 -1.47297e-05 -0.0656328
0.276433 1.10883e-05 -0.0588791
0.829375 3.68873e-05 -0.0521255
1.38232 6.2667e-05 -0.045372
1.93527 8.84276e-05 -0.0386184
2.48822 0.000114169 -0.0318649
3.04117 0.000139891 -0.0251115
3.59413 0.000165594 -0.0183581
4.14709 0.000191278 -0.0116048
4.70005 0.000216943 -0.00485145
5.25301 0.000242588 0.00190182
5.80598 0.000268215 0.00865503
6.35895 0.000293822 0.0154082
6.91193 0.000319409 0.0221613
7.4649 0.000344978 0.0289144
8.01788 0.000370527 0.0356674
8.57086 0.000396058 0.0424204
9.12385 0.000421569 0.0491733
9.67684 0.00044706 0.0559262
10.2298 0.000472533 0.062679
10.7828 0.000497986 0.0694318
11.3358 0.00052342 0.0761845
11.8888 0.000548835 0.0829372
12.4418 0.000574231 0.0896898
12.9948 0.000599607 0.0964423
13.5478 0.000624964 0.103195
14.1008 0.000650302 0.109947
14.6539 0.00067562 0.1167
15.2069 0.000700919 0.123452
15.7599 0.000726199 0.130204
16.3129 0.00075146 0.136956
16.8659 0.000776701 0.143709
17.419 0.000801924 0.150461
17.972 0.000827126 0.157213
18.525 0.00085231 0.163965
19.0781 0.000877474 0.170716
19.6311 0.000902619 0.177468
20.1841 0.000927745 0.18422
20.7372 0.000952851 0.190972
21.2902 0.000977938 0.197723
21.8433 0.00100301 0.204475
22.3963 0.00102805 0.211226
22.9494 0.00105308 0.217978
23.5025 0.00107809 0.224729
24.0555 0.00110308 0.231481
24.6086 0.00112805 0.238232
25.1617 0.00115301 0.244983
25.7147 0.00117794 0.251734
26.2678 0.00120285 0.258485
26.8209 0.00122775 0.265236
27.374 0.00125262 0.271987
27.927 0.00127747 0.278738
28.4801 0.00130231 0.285488
29.0332 0.00132713 0.292239
29.5863 0.00135192 0.29899
30.1394 0.0013767 0.30574
30.6925 0.00140146 0.31249
31.2456 0.0014262 0.319241
31.7987 0.00145092 0.325991
32.3518 0.00147562 0.332741
32.9049 0.0015003 0.339491
33.458 0.00152496 0.346241
34.0111 0.0015496 0.352991
34.5643 0.00157422 0.359741
35.1174 0.00159883 0.366491
35.6705 0.00162341 0.37324
36.2236 0.00164798 0.37999
36.7767 0.00167252 0.38674
37.3299 0.00169705 0.393489
37.883 0.00172155 0.400238
38.4361 0.00174604 0.406987
38.9893 0.00177051 0.413737
39.5424 0.00179495 0.420486
40.0956 0.00181938 0.427235
40.6487 0.00184379 0.433984
41.2019 0.00186818 0.440732
41.755 0.00189255 0.447481
42.3082 0.0019169 0.45423
42.8613 0.00194123 0.460978
43.4145 0.00196555 0.467727
43.9677 0.00198984 0.474475
44.5208 0.00201411 0.481223
45.074 0.00203836 0.487971
45.6272 0.0020626 0.494719
46.1804 0.00208681 0.501467
46.7335 0.00211101 0.508215
47.2867 0.00213518 0.514963
47.8399 0.00215934 0.52171
48.3931 0.00218348 0.528458
48.9463 0.00220759 0.535205
49.4995 0.00223169 0.541953
50.0527 0.00225577 0.5487
50.6059 0.00227983 0.555447
51.1591 0.00230387 0.562194
51.7123 0.00232789 0.568941
52.2655 0.00235189 0.575688
52.8187 0.00237587 0.582435
53.3719 0.00239983 0.589181
53.9252 0.00242377 0.595928
54.4784 0.00244769 0.602674
55.0316 0.0024716 0.60942
55.5848 0.00249548 0.616167
54.755 0.00245965 0.606047
54.2018 0.00243574 0.599301
53.6485 0.0024118 0.592554
53.0953 0.00238785 0.585808
52.5421 0.00236388 0.579061
51.9889 0.00233989 0.572315
51.4357 0.00231588 0.565568
50.8825 0.00229185 0.558821
50.3293 0.0022678 0.552074
49.7761 0.00224373 0.545326
49.2229 0.00221964 0.538579
48.6697 0.00219554 0.531832
48.1165 0.00217141 0.525084
47.5633 0.00214726 0.518337
47.0101 0.0021231 0.511589
46.457 0.00209891 0.504841
45.9038 0.00207471 0.498093
45.3506 0.00205048 0.491345
44.7974 0.00202624 0.484597
44.2443 0.00200198 0.477849
43.6911 0.00197769 0.471101
43.1379 0.00195339 0.464352
42.5848 0.00192907 0.457604
42.0316 0.00190473 0.450855
41.4785 0.00188037 0.444107
40.9253 0.00185599 0.437358
40.3722 0.00183159 0.430609
39.819 0.00180717 0.42386
39.2659 0.00178273 0.417111
38.7127 0.00175828 0.410362
38.1596 0.0017338 0.403613
37.6064 0.0017093 0.396864
37.0533 0.00168479 0.390114
36.5002 0.00166025 0.383365
35.9471 0.0016357 0.376615
35.3939 0.00161112 0.369866
34.8408 0.00158653 0.363116
34.2877 0.00156192 0.356366
33.7346 0.00153728 0.349616
33.1815 0.00151263 0.342866
32.6284 0.00148796 0.336116
32.0752 0.00146327 0.329366
31.5221 0.00143856 0.322616
30.969 0.00141383 0.315866
30.4159 0.00138908 0.309115
29.8629 0.00136432 0.302365
29.3098 0.00133953 0.295614
28.7567 0.00131472 0.288864
28.2036 0.0012899 0.282113
27.6505 0.00126505 0.275362
27.0974 0.00124019 0.268611
26.5443 0.0012153 0.261861
25.9913 0.0011904 0.25511
25.4382 0.00116547 0.248358
24.8851 0.00114053 0.241607
24.3321 0.00111557 0.234856
23.779 0.00109059 0.228105
23.2259 0.00106559 0.221354
22.6729 0.00104057 0.214602
22.1198 0.00101553 0.207851
21.5668 0.000990474 0.201099
21.0137 0.000965397 0.194348
20.4607 0.0009403 0.187596
19.9076 0.000915184 0.180844
19.3546 0.000890049 0.174092
18.8015 0.000864894 0.167341
18.2485 0.000839721 0.160589
17.6955 0.000814527 0.153837
17.1425 0.000789315 0.147085
16.5894 0.000764083 0.140332
16.0364 0.000738832 0.13358
15.4834 0.000713562 0.126828
14.9304 0.000688272 0.120076
14.3773 0.000662963 0.113323
13.8243 0.000637635 0.106571
13.2713 0.000612288 0.0998186
12.7183 0.000586921 0.093066
12.1653 0.000561535 0.0863135
11.6123 0.00053613 0.0795608
11.0593 0.000510706 0.0728081
10.5063 0.000485262 0.0660554
9.95333 0.000459799 0.0593026
9.40034 0.000434317 0.0525498
8.84736 0.000408816 0.0457969
8.29437 0.000383295 0.0390439
7.74139 0.000357755 0.0322909
7.18841 0.000332196 0.0255379
6.63544 0.000306618 0.0187848
6.08247 0.00028102 0.0120316
5.5295 0.000255404 0.00527843
4.97653 0.000229768 -0.00147481
4.42357 0.000204113 -0.0082281
3.87061 0.000178439 -0.0149814
3.31765 0.000152745 -0.0217348
2.76469 0.000127033 -0.0284882
2.21174 0.000101301 -0.0352417
1.65879 7.55497e-05 -0.0419952
1.10585 4.97795e-05 -0.0487487
0.552903 2.39902e-05 -0.0555023
-3.74929e-05 -1.8183e-06 -0.062256
-0.552975 -2.7646e-05 -0.0690096
-1.10591 -5.34928e-05 -0.0757633
-1.65884 -7.93588e-05 -0.0825171
-2.21177 -0.000105244 -0.0892709
-2.7647 -0.000131148 -0.0960247
-3.31762 -0.000157072 -0.102779
-3.87054 -0.000183014 -0.109532
-4.42346 -0.000208976 -0.116286
-4.97638 -0.000234957 -0.12304
-5.52929 -0.000260956 -0.129794
-6.0822 -0.000286976 -0.136548
-6.6351 -0.000313014 -0.143302
-7.18801 -0.000339071 -0.150056
-7.74091 -0.000365147 -0.156811
-8.29381 -0.000391243 -0.163565
-8.8467 -0.000417357 -0.170319
-9.39959 -0.000443491 -0.177073
-9.95248 -0.000469644 -0.183827
-10.5054 -0.000495816 -0.190582
-11.0583 -0.000522006 -0.197336
-11.6111 -0.000548216 -0.20409
-12.164 -0.000574445 -0.210845
-12.7169 -0.000600694 -0.217599
-13.2698 -0.000626961 -0.224353
-13.8226 -0.000653247 -0.231108
-14.3755 -0.000679552 -0.237862
-14.9284 -0.000705877 -0.244617
-15.4812 -0.00073222 -0.251371
-16.0341 -0.000758582 -0.258126
-16.5869 -0.000784964 -0.26488
-17.1398 -0.000811364 -0.271635
-17.6926 -0.000837784 -0.278389
-18.2455 -0.000864222 -0.285144
-18.7983 -0.00089068 -0.291898
-19.3512 -0.000917156 -0.298653
-19.904 -0.000943652 -0.305407
-20.4568 -0.000970166 -0.312162
-21.0097 -0.0009967 -0.318917
-21.5625 -0.00102325 -0.325671
-22.1153 -0.00104982 -0.332426
-22.6682 -0.00107641 -0.339181
-23.221 -0.00110302 -0.345935
-23.7738 -0.00112965 -0.35269
-24.3266 -0.0011563 -0.359445
-24.8794 -0.00118297 -0.3662
-25.4322 -0.00120965 -0.372954
-25.985 -0.00123635 -0.379709
-26.5378 -0.00126308 -0.386464
-27.0906 -0.00128982 -0.393218
-27.6434 -0.00131658 -0.399973
-28.1962 -0.00134336 -0.406728
-28.749 -0.00137016 -0.413483
-29.3018 -0.00139698 -0.420237
-29.8546 -0.00142381 -0.426992
-30.4074 -0.00145067 -0.433747
-30.9602 -0.00147754 -0.440502
-31.513 -0.00150444 -0.447257
-32.0657 -0.00153135 -0.454011
-32.6185 -0.00155828 -0.460766
-33.1713 -0.00158523 -0.467521
-33.724 -0.0016122 -0.474276
-34.2768 -0.00163919 -0.48103
-34.8296 -0.00166619 -0.487785
-35.3823 -0.00169322 -0.49454
-35.9351 -0.00172026 -0.501295
-36.4878 -0.00174733 -0.508049
-37.0406 -0.00177441 -0.514804
-37.5933 -0.00180151 -0.521559
-38.1461 -0.00182863 -0.528313
-38.6988 -0.00185577 -0.535068
-39.2516 -0.00188293 -0.541823
-39.8043 -0.0019101 -0.548577
-40.357 -0.0019373 -0.555332
-40.9098 -0.00196451 -0.562087
-41.4625 -0.00199174 -0.568841
-42.0152 -0.002019 -0.575596
-42.5679 -0.00204627 -0.582351
-43.1207 -0.00207356 -0.589105
-43.6734 -0.00210086 -0.59586
-44.2261 -0.00212819 -0.602614
-44.7788 -0.00215554 -0.609369
-45.3315 -0.0021829 -0.616123
-45.8842 -0.00221028 -0.622878
-46.4369 -0.00223768 -0.629632
-46.9896 -0.0022651 -0.636387
-47.5423 -0.00229254 -0.643141
-48.095 -0.00232 -0.649896
-48.6477 -0.00234748 -0.65665
-49.2004 -0.00237497 -0.663405
-49.7531 -0.00240249 -0.670159
-50.3058 -0.00243002 -0.676913
-50.8584 -0.00245757 -0.683668
-51.4111 -0.00248514 -0.690422
-51.9638 -0.00251273 -0.697176
-52.5165 -0.00254034 -0.70393
-53.0691 -0.00256796 -0.710685
-53.6218 -0.00259561 -0.717439
-54.1745 -0.00262327 -0.724193
-54.7271 -0.00265095 -0.730947
-55.2798 -0.00267866 -0.737701
-55.8324 -0.00270638 -0.744455
-55.0034 -0.0026648 -0.734324
-54.4508 -0.00263711 -0.72757
-53.8981 -0.00260944 -0.720816
-53.3455 -0.00258178 -0.714062
-52.7928 -0.00255415 -0.707308
-52.2401 -0.00252653 -0.700553
-51.6874 -0.00249893 -0.693799
-51.1348 -0.00247135 -0.687045
-50.5821 -0.00244379 -0.68029
-50.0294 -0.00241625 -0.673536
-49.4767 -0.00238873 -0.666782
-48.924 -0.00236122 -0.660027
-48.3713 -0.00233374 -0.653273
-47.8187 -0.00230627 -0.646519
-47.266 -0.00227882 -0.639764
-46.7133 -0.00225139 -0.63301
-46.1606 -0.00222398 -0.626255
-45.6079 -0.00219659 -0.619501
-45.0552 -0.00216921 -0.612746
-44.5024 -0.00214186 -0.605992
-43.9497 -0.00211452 -0.599237
-43.397 -0.00208721 -0.592483
-42.8443 -0.00205991 -0.585728
-42.2916 -0.00203263 -0.578973
-41.7389 -0.00200537 -0.572219
-41.1861 -0.00197813 -0.565464
-40.6334 -0.0019509 -0.558709
-40.0807 -0.0019237 -0.551955
-39.5279 -0.00189651 -0.5452
-38.9752 -0.00186935 -0.538445
-38.4225 -0.0018422 -0.531691
-37.8697 -0.00181507 -0.524936
-37.317 -0.00178796 -0.518181
-36.7642 -0.00176087 -0.511427
-36.2115 -0.00173379 -0.504672
-35.6587 -0.00170674 -0.497917
-35.1059 -0.00167971 -0.491162
-34.5532 -0.00165269 -0.484408
-34.0004 -0.00162569 -0.477653
-33.4477 -0.00159871 -0.470898
-32.8949 -0.00157175 -0.464143
-32.3421 -0.00154481 -0.457389
-31.7893 -0.00151789 -0.450634
-31.2366 -0.00149099 -0.443879
-30.6838 -0.0014641 -0.437124
-30.131 -0.00143724 -0.43037
-29.5782 -0.00141039 -0.423615
-29.0254 -0.00138357 -0.41686
-28.4726 -0.00135676 -0.410105
-27.9198 -0.00132997 -0.403351
-27.367 -0.0013032 -0.396596
-26.8142 -0.00127645 -0.389841
-26.2614 -0.00124971 -0.383086
-25.7086 -0.001223 -0.376332
-25.1558 -0.00119631 -0.369577
-24.603 -0.00116963 -0.362822
-24.0502 -0.00114297 -0.356067
-23.4974 -0.00111634 -0.349313
-22.9446 -0.00108972 -0.342558
-22.3917 -0.00106312 -0.335803
-21.8389 -0.00103654 -0.329049
-21.2861 -0.00100997 -0.322294
-20.7333 -0.00098343 -0.315539
-20.1804 -0.000956906 -0.308785
-19.6276 -0.000930401 -0.30203
-19.0747 -0.000903915 -0.295276
-18.5219 -0.000877448 -0.288521
-17.9691 -0.000851 -0.281766
-17.4162 -0.000824571 -0.275012
-16.8634 -0.000798161 -0.268257
-16.3105 -0.000771771 -0.261503
-15.7577 -0.000745399 -0.254748
-15.2048 -0.000719046 -0.247994
-14.6519 -0.000692712 -0.241239
-14.0991 -0.000666397 -0.234485
-13.5462 -0.000640101 -0.227731
-12.9933 -0.000613825 -0.220976
-12.4405 -0.000587567 -0.214222
-11.8876 -0.000561329 -0.207467
-11.3347 -0.000535109 -0.200713
-10.7818 -0.000508909 -0.193959
-10.2289 -0.000482727 -0.187204
-9.67604 -0.000456565 -0.18045
-9.12315 -0.000430422 -0.173696
-8.57025 -0.000404298 -0.166942
-8.01736 -0.000378193 -0.160188
-7.46446 -0.000352107 -0.153434
-6.91156 -0.00032604 -0.146679
-6.35865 -0.000299992 -0.139925
-5.80574 -0.000273964 -0.133171
-5.25283 -0.000247954 -0.126417
-4.69992 -0.000221964 -0.119663
-4.147 -0.000195993 -0.112909
-3.59408 -0.00017004 -0.106155
-3.04116 -0.000144107 -0.0994016
-2.48824 -0.000118194 -0.0926478
-1.93531 -9.22989e-05 -0.085894
-1.38238 -6.64234e-05 -0.0791402
-0.829443 -4.0567e-05 -0.0723865
-0.276507 -1.47297e-05 -0.0656328
0.276433 1.10883e-05 -0.0588791
