-3.75096e-05 -6.66459e-15 -0.0622882
0.829375 1.50883e-13 -0.0135601
1.38232 4.28585e-13 0.0189263
1.93527 8.37586e-13 0.0514137
2.48822 1.38129e-12 0.0839021
3.04117 2.07308e-12 0.116391
3.59413 2.90769e-12 0.148881
4.14709 3.90196e-12 0.181372
4.70005 5.00351e-12 0.213864
5.25302 6.29139e-12 0.246357
5.80598 7.66989e-12 0.278851
6.35896 9.18765e-12 0.311346
6.91193 1.08616e-11 0.343841
7.46491 1.26779e-11 0.376337
8.01789 1.46124e-11 0.408835
8.57087 1.67231e-11 0.441333
9.12385 1.89632e-11 0.473832
9.67684 2.13369e-11 0.506332
10.2298 2.38452e-11 0.538833
10.7828 2.65117e-11 0.571334
11.3358 2.93041e-11 0.603837
10.5063 2.51588e-11 0.555083
9.95334 2.25664e-11 0.522582
9.40035 2.01227e-11 0.490082
8.84736 1.78192e-11 0.457582
8.29438 1.56541e-11 0.425084
7.7414 1.36283e-11 0.392586
7.18842 1.17475e-11 0.360089
6.63544 1.00041e-11 0.327593
6.08247 8.38735e-12 0.295098
5.5295 6.94357e-12 0.262604
4.97653 5.60725e-12 0.230111
4.42357 4.42987e-12 0.197618
3.87061 3.38353e-12 0.165127
3.31765 2.46389e-12 0.132636
2.7647 1.73113e-12 0.100147
2.21174 1.10963e-12 0.0676578
1.65879 6.18146e-13 0.0351699
1.10585 2.65425e-13 0.00268298
0.552903 6.94738e-14 -0.029803
-3.75105e-05 1.49762e-14 -0.0622882
-0.552976 8.40179e-14 -0.0947723
-1.10591 2.86843e-13 -0.127256
-1.65884 6.42032e-13 -0.159738
-2.21177 1.14168e-12 -0.192219
-2.7647 1.77415e-12 -0.2247
-3.31762 2.52595e-12 -0.257179
-3.87054 3.45494e-12 -0.289658
-4.42346 4.48716e-12 -0.322136
-4.97638 5.69745e-12 -0.354612
-5.52929 7.01058e-12 -0.387088
-6.0822 8.47014e-12 -0.419563
-6.63511 1.00885e-11 -0.452037
-7.18801 1.18149e-11 -0.484509
-7.74091 1.37086e-11 -0.516981
-8.29381 1.5741e-11 -0.549452
-8.84671 1.78927e-11 -0.581922
-9.3996 2.01883e-11 -0.614391
-9.95249 2.26285e-11 -0.646859
-10.5054 2.51957e-11 -0.679326
-11.0583 2.7916e-11 -0.711792
-11.6111 3.07709e-11 -0.744257
-10.7818 2.65367e-11 -0.695559
-10.2289 2.38955e-11 -0.663093
-9.67604 2.13862e-11 -0.630625
-9.12315 1.90213e-11 -0.598157
-8.57026 1.6818e-11 -0.565687
-8.01736 1.46841e-11 -0.533217
-7.46446 1.27532e-11 -0.500745
-6.91156 1.09458e-11 -0.468273
-6.35865 9.26172e-12 -0.4358
-5.80575 7.7382e-12 -0.403325
-5.25283 6.33874e-12 -0.37085
-4.69992 5.08564e-12 -0.338374
-4.147 3.94152e-12 -0.305897
-3.59408 2.98148e-12 -0.273419
-3.04116 2.13396e-12 -0.24094
-2.48824 1.43442e-12 -0.20846
-1.93531 8.80743e-13 -0.175979
-1.38238 4.4018e-13 -0.143497
-0.829444 1.74069e-13 -0.111014
-0.276507 1.2854e-14 -0.0785304
0.276433 7.12422e-15 -0.0460457
0.829375 1.51088e-13 -0.0135601
1.38232 4.29289e-13 0.0189263
1.93527 8.38587e-13 0.0514137
2.48822 1.38791e-12 0.0839021
3.04117 2.08279e-12 0.116391
3.59413 2.90497e-12 0.148881
4.14709 3.90712e-12 0.181372
4.70005 5.00044e-12 0.213864
5.25302 6.25014e-12 0.246357
5.80598 7.63948e-12 0.278851
6.35896 9.19417e-12 0.311346
6.91193 1.08655e-11 0.343841
7.46491 1.26623e-11 0.376337
8.01789 1.46251e-11 0.408835
8.57087 1.67372e-11 0.441333
9.12385 1.89555e-11 0.473832
9.67684 2.13237e-11 0.506332
10.2298 2.38519e-11 0.538833
10.7828 2.65051e-11 0.571334
11.3358 2.93093e-11 0.603837
11.8888 3.22406e-11 0.63634
12.4418 3.53138e-11 0.668844
12.9948 3.8545e-11 0.701349
13.5478 4.18946e-11 0.733855
14.1008 4.5415e-11 0.766362
14.6539 4.90461e-11 0.79887
15.2069 5.28119e-11 0.831378
15.7599 5.67634e-11 0.863887
16.3129 6.08015e-11 0.896398
16.8659 6.50427e-11 0.928909
17.419 6.93832e-11 0.96142
17.972 7.3882e-11 0.993933
18.525 7.85067e-11 1.02645
19.0781 8.32796e-11 1.05896
19.6311 8.81864e-11 1.09148
20.1842 9.32541e-11 1.12399
20.7372 9.84481e-11 1.15651
21.2903 1.03787e-10 1.18903
21.8433 1.0926e-10 1.22154
22.3964 1.14889e-10 1.25406
21.5668 1.06505e-10 1.20528
21.0137 1.01068e-10 1.17277
20.4607 9.58142e-11 1.14025
19.9076 9.07105e-11 1.10773
19.3546 8.57111e-11 1.07522
18.8016 8.08703e-11 1.0427
18.2485 7.61648e-11 1.01019
17.6955 7.16075e-11 0.977676
17.1425 6.71855e-11 0.945164
16.5894 6.29044e-11 0.912653
16.0364 5.8765e-11 0.880142
15.4834 5.4782e-11 0.847633
14.9304 5.09207e-11 0.815124
14.3774 4.72093e-11 0.782616
13.8243 4.36314e-11 0.750109
13.2713 4.02147e-11 0.717602
12.7183 3.69141e-11 0.685097
12.1653 3.37566e-11 0.652592
11.6123 3.0752e-11 0.620088
11.0593 2.78933e-11 0.587585
10.5063 2.51553e-11 0.555083
9.95334 2.25659e-11 0.522582
9.40035 2.01256e-11 0.490082
8.84736 1.77952e-11 0.457582
8.29438 1.56585e-11 0.425084
7.7414 1.36444e-11 0.392586
7.18842 1.17732e-11 0.360089
6.63544 1.00107e-11 0.327593
6.08247 8.40293e-12 0.295098
5.5295 6.93686e-12 0.262604
4.97653 5.6345e-12 0.230111
4.42357 4.42992e-12 0.197618
3.87061 3.36079e-12 0.165127
3.31765 2.48251e-12 0.132636
2.7647 1.70759e-12 0.100147
2.21174 1.09507e-12 0.0676578
1.65879 6.25874e-13 0.0351699
1.10585 2.76617e-13 0.00268298
0.552903 5.34245e-14 -0.029803
-3.75105e-05 -1.54353e-16 -0.0622882
-0.552976 7.36844e-14 -0.0947723
-1.10591 2.83339e-13 -0.127256
-1.65884 6.45925e-13 -0.159738
-2.21177 1.14446e-12 -0.192219
-2.7647 1.77325e-12 -0.2247
-3.31762 2.55226e-12 -0.257179
-3.87054 3.43319e-12 -0.289658
-4.42346 4.50254e-12 -0.322136
-4.97638 5.7069e-12 -0.354612
-5.52929 7.01894e-12 -0.387088
-6.0822 8.47023e-12 -0.419563
-6.63511 1.00902e-11 -0.452037
-7.18801 1.18543e-11 -0.484509
-7.74091 1.37149e-11 -0.516981
-8.29381 1.57493e-11 -0.549452
-8.84671 1.79073e-11 -0.581922
-9.3996 2.0179e-11 -0.614391
-9.95249 2.26326e-11 -0.646859
-10.5054 2.5203e-11 -0.679326
-11.0583 2.79337e-11 -0.711792
-11.6111 3.07776e-11 -0.744257
-12.164 3.37612e-11 -0.776721
-12.7169 3.69121e-11 -0.809185
-13.2698 4.01486e-11 -0.841647
-13.8226 4.35617e-11 -0.874108
-14.3755 4.7108e-11 -0.906568
-14.9284 5.07864e-11 -0.939027
-15.4812 5.46103e-11 -0.971485
-16.0341 5.85654e-11 -1.00394
-16.5869 6.26545e-11 -1.0364
-17.1398 6.68858e-11 -1.06885
-17.6926 7.12535e-11 -1.10131
-18.2455 7.57582e-11 -1.13376
-18.7983 8.03965e-11 -1.16621
-19.3512 8.51632e-11 -1.19866
-19.904 9.01098e-11 -1.23111
-20.4569 9.51627e-11 -1.26356
-21.0097 1.00355e-10 -1.29601
-21.5625 1.05678e-10 -1.32846
-22.1153 1.11137e-10 -1.3609
-22.6682 1.1676e-10 -1.39335
-21.8389 1.0841e-10 -1.34468
-21.2861 1.03003e-10 -1.31223
-20.7333 9.7743e-11 -1.27979
-20.1804 9.26169e-11 -1.24734
-19.6276 8.76366e-11 -1.21489
-19.0748 8.27706e-11 -1.18244
-18.5219 7.80599e-11 -1.14999
-17.9691 7.34915e-11 -1.11753
-17.4162 6.9036e-11 -1.08508
-16.8634 6.47506e-11 -1.05263
-16.3105 6.05988e-11 -1.02017
-15.7577 5.65559e-11 -0.987714
-15.2048 5.26686e-11 -0.955256
-14.6519 4.8915e-11 -0.922797
-14.0991 4.53177e-11 -0.890338
-13.5462 4.18383e-11 -0.857877
-12.9933 3.85161e-11 -0.825416
-12.4405 3.53078e-11 -0.792953
-11.8876 3.22405e-11 -0.76049
-11.3347 2.93231e-11 -0.728025
-10.7818 2.65472e-11 -0.695559
-10.2289 2.3907e-11 -0.663093
-9.67604 2.13963e-11 -0.630625
-9.12315 1.90174e-11 -0.598157
-8.57026 1.68021e-11 -0.565687
-8.01736 1.47109e-11 -0.533217
-7.46446 1.27543e-11 -0.500745
-6.91156 1.09327e-11 -0.468273
-6.35865 9.28125e-12 -0.4358
-5.80575 7.73706e-12 -0.403325
-5.25283 6.32273e-12 -0.37085
-4.69992 5.06731e-12 -0.338374
-4.147 3.95048e-12 -0.305897
-3.59408 2.97529e-12 -0.273419
-3.04116 2.13627e-12 -0.24094
-2.48824 1.42272e-12 -0.20846
-1.93531 8.60981e-13 -0.175979
-1.38238 4.47094e-13 -0.143497
-0.829444 1.68017e-13 -0.111014
-0.276507 3.96849e-14 -0.0785304
0.276433 -1.49829e-15 -0.0460457
0.829375 1.49403e-13 -0.0135601
1.38232 4.2853e-13 0.0189263
1.93527 8.40344e-13 0.0514137
2.48822 1.40264e-12 0.0839021
3.04117 2.06918e-12 0.116391
3.59413 2.92054e-12 0.148881
4.14709 3.88966e-12 0.181372
4.70005 5.00041e-12 0.213864
5.25302 6.25881e-12 0.246357
5.80598 7.65711e-12 0.278851
6.35896 9.16846e-12 0.311346
6.91193 1.08666e-11 0.343841
7.46491 1.26824e-11 0.376337
8.01789 1.46303e-11 0.408835
8.57087 1.67266e-11 0.441333
9.12385 1.89576e-11 0.473832
9.67684 2.13253e-11 0.506332
10.2298 2.38449e-11 0.538833
10.7828 2.64974e-11 0.571334
11.3358 2.92912e-11 0.603837
11.8888 3.22391e-11 0.63634
12.4418 3.53085e-11 0.668844
12.9948 3.85456e-11 0.701349
13.5478 4.18987e-11 0.733855
14.1008 4.54041e-11 0.766362
14.6539 4.90537e-11 0.79887
15.2069 5.28325e-11 0.831378
15.7599 5.67636e-11 0.863887
16.3129 6.08197e-11 0.896398
16.8659 6.50325e-11 0.928909
17.419 6.93809e-11 0.96142
17.972 7.38727e-11 0.993933
18.525 7.84992e-11 1.02645
19.0781 8.32695e-11 1.05896
19.6311 8.81961e-11 1.09148
20.1842 9.32438e-11 1.12399
20.7372 9.84385e-11 1.15651
21.2903 1.0379e-10 1.18903
21.8433 1.09256e-10 1.22154
22.3964 1.14895e-10 1.25406
22.9494 1.20657e-10 1.28658
23.5025 1.26539e-10 1.3191
24.0555 1.3261e-10 1.35163
24.6086 1.38801e-10 1.38415
25.1617 1.45135e-10 1.41667
25.7147 1.51612e-10 1.44919
26.2678 1.58264e-10 1.48172
26.8209 1.65008e-10 1.51424
27.374 1.71902e-10 1.54677
27.9271 1.78948e-10 1.5793
28.4801 1.86128e-10 1.61183
29.0332 1.93462e-10 1.64435
29.5863 2.00924e-10 1.67688
30.1394 2.08559e-10 1.70941
30.6925 2.16313e-10 1.74194
31.2456 2.24223e-10 1.77448
31.7987 2.32258e-10 1.80701
32.3518 2.40446e-10 1.83954
32.9049 2.48765e-10 1.87207
33.458 2.57255e-10 1.90461
34.0112 2.6585e-10 1.93714
34.5643 2.74625e-10 1.96968
35.1174 2.83545e-10 2.00222
35.6705 2.92553e-10 2.03475
36.2236 3.01747e-10 2.06729
36.7768 3.11061e-10 2.09983
37.3299 3.2057e-10 2.13237
37.883 3.30198e-10 2.16491
38.4362 3.39959e-10 2.19745
38.9893 3.4986e-10 2.22999
39.5424 3.59917e-10 2.26254
40.0956 3.701e-10 2.29508
40.6487 3.80434e-10 2.32762
41.2019 3.90935e-10 2.36017
41.755 4.01578e-10 2.39271
42.3082 4.12312e-10 2.42526
42.8614 4.23225e-10 2.4578
43.4145 4.34249e-10 2.49035
43.9677 4.45457e-10 2.5229
44.5209 4.56795e-10 2.55545
43.6911 4.39849e-10 2.50663
43.1379 4.28734e-10 2.47408
42.5848 4.17753e-10 2.44153
42.0316 4.06865e-10 2.40898
41.4785 3.96172e-10 2.37644
40.9253 3.85642e-10 2.34389
40.3722 3.75245e-10 2.31135
39.819 3.64952e-10 2.27881
39.2659 3.54867e-10 2.24626
38.7127 3.4485e-10 2.21372
38.1596 3.35055e-10 2.18118
37.6065 3.25339e-10 2.14864
37.0533 3.15795e-10 2.1161
36.5002 3.0642e-10 2.08356
35.9471 2.97148e-10 2.05102
35.3939 2.88039e-10 2.01849
34.8408 2.79067e-10 1.98595
34.2877 2.7021e-10 1.95341
33.7346 2.61519e-10 1.92088
33.1815 2.52996e-10 1.88834
32.6284 2.44594e-10 1.85581
32.0753 2.36332e-10 1.82327
31.5222 2.28233e-10 1.79074
30.9691 2.2025e-10 1.75821
30.416 2.12408e-10 1.72568
29.8629 2.04718e-10 1.69315
29.3098 1.9719e-10 1.66062
28.7567 1.89763e-10 1.62809
28.2036 1.82515e-10 1.59556
27.6505 1.75422e-10 1.56303
27.0974 1.68444e-10 1.53051
26.5444 1.6162e-10 1.49798
25.9913 1.54909e-10 1.46546
25.4382 1.48366e-10 1.43293
24.8851 1.4195e-10 1.40041
24.3321 1.35704e-10 1.36789
23.779 1.29558e-10 1.33536
23.2259 1.23618e-10 1.30284
22.6729 1.17752e-10 1.27032
22.1198 1.12044e-10 1.2378
21.5668 1.0651e-10 1.20528
21.0137 1.01095e-10 1.17277
20.4607 9.58219e-11 1.14025
19.9076 9.07172e-11 1.10773
19.3546 8.57175e-11 1.07522
18.8016 8.08729e-11 1.0427
18.2485 7.61714e-11 1.01019
17.6955 7.15922e-11 0.977676
17.1425 6.71921e-11 0.945164
16.5894 6.29093e-11 0.912653
16.0364 5.87691e-11 0.880142
15.4834 5.47822e-11 0.847633
14.9304 5.09156e-11 0.815124
14.3774 4.7226e-11 0.782616
13.8243 4.36253e-11 0.750109
13.2713 4.01901e-11 0.717602
12.7183 3.69047e-11 0.685097
12.1653 3.37558e-11 0.652592
11.6123 3.07623e-11 0.620088
11.0593 2.7895e-11 0.587585
10.5063 2.51556e-11 0.555083
9.95334 2.2582e-11 0.522582
9.40035 2.01375e-11 0.490082
8.84736 1.78147e-11 0.457582
8.29438 1.56652e-11 0.425084
7.7414 1.36327e-11 0.392586
7.18842 1.17529e-11 0.360089
6.63544 1.00174e-11 0.327593
6.08247 8.39358e-12 0.295098
5.5295 6.92518e-12 0.262604
4.97653 5.63015e-12 0.230111
4.42357 4.43632e-12 0.197618
3.87061 3.37645e-12 0.165127
3.31765 2.48769e-12 0.132636
2.7647 1.7523e-12 0.100147
2.21174 1.09039e-12 0.0676578
1.65879 6.14455e-13 0.0351699
1.10585 2.60483e-13 0.00268298
0.552903 6.53275e-14 -0.029803
-3.75105e-05 -5.76905e-15 -0.0622882
-0.552976 8.76545e-14 -0.0947723
-1.10591 2.8626e-13 -0.127256
-1.65884 6.62965e-13 -0.159738
-2.21177 1.12706e-12 -0.192219
-2.7647 1.77425e-12 -0.2247
-3.31762 2.55861e-12 -0.257179
-3.87054 3.44904e-12 -0.289658
-4.42346 4.4974e-12 -0.322136
-4.97638 5.69648e-12 -0.354612
-5.52929 7.0246e-12 -0.387088
-6.0822 8.49452e-12 -0.419563
-6.63511 1.0088e-11 -0.452037
-7.18801 1.18208e-11 -0.484509
-7.74091 1.37132e-11 -0.516981
-8.29381 1.57365e-11 -0.549452
-8.84671 1.78996e-11 -0.581922
-9.3996 2.01918e-11 -0.614391
-9.95249 2.26304e-11 -0.646859
-10.5054 2.52033e-11 -0.679326
-11.0583 2.79177e-11 -0.711792
-11.6111 3.0757e-11 -0.744257
-12.164 3.37594e-11 -0.776721
-12.7169 3.68945e-11 -0.809185
-13.2698 4.01647e-11 -0.841647
-13.8226 4.35628e-11 -0.874108
-14.3755 4.71061e-11 -0.906568
-14.9284 5.07933e-11 -0.939027
-15.4812 5.46138e-11 -0.971485
-16.0341 5.8565e-11 -1.00394
-16.5869 6.26543e-11 -1.0364
-17.1398 6.68886e-11 -1.06885
-17.6926 7.12399e-11 -1.10131
-18.2455 7.57669e-11 -1.13376
-18.7983 8.04062e-11 -1.16621
-19.3512 8.519e-11 -1.19866
-19.904 9.00889e-11 -1.23111
-20.4569 9.5164e-11 -1.26356
-21.0097 1.00359e-10 -1.29601
-21.5625 1.05681e-10 -1.32846
-22.1153 1.11157e-10 -1.3609
-22.6682 1.16746e-10 -1.39335
-23.221 1.22487e-10 -1.42579
-23.7738 1.28369e-10 -1.45823
-24.3266 1.34371e-10 -1.49067
-24.8794 1.40527e-10 -1.52312
-25.4322 1.46833e-10 -1.55555
-25.9851 1.53261e-10 -1.58799
-26.5379 1.59812e-10 -1.62043
-27.0907 1.66492e-10 -1.65287
-27.6435 1.73366e-10 -1.6853
-28.1963 1.80313e-10 -1.71774
-28.749 1.87435e-10 -1.75017
-29.3018 1.94677e-10 -1.7826
-29.8546 2.02058e-10 -1.81503
-30.4074 2.09569e-10 -1.84746
-30.9602 2.17229e-10 -1.87989
-31.513 2.24991e-10 -1.91232
-32.0657 2.3292e-10 -1.94474
-32.6185 2.41e-10 -1.97717
-33.1713 2.49199e-10 -2.00959
-33.7241 2.57516e-10 -2.04202
-34.2768 2.65999e-10 -2.07444
-34.8296 2.74588e-10 -2.10686
-35.3823 2.83303e-10 -2.13928
-35.9351 2.9221e-10 -2.1717
-36.4879 3.01196e-10 -2.20412
-37.0406 3.10327e-10 -2.23653
-37.5934 3.19618e-10 -2.26895
-38.1461 3.29025e-10 -2.30136
-38.6988 3.3861e-10 -2.33377
-39.2516 3.48264e-10 -2.36619
-39.8043 3.5811e-10 -2.3986
-40.357 3.68048e-10 -2.43101
-40.9098 3.78143e-10 -2.46341
-41.4625 3.88322e-10 -2.49582
-42.0152 3.98704e-10 -2.52823
-42.568 4.09234e-10 -2.56063
-43.1207 4.19796e-10 -2.59304
-43.6734 4.30607e-10 -2.62544
-44.2261 4.41492e-10 -2.65784
-44.7788 4.52496e-10 -2.69024
-43.9497 4.36016e-10 -2.64164
-43.397 4.25222e-10 -2.60924
-42.8443 4.14507e-10 -2.57684
-42.2916 4.03934e-10 -2.54443
-41.7389 3.93534e-10 -2.51203
-41.1861 3.83233e-10 -2.47962
-40.6334 3.73104e-10 -2.44721
-40.0807 3.63032e-10 -2.4148
-39.5279 3.53135e-10 -2.38239
-38.9752 3.43394e-10 -2.34998
-38.4225 3.33814e-10 -2.31757
-37.8697 3.24321e-10 -2.28515
-37.317 3.14963e-10 -2.25274
-36.7642 3.05756e-10 -2.22032
-36.2115 2.96716e-10 -2.18791
-35.6587 2.87729e-10 -2.15549
-35.106 2.7892e-10 -2.12307
-34.5532 2.7029e-10 -2.09065
-34.0004 2.61758e-10 -2.05823
-33.4477 2.53332e-10 -2.02581
-32.8949 2.45079e-10 -1.99338
-32.3421 2.36943e-10 -1.96096
-31.7894 2.28953e-10 -1.92853
-31.2366 2.21107e-10 -1.8961
-30.6838 2.13379e-10 -1.86368
-30.131 2.0578e-10 -1.83125
-29.5782 1.98346e-10 -1.79882
-29.0254 1.91047e-10 -1.76638
-28.4727 1.83845e-10 -1.73395
-27.9199 1.7682e-10 -1.70152
-27.3671 1.6992e-10 -1.66908
-26.8143 1.63148e-10 -1.63665
-26.2615 1.56517e-10 -1.60421
-25.7086 1.50015e-10 -1.57177
-25.1558 1.43663e-10 -1.53934
-24.603 1.37441e-10 -1.5069
-24.0502 1.31356e-10 -1.47445
-23.4974 1.25399e-10 -1.44201
-22.9446 1.19605e-10 -1.40957
-22.3918 1.13936e-10 -1.37712
-21.8389 1.08387e-10 -1.34468
-21.2861 1.0301e-10 -1.31223
-20.7333 9.77273e-11 -1.27979
-20.1804 9.2617e-11 -1.24734
-19.6276 8.76232e-11 -1.21489
-19.0748 8.27672e-11 -1.18244
-18.5219 7.80685e-11 -1.14999
-17.9691 7.34872e-11 -1.11753
-17.4162 6.90517e-11 -1.08508
-16.8634 6.47537e-11 -1.05263
-16.3105 6.0591e-11 -1.02017
-15.7577 5.65731e-11 -0.987714
-15.2048 5.26711e-11 -0.955256
-14.6519 4.89348e-11 -0.922797
-14.0991 4.53078e-11 -0.890338
-13.5462 4.18384e-11 -0.857877
-12.9933 3.85154e-11 -0.825416
-12.4405 3.53029e-11 -0.792953
-11.8876 3.226e-11 -0.76049
-11.3347 2.93319e-11 -0.728025
-10.7818 2.65356e-11 -0.695559
-10.2289 2.38882e-11 -0.663093
-9.67604 2.13963e-11 -0.630625
-9.12315 1.904e-11 -0.598157
-8.57026 1.68069e-11 -0.565687
-8.01736 1.47347e-11 -0.533217
-7.46446 1.27508e-11 -0.500745
-6.91156 1.09268e-11 -0.468273
-6.35865 9.2662e-12 -0.4358
-5.80575 7.73038e-12 -0.403325
-5.25283 6.31892e-12 -0.37085
-4.69992 5.08322e-12 -0.338374
-4.147 3.95588e-12 -0.305897
-3.59408 2.96844e-12 -0.273419
-3.04116 2.12114e-12 -0.24094
-2.48824 1.43501e-12 -0.20846
-1.93531 8.7054e-13 -0.175979
-1.38238 4.51603e-13 -0.143497
-0.829444 1.61304e-13 -0.111014
-0.276507 1.77367e-14 -0.0785304
0.276433 9.95349e-15 -0.0460457
0.829375 1.43599e-13 -0.0135601
1.38232 4.22414e-13 0.0189263
1.93527 8.34501e-13 0.0514137
2.48822 1.37422e-12 0.0839021
3.04117 2.09085e-12 0.116391
3.59413 2.91982e-12 0.148881
4.14709 3.88707e-12 0.181372
4.70005 5.00595e-12 0.213864
5.25302 6.28359e-12 0.246357
5.80598 7.65345e-12 0.278851
6.35896 9.18465e-12 0.311346
6.91193 1.0869e-11 0.343841
7.46491 1.26832e-11 0.376337
8.01789 1.46308e-11 0.408835
8.57087 1.67115e-11 0.441333
9.12385 1.89621e-11 0.473832
9.67684 2.13307e-11 0.506332
10.2298 2.38514e-11 0.538833
10.7828 2.65023e-11 0.571334
11.3358 2.92922e-11 0.603837
11.8888 3.22397e-11 0.63634
12.4418 3.53228e-11 0.668844
12.9948 3.85394e-11 0.701349
13.5478 4.19122e-11 0.733855
14.1008 4.53843e-11 0.766362
14.6539 4.9054e-11 0.79887
15.2069 5.28224e-11 0.831378
15.7599 5.6751e-11 0.863887
16.3129 6.08193e-11 0.896398
16.8659 6.50127e-11 0.928909
17.419 6.93755e-11 0.96142
17.972 7.38762e-11 0.993933
18.525 7.84949e-11 1.02645
19.0781 8.32624e-11 1.05896
19.6311 8.82009e-11 1.09148
20.1842 9.32396e-11 1.12399
20.7372 9.84457e-11 1.15651
21.2903 1.03784e-10 1.18903
21.8433 1.0926e-10 1.22154
22.3964 1.14905e-10 1.25406
22.9494 1.20668e-10 1.28658
23.5025 1.26558e-10 1.3191
24.0555 1.32614e-10 1.35163
24.6086 1.3881e-10 1.38415
25.1617 1.45135e-10 1.41667
25.7147 1.51608e-10 1.44919
26.2678 1.5825e-10 1.48172
26.8209 1.64998e-10 1.51424
27.374 1.71909e-10 1.54677
27.9271 1.7893e-10 1.5793
28.4801 1.86134e-10 1.61183
29.0332 1.93456e-10 1.64435
29.5863 2.00941e-10 1.67688
30.1394 2.08554e-10 1.70941
30.6925 2.16278e-10 1.74194
31.2456 2.24203e-10 1.77448
31.7987 2.32252e-10 1.80701
32.3518 2.40427e-10 1.83954
32.9049 2.48777e-10 1.87207
33.458 2.57265e-10 1.90461
34.0112 2.65856e-10 1.93714
34.5643 2.74636e-10 1.96968
35.1174 2.83504e-10 2.00222
35.6705 2.92546e-10 2.03475
36.2236 3.01741e-10 2.06729
36.7768 3.11067e-10 2.09983
37.3299 3.20556e-10 2.13237
37.883 3.30205e-10 2.16491
38.4362 3.39938e-10 2.19745
38.9893 3.49848e-10 2.22999
39.5424 3.59931e-10 2.26254
40.0956 3.70101e-10 2.29508
40.6487 3.80454e-10 2.32762
41.2019 3.90908e-10 2.36017
41.755 4.01551e-10 2.39271
42.3082 4.12336e-10 2.42526
42.8614 4.23194e-10 2.4578
43.4145 4.34256e-10 2.49035
43.9677 4.45495e-10 2.5229
44.5209 4.56869e-10 2.55545
45.074 4.68334e-10 2.588
45.6272 4.79898e-10 2.62055
46.1804 4.91735e-10 2.6531
46.7336 5.03651e-10 2.68565
47.2868 5.15681e-10 2.7182
47.8399 5.27922e-10 2.75075
48.3931 5.40279e-10 2.78331
48.9463 5.52787e-10 2.81586
49.4995 5.65421e-10 2.84842
50.0527 5.78196e-10 2.88097
50.6059 5.91143e-10 2.91353
51.1591 6.04225e-10 2.94608
51.7123 6.17425e-10 2.97864
52.2655 6.30823e-10 3.0112
52.8187 6.44332e-10 3.04376
53.372 6.5797e-10 3.07631
53.9252 6.71747e-10 3.10887
54.4784 6.85701e-10 3.14143
55.0316 6.99823e-10 3.174
55.5848 7.13997e-10 3.20656
54.755 6.92743e-10 3.15772
54.2018 6.78678e-10 3.12515
53.6486 6.6485e-10 3.09259
53.0953 6.51091e-10 3.06004
52.5421 6.37557e-10 3.02748
51.9889 6.24072e-10 2.99492
51.4357 6.10766e-10 2.96236
50.8825 5.97623e-10 2.9298
50.3293 5.84666e-10 2.89725
49.7761 5.71758e-10 2.86469
49.2229 5.59048e-10 2.83214
48.6697 5.46475e-10 2.79958
48.1165 5.34117e-10 2.76703
47.5633 5.21794e-10 2.73448
47.0102 5.09648e-10 2.70193
46.457 4.97648e-10 2.66937
45.9038 4.85809e-10 2.63682
45.3506 4.74114e-10 2.60427
44.7974 4.62558e-10 2.57172
44.2443 4.51108e-10 2.53917
43.6911 4.39849e-10 2.50663
43.1379 4.28701e-10 2.47408
42.5848 4.17747e-10 2.44153
42.0316 4.06929e-10 2.40898
41.4785 3.96211e-10 2.37644
40.9253 3.85662e-10 2.34389
40.3722 3.75221e-10 2.31135
39.819 3.64981e-10 2.27881
39.2659 3.54838e-10 2.24626
38.7127 3.44911e-10 2.21372
38.1596 3.35061e-10 2.18118
37.6065 3.25368e-10 2.14864
37.0533 3.15835e-10 2.1161
36.5002 3.06432e-10 2.08356
35.9471 2.97129e-10 2.05102
35.3939 2.88012e-10 2.01849
34.8408 2.79037e-10 1.98595
34.2877 2.70249e-10 1.95341
33.7346 2.61541e-10 1.92088
33.1815 2.52994e-10 1.88834
32.6284 2.44589e-10 1.85581
32.0753 2.3633e-10 1.82327
31.5222 2.28232e-10 1.79074
30.9691 2.20237e-10 1.75821
30.416 2.12431e-10 1.72568
29.8629 2.04739e-10 1.69315
29.3098 1.97163e-10 1.66062
28.7567 1.8979e-10 1.62809
28.2036 1.82514e-10 1.59556
27.6505 1.75385e-10 1.56303
27.0974 1.68427e-10 1.53051
26.5444 1.61599e-10 1.49798
25.9913 1.54888e-10 1.46546
25.4382 1.48352e-10 1.43293
24.8851 1.41974e-10 1.40041
24.3321 1.35691e-10 1.36789
23.779 1.29575e-10 1.33536
23.2259 1.23587e-10 1.30284
22.6729 1.1775e-10 1.27032
22.1198 1.12068e-10 1.2378
21.5668 1.06498e-10 1.20528
21.0137 1.01109e-10 1.17277
20.4607 9.5822e-11 1.14025
19.9076 9.07085e-11 1.10773
19.3546 8.57247e-11 1.07522
18.8016 8.08712e-11 1.0427
18.2485 7.61793e-11 1.01019
17.6955 7.15862e-11 0.977676
17.1425 6.71974e-11 0.945164
16.5894 6.29205e-11 0.912653
16.0364 5.87621e-11 0.880142
15.4834 5.4783e-11 0.847633
14.9304 5.09145e-11 0.815124
14.3774 4.72068e-11 0.782616
13.8243 4.36277e-11 0.750109
13.2713 4.0205e-11 0.717602
12.7183 3.6904e-11 0.685097
12.1653 3.37849e-11 0.652592
11.6123 3.07482e-11 0.620088
11.0593 2.78981e-11 0.587585
10.5063 2.51631e-11 0.555083
9.95334 2.25753e-11 0.522582
9.40035 2.01335e-11 0.490082
8.84736 1.78311e-11 0.457582
8.29438 1.56671e-11 0.425084
7.7414 1.36361e-11 0.392586
7.18842 1.17364e-11 0.360089
6.63544 1.00078e-11 0.327593
6.08247 8.39999e-12 0.295098
5.5295 6.92679e-12 0.262604
4.97653 5.60303e-12 0.230111
4.42357 4.43161e-12 0.197618
3.87061 3.37703e-12 0.165127
3.31765 2.48214e-12 0.132636
2.7647 1.70018e-12 0.100147
2.21174 1.10034e-12 0.0676578
1.65879 6.10259e-13 0.0351699
1.10585 2.76013e-13 0.00268298
0.552903 5.66326e-14 -0.029803
-3.75105e-05 6.50418e-15 -0.0622882
-0.552976 8.05105e-14 -0.0947723
-1.10591 2.99663e-13 -0.127256
-1.65884 6.54282e-13 -0.159738
-2.21177 1.1524e-12 -0.192219
-2.7647 1.77756e-12 -0.2247
-3.31762 2.52644e-12 -0.257179
-3.87054 3.45609e-12 -0.289658
-4.42346 4.49809e-12 -0.322136
-4.97638 5.67495e-12 -0.354612
-5.52929 7.02099e-12 -0.387088
-6.0822 8.47988e-12 -0.419563
-6.63511 1.00932e-11 -0.452037
-7.18801 1.18218e-11 -0.484509
-7.74091 1.37152e-11 -0.516981
-8.29381 1.57465e-11 -0.549452
-8.84671 1.79069e-11 -0.581922
-9.3996 2.01796e-11 -0.614391
-9.95249 2.26324e-11 -0.646859
-10.5054 2.52007e-11 -0.679326
-11.0583 2.79199e-11 -0.711792
-11.6111 3.07722e-11 -0.744257
-12.164 3.37604e-11 -0.776721
-12.7169 3.68894e-11 -0.809185
-13.2698 4.01658e-11 -0.841647
-13.8226 4.35642e-11 -0.874108
-14.3755 4.71119e-11 -0.906568
-14.9284 5.07803e-11 -0.939027
-15.4812 5.46012e-11 -0.971485
-16.0341 5.85572e-11 -1.00394
-16.5869 6.26551e-11 -1.0364
-17.1398 6.68891e-11 -1.06885
-17.6926 7.12527e-11 -1.10131
-18.2455 7.57568e-11 -1.13376
-18.7983 8.04076e-11 -1.16621
-19.3512 8.51945e-11 -1.19866
-19.904 9.01009e-11 -1.23111
-20.4569 9.51584e-11 -1.26356
-21.0097 1.00346e-10 -1.29601
-21.5625 1.05683e-10 -1.32846
-22.1153 1.11141e-10 -1.3609
-22.6682 1.16738e-10 -1.39335
-23.221 1.22496e-10 -1.42579
-23.7738 1.28373e-10 -1.45823
-24.3266 1.34388e-10 -1.49067
-24.8794 1.40552e-10 -1.52312
-25.4322 1.46819e-10 -1.55555
-25.9851 1.53261e-10 -1.58799
-26.5379 1.59842e-10 -1.62043
-27.0907 1.66513e-10 -1.65287
-27.6435 1.73349e-10 -1.6853
-28.1963 1.80324e-10 -1.71774
-28.749 1.8743e-10 -1.75017
-29.3018 1.94664e-10 -1.7826
-29.8546 2.02054e-10 -1.81503
-30.4074 2.09553e-10 -1.84746
-30.9602 2.17229e-10 -1.87989
-31.513 2.25009e-10 -1.91232
-32.0657 2.32922e-10 -1.94474
-32.6185 2.40994e-10 -1.97717
-33.1713 2.49192e-10 -2.00959
-33.7241 2.57506e-10 -2.04202
-34.2768 2.65974e-10 -2.07444
-34.8296 2.74584e-10 -2.10686
-35.3823 2.83305e-10 -2.13928
-35.9351 2.92187e-10 -2.1717
-36.4879 3.01193e-10 -2.20412
-37.0406 3.1034e-10 -2.23653
-37.5934 3.19655e-10 -2.26895
-38.1461 3.29041e-10 -2.30136
-38.6988 3.38584e-10 -2.33377
-39.2516 3.48246e-10 -2.36619
-39.8043 3.58034e-10 -2.3986
-40.357 3.68031e-10 -2.43101
-40.9098 3.78104e-10 -2.46341
-41.4625 3.88383e-10 -2.49582
-42.0152 3.9873e-10 -2.52823
-42.568 4.09217e-10 -2.56063
-43.1207 4.19826e-10 -2.59304
-43.6734 4.30585e-10 -2.62544
-44.2261 4.41464e-10 -2.65784
-44.7788 4.52509e-10 -2.69024
-45.3315 4.63687e-10 -2.72264
-45.8842 4.7499e-10 -2.75504
-46.4369 4.86426e-10 -2.78744
-46.9896 4.98003e-10 -2.81983
-47.5423 5.09703e-10 -2.85222
-48.095 5.21531e-10 -2.88462
-48.6477 5.33515e-10 -2.91701
-49.2004 5.45599e-10 -2.9494
-49.7531 5.57829e-10 -2.98179
-50.3058 5.70191e-10 -3.01418
-50.8585 5.82698e-10 -3.04657
-51.4111 5.9534e-10 -3.07895
-51.9638 6.08158e-10 -3.11134
-52.5165 6.20999e-10 -3.14372
-53.0691 6.34066e-10 -3.1761
-53.6218 6.47232e-10 -3.20848
-54.1745 6.60542e-10 -3.24086
-54.7271 6.73973e-10 -3.27324
-55.2798 6.87542e-10 -3.30562
-55.8324 7.01229e-10 -3.338
-55.0035 6.80675e-10 -3.28943
-54.4508 6.67259e-10 -3.25705
-53.8981 6.53874e-10 -3.22467
-53.3455 6.4063e-10 -3.19229
-52.7928 6.27557e-10 -3.15991
-52.2401 6.14555e-10 -3.12753
-51.6875 6.01749e-10 -3.09514
-51.1348 5.89055e-10 -3.06276
-50.5821 5.76464e-10 -3.03037
-50.0294 5.64021e-10 -2.99798
-49.4767 5.5168e-10 -2.9656
-48.9241 5.39591e-10 -2.93321
-48.3714 5.27509e-10 -2.90081
-47.8187 5.15577e-10 -2.86842
-47.266 5.03826e-10 -2.83603
-46.7133 4.92163e-10 -2.80363
-46.1606 4.80671e-10 -2.77124
-45.6079 4.69322e-10 -2.73884
-45.0552 4.58069e-10 -2.70644
-44.5025 4.46988e-10 -2.67404
-43.9497 4.36012e-10 -2.64164
-43.397 4.25199e-10 -2.60924
-42.8443 4.14487e-10 -2.57684
-42.2916 4.03953e-10 -2.54443
-41.7389 3.93516e-10 -2.51203
-41.1861 3.83226e-10 -2.47962
-40.6334 3.73067e-10 -2.44721
-40.0807 3.63049e-10 -2.4148
-39.5279 3.53159e-10 -2.38239
-38.9752 3.43412e-10 -2.34998
-38.4225 3.33784e-10 -2.31757
-37.8697 3.243e-10 -2.28515
-37.317 3.14978e-10 -2.25274
-36.7642 3.05751e-10 -2.22032
-36.2115 2.96695e-10 -2.18791
-35.6587 2.8774e-10 -2.15549
-35.106 2.78919e-10 -2.12307
-34.5532 2.70265e-10 -2.09065
-34.0004 2.61724e-10 -2.05823
-33.4477 2.53341e-10 -2.02581
-32.8949 2.45075e-10 -1.99338
-32.3421 2.36942e-10 -1.96096
-31.7894 2.28975e-10 -1.92853
-31.2366 2.21091e-10 -1.8961
-30.6838 2.13369e-10 -1.86368
-30.131 2.05784e-10 -1.83125
-29.5782 1.98356e-10 -1.79882
-29.0254 1.91015e-10 -1.76638
-28.4727 1.83865e-10 -1.73395
-27.9199 1.7683e-10 -1.70152
-27.3671 1.69913e-10 -1.66908
-26.8143 1.63143e-10 -1.63665
-26.2615 1.56511e-10 -1.60421
-25.7086 1.50034e-10 -1.57177
-25.1558 1.43687e-10 -1.53934
-24.603 1.37451e-10 -1.5069
-24.0502 1.3136e-10 -1.47445
-23.4974 1.25436e-10 -1.44201
-22.9446 1.19611e-10 -1.40957
-22.3918 1.13931e-10 -1.37712
-21.8389 1.084e-10 -1.34468
-21.2861 1.03017e-10 -1.31223
-20.7333 9.77406e-11 -1.27979
-20.1804 9.26098e-11 -1.24734
-19.6276 8.76299e-11 -1.21489
-19.0748 8.27928e-11 -1.18244
-18.5219 7.80805e-11 -1.14999
-17.9691 7.34983e-11 -1.11753
-17.4162 6.90361e-11 -1.08508
-16.8634 6.47658e-11 -1.05263
-16.3105 6.06074e-11 -1.02017
-15.7577 5.65683e-11 -0.987714
-15.2048 5.26778e-11 -0.955256
-14.6519 4.89251e-11 -0.922797
-14.0991 4.53081e-11 -0.890338
-13.5462 4.18448e-11 -0.857877
-12.9933 3.85077e-11 -0.825416
-12.4405 3.53118e-11 -0.792953
-11.8876 3.22519e-11 -0.76049
-11.3347 2.93325e-11 -0.728025
-10.7818 2.6552e-11 -0.695559
-10.2289 2.39007e-11 -0.663093
-9.67604 2.13954e-11 -0.630625
-9.12315 1.90246e-11 -0.598157
-8.57026 1.68139e-11 -0.565687
-8.01736 1.47145e-11 -0.533217
-7.46446 1.27429e-11 -0.500745
-6.91156 1.09537e-11 -0.468273
-6.35865 9.27217e-12 -0.4358
-5.80575 7.72708e-12 -0.403325
-5.25283 6.3257e-12 -0.37085
-4.69992 5.06656e-12 -0.338374
-4.147 3.94395e-12 -0.305897
-3.59408 2.96765e-12 -0.273419
-3.04116 2.14346e-12 -0.24094
-2.48824 1.44332e-12 -0.20846
-1.93531 8.56091e-13 -0.175979
-1.38238 4.49893e-13 -0.143497
-0.829444 1.58757e-13 -0.111014
-0.276507 2.99225e-14 -0.0785304
0.276433 1.24257e-14 -0.0460457
