-4.09678e-06 -2.94621e-07 -0.0101748
0.0178486 4.74915e-06 -0.00273901
0.0297483 8.0268e-06 0.00221686
0.0416462 1.12366e-05 0.00717171
0.0535424 1.43784e-05 0.0121255
0.0654369 1.74524e-05 0.0170783
0.0773297 2.04585e-05 0.0220301
0.0892207 2.33966e-05 0.0269808
0.10111 2.62669e-05 0.0319306
0.112998 2.90693e-05 0.0368793
0.124884 3.18038e-05 0.041827
0.136768 3.44704e-05 0.0467737
0.14865 3.70691e-05 0.0517194
0.160531 3.95999e-05 0.056664
0.17241 4.20628e-05 0.0616077
0.184287 4.44578e-05 0.0665504
0.196163 4.6785e-05 0.0714921
0.208037 4.90442e-05 0.0764328
0.219909 5.12355e-05 0.0813724
0.23178 5.3359e-05 0.0863111
0.243649 5.54145e-05 0.0912488
0.225845 5.23057e-05 0.0838419
0.213973 5.01484e-05 0.0789027
0.2021 4.79231e-05 0.0739625
0.190225 4.56299e-05 0.0690214
0.178349 4.32688e-05 0.0640792
0.166471 4.08398e-05 0.059136
0.154591 3.8343e-05 0.0541918
0.142709 3.57782e-05 0.0492466
0.130826 3.31456e-05 0.0443005
0.118941 3.0445e-05 0.0393533
0.107054 2.76766e-05 0.034405
0.0951656 2.48403e-05 0.0294558
0.0832754 2.1936e-05 0.0245056
0.0713835 1.89639e-05 0.0195543
0.0594899 1.59239e-05 0.014602
0.0475945 1.2816e-05 0.00964874
0.0356975 9.64017e-06 0.00469441
0.0237987 6.39646e-06 -0.000260944
0.0118982 3.08486e-06 -0.00521733
-4.09714e-06 -2.94641e-07 -0.0101748
-0.0119081 -3.74204e-06 -0.0151332
-0.0238138 -7.25733e-06 -0.0200927
-0.0357213 -1.08405e-05 -0.0250532
-0.0476305 -1.44916e-05 -0.0300148
-0.0595414 -1.82106e-05 -0.0349774
-0.0714541 -2.19975e-05 -0.0399411
-0.0833685 -2.58523e-05 -0.0449058
-0.0952847 -2.9775e-05 -0.0498716
-0.107203 -3.37655e-05 -0.0548384
-0.119122 -3.7824e-05 -0.0598063
-0.131044 -4.19504e-05 -0.0647752
-0.142967 -4.61447e-05 -0.0697452
-0.154892 -5.04069e-05 -0.0747162
-0.166819 -5.4737e-05 -0.0796884
-0.178747 -5.9135e-05 -0.0846616
-0.190677 -6.36009e-05 -0.0896358
-0.202609 -6.81347e-05 -0.0946111
-0.214543 -7.27364e-05 -0.0995876
-0.226479 -7.7406e-05 -0.104565
-0.238416 -8.21435e-05 -0.109544
-0.250355 -8.6949e-05 -0.114523
-0.232447 -7.97663e-05 -0.107054
-0.220511 -7.50627e-05 -0.102076
-0.208576 -7.04271e-05 -0.0970992
-0.196643 -6.58593e-05 -0.0921233
-0.184712 -6.13594e-05 -0.0871485
-0.172783 -5.69275e-05 -0.0821748
-0.160855 -5.25635e-05 -0.0772022
-0.148929 -4.82673e-05 -0.0722306
-0.137005 -4.40391e-05 -0.0672601
-0.125083 -3.98787e-05 -0.0622906
-0.113162 -3.57863e-05 -0.0573222
-0.101243 -3.17618e-05 -0.0523548
-0.0893264 -2.78051e-05 -0.0473885
-0.0774111 -2.39164e-05 -0.0424233
-0.0654975 -2.00956e-05 -0.0374591
-0.0535857 -1.63426e-05 -0.032496
-0.0416756 -1.26576e-05 -0.0275339
-0.0297673 -9.04044e-06 -0.0225728
-0.0178607 -5.4912e-06 -0.0176128
-0.00595587 -2.00985e-06 -0.0126538
0.00594725 1.4036e-06 -0.00769591
0.0178486 4.74915e-06 -0.00273901
0.0297483 8.0268e-06 0.00221686
0.0416462 1.12366e-05 0.00717171
0.0535424 1.43784e-05 0.0121255
0.0654369 1.74524e-05 0.0170783
0.0773297 2.04585e-05 0.0220301
0.0892207 2.33966e-05 0.0269808
0.10111 2.62669e-05 0.0319306
0.112998 2.90693e-05 0.0368793
0.124884 3.18038e-05 0.041827
0.136768 3.44704e-05 0.0467737
0.14865 3.70691e-05 0.0517194
0.160531 3.95999e-05 0.056664
0.17241 4.20628e-05 0.0616077
0.184287 4.44578e-05 0.0665504
0.196163 4.6785e-05 0.0714921
0.208037 4.90442e-05 0.0764328
0.219909 5.12355e-05 0.0813724
0.23178 5.3359e-05 0.0863111
0.243649 5.54145e-05 0.0912488
0.255516 5.74022e-05 0.0961856
0.267381 5.93219e-05 0.101121
0.279245 6.11738e-05 0.106056
0.291107 6.29578e-05 0.11099
0.302968 6.46739e-05 0.115923
0.314827 6.63221e-05 0.120854
0.326684 6.79023e-05 0.125785
0.338539 6.94147e-05 0.130715
0.350393 7.08592e-05 0.135644
0.362245 7.22358e-05 0.140572
0.374095 7.35446e-05 0.145499
0.385944 7.47854e-05 0.150425
0.397791 7.59583e-05 0.15535
0.409637 7.70633e-05 0.160274
0.42148 7.81004e-05 0.165197
0.433323 7.90697e-05 0.170119
0.445163 7.9971e-05 0.175041
0.457002 8.08044e-05 0.179961
0.468839 8.157e-05 0.18488
0.480674 8.22676e-05 0.189799
0.462921 8.11957e-05 0.182421
0.451083 8.03962e-05 0.177501
0.439243 7.95288e-05 0.17258
0.427402 7.85935e-05 0.167658
0.415559 7.75904e-05 0.162736
0.403714 7.65193e-05 0.157812
0.391868 7.53803e-05 0.152888
0.38002 7.41735e-05 0.147962
0.36817 7.28987e-05 0.143036
0.356319 7.1556e-05 0.138108
0.344466 7.01455e-05 0.13318
0.332612 6.8667e-05 0.12825
0.320755 6.71207e-05 0.12332
0.308897 6.55064e-05 0.118389
0.297038 6.38243e-05 0.113456
0.285177 6.20743e-05 0.108523
0.273314 6.02564e-05 0.103589
0.261449 5.83706e-05 0.0986535
0.249583 5.64168e-05 0.0937173
0.237715 5.43952e-05 0.0887801
0.225845 5.23057e-05 0.0838419
0.213973 5.01484e-05 0.0789027
0.2021 4.79231e-05 0.0739625
0.190225 4.56299e-05 0.0690214
0.178349 4.32688e-05 0.0640792
0.166471 4.08398e-05 0.059136
0.154591 3.8343e-05 0.0541918
0.142709 3.57782e-05 0.0492466
0.130826 3.31456e-05 0.0443005
0.118941 3.0445e-05 0.0393533
0.107054 2.76766e-05 0.034405
0.0951656 2.48403e-05 0.0294558
0.0832754 2.1936e-05 0.0245056
0.0713835 1.89639e-05 0.0195543
0.0594899 1.59239e-05 0.014602
0.0475945 1.2816e-05 0.00964874
0.0356975 9.64017e-06 0.00469441
0.0237987 6.39646e-06 -0.000260944
0.0118982 3.08486e-06 -0.00521733
-4.09714e-06 -2.94641e-07 -0.0101748
-0.0119081 -3.74204e-06 -0.0151332
-0.0238138 -7.25733e-06 -0.0200927
-0.0357213 -1.08405e-05 -0.0250532
-0.0476305 -1.44916e-05 -0.0300148
-0.0595414 -1.82106e-05 -0.0349774
-0.0714541 -2.19975e-05 -0.0399411
-0.0833685 -2.58523e-05 -0.0449058
-0.0952847 -2.9775e-05 -0.0498716
-0.107203 -3.37655e-05 -0.0548384
-0.119122 -3.7824e-05 -0.0598063
-0.131044 -4.19504e-05 -0.0647752
-0.142967 -4.61447e-05 -0.0697452
-0.154892 -5.04069e-05 -0.0747162
-0.166819 -5.4737e-05 -0.0796884
-0.178747 -5.9135e-05 -0.0846616
-0.190677 -6.36009e-05 -0.0896358
-0.202609 -6.81347e-05 -0.0946111
-0.214543 -7.27364e-05 -0.0995876
-0.226479 -7.7406e-05 -0.104565
-0.238416 -8.21435e-05 -0.109544
-0.250355 -8.6949e-05 -0.114523
-0.262296 -9.18223e-05 -0.119504
-0.274239 -9.67635e-05 -0.124486
-0.286183 -0.000101773 -0.129469
-0.298129 -0.00010685 -0.134453
-0.310077 -0.000111995 -0.139438
-0.322027 -0.000117208 -0.144424
-0.333979 -0.000122488 -0.149411
-0.345932 -0.000127837 -0.1544
-0.357887 -0.000133254 -0.159389
-0.369844 -0.000138738 -0.16438
-0.381803 -0.000144291 -0.169371
-0.393764 -0.000149911 -0.174364
-0.405726 -0.000155599 -0.179358
-0.41769 -0.000161356 -0.184353
-0.429656 -0.00016718 -0.189349
-0.441624 -0.000173072 -0.194347
-0.453594 -0.000179032 -0.199345
-0.465565 -0.00018506 -0.204345
-0.477539 -0.000191155 -0.209345
-0.489514 -0.000197319 -0.214347
-0.471552 -0.000188099 -0.206845
-0.459579 -0.000182037 -0.201845
-0.447609 -0.000176043 -0.196846
-0.43564 -0.000170117 -0.191848
-0.423673 -0.000164259 -0.186851
-0.411708 -0.000158469 -0.181856
-0.399745 -0.000152747 -0.176861
-0.387783 -0.000147092 -0.171868
-0.375824 -0.000141506 -0.166875
-0.363866 -0.000135988 -0.161884
-0.35191 -0.000130537 -0.156894
-0.339955 -0.000125154 -0.151905
-0.328003 -0.00011984 -0.146917
-0.316052 -0.000114593 -0.141931
-0.304103 -0.000109414 -0.136945
-0.292156 -0.000104303 -0.131961
-0.280211 -9.92596e-05 -0.126977
-0.268267 -9.42844e-05 -0.121995
-0.256325 -8.93771e-05 -0.117013
-0.244385 -8.45378e-05 -0.112033
-0.232447 -7.97663e-05 -0.107054
-0.220511 -7.50627e-05 -0.102076
-0.208576 -7.04271e-05 -0.0970992
-0.196643 -6.58593e-05 -0.0921233
-0.184712 -6.13594e-05 -0.0871485
-0.172783 -5.69275e-05 -0.0821748
-0.160855 -5.25635e-05 -0.0772022
-0.148929 -4.82673e-05 -0.0722306
-0.137005 -4.40391e-05 -0.0672601
-0.125083 -3.98787e-05 -0.0622906
-0.113162 -3.57863e-05 -0.0573222
-0.101243 -3.17618e-05 -0.0523548
-0.0893264 -2.78051e-05 -0.0473885
-0.0774111 -2.39164e-05 -0.0424233
-0.0654975 -2.00956e-05 -0.0374591
-0.0535857 -1.63426e-05 -0.032496
-0.0416756 -1.26576e-05 -0.0275339
-0.0297673 -9.04044e-06 -0.0225728
-0.0178607 -5.4912e-06 -0.0176128
-0.00595587 -2.00985e-06 -0.0126538
0.00594725 1.4036e-06 -0.00769591
0.0178486 4.74915e-06 -0.00273901
0.0297483 8.0268e-06 0.00221686
0.0416462 1.12366e-05 0.00717171
0.0535424 1.43784e-05 0.0121255
0.0654369 1.74524e-05 0.0170783
0.0773297 2.04585e-05 0.0220301
0.0892207 2.33966e-05 0.0269808
0.10111 2.62669e-05 0.0319306
0.112998 2.90693e-05 0.0368793
0.124884 3.18038e-05 0.041827
0.136768 3.44704e-05 0.0467737
0.14865 3.70691e-05 0.0517194
0.160531 3.95999e-05 0.056664
0.17241 4.20628e-05 0.0616077
0.184287 4.44578e-05 0.0665504
0.196163 4.6785e-05 0.0714921
0.208037 4.90442e-05 0.0764328
0.219909 5.12355e-05 0.0813724
0.23178 5.3359e-05 0.0863111
0.243649 5.54145e-05 0.0912488
0.255516 5.74022e-05 0.0961856
0.267381 5.93219e-05 0.101121
0.279245 6.11738e-05 0.106056
0.291107 6.29578e-05 0.11099
0.302968 6.46739e-05 0.115923
0.314827 6.63221e-05 0.120854
0.326684 6.79023e-05 0.125785
0.338539 6.94147e-05 0.130715
0.350393 7.08592e-05 0.135644
0.362245 7.22358e-05 0.140572
0.374095 7.35446e-05 0.145499
0.385944 7.47854e-05 0.150425
0.397791 7.59583e-05 0.15535
0.409637 7.70633e-05 0.160274
0.42148 7.81004e-05 0.165197
0.433323 7.90697e-05 0.170119
0.445163 7.9971e-05 0.175041
0.457002 8.08044e-05 0.179961
0.468839 8.157e-05 0.18488
0.480674 8.22676e-05 0.189799
0.492508 8.28974e-05 0.194716
0.504341 8.34592e-05 0.199633
0.516171 8.39532e-05 0.204548
0.528 8.43792e-05 0.209463
0.539827 8.47373e-05 0.214377
0.551653 8.50276e-05 0.21929
0.563477 8.52499e-05 0.224201
0.575299 8.54044e-05 0.229112
0.58712 8.54909e-05 0.234022
0.598939 8.55095e-05 0.238931
0.610757 8.54603e-05 0.24384
0.622573 8.53431e-05 0.248747
0.634387 8.5158e-05 0.253653
0.6462 8.49051e-05 0.258559
0.658011 8.45842e-05 0.263463
0.66982 8.41954e-05 0.268367
0.681628 8.37387e-05 0.27327
0.693434 8.32141e-05 0.278171
0.705238 8.26216e-05 0.283072
0.717041 8.19611e-05 0.287972
0.728843 8.12328e-05 0.292872
0.740643 8.04366e-05 0.29777
0.752441 7.95724e-05 0.302667
0.764237 7.86403e-05 0.307564
0.776032 7.76403e-05 0.312459
0.787826 7.65724e-05 0.317354
0.799617 7.54366e-05 0.322248
0.811408 7.42329e-05 0.327141
0.823196 7.29613e-05 0.332033
0.834983 7.16217e-05 0.336924
0.846769 7.02142e-05 0.341814
0.858552 6.87388e-05 0.346704
0.870335 6.71955e-05 0.351592
0.882115 6.55843e-05 0.35648
0.893894 6.39051e-05 0.361367
0.905672 6.2158e-05 0.366253
0.917448 6.0343e-05 0.371138
0.929222 5.84601e-05 0.376022
0.940995 5.65092e-05 0.380906
0.952767 5.44904e-05 0.385788
0.935109 5.74931e-05 0.378464
0.923335 5.941e-05 0.37358
0.91156 6.1259e-05 0.368696
0.899783 6.30401e-05 0.36381
0.888005 6.47532e-05 0.358924
0.876225 6.63984e-05 0.354036
0.864444 6.79757e-05 0.349148
0.852661 6.9485e-05 0.344259
0.840876 7.09265e-05 0.339369
0.82909 7.23e-05 0.334478
0.817302 7.36056e-05 0.329587
0.805513 7.48433e-05 0.324694
0.793722 7.6013e-05 0.319801
0.781929 7.71149e-05 0.314907
0.770135 7.81488e-05 0.310012
0.758339 7.91148e-05 0.305115
0.746542 8.0013e-05 0.300219
0.734743 8.08432e-05 0.295321
0.722942 8.16055e-05 0.290422
0.71114 8.22998e-05 0.285522
0.699336 8.29263e-05 0.280622
0.687531 8.34849e-05 0.275721
0.675724 8.39755e-05 0.270818
0.663915 8.43983e-05 0.265915
0.652105 8.47531e-05 0.261011
0.640293 8.504e-05 0.256106
0.62848 8.52591e-05 0.2512
0.616665 8.54102e-05 0.246293
0.604848 8.54934e-05 0.241386
0.59303 8.55087e-05 0.236477
0.58121 8.54561e-05 0.231567
0.569388 8.53356e-05 0.226657
0.557565 8.51472e-05 0.221746
0.54574 8.4891e-05 0.216833
0.533914 8.45668e-05 0.21192
0.522086 8.41747e-05 0.207006
0.510256 8.37147e-05 0.202091
0.498425 8.31868e-05 0.197175
0.486592 8.2591e-05 0.192258
0.474757 8.19273e-05 0.18734
0.462921 8.11957e-05 0.182421
0.451083 8.03962e-05 0.177501
0.439243 7.95288e-05 0.17258
0.427402 7.85935e-05 0.167658
0.415559 7.75904e-05 0.162736
0.403714 7.65193e-05 0.157812
0.391868 7.53803e-05 0.152888
0.38002 7.41735e-05 0.147962
0.36817 7.28987e-05 0.143036
0.356319 7.1556e-05 0.138108
0.344466 7.01455e-05 0.13318
0.332612 6.8667e-05 0.12825
0.320755 6.71207e-05 0.12332
0.308897 6.55064e-05 0.118389
0.297038 6.38243e-05 0.113456
0.285177 6.20743e-05 0.108523
0.273314 6.02564e-05 0.103589
0.261449 5.83706e-05 0.0986535
0.249583 5.64168e-05 0.0937173
0.237715 5.43952e-05 0.0887801
0.225845 5.23057e-05 0.0838419
0.213973 5.01484e-05 0.0789027
0.2021 4.79231e-05 0.0739625
0.190225 4.56299e-05 0.0690214
0.178349 4.32688e-05 0.0640792
0.166471 4.08398e-05 0.059136
0.154591 3.8343e-05 0.0541918
0.142709 3.57782e-05 0.0492466
0.130826 3.31456e-05 0.0443005
0.118941 3.0445e-05 0.0393533
0.107054 2.76766e-05 0.034405
0.0951656 2.48403e-05 0.0294558
0.0832754 2.1936e-05 0.0245056
0.0713835 1.89639e-05 0.0195543
0.0594899 1.59239e-05 0.014602
0.0475945 1.2816e-05 0.00964874
0.0356975 9.64017e-06 0.00469441
0.0237987 6.39646e-06 -0.000260944
0.0118982 3.08486e-06 -0.00521733
-4.09714e-06 -2.94641e-07 -0.0101748
-0.0119081 -3.74204e-06 -0.0151332
-0.0238138 -7.25733e-06 -0.0200927
-0.0357213 -1.08405e-05 -0.0250532
-0.0476305 -1.44916e-05 -0.0300148
-0.0595414 -1.82106e-05 -0.0349774
-0.0714541 -2.19975e-05 -0.0399411
-0.0833685 -2.58523e-05 -0.0449058
-0.0952847 -2.9775e-05 -0.0498716
-0.107203 -3.37655e-05 -0.0548384
-0.119122 -3.7824e-05 -0.0598063
-0.131044 -4.19504e-05 -0.0647752
-0.142967 -4.61447e-05 -0.0697452
-0.154892 -5.04069e-05 -0.0747162
-0.166819 -5.4737e-05 -0.0796884
-0.178747 -5.9135e-05 -0.0846616
-0.190677 -6.36009e-05 -0.0896358
-0.202609 -6.81347e-05 -0.0946111
-0.214543 -7.27364e-05 -0.0995876
-0.226479 -7.7406e-05 -0.104565
-0.238416 -8.21435e-05 -0.109544
-0.250355 -8.6949e-05 -0.114523
-0.262296 -9.18223e-05 -0.119504
-0.274239 -9.67635e-05 -0.124486
-0.286183 -0.000101773 -0.129469
-0.298129 -0.00010685 -0.134453
-0.310077 -0.000111995 -0.139438
-0.322027 -0.000117208 -0.144424
-0.333979 -0.000122488 -0.149411
-0.345932 -0.000127837 -0.1544
-0.357887 -0.000133254 -0.159389
-0.369844 -0.000138738 -0.16438
-0.381803 -0.000144291 -0.169371
-0.393764 -0.000149911 -0.174364
-0.405726 -0.000155599 -0.179358
-0.41769 -0.000161356 -0.184353
-0.429656 -0.00016718 -0.189349
-0.441624 -0.000173072 -0.194347
-0.453594 -0.000179032 -0.199345
-0.465565 -0.00018506 -0.204345
-0.477539 -0.000191155 -0.209345
-0.489514 -0.000197319 -0.214347
-0.501491 -0.000203551 -0.21935
-0.513469 -0.00020985 -0.224354
-0.52545 -0.000216218 -0.229359
-0.537432 -0.000222653 -0.234365
-0.549416 -0.000229157 -0.239373
-0.561402 -0.000235728 -0.244381
-0.57339 -0.000242367 -0.249391
-0.58538 -0.000249075 -0.254402
-0.597372 -0.00025585 -0.259414
-0.609365 -0.000262693 -0.264427
-0.62136 -0.000269604 -0.269442
-0.633357 -0.000276583 -0.274457
-0.645356 -0.000283629 -0.279474
-0.657357 -0.000290744 -0.284492
-0.66936 -0.000297927 -0.289511
-0.681364 -0.000305178 -0.294531
-0.693371 -0.000312496 -0.299552
-0.705379 -0.000319883 -0.304575
-0.717389 -0.000327337 -0.309598
-0.729401 -0.00033486 -0.314623
-0.741415 -0.00034245 -0.319649
-0.75343 -0.000350109 -0.324676
-0.765448 -0.000357835 -0.329705
-0.777467 -0.000365629 -0.334734
-0.789489 -0.000373491 -0.339765
-0.801512 -0.000381422 -0.344797
-0.813537 -0.00038942 -0.34983
-0.825564 -0.000397486 -0.354865
-0.837593 -0.00040562 -0.3599
-0.849623 -0.000413822 -0.364937
-0.861656 -0.000422092 -0.369975
-0.87369 -0.00043043 -0.375014
-0.885727 -0.000438836 -0.380054
-0.897765 -0.00044731 -0.385096
-0.909805 -0.000455852 -0.390139
-0.921847 -0.000464461 -0.395183
-0.933891 -0.000473139 -0.400228
-0.945937 -0.000481885 -0.405274
-0.957985 -0.000490699 -0.410322
-0.970035 -0.000499581 -0.415371
-0.951961 -0.000486283 -0.407798
-0.939914 -0.000477504 -0.402751
-0.927869 -0.000468792 -0.397705
-0.915826 -0.000460148 -0.392661
-0.903785 -0.000451572 -0.387617
-0.891746 -0.000443064 -0.382575
-0.879708 -0.000434624 -0.377534
-0.867673 -0.000426252 -0.372494
-0.855639 -0.000417948 -0.367456
-0.843608 -0.000409712 -0.362418
-0.831578 -0.000401544 -0.357382
-0.81955 -0.000393444 -0.352347
-0.807524 -0.000385412 -0.347314
-0.7955 -0.000377448 -0.342281
-0.783478 -0.000369552 -0.33725
-0.771457 -0.000361724 -0.33222
-0.759439 -0.000353963 -0.327191
-0.747422 -0.000346271 -0.322163
-0.735408 -0.000338646 -0.317136
-0.723395 -0.00033109 -0.312111
-0.711384 -0.000323602 -0.307086
-0.699375 -0.000316181 -0.302063
-0.687367 -0.000308828 -0.297041
-0.675362 -0.000301544 -0.292021
-0.663358 -0.000294327 -0.287001
-0.651357 -0.000287178 -0.281983
-0.639357 -0.000280097 -0.276965
-0.627359 -0.000273085 -0.271949
-0.615362 -0.00026614 -0.266934
-0.603368 -0.000259263 -0.261921
-0.591376 -0.000252454 -0.256908
-0.579385 -0.000245712 -0.251897
-0.567396 -0.000239039 -0.246886
-0.555409 -0.000232434 -0.241877
-0.543424 -0.000225897 -0.236869
-0.531441 -0.000219427 -0.231862
-0.519459 -0.000213026 -0.226856
-0.50748 -0.000206692 -0.221852
-0.495502 -0.000200427 -0.216848
-0.483526 -0.000194229 -0.211846
-0.471552 -0.000188099 -0.206845
-0.459579 -0.000182037 -0.201845
-0.447609 -0.000176043 -0.196846
-0.43564 -0.000170117 -0.191848
-0.423673 -0.000164259 -0.186851
-0.411708 -0.000158469 -0.181856
-0.399745 -0.000152747 -0.176861
-0.387783 -0.000147092 -0.171868
-0.375824 -0.000141506 -0.166875
-0.363866 -0.000135988 -0.161884
-0.35191 -0.000130537 -0.156894
-0.339955 -0.000125154 -0.151905
-0.328003 -0.00011984 -0.146917
-0.316052 -0.000114593 -0.141931
-0.304103 -0.000109414 -0.136945
-0.292156 -0.000104303 -0.131961
-0.280211 -9.92596e-05 -0.126977
-0.268267 -9.42844e-05 -0.121995
-0.256325 -8.93771e-05 -0.117013
-0.244385 -8.45378e-05 -0.112033
-0.232447 -7.97663e-05 -0.107054
-0.220511 -7.50627e-05 -0.102076
-0.208576 -7.04271e-05 -0.0970992
-0.196643 -6.58593e-05 -0.0921233
-0.184712 -6.13594e-05 -0.0871485
-0.172783 -5.69275e-05 -0.0821748
-0.160855 -5.25635e-05 -0.0772022
-0.148929 -4.82673e-05 -0.0722306
-0.137005 -4.40391e-05 -0.0672601
-0.125083 -3.98787e-05 -0.0622906
-0.113162 -3.57863e-05 -0.0573222
-0.101243 -3.17618e-05 -0.0523548
-0.0893264 -2.78051e-05 -0.0473885
-0.0774111 -2.39164e-05 -0.0424233
-0.0654975 -2.00956e-05 -0.0374591
-0.0535857 -1.63426e-05 -0.032496
-0.0416756 -1.26576e-05 -0.0275339
-0.0297673 -9.04044e-06 -0.0225728
-0.0178607 -5.4912e-06 -0.0176128
-0.00595587 -2.00985e-06 -0.0126538
0.00594725 1.4036e-06 -0.00769591
0.0178486 4.74915e-06 -0.00273901
0.0297483 8.0268e-06 0.00221686
0.0416462 1.12366e-05 0.00717171
0.0535424 1.43784e-05 0.0121255
0.0654369 1.74524e-05 0.0170783
0.0773297 2.04585e-05 0.0220301
0.0892207 2.33966e-05 0.0269808
0.10111 2.62669e-05 0.0319306
0.112998 2.90693e-05 0.0368793
0.124884 3.18038e-05 0.041827
0.136768 3.44704e-05 0.0467737
0.14865 3.70691e-05 0.0517194
0.160531 3.95999e-05 0.056664
0.17241 4.20628e-05 0.0616077
0.184287 4.44578e-05 0.0665504
0.196163 4.6785e-05 0.0714921
0.208037 4.90442e-05 0.0764328
0.219909 5.12355e-05 0.0813724
0.23178 5.3359e-05 0.0863111
0.243649 5.54145e-05 0.0912488
0.255516 5.74022e-05 0.0961856
0.267381 5.93219e-05 0.101121
0.279245 6.11738e-05 0.106056
0.291107 6.29578e-05 0.11099
0.302968 6.46739e-05 0.115923
0.314827 6.63221e-05 0.120854
0.326684 6.79023e-05 0.125785
0.338539 6.94147e-05 0.130715
0.350393 7.08592e-05 0.135644
0.362245 7.22358e-05 0.140572
0.374095 7.35446e-05 0.145499
0.385944 7.47854e-05 0.150425
0.397791 7.59583e-05 0.15535
0.409637 7.70633e-05 0.160274
0.42148 7.81004e-05 0.165197
0.433323 7.90697e-05 0.170119
0.445163 7.9971e-05 0.175041
0.457002 8.08044e-05 0.179961
0.468839 8.157e-05 0.18488
0.480674 8.22676e-05 0.189799
0.492508 8.28974e-05 0.194716
0.504341 8.34592e-05 0.199633
0.516171 8.39532e-05 0.204548
0.528 8.43792e-05 0.209463
0.539827 8.47373e-05 0.214377
0.551653 8.50276e-05 0.21929
0.563477 8.52499e-05 0.224201
0.575299 8.54044e-05 0.229112
0.58712 8.54909e-05 0.234022
0.598939 8.55095e-05 0.238931
0.610757 8.54603e-05 0.24384
0.622573 8.53431e-05 0.248747
0.634387 8.5158e-05 0.253653
0.6462 8.49051e-05 0.258559
0.658011 8.45842e-05 0.263463
0.66982 8.41954e-05 0.268367
0.681628 8.37387e-05 0.27327
0.693434 8.32141e-05 0.278171
0.705238 8.26216e-05 0.283072
0.717041 8.19611e-05 0.287972
0.728843 8.12328e-05 0.292872
0.740643 8.04366e-05 0.29777
0.752441 7.95724e-05 0.302667
0.764237 7.86403e-05 0.307564
0.776032 7.76403e-05 0.312459
0.787826 7.65724e-05 0.317354
0.799617 7.54366e-05 0.322248
0.811408 7.42329e-05 0.327141
0.823196 7.29613e-05 0.332033
0.834983 7.16217e-05 0.336924
0.846769 7.02142e-05 0.341814
0.858552 6.87388e-05 0.346704
0.870335 6.71955e-05 0.351592
0.882115 6.55843e-05 0.35648
0.893894 6.39051e-05 0.361367
0.905672 6.2158e-05 0.366253
0.917448 6.0343e-05 0.371138
0.929222 5.84601e-05 0.376022
0.940995 5.65092e-05 0.380906
0.952767 5.44904e-05 0.385788
0.964536 5.24037e-05 0.39067
0.976304 5.02491e-05 0.395551
0.988071 4.80265e-05 0.400431
0.999836 4.5736e-05 0.40531
1.0116 4.33775e-05 0.410189
1.02336 4.09511e-05 0.415066
1.03512 3.84568e-05 0.419943
1.04688 3.58946e-05 0.424819
1.05864 3.32644e-05 0.429694
1.07039 3.05662e-05 0.434568
1.08215 2.78002e-05 0.439441
1.0939 2.49662e-05 0.444314
1.10565 2.20642e-05 0.449186
1.1174 1.90943e-05 0.454057
1.12915 1.60565e-05 0.458927
1.1409 1.29507e-05 0.463796
1.15264 9.77692e-06 0.468665
1.16438 6.53522e-06 0.473532
1.17613 3.22558e-06 0.478399
1.18787 -1.52023e-07 0.483265
1.17026 4.88889e-06 0.475966
1.15851 8.16456e-06 0.471098
1.14677 1.13723e-05 0.46623
1.13502 1.45121e-05 0.461361
1.12328 1.75839e-05 0.456492
1.11153 2.05877e-05 0.451621
1.09978 2.35237e-05 0.44675
1.08802 2.63917e-05 0.441878
1.07627 2.91917e-05 0.437005
1.06452 3.19238e-05 0.432131
1.05276 3.4588e-05 0.427256
1.041 3.71842e-05 0.422381
1.02924 3.97125e-05 0.417505
1.01748 4.21728e-05 0.412628
1.00572 4.45652e-05 0.40775
0.993954 4.68897e-05 0.402871
0.982188 4.91463e-05 0.397991
0.97042 5.13349e-05 0.393111
0.958652 5.34556e-05 0.388229
0.946881 5.55083e-05 0.383347
0.935109 5.74931e-05 0.378464
0.923335 5.941e-05 0.37358
0.91156 6.1259e-05 0.368696
0.899783 6.30401e-05 0.36381
0.888005 6.47532e-05 0.358924
0.876225 6.63984e-05 0.354036
0.864444 6.79757e-05 0.349148
0.852661 6.9485e-05 0.344259
0.840876 7.09265e-05 0.339369
0.82909 7.23e-05 0.334478
0.817302 7.36056e-05 0.329587
0.805513 7.48433e-05 0.324694
0.793722 7.6013e-05 0.319801
0.781929 7.71149e-05 0.314907
0.770135 7.81488e-05 0.310012
0.758339 7.91148e-05 0.305115
0.746542 8.0013e-05 0.300219
0.734743 8.08432e-05 0.295321
0.722942 8.16055e-05 0.290422
0.71114 8.22998e-05 0.285522
0.699336 8.29263e-05 0.280622
0.687531 8.34849e-05 0.275721
0.675724 8.39755e-05 0.270818
0.663915 8.43983e-05 0.265915
0.652105 8.47531e-05 0.261011
0.640293 8.504e-05 0.256106
0.62848 8.52591e-05 0.2512
0.616665 8.54102e-05 0.246293
0.604848 8.54934e-05 0.241386
0.59303 8.55087e-05 0.236477
0.58121 8.54561e-05 0.231567
0.569388 8.53356e-05 0.226657
0.557565 8.51472e-05 0.221746
0.54574 8.4891e-05 0.216833
0.533914 8.45668e-05 0.21192
0.522086 8.41747e-05 0.207006
0.510256 8.37147e-05 0.202091
0.498425 8.31868e-05 0.197175
0.486592 8.2591e-05 0.192258
0.474757 8.19273e-05 0.18734
0.462921 8.11957e-05 0.182421
0.451083 8.03962e-05 0.177501
0.439243 7.95288e-05 0.17258
0.427402 7.85935e-05 0.167658
0.415559 7.75904e-05 0.162736
0.403714 7.65193e-05 0.157812
0.391868 7.53803e-05 0.152888
0.38002 7.41735e-05 0.147962
0.36817 7.28987e-05 0.143036
0.356319 7.1556e-05 0.138108
0.344466 7.01455e-05 0.13318
0.332612 6.8667e-05 0.12825
0.320755 6.71207e-05 0.12332
0.308897 6.55064e-05 0.118389
0.297038 6.38243e-05 0.113456
0.285177 6.20743e-05 0.108523
0.273314 6.02564e-05 0.103589
0.261449 5.83706e-05 0.0986535
0.249583 5.64168e-05 0.0937173
0.237715 5.43952e-05 0.0887801
0.225845 5.23057e-05 0.0838419
0.213973 5.01484e-05 0.0789027
0.2021 4.79231e-05 0.0739625
0.190225 4.56299e-05 0.0690214
0.178349 4.32688e-05 0.0640792
0.166471 4.08398e-05 0.059136
0.154591 3.8343e-05 0.0541918
0.142709 3.57782e-05 0.0492466
0.130826 3.31456e-05 0.0443005
0.118941 3.0445e-05 0.0393533
0.107054 2.76766e-05 0.034405
0.0951656 2.48403e-05 0.0294558
0.0832754 2.1936e-05 0.0245056
0.0713835 1.89639e-05 0.0195543
0.0594899 1.59239e-05 0.014602
0.0475945 1.2816e-05 0.00964874
0.0356975 9.64017e-06 0.00469441
0.0237987 6.39646e-06 -0.000260944
0.0118982 3.08486e-06 -0.00521733
-4.09714e-06 -2.94641e-07 -0.0101748
-0.0119081 -3.74204e-06 -0.0151332
-0.0238138 -7.25733e-06 -0.0200927
-0.0357213 -1.08405e-05 -0.0250532
-0.0476305 -1.44916e-05 -0.0300148
-0.0595414 -1.82106e-05 -0.0349774
-0.0714541 -2.19975e-05 -0.0399411
-0.0833685 -2.58523e-05 -0.0449058
-0.0952847 -2.9775e-05 -0.0498716
-0.107203 -3.37655e-05 -0.0548384
-0.119122 -3.7824e-05 -0.0598063
-0.131044 -4.19504e-05 -0.0647752
-0.142967 -4.61447e-05 -0.0697452
-0.154892 -5.04069e-05 -0.0747162
-0.166819 -5.4737e-05 -0.0796884
-0.178747 -5.9135e-05 -0.0846616
-0.190677 -6.36009e-05 -0.0896358
-0.202609 -6.81347e-05 -0.0946111
-0.214543 -7.27364e-05 -0.0995876
-0.226479 -7.7406e-05 -0.104565
-0.238416 -8.21435e-05 -0.109544
-0.250355 -8.6949e-05 -0.114523
-0.262296 -9.18223e-05 -0.119504
-0.274239 -9.67635e-05 -0.124486
-0.286183 -0.000101773 -0.129469
-0.298129 -0.00010685 -0.134453
-0.310077 -0.000111995 -0.139438
-0.322027 -0.000117208 -0.144424
-0.333979 -0.000122488 -0.149411
-0.345932 -0.000127837 -0.1544
-0.357887 -0.000133254 -0.159389
-0.369844 -0.000138738 -0.16438
-0.381803 -0.000144291 -0.169371
-0.393764 -0.000149911 -0.174364
-0.405726 -0.000155599 -0.179358
-0.41769 -0.000161356 -0.184353
-0.429656 -0.00016718 -0.189349
-0.441624 -0.000173072 -0.194347
-0.453594 -0.000179032 -0.199345
-0.465565 -0.00018506 -0.204345
-0.477539 -0.000191155 -0.209345
-0.489514 -0.000197319 -0.214347
-0.501491 -0.000203551 -0.21935
-0.513469 -0.00020985 -0.224354
-0.52545 -0.000216218 -0.229359
-0.537432 -0.000222653 -0.234365
-0.549416 -0.000229157 -0.239373
-0.561402 -0.000235728 -0.244381
-0.57339 -0.000242367 -0.249391
-0.58538 -0.000249075 -0.254402
-0.597372 -0.00025585 -0.259414
-0.609365 -0.000262693 -0.264427
-0.62136 -0.000269604 -0.269442
-0.633357 -0.000276583 -0.274457
-0.645356 -0.000283629 -0.279474
-0.657357 -0.000290744 -0.284492
-0.66936 -0.000297927 -0.289511
-0.681364 -0.000305178 -0.294531
-0.693371 -0.000312496 -0.299552
-0.705379 -0.000319883 -0.304575
-0.717389 -0.000327337 -0.309598
-0.729401 -0.00033486 -0.314623
-0.741415 -0.00034245 -0.319649
-0.75343 -0.000350109 -0.324676
-0.765448 -0.000357835 -0.329705
-0.777467 -0.000365629 -0.334734
-0.789489 -0.000373491 -0.339765
-0.801512 -0.000381422 -0.344797
-0.813537 -0.00038942 -0.34983
-0.825564 -0.000397486 -0.354865
-0.837593 -0.00040562 -0.3599
-0.849623 -0.000413822 -0.364937
-0.861656 -0.000422092 -0.369975
-0.87369 -0.00043043 -0.375014
-0.885727 -0.000438836 -0.380054
-0.897765 -0.00044731 -0.385096
-0.909805 -0.000455852 -0.390139
-0.921847 -0.000464461 -0.395183
-0.933891 -0.000473139 -0.400228
-0.945937 -0.000481885 -0.405274
-0.957985 -0.000490699 -0.410322
-0.970035 -0.000499581 -0.415371
-0.982086 -0.00050853 -0.420421
-0.99414 -0.000517548 -0.425472
-1.0062 -0.000526634 -0.430525
-1.01825 -0.000535787 -0.435579
-1.03031 -0.000545009 -0.440634
-1.04237 -0.000554299 -0.44569
-1.05444 -0.000563656 -0.450748
-1.0665 -0.000573082 -0.455806
-1.07857 -0.000582576 -0.460866
-1.09064 -0.000592137 -0.465928
-1.10271 -0.000601767 -0.47099
-1.11478 -0.000611465 -0.476054
-1.12686 -0.00062123 -0.481119
-1.13893 -0.000631064 -0.486185
-1.15101 -0.000640966 -0.491253
-1.16309 -0.000650935 -0.496321
-1.17517 -0.000660973 -0.501392
-1.18726 -0.000671079 -0.506463
-1.19934 -0.000681252 -0.511535
-1.21143 -0.000691494 -0.516609
-1.1933 -0.000676157 -0.508999
-1.18122 -0.000666017 -0.503927
-1.16913 -0.000655946 -0.498856
-1.15705 -0.000645942 -0.493787
-1.14497 -0.000636006 -0.488719
-1.13289 -0.000626139 -0.483652
-1.12082 -0.000616339 -0.478586
-1.10874 -0.000606607 -0.473522
-1.09667 -0.000596944 -0.468459
-1.0846 -0.000587348 -0.463397
-1.07253 -0.00057782 -0.458336
-1.06047 -0.000568361 -0.453277
-1.0484 -0.000558969 -0.448219
-1.03634 -0.000549645 -0.443162
-1.02428 -0.00054039 -0.438106
-1.01222 -0.000531202 -0.433052
-1.00017 -0.000522082 -0.427999
-0.988113 -0.000513031 -0.422947
-0.97606 -0.000504047 -0.417896
-0.964009 -0.000495131 -0.412846
-0.951961 -0.000486283 -0.407798
-0.939914 -0.000477504 -0.402751
-0.927869 -0.000468792 -0.397705
-0.915826 -0.000460148 -0.392661
-0.903785 -0.000451572 -0.387617
-0.891746 -0.000443064 -0.382575
-0.879708 -0.000434624 -0.377534
-0.867673 -0.000426252 -0.372494
-0.855639 -0.000417948 -0.367456
-0.843608 -0.000409712 -0.362418
-0.831578 -0.000401544 -0.357382
-0.81955 -0.000393444 -0.352347
-0.807524 -0.000385412 -0.347314
-0.7955 -0.000377448 -0.342281
-0.783478 -0.000369552 -0.33725
-0.771457 -0.000361724 -0.33222
-0.759439 -0.000353963 -0.327191
-0.747422 -0.000346271 -0.322163
-0.735408 -0.000338646 -0.317136
-0.723395 -0.00033109 -0.312111
-0.711384 -0.000323602 -0.307086
-0.699375 -0.000316181 -0.302063
-0.687367 -0.000308828 -0.297041
-0.675362 -0.000301544 -0.292021
-0.663358 -0.000294327 -0.287001
-0.651357 -0.000287178 -0.281983
-0.639357 -0.000280097 -0.276965
-0.627359 -0.000273085 -0.271949
-0.615362 -0.00026614 -0.266934
-0.603368 -0.000259263 -0.261921
-0.591376 -0.000252454 -0.256908
-0.579385 -0.000245712 -0.251897
-0.567396 -0.000239039 -0.246886
-0.555409 -0.000232434 -0.241877
-0.543424 -0.000225897 -0.236869
-0.531441 -0.000219427 -0.231862
-0.519459 -0.000213026 -0.226856
-0.50748 -0.000206692 -0.221852
-0.495502 -0.000200427 -0.216848
-0.483526 -0.000194229 -0.211846
-0.471552 -0.000188099 -0.206845
-0.459579 -0.000182037 -0.201845
-0.447609 -0.000176043 -0.196846
-0.43564 -0.000170117 -0.191848
-0.423673 -0.000164259 -0.186851
-0.411708 -0.000158469 -0.181856
-0.399745 -0.000152747 -0.176861
-0.387783 -0.000147092 -0.171868
-0.375824 -0.000141506 -0.166875
-0.363866 -0.000135988 -0.161884
-0.35191 -0.000130537 -0.156894
-0.339955 -0.000125154 -0.151905
-0.328003 -0.00011984 -0.146917
-0.316052 -0.000114593 -0.141931
-0.304103 -0.000109414 -0.136945
-0.292156 -0.000104303 -0.131961
-0.280211 -9.92596e-05 -0.126977
-0.268267 -9.42844e-05 -0.121995
-0.256325 -8.93771e-05 -0.117013
-0.244385 -8.45378e-05 -0.112033
-0.232447 -7.97663e-05 -0.107054
-0.220511 -7.50627e-05 -0.102076
-0.208576 -7.04271e-05 -0.0970992
-0.196643 -6.58593e-05 -0.0921233
-0.184712 -6.13594e-05 -0.0871485
-0.172783 -5.69275e-05 -0.0821748
-0.160855 -5.25635e-05 -0.0772022
-0.148929 -4.82673e-05 -0.0722306
-0.137005 -4.40391e-05 -0.0672601
-0.125083 -3.98787e-05 -0.0622906
-0.113162 -3.57863e-05 -0.0573222
-0.101243 -3.17618e-05 -0.0523548
-0.0893264 -2.78051e-05 -0.0473885
-0.0774111 -2.39164e-05 -0.0424233
-0.0654975 -2.00956e-05 -0.0374591
-0.0535857 -1.63426e-05 -0.032496
-0.0416756 -1.26576e-05 -0.0275339
-0.0297673 -9.04044e-06 -0.0225728
-0.0178607 -5.4912e-06 -0.0176128
-0.00595587 -2.00985e-06 -0.0126538
0.00594725 1.4036e-06 -0.00769591
