-2.15066e-06 -1.43774e-14 -0.0596251
0.649147 1.58018e-15 -0.107198
1.08191 -5.85724e-15 -0.138914
1.51467 -2.11399e-15 -0.170631
1.94743 9.60811e-15 -0.202348
2.38019 7.39282e-15 -0.234066
2.81295 6.68455e-15 -0.265785
3.24571 -6.05241e-15 -0.297505
3.67846 -6.61291e-16 -0.329226
4.11121 -2.33794e-14 -0.360947
4.54397 -1.26452e-14 -0.392669
4.97671 1.22018e-15 -0.424392
5.40946 -2.40325e-15 -0.456115
5.84221 -7.10721e-16 -0.487839
6.27495 7.55691e-15 -0.519564
6.7077 5.13146e-15 -0.55129
7.14044 -2.35023e-15 -0.583016
7.57318 -7.00556e-15 -0.614743
8.00592 2.33929e-15 -0.64647
8.43866 -5.0132e-15 -0.678199
8.87139 -1.82858e-15 -0.709928
8.22229 3.81686e-16 -0.662335
7.78955 6.29177e-15 -0.630606
7.35681 1.09161e-14 -0.598879
6.92407 4.33321e-15 -0.567153
6.49133 9.62078e-16 -0.535427
6.05858 5.41101e-15 -0.503701
5.62584 3.79308e-15 -0.471977
5.19309 -7.00785e-15 -0.440253
4.76034 9.09349e-15 -0.40853
4.32759 -5.62075e-15 -0.376808
3.89484 2.69196e-15 -0.345086
3.46208 3.06113e-15 -0.313365
3.02933 3.21944e-15 -0.281645
2.59657 1.48697e-14 -0.249926
2.16381 -8.98565e-15 -0.218207
1.73105 -1.08871e-14 -0.186489
1.29829 -3.81646e-16 -0.154772
0.865529 1.43604e-15 -0.123056
0.432764 -2.78139e-15 -0.09134
-2.15121e-06 -1.01391e-14 -0.0596251
-0.43277 -5.68214e-15 -0.0279109
-0.86554 2.22644e-15 0.00380254
-1.29831 -1.93321e-15 0.0355152
-1.73109 -5.03748e-15 0.0672271
-2.16386 -6.45098e-15 0.0989382
-2.59664 9.95788e-15 0.130649
-3.02942 -3.60801e-15 0.162358
-3.4622 7.03355e-15 0.194067
-3.89498 -3.42005e-15 0.225775
-4.32776 2.07184e-15 0.257482
-4.76055 6.67432e-15 0.289189
-5.19334 1.72597e-15 0.320894
-5.62612 9.13607e-15 0.352599
-6.05892 7.18069e-15 0.384303
-6.49171 -6.66343e-15 0.416007
-6.9245 1.04578e-14 0.447709
-7.3573 4.58391e-15 0.479411
-7.7901 3.00266e-15 0.511112
-8.2229 5.95844e-15 0.542812
-8.6557 3.05817e-15 0.574511
-9.08851 -9.3513e-17 0.60621
-8.4393 7.28256e-15 0.558662
-8.0065 5.97483e-15 0.526962
-7.5737 5.6154e-15 0.495262
-7.1409 -1.92585e-15 0.46356
-6.70811 -1.29461e-14 0.431858
-6.27531 1.20389e-14 0.400155
-5.84252 -2.98679e-16 0.368452
-5.40973 -1.30208e-15 0.336747
-4.97694 4.19387e-15 0.305042
-4.54415 -9.58349e-15 0.273336
-4.11137 -4.32751e-15 0.241629
-3.67859 -8.46931e-15 0.209921
-3.24581 1.13434e-14 0.178213
-2.81303 -3.1457e-15 0.146503
-2.38025 2.84587e-15 0.114794
-1.94747 -6.57097e-16 0.0830828
-1.5147 -5.53542e-15 0.0513712
-1.08193 5.3378e-15 0.019659
-0.649155 -6.93441e-15 -0.0120541
-0.216386 5.72231e-15 -0.0437679
0.216381 2.46633e-15 -0.0754824
0.649147 -9.13949e-16 -0.107198
1.08191 -4.04648e-15 -0.138914
1.51467 -1.58677e-15 -0.170631
1.94743 2.54213e-15 -0.202348
2.38019 1.80633e-15 -0.234066
2.81295 7.8569e-15 -0.265785
3.24571 -1.28395e-14 -0.297505
3.67846 2.59432e-15 -0.329226
4.11121 6.70825e-15 -0.360947
4.54397 7.54817e-15 -0.392669
4.97671 -9.43701e-15 -0.424392
5.40946 -8.09101e-15 -0.456115
5.84221 9.64893e-15 -0.487839
6.27495 7.56955e-15 -0.519564
6.7077 -8.28278e-15 -0.55129
7.14044 -4.28533e-15 -0.583016
7.57318 5.09824e-15 -0.614743
8.00592 -1.31958e-15 -0.64647
8.43866 -2.38643e-16 -0.678199
8.87139 -5.2778e-15 -0.709928
9.30413 -1.62341e-16 -0.741658
9.73686 4.459e-15 -0.773388
10.1696 -2.59833e-15 -0.805119
10.6023 5.49706e-15 -0.836851
11.0351 -8.5135e-15 -0.868584
11.4678 3.89861e-17 -0.900317
11.9005 1.44698e-14 -0.932051
12.3332 -8.09147e-15 -0.963785
12.766 1.66132e-14 -0.99552
13.1987 -1.16113e-14 -1.02726
13.6314 -4.08226e-15 -1.05899
14.0641 -9.12791e-15 -1.09073
14.4968 -2.72109e-15 -1.12247
14.9296 -1.57459e-15 -1.15421
15.3623 4.86153e-15 -1.18595
15.795 -3.39873e-15 -1.21769
16.2277 -2.88579e-15 -1.24943
16.6604 -3.21022e-15 -1.28117
17.0931 6.4884e-15 -1.31291
17.5258 2.70061e-15 -1.34465
16.8768 5.24093e-15 -1.29704
16.444 1.98877e-14 -1.2653
16.0113 1.27242e-14 -1.23356
15.5786 -6.21617e-15 -1.20182
15.1459 3.49432e-15 -1.17008
14.7132 4.46414e-16 -1.13834
14.2805 2.9412e-15 -1.1066
13.8478 -7.44362e-16 -1.07486
13.415 9.73434e-16 -1.04312
12.9823 2.75275e-15 -1.01139
12.5496 5.73668e-15 -0.979653
12.1169 -3.93151e-15 -0.947918
11.6841 9.728e-16 -0.916184
11.2514 -2.02668e-15 -0.88445
10.8187 3.01775e-15 -0.852717
10.386 -8.96837e-15 -0.820985
9.95323 -7.90605e-16 -0.789254
9.52049 4.84994e-15 -0.757523
9.08776 3.49484e-15 -0.725793
8.65503 -4.27732e-15 -0.694063
8.22229 3.63398e-15 -0.662335
7.78955 4.41872e-15 -0.630606
7.35681 2.71756e-15 -0.598879
6.92407 1.82315e-14 -0.567153
6.49133 -9.55121e-15 -0.535427
6.05858 -1.05734e-14 -0.503701
5.62584 -2.25685e-14 -0.471977
5.19309 -9.90151e-15 -0.440253
4.76034 -1.51971e-15 -0.40853
4.32759 1.36018e-15 -0.376808
3.89484 -1.38011e-14 -0.345086
3.46208 3.70427e-15 -0.313365
3.02933 2.35649e-14 -0.281645
2.59657 4.01535e-15 -0.249926
2.16381 7.35598e-15 -0.218207
1.73105 2.14426e-15 -0.186489
1.29829 -8.69891e-15 -0.154772
0.865529 -6.24101e-15 -0.123056
0.432764 6.9807e-15 -0.09134
-2.15121e-06 -6.77525e-16 -0.0596251
-0.43277 2.76993e-15 -0.0279109
-0.86554 2.34245e-15 0.00380254
-1.29831 -2.81373e-15 0.0355152
-1.73109 -4.27049e-15 0.0672271
-2.16386 -4.46402e-15 0.0989382
-2.59664 -1.16928e-14 0.130649
-3.02942 1.25187e-14 0.162358
-3.4622 -3.0446e-15 0.194067
-3.89498 -1.41956e-14 0.225775
-4.32776 -3.79577e-15 0.257482
-4.76055 3.08699e-15 0.289189
-5.19334 -2.63553e-15 0.320894
-5.62612 -1.29866e-14 0.352599
-6.05892 1.91834e-15 0.384303
-6.49171 -7.41427e-15 0.416007
-6.9245 -1.7446e-14 0.447709
-7.3573 8.75904e-15 0.479411
-7.7901 -2.17407e-15 0.511112
-8.2229 8.02595e-16 0.542812
-8.6557 -1.03758e-14 0.574511
-9.08851 -3.08699e-15 0.60621
-9.52131 1.80992e-15 0.637908
-9.95412 -1.66941e-14 0.669604
-10.3869 7.68663e-15 0.7013
-10.8197 2.55806e-15 0.732996
-11.2526 -1.70287e-15 0.76469
-11.6854 -2.87974e-15 0.796384
-12.1182 -5.69214e-15 0.828076
-12.551 -3.21672e-15 0.859768
-12.9838 1.25553e-15 0.891459
-13.4167 2.84753e-16 0.92315
-13.8495 2.36135e-15 0.954839
-14.2823 3.62422e-15 0.986528
-14.7151 8.07129e-15 1.01822
-15.148 1.35278e-14 1.0499
-15.5808 -7.40444e-15 1.08159
-16.0136 -9.91256e-16 1.11327
-16.4465 -5.09028e-15 1.14496
-16.8793 3.96243e-15 1.17664
-17.3122 1.23765e-14 1.20832
-17.745 -4.05428e-16 1.24001
-17.0957 2.35803e-15 1.19248
-16.6629 -1.12343e-15 1.1608
-16.2301 -4.72491e-15 1.12912
-15.7972 -1.14987e-17 1.09743
-15.3644 -4.50718e-15 1.06575
-14.9316 6.18627e-15 1.03406
-14.4987 5.89824e-15 1.00237
-14.0659 -8.95755e-16 0.970683
-13.6331 9.98274e-15 0.938994
-13.2002 9.93552e-16 0.907305
-12.7674 -6.35364e-15 0.875614
-12.3346 3.87291e-15 0.843922
-11.9018 5.79694e-15 0.81223
-11.469 1.19672e-14 0.780537
-11.0361 -1.81258e-15 0.748843
-10.6033 2.01117e-15 0.717148
-10.1705 -6.92635e-15 0.685453
-9.73772 2.59166e-17 0.653756
-9.30491 6.94409e-15 0.622059
-8.8721 4.94415e-15 0.590361
-8.4393 1.83842e-17 0.558662
-8.0065 -5.12656e-15 0.526962
-7.5737 -1.42595e-15 0.495262
-7.1409 7.77481e-15 0.46356
-6.70811 -5.97677e-15 0.431858
-6.27531 -6.0647e-16 0.400155
-5.84252 -3.26254e-16 0.368452
-5.40973 7.23415e-15 0.336747
-4.97694 -1.0464e-14 0.305042
-4.54415 -2.48603e-15 0.273336
-4.11137 5.43672e-15 0.241629
-3.67859 3.97933e-15 0.209921
-3.24581 5.47591e-15 0.178213
-2.81303 2.63066e-15 0.146503
-2.38025 1.19354e-16 0.114794
-1.94747 8.29488e-15 0.0830828
-1.5147 5.03135e-15 0.0513712
-1.08193 1.51451e-15 0.019659
-0.649155 -4.48603e-15 -0.0120541
-0.216386 -1.50999e-14 -0.0437679
0.216381 2.5657e-14 -0.0754824
0.649147 -1.52585e-15 -0.107198
1.08191 -2.99785e-15 -0.138914
1.51467 -4.30696e-16 -0.170631
1.94743 -7.06495e-15 -0.202348
2.38019 1.1416e-14 -0.234066
2.81295 2.00974e-15 -0.265785
3.24571 2.77649e-15 -0.297505
3.67846 4.34877e-15 -0.329226
4.11121 -1.36956e-15 -0.360947
4.54397 -5.59451e-15 -0.392669
4.97671 1.18253e-14 -0.424392
5.40946 -8.8897e-15 -0.456115
5.84221 -9.17821e-15 -0.487839
6.27495 -7.7797e-15 -0.519564
6.7077 -7.23395e-15 -0.55129
7.14044 3.18796e-15 -0.583016
7.57318 4.16602e-15 -0.614743
8.00592 1.18978e-15 -0.64647
8.43866 6.85979e-15 -0.678199
8.87139 8.39625e-15 -0.709928
9.30413 3.15722e-15 -0.741658
9.73686 1.01316e-14 -0.773388
10.1696 -5.22342e-15 -0.805119
10.6023 3.15391e-15 -0.836851
11.0351 -8.52603e-17 -0.868584
11.4678 -5.4488e-15 -0.900317
11.9005 1.65328e-15 -0.932051
12.3332 -6.30274e-15 -0.963785
12.766 4.04391e-15 -0.99552
13.1987 6.83624e-16 -1.02726
13.6314 -4.30849e-17 -1.05899
14.0641 -4.35085e-15 -1.09073
14.4968 4.70503e-17 -1.12247
14.9296 4.31387e-15 -1.15421
15.3623 -7.98495e-15 -1.18595
15.795 5.17813e-15 -1.21769
16.2277 2.83651e-15 -1.24943
16.6604 2.05085e-16 -1.28117
17.0931 8.12017e-15 -1.31291
17.5258 -4.65342e-15 -1.34465
17.9585 -3.40533e-15 -1.37639
18.3912 2.7204e-14 -1.40814
18.8239 1.38196e-15 -1.43988
19.2567 7.07089e-16 -1.47163
19.6894 6.79245e-15 -1.50337
20.1221 -1.71949e-15 -1.53512
20.5548 -3.1286e-14 -1.56687
20.9875 -1.32625e-14 -1.59861
21.4202 5.95183e-15 -1.63036
21.8529 7.17163e-17 -1.66211
22.2855 -3.84297e-15 -1.69386
22.7182 8.67235e-15 -1.72561
23.1509 3.34032e-15 -1.75736
23.5836 -4.17235e-15 -1.78911
24.0163 -8.92803e-16 -1.82086
24.449 -7.01853e-15 -1.85262
24.8817 -8.17881e-15 -1.88437
25.3144 6.61789e-16 -1.91612
25.7471 2.77834e-14 -1.94788
26.1798 -1.76055e-14 -1.97963
26.6125 2.62404e-14 -2.01139
27.0451 1.27076e-14 -2.04314
27.4778 -1.19461e-14 -2.0749
27.9105 3.11572e-14 -2.10666
28.3432 1.45122e-14 -2.13841
28.7759 1.36606e-14 -2.17017
29.2085 -3.0048e-14 -2.20193
29.6412 -3.64499e-14 -2.23369
30.0739 -2.29752e-14 -2.26545
30.5066 -2.56956e-14 -2.29721
30.9393 2.28204e-14 -2.32897
31.3719 -9.35854e-15 -2.36073
31.8046 3.25041e-14 -2.39249
32.2373 -6.14934e-14 -2.42426
32.67 -5.71426e-15 -2.45602
33.1026 1.88088e-14 -2.48778
33.5353 -6.41923e-14 -2.51955
33.968 1.48183e-14 -2.55131
34.4006 2.17824e-14 -2.58308
34.8333 3.78682e-14 -2.61484
34.1843 -5.49219e-14 -2.56719
33.7516 -8.48159e-14 -2.53543
33.319 -1.55388e-14 -2.50367
32.8863 2.68114e-14 -2.4719
32.4536 7.55012e-14 -2.44014
32.0209 1.08768e-14 -2.40837
31.5883 -2.43246e-14 -2.37661
31.1556 4.96613e-15 -2.34485
30.7229 7.39843e-15 -2.31309
30.2902 -1.05455e-14 -2.28133
29.8576 1.78981e-14 -2.24957
29.4249 8.5974e-15 -2.21781
28.9922 8.39701e-15 -2.18605
28.5595 -1.14358e-14 -2.15429
28.1268 -1.28435e-14 -2.12253
27.6942 -1.97973e-14 -2.09078
27.2615 -2.878e-14 -2.05902
26.8288 2.4892e-15 -2.02726
26.3961 7.03397e-15 -1.99551
25.9634 -4.91463e-15 -1.96375
25.5307 5.66927e-15 -1.932
25.098 -4.84852e-15 -1.90025
24.6654 -8.22995e-15 -1.86849
24.2327 -5.85157e-15 -1.83674
23.8 3.2684e-15 -1.80499
23.3673 8.31059e-15 -1.77324
22.9346 5.22094e-15 -1.74149
22.5019 1.68754e-14 -1.70974
22.0692 3.49281e-15 -1.67799
21.6365 -1.53038e-14 -1.64624
21.2038 -8.57418e-15 -1.61449
20.7711 -1.8309e-14 -1.58274
20.3384 -8.45867e-15 -1.55099
19.9057 -3.43856e-15 -1.51925
19.473 1.05913e-14 -1.4875
19.0403 -1.43434e-14 -1.45576
18.6076 5.53278e-15 -1.42401
18.1749 -1.91258e-14 -1.39227
17.7422 1.64146e-15 -1.36052
17.3095 1.12933e-14 -1.32878
16.8768 -6.24165e-16 -1.29704
16.444 1.11816e-15 -1.2653
16.0113 3.6562e-15 -1.23356
15.5786 -1.18016e-14 -1.20182
15.1459 -3.61773e-15 -1.17008
14.7132 -1.0312e-15 -1.13834
14.2805 -3.08914e-15 -1.1066
13.8478 1.26302e-14 -1.07486
13.415 -1.24792e-15 -1.04312
12.9823 -7.6736e-16 -1.01139
12.5496 4.33375e-15 -0.979653
12.1169 -2.15468e-15 -0.947918
11.6841 4.71904e-15 -0.916184
11.2514 -1.34859e-14 -0.88445
10.8187 7.53438e-15 -0.852717
10.386 1.16563e-14 -0.820985
9.95323 6.82917e-15 -0.789254
9.52049 5.22864e-15 -0.757523
9.08776 -1.55488e-15 -0.725793
8.65503 -4.23837e-15 -0.694063
8.22229 4.35855e-15 -0.662335
7.78955 -7.46759e-15 -0.630606
7.35681 -1.51396e-14 -0.598879
6.92407 4.64779e-15 -0.567153
6.49133 -6.13051e-15 -0.535427
6.05858 3.21702e-15 -0.503701
5.62584 -2.7889e-15 -0.471977
5.19309 -8.55223e-15 -0.440253
4.76034 2.91158e-15 -0.40853
4.32759 1.22915e-14 -0.376808
3.89484 -1.11674e-14 -0.345086
3.46208 -3.8716e-15 -0.313365
3.02933 7.38995e-15 -0.281645
2.59657 -1.7286e-15 -0.249926
2.16381 -2.08754e-14 -0.218207
1.73105 5.72144e-15 -0.186489
1.29829 4.41916e-16 -0.154772
0.865529 8.43101e-15 -0.123056
0.432764 3.77642e-16 -0.09134
-2.15121e-06 3.41665e-15 -0.0596251
-0.43277 -1.21354e-14 -0.0279109
-0.86554 1.37078e-15 0.00380254
-1.29831 -1.52782e-14 0.0355152
-1.73109 6.00855e-15 0.0672271
-2.16386 -3.93731e-15 0.0989382
-2.59664 -1.27705e-14 0.130649
-3.02942 1.28967e-16 0.162358
-3.4622 -2.20678e-16 0.194067
-3.89498 -7.99646e-15 0.225775
-4.32776 -6.33293e-15 0.257482
-4.76055 -9.30612e-15 0.289189
-5.19334 3.56317e-16 0.320894
-5.62612 5.70386e-15 0.352599
-6.05892 -4.80886e-15 0.384303
-6.49171 5.95389e-15 0.416007
-6.9245 5.3399e-16 0.447709
-7.3573 3.2893e-15 0.479411
-7.7901 -5.70333e-16 0.511112
-8.2229 3.43538e-15 0.542812
-8.6557 9.77915e-16 0.574511
-9.08851 1.44538e-14 0.60621
-9.52131 1.44195e-15 0.637908
-9.95412 -2.06298e-15 0.669604
-10.3869 -5.29429e-15 0.7013
-10.8197 -1.80917e-15 0.732996
-11.2526 -1.66769e-15 0.76469
-11.6854 -4.29594e-15 0.796384
-12.1182 -9.2926e-15 0.828076
-12.551 -2.51367e-15 0.859768
-12.9838 -1.85131e-15 0.891459
-13.4167 6.84386e-16 0.92315
-13.8495 7.65908e-15 0.954839
-14.2823 -4.40489e-15 0.986528
-14.7151 6.06208e-16 1.01822
-15.148 -2.93897e-15 1.0499
-15.5808 1.18788e-14 1.08159
-16.0136 -5.16989e-15 1.11327
-16.4465 -7.71128e-15 1.14496
-16.8793 2.51336e-15 1.17664
-17.3122 -2.03603e-16 1.20832
-17.745 3.72796e-16 1.24001
-18.1779 6.48955e-15 1.27169
-18.6107 7.58814e-15 1.30337
-19.0436 8.10083e-15 1.33504
-19.4764 6.86634e-15 1.36672
-19.9093 4.76136e-16 1.3984
-20.3421 -6.91321e-15 1.43008
-20.775 2.97186e-15 1.46175
-21.2078 2.27299e-14 1.49343
-21.6407 -1.69842e-14 1.5251
-22.0736 2.75375e-15 1.55677
-22.5064 -4.68828e-15 1.58845
-22.9393 -3.12013e-15 1.62012
-23.3722 -3.96053e-15 1.65179
-23.8051 1.19882e-15 1.68346
-24.2379 -8.12395e-15 1.71512
-24.6708 2.56179e-14 1.74679
-25.1037 9.02398e-15 1.77846
-25.5366 -8.34388e-15 1.81012
-25.9695 -1.2285e-14 1.84179
-26.4024 6.6482e-15 1.87345
-26.8353 -8.34059e-15 1.90511
-27.2682 1.0894e-14 1.93678
-27.701 1.28716e-14 1.96844
-28.1339 -2.39876e-14 2.0001
-28.5668 -4.30315e-15 2.03176
-28.9998 3.16844e-14 2.06341
-29.4327 1.27673e-14 2.09507
-29.8656 1.08138e-14 2.12673
-30.2985 -2.40119e-14 2.15838
-30.7314 9.87894e-15 2.19004
-31.1643 -2.79216e-14 2.22169
-31.5972 -2.95958e-14 2.25334
-32.0301 3.14676e-15 2.28499
-32.4631 5.39121e-14 2.31665
-32.896 3.56458e-14 2.34829
-33.3289 -3.30185e-14 2.37994
-33.7619 6.34111e-14 2.41159
-34.1948 -1.64379e-14 2.44324
-34.6277 1.33788e-14 2.47488
-35.0607 -1.03019e-14 2.50653
-34.4113 3.70016e-14 2.45906
-33.9783 -3.27036e-14 2.42741
-33.5454 -9.6061e-14 2.39577
-33.1125 -2.15024e-14 2.36412
-32.6795 -4.74758e-14 2.33247
-32.2466 1.88047e-14 2.30082
-31.8137 -1.88077e-14 2.26917
-31.3808 6.34604e-15 2.23752
-30.9478 -2.262e-15 2.20586
-30.5149 1.63585e-14 2.17421
-30.082 -1.5783e-15 2.14256
-29.6491 -1.16328e-14 2.1109
-29.2162 2.0328e-14 2.07924
-28.7833 1.53461e-15 2.04759
-28.3504 -1.9711e-14 2.01593
-27.9175 1.57622e-14 1.98427
-27.4846 1.90568e-14 1.95261
-27.0517 8.92801e-15 1.92095
-26.6188 -1.25021e-14 1.88928
-26.1859 6.74422e-15 1.85762
-25.753 -9.0521e-15 1.82596
-25.3201 -1.10422e-15 1.79429
-24.8873 2.18334e-15 1.76262
-24.4544 -2.767e-15 1.73096
-24.0215 -2.75315e-15 1.69929
-23.5886 5.83896e-15 1.66762
-23.1557 1.27419e-14 1.63595
-22.7229 -1.02255e-14 1.60428
-22.29 6.96963e-15 1.57261
-21.8571 3.58648e-15 1.54094
-21.4243 -2.13074e-15 1.50926
-20.9914 -4.52859e-15 1.47759
-20.5585 -1.49988e-15 1.44591
-20.1257 9.50869e-15 1.41424
-19.6928 2.86929e-15 1.38256
-19.26 7.60935e-15 1.35088
-18.8271 5.94962e-15 1.31921
-18.3943 1.99495e-14 1.28753
-17.9614 8.58455e-16 1.25585
-17.5286 -2.60018e-15 1.22416
-17.0957 1.11657e-14 1.19248
-16.6629 -6.28224e-15 1.1608
-16.2301 9.30531e-15 1.12912
-15.7972 1.01503e-16 1.09743
-15.3644 3.24015e-15 1.06575
-14.9316 8.17481e-15 1.03406
-14.4987 -1.83776e-15 1.00237
-14.0659 3.04598e-15 0.970683
-13.6331 5.93314e-16 0.938994
-13.2002 -8.0531e-16 0.907305
-12.7674 -4.34693e-16 0.875614
-12.3346 -6.35033e-15 0.843922
-11.9018 2.91817e-15 0.81223
-11.469 -4.63126e-15 0.780537
-11.0361 4.57121e-15 0.748843
-10.6033 2.59472e-15 0.717148
-10.1705 -4.25571e-15 0.685453
-9.73772 4.61051e-15 0.653756
-9.30491 -8.24962e-15 0.622059
-8.8721 -2.45853e-15 0.590361
-8.4393 8.50241e-15 0.558662
-8.0065 1.05523e-14 0.526962
-7.5737 -9.09185e-16 0.495262
-7.1409 -4.43959e-15 0.46356
-6.70811 -6.85899e-15 0.431858
-6.27531 -1.79519e-14 0.400155
-5.84252 6.60674e-15 0.368452
-5.40973 8.08515e-15 0.336747
-4.97694 4.57401e-15 0.305042
-4.54415 2.71962e-16 0.273336
-4.11137 1.03627e-14 0.241629
-3.67859 -9.26288e-15 0.209921
-3.24581 3.90719e-15 0.178213
-2.81303 5.96199e-15 0.146503
-2.38025 8.27657e-15 0.114794
-1.94747 1.47699e-15 0.0830828
-1.5147 1.24572e-15 0.0513712
-1.08193 -5.11426e-16 0.019659
-0.649155 1.72691e-15 -0.0120541
-0.216386 7.90565e-16 -0.0437679
0.216381 4.37716e-16 -0.0754824
0.649147 2.33995e-15 -0.107198
1.08191 -5.67491e-16 -0.138914
1.51467 1.76178e-15 -0.170631
1.94743 1.36461e-14 -0.202348
2.38019 -4.12439e-15 -0.234066
2.81295 -4.22283e-15 -0.265785
3.24571 5.13609e-15 -0.297505
3.67846 -1.7887e-15 -0.329226
4.11121 -1.87024e-14 -0.360947
4.54397 -2.34517e-15 -0.392669
4.97671 5.37371e-16 -0.424392
5.40946 -1.09016e-14 -0.456115
5.84221 -6.02061e-15 -0.487839
6.27495 -2.72829e-15 -0.519564
6.7077 8.33703e-16 -0.55129
7.14044 4.25786e-15 -0.583016
7.57318 -9.36199e-16 -0.614743
8.00592 -1.13468e-15 -0.64647
8.43866 4.77751e-16 -0.678199
8.87139 7.02452e-15 -0.709928
9.30413 2.7327e-15 -0.741658
9.73686 -1.29403e-15 -0.773388
10.1696 1.03071e-15 -0.805119
10.6023 -8.43685e-15 -0.836851
11.0351 1.61698e-14 -0.868584
11.4678 -4.65549e-15 -0.900317
11.9005 3.89006e-15 -0.932051
12.3332 3.16672e-15 -0.963785
12.766 2.35379e-15 -0.99552
13.1987 1.34093e-14 -1.02726
13.6314 2.59726e-15 -1.05899
14.0641 -4.01419e-15 -1.09073
14.4968 5.11137e-15 -1.12247
14.9296 9.62569e-15 -1.15421
15.3623 -8.87547e-15 -1.18595
15.795 7.3154e-15 -1.21769
16.2277 -1.18395e-16 -1.24943
16.6604 1.04923e-15 -1.28117
17.0931 1.24232e-14 -1.31291
17.5258 -1.09495e-14 -1.34465
17.9585 -5.08868e-15 -1.37639
18.3912 2.9292e-15 -1.40814
18.8239 1.89417e-15 -1.43988
19.2567 -8.78949e-15 -1.47163
19.6894 5.56058e-16 -1.50337
20.1221 7.48842e-15 -1.53512
20.5548 -2.2095e-15 -1.56687
20.9875 -2.16563e-15 -1.59861
21.4202 -1.09733e-14 -1.63036
21.8529 7.47649e-15 -1.66211
22.2855 -1.17918e-15 -1.69386
22.7182 9.61875e-15 -1.72561
23.1509 -1.37283e-14 -1.75736
23.5836 -1.37906e-15 -1.78911
24.0163 2.84503e-14 -1.82086
24.449 4.6909e-16 -1.85262
24.8817 9.58847e-15 -1.88437
25.3144 1.6941e-14 -1.91612
25.7471 -4.54214e-15 -1.94788
26.1798 -1.02343e-14 -1.97963
26.6125 1.7522e-14 -2.01139
27.0451 -7.11781e-15 -2.04314
27.4778 8.56012e-15 -2.0749
27.9105 2.95884e-15 -2.10666
28.3432 9.47959e-15 -2.13841
28.7759 1.8972e-15 -2.17017
29.2085 1.28728e-14 -2.20193
29.6412 -4.94558e-15 -2.23369
30.0739 8.61035e-16 -2.26545
30.5066 -1.59714e-14 -2.29721
30.9393 -7.29348e-14 -2.32897
31.3719 9.02664e-15 -2.36073
31.8046 -2.57613e-15 -2.39249
32.2373 2.07876e-14 -2.42426
32.67 -3.07597e-14 -2.45602
33.1026 -6.49988e-14 -2.48778
33.5353 2.62015e-14 -2.51955
33.968 1.11619e-14 -2.55131
34.4006 2.52796e-14 -2.58308
34.8333 -2.68913e-14 -2.61484
35.266 1.04365e-14 -2.64661
35.6986 4.02668e-14 -2.67838
36.1313 1.42291e-14 -2.71014
36.564 2.46246e-14 -2.74191
36.9966 4.85109e-14 -2.77368
37.4293 -1.41232e-14 -2.80545
37.862 -5.76263e-14 -2.83722
38.2946 -3.62557e-14 -2.86899
38.7273 6.5012e-15 -2.90076
39.16 3.85062e-14 -2.93253
39.5926 -7.1602e-14 -2.9643
40.0253 8.18338e-14 -2.99607
40.4579 3.03276e-14 -3.02784
40.8906 -8.67553e-14 -3.05962
41.3233 3.17328e-14 -3.09139
41.7559 1.50663e-14 -3.12316
42.1886 3.10249e-14 -3.15494
42.6212 -5.68505e-14 -3.18671
43.0539 -7.89449e-15 -3.21849
43.4865 8.66947e-14 -3.25026
42.8376 1.31239e-15 -3.2026
42.4049 -3.09883e-14 -3.17083
41.9722 1.82291e-14 -3.13905
41.5396 -1.2357e-14 -3.10728
41.1069 -9.98758e-14 -3.0755
40.6743 -6.00974e-14 -3.04373
40.2416 8.61252e-14 -3.01196
39.809 4.62489e-14 -2.98019
39.3763 -1.96313e-14 -2.94841
38.9436 -2.72826e-14 -2.91664
38.511 -2.35184e-14 -2.88487
38.0783 2.37969e-15 -2.8531
37.6456 -1.00051e-13 -2.82133
37.213 -2.63392e-15 -2.78956
36.7803 7.72314e-14 -2.7578
36.3476 5.27995e-14 -2.72603
35.915 -3.48329e-15 -2.69426
35.4823 3.30014e-14 -2.66249
35.0496 2.12943e-14 -2.63073
34.617 -9.82031e-15 -2.59896
34.1843 3.95299e-14 -2.56719
33.7516 2.21611e-14 -2.53543
33.319 -3.13259e-14 -2.50367
32.8863 -4.34576e-15 -2.4719
32.4536 -4.99729e-14 -2.44014
32.0209 1.28603e-14 -2.40837
31.5883 5.89707e-14 -2.37661
31.1556 1.12332e-14 -2.34485
30.7229 1.54419e-14 -2.31309
30.2902 -3.13482e-14 -2.28133
29.8576 -1.30829e-14 -2.24957
29.4249 -7.60094e-16 -2.21781
28.9922 -4.05243e-15 -2.18605
28.5595 -3.81107e-14 -2.15429
28.1268 8.61632e-15 -2.12253
27.6942 1.78948e-14 -2.09078
27.2615 1.85757e-14 -2.05902
26.8288 -3.79753e-14 -2.02726
26.3961 -1.14879e-14 -1.99551
25.9634 -8.70527e-16 -1.96375
25.5307 5.8269e-15 -1.932
25.098 1.02951e-14 -1.90025
24.6654 -1.34472e-14 -1.86849
24.2327 5.79902e-15 -1.83674
23.8 -9.30437e-15 -1.80499
23.3673 -2.54114e-14 -1.77324
22.9346 4.13614e-15 -1.74149
22.5019 -1.6659e-14 -1.70974
22.0692 4.29484e-15 -1.67799
21.6365 1.7902e-14 -1.64624
21.2038 -2.64812e-15 -1.61449
20.7711 -7.83653e-15 -1.58274
20.3384 1.30132e-14 -1.55099
19.9057 7.44243e-15 -1.51925
19.473 -9.62139e-15 -1.4875
19.0403 -1.43137e-15 -1.45576
18.6076 -5.02842e-15 -1.42401
18.1749 4.06393e-15 -1.39227
17.7422 3.95743e-15 -1.36052
17.3095 -1.66833e-15 -1.32878
16.8768 6.75107e-15 -1.29704
16.444 -3.85113e-15 -1.2653
16.0113 1.18447e-15 -1.23356
15.5786 -7.50729e-15 -1.20182
15.1459 -7.27898e-15 -1.17008
14.7132 -2.34044e-15 -1.13834
14.2805 -6.26495e-15 -1.1066
13.8478 1.57538e-14 -1.07486
13.415 -7.23613e-15 -1.04312
12.9823 -8.99439e-15 -1.01139
12.5496 5.24276e-15 -0.979653
12.1169 -5.69362e-15 -0.947918
11.6841 3.31323e-15 -0.916184
11.2514 1.08784e-16 -0.88445
10.8187 7.57713e-15 -0.852717
10.386 -2.98119e-15 -0.820985
9.95323 5.35479e-15 -0.789254
9.52049 -1.55649e-14 -0.757523
9.08776 5.90101e-15 -0.725793
8.65503 -6.98196e-15 -0.694063
8.22229 -3.56068e-15 -0.662335
7.78955 1.68241e-16 -0.630606
7.35681 -1.55325e-14 -0.598879
6.92407 -1.37067e-14 -0.567153
6.49133 7.34857e-16 -0.535427
6.05858 1.64631e-17 -0.503701
5.62584 1.03231e-14 -0.471977
5.19309 -3.59693e-15 -0.440253
4.76034 -3.22722e-15 -0.40853
4.32759 6.47985e-15 -0.376808
3.89484 1.15176e-14 -0.345086
3.46208 1.11358e-15 -0.313365
3.02933 5.91913e-15 -0.281645
2.59657 9.18697e-16 -0.249926
2.16381 1.36148e-14 -0.218207
1.73105 -2.02139e-15 -0.186489
1.29829 -1.80535e-16 -0.154772
0.865529 -3.19308e-15 -0.123056
0.432764 6.16971e-15 -0.09134
-2.15121e-06 -4.3046e-15 -0.0596251
-0.43277 -3.0006e-15 -0.0279109
-0.86554 -7.95438e-15 0.00380254
-1.29831 -8.2088e-15 0.0355152
-1.73109 -1.05003e-14 0.0672271
-2.16386 -1.00246e-14 0.0989382
-2.59664 7.07108e-15 0.130649
-3.02942 -4.8578e-15 0.162358
-3.4622 9.84044e-16 0.194067
-3.89498 8.95106e-15 0.225775
-4.32776 -1.7149e-15 0.257482
-4.76055 2.23365e-15 0.289189
-5.19334 -3.71486e-15 0.320894
-5.62612 7.51973e-15 0.352599
-6.05892 -8.06079e-16 0.384303
-6.49171 -1.02188e-14 0.416007
-6.9245 -9.16661e-17 0.447709
-7.3573 8.07522e-15 0.479411
-7.7901 -1.0892e-15 0.511112
-8.2229 4.42271e-15 0.542812
-8.6557 -9.25523e-16 0.574511
-9.08851 -9.04973e-16 0.60621
-9.52131 1.5005e-15 0.637908
-9.95412 1.60759e-15 0.669604
-10.3869 -7.76481e-15 0.7013
-10.8197 -1.83479e-15 0.732996
-11.2526 -6.21701e-15 0.76469
-11.6854 4.02232e-15 0.796384
-12.1182 7.9419e-16 0.828076
-12.551 9.47371e-16 0.859768
-12.9838 4.84912e-16 0.891459
-13.4167 -3.14263e-15 0.92315
-13.8495 1.16874e-15 0.954839
-14.2823 2.87523e-15 0.986528
-14.7151 -2.31179e-16 1.01822
-15.148 -7.50327e-15 1.0499
-15.5808 3.11872e-15 1.08159
-16.0136 1.46029e-15 1.11327
-16.4465 5.21034e-15 1.14496
-16.8793 2.00347e-15 1.17664
-17.3122 5.90037e-15 1.20832
-17.745 9.97792e-15 1.24001
-18.1779 -6.64403e-16 1.27169
-18.6107 2.81624e-15 1.30337
-19.0436 3.50597e-15 1.33504
-19.4764 -3.20846e-15 1.36672
-19.9093 2.70776e-15 1.3984
-20.3421 -8.595e-15 1.43008
-20.775 -1.3163e-14 1.46175
-21.2078 3.6356e-15 1.49343
-21.6407 3.139e-15 1.5251
-22.0736 -1.46662e-14 1.55677
-22.5064 -1.11997e-15 1.58845
-22.9393 -9.85103e-15 1.62012
-23.3722 -5.81223e-15 1.65179
-23.8051 1.0298e-14 1.68346
-24.2379 -1.87241e-14 1.71512
-24.6708 -1.21089e-14 1.74679
-25.1037 2.02776e-14 1.77846
-25.5366 -1.02957e-15 1.81012
-25.9695 -1.30856e-15 1.84179
-26.4024 6.53951e-15 1.87345
-26.8353 7.2405e-15 1.90511
-27.2682 2.28606e-15 1.93678
-27.701 3.17625e-14 1.96844
-28.1339 1.93227e-14 2.0001
-28.5668 8.97123e-15 2.03176
-28.9998 2.64567e-16 2.06341
-29.4327 -6.04447e-14 2.09507
-29.8656 5.15941e-14 2.12673
-30.2985 -1.64521e-14 2.15838
-30.7314 6.74324e-14 2.19004
-31.1643 5.67282e-14 2.22169
-31.5972 4.79664e-15 2.25334
-32.0301 7.94752e-15 2.28499
-32.4631 2.56903e-15 2.31665
-32.896 -3.74326e-14 2.34829
-33.3289 1.0569e-14 2.37994
-33.7619 8.80888e-15 2.41159
-34.1948 5.21056e-14 2.44324
-34.6277 6.25878e-14 2.47488
-35.0607 -2.78668e-14 2.50653
-35.4936 -1.13192e-14 2.53817
-35.9266 -3.14492e-15 2.56981
-36.3595 1.47086e-14 2.60146
-36.7924 -4.09185e-15 2.6331
-37.2254 -2.02755e-14 2.66474
-37.6584 6.83579e-15 2.69637
-38.0913 -1.06715e-13 2.72801
-38.5243 6.03802e-14 2.75965
-38.9572 -6.71695e-14 2.79128
-39.3902 8.04434e-14 2.82292
-39.8232 4.17407e-14 2.85455
-40.2561 7.13133e-16 2.88619
-40.6891 -9.28572e-14 2.91782
-41.1221 3.07015e-14 2.94945
-41.5551 4.87452e-15 2.98108
-41.988 1.5053e-14 3.01271
-42.421 1.89998e-14 3.04433
-42.854 5.63432e-14 3.07596
-43.287 -1.65439e-15 3.10759
-43.72 1.63129e-14 3.13921
-43.0705 5.11741e-14 3.09177
-42.6375 -1.98506e-14 3.06015
-42.2045 5.27759e-14 3.02852
-41.7716 -6.1124e-14 2.99689
-41.3386 -2.42501e-14 2.96526
-40.9056 -7.45978e-14 2.93363
-40.4726 -9.39864e-14 2.902
-40.0397 -5.63075e-14 2.87037
-39.6067 -2.5847e-14 2.83874
-39.1737 -9.87566e-14 2.8071
-38.7408 -4.55914e-14 2.77547
-38.3078 -1.89329e-13 2.74383
-37.8748 -5.22181e-14 2.71219
-37.4419 6.27037e-14 2.68056
-37.0089 3.42874e-15 2.64892
-36.576 7.06072e-14 2.61728
-36.143 -1.19724e-15 2.58564
-35.7101 -5.53564e-14 2.55399
-35.2771 8.8181e-15 2.52235
-34.8442 6.96234e-14 2.49071
-34.4113 2.36091e-14 2.45906
-33.9783 -7.29522e-14 2.42741
-33.5454 3.14822e-14 2.39577
-33.1125 -1.09282e-14 2.36412
-32.6795 -8.46487e-16 2.33247
-32.2466 -5.50948e-15 2.30082
-31.8137 3.13178e-14 2.26917
-31.3808 1.00472e-14 2.23752
-30.9478 -6.89102e-15 2.20586
-30.5149 3.95663e-15 2.17421
-30.082 -5.3414e-15 2.14256
-29.6491 1.72044e-14 2.1109
-29.2162 -5.09428e-14 2.07924
-28.7833 -1.06495e-14 2.04759
-28.3504 -4.72868e-14 2.01593
-27.9175 -6.42853e-15 1.98427
-27.4846 3.64979e-15 1.95261
-27.0517 5.81988e-15 1.92095
-26.6188 -1.10289e-14 1.88928
-26.1859 -1.291e-14 1.85762
-25.753 -1.79024e-14 1.82596
-25.3201 -3.79782e-16 1.79429
-24.8873 -3.04367e-14 1.76262
-24.4544 -6.60511e-15 1.73096
-24.0215 8.87565e-15 1.69929
-23.5886 5.12143e-15 1.66762
-23.1557 -1.3822e-14 1.63595
-22.7229 1.85432e-14 1.60428
-22.29 -1.35959e-14 1.57261
-21.8571 -1.50097e-14 1.54094
-21.4243 1.06401e-16 1.50926
-20.9914 1.3179e-14 1.47759
-20.5585 7.20463e-15 1.44591
-20.1257 -1.42141e-14 1.41424
-19.6928 -9.18053e-15 1.38256
-19.26 -1.69125e-15 1.35088
-18.8271 7.24034e-15 1.31921
-18.3943 -9.46958e-15 1.28753
-17.9614 -1.5879e-15 1.25585
-17.5286 3.05622e-15 1.22416
-17.0957 2.36403e-15 1.19248
-16.6629 -7.20153e-15 1.1608
-16.2301 -1.32263e-15 1.12912
-15.7972 -1.69899e-15 1.09743
-15.3644 2.77639e-15 1.06575
-14.9316 -8.31748e-15 1.03406
-14.4987 -1.29648e-14 1.00237
-14.0659 -6.12189e-15 0.970683
-13.6331 1.11712e-14 0.938994
-13.2002 -9.3367e-15 0.907305
-12.7674 -1.44863e-14 0.875614
-12.3346 -3.16779e-15 0.843922
-11.9018 -4.34865e-15 0.81223
-11.469 7.6801e-16 0.780537
-11.0361 6.03074e-15 0.748843
-10.6033 -4.30614e-16 0.717148
-10.1705 6.55475e-16 0.685453
-9.73772 -3.43662e-15 0.653756
-9.30491 -2.1282e-15 0.622059
-8.8721 -6.81377e-16 0.590361
-8.4393 -4.44059e-15 0.558662
-8.0065 4.33417e-16 0.526962
-7.5737 -7.38992e-16 0.495262
-7.1409 -1.86205e-15 0.46356
-6.70811 -1.32932e-14 0.431858
-6.27531 -6.83311e-15 0.400155
-5.84252 6.21447e-15 0.368452
-5.40973 -1.2884e-14 0.336747
-4.97694 -4.91339e-15 0.305042
-4.54415 9.6666e-16 0.273336
-4.11137 4.36254e-15 0.241629
-3.67859 5.98134e-15 0.209921
-3.24581 1.07587e-14 0.178213
-2.81303 6.16995e-15 0.146503
-2.38025 -6.53949e-15 0.114794
-1.94747 -8.17145e-15 0.0830828
-1.5147 1.15666e-14 0.0513712
-1.08193 -2.47378e-15 0.019659
-0.649155 3.11002e-15 -0.0120541
-0.216386 -6.35685e-15 -0.0437679
0.216381 1.11988e-15 -0.0754824
