3.83657e-06 -6.37422e-17 -0.0101799
0.01878 -1.73268e-14 -0.000885068
0.0312987 -4.63155e-14 0.00531148
0.0438185 -9.16868e-14 0.011508
0.0563394 -1.55026e-13 0.0177046
0.0688614 -2.37364e-13 0.0239012
0.0813845 -3.40852e-13 0.0300977
0.0939086 -4.67007e-13 0.0362943
0.106434 -6.17729e-13 0.0424909
0.11896 -7.93897e-13 0.0486875
0.131488 -9.97815e-13 0.0548841
0.144016 -1.23127e-12 0.0610806
0.156546 -1.49566e-12 0.0672772
0.169076 -1.79198e-12 0.0734738
0.181608 -2.12277e-12 0.0796705
0.194141 -2.48909e-12 0.0858671
0.206675 -2.89279e-12 0.0920637
0.21921 -3.33535e-12 0.0982603
0.231746 -3.81898e-12 0.104457
0.244284 -4.34463e-12 0.110654
0.256822 -4.91425e-12 0.11685
0.238015 -4.0763e-12 0.107555
0.225478 -3.57222e-12 0.101359
0.212943 -3.10941e-12 0.095162
0.200408 -2.68586e-12 0.0889654
0.187875 -2.30114e-12 0.0827688
0.175342 -1.95291e-12 0.0765721
0.162811 -1.63961e-12 0.0703755
0.150281 -1.35922e-12 0.0641789
0.137752 -1.11134e-12 0.0579824
0.125224 -8.92386e-13 0.0517858
0.112697 -7.02545e-13 0.0455892
0.100171 -5.39471e-13 0.0393926
0.0876464 -4.01155e-13 0.033196
0.0751228 -2.86762e-13 0.0269994
0.0626003 -1.93502e-13 0.0208029
0.0500789 -1.20973e-13 0.0146063
0.0375585 -6.72682e-14 0.00840976
0.0250392 -2.99485e-14 0.00221321
0.012521 -8.14584e-15 -0.00398334
3.83691e-06 1.01871e-16 -0.0101799
-0.0125122 -3.79206e-15 -0.0163764
-0.0250273 -1.81006e-14 -0.022573
-0.0375412 -4.11923e-14 -0.0287695
-0.0500541 -7.11503e-14 -0.034966
-0.0625659 -1.06836e-13 -0.0411625
-0.0750767 -1.46601e-13 -0.047359
-0.0875864 -1.88056e-13 -0.0535555
-0.100095 -2.30334e-13 -0.059752
-0.112603 -2.71336e-13 -0.0659485
-0.125109 -3.0984e-13 -0.072145
-0.137615 -3.43835e-13 -0.0783415
-0.150119 -3.71984e-13 -0.084538
-0.162623 -3.92402e-13 -0.0907345
-0.175125 -4.03679e-13 -0.0969309
-0.187626 -4.03753e-13 -0.103127
-0.200127 -3.91472e-13 -0.109324
-0.212626 -3.65142e-13 -0.11552
-0.225124 -3.22774e-13 -0.121717
-0.237621 -2.62933e-13 -0.127913
-0.250118 -1.83857e-13 -0.13411
-0.262613 -8.41924e-14 -0.140306
-0.24387 -2.25981e-13 -0.131011
-0.231373 -2.95029e-13 -0.124815
-0.218875 -3.45879e-13 -0.118619
-0.206376 -3.80087e-13 -0.112422
-0.193877 -3.99238e-13 -0.106226
-0.181376 -4.05238e-13 -0.100029
-0.168874 -3.99045e-13 -0.0938327
-0.156371 -3.83351e-13 -0.0876362
-0.143867 -3.58864e-13 -0.0814398
-0.131362 -3.27331e-13 -0.0752433
-0.118856 -2.91103e-13 -0.0690468
-0.106349 -2.50918e-13 -0.0628503
-0.0938409 -2.09266e-13 -0.0566538
-0.0813317 -1.6694e-13 -0.0504573
-0.0688214 -1.26332e-13 -0.0442608
-0.0563101 -8.84515e-14 -0.0380643
-0.0437978 -5.54451e-14 -0.0318677
-0.0312844 -2.87659e-14 -0.0256712
-0.0187699 -9.68014e-15 -0.0194747
-0.00625434 -7.72921e-16 -0.0132782
0.00626228 -2.41131e-15 -0.00708161
0.01878 -1.71709e-14 -0.000885068
0.0312987 -4.64088e-14 0.00531148
0.0438185 -9.17106e-14 0.011508
0.0563394 -1.55103e-13 0.0177046
0.0688614 -2.3734e-13 0.0239012
0.0813845 -3.40856e-13 0.0300977
0.0939086 -4.66985e-13 0.0362943
0.106434 -6.17828e-13 0.0424909
0.11896 -7.94165e-13 0.0486875
0.131488 -9.98382e-13 0.0548841
0.144016 -1.23141e-12 0.0610806
0.156546 -1.49498e-12 0.0672772
0.169076 -1.79214e-12 0.0734738
0.181608 -2.12259e-12 0.0796705
0.194141 -2.48883e-12 0.0858671
0.206675 -2.89261e-12 0.0920637
0.21921 -3.33552e-12 0.0982603
0.231746 -3.81907e-12 0.104457
0.244284 -4.34464e-12 0.110654
0.256822 -4.91435e-12 0.11685
0.269362 -5.52965e-12 0.123047
0.281902 -6.19214e-12 0.129243
0.294444 -6.90325e-12 0.13544
0.306987 -7.66495e-12 0.141637
0.319531 -8.47869e-12 0.147833
0.332076 -9.34632e-12 0.15403
0.344623 -1.02694e-11 0.160227
0.35717 -1.12489e-11 0.166423
0.369718 -1.2288e-11 0.17262
0.382268 -1.33863e-11 0.178817
0.394819 -1.4547e-11 0.185013
0.407371 -1.57711e-11 0.19121
0.419924 -1.70606e-11 0.197407
0.432478 -1.84168e-11 0.203603
0.445034 -1.98415e-11 0.2098
0.45759 -2.1336e-11 0.215997
0.470148 -2.29022e-11 0.222194
0.482707 -2.45419e-11 0.22839
0.495267 -2.62568e-11 0.234587
0.507828 -2.80477e-11 0.240784
0.488987 -2.53899e-11 0.231489
0.476427 -2.37133e-11 0.225292
0.463869 -2.21107e-11 0.219095
0.451312 -2.05798e-11 0.212898
0.438756 -1.91205e-11 0.206702
0.426201 -1.77304e-11 0.200505
0.413647 -1.64077e-11 0.194308
0.401095 -1.51512e-11 0.188112
0.388543 -1.39589e-11 0.181915
0.375993 -1.28295e-11 0.175718
0.363444 -1.17611e-11 0.169522
0.350896 -1.0752e-11 0.163325
0.338349 -9.80069e-12 0.157128
0.325804 -8.90577e-12 0.150932
0.313259 -8.06537e-12 0.144735
0.300715 -7.27743e-12 0.138538
0.288173 -6.54148e-12 0.132342
0.275632 -5.85492e-12 0.126145
0.263092 -5.21643e-12 0.119948
0.250553 -4.62392e-12 0.113752
0.238015 -4.07648e-12 0.107555
0.225478 -3.57212e-12 0.101359
0.212943 -3.10909e-12 0.095162
0.200408 -2.6864e-12 0.0889654
0.187875 -2.30113e-12 0.0827688
0.175342 -1.95248e-12 0.0765721
0.162811 -1.63912e-12 0.0703755
0.150281 -1.35935e-12 0.0641789
0.137752 -1.11086e-12 0.0579824
0.125224 -8.927e-13 0.0517858
0.112697 -7.02456e-13 0.0455892
0.100171 -5.39342e-13 0.0393926
0.0876464 -4.01608e-13 0.033196
0.0751228 -2.86482e-13 0.0269994
0.0626003 -1.93486e-13 0.0208029
0.0500789 -1.20926e-13 0.0146063
0.0375585 -6.68742e-14 0.00840976
0.0250392 -2.99918e-14 0.00221321
0.012521 -8.05023e-15 -0.00398334
3.83691e-06 5.84942e-17 -0.0101799
-0.0125122 -4.08774e-15 -0.0163764
-0.0250273 -1.81202e-14 -0.022573
-0.0375412 -4.13192e-14 -0.0287695
-0.0500541 -7.12844e-14 -0.034966
-0.0625659 -1.06906e-13 -0.0411625
-0.0750767 -1.46224e-13 -0.047359
-0.0875864 -1.88277e-13 -0.0535555
-0.100095 -2.30275e-13 -0.059752
-0.112603 -2.71087e-13 -0.0659485
-0.125109 -3.09707e-13 -0.072145
-0.137615 -3.43883e-13 -0.0783415
-0.150119 -3.72019e-13 -0.084538
-0.162623 -3.92257e-13 -0.0907345
-0.175125 -4.03531e-13 -0.0969309
-0.187626 -4.03821e-13 -0.103127
-0.200127 -3.91161e-13 -0.109324
-0.212626 -3.65025e-13 -0.11552
-0.225124 -3.22563e-13 -0.121717
-0.237621 -2.62677e-13 -0.127913
-0.250118 -1.83732e-13 -0.13411
-0.262613 -8.40351e-14 -0.140306
-0.275107 3.79066e-14 -0.146503
-0.2876 1.84432e-13 -0.152699
-0.300092 3.55782e-13 -0.158895
-0.312583 5.55138e-13 -0.165092
-0.325073 7.83354e-13 -0.171288
-0.337562 1.04205e-12 -0.177485
-0.35005 1.33309e-12 -0.183681
-0.362538 1.65798e-12 -0.189877
-0.375024 2.01834e-12 -0.196074
-0.387509 2.41592e-12 -0.20227
-0.399993 2.85251e-12 -0.208466
-0.412476 3.3291e-12 -0.214663
-0.424958 3.84815e-12 -0.220859
-0.437439 4.41085e-12 -0.227055
-0.449919 5.01939e-12 -0.233252
-0.462398 5.67457e-12 -0.239448
-0.474876 6.37863e-12 -0.245644
-0.487353 7.13277e-12 -0.251841
-0.499829 7.93889e-12 -0.258037
-0.512304 8.79874e-12 -0.264233
-0.493591 7.52939e-12 -0.254939
-0.481115 6.74934e-12 -0.248743
-0.468637 6.02056e-12 -0.242546
-0.456159 5.3408e-12 -0.23635
-0.443679 4.70957e-12 -0.230154
-0.431198 4.12403e-12 -0.223957
-0.418717 3.58326e-12 -0.217761
-0.406234 3.08559e-12 -0.211565
-0.393751 2.62907e-12 -0.205368
-0.381266 2.21241e-12 -0.199172
-0.368781 1.83374e-12 -0.192976
-0.356294 1.49098e-12 -0.186779
-0.343807 1.18324e-12 -0.180583
-0.331318 9.08491e-13 -0.174386
-0.318828 6.65498e-13 -0.16819
-0.306338 4.52009e-13 -0.161994
-0.293846 2.67025e-13 -0.155797
-0.281354 1.07988e-13 -0.149601
-0.26886 -2.60957e-14 -0.143404
-0.256365 -1.36753e-13 -0.137208
-0.24387 -2.25785e-13 -0.131011
-0.231373 -2.94953e-13 -0.124815
-0.218875 -3.45689e-13 -0.118619
-0.206376 -3.79977e-13 -0.112422
-0.193877 -3.99074e-13 -0.106226
-0.181376 -4.04908e-13 -0.100029
-0.168874 -3.99417e-13 -0.0938327
-0.156371 -3.82986e-13 -0.0876362
-0.143867 -3.58506e-13 -0.0814398
-0.131362 -3.27464e-13 -0.0752433
-0.118856 -2.91163e-13 -0.0690468
-0.106349 -2.5079e-13 -0.0628503
-0.0938409 -2.09455e-13 -0.0566538
-0.0813317 -1.67225e-13 -0.0504573
-0.0688214 -1.26509e-13 -0.0442608
-0.0563101 -8.87604e-14 -0.0380643
-0.0437978 -5.54946e-14 -0.0318677
-0.0312844 -2.87718e-14 -0.0256712
-0.0187699 -9.71398e-15 -0.0194747
-0.00625434 -3.90463e-16 -0.0132782
0.00626228 -2.63322e-15 -0.00708161
0.01878 -1.72903e-14 -0.000885068
0.0312987 -4.63884e-14 0.00531148
0.0438185 -9.17441e-14 0.011508
0.0563394 -1.54912e-13 0.0177046
0.0688614 -2.37552e-13 0.0239012
0.0813845 -3.41179e-13 0.0300977
0.0939086 -4.6696e-13 0.0362943
0.106434 -6.17856e-13 0.0424909
0.11896 -7.94001e-13 0.0486875
0.131488 -9.97961e-13 0.0548841
0.144016 -1.23167e-12 0.0610806
0.156546 -1.49514e-12 0.0672772
0.169076 -1.79161e-12 0.0734738
0.181608 -2.12236e-12 0.0796705
0.194141 -2.48885e-12 0.0858671
0.206675 -2.89255e-12 0.0920637
0.21921 -3.33571e-12 0.0982603
0.231746 -3.81894e-12 0.104457
0.244284 -4.34488e-12 0.110654
0.256822 -4.91446e-12 0.11685
0.269362 -5.52969e-12 0.123047
0.281902 -6.19218e-12 0.129243
0.294444 -6.90348e-12 0.13544
0.306987 -7.66503e-12 0.141637
0.319531 -8.47884e-12 0.147833
0.332076 -9.34633e-12 0.15403
0.344623 -1.02693e-11 0.160227
0.35717 -1.1249e-11 0.166423
0.369718 -1.22877e-11 0.17262
0.382268 -1.33865e-11 0.178817
0.394819 -1.45469e-11 0.185013
0.407371 -1.57712e-11 0.19121
0.419924 -1.70607e-11 0.197407
0.432478 -1.84168e-11 0.203603
0.445034 -1.98413e-11 0.2098
0.45759 -2.13362e-11 0.215997
0.470148 -2.29025e-11 0.222194
0.482707 -2.4542e-11 0.22839
0.495267 -2.62568e-11 0.234587
0.507828 -2.80477e-11 0.240784
0.52039 -2.99177e-11 0.24698
0.532954 -3.18672e-11 0.253177
0.545518 -3.38974e-11 0.259374
0.558084 -3.60112e-11 0.265571
0.570651 -3.82101e-11 0.271767
0.583219 -4.04953e-11 0.277964
0.595788 -4.28677e-11 0.284161
0.608359 -4.53308e-11 0.290357
0.620931 -4.78846e-11 0.296554
0.633503 -5.05317e-11 0.302751
0.646077 -5.32732e-11 0.308948
0.658653 -5.61107e-11 0.315144
0.671229 -5.90464e-11 0.321341
0.683807 -6.20812e-11 0.327538
0.696385 -6.52171e-11 0.333735
0.708965 -6.84559e-11 0.339931
0.721546 -7.1799e-11 0.346128
0.734129 -7.52479e-11 0.352325
0.746712 -7.88046e-11 0.358522
0.759297 -8.24703e-11 0.364718
0.771883 -8.62473e-11 0.370915
0.78447 -9.01362e-11 0.377112
0.797059 -9.41394e-11 0.383309
0.809648 -9.8259e-11 0.389506
0.822239 -1.02495e-10 0.395702
0.834831 -1.06851e-10 0.401899
0.847424 -1.11327e-10 0.408096
0.860019 -1.15925e-10 0.414293
0.872614 -1.20647e-10 0.42049
0.885211 -1.25496e-10 0.426686
0.897809 -1.30471e-10 0.432883
0.910409 -1.35574e-10 0.43908
0.923009 -1.40809e-10 0.445277
0.935611 -1.46175e-10 0.451474
0.948214 -1.51675e-10 0.45767
0.960819 -1.57311e-10 0.463867
0.973424 -1.63083e-10 0.470064
0.986031 -1.68994e-10 0.476261
0.998639 -1.75046e-10 0.482458
1.01125 -1.81239e-10 0.488654
0.992335 -1.72003e-10 0.479359
0.979727 -1.66021e-10 0.473162
0.967121 -1.6018e-10 0.466966
0.954516 -1.54477e-10 0.460769
0.941913 -1.48909e-10 0.454572
0.92931 -1.43476e-10 0.448375
0.916709 -1.38176e-10 0.442178
0.904109 -1.33007e-10 0.435982
0.89151 -1.27967e-10 0.429785
0.878913 -1.23056e-10 0.423588
0.866316 -1.18271e-10 0.417391
0.853721 -1.13611e-10 0.411194
0.841127 -1.09074e-10 0.404998
0.828535 -1.04658e-10 0.398801
0.815943 -1.00362e-10 0.392604
0.803353 -9.61846e-11 0.386407
0.790764 -9.21237e-11 0.38021
0.778177 -8.81777e-11 0.374014
0.76559 -8.43451e-11 0.367817
0.753005 -8.06239e-11 0.36162
0.74042 -7.70129e-11 0.355423
0.727837 -7.35102e-11 0.349227
0.715256 -7.01145e-11 0.34303
0.702675 -6.68239e-11 0.336833
0.690096 -6.36367e-11 0.330636
0.677518 -6.05515e-11 0.32444
0.664941 -5.7566e-11 0.318243
0.652365 -5.46802e-11 0.312046
0.63979 -5.18908e-11 0.305849
0.627217 -4.91967e-11 0.299653
0.614645 -4.65962e-11 0.293456
0.602073 -4.40881e-11 0.287259
0.589504 -4.16705e-11 0.281062
0.576935 -3.93416e-11 0.274866
0.564367 -3.71e-11 0.268669
0.551801 -3.49437e-11 0.262472
0.539236 -3.2872e-11 0.256275
0.526672 -3.08816e-11 0.250079
0.514109 -2.89725e-11 0.243882
0.501547 -2.71427e-11 0.237685
0.488987 -2.539e-11 0.231489
0.476427 -2.37131e-11 0.225292
0.463869 -2.21102e-11 0.219095
0.451312 -2.05796e-11 0.212898
0.438756 -1.91204e-11 0.206702
0.426201 -1.77303e-11 0.200505
0.413647 -1.64076e-11 0.194308
0.401095 -1.51513e-11 0.188112
0.388543 -1.39589e-11 0.181915
0.375993 -1.28294e-11 0.175718
0.363444 -1.17609e-11 0.169522
0.350896 -1.0752e-11 0.163325
0.338349 -9.80082e-12 0.157128
0.325804 -8.90548e-12 0.150932
0.313259 -8.06545e-12 0.144735
0.300715 -7.27779e-12 0.138538
0.288173 -6.54165e-12 0.132342
0.275632 -5.85489e-12 0.126145
0.263092 -5.21631e-12 0.119948
0.250553 -4.62399e-12 0.113752
0.238015 -4.07692e-12 0.107555
0.225478 -3.57192e-12 0.101359
0.212943 -3.10906e-12 0.095162
0.200408 -2.68606e-12 0.0889654
0.187875 -2.30097e-12 0.0827688
0.175342 -1.95283e-12 0.0765721
0.162811 -1.63939e-12 0.0703755
0.150281 -1.35917e-12 0.0641789
0.137752 -1.11081e-12 0.0579824
0.125224 -8.92635e-13 0.0517858
0.112697 -7.02205e-13 0.0455892
0.100171 -5.39396e-13 0.0393926
0.0876464 -4.01199e-13 0.033196
0.0751228 -2.86571e-13 0.0269994
0.0626003 -1.93368e-13 0.0208029
0.0500789 -1.21339e-13 0.0146063
0.0375585 -6.70895e-14 0.00840976
0.0250392 -3.01381e-14 0.00221321
0.012521 -8.16895e-15 -0.00398334
3.83691e-06 -7.48896e-17 -0.0101799
-0.0125122 -3.63046e-15 -0.0163764
-0.0250273 -1.82337e-14 -0.022573
-0.0375412 -4.09422e-14 -0.0287695
-0.0500541 -7.13377e-14 -0.034966
-0.0625659 -1.06862e-13 -0.0411625
-0.0750767 -1.46363e-13 -0.047359
-0.0875864 -1.8803e-13 -0.0535555
-0.100095 -2.30257e-13 -0.059752
-0.112603 -2.71281e-13 -0.0659485
-0.125109 -3.09739e-13 -0.072145
-0.137615 -3.4366e-13 -0.0783415
-0.150119 -3.71966e-13 -0.084538
-0.162623 -3.92404e-13 -0.0907345
-0.175125 -4.0335e-13 -0.0969309
-0.187626 -4.03796e-13 -0.103127
-0.200127 -3.91441e-13 -0.109324
-0.212626 -3.65022e-13 -0.11552
-0.225124 -3.22545e-13 -0.121717
-0.237621 -2.62917e-13 -0.127913
-0.250118 -1.83832e-13 -0.13411
-0.262613 -8.44699e-14 -0.140306
-0.275107 3.79611e-14 -0.146503
-0.2876 1.84162e-13 -0.152699
-0.300092 3.56059e-13 -0.158895
-0.312583 5.55056e-13 -0.165092
-0.325073 7.83212e-13 -0.171288
-0.337562 1.042e-12 -0.177485
-0.35005 1.33315e-12 -0.183681
-0.362538 1.65795e-12 -0.189877
-0.375024 2.01836e-12 -0.196074
-0.387509 2.4159e-12 -0.20227
-0.399993 2.8524e-12 -0.208466
-0.412476 3.32924e-12 -0.214663
-0.424958 3.8483e-12 -0.220859
-0.437439 4.4112e-12 -0.227055
-0.449919 5.01922e-12 -0.233252
-0.462398 5.6747e-12 -0.239448
-0.474876 6.37877e-12 -0.245644
-0.487353 7.13299e-12 -0.251841
-0.499829 7.93911e-12 -0.258037
-0.512304 8.79887e-12 -0.264233
-0.524779 9.71403e-12 -0.27043
-0.537252 1.06862e-11 -0.276626
-0.549724 1.17168e-11 -0.282822
-0.562195 1.28078e-11 -0.289019
-0.574666 1.39607e-11 -0.295215
-0.587135 1.5177e-11 -0.301411
-0.599603 1.64585e-11 -0.307607
-0.612071 1.78066e-11 -0.313804
-0.624537 1.92235e-11 -0.32
-0.637002 2.07105e-11 -0.326196
-0.649467 2.22692e-11 -0.332392
-0.66193 2.3901e-11 -0.338589
-0.674393 2.56083e-11 -0.344785
-0.686855 2.73922e-11 -0.350981
-0.699315 2.92543e-11 -0.357177
-0.711775 3.11962e-11 -0.363373
-0.724234 3.32204e-11 -0.36957
-0.736692 3.53275e-11 -0.375766
-0.749149 3.75195e-11 -0.381962
-0.761605 3.97982e-11 -0.388158
-0.77406 4.21652e-11 -0.394354
-0.786514 4.46222e-11 -0.40055
-0.798967 4.71706e-11 -0.406747
-0.811419 4.98129e-11 -0.412943
-0.823871 5.25492e-11 -0.419139
-0.836321 5.53823e-11 -0.425335
-0.848771 5.83137e-11 -0.431531
-0.861219 6.13452e-11 -0.437727
-0.873667 6.4478e-11 -0.443923
-0.886114 6.77139e-11 -0.450119
-0.898559 7.10548e-11 -0.456315
-0.911004 7.45021e-11 -0.462512
-0.923448 7.80576e-11 -0.468708
-0.935891 8.1722e-11 -0.474904
-0.948334 8.54986e-11 -0.4811
-0.960775 8.93888e-11 -0.487296
-0.973215 9.33926e-11 -0.493492
-0.985655 9.75143e-11 -0.499688
-0.998093 1.01753e-10 -0.505884
-1.01053 1.06112e-10 -0.51208
-0.991874 9.96193e-11 -0.502786
-0.979435 9.54399e-11 -0.49659
-0.966995 9.13771e-11 -0.490394
-0.954554 8.74297e-11 -0.484198
-0.942113 8.35973e-11 -0.478002
-0.92967 7.98765e-11 -0.471806
-0.917226 7.62668e-11 -0.46561
-0.904782 7.2765e-11 -0.459414
-0.892337 6.93712e-11 -0.453217
-0.87989 6.60829e-11 -0.447021
-0.867443 6.28992e-11 -0.440825
-0.854995 5.98175e-11 -0.434629
-0.842546 5.68362e-11 -0.428433
-0.830096 5.3954e-11 -0.422237
-0.817645 5.11694e-11 -0.416041
-0.805193 4.84799e-11 -0.409845
-0.792741 4.58852e-11 -0.403649
-0.780287 4.33827e-11 -0.397452
-0.767832 4.09711e-11 -0.391256
-0.755377 3.8648e-11 -0.38506
-0.74292 3.6413e-11 -0.378864
-0.730463 3.42635e-11 -0.372668
-0.718005 3.21981e-11 -0.366472
-0.705545 3.02153e-11 -0.360275
-0.693085 2.83134e-11 -0.354079
-0.680624 2.64905e-11 -0.347883
-0.668162 2.47452e-11 -0.341687
-0.655699 2.3076e-11 -0.33549
-0.643235 2.14805e-11 -0.329294
-0.63077 1.99583e-11 -0.323098
-0.618304 1.85065e-11 -0.316902
-0.605837 1.71243e-11 -0.310706
-0.593369 1.58096e-11 -0.304509
-0.5809 1.45608e-11 -0.298313
-0.56843 1.33764e-11 -0.292117
-0.55596 1.22549e-11 -0.28592
-0.543488 1.11943e-11 -0.279724
-0.531015 1.01925e-11 -0.273528
-0.518542 9.24966e-12 -0.267332
-0.506067 8.36239e-12 -0.261135
-0.493591 7.52901e-12 -0.254939
-0.481115 6.74935e-12 -0.248743
-0.468637 6.02022e-12 -0.242546
-0.456159 5.34086e-12 -0.23635
-0.443679 4.70939e-12 -0.230154
-0.431198 4.12412e-12 -0.223957
-0.418717 3.58331e-12 -0.217761
-0.406234 3.08551e-12 -0.211565
-0.393751 2.62929e-12 -0.205368
-0.381266 2.21238e-12 -0.199172
-0.368781 1.83354e-12 -0.192976
-0.356294 1.49112e-12 -0.186779
-0.343807 1.18333e-12 -0.180583
-0.331318 9.08801e-13 -0.174386
-0.318828 6.65516e-13 -0.16819
-0.306338 4.52095e-13 -0.161994
-0.293846 2.6669e-13 -0.155797
-0.281354 1.07855e-13 -0.149601
-0.26886 -2.58312e-14 -0.143404
-0.256365 -1.3668e-13 -0.137208
-0.24387 -2.25872e-13 -0.131011
-0.231373 -2.95174e-13 -0.124815
-0.218875 -3.45818e-13 -0.118619
-0.206376 -3.79864e-13 -0.112422
-0.193877 -3.99179e-13 -0.106226
-0.181376 -4.04656e-13 -0.100029
-0.168874 -3.99305e-13 -0.0938327
-0.156371 -3.83504e-13 -0.0876362
-0.143867 -3.5887e-13 -0.0814398
-0.131362 -3.27407e-13 -0.0752433
-0.118856 -2.91293e-13 -0.0690468
-0.106349 -2.5074e-13 -0.0628503
-0.0938409 -2.09498e-13 -0.0566538
-0.0813317 -1.67256e-13 -0.0504573
-0.0688214 -1.26389e-13 -0.0442608
-0.0563101 -8.86608e-14 -0.0380643
-0.0437978 -5.55655e-14 -0.0318677
-0.0312844 -2.86832e-14 -0.0256712
-0.0187699 -9.74092e-15 -0.0194747
-0.00625434 -5.35167e-16 -0.0132782
0.00626228 -2.27986e-15 -0.00708161
0.01878 -1.71998e-14 -0.000885068
0.0312987 -4.64883e-14 0.00531148
0.0438185 -9.19108e-14 0.011508
0.0563394 -1.55239e-13 0.0177046
0.0688614 -2.3751e-13 0.0239012
0.0813845 -3.40807e-13 0.0300977
0.0939086 -4.67096e-13 0.0362943
0.106434 -6.17479e-13 0.0424909
0.11896 -7.93834e-13 0.0486875
0.131488 -9.98069e-13 0.0548841
0.144016 -1.23137e-12 0.0610806
0.156546 -1.49513e-12 0.0672772
0.169076 -1.792e-12 0.0734738
0.181608 -2.12286e-12 0.0796705
0.194141 -2.48889e-12 0.0858671
0.206675 -2.89304e-12 0.0920637
0.21921 -3.33549e-12 0.0982603
0.231746 -3.81899e-12 0.104457
0.244284 -4.34471e-12 0.110654
0.256822 -4.9144e-12 0.11685
0.269362 -5.52973e-12 0.123047
0.281902 -6.19204e-12 0.129243
0.294444 -6.90326e-12 0.13544
0.306987 -7.66487e-12 0.141637
0.319531 -8.47908e-12 0.147833
0.332076 -9.34622e-12 0.15403
0.344623 -1.02692e-11 0.160227
0.35717 -1.12492e-11 0.166423
0.369718 -1.22875e-11 0.17262
0.382268 -1.33866e-11 0.178817
0.394819 -1.45471e-11 0.185013
0.407371 -1.57714e-11 0.19121
0.419924 -1.70606e-11 0.197407
0.432478 -1.84169e-11 0.203603
0.445034 -1.98412e-11 0.2098
0.45759 -2.13361e-11 0.215997
0.470148 -2.29023e-11 0.222194
0.482707 -2.45421e-11 0.22839
0.495267 -2.62569e-11 0.234587
0.507828 -2.80476e-11 0.240784
0.52039 -2.99172e-11 0.24698
0.532954 -3.18664e-11 0.253177
0.545518 -3.38975e-11 0.259374
0.558084 -3.60115e-11 0.265571
0.570651 -3.82098e-11 0.271767
0.583219 -4.04951e-11 0.277964
0.595788 -4.2868e-11 0.284161
0.608359 -4.53307e-11 0.290357
0.620931 -4.78847e-11 0.296554
0.633503 -5.0532e-11 0.302751
0.646077 -5.32729e-11 0.308948
0.658653 -5.61111e-11 0.315144
0.671229 -5.90461e-11 0.321341
0.683807 -6.20814e-11 0.327538
0.696385 -6.52176e-11 0.333735
0.708965 -6.8456e-11 0.339931
0.721546 -7.17989e-11 0.346128
0.734129 -7.5248e-11 0.352325
0.746712 -7.88046e-11 0.358522
0.759297 -8.24702e-11 0.364718
0.771883 -8.62471e-11 0.370915
0.78447 -9.0136e-11 0.377112
0.797059 -9.41395e-11 0.383309
0.809648 -9.82586e-11 0.389506
0.822239 -1.02495e-10 0.395702
0.834831 -1.06851e-10 0.401899
0.847424 -1.11327e-10 0.408096
0.860019 -1.15925e-10 0.414293
0.872614 -1.20647e-10 0.42049
0.885211 -1.25495e-10 0.426686
0.897809 -1.3047e-10 0.432883
0.910409 -1.35575e-10 0.43908
0.923009 -1.40809e-10 0.445277
0.935611 -1.46175e-10 0.451474
0.948214 -1.51675e-10 0.45767
0.960819 -1.57311e-10 0.463867
0.973424 -1.63083e-10 0.470064
0.986031 -1.68994e-10 0.476261
0.998639 -1.75046e-10 0.482458
1.01125 -1.81239e-10 0.488654
1.02386 -1.87575e-10 0.494851
1.03647 -1.94058e-10 0.501048
1.04908 -2.00686e-10 0.507245
1.0617 -2.07463e-10 0.513442
1.07431 -2.1439e-10 0.519639
1.08693 -2.21468e-10 0.525835
1.09955 -2.287e-10 0.532032
1.11217 -2.36087e-10 0.538229
1.12479 -2.43631e-10 0.544426
1.13741 -2.51333e-10 0.550623
1.15003 -2.59194e-10 0.55682
1.16266 -2.67217e-10 0.563016
1.17528 -2.75403e-10 0.569213
1.18791 -2.83753e-10 0.57541
1.20054 -2.92271e-10 0.581607
1.21317 -3.00956e-10 0.587804
1.2258 -3.09811e-10 0.594001
1.23843 -3.18836e-10 0.600197
1.25106 -3.28035e-10 0.606394
1.2637 -3.37409e-10 0.612591
1.24475 -3.23416e-10 0.603296
1.23211 -3.14304e-10 0.597099
1.21948 -3.05363e-10 0.590902
1.20685 -2.96594e-10 0.584705
1.19422 -2.87992e-10 0.578508
1.1816 -2.79559e-10 0.572312
1.16897 -2.71291e-10 0.566115
1.15635 -2.63187e-10 0.559918
1.14372 -2.55244e-10 0.553721
1.1311 -2.47463e-10 0.547524
1.11848 -2.39841e-10 0.541327
1.10586 -2.32376e-10 0.535131
1.09324 -2.25066e-10 0.528934
1.08062 -2.17911e-10 0.522737
1.06801 -2.10908e-10 0.51654
1.05539 -2.04057e-10 0.510343
1.04278 -1.97354e-10 0.504146
1.03016 -1.90799e-10 0.49795
1.01755 -1.8439e-10 0.491753
1.00494 -1.78125e-10 0.485556
0.992335 -1.72003e-10 0.479359
0.979727 -1.66022e-10 0.473162
0.967121 -1.6018e-10 0.466966
0.954516 -1.54476e-10 0.460769
0.941913 -1.48909e-10 0.454572
0.92931 -1.43476e-10 0.448375
0.916709 -1.38176e-10 0.442178
0.904109 -1.33007e-10 0.435982
0.89151 -1.27967e-10 0.429785
0.878913 -1.23056e-10 0.423588
0.866316 -1.18271e-10 0.417391
0.853721 -1.13611e-10 0.411194
0.841127 -1.09073e-10 0.404998
0.828535 -1.04658e-10 0.398801
0.815943 -1.00362e-10 0.392604
0.803353 -9.61852e-11 0.386407
0.790764 -9.21238e-11 0.38021
0.778177 -8.81773e-11 0.374014
0.76559 -8.43448e-11 0.367817
0.753005 -8.06237e-11 0.36162
0.74042 -7.70128e-11 0.355423
0.727837 -7.35105e-11 0.349227
0.715256 -7.01145e-11 0.34303
0.702675 -6.68238e-11 0.336833
0.690096 -6.36365e-11 0.330636
0.677518 -6.05513e-11 0.32444
0.664941 -5.75665e-11 0.318243
0.652365 -5.468e-11 0.312046
0.63979 -5.18907e-11 0.305849
0.627217 -4.91968e-11 0.299653
0.614645 -4.65965e-11 0.293456
0.602073 -4.40881e-11 0.287259
0.589504 -4.16707e-11 0.281062
0.576935 -3.9342e-11 0.274866
0.564367 -3.70997e-11 0.268669
0.551801 -3.49437e-11 0.262472
0.539236 -3.28717e-11 0.256275
0.526672 -3.0882e-11 0.250079
0.514109 -2.89727e-11 0.243882
0.501547 -2.71429e-11 0.237685
0.488987 -2.53901e-11 0.231489
0.476427 -2.37129e-11 0.225292
0.463869 -2.21101e-11 0.219095
0.451312 -2.05799e-11 0.212898
0.438756 -1.91204e-11 0.206702
0.426201 -1.77302e-11 0.200505
0.413647 -1.64076e-11 0.194308
0.401095 -1.51514e-11 0.188112
0.388543 -1.39588e-11 0.181915
0.375993 -1.28292e-11 0.175718
0.363444 -1.1761e-11 0.169522
0.350896 -1.07518e-11 0.163325
0.338349 -9.80068e-12 0.157128
0.325804 -8.90568e-12 0.150932
0.313259 -8.0654e-12 0.144735
0.300715 -7.27773e-12 0.138538
0.288173 -6.54143e-12 0.132342
0.275632 -5.85465e-12 0.126145
0.263092 -5.21644e-12 0.119948
0.250553 -4.62394e-12 0.113752
0.238015 -4.07641e-12 0.107555
0.225478 -3.57209e-12 0.101359
0.212943 -3.10899e-12 0.095162
0.200408 -2.68594e-12 0.0889654
0.187875 -2.3011e-12 0.0827688
0.175342 -1.95301e-12 0.0765721
0.162811 -1.63968e-12 0.0703755
0.150281 -1.3593e-12 0.0641789
0.137752 -1.11097e-12 0.0579824
0.125224 -8.93015e-13 0.0517858
0.112697 -7.02647e-13 0.0455892
0.100171 -5.39329e-13 0.0393926
0.0876464 -4.0112e-13 0.033196
0.0751228 -2.86333e-13 0.0269994
0.0626003 -1.93584e-13 0.0208029
0.0500789 -1.21025e-13 0.0146063
0.0375585 -6.69548e-14 0.00840976
0.0250392 -2.99619e-14 0.00221321
0.012521 -8.28338e-15 -0.00398334
3.83691e-06 2.38668e-17 -0.0101799
-0.0125122 -3.82245e-15 -0.0163764
-0.0250273 -1.81194e-14 -0.022573
-0.0375412 -4.10208e-14 -0.0287695
-0.0500541 -7.11946e-14 -0.034966
-0.0625659 -1.06779e-13 -0.0411625
-0.0750767 -1.46401e-13 -0.047359
-0.0875864 -1.8796e-13 -0.0535555
-0.100095 -2.30233e-13 -0.059752
-0.112603 -2.71388e-13 -0.0659485
-0.125109 -3.09848e-13 -0.072145
-0.137615 -3.4391e-13 -0.0783415
-0.150119 -3.71744e-13 -0.084538
-0.162623 -3.92529e-13 -0.0907345
-0.175125 -4.03493e-13 -0.0969309
-0.187626 -4.03515e-13 -0.103127
-0.200127 -3.91414e-13 -0.109324
-0.212626 -3.65006e-13 -0.11552
-0.225124 -3.22644e-13 -0.121717
-0.237621 -2.62791e-13 -0.127913
-0.250118 -1.83861e-13 -0.13411
-0.262613 -8.40478e-14 -0.140306
-0.275107 3.79719e-14 -0.146503
-0.2876 1.84054e-13 -0.152699
-0.300092 3.56231e-13 -0.158895
-0.312583 5.55324e-13 -0.165092
-0.325073 7.83603e-13 -0.171288
-0.337562 1.04188e-12 -0.177485
-0.35005 1.33302e-12 -0.183681
-0.362538 1.65786e-12 -0.189877
-0.375024 2.01818e-12 -0.196074
-0.387509 2.41592e-12 -0.20227
-0.399993 2.85257e-12 -0.208466
-0.412476 3.32929e-12 -0.214663
-0.424958 3.84818e-12 -0.220859
-0.437439 4.4114e-12 -0.227055
-0.449919 5.01916e-12 -0.233252
-0.462398 5.67459e-12 -0.239448
-0.474876 6.37856e-12 -0.245644
-0.487353 7.13262e-12 -0.251841
-0.499829 7.93874e-12 -0.258037
-0.512304 8.79883e-12 -0.264233
-0.524779 9.71433e-12 -0.27043
-0.537252 1.06862e-11 -0.276626
-0.549724 1.17168e-11 -0.282822
-0.562195 1.28083e-11 -0.289019
-0.574666 1.39605e-11 -0.295215
-0.587135 1.51771e-11 -0.301411
-0.599603 1.64587e-11 -0.307607
-0.612071 1.78067e-11 -0.313804
-0.624537 1.92237e-11 -0.32
-0.637002 2.07106e-11 -0.326196
-0.649467 2.2269e-11 -0.332392
-0.66193 2.3901e-11 -0.338589
-0.674393 2.56083e-11 -0.344785
-0.686855 2.73917e-11 -0.350981
-0.699315 2.92542e-11 -0.357177
-0.711775 3.11963e-11 -0.363373
-0.724234 3.32199e-11 -0.36957
-0.736692 3.53274e-11 -0.375766
-0.749149 3.75195e-11 -0.381962
-0.761605 3.97985e-11 -0.388158
-0.77406 4.21654e-11 -0.394354
-0.786514 4.46222e-11 -0.40055
-0.798967 4.71703e-11 -0.406747
-0.811419 4.98125e-11 -0.412943
-0.823871 5.25491e-11 -0.419139
-0.836321 5.53825e-11 -0.425335
-0.848771 5.83143e-11 -0.431531
-0.861219 6.13449e-11 -0.437727
-0.873667 6.44782e-11 -0.443923
-0.886114 6.77133e-11 -0.450119
-0.898559 7.1054e-11 -0.456315
-0.911004 7.45018e-11 -0.462512
-0.923448 7.80571e-11 -0.468708
-0.935891 8.17224e-11 -0.474904
-0.948334 8.54989e-11 -0.4811
-0.960775 8.93889e-11 -0.487296
-0.973215 9.33929e-11 -0.493492
-0.985655 9.75137e-11 -0.499688
-0.998093 1.01752e-10 -0.505884
-1.01053 1.06111e-10 -0.51208
-1.02297 1.10592e-10 -0.518276
-1.0354 1.15195e-10 -0.524472
-1.04784 1.19923e-10 -0.530668
-1.06027 1.24777e-10 -0.536864
-1.07271 1.2976e-10 -0.54306
-1.08514 1.34872e-10 -0.549256
-1.09757 1.40115e-10 -0.555452
-1.11 1.45491e-10 -0.561648
-1.12243 1.51003e-10 -0.567844
-1.13486 1.5665e-10 -0.574039
-1.14729 1.62435e-10 -0.580235
-1.15971 1.68361e-10 -0.586431
-1.17214 1.74428e-10 -0.592627
-1.18457 1.80637e-10 -0.598823
-1.19699 1.86992e-10 -0.605019
-1.20941 1.93492e-10 -0.611215
-1.22184 2.00141e-10 -0.617411
-1.23426 2.06939e-10 -0.623607
-1.24668 2.13889e-10 -0.629802
-1.2591 2.20991e-10 -0.635998
-1.24047 2.10397e-10 -0.626704
-1.22805 2.03522e-10 -0.620509
-1.21563 1.96799e-10 -0.614313
-1.2032 1.90225e-10 -0.608117
-1.19078 1.83798e-10 -0.601921
-1.17835 1.77516e-10 -0.595725
-1.16593 1.71378e-10 -0.589529
-1.1535 1.65382e-10 -0.583333
-1.14107 1.59527e-10 -0.577137
-1.12865 1.5381e-10 -0.570942
-1.11622 1.48231e-10 -0.564746
-1.10379 1.42789e-10 -0.55855
-1.09135 1.37478e-10 -0.552354
-1.07892 1.323e-10 -0.546158
-1.06649 1.27253e-10 -0.539962
-1.05406 1.22334e-10 -0.533766
-1.04162 1.17544e-10 -0.52757
-1.02919 1.12879e-10 -0.521374
-1.01675 1.08337e-10 -0.515178
-1.00431 1.03918e-10 -0.508982
-0.991874 9.96189e-11 -0.502786
-0.979435 9.54397e-11 -0.49659
-0.966995 9.13766e-11 -0.490394
-0.954554 8.74302e-11 -0.484198
-0.942113 8.35969e-11 -0.478002
-0.92967 7.98767e-11 -0.471806
-0.917226 7.6266e-11 -0.46561
-0.904782 7.27652e-11 -0.459414
-0.892337 6.93715e-11 -0.453217
-0.87989 6.60831e-11 -0.447021
-0.867443 6.28989e-11 -0.440825
-0.854995 5.9817e-11 -0.434629
-0.842546 5.68363e-11 -0.428433
-0.830096 5.39539e-11 -0.422237
-0.817645 5.11697e-11 -0.416041
-0.805193 4.84802e-11 -0.409845
-0.792741 4.58852e-11 -0.403649
-0.780287 4.33827e-11 -0.397452
-0.767832 4.09708e-11 -0.391256
-0.755377 3.86482e-11 -0.38506
-0.74292 3.64131e-11 -0.378864
-0.730463 3.4263e-11 -0.372668
-0.718005 3.21985e-11 -0.366472
-0.705545 3.02152e-11 -0.360275
-0.693085 2.83132e-11 -0.354079
-0.680624 2.64905e-11 -0.347883
-0.668162 2.47451e-11 -0.341687
-0.655699 2.30757e-11 -0.33549
-0.643235 2.14808e-11 -0.329294
-0.63077 1.99583e-11 -0.323098
-0.618304 1.85067e-11 -0.316902
-0.605837 1.71243e-11 -0.310706
-0.593369 1.58094e-11 -0.304509
-0.5809 1.45609e-11 -0.298313
-0.56843 1.33767e-11 -0.292117
-0.55596 1.2255e-11 -0.28592
-0.543488 1.11941e-11 -0.279724
-0.531015 1.01933e-11 -0.273528
-0.518542 9.24982e-12 -0.267332
-0.506067 8.36209e-12 -0.261135
-0.493591 7.52939e-12 -0.254939
-0.481115 6.74933e-12 -0.248743
-0.468637 6.02044e-12 -0.242546
-0.456159 5.34106e-12 -0.23635
-0.443679 4.7094e-12 -0.230154
-0.431198 4.12437e-12 -0.223957
-0.418717 3.58374e-12 -0.217761
-0.406234 3.08584e-12 -0.211565
-0.393751 2.62889e-12 -0.205368
-0.381266 2.21248e-12 -0.199172
-0.368781 1.83382e-12 -0.192976
-0.356294 1.49117e-12 -0.186779
-0.343807 1.18371e-12 -0.180583
-0.331318 9.08731e-13 -0.174386
-0.318828 6.65419e-13 -0.16819
-0.306338 4.51974e-13 -0.161994
-0.293846 2.66664e-13 -0.155797
-0.281354 1.07958e-13 -0.149601
-0.26886 -2.57865e-14 -0.143404
-0.256365 -1.36824e-13 -0.137208
-0.24387 -2.25771e-13 -0.131011
-0.231373 -2.95006e-13 -0.124815
-0.218875 -3.45897e-13 -0.118619
-0.206376 -3.79994e-13 -0.112422
-0.193877 -3.99066e-13 -0.106226
-0.181376 -4.05143e-13 -0.100029
-0.168874 -3.99055e-13 -0.0938327
-0.156371 -3.83101e-13 -0.0876362
-0.143867 -3.58723e-13 -0.0814398
-0.131362 -3.27214e-13 -0.0752433
-0.118856 -2.90839e-13 -0.0690468
-0.106349 -2.51353e-13 -0.0628503
-0.0938409 -2.09496e-13 -0.0566538
-0.0813317 -1.67193e-13 -0.0504573
-0.0688214 -1.2624e-13 -0.0442608
-0.0563101 -8.83796e-14 -0.0380643
-0.0437978 -5.5629e-14 -0.0318677
-0.0312844 -2.85802e-14 -0.0256712
-0.0187699 -9.76228e-15 -0.0194747
-0.00625434 -3.93805e-16 -0.0132782
0.00626228 -2.10167e-15 -0.00708161
