-1.06764e-06 -5.65026e-16 -0.0172517
0.0509805 5.21107e-14 -0.0330165
0.0849652 1.45012e-13 -0.0435263
0.118947 2.90006e-13 -0.0540362
0.152927 4.90086e-13 -0.0645461
0.186904 7.46809e-13 -0.075056
0.220879 1.06513e-12 -0.0855659
0.254851 1.44798e-12 -0.0960758
0.288821 1.89946e-12 -0.106586
0.322788 2.42058e-12 -0.117096
0.356753 3.01695e-12 -0.127606
0.390716 3.69198e-12 -0.138116
0.424676 4.44797e-12 -0.148625
0.458633 5.28747e-12 -0.159135
0.492589 6.21517e-12 -0.169645
0.526542 7.234e-12 -0.180155
0.560492 8.34688e-12 -0.190665
0.59444 9.55715e-12 -0.201175
0.628386 1.08696e-11 -0.211685
0.662329 1.22857e-11 -0.222195
0.69627 1.38097e-11 -0.232705
0.645358 1.15641e-11 -0.21694
0.611413 1.02013e-11 -0.20643
0.577466 8.94087e-12 -0.19592
0.543517 7.77779e-12 -0.18541
0.509565 6.71253e-12 -0.1749
0.475611 5.74011e-12 -0.16439
0.441655 4.85702e-12 -0.15388
0.407696 4.05868e-12 -0.14337
0.373735 3.346e-12 -0.132861
0.339771 2.70956e-12 -0.122351
0.305805 2.15114e-12 -0.111841
0.271836 1.6658e-12 -0.101331
0.237865 1.24877e-12 -0.0908208
0.203892 8.99332e-13 -0.0803109
0.169916 6.105e-13 -0.069801
0.135937 3.8278e-13 -0.0592911
0.101957 2.11869e-13 -0.0487813
0.0679732 9.25011e-14 -0.0382714
0.0339873 2.31581e-14 -0.0277615
-1.06779e-06 -3.12676e-16 -0.0172517
-0.0339919 1.94753e-14 -0.00674182
-0.0679853 7.89818e-14 0.00376802
-0.101981 1.74655e-13 0.0142779
-0.13598 3.02578e-13 0.0247877
-0.169981 4.60816e-13 0.0352975
-0.203984 6.46156e-13 0.0458073
-0.23799 8.52694e-13 0.0563171
-0.271999 1.07977e-12 0.0668269
-0.30601 1.32265e-12 0.0773367
-0.340023 1.57867e-12 0.0878464
-0.37404 1.84424e-12 0.0983562
-0.408059 2.11643e-12 0.108866
-0.44208 2.39119e-12 0.119376
-0.476104 2.66617e-12 0.129885
-0.510131 2.93604e-12 0.140395
-0.54416 3.20047e-12 0.150905
-0.578192 3.45397e-12 0.161415
-0.612226 3.69354e-12 0.171924
-0.646263 3.91582e-12 0.182434
-0.680303 4.11779e-12 0.192944
-0.714345 4.2963e-12 0.203453
-0.663283 4.01994e-12 0.187689
-0.629244 3.80683e-12 0.177179
-0.595209 3.57516e-12 0.166669
-0.561175 3.32807e-12 0.15616
-0.527145 3.0692e-12 0.14565
-0.493117 2.80195e-12 0.13514
-0.459092 2.52801e-12 0.124631
-0.425069 2.25404e-12 0.114121
-0.391049 1.98012e-12 0.103611
-0.357031 1.70999e-12 0.0931013
-0.323016 1.44939e-12 0.0825915
-0.289004 1.19886e-12 0.0720818
-0.254994 9.64199e-13 0.061572
-0.220987 7.46205e-13 0.0510622
-0.186982 5.50394e-13 0.0405524
-0.15298 3.78384e-13 0.0300426
-0.11898 2.349e-13 0.0195328
-0.0849829 1.22798e-13 0.00902294
-0.0509883 4.43258e-14 -0.0014869
-0.0169962 5.43935e-15 -0.0119967
0.0169934 5.84789e-15 -0.0225066
0.0509805 5.16444e-14 -0.0330165
0.0849652 1.453e-13 -0.0435263
0.118947 2.9002e-13 -0.0540362
0.152927 4.90291e-13 -0.0645461
0.186904 7.46746e-13 -0.075056
0.220879 1.06515e-12 -0.0855659
0.254851 1.44791e-12 -0.0960758
0.288821 1.89978e-12 -0.106586
0.322788 2.42147e-12 -0.117096
0.356753 3.01846e-12 -0.127606
0.390716 3.69196e-12 -0.138116
0.424676 4.44618e-12 -0.148625
0.458633 5.28793e-12 -0.159135
0.492589 6.2153e-12 -0.169645
0.526542 7.2331e-12 -0.180155
0.560492 8.34603e-12 -0.190665
0.59444 9.55772e-12 -0.201175
0.628386 1.08699e-11 -0.211685
0.662329 1.22857e-11 -0.222195
0.69627 1.38099e-11 -0.232705
0.730209 1.54453e-11 -0.243215
0.764145 1.7195e-11 -0.253725
0.798079 1.9062e-11 -0.264235
0.83201 2.10503e-11 -0.274745
0.865939 2.31626e-11 -0.285255
0.899866 2.54031e-11 -0.295765
0.933791 2.7775e-11 -0.306276
0.967713 3.02792e-11 -0.316786
1.00163 3.29243e-11 -0.327296
1.03555 3.57068e-11 -0.337806
1.06947 3.86354e-11 -0.348316
1.10338 4.1711e-11 -0.358826
1.13729 4.49383e-11 -0.369336
1.1712 4.83195e-11 -0.379846
1.2051 5.18586e-11 -0.390356
1.23901 5.55579e-11 -0.400866
1.27291 5.9421e-11 -0.411376
1.30681 6.34522e-11 -0.421886
1.34071 6.76553e-11 -0.432396
1.3746 7.20309e-11 -0.442907
1.32376 6.55325e-11 -0.427141
1.28986 6.1417e-11 -0.416631
1.25596 5.74706e-11 -0.406121
1.22206 5.36875e-11 -0.395611
1.18815 5.00691e-11 -0.385101
1.15424 4.66099e-11 -0.374591
1.12033 4.3306e-11 -0.364081
1.08642 4.0155e-11 -0.353571
1.05251 3.71531e-11 -0.343061
1.01859 3.42976e-11 -0.332551
0.984673 3.15846e-11 -0.322041
0.950752 2.90103e-11 -0.311531
0.916829 2.65721e-11 -0.30102
0.882903 2.42669e-11 -0.29051
0.848975 2.20912e-11 -0.28
0.815045 2.00399e-11 -0.26949
0.781112 1.81136e-11 -0.25898
0.747177 1.63058e-11 -0.24847
0.71324 1.46143e-11 -0.23796
0.6793 1.30343e-11 -0.22745
0.645358 1.15645e-11 -0.21694
0.611413 1.02009e-11 -0.20643
0.577466 8.93971e-12 -0.19592
0.543517 7.77907e-12 -0.18541
0.509565 6.71218e-12 -0.1749
0.475611 5.73875e-12 -0.16439
0.441655 4.85519e-12 -0.15388
0.407696 4.05885e-12 -0.14337
0.373735 3.34466e-12 -0.132861
0.339771 2.71047e-12 -0.122351
0.305805 2.15091e-12 -0.111841
0.271836 1.66541e-12 -0.101331
0.237865 1.25023e-12 -0.0908208
0.203892 8.98549e-13 -0.0803109
0.169916 6.10526e-13 -0.069801
0.135937 3.8273e-13 -0.0592911
0.101957 2.10842e-13 -0.0487813
0.0679732 9.25509e-14 -0.0382714
0.0339873 2.28639e-14 -0.0277615
-1.06779e-06 -1.76122e-16 -0.0172517
-0.0339919 2.03648e-14 -0.00674182
-0.0679853 7.89487e-14 0.00376802
-0.101981 1.7497e-13 0.0142779
-0.13598 3.03002e-13 0.0247877
-0.169981 4.61061e-13 0.0352975
-0.203984 6.44946e-13 0.0458073
-0.23799 8.5342e-13 0.0563171
-0.271999 1.07962e-12 0.0668269
-0.30601 1.32172e-12 0.0773367
-0.340023 1.57835e-12 0.0878464
-0.37404 1.84425e-12 0.0983562
-0.408059 2.11636e-12 0.108866
-0.44208 2.39076e-12 0.119376
-0.476104 2.66556e-12 0.129885
-0.510131 2.93653e-12 0.140395
-0.54416 3.19882e-12 0.150905
-0.578192 3.45363e-12 0.161415
-0.612226 3.69285e-12 0.171924
-0.646263 3.9152e-12 0.182434
-0.680303 4.11737e-12 0.192944
-0.714345 4.29584e-12 0.203453
-0.74839 4.44777e-12 0.213963
-0.782438 4.56764e-12 0.224472
-0.816488 4.65647e-12 0.234982
-0.850541 4.70617e-12 0.245492
-0.884597 4.71578e-12 0.256001
-0.918655 4.68188e-12 0.266511
-0.952716 4.60092e-12 0.27702
-0.98678 4.46963e-12 0.28753
-1.02085 4.28484e-12 0.29804
-1.05492 4.04269e-12 0.308549
-1.08899 3.73985e-12 0.319059
-1.12306 3.37458e-12 0.329568
-1.15714 2.94103e-12 0.340078
-1.19122 2.43747e-12 0.350587
-1.2253 1.85869e-12 0.361097
-1.25939 1.20453e-12 0.371606
-1.29348 4.68794e-13 0.382116
-1.32757 -3.49405e-13 0.392625
-1.36166 -1.25494e-12 0.403134
-1.39576 -2.25144e-12 0.413644
-1.34461 -7.91112e-13 0.39788
-1.31052 7.04224e-14 0.38737
-1.27643 8.46556e-13 0.376861
-1.24234 1.54224e-12 0.366351
-1.20826 2.15695e-12 0.355842
-1.17418 2.69794e-12 0.345332
-1.1401 3.16643e-12 0.334823
-1.10602 3.56543e-12 0.324313
-1.07195 3.89958e-12 0.313804
-1.03788 4.17102e-12 0.303294
-1.00381 4.38376e-12 0.292785
-0.969748 4.54235e-12 0.282275
-0.935685 4.64805e-12 0.271766
-0.901626 4.70539e-12 0.261256
-0.867569 4.71624e-12 0.250747
-0.833514 4.68586e-12 0.240237
-0.799463 4.61578e-12 0.229727
-0.765414 4.5119e-12 0.219218
-0.731367 4.37585e-12 0.208708
-0.697324 4.21039e-12 0.198198
-0.663283 4.01938e-12 0.187689
-0.629244 3.80647e-12 0.177179
-0.595209 3.57465e-12 0.166669
-0.561175 3.32804e-12 0.15616
-0.527145 3.0687e-12 0.14565
-0.493117 2.8011e-12 0.13514
-0.459092 2.5291e-12 0.124631
-0.425069 2.25311e-12 0.114121
-0.391049 1.97896e-12 0.103611
-0.357031 1.71054e-12 0.0931013
-0.323016 1.4496e-12 0.0825915
-0.289004 1.19865e-12 0.0720818
-0.254994 9.64655e-13 0.061572
-0.220987 7.46997e-13 0.0510622
-0.186982 5.50867e-13 0.0405524
-0.15298 3.79336e-13 0.0300426
-0.11898 2.35052e-13 0.0195328
-0.0849829 1.22819e-13 0.00902294
-0.0509883 4.43342e-14 -0.0014869
-0.0169962 4.25197e-15 -0.0119967
0.0169934 7.21686e-15 -0.0225066
0.0509805 5.19182e-14 -0.0330165
0.0849652 1.45253e-13 -0.0435263
0.118947 2.90218e-13 -0.0540362
0.152927 4.89716e-13 -0.0645461
0.186904 7.47403e-13 -0.075056
0.220879 1.06616e-12 -0.0855659
0.254851 1.448e-12 -0.0960758
0.288821 1.89986e-12 -0.106586
0.322788 2.42098e-12 -0.117096
0.356753 3.01727e-12 -0.127606
0.390716 3.69309e-12 -0.138116
0.424676 4.44651e-12 -0.148625
0.458633 5.28638e-12 -0.159135
0.492589 6.21402e-12 -0.169645
0.526542 7.23315e-12 -0.180155
0.560492 8.34652e-12 -0.190665
0.59444 9.5581e-12 -0.201175
0.628386 1.08695e-11 -0.211685
0.662329 1.22864e-11 -0.222195
0.69627 1.38104e-11 -0.232705
0.730209 1.54455e-11 -0.243215
0.764145 1.71953e-11 -0.253725
0.798079 1.90624e-11 -0.264235
0.83201 2.10505e-11 -0.274745
0.865939 2.3163e-11 -0.285255
0.899866 2.54032e-11 -0.295765
0.933791 2.77747e-11 -0.306276
0.967713 3.02796e-11 -0.316786
1.00163 3.29235e-11 -0.327296
1.03555 3.57075e-11 -0.337806
1.06947 3.86353e-11 -0.348316
1.10338 4.17112e-11 -0.358826
1.13729 4.49385e-11 -0.369336
1.1712 4.83198e-11 -0.379846
1.2051 5.18578e-11 -0.390356
1.23901 5.55584e-11 -0.400866
1.27291 5.94218e-11 -0.411376
1.30681 6.34528e-11 -0.421886
1.34071 6.76554e-11 -0.432396
1.3746 7.20306e-11 -0.442907
1.40849 7.65856e-11 -0.453417
1.44238 8.13217e-11 -0.463927
1.47627 8.62382e-11 -0.474437
1.51016 9.13439e-11 -0.484947
1.54404 9.66419e-11 -0.495457
1.57793 1.02132e-10 -0.505967
1.6118 1.07819e-10 -0.516477
1.64568 1.13709e-10 -0.526988
1.67956 1.19803e-10 -0.537498
1.71343 1.26103e-10 -0.548008
1.7473 1.32614e-10 -0.558518
1.78117 1.3934e-10 -0.569028
1.81504 1.46283e-10 -0.579538
1.8489 1.53446e-10 -0.590049
1.88276 1.60833e-10 -0.600559
1.91662 1.68448e-10 -0.611069
1.95048 1.76293e-10 -0.621579
1.98434 1.84372e-10 -0.632089
2.01819 1.9269e-10 -0.642599
2.05204 2.01245e-10 -0.65311
2.08589 2.10048e-10 -0.66362
2.11974 2.19096e-10 -0.67413
2.15359 2.28393e-10 -0.68464
2.18743 2.37948e-10 -0.69515
2.22127 2.47756e-10 -0.70566
2.25511 2.57826e-10 -0.716171
2.28895 2.68158e-10 -0.726681
2.32278 2.78759e-10 -0.737191
2.35662 2.89632e-10 -0.747701
2.39045 3.00778e-10 -0.758211
2.42428 3.12204e-10 -0.768722
2.4581 3.23904e-10 -0.779232
2.49193 3.35894e-10 -0.789742
2.52575 3.48162e-10 -0.800252
2.55957 3.60731e-10 -0.810762
2.59339 3.73591e-10 -0.821273
2.62721 3.86741e-10 -0.831783
2.66102 4.002e-10 -0.842293
2.69484 4.13961e-10 -0.852803
2.72865 4.28029e-10 -0.863313
2.67793 4.07039e-10 -0.847548
2.64412 3.93428e-10 -0.837038
2.6103 3.80129e-10 -0.826528
2.57648 3.67124e-10 -0.816017
2.54266 3.54416e-10 -0.805507
2.50884 3.41994e-10 -0.794997
2.47502 3.29862e-10 -0.784487
2.44119 3.18018e-10 -0.773977
2.40736 3.06456e-10 -0.763466
2.37353 2.95171e-10 -0.752956
2.3397 2.84166e-10 -0.742446
2.30587 2.73427e-10 -0.731936
2.27203 2.62961e-10 -0.721426
2.23819 2.52758e-10 -0.710916
2.20435 2.42818e-10 -0.700405
2.17051 2.33137e-10 -0.689895
2.13666 2.23711e-10 -0.679385
2.10282 2.1454e-10 -0.668875
2.06897 2.05616e-10 -0.658365
2.03512 1.96937e-10 -0.647854
2.00126 1.88501e-10 -0.637344
1.96741 1.80303e-10 -0.626834
1.93355 1.72342e-10 -0.616324
1.89969 1.64612e-10 -0.605814
1.86583 1.57112e-10 -0.595304
1.83197 1.49837e-10 -0.584793
1.7981 1.42784e-10 -0.574283
1.76424 1.35951e-10 -0.563773
1.73037 1.29333e-10 -0.553263
1.69649 1.22927e-10 -0.542753
1.66262 1.1673e-10 -0.532243
1.62874 1.1074e-10 -0.521733
1.59487 1.04951e-10 -0.511222
1.56098 9.93622e-11 -0.500712
1.5271 9.39692e-11 -0.490202
1.49322 8.87666e-11 -0.479692
1.45933 8.3756e-11 -0.469182
1.42544 7.89283e-11 -0.458672
1.39155 7.4285e-11 -0.448162
1.35765 6.98214e-11 -0.437652
1.32376 6.55327e-11 -0.427141
1.28986 6.14163e-11 -0.416631
1.25596 5.74691e-11 -0.406121
1.22206 5.36872e-11 -0.395611
1.18815 5.00687e-11 -0.385101
1.15424 4.66097e-11 -0.374591
1.12033 4.33055e-11 -0.364081
1.08642 4.01556e-11 -0.353571
1.05251 3.71532e-11 -0.343061
1.01859 3.42975e-11 -0.332551
0.984673 3.15843e-11 -0.322041
0.950752 2.90103e-11 -0.311531
0.916829 2.65724e-11 -0.30102
0.882903 2.42661e-11 -0.29051
0.848975 2.20914e-11 -0.28
0.815045 2.00412e-11 -0.26949
0.781112 1.81141e-11 -0.25898
0.747177 1.63057e-11 -0.24847
0.71324 1.4614e-11 -0.23796
0.6793 1.30344e-11 -0.22745
0.645358 1.15658e-11 -0.21694
0.611413 1.02003e-11 -0.20643
0.577466 8.93905e-12 -0.19592
0.543517 7.77814e-12 -0.18541
0.509565 6.7121e-12 -0.1749
0.475611 5.73988e-12 -0.16439
0.441655 4.85611e-12 -0.15388
0.407696 4.05874e-12 -0.14337
0.373735 3.34456e-12 -0.132861
0.339771 2.71047e-12 -0.122351
0.305805 2.15042e-12 -0.111841
0.271836 1.66546e-12 -0.101331
0.237865 1.24897e-12 -0.0908208
0.203892 8.98705e-13 -0.0803109
0.169916 6.1007e-13 -0.069801
0.135937 3.83664e-13 -0.0592911
0.101957 2.11491e-13 -0.0487813
0.0679732 9.30145e-14 -0.0382714
0.0339873 2.32249e-14 -0.0277615
-1.06779e-06 2.22901e-16 -0.0172517
-0.0339919 1.89965e-14 -0.00674182
-0.0679853 7.92998e-14 0.00376802
-0.101981 1.73891e-13 0.0142779
-0.13598 3.03168e-13 0.0247877
-0.169981 4.60932e-13 0.0352975
-0.203984 6.45347e-13 0.0458073
-0.23799 8.52612e-13 0.0563171
-0.271999 1.07951e-12 0.0668269
-0.30601 1.32232e-12 0.0773367
-0.340023 1.57841e-12 0.0878464
-0.37404 1.84364e-12 0.0983562
-0.408059 2.11635e-12 0.108866
-0.44208 2.39116e-12 0.119376
-0.476104 2.66492e-12 0.129885
-0.510131 2.93678e-12 0.140395
-0.54416 3.20029e-12 0.150905
-0.578192 3.45362e-12 0.161415
-0.612226 3.69277e-12 0.171924
-0.646263 3.91596e-12 0.182434
-0.680303 4.11769e-12 0.192944
-0.714345 4.29719e-12 0.203453
-0.74839 4.44762e-12 0.213963
-0.782438 4.56847e-12 0.224472
-0.816488 4.6556e-12 0.234982
-0.850541 4.70622e-12 0.245492
-0.884597 4.71607e-12 0.256001
-0.918655 4.68209e-12 0.266511
-0.952716 4.60066e-12 0.27702
-0.98678 4.46976e-12 0.28753
-1.02085 4.28465e-12 0.29804
-1.05492 4.04289e-12 0.308549
-1.08899 3.74021e-12 0.319059
-1.12306 3.374e-12 0.329568
-1.15714 2.94051e-12 0.340078
-1.19122 2.43648e-12 0.350587
-1.2253 1.85946e-12 0.361097
-1.25939 1.2041e-12 0.371606
-1.29348 4.6838e-13 0.382116
-1.32757 -3.49899e-13 0.392625
-1.36166 -1.25553e-12 0.403134
-1.39576 -2.25214e-12 0.413644
-1.42986 -3.34211e-12 0.424153
-1.46396 -4.52942e-12 0.434663
-1.49806 -5.81746e-12 0.445172
-1.53217 -7.20946e-12 0.455681
-1.56628 -8.70861e-12 0.466191
-1.6004 -1.03187e-11 0.4767
-1.63451 -1.20419e-11 0.487209
-1.66863 -1.38816e-11 0.497719
-1.70275 -1.58443e-11 0.508228
-1.73688 -1.79296e-11 0.518737
-1.771 -2.0142e-11 0.529247
-1.80513 -2.24847e-11 0.539756
-1.83927 -2.49621e-11 0.550265
-1.8734 -2.75765e-11 0.560774
-1.90754 -3.03317e-11 0.571283
-1.94169 -3.32287e-11 0.581793
-1.97583 -3.6277e-11 0.592302
-2.00998 -3.94743e-11 0.602811
-2.04413 -4.28255e-11 0.61332
-2.07828 -4.63331e-11 0.623829
-2.11244 -5.00032e-11 0.634338
-2.1466 -5.38364e-11 0.644847
-2.18076 -5.78377e-11 0.655357
-2.21493 -6.20121e-11 0.665866
-2.24909 -6.63573e-11 0.676375
-2.28327 -7.08789e-11 0.686884
-2.31744 -7.55843e-11 0.697393
-2.35162 -8.0474e-11 0.707902
-2.3858 -8.5552e-11 0.718411
-2.41998 -9.08185e-11 0.72892
-2.45417 -9.62822e-11 0.739429
-2.48835 -1.01943e-10 0.749938
-2.52255 -1.07802e-10 0.760447
-2.55674 -1.13864e-10 0.770955
-2.59094 -1.20138e-10 0.781464
-2.62514 -1.26626e-10 0.791973
-2.65935 -1.3332e-10 0.802482
-2.69355 -1.40242e-10 0.812991
-2.72776 -1.47377e-10 0.8235
-2.76198 -1.54743e-10 0.834008
-2.71066 -1.4378e-10 0.818245
-2.67645 -1.36757e-10 0.807736
-2.64224 -1.29954e-10 0.797228
-2.60804 -1.23357e-10 0.786719
-2.57384 -1.16981e-10 0.77621
-2.53964 -1.10808e-10 0.765701
-2.50545 -1.04847e-10 0.755192
-2.47126 -9.90858e-11 0.744683
-2.43707 -9.35264e-11 0.734174
-2.40289 -8.81602e-11 0.723665
-2.36871 -8.29891e-11 0.713156
-2.33453 -7.80082e-11 0.702647
-2.30035 -7.32096e-11 0.692138
-2.26618 -6.85968e-11 0.681629
-2.23201 -6.41624e-11 0.67112
-2.19784 -5.9902e-11 0.660611
-2.16368 -5.58163e-11 0.650102
-2.12952 -5.18984e-11 0.639593
-2.09536 -4.81488e-11 0.629084
-2.06121 -4.45593e-11 0.618575
-2.02705 -4.11309e-11 0.608066
-1.9929 -3.78565e-11 0.597556
-1.95876 -3.4735e-11 0.587047
-1.92461 -3.17623e-11 0.576538
-1.89047 -2.89364e-11 0.566029
-1.85634 -2.62517e-11 0.55552
-1.8222 -2.37054e-11 0.54501
-1.78807 -2.12971e-11 0.534501
-1.75394 -1.90189e-11 0.523992
-1.71981 -1.68709e-11 0.513483
-1.68569 -1.48479e-11 0.502973
-1.65157 -1.29479e-11 0.492464
-1.61745 -1.11661e-11 0.481955
-1.58334 -9.49934e-12 0.471445
-1.54923 -7.94546e-12 0.460936
-1.51512 -6.50051e-12 0.450427
-1.48101 -5.16121e-12 0.439917
-1.44691 -3.92226e-12 0.429408
-1.41281 -2.78557e-12 0.418899
-1.37871 -1.74276e-12 0.408389
-1.34461 -7.90413e-13 0.39788
-1.31052 7.03273e-14 0.38737
-1.27643 8.47737e-13 0.376861
-1.24234 1.54194e-12 0.366351
-1.20826 2.15742e-12 0.355842
-1.17418 2.69785e-12 0.345332
-1.1401 3.166e-12 0.334823
-1.10602 3.56572e-12 0.324313
-1.07195 3.899e-12 0.313804
-1.03788 4.17119e-12 0.303294
-1.00381 4.38441e-12 0.292785
-0.969748 4.54198e-12 0.282275
-0.935685 4.64782e-12 0.271766
-0.901626 4.70444e-12 0.261256
-0.867569 4.71612e-12 0.250747
-0.833514 4.6857e-12 0.240237
-0.799463 4.6167e-12 0.229727
-0.765414 4.51234e-12 0.219218
-0.731367 4.37503e-12 0.208708
-0.697324 4.21013e-12 0.198198
-0.663283 4.01964e-12 0.187689
-0.629244 3.80726e-12 0.177179
-0.595209 3.575e-12 0.166669
-0.561175 3.32792e-12 0.15616
-0.527145 3.06895e-12 0.14565
-0.493117 2.80048e-12 0.13514
-0.459092 2.52912e-12 0.124631
-0.425069 2.25418e-12 0.114121
-0.391049 1.98017e-12 0.103611
-0.357031 1.71025e-12 0.0931013
-0.323016 1.44998e-12 0.0825915
-0.289004 1.19818e-12 0.0720818
-0.254994 9.64757e-13 0.061572
-0.220987 7.47075e-13 0.0510622
-0.186982 5.50538e-13 0.0405524
-0.15298 3.78995e-13 0.0300426
-0.11898 2.35362e-13 0.0195328
-0.0849829 1.22549e-13 0.00902294
-0.0509883 4.44249e-14 -0.0014869
-0.0169962 4.70847e-15 -0.0119967
0.0169934 5.45699e-15 -0.0225066
0.0509805 5.1724e-14 -0.0330165
0.0849652 1.45448e-13 -0.0435263
0.118947 2.90546e-13 -0.0540362
0.152927 4.90731e-13 -0.0645461
0.186904 7.47091e-13 -0.075056
0.220879 1.06501e-12 -0.0855659
0.254851 1.44837e-12 -0.0960758
0.288821 1.89874e-12 -0.106586
0.322788 2.42034e-12 -0.117096
0.356753 3.01748e-12 -0.127606
0.390716 3.69206e-12 -0.138116
0.424676 4.44652e-12 -0.148625
0.458633 5.28737e-12 -0.159135
0.492589 6.21554e-12 -0.169645
0.526542 7.2332e-12 -0.180155
0.560492 8.34781e-12 -0.190665
0.59444 9.55747e-12 -0.201175
0.628386 1.08696e-11 -0.211685
0.662329 1.2286e-11 -0.222195
0.69627 1.38102e-11 -0.232705
0.730209 1.54457e-11 -0.243215
0.764145 1.71948e-11 -0.253725
0.798079 1.9062e-11 -0.264235
0.83201 2.10499e-11 -0.274745
0.865939 2.31638e-11 -0.285255
0.899866 2.54028e-11 -0.295765
0.933791 2.77744e-11 -0.306276
0.967713 3.02803e-11 -0.316786
1.00163 3.29229e-11 -0.327296
1.03555 3.57079e-11 -0.337806
1.06947 3.86358e-11 -0.348316
1.10338 4.17117e-11 -0.358826
1.13729 4.49384e-11 -0.369336
1.1712 4.832e-11 -0.379846
1.2051 5.18576e-11 -0.390356
1.23901 5.5558e-11 -0.400866
1.27291 5.94214e-11 -0.411376
1.30681 6.34529e-11 -0.421886
1.34071 6.76559e-11 -0.432396
1.3746 7.20303e-11 -0.442907
1.40849 7.65848e-11 -0.453417
1.44238 8.13189e-11 -0.463927
1.47627 8.62385e-11 -0.474437
1.51016 9.13442e-11 -0.484947
1.54404 9.66406e-11 -0.495457
1.57793 1.02132e-10 -0.505967
1.6118 1.07821e-10 -0.516477
1.64568 1.13709e-10 -0.526988
1.67956 1.19802e-10 -0.537498
1.71343 1.26104e-10 -0.548008
1.7473 1.32614e-10 -0.558518
1.78117 1.39341e-10 -0.569028
1.81504 1.46281e-10 -0.579538
1.8489 1.53446e-10 -0.590049
1.88276 1.60835e-10 -0.600559
1.91662 1.68448e-10 -0.611069
1.95048 1.76293e-10 -0.621579
1.98434 1.84373e-10 -0.632089
2.01819 1.92689e-10 -0.642599
2.05204 2.01246e-10 -0.65311
2.08589 2.10048e-10 -0.66362
2.11974 2.19095e-10 -0.67413
2.15359 2.28393e-10 -0.68464
2.18743 2.37945e-10 -0.69515
2.22127 2.47756e-10 -0.70566
2.25511 2.57825e-10 -0.716171
2.28895 2.68161e-10 -0.726681
2.32278 2.78762e-10 -0.737191
2.35662 2.89633e-10 -0.747701
2.39045 3.00777e-10 -0.758211
2.42428 3.12198e-10 -0.768722
2.4581 3.23906e-10 -0.779232
2.49193 3.35892e-10 -0.789742
2.52575 3.48167e-10 -0.800252
2.55957 3.60728e-10 -0.810762
2.59339 3.73586e-10 -0.821273
2.62721 3.86746e-10 -0.831783
2.66102 4.00201e-10 -0.842293
2.69484 4.13962e-10 -0.852803
2.72865 4.28026e-10 -0.863313
2.76246 4.42405e-10 -0.873824
2.79627 4.57096e-10 -0.884334
2.83007 4.72104e-10 -0.894844
2.86387 4.87432e-10 -0.905354
2.89768 5.03084e-10 -0.915864
2.93148 5.19059e-10 -0.926375
2.96527 5.35366e-10 -0.936885
2.99907 5.5201e-10 -0.947395
3.03286 5.68993e-10 -0.957905
3.06665 5.86315e-10 -0.968415
3.10044 6.03972e-10 -0.978925
3.13423 6.21992e-10 -0.989436
3.16802 6.4035e-10 -0.999946
3.2018 6.59057e-10 -1.01046
3.23559 6.78137e-10 -1.02097
3.26937 6.97567e-10 -1.03148
3.30315 7.17362e-10 -1.04199
3.33692 7.37519e-10 -1.0525
3.3707 7.58056e-10 -1.06301
3.40447 7.78968e-10 -1.07352
3.35381 7.47746e-10 -1.05775
3.32004 7.27395e-10 -1.04724
3.28626 7.07421e-10 -1.03673
3.25248 6.87806e-10 -1.02622
3.2187 6.68548e-10 -1.01571
3.18491 6.49657e-10 -1.0052
3.15113 6.31129e-10 -0.994691
3.11734 6.12941e-10 -0.984181
3.08355 5.95102e-10 -0.97367
3.04976 5.77609e-10 -0.96316
3.01597 5.60459e-10 -0.95265
2.98217 5.4365e-10 -0.94214
2.94837 5.27168e-10 -0.93163
2.91458 5.11031e-10 -0.921119
2.88078 4.95221e-10 -0.910609
2.84697 4.7973e-10 -0.900099
2.81317 4.64558e-10 -0.889589
2.77936 4.49712e-10 -0.879079
2.74555 4.35177e-10 -0.868568
2.71174 4.20954e-10 -0.858058
2.67793 4.07046e-10 -0.847548
2.64412 3.93437e-10 -0.837038
2.6103 3.80127e-10 -0.826528
2.57648 3.67123e-10 -0.816017
2.54266 3.54409e-10 -0.805507
2.50884 3.41995e-10 -0.794997
2.47502 3.29867e-10 -0.784487
2.44119 3.18019e-10 -0.773977
2.40736 3.06456e-10 -0.763466
2.37353 2.95171e-10 -0.752956
2.3397 2.84164e-10 -0.742446
2.30587 2.73428e-10 -0.731936
2.27203 2.6296e-10 -0.721426
2.23819 2.52757e-10 -0.710916
2.20435 2.42819e-10 -0.700405
2.17051 2.3314e-10 -0.689895
2.13666 2.23713e-10 -0.679385
2.10282 2.14538e-10 -0.668875
2.06897 2.05615e-10 -0.658365
2.03512 1.96937e-10 -0.647854
2.00126 1.88501e-10 -0.637344
1.96741 1.80305e-10 -0.626834
1.93355 1.72341e-10 -0.616324
1.89969 1.64612e-10 -0.605814
1.86583 1.57111e-10 -0.595304
1.83197 1.49835e-10 -0.584793
1.7981 1.42784e-10 -0.574283
1.76424 1.3595e-10 -0.563773
1.73037 1.29333e-10 -0.553263
1.69649 1.22928e-10 -0.542753
1.66262 1.16731e-10 -0.532243
1.62874 1.10739e-10 -0.521733
1.59487 1.04952e-10 -0.511222
1.56098 9.93631e-11 -0.500712
1.5271 9.39682e-11 -0.490202
1.49322 8.87669e-11 -0.479692
1.45933 8.37553e-11 -0.469182
1.42544 7.89297e-11 -0.458672
1.39155 7.42858e-11 -0.448162
1.35765 6.98218e-11 -0.437652
1.32376 6.55329e-11 -0.427141
1.28986 6.14161e-11 -0.416631
1.25596 5.74687e-11 -0.406121
1.22206 5.36876e-11 -0.395611
1.18815 5.0069e-11 -0.385101
1.15424 4.66093e-11 -0.374591
1.12033 4.33056e-11 -0.364081
1.08642 4.01559e-11 -0.353571
1.05251 3.71529e-11 -0.343061
1.01859 3.42969e-11 -0.332551
0.984673 3.15843e-11 -0.322041
0.950752 2.90097e-11 -0.311531
0.916829 2.65719e-11 -0.30102
0.882903 2.42667e-11 -0.29051
0.848975 2.20914e-11 -0.28
0.815045 2.00409e-11 -0.26949
0.781112 1.81134e-11 -0.25898
0.747177 1.63049e-11 -0.24847
0.71324 1.46143e-11 -0.23796
0.6793 1.30343e-11 -0.22745
0.645358 1.15644e-11 -0.21694
0.611413 1.02009e-11 -0.20643
0.577466 8.93881e-12 -0.19592
0.543517 7.77737e-12 -0.18541
0.509565 6.71265e-12 -0.1749
0.475611 5.74031e-12 -0.16439
0.441655 4.85722e-12 -0.15388
0.407696 4.05904e-12 -0.14337
0.373735 3.34475e-12 -0.132861
0.339771 2.7111e-12 -0.122351
0.305805 2.15173e-12 -0.111841
0.271836 1.66539e-12 -0.101331
0.237865 1.24872e-12 -0.0908208
0.203892 8.98094e-13 -0.0803109
0.169916 6.1082e-13 -0.069801
0.135937 3.82942e-13 -0.0592911
0.101957 2.11097e-13 -0.0487813
0.0679732 9.25428e-14 -0.0382714
0.0339873 2.35795e-14 -0.0277615
-1.06779e-06 -9.02663e-17 -0.0172517
-0.0339919 1.95527e-14 -0.00674182
-0.0679853 7.8953e-14 0.00376802
-0.101981 1.74215e-13 0.0142779
-0.13598 3.02689e-13 0.0247877
-0.169981 4.6065e-13 0.0352975
-0.203984 6.45484e-13 0.0458073
-0.23799 8.52411e-13 0.0563171
-0.271999 1.07946e-12 0.0668269
-0.30601 1.32268e-12 0.0773367
-0.340023 1.57879e-12 0.0878464
-0.37404 1.84446e-12 0.0983562
-0.408059 2.11578e-12 0.108866
-0.44208 2.39159e-12 0.119376
-0.476104 2.6656e-12 0.129885
-0.510131 2.93536e-12 0.140395
-0.54416 3.20034e-12 0.150905
-0.578192 3.45356e-12 0.161415
-0.612226 3.69307e-12 0.171924
-0.646263 3.91561e-12 0.182434
-0.680303 4.11774e-12 0.192944
-0.714345 4.29592e-12 0.203453
-0.74839 4.44761e-12 0.213963
-0.782438 4.56879e-12 0.224472
-0.816488 4.65503e-12 0.234982
-0.850541 4.70564e-12 0.245492
-0.884597 4.7151e-12 0.256001
-0.918655 4.68244e-12 0.266511
-0.952716 4.60107e-12 0.27702
-0.98678 4.46993e-12 0.28753
-1.02085 4.28515e-12 0.29804
-1.05492 4.04272e-12 0.308549
-1.08899 3.73973e-12 0.319059
-1.12306 3.37387e-12 0.329568
-1.15714 2.94097e-12 0.340078
-1.19122 2.43573e-12 0.350587
-1.2253 1.85959e-12 0.361097
-1.25939 1.20453e-12 0.371606
-1.29348 4.69121e-13 0.382116
-1.32757 -3.48902e-13 0.392625
-1.36166 -1.25475e-12 0.403134
-1.39576 -2.25181e-12 0.413644
-1.42986 -3.34301e-12 0.424153
-1.46396 -4.5298e-12 0.434663
-1.49806 -5.81744e-12 0.445172
-1.53217 -7.21039e-12 0.455681
-1.56628 -8.70852e-12 0.466191
-1.6004 -1.03189e-11 0.4767
-1.63451 -1.20423e-11 0.487209
-1.66863 -1.38823e-11 0.497719
-1.70275 -1.58442e-11 0.508228
-1.73688 -1.79304e-11 0.518737
-1.771 -2.01415e-11 0.529247
-1.80513 -2.24854e-11 0.539756
-1.83927 -2.49623e-11 0.550265
-1.8734 -2.75753e-11 0.560774
-1.90754 -3.03321e-11 0.571283
-1.94169 -3.3231e-11 0.581793
-1.97583 -3.62752e-11 0.592302
-2.00998 -3.9474e-11 0.602811
-2.04413 -4.28252e-11 0.61332
-2.07828 -4.63346e-11 0.623829
-2.11244 -5.00036e-11 0.634338
-2.1466 -5.3837e-11 0.644847
-2.18076 -5.7836e-11 0.655357
-2.21493 -6.20094e-11 0.665866
-2.24909 -6.63559e-11 0.676375
-2.28327 -7.08804e-11 0.686884
-2.31744 -7.55889e-11 0.697393
-2.35162 -8.04707e-11 0.707902
-2.3858 -8.55527e-11 0.718411
-2.41998 -9.08141e-11 0.72892
-2.45417 -9.62778e-11 0.739429
-2.48835 -1.01941e-10 0.749938
-2.52255 -1.07802e-10 0.760447
-2.55674 -1.13866e-10 0.770955
-2.59094 -1.20142e-10 0.781464
-2.62514 -1.26624e-10 0.791973
-2.65935 -1.33323e-10 0.802482
-2.69355 -1.40237e-10 0.812991
-2.72776 -1.47374e-10 0.8235
-2.76198 -1.54743e-10 0.834008
-2.79619 -1.62334e-10 0.844517
-2.83041 -1.70155e-10 0.855026
-2.86463 -1.7821e-10 0.865535
-2.89886 -1.86506e-10 0.876043
-2.93309 -1.95045e-10 0.886552
-2.96732 -2.03825e-10 0.897061
-3.00156 -2.12861e-10 0.90757
-3.03579 -2.22131e-10 0.918078
-3.07003 -2.31677e-10 0.928587
-3.10428 -2.41462e-10 0.939095
-3.13853 -2.5152e-10 0.949604
-3.17278 -2.61846e-10 0.960113
-3.20703 -2.72442e-10 0.970621
-3.24129 -2.83296e-10 0.98113
-3.27555 -2.94435e-10 0.991638
-3.30981 -3.0585e-10 1.00215
-3.34408 -3.17548e-10 1.01266
-3.37835 -3.29528e-10 1.02316
-3.41262 -3.41804e-10 1.03367
-3.44689 -3.54368e-10 1.04418
-3.39548 -3.35632e-10 1.02842
-3.36121 -3.23506e-10 1.01791
-3.32694 -3.11661e-10 1.0074
-3.29268 -3.00114e-10 0.996892
-3.25842 -2.88834e-10 0.986384
-3.22416 -2.7784e-10 0.975875
-3.1899 -2.67115e-10 0.965367
-3.15565 -2.56655e-10 0.954858
-3.1214 -2.46465e-10 0.94435
-3.08716 -2.36544e-10 0.933841
-3.05291 -2.26877e-10 0.923332
-3.01867 -2.17477e-10 0.912824
-2.98444 -2.08312e-10 0.902315
-2.9502 -1.99399e-10 0.891807
-2.91597 -1.90745e-10 0.881298
-2.88175 -1.82325e-10 0.870789
-2.84752 -1.74155e-10 0.86028
-2.8133 -1.66219e-10 0.849772
-2.77908 -1.58508e-10 0.839263
-2.74487 -1.51028e-10 0.828754
-2.71066 -1.43781e-10 0.818245
-2.67645 -1.3676e-10 0.807736
-2.64224 -1.29945e-10 0.797228
-2.60804 -1.23357e-10 0.786719
-2.57384 -1.16978e-10 0.77621
-2.53964 -1.1081e-10 0.765701
-2.50545 -1.04844e-10 0.755192
-2.47126 -9.90858e-11 0.744683
-2.43707 -9.35266e-11 0.734174
-2.40289 -8.81607e-11 0.723665
-2.36871 -8.29897e-11 0.713156
-2.33453 -7.80057e-11 0.702647
-2.30035 -7.32136e-11 0.692138
-2.26618 -6.85971e-11 0.681629
-2.23201 -6.41658e-11 0.67112
-2.19784 -5.99036e-11 0.660611
-2.16368 -5.58171e-11 0.650102
-2.12952 -5.18997e-11 0.639593
-2.09536 -4.81495e-11 0.629084
-2.06121 -4.45606e-11 0.618575
-2.02705 -4.11318e-11 0.608066
-1.9929 -3.78558e-11 0.597556
-1.95876 -3.4737e-11 0.587047
-1.92461 -3.17631e-11 0.576538
-1.89047 -2.89354e-11 0.566029
-1.85634 -2.62517e-11 0.55552
-1.8222 -2.37065e-11 0.54501
-1.78807 -2.12957e-11 0.534501
-1.75394 -1.902e-11 0.523992
-1.71981 -1.68715e-11 0.513483
-1.68569 -1.48483e-11 0.502973
-1.65157 -1.29469e-11 0.492464
-1.61745 -1.11653e-11 0.481955
-1.58334 -9.50027e-12 0.471445
-1.54923 -7.94619e-12 0.460936
-1.51512 -6.50092e-12 0.450427
-1.48101 -5.16071e-12 0.439917
-1.44691 -3.92442e-12 0.429408
-1.41281 -2.78584e-12 0.418899
-1.37871 -1.74204e-12 0.408389
-1.34461 -7.91419e-13 0.39788
-1.31052 7.05163e-14 0.38737
-1.27643 8.46974e-13 0.376861
-1.24234 1.54125e-12 0.366351
-1.20826 2.15764e-12 0.355842
-1.17418 2.69701e-12 0.345332
-1.1401 3.16491e-12 0.334823
-1.10602 3.56467e-12 0.324313
-1.07195 3.90018e-12 0.313804
-1.03788 4.17076e-12 0.303294
-1.00381 4.38341e-12 0.292785
-0.969748 4.54183e-12 0.282275
-0.935685 4.6468e-12 0.271766
-0.901626 4.70463e-12 0.261256
-0.867569 4.71647e-12 0.250747
-0.833514 4.68599e-12 0.240237
-0.799463 4.61682e-12 0.229727
-0.765414 4.51201e-12 0.219218
-0.731367 4.37494e-12 0.208708
-0.697324 4.21049e-12 0.198198
-0.663283 4.01925e-12 0.187689
-0.629244 3.80669e-12 0.177179
-0.595209 3.57516e-12 0.166669
-0.561175 3.32795e-12 0.15616
-0.527145 3.06862e-12 0.14565
-0.493117 2.80165e-12 0.13514
-0.459092 2.5282e-12 0.124631
-0.425069 2.25299e-12 0.114121
-0.391049 1.97966e-12 0.103611
-0.357031 1.70972e-12 0.0931013
-0.323016 1.44876e-12 0.0825915
-0.289004 1.20006e-12 0.0720818
-0.254994 9.6481e-13 0.061572
-0.220987 7.46882e-13 0.0510622
-0.186982 5.50091e-13 0.0405524
-0.15298 3.78159e-13 0.0300426
-0.11898 2.35489e-13 0.0195328
-0.0849829 1.22306e-13 0.00902294
-0.0509883 4.44875e-14 -0.0014869
-0.0169962 4.27415e-15 -0.0119967
0.0169934 5.12377e-15 -0.0225066
