2.00049e-06 -1.50268e-07 -0.0596227
0.650054 -2.57008e-05 -0.0536056
1.08342 -4.26801e-05 -0.0495942
1.51679 -5.96158e-05 -0.045583
1.95015 -7.6508e-05 -0.0415718
2.38351 -9.33566e-05 -0.0375606
2.81688 -0.000110162 -0.0335495
3.25024 -0.000126923 -0.0295385
3.6836 -0.000143641 -0.0255275
4.11696 -0.000160316 -0.0215166
4.55031 -0.000176946 -0.0175057
4.98367 -0.000193534 -0.0134949
5.41703 -0.000210077 -0.00948417
5.85038 -0.000226577 -0.00547348
6.28374 -0.000243034 -0.00146285
6.71709 -0.000259447 0.00254772
7.15044 -0.000275816 0.00655824
7.58379 -0.000292142 0.0105687
8.01714 -0.000308425 0.0145791
8.45049 -0.000324663 0.0185894
8.88384 -0.000340858 0.0225997
8.23382 -0.000316549 0.0165843
7.80047 -0.000300289 0.0125739
7.36712 -0.000283985 0.00856347
6.93377 -0.000267637 0.00455299
6.50041 -0.000251246 0.000542447
6.06706 -0.000234811 -0.00346815
5.6337 -0.000218333 -0.00747881
5.20035 -0.000201811 -0.0114895
4.76699 -0.000185245 -0.0155003
4.33363 -0.000168636 -0.0195111
3.90028 -0.000151984 -0.023522
3.46692 -0.000135288 -0.027533
3.03356 -0.000118548 -0.031544
2.60019 -0.000101765 -0.0355551
2.16683 -8.49377e-05 -0.0395662
1.73347 -6.80674e-05 -0.0435774
1.3001 -5.11534e-05 -0.0475886
0.866737 -3.41959e-05 -0.0515999
0.43337 -1.71949e-05 -0.0556112
2.00031e-06 -1.50278e-07 -0.0596227
-0.433367 1.69379e-05 -0.0636341
-0.866737 3.40695e-05 -0.0676456
-1.30011 5.12447e-05 -0.0716572
-1.73348 6.84635e-05 -0.0756688
-2.16686 8.57258e-05 -0.0796805
-2.60023 0.000103032 -0.0836923
-3.03361 0.000120381 -0.0877041
-3.46698 0.000137774 -0.0917159
-3.90036 0.00015521 -0.0957278
-4.33374 0.00017269 -0.0997398
-4.76712 0.000190214 -0.103752
-5.2005 0.000207781 -0.107764
-5.63389 0.000225391 -0.111776
-6.06727 0.000243045 -0.115788
-6.50066 0.000260743 -0.1198
-6.93405 0.000278484 -0.123813
-7.36743 0.000296268 -0.127825
-7.80082 0.000314096 -0.131837
-8.23422 0.000331968 -0.13585
-8.66761 0.000349883 -0.139862
-9.101 0.000367841 -0.143875
-8.45091 0.00034092 -0.137856
-8.01752 0.000323027 -0.133844
-7.58413 0.000305177 -0.129831
-7.15074 0.000287371 -0.125819
-6.71735 0.000269608 -0.121807
-6.28397 0.000251888 -0.117794
-5.85058 0.000234213 -0.113782
-5.4172 0.00021658 -0.10977
-4.98381 0.000198992 -0.105758
-4.55043 0.000181446 -0.101746
-4.11705 0.000163945 -0.0977338
-3.68367 0.000146487 -0.0937219
-3.25029 0.000129072 -0.08971
-2.81692 0.000111701 -0.0856982
-2.38354 9.43733e-05 -0.0816864
-1.95017 7.70892e-05 -0.0776747
-1.5168 5.98487e-05 -0.073663
-1.08342 4.26517e-05 -0.0696514
-0.650052 2.54983e-05 -0.0656399
-0.216682 8.38835e-06 -0.0616284
0.216686 -8.67802e-06 -0.0576169
0.650054 -2.57008e-05 -0.0536056
1.08342 -4.26801e-05 -0.0495942
1.51679 -5.96158e-05 -0.045583
1.95015 -7.6508e-05 -0.0415718
2.38351 -9.33566e-05 -0.0375606
2.81688 -0.000110162 -0.0335495
3.25024 -0.000126923 -0.0295385
3.6836 -0.000143641 -0.0255275
4.11696 -0.000160316 -0.0215166
4.55031 -0.000176946 -0.0175057
4.98367 -0.000193534 -0.0134949
5.41703 -0.000210077 -0.00948417
5.85038 -0.000226577 -0.00547348
6.28374 -0.000243034 -0.00146285
6.71709 -0.000259447 0.00254772
7.15044 -0.000275816 0.00655824
7.58379 -0.000292142 0.0105687
8.01714 -0.000308425 0.0145791
8.45049 -0.000324663 0.0185894
8.88384 -0.000340858 0.0225997
9.31719 -0.00035701 0.0266099
9.75054 -0.000373118 0.0306201
10.1839 -0.000389182 0.0346301
10.6172 -0.000405203 0.0386402
11.0506 -0.00042118 0.0426501
11.4839 -0.000437114 0.0466601
11.9173 -0.000453004 0.0506699
12.3506 -0.00046885 0.0546797
12.7839 -0.000484653 0.0586894
13.2173 -0.000500412 0.0626991
13.6506 -0.000516128 0.0667087
14.084 -0.0005318 0.0707182
14.5173 -0.000547428 0.0747277
14.9506 -0.000563013 0.0787371
15.384 -0.000578555 0.0827465
15.8173 -0.000594052 0.0867558
16.2506 -0.000609506 0.090765
16.684 -0.000624917 0.0947741
17.1173 -0.000640284 0.0987832
17.5506 -0.000655607 0.102792
16.9006 -0.000632606 0.0967787
16.4673 -0.000617217 0.0927696
16.034 -0.000601785 0.0887604
15.6006 -0.000586309 0.0847511
15.1673 -0.000570789 0.0807418
14.734 -0.000555226 0.0767324
14.3006 -0.00053962 0.072723
13.8673 -0.000523969 0.0687135
13.434 -0.000508276 0.0647039
13.0006 -0.000492538 0.0606943
12.5673 -0.000476757 0.0566846
12.1339 -0.000460932 0.0526748
11.7006 -0.000445064 0.048665
11.2672 -0.000429152 0.0446551
10.8339 -0.000413197 0.0406452
10.4006 -0.000397198 0.0366352
9.96721 -0.000381155 0.0326251
9.53386 -0.000365069 0.028615
9.10052 -0.00034894 0.0246048
8.66717 -0.000332766 0.0205946
8.23382 -0.000316549 0.0165843
7.80047 -0.000300289 0.0125739
7.36712 -0.000283985 0.00856347
6.93377 -0.000267637 0.00455299
6.50041 -0.000251246 0.000542447
6.06706 -0.000234811 -0.00346815
5.6337 -0.000218333 -0.00747881
5.20035 -0.000201811 -0.0114895
4.76699 -0.000185245 -0.0155003
4.33363 -0.000168636 -0.0195111
3.90028 -0.000151984 -0.023522
3.46692 -0.000135288 -0.027533
3.03356 -0.000118548 -0.031544
2.60019 -0.000101765 -0.0355551
2.16683 -8.49377e-05 -0.0395662
1.73347 -6.80674e-05 -0.0435774
1.3001 -5.11534e-05 -0.0475886
0.866737 -3.41959e-05 -0.0515999
0.43337 -1.71949e-05 -0.0556112
2.00031e-06 -1.50278e-07 -0.0596227
-0.433367 1.69379e-05 -0.0636341
-0.866737 3.40695e-05 -0.0676456
-1.30011 5.12447e-05 -0.0716572
-1.73348 6.84635e-05 -0.0756688
-2.16686 8.57258e-05 -0.0796805
-2.60023 0.000103032 -0.0836923
-3.03361 0.000120381 -0.0877041
-3.46698 0.000137774 -0.0917159
-3.90036 0.00015521 -0.0957278
-4.33374 0.00017269 -0.0997398
-4.76712 0.000190214 -0.103752
-5.2005 0.000207781 -0.107764
-5.63389 0.000225391 -0.111776
-6.06727 0.000243045 -0.115788
-6.50066 0.000260743 -0.1198
-6.93405 0.000278484 -0.123813
-7.36743 0.000296268 -0.127825
-7.80082 0.000314096 -0.131837
-8.23422 0.000331968 -0.13585
-8.66761 0.000349883 -0.139862
-9.101 0.000367841 -0.143875
-9.5344 0.000385843 -0.147887
-9.96779 0.000403889 -0.1519
-10.4012 0.000421978 -0.155913
-10.8346 0.000440111 -0.159926
-11.268 0.000458287 -0.163938
-11.7014 0.000476506 -0.167951
-12.1348 0.000494769 -0.171964
-12.5682 0.000513075 -0.175977
-13.0016 0.000531425 -0.17999
-13.435 0.000549819 -0.184003
-13.8684 0.000568256 -0.188016
-14.3018 0.000586736 -0.192029
-14.7352 0.00060526 -0.196043
-15.1687 0.000623827 -0.200056
-15.6021 0.000642438 -0.204069
-16.0355 0.000661092 -0.208083
-16.4689 0.000679789 -0.212096
-16.9023 0.00069853 -0.216109
-17.3358 0.000717315 -0.220123
-17.7692 0.000736143 -0.224136
-17.119 0.000707917 -0.218116
-16.6856 0.000689154 -0.214103
-16.2522 0.000670435 -0.210089
-15.8188 0.000651759 -0.206076
-15.3854 0.000633127 -0.202063
-14.952 0.000614538 -0.198049
-14.5185 0.000595992 -0.194036
-14.0851 0.00057749 -0.190023
-13.6517 0.000559032 -0.18601
-13.2183 0.000540617 -0.181997
-12.7849 0.000522245 -0.177984
-12.3515 0.000503917 -0.173971
-11.9181 0.000485632 -0.169958
-11.4847 0.000467391 -0.165945
-11.0513 0.000449193 -0.161932
-10.6179 0.000431039 -0.157919
-10.1845 0.000412928 -0.153906
-9.75109 0.000394861 -0.149894
-9.3177 0.000376837 -0.145881
-8.8843 0.000358857 -0.141869
-8.45091 0.00034092 -0.137856
-8.01752 0.000323027 -0.133844
-7.58413 0.000305177 -0.129831
-7.15074 0.000287371 -0.125819
-6.71735 0.000269608 -0.121807
-6.28397 0.000251888 -0.117794
-5.85058 0.000234213 -0.113782
-5.4172 0.00021658 -0.10977
-4.98381 0.000198992 -0.105758
-4.55043 0.000181446 -0.101746
-4.11705 0.000163945 -0.0977338
-3.68367 0.000146487 -0.0937219
-3.25029 0.000129072 -0.08971
-2.81692 0.000111701 -0.0856982
-2.38354 9.43733e-05 -0.0816864
-1.95017 7.70892e-05 -0.0776747
-1.5168 5.98487e-05 -0.073663
-1.08342 4.26517e-05 -0.0696514
-0.650052 2.54983e-05 -0.0656399
-0.216682 8.38835e-06 -0.0616284
0.216686 -8.67802e-06 -0.0576169
0.650054 -2.57008e-05 -0.0536056
1.08342 -4.26801e-05 -0.0495942
1.51679 -5.96158e-05 -0.045583
1.95015 -7.6508e-05 -0.0415718
2.38351 -9.33566e-05 -0.0375606
2.81688 -0.000110162 -0.0335495
3.25024 -0.000126923 -0.0295385
3.6836 -0.000143641 -0.0255275
4.11696 -0.000160316 -0.0215166
4.55031 -0.000176946 -0.0175057
4.98367 -0.000193534 -0.0134949
5.41703 -0.000210077 -0.00948417
5.85038 -0.000226577 -0.00547348
6.28374 -0.000243034 -0.00146285
6.71709 -0.000259447 0.00254772
7.15044 -0.000275816 0.00655824
7.58379 -0.000292142 0.0105687
8.01714 -0.000308425 0.0145791
8.45049 -0.000324663 0.0185894
8.88384 -0.000340858 0.0225997
9.31719 -0.00035701 0.0266099
9.75054 -0.000373118 0.0306201
10.1839 -0.000389182 0.0346301
10.6172 -0.000405203 0.0386402
11.0506 -0.00042118 0.0426501
11.4839 -0.000437114 0.0466601
11.9173 -0.000453004 0.0506699
12.3506 -0.00046885 0.0546797
12.7839 -0.000484653 0.0586894
13.2173 -0.000500412 0.0626991
13.6506 -0.000516128 0.0667087
14.084 -0.0005318 0.0707182
14.5173 -0.000547428 0.0747277
14.9506 -0.000563013 0.0787371
15.384 -0.000578555 0.0827465
15.8173 -0.000594052 0.0867558
16.2506 -0.000609506 0.090765
16.684 -0.000624917 0.0947741
17.1173 -0.000640284 0.0987832
17.5506 -0.000655607 0.102792
17.984 -0.000670887 0.106801
18.4173 -0.000686123 0.11081
18.8506 -0.000701315 0.114819
19.284 -0.000716464 0.118828
19.7173 -0.000731569 0.122836
20.1506 -0.000746631 0.126845
20.584 -0.000761649 0.130854
21.0173 -0.000776623 0.134862
21.4506 -0.000791554 0.138871
21.8839 -0.000806441 0.142879
22.3173 -0.000821285 0.146887
22.7506 -0.000836085 0.150896
23.1839 -0.000850841 0.154904
23.6173 -0.000865554 0.158912
24.0506 -0.000880223 0.16292
24.4839 -0.000894849 0.166928
24.9172 -0.00090943 0.170936
25.3506 -0.000923969 0.174944
25.7839 -0.000938463 0.178952
26.2172 -0.000952914 0.182959
26.6505 -0.000967322 0.186967
27.0838 -0.000981686 0.190975
27.5172 -0.000996006 0.194982
27.9505 -0.00101028 0.198989
28.3838 -0.00102452 0.202997
28.8171 -0.0010387 0.207004
29.2504 -0.00105285 0.211011
29.6838 -0.00106695 0.215019
30.1171 -0.00108101 0.219026
30.5504 -0.00109503 0.223033
30.9837 -0.001109 0.22704
31.417 -0.00112292 0.231047
31.8504 -0.00113681 0.235053
32.2837 -0.00115065 0.23906
32.717 -0.00116445 0.243067
33.1503 -0.0011782 0.247073
33.5836 -0.00119191 0.25108
34.0169 -0.00120557 0.255086
34.4503 -0.0012192 0.259093
34.8836 -0.00123278 0.263099
34.2336 -0.00121239 0.25709
33.8003 -0.00119875 0.253083
33.367 -0.00118506 0.249077
32.9337 -0.00117133 0.24507
32.5003 -0.00115755 0.241063
32.067 -0.00114373 0.237057
31.6337 -0.00112987 0.23305
31.2004 -0.00111597 0.229043
30.7671 -0.00110202 0.225036
30.3337 -0.00108802 0.221029
29.9004 -0.00107399 0.217022
29.4671 -0.00105991 0.213015
29.0338 -0.00104578 0.209008
28.6005 -0.00103162 0.205001
28.1671 -0.0010174 0.200993
27.7338 -0.00100315 0.196986
27.3005 -0.000988851 0.192978
26.8672 -0.000974509 0.188971
26.4339 -0.000960124 0.184963
26.0005 -0.000945694 0.180955
25.5672 -0.000931221 0.176948
25.1339 -0.000916705 0.17294
24.7006 -0.000902145 0.168932
24.2672 -0.000887541 0.164924
23.8339 -0.000872894 0.160916
23.4006 -0.000858203 0.156908
22.9673 -0.000843468 0.1529
22.5339 -0.00082869 0.148892
22.1006 -0.000813869 0.144883
21.6673 -0.000799003 0.140875
21.234 -0.000784094 0.136866
20.8006 -0.000769142 0.132858
20.3673 -0.000754145 0.128849
19.934 -0.000739105 0.124841
19.5006 -0.000724022 0.120832
19.0673 -0.000708895 0.116823
18.634 -0.000693724 0.112815
18.2006 -0.00067851 0.108806
17.7673 -0.000663252 0.104797
17.334 -0.000647951 0.100788
16.9006 -0.000632606 0.0967787
16.4673 -0.000617217 0.0927696
16.034 -0.000601785 0.0887604
15.6006 -0.000586309 0.0847511
15.1673 -0.000570789 0.0807418
14.734 -0.000555226 0.0767324
14.3006 -0.00053962 0.072723
13.8673 -0.000523969 0.0687135
13.434 -0.000508276 0.0647039
13.0006 -0.000492538 0.0606943
12.5673 -0.000476757 0.0566846
12.1339 -0.000460932 0.0526748
11.7006 -0.000445064 0.048665
11.2672 -0.000429152 0.0446551
10.8339 -0.000413197 0.0406452
10.4006 -0.000397198 0.0366352
9.96721 -0.000381155 0.0326251
9.53386 -0.000365069 0.028615
9.10052 -0.00034894 0.0246048
8.66717 -0.000332766 0.0205946
8.23382 -0.000316549 0.0165843
7.80047 -0.000300289 0.0125739
7.36712 -0.000283985 0.00856347
6.93377 -0.000267637 0.00455299
6.50041 -0.000251246 0.000542447
6.06706 -0.000234811 -0.00346815
5.6337 -0.000218333 -0.00747881
5.20035 -0.000201811 -0.0114895
4.76699 -0.000185245 -0.0155003
4.33363 -0.000168636 -0.0195111
3.90028 -0.000151984 -0.023522
3.46692 -0.000135288 -0.027533
3.03356 -0.000118548 -0.031544
2.60019 -0.000101765 -0.0355551
2.16683 -8.49377e-05 -0.0395662
1.73347 -6.80674e-05 -0.0435774
1.3001 -5.11534e-05 -0.0475886
0.866737 -3.41959e-05 -0.0515999
0.43337 -1.71949e-05 -0.0556112
2.00031e-06 -1.50278e-07 -0.0596227
-0.433367 1.69379e-05 -0.0636341
-0.866737 3.40695e-05 -0.0676456
-1.30011 5.12447e-05 -0.0716572
-1.73348 6.84635e-05 -0.0756688
-2.16686 8.57258e-05 -0.0796805
-2.60023 0.000103032 -0.0836923
-3.03361 0.000120381 -0.0877041
-3.46698 0.000137774 -0.0917159
-3.90036 0.00015521 -0.0957278
-4.33374 0.00017269 -0.0997398
-4.76712 0.000190214 -0.103752
-5.2005 0.000207781 -0.107764
-5.63389 0.000225391 -0.111776
-6.06727 0.000243045 -0.115788
-6.50066 0.000260743 -0.1198
-6.93405 0.000278484 -0.123813
-7.36743 0.000296268 -0.127825
-7.80082 0.000314096 -0.131837
-8.23422 0.000331968 -0.13585
-8.66761 0.000349883 -0.139862
-9.101 0.000367841 -0.143875
-9.5344 0.000385843 -0.147887
-9.96779 0.000403889 -0.1519
-10.4012 0.000421978 -0.155913
-10.8346 0.000440111 -0.159926
-11.268 0.000458287 -0.163938
-11.7014 0.000476506 -0.167951
-12.1348 0.000494769 -0.171964
-12.5682 0.000513075 -0.175977
-13.0016 0.000531425 -0.17999
-13.435 0.000549819 -0.184003
-13.8684 0.000568256 -0.188016
-14.3018 0.000586736 -0.192029
-14.7352 0.00060526 -0.196043
-15.1687 0.000623827 -0.200056
-15.6021 0.000642438 -0.204069
-16.0355 0.000661092 -0.208083
-16.4689 0.000679789 -0.212096
-16.9023 0.00069853 -0.216109
-17.3358 0.000717315 -0.220123
-17.7692 0.000736143 -0.224136
-18.2026 0.000755014 -0.22815
-18.636 0.000773929 -0.232164
-19.0695 0.000792887 -0.236177
-19.5029 0.000811889 -0.240191
-19.9363 0.000830934 -0.244205
-20.3697 0.000850022 -0.248219
-20.8032 0.000869154 -0.252233
-21.2366 0.00088833 -0.256247
-21.6701 0.000907548 -0.26026
-22.1035 0.00092681 -0.264275
-22.5369 0.000946116 -0.268289
-22.9704 0.000965465 -0.272303
-23.4038 0.000984857 -0.276317
-23.8373 0.00100429 -0.280331
-24.2707 0.00102377 -0.284345
-24.7042 0.00104329 -0.28836
-25.1376 0.00106286 -0.292374
-25.5711 0.00108247 -0.296388
-26.0045 0.00110212 -0.300403
-26.438 0.00112182 -0.304417
-26.8714 0.00114156 -0.308432
-27.3049 0.00116134 -0.312446
-27.7384 0.00118117 -0.316461
-28.1718 0.00120104 -0.320476
-28.6053 0.00122095 -0.32449
-29.0388 0.00124091 -0.328505
-29.4722 0.00126091 -0.33252
-29.9057 0.00128095 -0.336535
-30.3392 0.00130103 -0.340549
-30.7727 0.00132116 -0.344564
-31.2061 0.00134134 -0.348579
-31.6396 0.00136155 -0.352594
-32.0731 0.00138181 -0.356609
-32.5066 0.00140212 -0.360624
-32.9401 0.00142246 -0.364639
-33.3735 0.00144285 -0.368655
-33.807 0.00146328 -0.37267
-34.2405 0.00148376 -0.376685
-34.674 0.00150428 -0.3807
-35.1075 0.00152484 -0.384716
-34.4573 0.00149401 -0.378693
-34.0238 0.00147352 -0.374677
-33.5903 0.00145306 -0.370662
-33.1568 0.00143265 -0.366647
-32.7233 0.00141228 -0.362632
-32.2898 0.00139196 -0.358617
-31.8563 0.00137168 -0.354602
-31.4229 0.00135144 -0.350587
-30.9894 0.00133124 -0.346572
-30.5559 0.00131109 -0.342557
-30.1224 0.00129099 -0.338542
-29.689 0.00127092 -0.334527
-29.2555 0.0012509 -0.330512
-28.822 0.00123092 -0.326498
-28.3886 0.00121099 -0.322483
-27.9551 0.0011911 -0.318468
-27.5216 0.00117125 -0.314454
-27.0882 0.00115144 -0.310439
-26.6547 0.00113168 -0.306424
-26.2213 0.00111197 -0.30241
-25.7878 0.00109229 -0.298396
-25.3543 0.00107266 -0.294381
-24.9209 0.00105307 -0.290367
-24.4874 0.00103353 -0.286352
-24.054 0.00101403 -0.282338
-23.6205 0.00099457 -0.278324
-23.1871 0.000975156 -0.27431
-22.7537 0.000955785 -0.270296
-22.3202 0.000936458 -0.266282
-21.8868 0.000917174 -0.262267
-21.4533 0.000897933 -0.258253
-21.0199 0.000878736 -0.25424
-20.5865 0.000859583 -0.250226
-20.153 0.000840473 -0.246212
-19.7196 0.000821406 -0.242198
-19.2862 0.000802382 -0.238184
-18.8527 0.000783403 -0.234171
-18.4193 0.000764466 -0.230157
-17.9859 0.000745573 -0.226143
-17.5525 0.000726723 -0.22213
-17.119 0.000707917 -0.218116
-16.6856 0.000689154 -0.214103
-16.2522 0.000670435 -0.210089
-15.8188 0.000651759 -0.206076
-15.3854 0.000633127 -0.202063
-14.952 0.000614538 -0.198049
-14.5185 0.000595992 -0.194036
-14.0851 0.00057749 -0.190023
-13.6517 0.000559032 -0.18601
-13.2183 0.000540617 -0.181997
-12.7849 0.000522245 -0.177984
-12.3515 0.000503917 -0.173971
-11.9181 0.000485632 -0.169958
-11.4847 0.000467391 -0.165945
-11.0513 0.000449193 -0.161932
-10.6179 0.000431039 -0.157919
-10.1845 0.000412928 -0.153906
-9.75109 0.000394861 -0.149894
-9.3177 0.000376837 -0.145881
-8.8843 0.000358857 -0.141869
-8.45091 0.00034092 -0.137856
-8.01752 0.000323027 -0.133844
-7.58413 0.000305177 -0.129831
-7.15074 0.000287371 -0.125819
-6.71735 0.000269608 -0.121807
-6.28397 0.000251888 -0.117794
-5.85058 0.000234213 -0.113782
-5.4172 0.00021658 -0.10977
-4.98381 0.000198992 -0.105758
-4.55043 0.000181446 -0.101746
-4.11705 0.000163945 -0.0977338
-3.68367 0.000146487 -0.0937219
-3.25029 0.000129072 -0.08971
-2.81692 0.000111701 -0.0856982
-2.38354 9.43733e-05 -0.0816864
-1.95017 7.70892e-05 -0.0776747
-1.5168 5.98487e-05 -0.073663
-1.08342 4.26517e-05 -0.0696514
-0.650052 2.54983e-05 -0.0656399
-0.216682 8.38835e-06 -0.0616284
0.216686 -8.67802e-06 -0.0576169
0.650054 -2.57008e-05 -0.0536056
1.08342 -4.26801e-05 -0.0495942
1.51679 -5.96158e-05 -0.045583
1.95015 -7.6508e-05 -0.0415718
2.38351 -9.33566e-05 -0.0375606
2.81688 -0.000110162 -0.0335495
3.25024 -0.000126923 -0.0295385
3.6836 -0.000143641 -0.0255275
4.11696 -0.000160316 -0.0215166
4.55031 -0.000176946 -0.0175057
4.98367 -0.000193534 -0.0134949
5.41703 -0.000210077 -0.00948417
5.85038 -0.000226577 -0.00547348
6.28374 -0.000243034 -0.00146285
6.71709 -0.000259447 0.00254772
7.15044 -0.000275816 0.00655824
7.58379 -0.000292142 0.0105687
8.01714 -0.000308425 0.0145791
8.45049 -0.000324663 0.0185894
8.88384 -0.000340858 0.0225997
9.31719 -0.00035701 0.0266099
9.75054 -0.000373118 0.0306201
10.1839 -0.000389182 0.0346301
10.6172 -0.000405203 0.0386402
11.0506 -0.00042118 0.0426501
11.4839 -0.000437114 0.0466601
11.9173 -0.000453004 0.0506699
12.3506 -0.00046885 0.0546797
12.7839 -0.000484653 0.0586894
13.2173 -0.000500412 0.0626991
13.6506 -0.000516128 0.0667087
14.084 -0.0005318 0.0707182
14.5173 -0.000547428 0.0747277
14.9506 -0.000563013 0.0787371
15.384 -0.000578555 0.0827465
15.8173 -0.000594052 0.0867558
16.2506 -0.000609506 0.090765
16.684 -0.000624917 0.0947741
17.1173 -0.000640284 0.0987832
17.5506 -0.000655607 0.102792
17.984 -0.000670887 0.106801
18.4173 -0.000686123 0.11081
18.8506 -0.000701315 0.114819
19.284 -0.000716464 0.118828
19.7173 -0.000731569 0.122836
20.1506 -0.000746631 0.126845
20.584 -0.000761649 0.130854
21.0173 -0.000776623 0.134862
21.4506 -0.000791554 0.138871
21.8839 -0.000806441 0.142879
22.3173 -0.000821285 0.146887
22.7506 -0.000836085 0.150896
23.1839 -0.000850841 0.154904
23.6173 -0.000865554 0.158912
24.0506 -0.000880223 0.16292
24.4839 -0.000894849 0.166928
24.9172 -0.00090943 0.170936
25.3506 -0.000923969 0.174944
25.7839 -0.000938463 0.178952
26.2172 -0.000952914 0.182959
26.6505 -0.000967322 0.186967
27.0838 -0.000981686 0.190975
27.5172 -0.000996006 0.194982
27.9505 -0.00101028 0.198989
28.3838 -0.00102452 0.202997
28.8171 -0.0010387 0.207004
29.2504 -0.00105285 0.211011
29.6838 -0.00106695 0.215019
30.1171 -0.00108101 0.219026
30.5504 -0.00109503 0.223033
30.9837 -0.001109 0.22704
31.417 -0.00112292 0.231047
31.8504 -0.00113681 0.235053
32.2837 -0.00115065 0.23906
32.717 -0.00116445 0.243067
33.1503 -0.0011782 0.247073
33.5836 -0.00119191 0.25108
34.0169 -0.00120557 0.255086
34.4503 -0.0012192 0.259093
34.8836 -0.00123278 0.263099
35.3169 -0.00124631 0.267105
35.7502 -0.0012598 0.271112
36.1835 -0.00127325 0.275118
36.6168 -0.00128665 0.279124
37.0502 -0.00130001 0.28313
37.4835 -0.00131333 0.287136
37.9168 -0.0013266 0.291141
38.3501 -0.00133983 0.295147
38.7834 -0.00135302 0.299153
39.2167 -0.00136616 0.303158
39.6501 -0.00137926 0.307164
40.0834 -0.00139232 0.311169
40.5167 -0.00140533 0.315175
40.95 -0.0014183 0.31918
41.3833 -0.00143122 0.323185
41.8166 -0.0014441 0.327191
42.2499 -0.00145694 0.331196
42.6833 -0.00146973 0.335201
43.1166 -0.00148248 0.339206
43.5499 -0.00149519 0.34321
42.8999 -0.00147611 0.337203
42.4666 -0.00146334 0.333198
42.0333 -0.00145053 0.329193
41.6 -0.00143767 0.325188
41.1667 -0.00142476 0.321183
40.7333 -0.00141182 0.317177
40.3 -0.00139883 0.313172
39.8667 -0.0013858 0.309167
39.4334 -0.00137272 0.305161
39.0001 -0.0013596 0.301156
38.5668 -0.00134643 0.29715
38.1335 -0.00133323 0.293144
37.7001 -0.00131997 0.289139
37.2668 -0.00130668 0.285133
36.8335 -0.00129334 0.281127
36.4002 -0.00127996 0.277121
35.9669 -0.00126653 0.273115
35.5336 -0.00125306 0.269109
35.1002 -0.00123955 0.265102
34.6669 -0.00122599 0.261096
34.2336 -0.00121239 0.25709
33.8003 -0.00119875 0.253083
33.367 -0.00118506 0.249077
32.9337 -0.00117133 0.24507
32.5003 -0.00115755 0.241063
32.067 -0.00114373 0.237057
31.6337 -0.00112987 0.23305
31.2004 -0.00111597 0.229043
30.7671 -0.00110202 0.225036
30.3337 -0.00108802 0.221029
29.9004 -0.00107399 0.217022
29.4671 -0.00105991 0.213015
29.0338 -0.00104578 0.209008
28.6005 -0.00103162 0.205001
28.1671 -0.0010174 0.200993
27.7338 -0.00100315 0.196986
27.3005 -0.000988851 0.192978
26.8672 -0.000974509 0.188971
26.4339 -0.000960124 0.184963
26.0005 -0.000945694 0.180955
25.5672 -0.000931221 0.176948
25.1339 -0.000916705 0.17294
24.7006 -0.000902145 0.168932
24.2672 -0.000887541 0.164924
23.8339 -0.000872894 0.160916
23.4006 -0.000858203 0.156908
22.9673 -0.000843468 0.1529
22.5339 -0.00082869 0.148892
22.1006 -0.000813869 0.144883
21.6673 -0.000799003 0.140875
21.234 -0.000784094 0.136866
20.8006 -0.000769142 0.132858
20.3673 -0.000754145 0.128849
19.934 -0.000739105 0.124841
19.5006 -0.000724022 0.120832
19.0673 -0.000708895 0.116823
18.634 -0.000693724 0.112815
18.2006 -0.00067851 0.108806
17.7673 -0.000663252 0.104797
17.334 -0.000647951 0.100788
16.9006 -0.000632606 0.0967787
16.4673 -0.000617217 0.0927696
16.034 -0.000601785 0.0887604
15.6006 -0.000586309 0.0847511
15.1673 -0.000570789 0.0807418
14.734 -0.000555226 0.0767324
14.3006 -0.00053962 0.072723
13.8673 -0.000523969 0.0687135
13.434 -0.000508276 0.0647039
13.0006 -0.000492538 0.0606943
12.5673 -0.000476757 0.0566846
12.1339 -0.000460932 0.0526748
11.7006 -0.000445064 0.048665
11.2672 -0.000429152 0.0446551
10.8339 -0.000413197 0.0406452
10.4006 -0.000397198 0.0366352
9.96721 -0.000381155 0.0326251
9.53386 -0.000365069 0.028615
9.10052 -0.00034894 0.0246048
8.66717 -0.000332766 0.0205946
8.23382 -0.000316549 0.0165843
7.80047 -0.000300289 0.0125739
7.36712 -0.000283985 0.00856347
6.93377 -0.000267637 0.00455299
6.50041 -0.000251246 0.000542447
6.06706 -0.000234811 -0.00346815
5.6337 -0.000218333 -0.00747881
5.20035 -0.000201811 -0.0114895
4.76699 -0.000185245 -0.0155003
4.33363 -0.000168636 -0.0195111
3.90028 -0.000151984 -0.023522
3.46692 -0.000135288 -0.027533
3.03356 -0.000118548 -0.031544
2.60019 -0.000101765 -0.0355551
2.16683 -8.49377e-05 -0.0395662
1.73347 -6.80674e-05 -0.0435774
1.3001 -5.11534e-05 -0.0475886
0.866737 -3.41959e-05 -0.0515999
0.43337 -1.71949e-05 -0.0556112
2.00031e-06 -1.50278e-07 -0.0596227
-0.433367 1.69379e-05 -0.0636341
-0.866737 3.40695e-05 -0.0676456
-1.30011 5.12447e-05 -0.0716572
-1.73348 6.84635e-05 -0.0756688
-2.16686 8.57258e-05 -0.0796805
-2.60023 0.000103032 -0.0836923
-3.03361 0.000120381 -0.0877041
-3.46698 0.000137774 -0.0917159
-3.90036 0.00015521 -0.0957278
-4.33374 0.00017269 -0.0997398
-4.76712 0.000190214 -0.103752
-5.2005 0.000207781 -0.107764
-5.63389 0.000225391 -0.111776
-6.06727 0.000243045 -0.115788
-6.50066 0.000260743 -0.1198
-6.93405 0.000278484 -0.123813
-7.36743 0.000296268 -0.127825
-7.80082 0.000314096 -0.131837
-8.23422 0.000331968 -0.13585
-8.66761 0.000349883 -0.139862
-9.101 0.000367841 -0.143875
-9.5344 0.000385843 -0.147887
-9.96779 0.000403889 -0.1519
-10.4012 0.000421978 -0.155913
-10.8346 0.000440111 -0.159926
-11.268 0.000458287 -0.163938
-11.7014 0.000476506 -0.167951
-12.1348 0.000494769 -0.171964
-12.5682 0.000513075 -0.175977
-13.0016 0.000531425 -0.17999
-13.435 0.000549819 -0.184003
-13.8684 0.000568256 -0.188016
-14.3018 0.000586736 -0.192029
-14.7352 0.00060526 -0.196043
-15.1687 0.000623827 -0.200056
-15.6021 0.000642438 -0.204069
-16.0355 0.000661092 -0.208083
-16.4689 0.000679789 -0.212096
-16.9023 0.00069853 -0.216109
-17.3358 0.000717315 -0.220123
-17.7692 0.000736143 -0.224136
-18.2026 0.000755014 -0.22815
-18.636 0.000773929 -0.232164
-19.0695 0.000792887 -0.236177
-19.5029 0.000811889 -0.240191
-19.9363 0.000830934 -0.244205
-20.3697 0.000850022 -0.248219
-20.8032 0.000869154 -0.252233
-21.2366 0.00088833 -0.256247
-21.6701 0.000907548 -0.26026
-22.1035 0.00092681 -0.264275
-22.5369 0.000946116 -0.268289
-22.9704 0.000965465 -0.272303
-23.4038 0.000984857 -0.276317
-23.8373 0.00100429 -0.280331
-24.2707 0.00102377 -0.284345
-24.7042 0.00104329 -0.28836
-25.1376 0.00106286 -0.292374
-25.5711 0.00108247 -0.296388
-26.0045 0.00110212 -0.300403
-26.438 0.00112182 -0.304417
-26.8714 0.00114156 -0.308432
-27.3049 0.00116134 -0.312446
-27.7384 0.00118117 -0.316461
-28.1718 0.00120104 -0.320476
-28.6053 0.00122095 -0.32449
-29.0388 0.00124091 -0.328505
-29.4722 0.00126091 -0.33252
-29.9057 0.00128095 -0.336535
-30.3392 0.00130103 -0.340549
-30.7727 0.00132116 -0.344564
-31.2061 0.00134134 -0.348579
-31.6396 0.00136155 -0.352594
-32.0731 0.00138181 -0.356609
-32.5066 0.00140212 -0.360624
-32.9401 0.00142246 -0.364639
-33.3735 0.00144285 -0.368655
-33.807 0.00146328 -0.37267
-34.2405 0.00148376 -0.376685
-34.674 0.00150428 -0.3807
-35.1075 0.00152484 -0.384716
-35.541 0.00154545 -0.388731
-35.9745 0.0015661 -0.392746
-36.408 0.00158679 -0.396762
-36.8415 0.00160753 -0.400777
-37.275 0.0016283 -0.404793
-37.7085 0.00164913 -0.408808
-38.142 0.00166999 -0.412824
-38.5755 0.0016909 -0.416839
-39.0091 0.00171185 -0.420855
-39.4426 0.00173285 -0.424871
-39.8761 0.00175389 -0.428887
-40.3096 0.00177497 -0.432902
-40.7431 0.00179609 -0.436918
-41.1767 0.00181726 -0.440934
-41.6102 0.00183847 -0.44495
-42.0437 0.00185973 -0.448966
-42.4772 0.00188103 -0.452982
-42.9108 0.00190237 -0.456998
-43.3443 0.00192375 -0.461014
-43.7779 0.00194518 -0.46503
-43.1275 0.00191306 -0.459006
-42.694 0.00189169 -0.45499
-42.2605 0.00187037 -0.450974
-41.827 0.0018491 -0.446958
-41.3934 0.00182786 -0.442942
-40.9599 0.00180667 -0.438926
-40.5264 0.00178553 -0.43491
-40.0929 0.00176442 -0.430894
-39.6593 0.00174336 -0.426879
-39.2258 0.00172235 -0.422863
-38.7923 0.00170137 -0.418847
-38.3588 0.00168044 -0.414832
-37.9253 0.00165955 -0.410816
-37.4918 0.00163871 -0.4068
-37.0583 0.00161791 -0.402785
-36.6248 0.00159715 -0.398769
-36.1913 0.00157644 -0.394754
-35.7578 0.00155577 -0.390739
-35.3243 0.00153514 -0.386723
-34.8908 0.00151456 -0.382708
-34.4573 0.00149401 -0.378693
-34.0238 0.00147352 -0.374677
-33.5903 0.00145306 -0.370662
-33.1568 0.00143265 -0.366647
-32.7233 0.00141228 -0.362632
-32.2898 0.00139196 -0.358617
-31.8563 0.00137168 -0.354602
-31.4229 0.00135144 -0.350587
-30.9894 0.00133124 -0.346572
-30.5559 0.00131109 -0.342557
-30.1224 0.00129099 -0.338542
-29.689 0.00127092 -0.334527
-29.2555 0.0012509 -0.330512
-28.822 0.00123092 -0.326498
-28.3886 0.00121099 -0.322483
-27.9551 0.0011911 -0.318468
-27.5216 0.00117125 -0.314454
-27.0882 0.00115144 -0.310439
-26.6547 0.00113168 -0.306424
-26.2213 0.00111197 -0.30241
-25.7878 0.00109229 -0.298396
-25.3543 0.00107266 -0.294381
-24.9209 0.00105307 -0.290367
-24.4874 0.00103353 -0.286352
-24.054 0.00101403 -0.282338
-23.6205 0.00099457 -0.278324
-23.1871 0.000975156 -0.27431
-22.7537 0.000955785 -0.270296
-22.3202 0.000936458 -0.266282
-21.8868 0.000917174 -0.262267
-21.4533 0.000897933 -0.258253
-21.0199 0.000878736 -0.25424
-20.5865 0.000859583 -0.250226
-20.153 0.000840473 -0.246212
-19.7196 0.000821406 -0.242198
-19.2862 0.000802382 -0.238184
-18.8527 0.000783403 -0.234171
-18.4193 0.000764466 -0.230157
-17.9859 0.000745573 -0.226143
-17.5525 0.000726723 -0.22213
-17.119 0.000707917 -0.218116
-16.6856 0.000689154 -0.214103
-16.2522 0.000670435 -0.210089
-15.8188 0.000651759 -0.206076
-15.3854 0.000633127 -0.202063
-14.952 0.000614538 -0.198049
-14.5185 0.000595992 -0.194036
-14.0851 0.00057749 -0.190023
-13.6517 0.000559032 -0.18601
-13.2183 0.000540617 -0.181997
-12.7849 0.000522245 -0.177984
-12.3515 0.000503917 -0.173971
-11.9181 0.000485632 -0.169958
-11.4847 0.000467391 -0.165945
-11.0513 0.000449193 -0.161932
-10.6179 0.000431039 -0.157919
-10.1845 0.000412928 -0.153906
-9.75109 0.000394861 -0.149894
-9.3177 0.000376837 -0.145881
-8.8843 0.000358857 -0.141869
-8.45091 0.00034092 -0.137856
-8.01752 0.000323027 -0.133844
-7.58413 0.000305177 -0.129831
-7.15074 0.000287371 -0.125819
-6.71735 0.000269608 -0.121807
-6.28397 0.000251888 -0.117794
-5.85058 0.000234213 -0.113782
-5.4172 0.00021658 -0.10977
-4.98381 0.000198992 -0.105758
-4.55043 0.000181446 -0.101746
-4.11705 0.000163945 -0.0977338
-3.68367 0.000146487 -0.0937219
-3.25029 0.000129072 -0.08971
-2.81692 0.000111701 -0.0856982
-2.38354 9.43733e-05 -0.0816864
-1.95017 7.70892e-05 -0.0776747
-1.5168 5.98487e-05 -0.073663
-1.08342 4.26517e-05 -0.0696514
-0.650052 2.54983e-05 -0.0656399
-0.216682 8.38835e-06 -0.0616284
0.216686 -8.67802e-06 -0.0576169
