-6.17169e-07 3.06553e-09 -0.0491378
-0.000194437 2.66494e-07 -0.0491419
-0.000931385 3.28162e-06 -0.049161
-0.00224447 1.52518e-05 -0.0491892
-0.0038311 3.91497e-05 -0.0491885
-0.00559106 6.72934e-05 -0.0491654
-0.0080808 9.17868e-05 -0.0492061
-0.0120735 0.000121782 -0.0493211
-0.0174503 0.000181599 -0.0493828
-0.0228888 0.00028298 -0.0493122
-0.0265513 0.000399302 -0.0491947
-0.0273329 0.000479566 -0.0491677
-0.0261275 0.000497106 -0.0492465
-0.0252025 0.000492312 -0.0493188
-0.0260552 0.000552871 -0.0492644
-0.0285796 0.000724057 -0.0490665
-0.0317231 0.000949421 -0.0489294
-0.0342216 0.00111629 -0.0490619
-0.0351186 0.00114814 -0.0492589
-0.0342655 0.00105419 -0.0492089
-0.0322309 0.000907852 -0.049045
-0.0287831 0.0007742 -0.0490292
-0.0225696 0.000642536 -0.0490948
-0.0139702 0.000442836 -0.0491162
-0.00595117 0.000155854 -0.0491954
-0.00122134 -0.000116228 -0.0493374
-0.000187937 -0.0002348 -0.0492965
-0.00132877 -0.000165908 -0.0491303
-0.00211724 -2.61005e-05 -0.0491957
0.0011022 -1.85936e-06 -0.0493681
0.0110317 -0.000200816 -0.0492626
0.025591 -0.000562254 -0.0490127
0.0393301 -0.000899271 -0.0490167
0.0482313 -0.0010418 -0.0492166
0.0500867 -0.000971196 -0.0492138
0.043778 -0.000801964 -0.0491083
0.0320989 -0.000650647 -0.0492653
0.0219387 -0.000567428 -0.0493574
0.0195671 -0.000571097 -0.049077
0.0251441 -0.000684762 -0.0489923
0.0319103 -0.000898765 -0.0494044
0.0332431 -0.00109432 -0.0497611
0.0284156 -0.00107004 -0.0495651
0.0200979 -0.000745804 -0.0489075
0.0104608 -0.000282897 -0.048616
-0.000376447 8.92975e-05 -0.0493056
-0.0134546 0.00031474 -0.0500499
-0.0280913 0.000527291 -0.0497452
-0.040849 0.000849689 -0.0488777
-0.046289 0.00121705 -0.0485326
-0.0415223 0.00139292 -0.0489335
-0.032366 0.00120367 -0.0495108
-0.0299331 0.000824383 -0.0497334
-0.0398398 0.000712697 -0.0494239
-0.0578241 0.00114072 -0.0487486
-0.0754748 0.00187796 -0.0485782
-0.0858486 0.00239067 -0.0494212
-0.0842045 0.00231099 -0.0501148
-0.0699186 0.00172592 -0.0494987
-0.0480989 0.00107295 -0.0484635
-0.0270052 0.000745247 -0.0484612
-0.0141396 0.000765757 -0.049331
-0.0143689 0.000891622 -0.0499424
-0.027777 0.000948975 -0.0497567
-0.0447089 0.000962665 -0.0490969
-0.0509703 0.000978746 -0.048631
-0.0417863 0.000866777 -0.0489732
-0.0230773 0.000445454 -0.050092
-0.00332382 -0.000254644 -0.0506298
0.0107132 -0.000918142 -0.0495407
0.0141688 -0.00113872 -0.0483864
0.00428821 -0.000758996 -0.049
-0.0171045 -9.22307e-06 -0.0503854
-0.0442074 0.000730296 -0.0506622
-0.070134 0.00122689 -0.0496755
-0.0855106 0.00147426 -0.0486811
-0.0820607 0.00157359 -0.0487165
-0.0613167 0.00156806 -0.0491551
-0.0354069 0.00145359 -0.0494719
-0.0187736 0.00123644 -0.0492036
-0.018995 0.00109279 -0.048459
-0.0357764 0.00139174 -0.048004
-0.0616945 0.00228164 -0.0483287
-0.0859961 0.00334011 -0.0490122
-0.10298 0.00379964 -0.0491403
-0.111921 0.00334013 -0.0490371
-0.112065 0.00235528 -0.0494697
-0.102378 0.00150075 -0.0492297
-0.0865217 0.00108501 -0.0486245
-0.0733931 0.000924288 -0.0493576
-0.068216 0.000678949 -0.0504496
-0.0697269 0.00030088 -0.0502837
-0.0790395 0.000219086 -0.0488032
-0.097771 0.000944671 -0.0482725
-0.118285 0.00239128 -0.0491265
-0.128056 0.00377619 -0.0494389
-0.121264 0.00432964 -0.0486735
-0.0988781 0.00392156 -0.0480915
-0.0613369 0.00307007 -0.0478906
-0.0134993 0.00233985 -0.0472663
0.0297238 0.00190131 -0.0470652
0.0550548 0.00152681 -0.0486668
0.0654179 0.000938115 -0.0491487
0.0734358 0.000126917 -0.0479417
0.0820604 -0.000792471 -0.0473549
0.0866679 -0.00178556 -0.0492113
0.0876888 -0.00290333 -0.0527553
0.0915925 -0.00392143 -0.0537427
0.101624 -0.0048023 -0.0520616
0.112579 -0.00585833 -0.0513356
0.121465 -0.00698848 -0.0527779
0.128144 -0.0078793 -0.0545507
0.129034 -0.00814031 -0.0540888
0.115777 -0.00748438 -0.0520152
0.0824828 -0.00601261 -0.0511702
0.0404137 -0.00391925 -0.0515595
0.00354869 -0.0015371 -0.0513042
-0.0304169 0.00056429 -0.049827
-0.0720495 0.00224234 -0.0492544
-0.124299 0.00375609 -0.0493211
-0.173695 0.00551056 -0.0480795
-0.207763 0.00722583 -0.0456107
-0.223206 0.00829284 -0.042197
-0.217137 0.00838933 -0.0403422
-0.199126 0.00763991 -0.0385797
-0.190019 0.00694393 -0.0360353
-0.20485 0.0072628 -0.0376994
-0.246417 0.0086881 -0.0402561
-0.299572 0.0103615 -0.0385166
-0.344711 0.0112561 -0.0354623
-0.372064 0.0104617 -0.0337489
-0.371575 0.00855559 -0.0366777
-0.339873 0.00667779 -0.0412956
-0.289521 0.0054324 -0.0411659
-0.236616 0.00492606 -0.0407316
-0.191318 0.00457113 -0.0416752
-0.155216 0.00348632 -0.0405994
-0.122916 0.00149867 -0.0414805
-0.0936849 -0.0004457 -0.0441731
-0.0718117 -0.00134507 -0.0456653
-0.0531582 -0.000810059 -0.0478531
-0.033375 0.000678336 -0.0485324
-0.0100102 0.00208251 -0.0485922
0.0264889 0.0022941 -0.0497721
0.0772363 0.000912402 -0.0505978
0.132632 -0.00126405 -0.0513869
0.181812 -0.00300788 -0.0517868
0.216721 -0.00383174 -0.0535534
0.238719 -0.00374769 -0.0551095
0.2467 -0.00355026 -0.0559511
0.239032 -0.0042896 -0.05833
0.222552 -0.00599473 -0.0587756
0.201609 -0.00801562 -0.0576541
0.178791 -0.00932744 -0.0569503
0.154109 -0.00941815 -0.056484
0.126462 -0.00866545 -0.0570093
0.0995524 -0.00764441 -0.0567891
0.0714515 -0.00680514 -0.0543562
0.0382145 -0.00610375 -0.0520314
0.000261644 -0.00525527 -0.0496225
-0.0437175 -0.00379041 -0.0479116
-0.0949237 -0.00140271 -0.0467434
-0.153328 0.00167587 -0.0451439
-0.213897 0.00498939 -0.0427418
-0.263924 0.00796561 -0.0389195
-0.291293 0.0101758 -0.0354078
-0.287374 0.0114426 -0.0339057
-0.248132 0.0118148 -0.0337929
-0.17435 0.011557 -0.0340925
-0.0680777 0.0109821 -0.034214
0.0658093 0.010098 -0.0346215
0.224195 0.00899109 -0.0353743
0.410751 0.00744916 -0.0332127
0.627335 0.00458952 -0.0293362
0.870849 5.95352e-05 -0.0256514
1.14177 -0.0057516 -0.01799
1.4458 -0.0124713 -0.00112943
1.78692 -0.0202035 0.0280718
2.16475 -0.0299597 0.0686986
2.57751 -0.0429501 0.116709
3.02485 -0.0592263 0.168222
3.50856 -0.0783223 0.221283
4.03137 -0.0998391 0.272438
4.59374 -0.121997 0.323349
5.18981 -0.142443 0.370326
5.80798 -0.159463 0.405498
6.4278 -0.171882 0.428885
7.01822 -0.179952 0.442062
7.543 -0.185106 0.441786
7.9641 -0.189011 0.428243
8.24949 -0.193372 0.403317
8.37853 -0.199095 0.365215
8.34468 -0.205478 0.316478
8.16435 -0.210401 0.269523
7.87025 -0.21163 0.233871
7.49363 -0.208235 0.208805
7.06007 -0.200621 0.189113
6.59738 -0.189569 0.155697
6.16087 -0.175665 0.0966937
5.8291 -0.160743 0.0337247
5.64526 -0.147909 -0.00845424
5.6133 -0.138169 -0.0567648
5.7505 -0.131862 -0.117965
6.04498 -0.136211 -0.161259
6.36301 -0.158854 -0.199415
6.5577 -0.189698 -0.225609
6.61159 -0.217288 -0.233038
6.5149 -0.243847 -0.241819
6.21217 -0.255359 -0.254231
5.6793 -0.238004 -0.271537
4.90075 -0.204883 -0.299943
3.88093 -0.162563 -0.327159
2.65127 -0.118325 -0.34866
1.31724 -0.0870355 -0.31951
0.00312465 -0.0693409 -0.21655
-1.27668 -0.0666703 -0.104267
-2.49033 -0.0744701 0.0142422
-3.59974 -0.0840962 0.130454
-4.6402 -0.0873714 0.207829
-5.58327 -0.0786733 0.271649
-6.36842 -0.0562879 0.335029
-7.02686 -0.0245568 0.368487
-7.55618 0.00212736 0.415962
-7.89881 0.0218041 0.501524
-8.14981 0.0274919 0.599074
-8.44688 0.0200189 0.710428
-8.78455 0.0109409 0.821415
-9.12781 0.0128351 0.903346
-9.51803 0.0360892 0.986356
-9.98396 0.0770178 1.08311
-10.4823 0.131401 1.17398
-10.9916 0.189674 1.2658
-11.5085 0.23779 1.35562
-12.037 0.255913 1.43871
-12.5918 0.238034 1.50486
-13.1496 0.200172 1.55781
-13.6497 0.160288 1.60268
-14.0829 0.126126 1.63639
-14.5188 0.100456 1.66691
-14.9449 0.0856721 1.67602
-15.3276 0.0755391 1.6678
-15.7022 0.0656409 1.65829
-16.0388 0.0510784 1.63476
-16.3173 0.0279352 1.61777
-16.569 0.00412623 1.6148
-16.7447 -0.0073361 1.61288
-16.8314 -0.000669716 1.61667
-16.8799 0.0173548 1.61995
-16.8571 0.0380323 1.60725
-16.7542 0.0546338 1.59594
-16.5769 0.0561637 1.58378
-16.2526 0.0300356 1.55586
-15.7915 -0.0212404 1.52812
-15.2558 -0.0831024 1.50031
-14.6672 -0.14234 1.45921
-14.0835 -0.186413 1.41839
-13.5399 -0.20947 1.37243
-13.0114 -0.207164 1.31644
-12.4936 -0.184702 1.26948
-12.0179 -0.158878 1.23365
-11.585 -0.139447 1.18894
-11.1615 -0.128647 1.141
-10.7404 -0.128428 1.09221
-10.3144 -0.135377 1.032
-9.8683 -0.148559 0.969856
-9.39414 -0.16942 0.914506
-8.88955 -0.191985 0.864811
-8.36459 -0.216111 0.839226
-7.82139 -0.236698 0.841459
-7.25532 -0.239624 0.849889
-6.6683 -0.218001 0.859237
-6.07171 -0.179624 0.881319
-5.47262 -0.140274 0.905865
-4.87294 -0.115073 0.91904
-4.29273 -0.113137 0.918899
-3.74116 -0.133189 0.898025
-3.1844 -0.165932 0.860919
-2.5929 -0.197335 0.82203
-1.9688 -0.215905 0.782693
-1.32764 -0.219209 0.750137
-0.696647 -0.213041 0.74189
-0.0999977 -0.206066 0.750145
0.45858 -0.207101 0.748476
0.972799 -0.225782 0.741911
1.42823 -0.265285 0.742058
1.83653 -0.315743 0.734328
2.22659 -0.360847 0.727496
2.60255 -0.390593 0.73509
2.94713 -0.400765 0.753339
3.24879 -0.391683 0.771275
3.50022 -0.371494 0.778133
3.68469 -0.353065 0.768057
3.78859 -0.349764 0.748892
3.8215 -0.36267 0.723274
3.8012 -0.38197 0.693841
3.73824 -0.39612 0.676467
3.64964 -0.396308 0.676932
3.55924 -0.382492 0.68749
3.47169 -0.362596 0.697636
3.38151 -0.347781 0.703289
3.30398 -0.34964 0.701541
3.25723 -0.374988 0.683681
3.24259 -0.420098 0.651762
3.25869 -0.47563 0.615357
3.30467 -0.529925 0.578166
3.37075 -0.573267 0.547598
3.44023 -0.606751 0.529422
3.49995 -0.636862 0.518177
3.54131 -0.669768 0.506482
3.55201 -0.711963 0.489562
3.51597 -0.763456 0.464109
3.41868 -0.814574 0.433933
3.24515 -0.852699 0.404669
2.98218 -0.868641 0.369863
2.63009 -0.861296 0.327763
2.20069 -0.838987 0.290392
1.70896 -0.812859 0.265356
1.18276 -0.789242 0.243547
0.656311 -0.772027 0.224107
0.147292 -0.763985 0.212684
-0.330117 -0.759461 0.201609
-0.751678 -0.74901 0.188776
-1.09823 -0.731421 0.166835
-1.36202 -0.712332 0.143595
-1.55861 -0.699989 0.135642
-1.73219 -0.699161 0.140612
-1.9262 -0.702501 0.157486
-2.15361 -0.707476 0.189077
-2.40799 -0.716765 0.234726
-2.69334 -0.714998 0.283775
-3.01353 -0.6835 0.339323
-3.35907 -0.621848 0.393079
-3.71877 -0.540985 0.427355
-4.08383 -0.45564 0.440586
-4.44383 -0.378572 0.45445
-4.7737 -0.311023 0.487225
-5.04542 -0.257509 0.52572
-5.27145 -0.224822 0.557796
-5.49946 -0.202105 0.584614
-5.7514 -0.174333 0.601861
-6.01444 -0.139479 0.602904
-6.2906 -0.101454 0.585747
-6.58303 -0.0588471 0.573291
-6.86567 -0.0147487 0.587398
-7.11198 0.0198238 0.610404
-7.30786 0.0412965 0.628232
-7.44253 0.05781 0.64548
-7.52028 0.0807446 0.664253
-7.56177 0.113938 0.67823
-7.57679 0.15489 0.67754
-7.57812 0.196523 0.670573
-7.59649 0.226354 0.670297
-7.63906 0.231804 0.678541
-7.69021 0.210253 0.691781
-7.75151 0.171924 0.71112
-7.83182 0.129404 0.739368
-7.92361 0.0924527 0.761667
-8.01225 0.0691625 0.769051
-8.09282 0.0634043 0.768894
-8.16657 0.0704024 0.765204
-8.23534 0.0800964 0.761025
-8.30528 0.0852007 0.760925
-8.37772 0.0873044 0.765885
-8.4505 0.0902206 0.77437
-8.52875 0.0942899 0.784452
-8.61531 0.100937 0.79321
-8.70242 0.109904 0.799003
-8.77704 0.116126 0.800962
-8.83063 0.111825 0.798905
-8.86353 0.0917946 0.79535
-8.87463 0.0583919 0.794486
-8.8589 0.0197535 0.79727
-8.82071 -0.0140405 0.800992
-8.774 -0.034187 0.804873
-8.72339 -0.0368794 0.807791
-8.65655 -0.0250299 0.80682
-8.55839 -0.00534156 0.800068
-8.42077 0.0146987 0.788463
-8.23993 0.0286671 0.775771
-8.01879 0.0339338 0.762402
-7.76627 0.0314627 0.743867
-7.48714 0.0241208 0.718809
-7.18213 0.0143493 0.690415
-6.85326 0.00089967 0.65994
-6.49617 -0.0201776 0.6272
-6.10139 -0.0512203 0.593489
-5.67621 -0.0915074 0.558716
-5.24902 -0.137379 0.518319
-4.84729 -0.181801 0.466475
-4.49162 -0.216048 0.404572
-4.20926 -0.23326 0.345679
-4.00494 -0.235074 0.317588
-3.84051 -0.229393 0.31631
-3.68724 -0.221273 0.317953
-3.53118 -0.214831 0.315784
-3.33844 -0.218174 0.306845
-3.06855 -0.234237 0.294414
-2.68856 -0.258824 0.278826
-2.1898 -0.292428 0.254942
-1.60645 -0.336657 0.229253
-0.981784 -0.391831 0.205853
-0.33751 -0.455039 0.186333
0.312927 -0.519746 0.180242
0.955398 -0.583899 0.19434
1.56806 -0.644114 0.237895
2.13128 -0.690607 0.293041
2.64632 -0.716698 0.329976
3.12148 -0.720769 0.347415
3.56626 -0.704029 0.349358
3.98832 -0.673376 0.346594
4.38433 -0.635315 0.345447
4.75175 -0.597344 0.348789
5.07466 -0.575069 0.35783
5.31837 -0.578608 0.367839
5.47351 -0.601162 0.373948
5.56472 -0.63123 0.386777
5.62238 -0.66274 0.420638
5.67497 -0.688865 0.465147
5.73862 -0.700709 0.512626
5.80135 -0.694663 0.549669
5.84509 -0.675031 0.567363
5.86746 -0.650088 0.555369
5.88076 -0.6275 0.505562
5.90102 -0.613204 0.4332
5.92585 -0.606299 0.366957
5.94354 -0.600666 0.327062
5.95358 -0.594049 0.305477
5.95885 -0.58776 0.2916
5.95796 -0.586849 0.28244
5.95024 -0.599725 0.275897
5.94001 -0.631651 0.263779
5.9329 -0.681791 0.242573
5.92786 -0.745176 0.212373
5.91339 -0.811355 0.173332
5.86361 -0.862089 0.134803
5.74411 -0.883324 0.102892
5.52659 -0.874532 0.0617175
5.19764 -0.843273 0.0194567
4.76501 -0.801373 -0.0138688
4.24447 -0.759493 -0.0507461
3.64828 -0.719291 -0.0800457
2.991 -0.678177 -0.0942603
2.29914 -0.639216 -0.10614
1.6123 -0.606814 -0.11292
0.959181 -0.581651 -0.110067
0.3541 -0.56333 -0.103902
-0.192998 -0.548831 -0.0936197
-0.69468 -0.540755 -0.0790028
-1.17739 -0.544004 -0.060308
-1.6423 -0.54501 -0.0307449
-2.07673 -0.533986 0.0129714
-2.47701 -0.51647 0.075328
-2.84272 -0.485026 0.144365
-3.18539 -0.434211 0.21246
-3.50453 -0.377492 0.282601
-3.78991 -0.322554 0.344076
-4.05588 -0.26755 0.391655
-4.32531 -0.212478 0.43276
-4.62166 -0.153843 0.482177
-4.958 -0.0891592 0.527113
-5.33426 -0.0206734 0.555275
-5.74562 0.0525178 0.582847
-6.17083 0.121975 0.621461
-6.58855 0.169661 0.656513
-6.99729 0.187579 0.68244
-7.38788 0.178122 0.704013
-7.73748 0.149703 0.722773
-8.04501 0.115442 0.73533
-8.31934 0.0894527 0.737395
-8.55856 0.0820311 0.735207
-8.76093 0.0948926 0.737509
-8.91655 0.114687 0.74379
-9.01389 0.127518 0.745114
-9.04928 0.132926 0.746795
-9.01322 0.132518 0.755158
-8.90669 0.128177 0.760948
-8.73418 0.125846 0.758941
-8.50334 0.129128 0.749529
-8.24841 0.132833 0.731344
-7.99114 0.12421 0.706577
-7.73403 0.0928961 0.681925
-7.49564 0.0409765 0.661305
-7.29025 -0.0228638 0.641738
-7.11624 -0.0915205 0.623154
-6.97905 -0.154411 0.607754
-6.87753 -0.200065 0.585478
-6.78566 -0.227519 0.554754
-6.67726 -0.241349 0.519926
-6.54416 -0.247013 0.480748
-6.38304 -0.253001 0.443067
-6.18473 -0.264995 0.408154
-5.95286 -0.281856 0.374126
-5.69952 -0.29493 0.347818
-5.41541 -0.297048 0.328363
-5.08712 -0.291361 0.310569
-4.71605 -0.28627 0.289944
-4.30641 -0.286649 0.264048
-3.85686 -0.29001 0.239494
-3.37504 -0.294864 0.217076
-2.88476 -0.299559 0.195395
-2.40438 -0.299919 0.182349
-1.94473 -0.291976 0.184615
-1.52196 -0.271498 0.194242
-1.14713 -0.242264 0.202094
-0.8153 -0.212072 0.206802
-0.511162 -0.181465 0.212163
-0.212348 -0.146734 0.223609
0.0967451 -0.111953 0.242832
0.412962 -0.0832246 0.262453
0.722377 -0.0612151 0.281278
1.01324 -0.0462175 0.302938
1.28195 -0.038761 0.324341
1.5291 -0.0388208 0.347406
1.7567 -0.0425133 0.372216
1.96724 -0.0443157 0.394384
2.16167 -0.0423796 0.40907
2.34261 -0.0360093 0.412342
2.51791 -0.0231275 0.404992
2.69292 -0.00562983 0.392851
2.86767 0.0084036 0.386282
3.04351 0.0134322 0.387041
3.21676 0.012071 0.388265
3.37534 0.00745507 0.386954
3.50941 -0.00170995 0.381681
3.61319 -0.0171409 0.371398
3.6821 -0.036564 0.360221
3.7131 -0.0571248 0.35396
3.70355 -0.0793571 0.353171
3.64692 -0.103027 0.352564
3.53415 -0.12547 0.347667
3.36521 -0.143195 0.334751
3.15156 -0.152734 0.312786
2.9041 -0.151667 0.288867
2.62944 -0.140263 0.269334
2.3364 -0.121693 0.253738
2.03109 -0.101604 0.236709
1.71372 -0.0867977 0.214505
1.39265 -0.0812434 0.186803
1.08671 -0.0848014 0.15722
0.80719 -0.0971749 0.1313
0.555029 -0.118328 0.112573
0.32981 -0.146284 0.101466
0.122147 -0.180575 0.0921197
-0.0892762 -0.222741 0.0848866
-0.321015 -0.270178 0.0776737
-0.579661 -0.316526 0.0742045
-0.877106 -0.353156 0.0758672
-1.22538 -0.372469 0.0823487
-1.61735 -0.376425 0.0889391
-2.03857 -0.370887 0.0955981
-2.47829 -0.360947 0.113387
-2.91877 -0.356492 0.138205
-3.33918 -0.364948 0.164623
-3.72869 -0.382133 0.188767
-4.08168 -0.401095 0.210148
-4.39206 -0.416797 0.231296
-4.65804 -0.421697 0.254948
-4.88551 -0.412604 0.278533
-5.08933 -0.395279 0.302468
-5.28314 -0.374241 0.329301
-5.46628 -0.352617 0.358652
-5.63618 -0.33559 0.386888
-5.80139 -0.320097 0.413242
-5.96561 -0.298643 0.439656
-6.12008 -0.269135 0.466021
-6.25684 -0.232809 0.488235
-6.37577 -0.194153 0.506669
-6.47764 -0.15904 0.526362
-6.55548 -0.132255 0.545108
-6.60349 -0.116615 0.560067
-6.62986 -0.107994 0.57159
-6.64552 -0.098402 0.577978
-6.65127 -0.0831471 0.579175
-6.64651 -0.0608868 0.575594
-6.6347 -0.0318258 0.568594
-6.61339 -0.00048511 0.56137
-6.57365 0.02569 0.555051
-6.51126 0.0428947 0.547033
-6.42295 0.0528205 0.53632
-6.30124 0.0603304 0.52446
-6.14488 0.0688862 0.509465
-5.96072 0.0793834 0.489168
-5.75294 0.0911647 0.466389
-5.5223 0.100122 0.443528
-5.27153 0.10083 0.420408
-5.00262 0.0919255 0.39829
-4.71562 0.0763479 0.37897
-4.414 0.0588561 0.360181
-4.10567 0.0443489 0.336908
-3.79741 0.0356104 0.308329
-3.49129 0.0318701 0.277449
-3.19008 0.0287788 0.246576
-2.90001 0.0203368 0.217868
-2.62502 0.00333522 0.19455
-2.36615 -0.020491 0.177325
-2.12452 -0.0467222 0.164242
-1.89677 -0.0712082 0.154954
-1.67501 -0.0907501 0.14915
-1.45645 -0.103593 0.144293
-1.24511 -0.110699 0.138617
-1.04473 -0.115647 0.132366
-0.854654 -0.122171 0.127127
-0.67229 -0.132519 0.124322
-0.495844 -0.147522 0.124654
-0.324783 -0.166589 0.12745
-0.159661 -0.187238 0.130614
-0.00170367 -0.206419 0.132062
0.145952 -0.222841 0.131514
0.278384 -0.235938 0.130748
0.39023 -0.244795 0.131277
0.476169 -0.249571 0.133553
0.534347 -0.251549 0.13659
0.56987 -0.252005 0.1389
0.591917 -0.252132 0.14171
0.608877 -0.252735 0.146323
0.626472 -0.253856 0.150862
0.646565 -0.255393 0.153906
0.665537 -0.257446 0.156298
0.675876 -0.260076 0.15923
0.671444 -0.263088 0.163192
0.64932 -0.265688 0.167564
0.607429 -0.26648 0.170982
0.546061 -0.264108 0.173102
0.470698 -0.257999 0.173278
0.388373 -0.248476 0.170002
0.302599 -0.236458 0.16306
0.214549 -0.223537 0.153534
0.125816 -0.211662 0.141868
0.0372253 -0.202385 0.129262
-0.0519007 -0.196593 0.118948
-0.143057 -0.194395 0.112185
-0.239871 -0.194437 0.1106
-0.346849 -0.194853 0.111463
-0.466253 -0.193901 0.111573
-0.600743 -0.188795 0.11155
-0.754508 -0.176676 0.112378
-0.92842 -0.15781 0.114629
-1.12042 -0.135133 0.116125
-1.32918 -0.111472 0.117374
-1.55076 -0.090077 0.121113
-1.77496 -0.0733482 0.129338
-1.99169 -0.0605988 0.141221
-2.19794 -0.0496933 0.154518
-2.39555 -0.0376852 0.167758
-2.58652 -0.0215874 0.180068
-2.77035 -0.0014047 0.191466
-2.94487 0.0200298 0.203538
-3.10854 0.0395742 0.217946
-3.25938 0.0547698 0.2348
-3.39511 0.0647589 0.252509
-3.51463 0.071212 0.269409
-3.61668 0.0767845 0.284712
-3.7005 0.0833886 0.297612
-3.76857 0.091261 0.307921
-3.82556 0.098436 0.31652
-3.87531 0.102257 0.32376
-3.92017 0.101021 0.329493
-3.96145 0.0944412 0.333848
-3.99928 0.0842196 0.336383
-4.03296 0.0731841 0.336284
-4.06123 0.0631521 0.333128
-4.08131 0.0542266 0.326716
-4.0895 0.0448441 0.317757
-4.0822 0.0324964 0.307974
-4.05621 0.0155118 0.298468
-4.01067 -0.00596685 0.289203
-3.9482 -0.0299705 0.27997
-3.87143 -0.0534285 0.270495
-3.78013 -0.0739022 0.260172
-3.67329 -0.0908285 0.24887
-3.55135 -0.105336 0.237336
-3.4168 -0.11954 0.226045
-3.27482 -0.135197 0.214982
-3.1319 -0.152378 0.20441
-2.99253 -0.169599 0.194715
-2.85807 -0.184774 0.185842
-2.72853 -0.196269 0.177525
-2.6038 -0.203543 0.16934
-2.48361 -0.207118 0.160601
-2.36735 -0.208299 0.151041
-2.25567 -0.208542 0.141692
-2.15094 -0.208612 0.13411
-2.05526 -0.208225 0.129241
-1.96941 -0.206262 0.126827
-1.89245 -0.201447 0.125774
-1.82086 -0.193416 0.125533
-1.74993 -0.183001 0.125793
-1.67679 -0.171466 0.125926
-1.60143 -0.16012 0.12543
-1.52499 -0.150102 0.124631
-1.44895 -0.141893 0.12462
-1.37606 -0.135139 0.125889
-1.30922 -0.128699 0.128528
-1.24939 -0.121139 0.132282
-1.19697 -0.111505 0.135468
-1.15241 -0.0995811 0.137091
-1.11458 -0.0859415 0.137772
-1.08187 -0.0718972 0.13778
-1.05477 -0.0589749 0.137243
-1.03411 -0.0482171 0.1373
-1.01904 -0.0397774 0.139029
-1.00955 -0.0330103 0.141806
-1.00739 -0.026771 0.144126
-1.01244 -0.019782 0.145353
-1.02296 -0.0113602 0.145313
-1.03815 -0.00187141 0.144333
-1.05719 0.00756048 0.143995
-1.07915 0.015617 0.145156
-1.10496 0.0211853 0.146844
-1.13527 0.023715 0.147932
-1.16729 0.0235323 0.148308
-1.19718 0.0216928 0.148342
-1.22325 0.0194393 0.14841
-1.24611 0.0176518 0.148602
-1.26865 0.0166343 0.148663
-1.29651 0.0159615 0.148438
-1.33572 0.0145161 0.148514
-1.38964 0.011158 0.14929
-1.46 0.00540525 0.150422
-1.54782 -0.00226749 0.151485
-1.65125 -0.0105883 0.152329
-1.76556 -0.0181382 0.152723
-1.88569 -0.0240094 0.152771
-2.00678 -0.0282161 0.153415
-2.12344 -0.0317503 0.15488
-2.23062 -0.0362022 0.156833
-2.32511 -0.0430066 0.159556
-2.40546 -0.0526351 0.16334
-2.47121 -0.064303 0.167638
-2.52386 -0.076262 0.171822
-2.56719 -0.0865771 0.175898
-2.60523 -0.0940731 0.179801
-2.64105 -0.0987958 0.18332
-2.67768 -0.101815 0.186904
-2.7179 -0.104577 0.190956
-2.76266 -0.108195 0.19488
-2.81125 -0.112998 0.197875
-2.86284 -0.118427 0.199785
-2.91619 -0.123341 0.200645
-2.96865 -0.12662 0.200539
-3.01723 -0.127705 0.199992
-3.05954 -0.126752 0.199579
-3.09219 -0.124466 0.199529
-3.11123 -0.121758 0.19991
-3.11485 -0.119338 0.200588
-3.10348 -0.117415 0.201063
-3.07851 -0.115679 0.200875
-3.04353 -0.113556 0.200058
-3.00463 -0.110514 0.198921
-2.96689 -0.106276 0.197834
-2.93325 -0.100903 0.197352
-2.90617 -0.0947329 0.19781
-2.88663 -0.0881409 0.198806
-2.87255 -0.0813955 0.199585
-2.86074 -0.0746955 0.199606
-2.84841 -0.06815 0.198629
-2.83173 -0.0617232 0.196805
-2.80688 -0.0552786 0.194702
-2.77284 -0.048644 0.192812
-2.7298 -0.0416371 0.191213
-2.67678 -0.034148 0.189717
-2.61371 -0.0262648 0.188074
-2.54305 -0.0183293 0.185984
-2.46781 -0.0108445 0.183219
-2.3914 -0.00424241 0.179817
-2.31826 0.00128468 0.176064
-2.25077 0.00587565 0.172494
-2.18759 0.00999269 0.169757
-2.12712 0.0141927 0.168041
-2.06968 0.0187519 0.166666
-2.01535 0.0234852 0.164714
-1.96386 0.0278501 0.161953
-1.91606 0.0311308 0.159099
-1.87212 0.0326888 0.156816
-1.83031 0.0322854 0.155291
-1.78911 0.0302364 0.154558
-1.74775 0.0271734 0.154377
-1.70465 0.0237167 0.154255
-1.65891 0.0201945 0.153642
-1.61283 0.0164734 0.152394
-1.57078 0.0121377 0.150565
-1.53683 0.00670183 0.148395
-1.51464 -0.000190005 0.14646
-1.50668 -0.00842151 0.145317
-1.51162 -0.0174296 0.144919
-1.52493 -0.0265654 0.144565
-1.54293 -0.0353128 0.143767
-1.56413 -0.0434486 0.142492
-1.58748 -0.0511273 0.140577
-1.61233 -0.0587732 0.137912
-1.63904 -0.0668962 0.135319
-1.66666 -0.0758392 0.133979
-1.69241 -0.085553 0.134135
-1.71509 -0.095647 0.135069
-1.73579 -0.105533 0.135916
-1.75537 -0.114544 0.135968
-1.77496 -0.122211 0.135026
-1.79734 -0.128475 0.133794
-1.8254 -0.133588 0.133303
-1.86091 -0.137932 0.134034
-1.90536 -0.141881 0.135701
-1.95884 -0.145605 0.13773
-2.01889 -0.148918 0.139627
-2.08276 -0.151317 0.141128
-2.14929 -0.152264 0.142298
-2.21728 -0.151466 0.14353
-2.28406 -0.148994 0.145342
-2.34642 -0.145294 0.148117
-2.40132 -0.141055 0.152172
-2.44602 -0.13694 0.157221
-2.48002 -0.133155 0.16215
-2.50656 -0.129245 0.166194
-2.53054 -0.124426 0.169438
-2.5559 -0.118038 0.172322
-2.58531 -0.109883 0.175501
-2.61952 -0.10026 0.179754
-2.65572 -0.0898038 0.185042
-2.68902 -0.0794268 0.190194
-2.71568 -0.0699182 0.194098
-2.73408 -0.061409 0.196358
-2.74439 -0.053492 0.196907
-2.74921 -0.0455917 0.196171
-2.75248 -0.0371935 0.195306
-2.75665 -0.0280792 0.195467
-2.76248 -0.0184744 0.196872
-2.76966 -0.00909753 0.198728
-2.77571 -0.000932563 0.199998
-2.77613 0.00544677 0.200261
-2.76804 0.0101592 0.199776
-2.75234 0.0136884 0.19892
-2.73221 0.0167071 0.19794
-2.71117 0.019897 0.197211
-2.69207 0.0235065 0.197234
-2.67583 0.0271348 0.198089
-2.66149 0.0300092 0.199215
-2.64881 0.0314608 0.199875
-2.63881 0.0312589 0.199558
-2.63169 0.0296563 0.198206
-2.62654 0.0273056 0.196407
-2.62275 0.0250378 0.195086
-2.61931 0.0234594 0.194718
-2.61377 0.0226257 0.194855
-2.60318 0.0219695 0.194565
-2.58492 0.0206092 0.193318
-2.55674 0.0178711 0.191159
-2.51854 0.0135533 0.188255
-2.47391 0.00794403 0.184871
-2.4278 0.00179558 0.181495
-2.38343 -0.00398951 0.178624
-2.34254 -0.00886415 0.176423
-2.30639 -0.0129133 0.174535
-2.27457 -0.0167647 0.172187
-2.24524 -0.0212331 0.168791
-2.21726 -0.0269546 0.164709
-2.19054 -0.0341626 0.160944
-2.16477 -0.0425303 0.158053
-2.13985 -0.0512408 0.155886
-2.1158 -0.0594557 0.154148
-2.09106 -0.0668069 0.152498
-2.06277 -0.0735004 0.150603
-2.02945 -0.0801115 0.148378
-1.99178 -0.0872851 0.145929
-1.95103 -0.0954316 0.143361
-1.90873 -0.104513 0.140963
-1.86731 -0.113984 0.139327
-1.82924 -0.122999 0.138713
-1.79596 -0.130783 0.138425
-1.76833 -0.13688 0.137347
-1.74685 -0.141283 0.135102
-1.73127 -0.144414 0.132252
-1.7215 -0.146877 0.129553
-1.71884 -0.149107 0.127482
-1.72466 -0.151181 0.12619
-1.73863 -0.152798 0.125632
-1.75924 -0.153436 0.125685
-1.78449 -0.15261 0.126182
-1.81184 -0.150071 0.12687
-1.83858 -0.145911 0.127346
-1.86274 -0.140581 0.127533
-1.88287 -0.134733 0.128143
-1.89787 -0.128889 0.130051
-1.90814 -0.123211 0.133261
-1.91545 -0.117481 0.137173
-1.92107 -0.111203 0.141419
-1.9257 -0.103829 0.145739
-1.93171 -0.0950425 0.149764
-1.94294 -0.0848779 0.153113
-1.96296 -0.0737066 0.15563
-1.99444 -0.062135 0.157483
-2.03811 -0.0507504 0.159185
-2.09127 -0.039907 0.161297
-2.14913 -0.0296638 0.163837
-2.20728 -0.0199001 0.166315
-2.26154 -0.0105784 0.168448
-2.30768 -0.00188947 0.17037
-2.34319 0.00582913 0.172247
-2.36796 0.0122297 0.174205
-2.38262 0.0171401 0.176153
-2.38782 0.0206497 0.178096
-2.38457 0.0229806 0.180171
-2.37397 0.0243959 0.182235
-2.35767 0.0250171 0.184125
-2.33923 0.0247107 0.185513
-2.32369 0.0233039 0.1862
-2.31571 0.0207617 0.186222
-2.3183 0.0172915 0.185839
-2.33255 0.0133535 0.185406
-2.35762 0.00944676 0.18492
-2.39073 0.00590768 0.184029
-2.42796 0.00270274 0.182372
-2.46501 -0.000606721 0.180078
-2.49708 -0.00457548 0.177678
-2.51963 -0.00954617 0.175711
-2.5301 -0.0154347 0.174511
-2.52853 -0.0217442 0.174012
-2.51642 -0.0277808 0.173856
-2.49602 -0.0329492 0.173666
-2.46996 -0.0370771 0.173177
-2.4405 -0.0405386 0.172454
-2.40947 -0.0439534 0.17192
-2.37931 -0.0477916 0.172056
-2.35307 -0.0521138 0.172813
-2.33289 -0.056526 0.173572
-2.31915 -0.0604225 0.173698
-2.31051 -0.0632515 0.172884
-2.30441 -0.0647588 0.171106
-2.29876 -0.0652298 0.168625
-2.2936 -0.0653612 0.165844
-2.29007 -0.0658579 0.163093
-2.28805 -0.0671646 0.160642
-2.28539 -0.0693206 0.15884
-2.27875 -0.0719759 0.157937
-2.26429 -0.0745691 0.157399
-2.23859 -0.0766566 0.156496
-2.20033 -0.078319 0.155029
-2.15073 -0.080085 0.153073
-2.09273 -0.0824791 0.15097
-2.03066 -0.0857739 0.149103
-1.96962 -0.0898863 0.147876
-1.91419 -0.0944258 0.147448
-1.86771 -0.0987739 0.147503
-1.83245 -0.102207 0.147247
-1.80981 -0.104306 0.14579
-1.79985 -0.105071 0.142896
-1.80175 -0.104773 0.139334
-1.81481 -0.103886 0.13634
-1.83758 -0.102818 0.134588
-1.86678 -0.101769 0.134024
-1.89807 -0.100741 0.134389
-1.92737 -0.0995708 0.135204
-1.95117 -0.0980337 0.136067
-1.96711 -0.0958767 0.136728
-1.97535 -0.0928643 0.137116
-1.97844 -0.0889056 0.137632
-1.9793 -0.0841421 0.139022
-1.98057 -0.0788643 0.142107
-1.98546 -0.0733312 0.146823
-1.99727 -0.0676796 0.152456
-2.01811 -0.0617662 0.157966
-2.0488 -0.0551932 0.162202
-2.08936 -0.0476442 0.164781
-2.13883 -0.0390509 0.166474
-2.19549 -0.0296681 0.168404
-2.25692 -0.0199738 0.170917
-2.31929 -0.0105536 0.173816
-2.37796 -0.00213143 0.176872
-2.4291 0.00469404 0.179798
-2.47017 0.00974037 0.18224
-2.49971 0.013216 0.184021
-2.51775 0.0155295 0.185244
-2.52551 0.0170951 0.186302
-2.52421 0.0181741 0.187624
-2.51508 0.0187301 0.189264
-2.50057 0.018357 0.190876
-2.48381 0.016485 0.19189
-2.46731 0.0127559 0.191924
-2.45334 0.00717483 0.190996
-2.44438 8.86982e-05 0.189451
-2.44215 -0.00783275 0.187697
-2.44669 -0.0157508 0.185891
-2.45663 -0.0230124 0.183923
-2.46932 -0.0294647 0.181604
-2.48113 -0.0354736 0.178785
-2.48923 -0.0416652 0.175434
-2.4926 -0.0485907 0.17186
-2.49096 -0.0564264 0.168457
-2.48363 -0.0647745 0.165569
-2.46998 -0.0727705 0.163572
-2.44965 -0.0795069 0.16259
-2.42203 -0.0844698 0.162131
-2.38664 -0.0877225 0.161498
-2.34405 -0.0897768 0.160483
-2.29569 -0.0913145 0.159277
-2.24391 -0.0928916 0.158111
-2.19259 -0.0946396 0.15724
-2.14615 -0.0961518 0.156802
-2.10742 -0.0967317 0.1565
-2.07715 -0.0957705 0.155828
-2.0551 -0.0929851 0.154559
-2.04054 -0.0885502 0.15271
-2.03175 -0.0831033 0.150388
-2.02616 -0.077523 0.148095
