-8.00855e-07 8.87206e-16 -0.0491414
-0.000193153 7.27652e-07 -0.0491442
-0.000911152 1.00314e-05 -0.049159
-0.00214343 4.96296e-05 -0.0492039
-0.00356382 0.000131691 -0.0493054
-0.00513451 0.000227125 -0.0494781
-0.00747317 0.000305625 -0.0497213
-0.0112736 0.000404272 -0.0500615
-0.0162474 0.000607882 -0.0505551
-0.0210051 0.000951748 -0.051223
-0.0238918 0.00134501 -0.0520064
-0.0241523 0.0016139 -0.0527788
-0.0228591 0.00166869 -0.053403
-0.0219851 0.00165031 -0.0537855
-0.0223994 0.00186109 -0.0538831
-0.0236927 0.00244912 -0.0536998
-0.0252603 0.00320169 -0.0532727
-0.0266181 0.00374134 -0.0527087
-0.0272917 0.00383809 -0.052231
-0.027091 0.00352197 -0.0520283
-0.0260951 0.00302824 -0.052091
-0.0235803 0.00258382 -0.052292
-0.018282 0.00214624 -0.052484
-0.0111142 0.00146155 -0.0524897
-0.0051329 0.000477746 -0.0521413
-0.00226274 -0.000435747 -0.0513786
-0.00199339 -0.000826981 -0.0502897
-0.00264878 -0.000612211 -0.0490287
-0.00244893 -0.000159925 -0.0477942
0.00101482 -6.9573e-05 -0.0468452
0.00960295 -0.000728976 -0.0463158
0.0216475 -0.00194216 -0.0460636
0.0330426 -0.00307617 -0.045796
0.0409278 -0.00357362 -0.0452903
0.0432338 -0.00336341 -0.0445408
0.0380843 -0.00281493 -0.0437047
0.0275152 -0.00230036 -0.0430203
0.0180468 -0.00198326 -0.0428502
0.0156587 -0.00197803 -0.043407
0.0203282 -0.00238254 -0.0444975
0.025505 -0.00311985 -0.0458226
0.0253868 -0.00378971 -0.0471666
0.0206394 -0.00371733 -0.0483146
0.0146076 -0.00259443 -0.049101
0.00822944 -0.00102113 -0.0493434
-7.23881e-05 0.000186415 -0.049067
-0.0115577 0.000934011 -0.0488834
-0.0246548 0.00168439 -0.0494274
-0.035238 0.00277711 -0.0507257
-0.038231 0.00400491 -0.0524731
-0.0323214 0.00458995 -0.0543304
-0.0246167 0.00392163 -0.0559845
-0.0248991 0.00263638 -0.0572145
-0.0354165 0.00234089 -0.0578939
-0.0502662 0.003847 -0.0579597
-0.0628994 0.00626985 -0.0574559
-0.0698196 0.00792108 -0.0567319
-0.068718 0.00764616 -0.0564718
-0.0585421 0.00568898 -0.0568954
-0.0412844 0.00351745 -0.0573779
-0.0223879 0.00244325 -0.0570979
-0.00932991 0.00248957 -0.0557245
-0.00871917 0.00284944 -0.0535961
-0.0216478 0.00303939 -0.0514015
-0.0382975 0.00314392 -0.0497347
-0.0444551 0.00319272 -0.0488527
-0.0362306 0.00274534 -0.0487965
-0.0206033 0.00127144 -0.0495542
-0.00571578 -0.00105824 -0.0509774
0.00378408 -0.00320644 -0.0525585
0.00565575 -0.00393101 -0.0533568
-0.00166823 -0.00270902 -0.0527437
-0.0178775 -0.000253243 -0.0512955
-0.0399084 0.00217508 -0.0501899
-0.0623363 0.00387226 -0.0502005
-0.0758077 0.00480823 -0.0514956
-0.0716598 0.0051817 -0.0539282
-0.0511581 0.00512522 -0.0568634
-0.0263348 0.00466941 -0.0594849
-0.0112206 0.00396298 -0.0607081
-0.0122726 0.00355316 -0.0605861
-0.0268888 0.00456111 -0.0590397
-0.0463899 0.00757086 -0.0561355
-0.0632142 0.0110977 -0.0530356
-0.0769961 0.0126016 -0.0509379
-0.0893375 0.0109898 -0.0505427
-0.096692 0.00759729 -0.052403
-0.0931574 0.0047382 -0.0559691
-0.08018 0.00341711 -0.0599815
-0.0679741 0.00297583 -0.0634227
-0.0641804 0.00228662 -0.0654412
-0.0682673 0.00105805 -0.0662878
-0.0783332 0.000733611 -0.0656355
-0.0922353 0.00306386 -0.0633769
-0.102943 0.007762 -0.0602365
-0.102948 0.0123862 -0.0572031
-0.0918524 0.0143631 -0.0552609
-0.0717423 0.0131888 -0.0547237
-0.039797 0.0104519 -0.0547927
0.00282893 0.00796786 -0.054747
0.0424179 0.00626772 -0.0534216
0.0647322 0.00480712 -0.050936
0.0714094 0.0029214 -0.0471894
0.0743767 0.000355242 -0.0428048
0.0770527 -0.00264141 -0.0378671
0.0752924 -0.00588993 -0.0329913
0.0698872 -0.00926744 -0.0299246
0.0673359 -0.0124915 -0.0289953
0.0702811 -0.0157168 -0.0299241
0.07363 -0.0192901 -0.0320549
0.0747578 -0.0230227 -0.0346876
0.0752645 -0.0259651 -0.0377056
0.0742323 -0.0268292 -0.0406744
0.0646348 -0.0248693 -0.0428612
0.041163 -0.0200513 -0.0442615
0.0137394 -0.0130167 -0.0447137
-0.00702971 -0.00518736 -0.0452566
-0.026654 0.00178247 -0.0466566
-0.0571921 0.00724752 -0.0490123
-0.0991595 0.0122904 -0.0526219
-0.136783 0.018126 -0.0579367
-0.158702 0.0240913 -0.0646062
-0.165866 0.028126 -0.0708512
-0.158481 0.0287937 -0.0765225
-0.144619 0.0267268 -0.0797512
-0.140606 0.0243444 -0.0799919
-0.156098 0.0244166 -0.0804823
-0.190414 0.0282506 -0.0799165
-0.231731 0.0338978 -0.0768613
-0.269033 0.0374223 -0.0732895
-0.296481 0.0365601 -0.0692711
-0.304484 0.0317191 -0.067638
-0.287336 0.0248751 -0.0684208
-0.252031 0.0185353 -0.0680178
-0.210139 0.0143179 -0.0685545
-0.171876 0.0116169 -0.0697372
-0.14208 0.00839821 -0.0685433
-0.117602 0.00372711 -0.067263
-0.0960984 -0.000900602 -0.0652074
-0.0783351 -0.00328424 -0.0609248
-0.0598414 -0.00290363 -0.0570003
-0.036534 -0.000327959 -0.0516516
-0.00751492 0.00286509 -0.0455305
0.0310858 0.00370776 -0.0403727
0.077536 0.000776728 -0.0357012
0.124677 -0.00427763 -0.0323925
0.164938 -0.00905499 -0.0299814
0.19337 -0.0121286 -0.0285666
0.211635 -0.0133617 -0.02672
0.216365 -0.0142952 -0.0246363
0.20327 -0.0169192 -0.0238307
0.178366 -0.0214661 -0.0232494
0.149388 -0.0261612 -0.0238945
0.122184 -0.0289171 -0.0257388
0.0969159 -0.0291345 -0.0283692
0.0706478 -0.0278738 -0.0321951
0.0451636 -0.0263002 -0.0369149
0.0191995 -0.0246026 -0.0421215
-0.00922171 -0.0221676 -0.0477063
-0.0374065 -0.0179117 -0.0521397
-0.0660034 -0.0111591 -0.0560812
-0.0985334 -0.00240845 -0.0594998
-0.13731 0.00737228 -0.0622536
-0.178493 0.0173085 -0.0651048
-0.210623 0.0264425 -0.0679776
-0.222292 0.0340596 -0.0707728
-0.205814 0.0396206 -0.0734988
-0.159203 0.0425285 -0.075949
-0.0846357 0.0425403 -0.0769343
0.0153822 0.039812 -0.075324
0.137861 0.0349922 -0.0705701
0.283217 0.0292886 -0.0609358
0.455699 0.0227235 -0.0436532
0.655234 0.0137489 -0.0186728
0.877191 0.00148888 0.0132796
1.11964 -0.014453 0.0537457
1.38643 -0.0343294 0.105646
1.68165 -0.0581745 0.172744
2.00545 -0.0867683 0.251613
2.35938 -0.120212 0.336926
2.74728 -0.157183 0.428018
3.17166 -0.196982 0.523475
3.63514 -0.239275 0.620296
4.13865 -0.282107 0.72074
4.67802 -0.32258 0.821946
5.24492 -0.357915 0.918863
5.82171 -0.38596 1.01096
6.37839 -0.406581 1.0954
6.87791 -0.421498 1.16862
7.2813 -0.432679 1.23232
7.55619 -0.441943 1.2873
7.68227 -0.450011 1.32811
7.6547 -0.45551 1.35046
7.49203 -0.455457 1.358
7.22747 -0.44735 1.35607
6.88953 -0.431145 1.34242
6.49988 -0.408486 1.30746
6.08349 -0.381162 1.23646
5.69525 -0.350139 1.12834
5.41433 -0.317215 1.01428
5.28242 -0.285974 0.919427
5.3015 -0.257972 0.809819
5.48515 -0.234881 0.679279
5.81353 -0.226606 0.562083
6.1356 -0.247125 0.477158
6.31333 -0.283437 0.429501
6.34646 -0.317516 0.393783
6.21549 -0.355112 0.353729
5.89273 -0.372819 0.301768
5.38912 -0.34491 0.246224
4.68671 -0.285532 0.185433
3.78108 -0.203911 0.111406
2.69902 -0.109286 0.0547922
1.50745 -0.0293917 0.0618554
0.281597 0.0183364 0.137367
-0.95104 0.0376536 0.214429
-2.14865 0.0367736 0.263897
-3.27625 0.0220641 0.304501
-4.33555 0.0132236 0.326153
-5.27203 0.0258675 0.299536
-6.01464 0.0647075 0.241813
-6.58691 0.126992 0.171075
-7.01768 0.189361 0.0888534
-7.28638 0.236921 -0.00280588
-7.48661 0.262857 -0.0709659
-7.76556 0.263753 -0.100778
-8.10815 0.254664 -0.110831
-8.45098 0.258689 -0.127872
-8.8236 0.289715 -0.151257
-9.24221 0.348417 -0.153691
-9.67868 0.424741 -0.130168
-10.1241 0.505623 -0.103144
-10.5836 0.57433 -0.0938646
-11.0652 0.609756 -0.0929872
-11.5722 0.60923 -0.0886678
-12.0878 0.586237 -0.0780814
-12.55 0.559888 -0.073997
-12.9345 0.542855 -0.0747815
-13.3115 0.537292 -0.0604382
-13.6643 0.546845 -0.0391028
-13.9611 0.565428 -0.028307
-14.2818 0.573309 -0.0135091
-14.6181 0.557783 0.0106246
-14.932 0.522229 0.0337991
-15.2466 0.476953 0.0460806
-15.5068 0.436768 0.0528738
-15.6839 0.413127 0.0610283
-15.8059 0.406119 0.0734022
-15.8215 0.413395 0.0839542
-15.7349 0.424424 0.0922323
-15.5845 0.416349 0.103721
-15.3001 0.376239 0.108264
-14.8852 0.309194 0.101002
-14.407 0.227181 0.0944735
-13.8726 0.149019 0.0836001
-13.3267 0.0917745 0.079935
-12.8032 0.061067 0.0851703
-12.2878 0.0578665 0.0869125
-11.8035 0.0682085 0.0931942
-11.3953 0.0703347 0.107426
-11.046 0.0605916 0.120208
-10.7133 0.0398947 0.129713
-10.3843 0.00809758 0.141202
-10.0282 -0.0237774 0.160816
-9.60332 -0.0456693 0.18379
-9.09236 -0.0553276 0.201551
-8.52012 -0.0565919 0.234054
-7.93398 -0.0618844 0.311164
-7.37689 -0.0794902 0.411356
-6.86856 -0.103217 0.49916
-6.40436 -0.124012 0.568189
-5.97165 -0.141622 0.635545
-5.54581 -0.161358 0.702028
-5.09817 -0.18812 0.756288
-4.62249 -0.222146 0.798481
-4.11722 -0.258594 0.827001
-3.57043 -0.295545 0.839228
-2.99704 -0.333726 0.838533
-2.44133 -0.375801 0.82995
-1.93956 -0.426422 0.818732
-1.49648 -0.483741 0.81959
-1.08655 -0.539775 0.834957
-0.673951 -0.590205 0.847796
-0.245224 -0.63791 0.85373
0.184083 -0.686362 0.862732
0.601549 -0.734146 0.879257
1.00095 -0.77671 0.907811
1.35413 -0.814713 0.949187
1.63396 -0.847268 1.00046
1.85142 -0.867085 1.04803
2.03244 -0.871127 1.08523
2.1913 -0.862073 1.11824
2.33024 -0.847919 1.15371
2.44558 -0.834143 1.18918
2.52971 -0.819412 1.22507
2.56329 -0.802018 1.26375
2.53737 -0.781693 1.29819
2.46764 -0.761134 1.32019
2.37537 -0.742736 1.32443
2.28681 -0.727046 1.31152
2.23712 -0.719243 1.29252
2.24374 -0.726627 1.27549
2.28983 -0.751517 1.25846
2.34784 -0.793201 1.23754
2.39615 -0.846784 1.20466
2.42165 -0.903495 1.15757
2.42415 -0.95886 1.09965
2.4166 -1.01067 1.0326
2.41166 -1.05819 0.964973
2.40242 -1.10641 0.907947
2.36624 -1.15766 0.865314
2.27839 -1.2056 0.835084
2.11306 -1.24105 0.810623
1.84973 -1.25725 0.783359
1.48778 -1.25337 0.75107
1.04189 -1.23667 0.71945
0.538457 -1.21458 0.698792
0.0254477 -1.18667 0.683628
-0.452331 -1.15309 0.666094
-0.887149 -1.11985 0.6433
-1.28801 -1.08907 0.605383
-1.648 -1.05721 0.553189
-1.95824 -1.02675 0.495515
-2.22407 -1.00794 0.448579
-2.45705 -1.0073 0.406739
-2.66684 -1.01759 0.349763
-2.85741 -1.01828 0.279921
-3.03899 -1.00618 0.217161
-3.22684 -0.991645 0.18037
-3.4237 -0.958904 0.161834
-3.62281 -0.885394 0.147282
-3.82218 -0.773188 0.123552
-4.0269 -0.639098 0.0980527
-4.24906 -0.505124 0.0837341
-4.49093 -0.387736 0.0675862
-4.71678 -0.284128 0.041805
-4.89685 -0.198696 0.0203528
-5.04632 -0.139405 0.0042343
-5.1817 -0.0848055 -0.0107263
-5.29817 -0.0107848 -0.0280106
-5.40314 0.0776974 -0.0461002
-5.52251 0.1684 -0.0558267
-5.66445 0.261449 -0.0552768
-5.81574 0.35002 -0.0535071
-5.97483 0.414484 -0.0555664
-6.1475 0.444079 -0.0559841
-6.31085 0.451271 -0.0584027
-6.44244 0.456594 -0.0680802
-6.54557 0.469437 -0.0773368
-6.62047 0.490174 -0.0777766
-6.67211 0.514633 -0.0744225
-6.72927 0.531382 -0.0736906
-6.816 0.522119 -0.0747734
-6.9321 0.478938 -0.0758602
-7.07244 0.414373 -0.0788912
-7.22723 0.347314 -0.0829221
-7.37715 0.291176 -0.0819208
-7.5124 0.252248 -0.0750452
-7.63827 0.231079 -0.0673496
-7.763 0.220681 -0.0609245
-7.89948 0.207354 -0.0540471
-8.05889 0.182226 -0.047398
-8.23223 0.150386 -0.0444904
-8.39949 0.121595 -0.0439298
-8.54602 0.102815 -0.041682
-8.65929 0.100579 -0.0370222
-8.73106 0.114751 -0.0327306
-8.76094 0.136041 -0.030693
-8.75271 0.152485 -0.0294584
-8.71343 0.15671 -0.0300765
-8.64542 0.150028 -0.0348532
-8.54344 0.14061 -0.0423131
-8.41261 0.13818 -0.0490949
-8.26902 0.150807 -0.0541624
-8.11951 0.181559 -0.058249
-7.96193 0.224033 -0.0615635
-7.79413 0.267108 -0.0639125
-7.61031 0.302536 -0.0662817
-7.40015 0.326214 -0.0704253
-7.16013 0.337681 -0.0749901
-6.89264 0.339962 -0.0774856
-6.59506 0.338389 -0.0780942
-6.26458 0.336675 -0.0770374
-5.90582 0.332718 -0.0733164
-5.52031 0.320549 -0.0664802
-5.10684 0.295055 -0.0571527
-4.68359 0.253293 -0.0449095
-4.28854 0.19562 -0.0292106
-3.95427 0.127272 -0.0113459
-3.69988 0.0574542 0.0106611
-3.54381 -0.00391435 0.0441043
-3.47473 -0.052601 0.0949873
-3.43836 -0.0911832 0.158886
-3.39335 -0.120642 0.223079
-3.32384 -0.14413 0.268814
-3.20538 -0.173125 0.29734
-3.01149 -0.215373 0.320189
-2.73723 -0.276369 0.351622
-2.39987 -0.365368 0.384625
-2.0342 -0.48363 0.396796
-1.65664 -0.622374 0.392611
-1.26085 -0.76943 0.381682
-0.841561 -0.912043 0.37843
-0.392272 -1.04126 0.391473
0.0854918 -1.14671 0.420219
0.575581 -1.21763 0.465623
1.0533 -1.25656 0.518579
1.50818 -1.26818 0.577511
1.93921 -1.25707 0.639672
2.34202 -1.23405 0.703931
2.71911 -1.20361 0.775833
3.07385 -1.17122 0.857604
3.39646 -1.1504 0.943136
3.66244 -1.14776 1.02817
3.86561 -1.15549 1.11198
4.02238 -1.16465 1.19202
4.14256 -1.17585 1.26894
4.23686 -1.18832 1.33538
4.31786 -1.19445 1.38879
4.38749 -1.18608 1.4266
4.44797 -1.16086 1.44744
4.51378 -1.12163 1.45402
4.59862 -1.07578 1.45423
4.70398 -1.03404 1.45162
4.81423 -0.99942 1.44468
4.90125 -0.970846 1.42906
4.94914 -0.951246 1.39396
4.95765 -0.943143 1.33895
4.93069 -0.949945 1.26871
4.87717 -0.976961 1.18746
4.81593 -1.02485 1.10443
4.76301 -1.08953 1.032
4.7157 -1.16657 0.96836
4.65554 -1.24772 0.905573
4.55832 -1.31401 0.842585
4.39813 -1.34851 0.786207
4.14901 -1.35011 0.730036
3.80067 -1.32509 0.673147
3.36538 -1.28379 0.624218
2.86677 -1.23452 0.585254
2.33146 -1.17387 0.560462
1.77594 -1.0983 0.533682
1.20052 -1.01948 0.48503
0.60734 -0.954597 0.426489
0.00642062 -0.911014 0.381389
-0.584813 -0.8875 0.354861
-1.13849 -0.874891 0.344469
-1.64722 -0.868677 0.328609
-2.11841 -0.866868 0.278533
-2.5227 -0.84558 0.200894
-2.84548 -0.794826 0.124072
-3.10892 -0.729226 0.0754381
-3.32162 -0.644573 0.0470042
-3.49534 -0.535288 0.0221217
-3.64908 -0.421161 -0.00253903
-3.80263 -0.320434 -0.0240549
-3.96951 -0.230929 -0.0422827
-4.1565 -0.146993 -0.0674294
-4.36941 -0.0589886 -0.0923821
-4.6088 0.0394753 -0.111308
-4.86971 0.147589 -0.128659
-5.13187 0.271775 -0.142236
-5.37589 0.403085 -0.149502
-5.61218 0.51258 -0.154444
-5.86191 0.584498 -0.154806
-6.11756 0.620959 -0.156987
-6.34955 0.632627 -0.164112
-6.54555 0.636248 -0.167919
-6.70922 0.647458 -0.161846
-6.84157 0.675764 -0.150322
-6.95222 0.719414 -0.141187
-7.05955 0.755461 -0.131832
-7.17532 0.761901 -0.122548
-7.29019 0.740543 -0.120881
-7.38049 0.697869 -0.126291
-7.42018 0.644442 -0.129827
-7.38205 0.596783 -0.12865
-7.26659 0.560896 -0.125816
-7.10894 0.531409 -0.122007
-6.93713 0.493459 -0.115006
-6.76736 0.432145 -0.106559
-6.62018 0.34904 -0.101367
-6.50598 0.254029 -0.0965939
-6.41787 0.155936 -0.0872926
-6.34441 0.0711255 -0.0745083
-6.2769 0.013472 -0.0624892
-6.2066 -0.0220098 -0.0479966
-6.12818 -0.046836 -0.0290263
-6.04088 -0.0689082 -0.00985284
-5.93266 -0.0936465 0.00509084
-5.78423 -0.123307 0.0196571
-5.59012 -0.153809 0.0374362
-5.35097 -0.172436 0.0560083
-5.05497 -0.171034 0.064873
-4.68847 -0.152713 0.0623993
-4.253 -0.126224 0.0591025
-3.76571 -0.10088 0.055524
-3.25995 -0.0856448 0.0496247
-2.76545 -0.0865881 0.0461674
-2.2956 -0.098625 0.0485035
-1.85148 -0.11162 0.0568866
-1.42468 -0.114942 0.0720619
-1.01607 -0.0994053 0.0919111
-0.634254 -0.0681991 0.120475
-0.277412 -0.0301645 0.15853
0.0579623 0.0103298 0.202529
0.363054 0.0465236 0.251958
0.634434 0.0679219 0.308838
0.875333 0.0705439 0.371813
1.08082 0.0567203 0.438427
1.25065 0.0301756 0.504163
1.39949 -0.00339668 0.56212
1.54205 -0.0391778 0.613815
1.67613 -0.0747343 0.660063
1.78794 -0.110085 0.699706
1.86796 -0.147031 0.73445
1.92299 -0.18356 0.765656
1.97076 -0.214218 0.791972
2.02453 -0.238093 0.81042
2.09348 -0.259973 0.819924
2.18267 -0.284128 0.821117
2.28306 -0.309903 0.8152
2.37496 -0.336805 0.804702
2.44012 -0.369054 0.792322
2.47009 -0.409278 0.777803
2.46696 -0.452838 0.759292
2.43943 -0.492843 0.736708
2.39656 -0.525905 0.713081
2.33856 -0.54963 0.689377
2.25472 -0.562006 0.666256
2.13692 -0.562363 0.64432
1.99031 -0.549336 0.623554
1.8232 -0.521281 0.604532
1.64017 -0.479019 0.584688
1.45011 -0.425631 0.560912
1.26217 -0.36577 0.53085
1.07518 -0.306816 0.495339
0.888927 -0.255674 0.456428
0.712006 -0.215574 0.41555
0.54714 -0.189017 0.372077
0.387921 -0.178388 0.32538
0.230945 -0.182649 0.272879
0.0710167 -0.200019 0.215068
-0.105204 -0.229703 0.170874
-0.305099 -0.265971 0.13696
-0.528975 -0.300135 0.106561
-0.781471 -0.321153 0.0806268
-1.06812 -0.319203 0.057301
-1.39299 -0.30019 0.0424479
-1.75632 -0.274922 0.0356669
-2.15092 -0.249398 0.0324462
-2.5651 -0.235579 0.0287411
-2.9814 -0.242155 0.027405
-3.37687 -0.260934 0.0290942
-3.73408 -0.280956 0.0310541
-4.03892 -0.294359 0.0270184
-4.28042 -0.290474 0.0194943
-4.46978 -0.268017 0.0129921
-4.63555 -0.237379 0.00791704
-4.79664 -0.204733 0.00105987
-4.95743 -0.174877 -0.00943289
-5.12106 -0.155082 -0.0196507
-5.28654 -0.139079 -0.0281791
-5.44313 -0.114436 -0.0374915
-5.57443 -0.0765076 -0.0475849
-5.67051 -0.0259571 -0.0552613
-5.73676 0.030856 -0.0602122
-5.78121 0.0857717 -0.0668492
-5.80396 0.131588 -0.0752126
-5.80758 0.162575 -0.0832497
-5.79981 0.183033 -0.0914846
-5.78235 0.204033 -0.0999644
-5.75084 0.231968 -0.107085
-5.7062 0.267674 -0.110292
-5.65568 0.309663 -0.110621
-5.60311 0.351406 -0.11081
-5.54839 0.382522 -0.110819
-5.49182 0.397644 -0.110091
-5.42869 0.398908 -0.10975
-5.34578 0.39315 -0.110081
-5.23329 0.386653 -0.108933
-5.09114 0.38257 -0.10505
-4.92224 0.380757 -0.100053
-4.73278 0.375366 -0.095557
-4.53384 0.358152 -0.09141
-4.33281 0.325925 -0.0874382
-4.12858 0.282068 -0.0837286
-3.9176 0.233634 -0.0794099
-3.69928 0.188261 -0.072327
-3.47416 0.150825 -0.0618633
-3.24334 0.120973 -0.0495567
-3.0135 0.093065 -0.0360319
-2.79412 0.0600442 -0.0207427
-2.58849 0.0189692 -0.00344754
-2.39612 -0.0278748 0.0154175
-2.21593 -0.0753748 0.036293
-2.04195 -0.118545 0.0608459
-1.86747 -0.1546 0.0893401
-1.69258 -0.182756 0.119578
-1.52134 -0.203978 0.149065
-1.35579 -0.221232 0.175711
-1.1952 -0.238156 0.197548
-1.0374 -0.257105 0.213854
-0.880764 -0.27897 0.225336
-0.725331 -0.30339 0.233189
-0.572887 -0.32836 0.239457
-0.426605 -0.351541 0.245113
-0.289209 -0.371516 0.250104
-0.162399 -0.386622 0.255597
-0.0487058 -0.394956 0.261955
0.0478591 -0.396219 0.268433
0.125635 -0.391651 0.274718
0.187833 -0.3832 0.281439
0.238728 -0.373703 0.289762
0.281143 -0.365824 0.299947
0.3183 -0.360469 0.310997
0.351945 -0.357576 0.32185
0.378752 -0.35712 0.331953
0.392789 -0.358608 0.340968
0.390957 -0.360814 0.348888
0.372179 -0.362323 0.355437
0.334302 -0.361772 0.359454
0.276907 -0.358032 0.359844
0.204197 -0.350968 0.356326
0.122021 -0.341326 0.349189
0.0336232 -0.330126 0.338552
-0.0589146 -0.318636 0.324263
-0.152823 -0.308396 0.306373
-0.247768 -0.301104 0.284916
-0.346397 -0.29826 0.259845
-0.451755 -0.30046 0.230537
-0.567058 -0.30625 0.200937
-0.69492 -0.313214 0.173428
-0.83398 -0.318439 0.14747
-0.979966 -0.316808 0.124096
-1.12993 -0.303039 0.103551
-1.28411 -0.277178 0.0856731
-1.44544 -0.243876 0.0697842
-1.61736 -0.207543 0.0560515
-1.80118 -0.173152 0.0436547
-1.99113 -0.144553 0.0323779
-2.17587 -0.120653 0.0226098
-2.34814 -0.0979175 0.0140154
-2.50549 -0.0719768 0.00580987
-2.6462 -0.0386019 -0.00219481
-2.77125 0.00172108 -0.0100409
-2.88481 0.0440471 -0.0183176
-2.99131 0.0832566 -0.0273553
-3.0927 0.115566 -0.0370775
-3.18719 0.139932 -0.0473446
-3.26979 0.159297 -0.0576428
-3.33465 0.177832 -0.0673276
-3.37906 0.198084 -0.0757206
-3.40652 0.219925 -0.0822275
-3.42544 0.240146 -0.0867285
-3.44417 0.25459 -0.0897399
-3.46825 0.260487 -0.091966
-3.49973 0.257316 -0.0933101
-3.53608 0.24764 -0.0932722
-3.57205 0.235802 -0.0915549
-3.60291 0.224781 -0.0879831
-3.62526 0.214892 -0.0825095
-3.6379 0.203733 -0.0754028
-3.64158 0.187383 -0.0675347
-3.63634 0.16311 -0.0597954
-3.62144 0.13102 -0.0524135
-3.59601 0.0942534 -0.0452978
-3.55743 0.0576485 -0.0385002
-3.50171 0.0249029 -0.0319985
-3.42702 -0.00315942 -0.0256073
-3.33557 -0.0282503 -0.019453
-3.23266 -0.0534074 -0.0140372
-3.12523 -0.0809841 -0.00934863
-3.01906 -0.110802 -0.00493155
-2.91513 -0.140208 -0.000557136
-2.81026 -0.165583 0.00397819
-2.70141 -0.184281 0.00910474
-2.58841 -0.195749 0.0149774
-2.47328 -0.201291 0.0213131
-2.35905 -0.203431 0.0279875
-2.24994 -0.20483 0.035337
-2.14993 -0.206772 0.0437035
-2.05995 -0.208557 0.0532502
-1.97804 -0.208132 0.0632321
-1.90134 -0.203567 0.0721071
-1.82673 -0.194643 0.0793477
-1.7516 -0.18291 0.0853786
-1.67588 -0.170581 0.0902524
-1.60245 -0.159952 0.093287
-1.53438 -0.152782 0.0939275
-1.47287 -0.149446 0.0925707
-1.41813 -0.148736 0.0895734
-1.3697 -0.148379 0.0852294
-1.32597 -0.146096 0.0806605
-1.28652 -0.140708 0.0768757
-1.25294 -0.132407 0.074381
-1.22591 -0.122378 0.0733131
-1.20524 -0.112391 0.0734461
-1.19187 -0.104118 0.0743617
-1.18597 -0.0983542 0.0756523
-1.18515 -0.0947158 0.0773826
-1.18751 -0.0919261 0.0798237
-1.19338 -0.088407 0.0829929
-1.20263 -0.0828788 0.0869062
-1.21431 -0.0749213 0.0913898
-1.22854 -0.0652037 0.0958902
-1.2457 -0.0552123 0.0996898
-1.26593 -0.046588 0.10187
-1.29025 -0.0404783 0.101585
-1.31857 -0.0372083 0.0983288
-1.34744 -0.0362174 0.0923104
-1.37267 -0.0363501 0.0845462
-1.39258 -0.0363869 0.0762362
-1.40787 -0.0354836 0.0679008
-1.42163 -0.0334062 0.0596102
-1.4399 -0.0307087 0.0515704
-1.46868 -0.028518 0.0442104
-1.51078 -0.0277702 0.0375641
-1.56698 -0.0286332 0.0316863
-1.63761 -0.0304107 0.0268572
-1.7208 -0.0318361 0.0231706
-1.81244 -0.0317016 0.0206313
-1.90869 -0.0295034 0.0192745
-2.00627 -0.0257722 0.0189818
-2.10119 -0.0219562 0.0189372
-2.18934 -0.0199508 0.0181814
-2.26779 -0.0212656 0.0162207
-2.33466 -0.0262341 0.0129906
-2.38875 -0.0338282 0.00876337
-2.43048 -0.0419612 0.00405956
-2.46282 -0.0484234 -0.00063553
-2.48975 -0.052038 -0.00495746
-2.51497 -0.0530654 -0.00860062
-2.54199 -0.0527339 -0.0113472
-2.57346 -0.0524445 -0.0133218
-2.60975 -0.0531175 -0.0147367
-2.64916 -0.0547609 -0.0155286
-2.68978 -0.0564615 -0.0155573
-2.72996 -0.0569361 -0.014865
-2.76781 -0.055325 -0.0134965
-2.80214 -0.0516509 -0.0114845
-2.83258 -0.0467429 -0.00919759
-2.85742 -0.0418602 -0.00728788
-2.87337 -0.0381174 -0.00613456
-2.87781 -0.0359657 -0.0057713
-2.86955 -0.0350751 -0.00621376
-2.84846 -0.0346374 -0.0073745
-2.81756 -0.0338747 -0.00894743
-2.78346 -0.0324469 -0.0106347
-2.75245 -0.0304707 -0.0122878
-2.72832 -0.0282833 -0.0137467
-2.71343 -0.0261915 -0.0148357
-2.70769 -0.024218 -0.0155144
-2.70733 -0.0220746 -0.0157649
-2.70761 -0.0194462 -0.0155501
-2.70513 -0.0162454 -0.0149453
-2.69687 -0.0127015 -0.014152
-2.68084 -0.00927688 -0.0133242
-2.65775 -0.00637231 -0.0125815
-2.6285 -0.00405047 -0.0120836
-2.59157 -0.00201387 -0.011873
-2.54529 0.000187997 -0.0117628
-2.49018 0.00284224 -0.0114901
-2.42801 0.0058634 -0.0108551
-2.36205 0.00886646 -0.00971778
-2.29751 0.0114043 -0.0080943
-2.23795 0.0132287 -0.00614417
-2.183 0.0144833 -0.00393103
-2.13139 0.0156312 -0.00130272
-2.0829 0.0170981 0.00190821
-2.03673 0.0189796 0.00583503
-1.99188 0.0209801 0.0105965
-1.94903 0.0224483 0.0161607
-1.9088 0.0226199 0.0217693
-1.87021 0.0210224 0.0264529
-1.83288 0.0176046 0.0298221
-1.79711 0.0126183 0.0319518
-1.76167 0.00655597 0.0334493
-1.72504 -7.56304e-05 0.0349825
-1.68829 -0.00699168 0.0368894
-1.65432 -0.0141224 0.0390334
-1.62634 -0.0216453 0.0410621
-1.60787 -0.0298531 0.0426748
-1.60196 -0.0388095 0.0437436
-1.60813 -0.0482506 0.044403
-1.6224 -0.0577246 0.0449375
-1.64115 -0.066749 0.0458277
-1.66263 -0.0750307 0.0475025
-1.68541 -0.0825938 0.0497679
-1.70833 -0.0896716 0.0518077
-1.73143 -0.0966439 0.0529092
-1.75416 -0.103962 0.0527886
-1.77463 -0.111874 0.0515539
-1.7923 -0.120224 0.0495823
-1.80833 -0.128486 0.0474478
-1.82335 -0.135932 0.0455659
-1.8379 -0.141892 0.0440157
-1.85376 -0.145959 0.0427624
-1.87298 -0.148086 0.0415282
-1.89725 -0.148608 0.03997
-1.92869 -0.148108 0.0380908
-1.96829 -0.14709 0.0362545
-2.01439 -0.145645 0.0347671
-2.06463 -0.143404 0.0336707
-2.11767 -0.139774 0.0328131
-2.17183 -0.134284 0.0318575
-2.22416 -0.126888 0.0302756
-2.27183 -0.118139 0.027493
-2.31281 -0.10907 0.0235763
-2.34548 -0.100737 0.0190948
-2.36998 -0.0935868 0.0143606
-2.3895 -0.0871579 0.00951424
-2.40809 -0.0803876 0.00477318
-2.42836 -0.072167 0.000418472
-2.45174 -0.0618591 -0.00346325
-2.47841 -0.0495597 -0.00699473
-2.50616 -0.0361095 -0.0102217
-2.53151 -0.0229096 -0.0129512
-2.55211 -0.0112532 -0.0150251
-2.56733 -0.0016093 -0.0165976
-2.57744 0.00640193 -0.0178494
-2.58423 0.0136412 -0.018677
-2.59048 0.0210204 -0.0189048
-2.59794 0.0290272 -0.0187044
-2.6072 0.0374966 -0.018444
-2.6183 0.0455904 -0.0181834
-2.62944 0.0520561 -0.0178274
-2.63715 0.0559832 -0.0175493
-2.63928 0.0572467 -0.0175787
-2.63673 0.0563329 -0.0178371
-2.63184 0.054203 -0.0181503
-2.62676 0.0520083 -0.0186787
-2.62307 0.0504487 -0.0196013
-2.62078 0.0494088 -0.0205942
-2.61862 0.0482111 -0.0212266
-2.61649 0.0461277 -0.0214732
-2.6158 0.0427873 -0.0215259
-2.61701 0.0383494 -0.0213645
-2.61908 0.0335222 -0.0208354
-2.62087 0.0293401 -0.0200281
-2.62061 0.0266689 -0.0191638
-2.61529 0.0257478 -0.0182996
-2.602 0.025986 -0.0173799
-2.57886 0.0262332 -0.0164119
-2.54481 0.0254153 -0.0154389
-2.50077 0.0229974 -0.0144491
-2.45058 0.019177 -0.0133369
-2.39877 0.0148664 -0.0119885
-2.34773 0.0112456 -0.0103988
-2.29853 0.00910314 -0.00855469
-2.25222 0.00840421 -0.00623116
-2.20908 0.00827646 -0.00318833
-2.1686 0.00743802 0.00046823
-2.13118 0.00476039 0.00447981
-2.09779 -0.000344296 0.00877607
-2.06858 -0.00768284 0.0132399
-2.04309 -0.0163066 0.0173442
-2.02047 -0.0250874 0.0205765
-1.99859 -0.0334719 0.0230378
-1.97478 -0.0417439 0.025231
-1.94829 -0.0507321 0.0274027
-1.92045 -0.0612951 0.0294437
-1.89277 -0.0739213 0.0311735
-1.86656 -0.0884928 0.0325354
-1.84345 -0.104176 0.0336908
-1.82447 -0.119655 0.0349418
-1.80954 -0.133655 0.0365543
-1.79854 -0.145406 0.0386607
-1.79177 -0.154845 0.0414141
-1.78932 -0.162513 0.0449591
-1.79161 -0.169156 0.0491747
-1.80019 -0.175286 0.0536043
-1.81634 -0.180933 0.0576904
-1.83918 -0.185601 0.0610425
-1.86638 -0.188499 0.0634993
-1.89542 -0.188963 0.0650875
-1.92367 -0.186728 0.0658349
-1.94875 -0.181992 0.0653601
-1.96936 -0.175424 0.0630416
-1.98496 -0.167966 0.058787
-1.99513 -0.160366 0.0530499
-2.00027 -0.152788 0.0462063
-2.00135 -0.144762 0.0386546
-1.99852 -0.135439 0.031154
-1.99179 -0.124043 0.0243755
-1.98338 -0.11023 0.0185998
-1.97751 -0.0941707 0.0138632
-1.97842 -0.0764549 0.0100789
-1.98941 -0.057899 0.00710608
-2.01181 -0.0392827 0.00491983
-2.04337 -0.0211036 0.00366216
-2.07955 -0.00350549 0.00331829
-2.11642 0.0134668 0.00359233
-2.15091 0.0294778 0.00418058
-2.18039 0.0438044 0.00479578
-2.20394 0.0555852 0.0049011
-2.22242 0.0641546 0.00392258
-2.23641 0.0693618 0.00149688
-2.24556 0.0716405 -0.00217264
-2.24943 0.071683 -0.00650516
-2.24806 0.0700999 -0.0109687
-2.24267 0.0671422 -0.0148627
-2.23694 0.062628 -0.0178347
-2.23616 0.0562969 -0.0198133
-2.24469 0.0482071 -0.0207609
-2.26449 0.0389331 -0.020685
-2.29495 0.0295089 -0.0196086
-2.33346 0.0210306 -0.0175329
-2.37636 0.0141276 -0.0144379
-2.42008 0.00864501 -0.0104699
-2.4615 0.00374564 -0.00597718
-2.49746 -0.001649 -0.0015459
-2.52473 -0.00830475 0.00216782
-2.54105 -0.0162248 0.00469298
-2.54544 -0.0245695 0.0058082
-2.53772 -0.0320847 0.00562681
-2.51886 -0.0377623 0.00453286
-2.49117 -0.0413251 0.00289538
-2.45723 -0.0432597 0.000993783
-2.41957 -0.0444187 -0.00098227
-2.38147 -0.0455491 -0.00282483
-2.34642 -0.0468628 -0.00430197
-2.31611 -0.0478376 -0.00523
-2.28991 -0.0475319 -0.00549233
-2.26584 -0.0451814 -0.00494568
-2.24173 -0.0406825 -0.0034499
-2.21676 -0.0347311 -0.000963536
-2.19257 -0.0285597 0.00236119
-2.17214 -0.0234776 0.00621867
-2.15679 -0.0204049 0.0102226
-2.14475 -0.0194971 0.0140044
-2.13213 -0.0202049 0.0172894
-2.11452 -0.0217845 0.0196242
-2.08861 -0.0238393 0.0208355
-2.05363 -0.0266397 0.0212534
-2.01154 -0.0309717 0.0212502
-1.96604 -0.0376158 0.0211165
-1.92157 -0.0468685 0.0208527
-1.88234 -0.0583446 0.0205926
-1.85116 -0.0710608 0.020693
-1.82911 -0.0836542 0.0215135
-1.81678 -0.0948433 0.0232674
-1.81478 -0.103965 0.026054
-1.82328 -0.111065 0.0299651
-1.84227 -0.116672 0.0349472
-1.87185 -0.121498 0.0406373
-1.91093 -0.126049 0.0463368
-1.95589 -0.130404 0.0512947
-2.00143 -0.134223 0.0548773
-2.04225 -0.136942 0.0565177
-2.0742 -0.138128 0.0561804
-2.09547 -0.137717 0.0540991
-2.10731 -0.135852 0.0503406
-2.11294 -0.13265 0.0448846
-2.11515 -0.128205 0.0379619
-2.11578 -0.122531 0.030447
-2.11657 -0.115407 0.0230312
-2.1189 -0.106346 0.0161696
-2.12364 -0.0948098 0.0101852
-2.13212 -0.0805933 0.00516967
-2.146 -0.0639446 0.00117628
-2.16608 -0.0453752 -0.00177451
-2.19211 -0.0256067 -0.00375337
-2.2228 -0.00549368 -0.00497315
-2.25505 0.0141321 -0.00566855
-2.28441 0.0324942 -0.00603169
-2.30718 0.0489335 -0.00623977
-2.32176 0.0629521 -0.00651008
-2.32815 0.0742654 -0.00712637
-2.32778 0.0828213 -0.00839023
-2.32298 0.088673 -0.0104216
-2.3155 0.091895 -0.01308
-2.30629 0.0925559 -0.016013
-2.29654 0.0906549 -0.0187512
-2.28787 0.0861138 -0.0209343
-2.28189 0.0788618 -0.0222725
-2.28066 0.0689775 -0.0226145
-2.28655 0.0568494 -0.0219361
-2.3011 0.0432158 -0.020282
-2.32416 0.0289873 -0.0177734
-2.35391 0.0149657 -0.0144808
-2.38686 0.00157946 -0.0104432
-2.41856 -0.0112543 -0.00580641
-2.4457 -0.0240047 -0.000889694
-2.46723 -0.0371897 0.00392553
-2.48282 -0.0509617 0.00821568
-2.49166 -0.0648642 0.0115847
-2.49296 -0.0779676 0.0137754
-2.48603 -0.0892506 0.0148089
-2.46963 -0.0980047 0.0149297
-2.44268 -0.104101 0.014417
-2.40541 -0.107951 0.0135227
-2.35918 -0.110213 0.0124707
-2.30634 -0.111438 0.0114937
-2.2507 -0.111737 0.0107743
-2.19664 -0.110683 0.0104121
-2.14689 -0.107561 0.0105219
-2.10228 -0.101791 0.0113183
-2.06298 -0.0932462 0.0130495
-2.02908 -0.0823801 0.0158442
-1.9999 -0.0701692 0.0196145
-1.97401 -0.057865 0.0240264
