-2.71875e-06 2.15485e-07 -0.0613356
-0.000194795 3.2765e-07 -0.0613345
-0.000923356 9.54094e-07 -0.0613281
-0.00226288 1.20033e-06 -0.0613127
-0.00411915 -4.6166e-06 -0.0612872
-0.00668782 -2.40024e-05 -0.0612476
-0.0105314 -5.77486e-05 -0.0611836
-0.0161857 -0.000105648 -0.0610821
-0.0236544 -0.000179 -0.060933
-0.0321137 -0.000292225 -0.0607475
-0.0399491 -0.000449802 -0.0605598
-0.0456431 -0.000649267 -0.060386
-0.0489358 -0.000880019 -0.0602091
-0.0503601 -0.00111141 -0.0600283
-0.050165 -0.00129927 -0.0599063
-0.0486981 -0.00141492 -0.0599292
-0.0465917 -0.0014542 -0.0601018
-0.0439912 -0.0014291 -0.0603263
-0.0410548 -0.0013748 -0.0604677
-0.0389212 -0.00132396 -0.0604529
-0.0384453 -0.0012542 -0.0603615
-0.0384165 -0.00112322 -0.0603458
-0.0367513 -0.000947273 -0.0604379
-0.0326938 -0.000767925 -0.0605391
-0.0262627 -0.000572951 -0.0606002
-0.0178981 -0.000326497 -0.0606971
-0.00918409 -3.17017e-05 -0.0609299
-0.00127696 0.000293762 -0.0613351
0.00649072 0.000624269 -0.0618509
0.0155956 0.00087426 -0.062266
0.0266957 0.000961596 -0.0623893
0.0389912 0.000933081 -0.0623081
0.0508817 0.000919907 -0.0622872
0.0608486 0.000999281 -0.0624589
0.0671227 0.00116526 -0.0627556
0.0681651 0.00138855 -0.0630508
0.0647264 0.0016303 -0.0632458
0.0590405 0.0018011 -0.0632806
0.0529313 0.0018114 -0.0631477
0.0473117 0.00167821 -0.0629223
0.0407202 0.0014708 -0.0626141
0.0310481 0.00120976 -0.0621463
0.0201475 0.000925493 -0.0616285
0.0115353 0.000680693 -0.0613783
0.00506426 0.000486655 -0.0614894
-0.00130592 0.000308117 -0.0616827
-0.00881479 8.5144e-05 -0.0616332
-0.0197277 -0.000250687 -0.0612242
-0.0350305 -0.000666787 -0.0606798
-0.0500572 -0.00105879 -0.0603591
-0.0605795 -0.00144269 -0.0602187
-0.0685816 -0.00189256 -0.0598387
-0.0765963 -0.00231101 -0.0591066
-0.0851112 -0.00252307 -0.0584649
-0.0950662 -0.00249624 -0.0584353
-0.105131 -0.00229147 -0.0590207
-0.110331 -0.00203378 -0.0597233
-0.107748 -0.00197211 -0.0598585
-0.0987157 -0.00220928 -0.0592449
-0.0844737 -0.00247426 -0.0586075
-0.0668318 -0.00244655 -0.0587644
-0.0505329 -0.00209894 -0.0596409
-0.0391112 -0.00157343 -0.0604683
-0.0327938 -0.000981102 -0.0608564
-0.0297966 -0.000407497 -0.0610239
-0.0278726 7.69662e-05 -0.0612839
-0.0263285 0.000432004 -0.0617182
-0.0249853 0.000603368 -0.0619244
-0.0236119 0.000529914 -0.0614342
-0.0230669 0.000278946 -0.0604661
-0.0243176 0.00010242 -0.0598946
-0.0276596 0.000214006 -0.0603241
-0.0341361 0.000473245 -0.0612394
-0.045452 0.000534222 -0.0616386
-0.0607769 0.000247461 -0.0613033
-0.0759412 -0.000318195 -0.060673
-0.0875335 -0.0010847 -0.0600151
-0.0939887 -0.00198878 -0.059423
-0.0941372 -0.00290504 -0.058859
-0.0890208 -0.00375942 -0.058771
-0.0827671 -0.0042929 -0.0582226
-0.0783664 -0.00430125 -0.0578999
-0.0741639 -0.00383746 -0.0589528
-0.0705852 -0.00306265 -0.0604789
-0.0729291 -0.00243445 -0.0614841
-0.0834177 -0.00213721 -0.0612911
-0.0985902 -0.00202354 -0.0602016
-0.117471 -0.00200552 -0.0589648
-0.141561 -0.00197873 -0.0582555
-0.164951 -0.0019397 -0.0582568
-0.179843 -0.00197541 -0.0584099
-0.18469 -0.0022625 -0.0576914
-0.181727 -0.00276463 -0.056768
-0.172739 -0.00300043 -0.0569357
-0.158579 -0.00300671 -0.0582681
-0.140209 -0.00316593 -0.0597743
-0.116809 -0.00362023 -0.0603283
-0.0869237 -0.00430702 -0.0598885
-0.0514843 -0.00490404 -0.0592928
-0.0143726 -0.00521138 -0.0592316
0.0198807 -0.00492601 -0.0601654
0.0514498 -0.00388324 -0.0613102
0.0840054 -0.0023389 -0.0623242
0.118495 -0.000510169 -0.0630245
0.152112 0.00153903 -0.0644481
0.17826 0.00390605 -0.0662905
0.190986 0.00626553 -0.0674226
0.19099 0.00813194 -0.0677606
0.180923 0.00954802 -0.0675082
0.16124 0.0106281 -0.0671147
0.135404 0.0113332 -0.0668256
0.110646 0.0114294 -0.0661357
0.0901135 0.0107215 -0.0650234
0.0699683 0.00948069 -0.0640657
0.0475694 0.00797333 -0.0634968
0.0270522 0.00618413 -0.0634419
0.0110326 0.00399031 -0.0633767
-0.00799387 0.00129535 -0.062836
-0.0415819 -0.00153225 -0.0615074
-0.0930652 -0.00421139 -0.0598432
-0.156364 -0.00683981 -0.0582775
-0.222405 -0.00930255 -0.0568104
-0.279867 -0.0114795 -0.0557769
-0.319886 -0.0135197 -0.0548548
-0.341936 -0.0154026 -0.0562621
-0.353174 -0.0167579 -0.0594375
-0.365792 -0.0172964 -0.058749
-0.381961 -0.0168708 -0.0584046
-0.397182 -0.0159328 -0.0583547
-0.410414 -0.0146194 -0.0555829
-0.413215 -0.012942 -0.0557877
-0.403272 -0.0113195 -0.0567359
-0.386752 -0.00962454 -0.0564982
-0.366565 -0.00839026 -0.0581499
-0.347566 -0.00709789 -0.0596753
-0.32776 -0.00537586 -0.0602689
-0.304472 -0.00357298 -0.0629331
-0.278186 -0.00171251 -0.0631427
-0.236178 -0.000353846 -0.063016
-0.178278 0.000766651 -0.0641025
-0.11813 0.00167534 -0.0615958
-0.0533779 0.00199515 -0.0610703
0.0194349 0.00231677 -0.0629345
0.0965989 0.00295891 -0.0645451
0.171576 0.00347459 -0.0657914
0.239993 0.00413709 -0.0667071
0.298616 0.0050018 -0.0674938
0.339548 0.00607511 -0.0674923
0.361536 0.00733714 -0.0682252
0.369246 0.00879201 -0.069217
0.362908 0.0105767 -0.0693945
0.342418 0.0122096 -0.0694425
0.309771 0.013583 -0.0690986
0.266013 0.0147252 -0.0688072
0.211618 0.0152349 -0.0688183
0.149284 0.0149929 -0.0686227
0.0850906 0.0138938 -0.067526
0.0223165 0.0119931 -0.0658078
-0.037955 0.00959492 -0.0637793
-0.0928052 0.00673244 -0.0633907
-0.142716 0.00355466 -0.0634808
-0.190645 -7.15193e-05 -0.0628273
-0.236852 -0.0042301 -0.0618748
-0.279409 -0.00854713 -0.0594136
-0.314025 -0.0127569 -0.0568588
-0.335709 -0.0165798 -0.0558173
-0.33728 -0.0196066 -0.0558904
-0.309539 -0.0217908 -0.0578196
-0.247618 -0.0232646 -0.0601668
-0.145678 -0.0241215 -0.0603082
0.0050996 -0.0239903 -0.0583828
0.207771 -0.0220744 -0.0560526
0.462936 -0.0183441 -0.0531467
0.770734 -0.0128296 -0.0496289
1.13038 -0.00514098 -0.0444327
1.54293 0.00399507 -0.0383607
2.00577 0.0136533 -0.0271473
2.51547 0.0241258 -0.00798532
3.07158 0.035157 0.0171127
3.67654 0.0467642 0.0464478
4.33435 0.0590527 0.0782536
5.04613 0.071628 0.11276
5.80883 0.084026 0.150028
6.61712 0.0947234 0.189562
7.46882 0.102993 0.230485
8.35874 0.108677 0.273058
9.26674 0.111475 0.314616
10.1599 0.111325 0.354177
11.0035 0.108689 0.393172
11.7669 0.10395 0.432128
12.4262 0.097096 0.470396
12.9654 0.0884091 0.507365
13.3719 0.0776856 0.542884
13.6329 0.063967 0.577636
13.7351 0.046502 0.613089
13.6689 0.0250962 0.650874
13.4332 0.000277151 0.692188
13.0497 -0.0276023 0.734946
12.583 -0.0590043 0.768278
12.1061 -0.0932463 0.774115
11.6442 -0.128904 0.743394
11.1987 -0.164587 0.686373
10.7613 -0.198249 0.610664
10.3196 -0.226711 0.524294
9.8988 -0.248319 0.471341
9.5142 -0.266069 0.488723
9.13636 -0.28116 0.50655
8.72719 -0.290699 0.51124
8.22542 -0.301705 0.512017
7.59614 -0.316362 0.487084
6.86962 -0.327116 0.440212
6.05063 -0.332768 0.369953
5.13504 -0.329946 0.29034
4.13796 -0.320186 0.307576
3.04148 -0.308244 0.401905
1.86218 -0.291214 0.52919
0.626236 -0.27651 0.634849
-0.693181 -0.267274 0.698987
-2.08918 -0.25425 0.783128
-3.52288 -0.239043 0.848822
-4.95227 -0.22699 0.842604
-6.35773 -0.219667 0.84885
-7.76308 -0.210438 0.860322
-9.16012 -0.197536 0.864113
-10.5025 -0.185441 0.932702
-11.8074 -0.173671 1.01226
-13.103 -0.167157 0.984999
-14.2849 -0.172271 0.960749
-15.2847 -0.184201 0.989616
-16.2353 -0.190332 1.02709
-17.1743 -0.195093 0.899444
-18.038 -0.217026 0.691401
-18.8802 -0.245299 0.690538
-19.6605 -0.262212 0.788774
-20.2881 -0.273425 0.77555
-20.8546 -0.282296 0.705397
-21.3758 -0.284676 0.722605
-21.7919 -0.284952 0.712627
-22.1955 -0.287164 0.693132
-22.5814 -0.293552 0.700821
-22.9004 -0.304322 0.676819
-23.1813 -0.320627 0.65423
-23.3852 -0.3499 0.633736
-23.5098 -0.380227 0.603368
-23.6067 -0.404616 0.613444
-23.6589 -0.433695 0.638632
-23.6596 -0.476259 0.655944
-23.6412 -0.521163 0.680357
-23.5695 -0.557212 0.717074
-23.403 -0.591825 0.713655
-23.1704 -0.6203 0.676735
-22.8901 -0.636241 0.651543
-22.5355 -0.643473 0.624756
-22.1107 -0.646602 0.566037
-21.6043 -0.650943 0.525772
-20.984 -0.660496 0.456321
-20.2977 -0.671114 0.390889
-19.613 -0.680888 0.371151
-18.915 -0.693437 0.325659
-18.1596 -0.710306 0.270205
-17.3385 -0.725837 0.235753
-16.4488 -0.733232 0.176541
-15.5036 -0.735946 0.11761
-14.5368 -0.72815 0.0893859
-13.5644 -0.699604 0.0538983
-12.58 -0.657407 -0.00660803
-11.5984 -0.611826 -0.0779295
-10.6471 -0.566903 -0.136574
-9.70877 -0.518761 -0.159033
-8.76005 -0.46777 -0.14618
-7.83111 -0.426154 -0.110905
-6.96332 -0.393736 -0.0715691
-6.15346 -0.361057 -0.0239574
-5.40355 -0.316582 0.018563
-4.73623 -0.253665 0.0149059
-4.12417 -0.182733 -0.0432404
-3.53879 -0.110736 -0.127807
-2.98956 -0.0375471 -0.208093
-2.44652 0.0285485 -0.26072
-1.87044 0.0778902 -0.275822
-1.28048 0.110096 -0.26603
-0.71384 0.137324 -0.227229
-0.17936 0.169089 -0.179413
0.330398 0.206615 -0.163618
0.823299 0.248615 -0.194428
1.30953 0.288229 -0.22633
1.79605 0.320417 -0.231534
2.28957 0.337439 -0.21387
2.78991 0.333328 -0.181452
3.28612 0.312926 -0.134981
3.76046 0.283859 -0.0731593
4.18224 0.254841 -0.0210302
4.53588 0.227957 0.00336837
4.82753 0.202014 0.00386004
5.05816 0.175218 0.00202091
5.22615 0.14052 0.0116618
5.34932 0.0925006 0.0402075
5.44648 0.0320287 0.0874584
5.50659 -0.0350721 0.142793
5.50954 -0.103181 0.185813
5.45904 -0.166541 0.202389
5.36617 -0.222435 0.189216
5.22407 -0.272815 0.152991
5.0415 -0.322687 0.109722
4.85708 -0.376654 0.0757575
4.68205 -0.435279 0.0572979
4.49412 -0.495136 0.0531685
4.29158 -0.552212 0.0582586
4.07902 -0.603437 0.0582199
3.83671 -0.64563 0.0422462
3.55513 -0.679915 0.0150821
3.24684 -0.709706 -0.0124379
2.91065 -0.738226 -0.0355961
2.53524 -0.76844 -0.0535835
2.12754 -0.801729 -0.064029
1.69808 -0.836185 -0.0657625
1.23238 -0.866415 -0.060406
0.711639 -0.889916 -0.0555451
0.141665 -0.90806 -0.0570946
-0.449686 -0.916905 -0.0584467
-1.03816 -0.914314 -0.066734
-1.61295 -0.911699 -0.0825757
-2.16552 -0.917628 -0.105526
-2.69943 -0.927694 -0.126316
-3.2298 -0.934253 -0.134078
-3.75945 -0.93232 -0.135368
-4.28407 -0.920314 -0.14063
-4.81618 -0.898522 -0.150165
-5.35349 -0.868875 -0.143696
-5.8759 -0.838095 -0.126229
-6.37959 -0.811276 -0.105707
-6.85922 -0.787014 -0.0792507
-7.29697 -0.766763 -0.043044
-7.66624 -0.750308 -0.00900033
-7.95157 -0.730718 0.0136678
-8.16355 -0.703902 0.039272
-8.31427 -0.670995 0.0645824
-8.41712 -0.633583 0.072865
-8.49543 -0.590843 0.0635095
-8.57123 -0.541708 0.0447336
-8.66295 -0.490004 0.0150358
-8.78197 -0.440163 -0.0133681
-8.91794 -0.391211 -0.0274376
-9.04297 -0.341064 -0.0290889
-9.14723 -0.292584 -0.0215761
-9.24126 -0.250705 -0.0110061
-9.32723 -0.214356 3.44346e-05
-9.41123 -0.179167 0.011885
-9.52288 -0.146244 0.024073
-9.68451 -0.118185 0.0291694
-9.8885 -0.0926184 0.0309062
-10.1246 -0.0633286 0.0359494
-10.3971 -0.0266641 0.0448181
-10.7017 0.0142972 0.0520849
-11.0201 0.0569361 0.0573485
-11.3406 0.0999672 0.063861
-11.6587 0.138879 0.0685198
-11.9727 0.167536 0.0710952
-12.2785 0.18446 0.0760283
-12.564 0.192721 0.0861308
-12.8134 0.19522 0.105387
-13.0172 0.192773 0.135591
-13.1782 0.184218 0.164732
-13.3053 0.16883 0.186583
-13.4062 0.148078 0.203389
-13.4908 0.125467 0.216599
-13.565 0.103002 0.226355
-13.6221 0.0819106 0.231491
-13.6505 0.0644232 0.231378
-13.6436 0.0506926 0.225407
-13.5979 0.038489 0.212559
-13.5107 0.0237174 0.195962
-13.3883 0.00136665 0.179188
-13.2387 -0.0301748 0.165754
-13.0548 -0.0685626 0.158954
-12.8281 -0.112329 0.160969
-12.563 -0.162095 0.166497
-12.2549 -0.216302 0.170841
-11.8904 -0.271565 0.17285
-11.4757 -0.326288 0.167877
-11.0303 -0.379531 0.153037
-10.5534 -0.428892 0.132205
-10.0344 -0.47234 0.106439
-9.47967 -0.509478 0.0722149
-8.89536 -0.540023 0.029997
-8.27319 -0.564654 -0.0171641
-7.61727 -0.586011 -0.0635463
-6.95304 -0.605541 -0.10808
-6.30111 -0.622791 -0.151374
-5.67931 -0.638471 -0.179835
-5.11381 -0.652838 -0.172898
-4.62145 -0.668596 -0.136748
-4.21601 -0.682117 -0.0921421
-3.91236 -0.684133 -0.0463666
-3.66884 -0.670922 -0.0161478
-3.44037 -0.644682 -0.00947131
-3.22573 -0.613289 -0.0307449
-3.00942 -0.580454 -0.0733274
-2.77208 -0.545258 -0.119012
-2.49256 -0.50828 -0.165869
-2.14 -0.4705 -0.206475
-1.72639 -0.431006 -0.220165
-1.29711 -0.38741 -0.201274
-0.851884 -0.340076 -0.179751
-0.373676 -0.295544 -0.16778
0.135307 -0.257682 -0.162549
0.675599 -0.22669 -0.152452
1.26082 -0.204076 -0.129645
1.9025 -0.194673 -0.106166
2.59336 -0.199855 -0.0835894
3.32 -0.211974 -0.0448627
4.06462 -0.225328 0.0111789
4.80639 -0.238076 0.0643992
5.53663 -0.247675 0.10127
6.24802 -0.254329 0.126505
6.91986 -0.259594 0.157633
7.53122 -0.267215 0.202086
8.07355 -0.283065 0.263187
8.55595 -0.306574 0.341566
8.99095 -0.33687 0.422852
9.35724 -0.373459 0.485424
9.62623 -0.411309 0.520867
9.80163 -0.446164 0.533767
9.88421 -0.476883 0.524569
9.86233 -0.505298 0.498955
9.75071 -0.533422 0.47135
9.58299 -0.562527 0.449294
9.36765 -0.5914 0.433123
9.11028 -0.617699 0.419701
8.82802 -0.639293 0.405081
8.52055 -0.651928 0.382307
8.17646 -0.655113 0.345549
7.80341 -0.651497 0.294968
7.41996 -0.644549 0.243333
7.0256 -0.63826 0.210161
6.60949 -0.636481 0.194808
6.1709 -0.640081 0.187031
5.70278 -0.647219 0.180418
5.18432 -0.655385 0.168862
4.60392 -0.661082 0.148867
3.96242 -0.662941 0.120462
3.26678 -0.660186 0.0949521
2.53416 -0.652722 0.0827076
1.79837 -0.641456 0.0706195
1.07061 -0.631696 0.072003
0.327897 -0.628094 0.081101
-0.429872 -0.627356 0.0919294
-1.18544 -0.623421 0.108493
-1.94302 -0.610522 0.106566
-2.71 -0.588219 0.0847577
-3.48024 -0.561954 0.0568014
-4.23873 -0.535289 0.0490591
-4.9634 -0.511392 0.0785446
-5.63574 -0.491146 0.123108
-6.24471 -0.471658 0.17517
-6.78779 -0.458031 0.230118
-7.2739 -0.452226 0.278101
-7.71514 -0.445737 0.330068
-8.10832 -0.435746 0.386851
-8.44483 -0.427778 0.433779
-8.74112 -0.423874 0.463407
-9.02385 -0.420422 0.483037
-9.29009 -0.412912 0.490275
-9.52286 -0.397194 0.484372
-9.72567 -0.374215 0.465812
-9.90153 -0.344661 0.440656
-10.0458 -0.307761 0.414759
-10.1755 -0.271519 0.388743
-10.3121 -0.243964 0.366953
-10.4484 -0.227678 0.353344
-10.5771 -0.224219 0.348213
-10.7037 -0.229291 0.355739
-10.8146 -0.240502 0.371161
-10.889 -0.25943 0.389953
-10.93 -0.283287 0.409874
-10.9571 -0.311076 0.425803
-10.9813 -0.343403 0.444762
-10.9955 -0.377042 0.459922
-10.9876 -0.410262 0.467427
-10.9492 -0.438767 0.469644
-10.8823 -0.456557 0.4712
-10.799 -0.467994 0.467008
-10.6944 -0.480551 0.445871
-10.5417 -0.496064 0.406363
-10.3383 -0.515833 0.355296
-10.1044 -0.538787 0.307722
-9.83338 -0.564927 0.269558
-9.50509 -0.596847 0.238591
-9.12236 -0.630825 0.209522
-8.69264 -0.663193 0.182828
-8.21485 -0.694614 0.160885
-7.69626 -0.72683 0.139538
-7.15456 -0.756238 0.13003
-6.60094 -0.776046 0.12447
-6.03845 -0.78908 0.110887
-5.47752 -0.798341 0.0856653
-4.91609 -0.801987 0.043463
-4.32984 -0.800316 -0.00384088
-3.70987 -0.791175 -0.0435614
-3.0737 -0.776625 -0.0650659
-2.43444 -0.763901 -0.0724693
-1.79996 -0.749434 -0.0714854
-1.19396 -0.725942 -0.0652149
-0.621812 -0.694499 -0.0534556
-0.0656995 -0.65677 -0.0507807
0.477112 -0.61231 -0.0534704
1.00058 -0.55927 -0.0426178
1.51165 -0.498242 -0.0202302
2.01762 -0.434354 -0.000279406
2.50607 -0.366513 0.0173051
2.96098 -0.288753 0.0431007
3.37398 -0.20031 0.0678185
3.73375 -0.106355 0.0777704
4.02946 -0.0100236 0.0798157
4.26778 0.0881858 0.0845183
4.46366 0.182419 0.0915155
4.62107 0.26756 0.0951721
4.73984 0.344599 0.0964398
4.82495 0.415655 0.098413
4.88169 0.481598 0.0950452
4.9109 0.541747 0.0797045
4.91425 0.594705 0.0592343
4.89727 0.639526 0.0429829
4.86857 0.673868 0.0295063
4.83329 0.695871 0.017019
4.7851 0.707133 0.0101247
4.71504 0.709394 0.00819336
4.618 0.702927 0.00428788
4.49203 0.687023 -0.00586009
4.34167 0.661534 -0.0186277
4.17388 0.62606 -0.0283898
3.98799 0.578249 -0.033418
3.77914 0.517002 -0.0334436
3.54855 0.444223 -0.0279677
3.29693 0.363362 -0.017974
3.02218 0.276851 -0.00976804
2.7285 0.186866 -0.00974744
2.42059 0.0963163 -0.0167518
2.09635 0.00604281 -0.0264587
1.75633 -0.0844082 -0.0366051
1.40925 -0.174324 -0.0463625
1.05903 -0.261348 -0.0543201
0.699074 -0.342878 -0.0598756
0.322189 -0.418112 -0.066119
-0.0801141 -0.488224 -0.0735325
-0.51593 -0.552485 -0.0764284
-0.986261 -0.610157 -0.0736143
-1.48813 -0.666114 -0.0682195
-2.00915 -0.722365 -0.0603659
-2.53756 -0.775929 -0.0464009
-3.06826 -0.823949 -0.0219163
-3.58954 -0.863093 0.0113713
-4.09646 -0.892103 0.0432802
-4.58879 -0.910728 0.0707348
-5.05927 -0.920275 0.0907506
-5.50751 -0.922055 0.100633
-5.94262 -0.918091 0.107809
-6.36615 -0.912975 0.119473
-6.76587 -0.905487 0.139651
-7.14011 -0.893569 0.163874
-7.49474 -0.877959 0.190661
-7.82425 -0.858324 0.219622
-8.12844 -0.836192 0.24637
-8.41032 -0.811572 0.270794
-8.66394 -0.784181 0.295018
-8.88152 -0.755504 0.316681
-9.0576 -0.724768 0.331692
-9.18922 -0.690462 0.339949
-9.27375 -0.651867 0.342883
-9.31275 -0.61004 0.339531
-9.31293 -0.566918 0.330146
-9.27659 -0.523387 0.31773
-9.20469 -0.480756 0.303067
-9.10549 -0.440557 0.287033
-8.98601 -0.403926 0.271032
-8.84144 -0.370386 0.254304
-8.66656 -0.338257 0.236059
-8.46461 -0.307088 0.216792
-8.23917 -0.27708 0.196796
-7.99451 -0.248508 0.176031
-7.73947 -0.221945 0.153817
-7.48069 -0.197616 0.12986
-7.216 -0.175496 0.103465
-6.9398 -0.155251 0.0746526
-6.6514 -0.135975 0.0452992
-6.35122 -0.117235 0.0179623
-6.03703 -0.0993484 -0.00581348
-5.71104 -0.0831299 -0.0272406
-5.3766 -0.0703602 -0.048254
-5.02994 -0.0621039 -0.0706634
-4.66874 -0.0566919 -0.0930482
-4.29811 -0.0523496 -0.111537
-3.92262 -0.0482139 -0.126072
-3.54402 -0.0425771 -0.13683
-3.16754 -0.0348489 -0.142357
-2.79901 -0.0265584 -0.144992
-2.44132 -0.0204157 -0.14593
-2.09999 -0.0185664 -0.144373
-1.78085 -0.0214753 -0.140097
-1.48358 -0.0288605 -0.13364
-1.20567 -0.0398673 -0.127642
-0.948808 -0.053051 -0.122952
-0.715752 -0.0664929 -0.119678
-0.503878 -0.0795759 -0.118501
-0.308755 -0.0930093 -0.119725
-0.129441 -0.107295 -0.122065
0.0354035 -0.123053 -0.12359
0.188634 -0.140756 -0.123471
0.329747 -0.160501 -0.121675
0.456004 -0.181827 -0.117661
0.568387 -0.203336 -0.111254
0.670643 -0.224261 -0.103944
0.764898 -0.244509 -0.0974281
0.85362 -0.2632 -0.0909113
0.941351 -0.27957 -0.083299
1.03007 -0.293772 -0.0759298
1.1178 -0.305804 -0.0701097
1.20147 -0.314881 -0.065235
1.27436 -0.32044 -0.0603124
1.32527 -0.322558 -0.0560515
1.34675 -0.321422 -0.0532268
1.33888 -0.317152 -0.0508961
1.30106 -0.31027 -0.0485239
1.22991 -0.301725 -0.0477252
1.1261 -0.291818 -0.0496729
0.993136 -0.280356 -0.0541214
0.832458 -0.26726 -0.0614672
0.64675 -0.252349 -0.0726138
0.440765 -0.235566 -0.0866114
0.216683 -0.216901 -0.101474
-0.0234371 -0.196616 -0.115973
-0.274731 -0.175665 -0.128849
-0.53416 -0.155039 -0.139536
-0.801442 -0.135257 -0.147906
-1.07534 -0.116942 -0.154457
-1.35314 -0.100738 -0.159691
-1.63156 -0.0863926 -0.162907
-1.90717 -0.0733856 -0.163847
-2.17537 -0.0615092 -0.162379
-2.42974 -0.0499607 -0.158163
-2.66709 -0.0378419 -0.15113
-2.88954 -0.025424 -0.142415
-3.09923 -0.0135191 -0.13415
-3.29945 -0.00276136 -0.127695
-3.49644 0.00617693 -0.122769
-3.69224 0.0128622 -0.118457
-3.88476 0.017345 -0.113522
-4.07381 0.0200699 -0.106775
-4.25822 0.0216472 -0.0976794
-4.43329 0.0222487 -0.087175
-4.5953 0.0215669 -0.0773701
-4.74365 0.019212 -0.0699502
-4.87849 0.0146099 -0.0647454
-4.99913 0.00730679 -0.0600463
-5.10353 -0.00220968 -0.0540565
-5.18855 -0.0131593 -0.0468011
-5.25235 -0.0253752 -0.0401392
-5.29653 -0.0386761 -0.0347859
-5.32492 -0.0530212 -0.0305523
-5.33986 -0.068835 -0.0275807
-5.34085 -0.0863425 -0.0261794
-5.32743 -0.105473 -0.0264224
-5.30007 -0.125794 -0.0279601
-5.25856 -0.146521 -0.0302029
-5.2027 -0.167132 -0.0324942
-5.13464 -0.187449 -0.0346549
-5.05754 -0.207531 -0.0369634
-4.97278 -0.227766 -0.0395931
-4.88127 -0.248354 -0.0431006
-4.78398 -0.269026 -0.0478412
-4.67939 -0.289301 -0.053366
-4.56453 -0.308402 -0.05952
-4.43829 -0.325421 -0.0664009
-4.30025 -0.33988 -0.0735135
-4.14984 -0.351761 -0.0800148
-3.98885 -0.361258 -0.0856685
-3.81925 -0.368602 -0.090722
-3.63913 -0.373883 -0.0954996
-3.44638 -0.377065 -0.100316
-3.24346 -0.377969 -0.105227
-3.03543 -0.376388 -0.109358
-2.82743 -0.372266 -0.111446
-2.62516 -0.36565 -0.110733
-2.43425 -0.35668 -0.108332
-2.25851 -0.345595 -0.106049
-2.10088 -0.332516 -0.104358
-1.96421 -0.317475 -0.104076
-1.84884 -0.300556 -0.106234
-1.75202 -0.281636 -0.110659
-1.67215 -0.260551 -0.116511
-1.60993 -0.237498 -0.123248
-1.56393 -0.21272 -0.130248
-1.53037 -0.186593 -0.13657
-1.5071 -0.159854 -0.142168
-1.49271 -0.133249 -0.147892
-1.4834 -0.107292 -0.153393
-1.47482 -0.0821292 -0.158123
-1.46399 -0.0576352 -0.161977
-1.44772 -0.0336011 -0.164672
-1.42342 -0.00974241 -0.166094
-1.3927 0.0140101 -0.166524
-1.36004 0.0373043 -0.166499
-1.32846 0.0594401 -0.166445
-1.30006 0.0795872 -0.166207
-1.27819 0.0971262 -0.165649
-1.26489 0.111705 -0.164629
-1.26058 0.123245 -0.162878
-1.26776 0.132063 -0.160642
-1.28951 0.138583 -0.158559
-1.32512 0.142896 -0.157749
-1.37251 0.144849 -0.158943
-1.43181 0.144218 -0.1618
-1.50154 0.140604 -0.165408
-1.57711 0.133646 -0.169077
-1.65619 0.12341 -0.172218
-1.73956 0.110436 -0.17407
-1.82693 0.0955107 -0.17386
-1.91761 0.0793635 -0.172168
-2.01277 0.0625464 -0.169731
-2.1124 0.0452015 -0.166618
-2.21458 0.0269679 -0.162641
-2.31942 0.00736632 -0.157615
-2.42807 -0.0139121 -0.151457
-2.53884 -0.0368003 -0.144042
-2.64987 -0.0607243 -0.135819
-2.76157 -0.0847858 -0.127889
-2.87348 -0.108098 -0.121393
-2.98397 -0.130175 -0.116911
-3.09374 -0.151031 -0.114477
-3.20334 -0.171043 -0.113566
-3.30948 -0.190759 -0.113187
-3.40911 -0.210516 -0.112078
-3.50252 -0.230202 -0.109272
-3.58867 -0.249237 -0.104604
-3.66406 -0.266763 -0.0986483
-3.72796 -0.281998 -0.0925303
-3.78186 -0.294483 -0.0875635
-3.82515 -0.304223 -0.0844655
-3.85742 -0.311588 -0.082944
-3.88091 -0.31709 -0.0821525
-3.8967 -0.321223 -0.0811193
-3.90364 -0.324264 -0.0789611
-3.90217 -0.326109 -0.0756241
-3.89433 -0.326333 -0.0720642
-3.88139 -0.324538 -0.0695735
-3.86501 -0.320506 -0.0693097
-3.84801 -0.314164 -0.0720002
-3.83189 -0.305691 -0.0773878
-3.81648 -0.295536 -0.0838061
-3.80255 -0.284147 -0.0892526
-3.79102 -0.271773 -0.0927649
-3.7807 -0.258472 -0.0941892
-3.77009 -0.244093 -0.0939622
-3.75911 -0.22833 -0.0934897
-3.74672 -0.211025 -0.094476
-3.72992 -0.192343 -0.0975821
-3.70647 -0.17267 -0.102249
-3.67558 -0.152508 -0.107496
-3.63562 -0.132455 -0.112265
-3.58476 -0.113014 -0.115802
-3.5233 -0.0943217 -0.118399
-3.45262 -0.0762325 -0.121076
-3.3737 -0.058551 -0.124709
-3.28859 -0.0410754 -0.129737
-3.20021 -0.0237081 -0.136031
-3.10942 -0.00665301 -0.142518
-3.01518 0.00961373 -0.147819
-2.91773 0.0245894 -0.151255
-2.81858 0.037906 -0.152864
-2.71874 0.0493863 -0.153144
-2.62005 0.0590956 -0.153106
-2.52618 0.0673051 -0.1537
-2.43968 0.0742941 -0.154587
-2.3607 0.0801572 -0.155672
-2.28941 0.0847351 -0.156941
-2.22565 0.0876395 -0.158108
-2.16775 0.0884591 -0.158794
-2.11508 0.086932 -0.158918
-2.06935 0.0830043 -0.15917
-2.03147 0.0769685 -0.159971
-2.00115 0.0693042 -0.161314
-1.97977 0.0604132 -0.162907
-1.96894 0.0505835 -0.164219
-1.967 0.0397995 -0.164435
-1.97125 0.0278328 -0.162932
-1.98095 0.0145029 -0.160159
-1.99557 -0.000342112 -0.157044
-2.01436 -0.0166499 -0.154022
-2.03809 -0.0340459 -0.151325
-2.06711 -0.0520546 -0.149226
-2.09943 -0.0702985 -0.147547
-2.13356 -0.0884804 -0.145662
-2.16996 -0.106429 -0.143366
-2.20809 -0.124211 -0.141091
-2.24638 -0.141976 -0.139259
-2.28535 -0.159752 -0.138063
-2.32671 -0.177379 -0.137463
-2.36995 -0.194581 -0.136811
-2.41383 -0.211014 -0.135451
-2.45935 -0.226229 -0.133141
-2.50761 -0.239885 -0.129979
-2.55806 -0.251915 -0.126222
-2.61123 -0.262361 -0.122445
-2.66885 -0.271276 -0.119196
-2.7309 -0.278753 -0.116421
-2.79633 -0.284829 -0.11363
-2.86482 -0.289374 -0.11053
-2.93502 -0.292137 -0.107652
-3.00427 -0.292886 -0.10516
-3.07151 -0.291499 -0.103136
-3.137 -0.288008 -0.102651
-3.19988 -0.282579 -0.10413
-3.25974 -0.275438 -0.106526
-3.31852 -0.266907 -0.108403
-3.3765 -0.257223 -0.109072
-3.42987 -0.246282 -0.108042
-3.47536 -0.233921 -0.105396
-3.5121 -0.220107 -0.10247
-3.53856 -0.204911 -0.101125
-3.55343 -0.188504 -0.102393
-3.55807 -0.171093 -0.105831
-3.55484 -0.153161 -0.110018
-3.54621 -0.135377 -0.113233
-3.53622 -0.117985 -0.114442
-3.5285 -0.100848 -0.113837
-3.52346 -0.0839211 -0.112414
-3.51997 -0.0672237 -0.111603
-3.51811 -0.0507019 -0.112736
-3.51838 -0.0345052 -0.116143
-3.52043 -0.0191696 -0.120691
-3.52444 -0.00529982 -0.124882
-3.53123 0.00681157 -0.127989
-3.54055 0.0171794 -0.129622
-3.55154 0.0259349 -0.129807
-3.56418 0.0333119 -0.129555
-3.57758 0.0396064 -0.130219
-3.5888 0.0449149 -0.132296
-3.59587 0.0490052 -0.135111
-3.59892 0.0514403 -0.137519
-3.5972 0.0518113 -0.138502
-3.58845 0.0499793 -0.137536
-3.5714 0.0460932 -0.135102
-3.54533 0.0404522 -0.132647
-3.50853 0.0334479 -0.131566
-3.46035 0.0254463 -0.13241
-3.40211 0.0166035 -0.134856
-3.33485 0.00680059 -0.137807
-3.25947 -0.00419498 -0.13987
-3.17882 -0.0164352 -0.140218
-3.09619 -0.0297538 -0.138978
-3.01308 -0.0439207 -0.136847
-2.93062 -0.0585568 -0.134621
-2.85054 -0.0731379 -0.133101
-2.77374 -0.0873082 -0.132539
-2.70101 -0.101007 -0.132265
-2.63483 -0.114298 -0.131481
-2.57706 -0.127258 -0.13001
-2.52701 -0.139971 -0.128082
-2.48448 -0.152418 -0.126182
-2.45089 -0.164379 -0.125052
-2.42561 -0.175516 -0.125247
-2.40561 -0.185511 -0.126695
-2.3891 -0.194176 -0.128993
-2.37563 -0.201466 -0.131563
-2.36375 -0.207474 -0.133586
-2.3523 -0.212393 -0.134578
-2.34162 -0.216392 -0.134877
-2.33122 -0.21957 -0.135131
-2.31979 -0.221933 -0.135514
-2.30782 -0.223339 -0.135869
-2.29684 -0.223628 -0.136065
-2.28724 -0.222732 -0.135764
-2.2799 -0.220667 -0.134546
-2.27758 -0.217532 -0.132582
-2.28277 -0.213553 -0.130482
-2.29655 -0.208982 -0.128594
-2.31973 -0.203969 -0.127102
-2.35201 -0.19857 -0.126644
-2.39095 -0.192775 -0.127665
-2.43424 -0.186483 -0.12956
-2.48079 -0.179573 -0.131544
-2.52852 -0.172019 -0.133625
-2.57397 -0.163899 -0.135856
-2.61494 -0.155361 -0.138149
-2.6506 -0.146596 -0.140596
-2.67966 -0.137771 -0.142994
-2.70114 -0.128979 -0.144765
-2.71567 -0.120168 -0.145526
-2.72434 -0.111179 -0.145166
-2.72811 -0.101897 -0.143472
-2.72914 -0.0922598 -0.140428
-2.72995 -0.0822781 -0.136722
-2.73145 -0.0721672 -0.133261
-2.73434 -0.0622136 -0.130462
-2.74109 -0.0526115 -0.128538
-2.75411 -0.0435089 -0.127581
-2.77418 -0.0350318 -0.127267
-2.80201 -0.0272513 -0.127814
-2.83813 -0.0201681 -0.129154
-2.88104 -0.0137926 -0.131092
-2.92793 -0.00819857 -0.133749
-2.97696 -0.00340633 -0.136994
-3.02635 0.000604133 -0.140567
-3.07353 0.00376719 -0.143777
-3.11715 0.00607011 -0.14584
-3.1572 0.0075491 -0.146357
-3.19286 0.00813163 -0.145377
-3.22325 0.00775992 -0.143102
-3.2494 0.00640327 -0.140154
-3.27235 0.00404598 -0.137256
-3.29098 0.00068766 -0.134705
-3.30423 -0.00369727 -0.132533
-3.31275 -0.00908291 -0.130659
-3.317 -0.0154993 -0.128853
-3.31755 -0.0230403 -0.127514
-3.31643 -0.0317079 -0.127158
-3.31508 -0.0414157 -0.127849
-3.31229 -0.051995 -0.129281
-3.30601 -0.063187 -0.131085
-3.29495 -0.0747216 -0.132937
-3.27765 -0.0863535 -0.134244
-3.25248 -0.0978579 -0.13431
-3.21894 -0.109157 -0.133215
-3.17703 -0.120271 -0.131722
-3.12614 -0.131195 -0.130231
-3.06669 -0.141873 -0.128714
-3.00094 -0.152122 -0.12721
-2.9311 -0.161738 -0.125771
-2.85979 -0.170537 -0.124004
-2.79109 -0.178285 -0.121543
-2.72824 -0.18487 -0.118618
-2.67196 -0.190361 -0.11552
-2.62244 -0.194813 -0.113437
-2.58025 -0.198183 -0.113241
-2.54476 -0.20042 -0.115175
-2.5145 -0.201526 -0.119027
-2.48881 -0.20144 -0.123683
-2.46708 -0.200007 -0.128415
-2.44784 -0.197222 -0.132477
-2.4304 -0.193186 -0.135361
-2.41555 -0.187967 -0.13723
-2.40341 -0.181774 -0.138649
-2.39328 -0.174835 -0.139889
-2.38593 -0.167339 -0.140925
-2.38301 -0.159448 -0.141493
-2.38502 -0.151201 -0.140945
-2.39256 -0.142647 -0.138916
-2.40719 -0.13383 -0.1357
-2.42948 -0.124781 -0.132045
-2.45906 -0.115654 -0.129593
-2.49645 -0.10672 -0.129429
-2.54206 -0.0983085 -0.131709
-2.59407 -0.0907002 -0.135662
-2.64952 -0.0840902 -0.140067
-2.70624 -0.0784956 -0.144058
-2.76259 -0.0736626 -0.146448
-2.81656 -0.0692166 -0.147245
-2.8667 -0.0648791 -0.147417
-2.91193 -0.0606325 -0.147875
-2.95023 -0.0566609 -0.148677
-2.9797 -0.0531896 -0.149058
-3.00003 -0.0505029 -0.148387
-3.01135 -0.0487588 -0.146075
-3.01388 -0.0477963 -0.141692
-3.00931 -0.0473175 -0.135824
-3.00061 -0.0470083 -0.130004
-2.99058 -0.046678 -0.125577
-2.98174 -0.0463338 -0.123178
-2.97659 -0.0461114 -0.122679
-2.97649 -0.0464004 -0.123418
-2.98153 -0.0476816 -0.124431
-2.99226 -0.0501044 -0.124928
-3.00907 -0.0534552 -0.124759
-3.0307 -0.0573639 -0.124486
-3.05566 -0.0613876 -0.124915
-3.08372 -0.0651046 -0.126496
-3.1141 -0.06835 -0.128905
-3.14443 -0.0713217 -0.13121
-3.17286 -0.0743915 -0.132544
-3.19877 -0.0778615 -0.132377
-3.22113 -0.0818957 -0.130473
-3.23884 -0.0864889 -0.127428
-3.25231 -0.0913801 -0.12454
-3.26266 -0.0961544 -0.122742
-3.27017 -0.100516 -0.122144
-3.27503 -0.104442 -0.122534
-3.27799 -0.10816 -0.12352
-3.27889 -0.11201 -0.124409
-3.27641 -0.116292 -0.12476
-3.26945 -0.121128 -0.124919
-3.25641 -0.12638 -0.125591
-3.23451 -0.131695 -0.127154
-3.20188 -0.136669 -0.129617
-3.15851 -0.14101 -0.13268
-3.10425 -0.14462 -0.135626
-3.03859 -0.147591 -0.137671
-2.96258 -0.150135 -0.13852
-2.87851 -0.152481 -0.138296
-2.78851 -0.154763 -0.137167
-2.69555 -0.156876 -0.135341
-2.60293 -0.158533 -0.133125
-2.51241 -0.159466 -0.130796
