-9.70162e-07 2.54198e-16 -0.0300445
-0.000174611 4.12472e-06 -0.0300507
-0.000726888 2.47524e-05 -0.0300854
-0.00141742 6.50232e-05 -0.0301685
-0.00193545 0.000108505 -0.0302848
-0.00256048 0.000151031 -0.0304155
-0.00386955 0.00021033 -0.0305971
-0.00594099 0.00029611 -0.03089
-0.00805562 0.000400282 -0.031307
-0.00922128 0.000508752 -0.0317872
-0.00891869 0.000597067 -0.0322208
-0.00758799 0.000614659 -0.0325011
-0.00652784 0.000535624 -0.0325992
-0.00644048 0.000434284 -0.0326166
-0.00668803 0.000450531 -0.032677
-0.00714376 0.000700356 -0.0327806
-0.0086574 0.00118494 -0.0328691
-0.0109407 0.00168866 -0.0329144
-0.012627 0.00188649 -0.032865
-0.0130916 0.00168449 -0.0327049
-0.0121919 0.00131724 -0.0325445
-0.00934931 0.00101981 -0.0324442
-0.0047889 0.000758686 -0.0322419
-0.000643187 0.000385704 -0.0317807
0.00143813 -0.000103973 -0.0311843
0.00170142 -0.000545025 -0.0306694
0.000459649 -0.000667924 -0.0302778
-0.00173129 -0.000303284 -0.0300017
-0.00310068 0.000292512 -0.0298244
-0.00188088 0.000540508 -0.0295247
0.00236473 8.88026e-05 -0.0288448
0.00831319 -0.000832813 -0.0278705
0.0138278 -0.00162972 -0.0269879
0.0174691 -0.00188606 -0.0264297
0.0175718 -0.00160077 -0.0261627
0.0128797 -0.00101219 -0.0262429
0.00606786 -0.000440633 -0.0267258
0.00168524 -0.000172834 -0.0272807
0.00193353 -0.000282941 -0.0275169
0.0060253 -0.000675612 -0.0274879
0.00988374 -0.00122694 -0.0274673
0.0104796 -0.00174233 -0.0276822
0.0104265 -0.0019835 -0.0282236
0.0111436 -0.00172682 -0.0288994
0.00819318 -0.000855989 -0.0295095
-0.000525698 0.000312042 -0.0301084
-0.0105896 0.00110729 -0.0307797
-0.0172773 0.00129815 -0.0315714
-0.0189476 0.00139167 -0.0325389
-0.015079 0.00175669 -0.0334834
-0.00849698 0.00196573 -0.0339412
-0.00543844 0.0014975 -0.0338229
-0.0071832 0.000562338 -0.0337566
-0.0103395 -2.54928e-05 -0.0343039
-0.0151999 0.000602546 -0.0352991
-0.0228115 0.0024883 -0.036314
-0.0291333 0.00427808 -0.0369768
-0.0295988 0.00432723 -0.0369329
-0.0232881 0.00252902 -0.0360014
-0.0117793 0.000448545 -0.0346454
-0.000484812 -0.000382486 -0.0334874
0.00288454 0.000215105 -0.0326593
-0.00327145 0.00129003 -0.0321806
-0.013644 0.00186529 -0.032181
-0.0216732 0.00186793 -0.0325318
-0.0236192 0.00189042 -0.0326548
-0.0206172 0.00206905 -0.0322257
-0.0137271 0.00164761 -0.031564
-0.00284606 -4.7524e-05 -0.0309132
0.00790739 -0.00230641 -0.0302288
0.0119089 -0.00336062 -0.0299452
0.00566043 -0.00221164 -0.0304843
-0.00903582 0.000321864 -0.0315707
-0.0257578 0.00245229 -0.032777
-0.0374851 0.00315779 -0.033792
-0.0397853 0.00285177 -0.0345882
-0.0319278 0.00239664 -0.0352936
-0.017972 0.00203395 -0.035388
-0.00246681 0.00137005 -0.0349422
0.00914094 0.00023349 -0.0343351
0.00895604 -0.000595846 -0.0340318
-0.00366621 5.99936e-05 -0.0342695
-0.0202523 0.00258466 -0.03492
-0.0344186 0.00581534 -0.0356226
-0.0478587 0.00766719 -0.0356562
-0.0600838 0.00699207 -0.035098
-0.0607968 0.00445751 -0.0353479
-0.0477217 0.00183085 -0.0360505
-0.0307768 0.000634429 -0.0366344
-0.0167969 0.000649539 -0.0376579
-0.00983692 0.000299526 -0.0382265
-0.0114236 -0.000936479 -0.0382165
-0.0204512 -0.00166172 -0.0379412
-0.0337028 -0.000249526 -0.0378245
-0.0449855 0.00316009 -0.0383271
-0.0510449 0.00660818 -0.0383842
-0.050036 0.00789552 -0.0374458
-0.0387399 0.00638483 -0.0362812
-0.0174513 0.00359127 -0.0346409
0.00795156 0.00158247 -0.0324502
0.0262301 0.000987001 -0.0298598
0.0333733 0.000965441 -0.0285591
0.0359496 0.000537608 -0.0271366
0.0348088 -0.000526879 -0.0250606
0.0282976 -0.00144479 -0.0228825
0.0166156 -0.00145349 -0.0210834
0.00469007 -0.00129154 -0.0203564
0.00414 -0.00229276 -0.0198836
0.0147591 -0.00446979 -0.0195141
0.0253892 -0.00677458 -0.0193921
0.0295377 -0.00855185 -0.0197144
0.0301808 -0.00996821 -0.0203955
0.0333012 -0.0111394 -0.0211128
0.0328105 -0.0112233 -0.0219955
0.0219022 -0.00911747 -0.0240436
0.00702459 -0.00509532 -0.0265676
-0.00722617 -0.000857305 -0.0288225
-0.0237668 0.0023006 -0.0304757
-0.0457794 0.0046015 -0.0326998
-0.0681325 0.00663512 -0.035768
-0.0784101 0.00840774 -0.0392766
-0.0725254 0.00989261 -0.0429074
-0.056776 0.0107782 -0.0456169
-0.0390326 0.0100945 -0.0474377
-0.028567 0.00763332 -0.0473626
-0.0329356 0.00547883 -0.0461371
-0.0496903 0.0060291 -0.0467424
-0.0700064 0.00901905 -0.0485587
-0.0882605 0.0126734 -0.0494246
-0.105785 0.0154939 -0.0489766
-0.123938 0.0161173 -0.0472278
-0.136535 0.0139387 -0.0460427
-0.136153 0.010289 -0.0452474
-0.120842 0.00730006 -0.0433414
-0.0910678 0.00541742 -0.0425665
-0.0552242 0.00373002 -0.0424771
-0.0304768 0.00191577 -0.0409876
-0.0219537 8.17668e-05 -0.0393705
-0.0201308 -0.00195495 -0.0376057
-0.0189637 -0.00336961 -0.0351549
-0.0179525 -0.00252765 -0.0335492
-0.0154895 2.22842e-05 -0.0317756
-0.00706086 0.00219742 -0.0294565
0.00745773 0.00308382 -0.0271452
0.0214207 0.00214083 -0.0236156
0.03603 -0.000893123 -0.0197536
0.0540049 -0.00429899 -0.0167148
0.0681425 -0.00573093 -0.0154657
0.0737445 -0.00516272 -0.0148898
0.0731983 -0.004332 -0.0142016
0.066162 -0.00470763 -0.0143266
0.0531378 -0.0066413 -0.0141674
0.0407701 -0.00910059 -0.0141509
0.0325628 -0.0105698 -0.0151238
0.0259861 -0.0102969 -0.0168822
0.0182369 -0.0090212 -0.0194017
0.0118395 -0.0083341 -0.0221389
0.00824461 -0.00870894 -0.0244926
0.00321825 -0.00888223 -0.0271362
-0.00423871 -0.00780433 -0.0297205
-0.0161184 -0.00536081 -0.0326344
-0.0356358 -0.00144714 -0.0355279
-0.0572828 0.00316066 -0.0384776
-0.0749311 0.0070441 -0.0416116
-0.0849265 0.0100066 -0.0438828
-0.0830057 0.0124714 -0.0458846
-0.068106 0.014216 -0.0473194
-0.0391531 0.0146701 -0.0475768
0.00342681 0.0133908 -0.0464758
0.0540751 0.0106356 -0.0427717
0.115073 0.00754984 -0.0380251
0.189542 0.00459071 -0.0306939
0.273056 0.00156218 -0.0172597
0.363302 -0.00170936 0.00202793
0.459798 -0.00621163 0.0279674
0.562005 -0.0129719 0.0622937
0.670566 -0.0226156 0.109218
0.787216 -0.0358834 0.169029
0.915074 -0.0523019 0.23474
1.0607 -0.0714939 0.303389
1.22846 -0.093943 0.372682
1.41766 -0.117279 0.439716
1.62302 -0.13813 0.504151
1.83949 -0.154883 0.568274
2.06533 -0.16803 0.630045
2.29702 -0.179103 0.685828
2.51884 -0.188143 0.737192
2.70109 -0.194112 0.783195
2.81429 -0.196225 0.81807
2.84159 -0.194713 0.841795
2.78499 -0.190125 0.856241
2.66286 -0.182991 0.857426
2.49577 -0.17348 0.844146
2.29992 -0.161929 0.818745
2.09162 -0.150345 0.783315
1.88606 -0.1404 0.74058
1.68933 -0.130748 0.692388
1.5083 -0.119544 0.632694
1.39238 -0.106452 0.556133
1.41561 -0.0909638 0.476762
1.59451 -0.0739669 0.429875
1.85871 -0.0609509 0.406236
2.09679 -0.0599472 0.401244
2.27264 -0.0701833 0.412797
2.43615 -0.0825311 0.423114
2.57497 -0.103928 0.419325
2.63157 -0.137593 0.397376
2.58341 -0.165267 0.374128
2.42426 -0.179199 0.339865
2.1557 -0.171102 0.283963
1.77623 -0.127288 0.210712
1.29441 -0.064767 0.12384
0.748823 -0.0146548 0.0421058
0.178857 0.0196609 -0.0255868
-0.383484 0.0473305 -0.0464178
-0.99337 0.0630521 -0.0277886
-1.73875 0.0634953 0.0222001
-2.49105 0.0524251 0.0627026
-3.09122 0.0339777 0.0730435
-3.54874 0.0239564 0.0833091
-3.83184 0.0356368 0.0775503
-3.89662 0.0699373 0.0513686
-3.83971 0.11138 0.0255377
-3.75413 0.129864 0.0111867
-3.64629 0.120372 -0.00559527
-3.5536 0.105524 -0.0149884
-3.53608 0.0915635 -0.0134019
-3.57814 0.072311 -0.015853
-3.6553 0.0646832 -0.0256667
-3.76737 0.092929 -0.0338068
-3.8865 0.148899 -0.0382488
-3.99948 0.201133 -0.0367535
-4.12849 0.230865 -0.0396269
-4.26531 0.243862 -0.0445462
-4.38832 0.244269 -0.036229
-4.51807 0.221675 -0.0118771
-4.66042 0.180384 0.0147413
-4.80392 0.152716 0.029337
-4.98026 0.162264 0.0380345
-5.23372 0.188493 0.0499514
-5.55199 0.20805 0.0571642
-5.90905 0.224007 0.0679571
-6.29503 0.234183 0.0917832
-6.67305 0.225551 0.11718
-6.98588 0.197149 0.133193
-7.22974 0.168019 0.145019
-7.39139 0.160572 0.151094
-7.45103 0.17568 0.152948
-7.45938 0.193341 0.153685
-7.40132 0.201317 0.151327
-7.24556 0.203094 0.152397
-7.04868 0.193777 0.156108
-6.84212 0.160019 0.157573
-6.61844 0.105893 0.165606
-6.37642 0.0532091 0.170032
-6.10451 0.0216233 0.169532
-5.82111 0.0131692 0.169255
-5.5663 0.0190979 0.164908
-5.34234 0.036149 0.156715
-5.14347 0.0565192 0.152267
-4.99762 0.0597051 0.156154
-4.91479 0.0398431 0.16484
-4.85836 0.0139841 0.179013
-4.79428 -0.00382571 0.196512
-4.71335 -0.0104172 0.208341
-4.58912 -0.00925778 0.214578
-4.42009 -0.00241552 0.230304
-4.24069 0.0145935 0.272636
-4.04613 0.0369642 0.332855
-3.82868 0.0459128 0.390012
-3.61791 0.0298903 0.437764
-3.44746 -0.00299261 0.487927
-3.29825 -0.0359527 0.538372
-3.10926 -0.057734 0.581007
-2.85761 -0.0655866 0.613662
-2.56591 -0.0665547 0.63836
-2.25213 -0.0724711 0.652354
-1.93382 -0.0887933 0.655352
-1.62672 -0.115169 0.656927
-1.34445 -0.147493 0.663869
-1.10316 -0.182708 0.68433
-0.900691 -0.226702 0.709483
-0.703815 -0.281962 0.723523
-0.477185 -0.336182 0.734621
-0.218768 -0.379035 0.747746
0.0491047 -0.40973 0.759492
0.297518 -0.428111 0.777955
0.494456 -0.438996 0.803029
0.61779 -0.448365 0.834406
0.670199 -0.45866 0.86761
0.668269 -0.472598 0.893076
0.636539 -0.481466 0.90619
0.604248 -0.470493 0.911688
0.5929 -0.437168 0.913162
0.597427 -0.389259 0.912238
0.592582 -0.341438 0.909765
0.560872 -0.308653 0.905425
0.500964 -0.297272 0.900402
0.42909 -0.306118 0.894117
0.373089 -0.326387 0.885135
0.355591 -0.342941 0.874491
0.386708 -0.344297 0.864073
0.461894 -0.329896 0.856127
0.556374 -0.310389 0.84992
0.641261 -0.304008 0.843593
0.707153 -0.3268 0.838988
0.759679 -0.381482 0.833567
0.807287 -0.455942 0.821798
0.859418 -0.530212 0.806843
0.918073 -0.584114 0.788736
0.963751 -0.607751 0.768263
0.962419 -0.606821 0.7543
0.884472 -0.595363 0.73938
0.717721 -0.586166 0.70908
0.479423 -0.581364 0.667279
0.208766 -0.569959 0.62202
-0.06026 -0.542497 0.572686
-0.30752 -0.5014 0.518812
-0.523395 -0.456022 0.469274
-0.711458 -0.418848 0.426339
-0.883269 -0.400085 0.386102
-1.05244 -0.39933 0.351753
-1.2218 -0.404546 0.321215
-1.36941 -0.401514 0.292047
-1.46948 -0.38867 0.272017
-1.52132 -0.386271 0.260095
-1.54889 -0.418501 0.243052
-1.56542 -0.468601 0.220081
-1.5613 -0.488533 0.20359
-1.54743 -0.465259 0.18913
-1.56094 -0.425169 0.169173
-1.61866 -0.382313 0.146302
-1.70186 -0.322736 0.120986
-1.79007 -0.240385 0.0927327
-1.88452 -0.165578 0.0694878
-1.99185 -0.131444 0.0556661
-2.10058 -0.122342 0.0466744
-2.19242 -0.102364 0.0414757
-2.27831 -0.0767066 0.0360975
-2.38342 -0.0585134 0.0287601
-2.50153 -0.0248706 0.0188721
-2.61063 0.0415881 0.00363406
-2.71397 0.114361 -0.00778653
-2.82404 0.159081 -0.0122996
-2.92985 0.179057 -0.0150298
-3.01785 0.191067 -0.0143179
-3.09916 0.189864 -0.012249
-3.17851 0.172564 -0.0115572
-3.23958 0.165685 -0.0129357
-3.28395 0.187639 -0.0171202
-3.32438 0.218793 -0.0221204
-3.35815 0.233221 -0.0261494
-3.38104 0.2287 -0.0269475
-3.39175 0.209219 -0.0233022
-3.38837 0.170398 -0.0172847
-3.3803 0.120372 -0.00965538
-3.38278 0.0830992 -0.00245692
-3.40395 0.0720669 0.00161113
-3.45228 0.0770958 0.00314783
-3.53192 0.0831468 0.0037692
-3.63134 0.0857663 0.00593912
-3.73153 0.081532 0.0110508
-3.82217 0.0646867 0.0174438
-3.90026 0.0419238 0.0235243
-3.95983 0.0300226 0.027956
-4.00024 0.0342334 0.0291136
-4.02744 0.0474239 0.0272746
-4.04199 0.0628153 0.0242296
-4.04028 0.0755495 0.0220993
-4.02496 0.0789878 0.0219913
-4.00008 0.0688294 0.0238193
-3.95919 0.0517989 0.0258639
-3.89445 0.0412902 0.026151
-3.80884 0.0441131 0.023532
-3.71097 0.0577168 0.0175435
-3.60689 0.0786739 0.00933015
-3.50207 0.10311 0.00127929
-3.40512 0.122672 -0.00516489
-3.32048 0.13116 -0.00968088
-3.24076 0.131131 -0.0123097
-3.15199 0.129116 -0.0132824
-3.04113 0.127662 -0.0136427
-2.8957 0.126654 -0.0146369
-2.71 0.126678 -0.0158901
-2.49731 0.12579 -0.0158333
-2.28506 0.118263 -0.0130977
-2.10134 0.100218 -0.00567066
-1.97054 0.0734919 0.00810135
-1.90972 0.0435964 0.0267842
-1.91434 0.0162036 0.047652
-1.96203 -0.00368486 0.0720232
-2.02928 -0.0126526 0.102449
-2.08899 -0.0134057 0.128594
-2.10306 -0.0149474 0.139945
-2.04213 -0.0222497 0.13965
-1.91226 -0.029419 0.140689
-1.74158 -0.0328603 0.152798
-1.55769 -0.0413157 0.175486
-1.37471 -0.0651156 0.207559
-1.19657 -0.113383 0.254879
-1.01695 -0.192458 0.306241
-0.80848 -0.296813 0.34884
-0.555049 -0.416079 0.38424
-0.260134 -0.528921 0.409061
0.0620354 -0.614434 0.442219
0.389901 -0.670295 0.484118
0.717713 -0.693393 0.52056
1.02015 -0.685692 0.562829
1.25771 -0.657076 0.609893
1.4177 -0.61429 0.650287
1.49953 -0.57395 0.679669
1.51803 -0.549119 0.710022
1.50392 -0.529961 0.746338
1.48277 -0.51076 0.783561
1.47514 -0.497693 0.818564
1.48804 -0.495289 0.850178
1.50198 -0.503345 0.882125
1.49564 -0.516593 0.913472
1.46869 -0.533929 0.94373
1.4333 -0.552727 0.968806
1.39318 -0.562449 0.981831
1.35512 -0.553252 0.979573
1.3459 -0.519165 0.964058
1.37657 -0.459821 0.940621
1.42082 -0.388745 0.917193
1.46054 -0.330203 0.897037
1.51163 -0.302141 0.876871
1.58574 -0.311985 0.858934
1.67318 -0.355952 0.843
1.77243 -0.415909 0.823679
1.8887 -0.474515 0.803247
2.00803 -0.523438 0.790111
2.0934 -0.555998 0.782108
2.1022 -0.575777 0.771846
2.02186 -0.59821 0.753757
1.87229 -0.632611 0.730349
1.67096 -0.668175 0.692375
1.44672 -0.677744 0.642567
1.23992 -0.641988 0.589909
1.0537 -0.567346 0.526334
0.860908 -0.484724 0.458281
0.63841 -0.423391 0.391162
0.368706 -0.392532 0.324734
0.0427608 -0.38576 0.267217
-0.321649 -0.382693 0.234031
-0.692018 -0.368411 0.214516
-1.03415 -0.346559 0.199258
-1.3147 -0.327507 0.187878
-1.51477 -0.324954 0.177907
-1.63097 -0.348038 0.160808
-1.65974 -0.370078 0.134753
-1.60939 -0.348267 0.110826
-1.52958 -0.295938 0.087624
-1.47305 -0.252015 0.0637181
-1.4563 -0.215194 0.0428125
-1.48553 -0.171047 0.0245025
-1.56621 -0.129189 0.00766992
-1.68336 -0.102757 -0.00466678
-1.81379 -0.0808047 -0.0157848
-1.9394 -0.0419116 -0.0314452
-2.04772 0.0209064 -0.0511822
-2.14862 0.0881302 -0.0695542
-2.25753 0.145464 -0.0852902
-2.37464 0.197559 -0.0952748
-2.50003 0.237817 -0.0974366
-2.64363 0.248961 -0.0933541
-2.81256 0.231105 -0.0838124
-2.99345 0.213548 -0.0745507
-3.16566 0.223034 -0.0660143
-3.31329 0.253524 -0.0598359
-3.42799 0.284079 -0.0598022
-3.51873 0.309911 -0.0591344
-3.58836 0.326772 -0.0563663
-3.62709 0.316094 -0.0549324
-3.63512 0.280422 -0.0523279
-3.6161 0.246114 -0.0472441
-3.56615 0.227821 -0.0450003
-3.4891 0.220709 -0.045398
-3.39542 0.216416 -0.0464337
-3.28583 0.21149 -0.0468306
-3.17511 0.195717 -0.0424475
-3.09267 0.155754 -0.0329818
-3.03644 0.100306 -0.0206795
-2.98527 0.0529974 -0.00702085
-2.9414 0.01937 0.00525514
-2.91523 -0.00663609 0.0138726
-2.90267 -0.0178911 0.0200923
-2.89815 -0.0114689 0.0254222
-2.91028 -0.0060125 0.0318454
-2.94677 -0.0164334 0.0409375
-2.98579 -0.033885 0.0527858
-2.99024 -0.0448707 0.0640237
-2.9315 -0.0512094 0.0717625
-2.78673 -0.0553513 0.0731174
-2.56244 -0.0492614 0.0691868
-2.30532 -0.0313075 0.0635134
-2.05224 -0.0147655 0.0588438
-1.80396 -0.0116887 0.058621
-1.55767 -0.0204642 0.0635337
-1.32888 -0.0356863 0.0731698
-1.12767 -0.0547225 0.08921
-0.93885 -0.0725529 0.111597
-0.741063 -0.0783112 0.132659
-0.532214 -0.0609259 0.152227
-0.335078 -0.0255204 0.175995
-0.173759 0.00738219 0.204965
-0.0582988 0.0247486 0.236549
0.00433882 0.0296287 0.269524
0.02402 0.0307659 0.305955
0.0337187 0.0305085 0.343865
0.0565586 0.0237227 0.379519
0.0913545 0.00692504 0.414276
0.124933 -0.0181511 0.448841
0.154084 -0.0471145 0.481027
0.184702 -0.0730673 0.509951
0.2105 -0.0894721 0.535535
0.223327 -0.0969874 0.55588
0.23277 -0.102058 0.568643
0.256684 -0.109255 0.576687
0.300875 -0.118067 0.585826
0.361085 -0.127729 0.59741
0.433941 -0.14083 0.608152
0.513746 -0.159056 0.61564
0.586962 -0.180213 0.619577
0.638865 -0.202275 0.620936
0.665004 -0.227814 0.621385
0.668913 -0.259567 0.621239
0.652496 -0.293937 0.619498
0.616723 -0.323024 0.615298
0.570305 -0.339053 0.606348
0.523313 -0.336477 0.588441
0.467964 -0.31563 0.561612
0.3908 -0.283141 0.53086
0.295353 -0.246248 0.498366
0.190897 -0.210021 0.463352
0.0833404 -0.176393 0.426524
-0.0147218 -0.143474 0.38787
-0.0895915 -0.1107 0.347128
-0.142215 -0.0812043 0.308012
-0.184597 -0.059221 0.27499
-0.22527 -0.0501649 0.248803
-0.265812 -0.0585819 0.227559
-0.309916 -0.0826918 0.207248
-0.36258 -0.112078 0.182637
-0.424369 -0.134109 0.157482
-0.502138 -0.148802 0.136439
-0.606238 -0.16143 0.116954
-0.735646 -0.16563 0.0980669
-0.876196 -0.148411 0.078952
-1.02361 -0.114102 0.0617008
-1.19463 -0.0880703 0.049755
-1.39461 -0.0813534 0.043831
-1.60721 -0.0861296 0.0446826
-1.81208 -0.0952113 0.0489238
-1.99408 -0.105269 0.0528979
-2.14425 -0.114352 0.0556494
-2.25449 -0.117679 0.0547623
-2.31963 -0.106197 0.0486665
-2.35239 -0.080556 0.0406427
-2.3804 -0.0599512 0.0328454
-2.42039 -0.0538844 0.0262494
-2.47246 -0.0512376 0.0222722
-2.53344 -0.0470087 0.020023
-2.59706 -0.0437732 0.0168843
-2.64702 -0.0345178 0.011618
-2.66703 -0.0108793 0.00350368
-2.66008 0.0213847 -0.00644914
-2.64405 0.0473568 -0.0149345
-2.63067 0.0611603 -0.0215164
-2.6231 0.0684452 -0.0254766
-2.62482 0.071021 -0.0266621
-2.63494 0.0694392 -0.0278818
-2.64364 0.0735435 -0.0300965
-2.64207 0.0915444 -0.0338308
-2.63359 0.116952 -0.0388719
-2.62628 0.138722 -0.043467
-2.61959 0.153717 -0.0464858
-2.61101 0.16081 -0.0471029
-2.60217 0.157787 -0.0456523
-2.58878 0.148163 -0.0432404
-2.56029 0.142065 -0.0410072
-2.51372 0.144662 -0.039728
-2.45137 0.150165 -0.0392199
-2.37164 0.151836 -0.0389911
-2.27613 0.146988 -0.0378212
-2.17201 0.13295 -0.0344341
-2.06473 0.108888 -0.028596
-1.95865 0.0811466 -0.0211845
-1.859 0.059125 -0.0138767
-1.76643 0.046212 -0.00728097
-1.67783 0.0388564 -0.00117457
-1.59281 0.0322539 0.00526449
-1.51375 0.022799 0.0141406
-1.44098 0.00705663 0.0269726
-1.37102 -0.0158739 0.0432817
-1.30327 -0.0423916 0.0623708
-1.24209 -0.0665491 0.0839661
-1.18818 -0.0836072 0.106852
-1.13677 -0.0926699 0.129078
-1.08466 -0.0961842 0.148981
-1.02874 -0.0977315 0.165854
-0.961682 -0.100833 0.180408
-0.879285 -0.108254 0.194038
-0.78641 -0.12071 0.207583
-0.691441 -0.136792 0.221118
-0.599836 -0.154405 0.233724
-0.515123 -0.171146 0.244446
-0.441779 -0.184487 0.253232
-0.380825 -0.193038 0.26074
-0.326208 -0.197015 0.267574
-0.273007 -0.1972 0.273364
-0.224028 -0.194075 0.277325
-0.183605 -0.188301 0.279919
-0.151214 -0.180933 0.283025
-0.12799 -0.173463 0.287901
-0.120289 -0.167866 0.293168
-0.127784 -0.165174 0.298134
-0.141959 -0.164981 0.303497
-0.160059 -0.166118 0.309074
-0.184746 -0.167269 0.313533
-0.212693 -0.167754 0.315338
-0.238872 -0.167245 0.31412
-0.266575 -0.165412 0.310085
-0.301474 -0.162018 0.303411
-0.342928 -0.156856 0.294104
-0.3872 -0.149948 0.282882
-0.430761 -0.141762 0.270819
-0.468538 -0.133546 0.258079
-0.497127 -0.127246 0.244352
-0.519498 -0.125071 0.230296
-0.54203 -0.129349 0.217105
-0.568657 -0.140733 0.203235
-0.60071 -0.154792 0.1867
-0.640863 -0.16442 0.168765
-0.689879 -0.166138 0.150856
-0.745339 -0.160134 0.133026
-0.807665 -0.146559 0.115404
-0.878541 -0.12587 0.0979775
-0.957635 -0.102356 0.0813242
-1.04436 -0.0820373 0.0670561
-1.13819 -0.0680954 0.0565785
-1.23492 -0.0597923 0.0494371
-1.32772 -0.0527195 0.0439061
-1.41354 -0.0426295 0.0385535
-1.49075 -0.027953 0.0321356
-1.55471 -0.00849108 0.0241526
-1.60346 0.0133433 0.0153256
-1.64161 0.0322698 0.00694582
-1.6736 0.0447083 -9.35744e-05
-1.69828 0.0512984 -0.00572941
-1.71337 0.0548546 -0.0108251
-1.72003 0.0587417 -0.0158393
-1.72021 0.0656683 -0.0209249
-1.71542 0.0759798 -0.0261912
-1.70963 0.087192 -0.0308238
-1.70828 0.0951292 -0.0339463
-1.71329 0.0970019 -0.0354228
-1.72417 0.0934777 -0.0351568
-1.74196 0.0870967 -0.0334747
-1.76585 0.0807056 -0.0311337
-1.79044 0.0769783 -0.0287963
-1.8125 0.076518 -0.0266914
-1.83369 0.0768799 -0.0242629
-1.85411 0.0742708 -0.0206745
-1.87021 0.0660532 -0.0156468
-1.87966 0.052375 -0.00942915
-1.8811 0.0355909 -0.00255498
-1.87055 0.0188471 0.0038632
-1.84437 0.00510525 0.00891099
-1.80367 -0.00453324 0.0126936
-1.75285 -0.0119602 0.0158718
-1.69699 -0.0203797 0.0191184
-1.64129 -0.0317713 0.0230456
-1.58899 -0.0460216 0.0279203
-1.53914 -0.0613685 0.0333056
-1.48903 -0.0752928 0.0384825
-1.43772 -0.0853693 0.0431267
-1.38568 -0.0904371 0.0471486
-1.33461 -0.091518 0.0506413
-1.28948 -0.0909679 0.0542837
-1.25608 -0.090689 0.0591994
-1.23453 -0.0912611 0.0659486
-1.21904 -0.0922155 0.0742127
-1.2034 -0.0926485 0.0826651
-1.18291 -0.0915868 0.0893731
-1.15466 -0.0880993 0.0938854
-1.12071 -0.0820674 0.0972217
-1.08613 -0.0751122 0.10006
-1.05286 -0.0697195 0.102345
-1.0201 -0.0675263 0.104107
-0.987393 -0.0688207 0.105558
-0.952935 -0.0728543 0.106312
-0.913711 -0.077886 0.105896
-0.870867 -0.0814137 0.10439
-0.830517 -0.0814292 0.102203
-0.798424 -0.0777896 0.100034
-0.777446 -0.0720194 0.0985009
-0.768023 -0.0660297 0.0978706
-0.767585 -0.0613637 0.0982398
-0.771253 -0.0589413 0.099518
-0.77624 -0.0587456 0.101659
-0.784094 -0.0596334 0.104573
-0.797042 -0.0597741 0.107781
-0.815063 -0.0576148 0.110802
-0.837228 -0.0526508 0.113225
-0.861753 -0.0456296 0.114786
-0.885039 -0.03823 0.115504
-0.904299 -0.0323165 0.115436
-0.919482 -0.0291096 0.114363
-0.9305 -0.0287715 0.111765
-0.936059 -0.03051 0.107643
-0.936278 -0.0329352 0.102678
-0.93262 -0.0345705 0.0973695
-0.925766 -0.034544 0.0915897
-0.917271 -0.0330511 0.0851375
-0.911791 -0.031066 0.0784084
-0.914156 -0.0295896 0.0721179
-0.926178 -0.0291856 0.0664927
-0.948296 -0.0298355 0.0616588
-0.98106 -0.030906 0.0577562
-1.0236 -0.0313017 0.054469
-1.07363 -0.0298969 0.0513674
-1.12874 -0.0261836 0.0484729
-1.18573 -0.0207248 0.045982
-1.23986 -0.0150901 0.0436038
-1.28657 -0.0112533 0.0411423
-1.32335 -0.0107026 0.038884
-1.34928 -0.0136007 0.0370257
-1.36458 -0.0186713 0.035302
-1.37104 -0.0240674 0.0334377
-1.37131 -0.0281992 0.0313185
-1.36796 -0.0301134 0.0288186
-1.36429 -0.0298853 0.0261153
-1.36412 -0.02869 0.0237425
-1.36935 -0.0279556 0.0220643
-1.38003 -0.028314 0.0211051
-1.39667 -0.0294342 0.0208529
-1.41963 -0.0305202 0.0212052
-1.44714 -0.0306889 0.021814
-1.47677 -0.0292292 0.0224048
-1.5069 -0.0260891 0.0229469
-1.53494 -0.0221539 0.0234138
-1.55687 -0.0187249 0.0236979
-1.57004 -0.0166739 0.0238611
-1.57417 -0.0161132 0.0240275
-1.56963 -0.0165819 0.0240804
-1.55718 -0.0173642 0.0238713
-1.53922 -0.0177916 0.0234128
-1.51904 -0.0175571 0.0227226
-1.49928 -0.0168903 0.0218376
-1.48228 -0.0162924 0.0209743
-1.46997 -0.0160405 0.0203623
-1.46273 -0.0160106 0.0200077
-1.45985 -0.015829 0.0198401
-1.4605 -0.0150914 0.0198554
-1.46288 -0.0136392 0.0199936
-1.46406 -0.0117376 0.0201825
-1.46178 -0.00993913 0.0204939
-1.45513 -0.00873696 0.0209658
-1.44312 -0.00829386 0.0214473
-1.4246 -0.0083743 0.0218158
-1.40002 -0.00847304 0.0221395
-1.37165 -0.00809596 0.0225402
-1.34208 -0.00708589 0.02314
-1.31358 -0.00575161 0.0240876
-1.28758 -0.00464037 0.0254091
-1.26365 -0.00416751 0.0270071
-1.24037 -0.00439038 0.0288535
-1.218 -0.00496768 0.0310386
-1.19861 -0.00524748 0.0335618
-1.18361 -0.00464041 0.0363843
-1.17294 -0.00312097 0.0396445
-1.16548 -0.00134229 0.043551
-1.15832 -0.000252588 0.0476786
-1.14723 -0.000655872 0.0513428
-1.12987 -0.00288835 0.054322
-1.10771 -0.00661474 0.0566717
-1.08401 -0.0110127 0.0586796
-1.06156 -0.0151506 0.0607212
-1.04246 -0.0184811 0.0629993
-1.02748 -0.0211439 0.0653066
-1.01573 -0.0237214 0.0673259
-1.00664 -0.0268428 0.0689037
-1.00074 -0.0308785 0.0700155
-0.998087 -0.0356888 0.0707234
-0.998901 -0.040598 0.0711865
-1.00529 -0.0447558 0.0717331
-1.01911 -0.0475734 0.0727325
-1.03858 -0.0490217 0.0740294
-1.05892 -0.0497607 0.074926
-1.07532 -0.0508423 0.0750386
-1.0845 -0.053131 0.0744872
-1.08605 -0.0568533 0.0734996
-1.08321 -0.0615263 0.0722652
-1.08101 -0.0662465 0.071088
-1.08305 -0.0700655 0.0701277
-1.08996 -0.0723411 0.0692149
-1.09985 -0.0730206 0.0682197
-1.10987 -0.0726559 0.0669778
-1.11867 -0.0719961 0.0653069
-1.12819 -0.0714515 0.0633005
-1.14232 -0.070937 0.0613392
-1.1639 -0.0700889 0.0597473
-1.19323 -0.068482 0.0585512
-1.22832 -0.0657263 0.0574724
-1.26441 -0.0616861 0.0560423
-1.29472 -0.0567717 0.0538333
-1.31458 -0.0518782 0.0506675
-1.32426 -0.0478644 0.0469985
-1.32723 -0.0450229 0.0435364
-1.32789 -0.0431229 0.040494
-1.33024 -0.0417041 0.0377964
-1.33638 -0.0400393 0.0353224
-1.34542 -0.0372296 0.0328294
-1.35439 -0.0328526 0.0300573
-1.36031 -0.0274234 0.0269871
-1.36254 -0.0218343 0.0238783
-1.36379 -0.0165376 0.0211409
-1.36851 -0.0117666 0.0191527
-1.37941 -0.0079664 0.0180326
-1.39545 -0.00521455 0.0176017
-1.4132 -0.00273004 0.0175125
-1.42926 0.000361728 0.017457
-1.44139 0.00410393 0.0172526
-1.44901 0.00794144 0.0168073
-1.45347 0.0115239 0.0161594
-1.45705 0.0146268 0.0155588
-1.46123 0.0165531 0.0153101
-1.46609 0.0166929 0.0155349
-1.47075 0.0155216 0.0161215
-1.47328 0.0140871 0.0167219
-1.47099 0.0128571 0.0168739
-1.46284 0.0117957 0.0163933
-1.45095 0.0110018 0.015585
-1.43902 0.0105121 0.014925
-1.43041 0.00983145 0.014682
-1.42765 0.00834158 0.0148853
-1.4308 0.00609394 0.0154949
-1.43681 0.00375113 0.0163863
-1.44164 0.00187698 0.0172852
-1.44218 0.00069965 0.0179247
-1.43643 0.000382804 0.0181812
-1.42449 0.000944213 0.0181356
-1.40882 0.00180815 0.0181247
-1.392 0.00195832 0.0185718
-1.3748 0.000840477 0.0196445
-1.35691 -0.00122558 0.0211913
-1.33754 -0.00357801 0.0229143
-1.31572 -0.00566319 0.024528
-1.29179 -0.00697798 0.0259051
-1.26842 -0.00712589 0.0271804
-1.24893 -0.00623929 0.0286444
-1.23501 -0.00520341 0.0305199
-1.22662 -0.00516669 0.0329781
-1.22266 -0.00673495 0.0361915
-1.22049 -0.00975527 0.0399646
-1.21607 -0.0137229 0.0435365
-1.20651 -0.0180323 0.046259
-1.19215 -0.0220318 0.0481224
-1.17523 -0.0254072 0.0495971
-1.15778 -0.0286063 0.0511462
-1.14105 -0.0326342 0.0529805
-1.12513 -0.0382849 0.0550816
-1.10894 -0.0456149 0.0572953
-1.09193 -0.0540518 0.0595465
-1.07522 -0.0626536 0.061844
-1.06074 -0.0702904 0.0641031
-1.05051 -0.0760283 0.066161
-1.04667 -0.0795892 0.0681448
-1.05044 -0.0814603 0.070482
-1.06122 -0.0825592 0.0734029
-1.07732 -0.0836945 0.0766458
-1.09669 -0.0851967 0.0797221
-1.11718 -0.0868543 0.0822268
-1.13751 -0.0880333 0.0838775
-1.1574 -0.0879321 0.0845849
-1.17594 -0.0860448 0.0843957
-1.19075 -0.0826002 0.0830997
-1.19951 -0.0785224 0.0804273
-1.20127 -0.0749319 0.0767172
-1.19601 -0.0725434 0.0725946
-1.18425 -0.0713312 0.0681517
-1.16766 -0.0706003 0.0633273
-1.14892 -0.0693086 0.0585166
-1.13095 -0.0664402 0.0540718
-1.1168 -0.0614046 0.0499976
-1.10943 -0.0543429 0.0462359
-1.11061 -0.0459826 0.0428215
-1.12055 -0.0371376 0.0397901
-1.13864 -0.0283366 0.0372156
-1.16355 -0.0197894 0.0352664
-1.19283 -0.0115015 0.0339475
-1.22353 -0.00338269 0.0329787
-1.25329 0.00451842 0.032141
-1.28012 0.0117333 0.0314493
-1.30173 0.0174567 0.0307767
-1.31604 0.0210991 0.02985
-1.32166 0.022629 0.0283823
-1.3177 0.022416 0.0263332
-1.30484 0.021089 0.0239262
-1.28594 0.0192701 0.0213798
-1.26523 0.0172557 0.0191795
-1.24752 0.014947 0.0176559
-1.23718 0.0119947 0.0168713
-1.23657 0.00820411 0.0168776
-1.2453 0.0038293 0.0175959
-1.26149 -0.000490103 0.0188096
-1.28355 -0.00398875 0.020309
-1.31061 -0.00607054 0.0220025
-1.34166 -0.00664266 0.0238366
-1.37468 -0.00637516 0.0258266
-1.40603 -0.00650164 0.0279882
-1.43104 -0.00807202 0.0301846
-1.44568 -0.0112783 0.0321385
-1.44821 -0.0154624 0.0335292
-1.43947 -0.0196029 0.0341616
-1.42179 -0.0228017 0.0340105
-1.39778 -0.0246317 0.0331814
-1.3699 -0.025386 0.0319616
-1.34049 -0.0259338 0.0307442
-1.3122 -0.0270542 0.0298818
-1.28742 -0.0288346 0.029517
-1.26744 -0.0306698 0.0295548
-1.25252 -0.031673 0.0298005
-1.24252 -0.0310782 0.0301483
-1.23685 -0.0285428 0.0306276
-1.23486 -0.0244078 0.0314219
-1.23667 -0.0197308 0.0327534
-1.24271 -0.0157904 0.0346686
-1.25147 -0.0133934 0.0369931
-1.25912 -0.0126456 0.0394304
-1.2615 -0.013132 0.0417047
-1.25561 -0.0142313 0.0433681
-1.24015 -0.0154596 0.0442318
-1.21651 -0.0167196 0.0446348
-1.18851 -0.0184863 0.0449902
-1.15957 -0.0216395 0.0456676
-1.13115 -0.0267885 0.0467143
-1.10396 -0.0337494 0.0480638
-1.0796 -0.0416165 0.0497311
-1.06054 -0.0492268 0.051707
-1.04941 -0.055499 0.0539067
-1.04871 -0.059597 0.0562544
-1.0601 -0.0613252 0.0588313
-1.08313 -0.0613374 0.0618417
-1.11524 -0.0607411 0.0653196
-1.15225 -0.0604468 0.0688606
-1.18889 -0.0608237 0.0717968
-1.2201 -0.061767 0.0736202
-1.24296 -0.0628597 0.0740757
-1.25712 -0.0635079 0.0734066
-1.26345 -0.0632674 0.0719187
-1.26294 -0.062279 0.0694639
-1.2562 -0.0612204 0.0659043
-1.24363 -0.0606346 0.0614493
-1.22648 -0.0603824 0.0566621
-1.20723 -0.0597956 0.051934
-1.18948 -0.0580872 0.0475076
-1.17743 -0.0546176 0.0434547
-1.17427 -0.048981 0.0396682
-1.18098 -0.0411802 0.0361186
-1.19665 -0.031824 0.0329525
-1.21919 -0.0218538 0.0303358
-1.24554 -0.0120737 0.0282011
-1.27201 -0.00292573 0.0264043
-1.29606 0.00539664 0.0249267
-1.31698 0.0127138 0.0238288
-1.33416 0.0188567 0.023048
-1.34575 0.0237237 0.0223459
-1.35003 0.0272438 0.0214258
-1.34671 0.0293793 0.0201429
-1.33632 0.0301537 0.018541
-1.32011 0.0297068 0.0168145
-1.30097 0.0282448 0.0152539
-1.28306 0.0258566 0.0141264
-1.26999 0.0224966 0.013664
-1.26366 0.0181746 0.0139985
-1.26438 0.0130388 0.01511
-1.27156 0.00732985 0.0168396
-1.28422 0.00142924 0.01896
-1.30114 -0.00412694 0.0212943
-1.32121 -0.00888742 0.0237801
-1.34336 -0.012845 0.0264562
-1.36616 -0.0165104 0.0293794
-1.38764 -0.020535 0.0325279
-1.40501 -0.0253203 0.0356818
-1.41507 -0.0308873 0.0384886
-1.41573 -0.0368609 0.0406515
-1.40675 -0.0425452 0.0420436
-1.38916 -0.0472013 0.0426493
-1.36481 -0.0504792 0.042594
-1.33612 -0.0526095 0.0422124
-1.30528 -0.0541223 0.0418604
-1.27384 -0.0554356 0.0417832
-1.24325 -0.0566797 0.0420672
-1.21495 -0.0576488 0.0426183
-1.19021 -0.0577548 0.043277
-1.17073 -0.0562109 0.0439881
-1.15857 -0.0524885 0.0448326
-1.15483 -0.0466566 0.0459774
-1.15797 -0.0393981 0.0475385
-1.16425 -0.0318458 0.0494851
