1.92048e-07 7.46711e-17 -0.0173722
-0.000113668 3.83867e-06 -0.0173812
-0.00040261 1.66984e-05 -0.0174193
-0.000660794 3.30042e-05 -0.017486
-0.00081729 4.66541e-05 -0.0175585
-0.00110828 6.50744e-05 -0.0176429
-0.00174963 9.6782e-05 -0.0177798
-0.00264595 0.000137953 -0.0179953
-0.00338022 0.00017406 -0.0182646
-0.00355645 0.000197324 -0.0185251
-0.00307083 0.000207563 -0.0187156
-0.00230177 0.000197983 -0.0188005
-0.00196437 0.00016867 -0.0188044
-0.00209978 0.000134904 -0.0187997
-0.00211612 0.000126961 -0.0188253
-0.00221518 0.000205968 -0.0189019
-0.00300291 0.000403327 -0.0190643
-0.00415939 0.00062408 -0.0192546
-0.00503386 0.000717913 -0.0193256
-0.00541143 0.00064409 -0.0192319
-0.00499332 0.000492091 -0.0190671
-0.00335664 0.000352238 -0.0188828
-0.00105586 0.00023129 -0.0186113
0.000471557 0.000100315 -0.018233
0.000982039 -6.3026e-05 -0.0178438
0.00104714 -0.000233379 -0.0175249
0.000396951 -0.000279991 -0.0173457
-0.000814189 -0.000110652 -0.0173564
-0.00145826 0.000146387 -0.0174337
-0.000784241 0.000243244 -0.0173072
0.000934529 5.73775e-05 -0.0167963
0.00298205 -0.000300124 -0.0160249
0.00503854 -0.000611241 -0.0153318
0.00663549 -0.000719324 -0.0149273
0.00632111 -0.000582627 -0.014856
0.00383089 -0.000303754 -0.0151485
0.0013333 -8.17406e-05 -0.015662
0.000129925 -1.15991e-05 -0.0160585
0.000312298 -6.03929e-05 -0.0161403
0.00191868 -0.000209578 -0.0159626
0.00329492 -0.000411766 -0.015765
0.00356303 -0.000606209 -0.0157811
0.00442055 -0.000762707 -0.0159595
0.00546412 -0.000738422 -0.0162112
0.00392694 -0.000384677 -0.0167061
-0.000491562 0.000154451 -0.0174949
-0.00528591 0.000527981 -0.0182754
-0.00807779 0.000581001 -0.0188292
-0.00786268 0.000524811 -0.0192605
-0.00491428 0.000583472 -0.0196022
-0.00192096 0.000660764 -0.0196694
-0.00178244 0.000549944 -0.0195124
-0.00302757 0.000214674 -0.0194173
-0.00338858 -0.000103637 -0.0195737
-0.00455055 5.8559e-05 -0.0201721
-0.00786696 0.000844824 -0.0212152
-0.0107938 0.00163216 -0.0220856
-0.0108889 0.00165301 -0.0220975
-0.00828392 0.0008965 -0.0211526
-0.0035003 2.32614e-05 -0.0198098
0.00124193 -0.000321737 -0.0187975
0.00178966 -3.09107e-06 -0.0184852
-0.00213383 0.000555104 -0.0187309
-0.00669434 0.00081276 -0.0191206
-0.00874753 0.000702696 -0.0193943
-0.00879532 0.000645702 -0.0194481
-0.00871149 0.000833387 -0.0193015
-0.00661231 0.000782114 -0.0188791
-0.00127254 6.00717e-05 -0.0179809
0.00389051 -0.000938203 -0.0168707
0.00573636 -0.0014079 -0.0163826
0.00298785 -0.00092399 -0.0170148
-0.00404148 0.000198728 -0.0184536
-0.0118895 0.00113075 -0.019904
-0.0165435 0.00134473 -0.0206111
-0.0155503 0.0010575 -0.0207777
-0.0108438 0.000774651 -0.0208056
-0.00595994 0.000681318 -0.0205655
-7.39762e-05 0.000472806 -0.0199637
0.00533216 -5.97677e-05 -0.0190788
0.00544339 -0.000463427 -0.018705
-0.000422529 -0.000172937 -0.0192665
-0.00778633 0.000848468 -0.0203863
-0.01394 0.00218139 -0.0215676
-0.0216563 0.00307982 -0.0221552
-0.0284643 0.00292517 -0.0218427
-0.0266876 0.00178169 -0.0215705
-0.0190554 0.00057527 -0.0212464
-0.0116872 0.000148987 -0.0210733
-0.00482128 0.000191995 -0.0215055
-0.00071399 1.99997e-05 -0.0215053
-0.00115833 -0.000521449 -0.0212635
-0.00584689 -0.000811986 -0.0212276
-0.0123779 -0.000240231 -0.0215367
-0.0165356 0.00104822 -0.0224348
-0.0198608 0.00245935 -0.0231366
-0.0215552 0.00307024 -0.0228856
-0.0160919 0.00237138 -0.02188
-0.00539621 0.0010789 -0.0201343
0.0044436 0.000314276 -0.0182681
0.00999947 0.000241832 -0.0166231
0.0124703 0.000264184 -0.0159483
0.0147291 5.58668e-05 -0.0151366
0.0140891 -0.00032691 -0.013976
0.00932537 -0.000567548 -0.0130378
0.0029449 -0.000335086 -0.0126545
-0.00292618 -7.40502e-05 -0.0127451
-0.00284955 -0.00042713 -0.0124344
0.0028404 -0.00132364 -0.0117165
0.00815743 -0.00227592 -0.0110014
0.0109277 -0.00294346 -0.0108489
0.0113415 -0.00342097 -0.0110761
0.0119614 -0.00387929 -0.0112172
0.0118317 -0.00400909 -0.0114723
0.00817726 -0.0032957 -0.0129143
0.00374691 -0.00182377 -0.0149853
-0.00257654 -0.000191989 -0.0169344
-0.013046 0.00110208 -0.0184322
-0.0240078 0.00202615 -0.0201525
-0.0318684 0.0027049 -0.0220744
-0.0328292 0.00311566 -0.0239323
-0.0269569 0.00340331 -0.0257033
-0.0181644 0.00359175 -0.0267867
-0.00863732 0.00323125 -0.0272911
-0.00511435 0.00221106 -0.0266815
-0.0106711 0.00146618 -0.0258729
-0.0189295 0.00181708 -0.0266712
-0.0256692 0.00293278 -0.0282055
-0.0309993 0.00424221 -0.029221
-0.0378006 0.005483 -0.0295434
-0.0460705 0.00598658 -0.0287838
-0.0513227 0.0051432 -0.0279562
-0.0529108 0.00372227 -0.0271551
-0.0498174 0.0027515 -0.0258529
-0.0367669 0.00203418 -0.0252571
-0.0178785 0.00117551 -0.0245001
-0.00596228 0.000402924 -0.0231102
-0.00399793 -0.000145264 -0.0221821
-0.00452353 -0.000841929 -0.02111
-0.00448661 -0.00144826 -0.0195927
-0.00540195 -0.00105627 -0.0189522
-0.00551309 4.00279e-05 -0.0184968
-0.00245067 0.000835211 -0.0174607
0.00273172 0.0011816 -0.0162574
0.00657962 0.000974671 -0.0143263
0.00996235 -0.000103348 -0.0118129
0.0165298 -0.00150622 -0.00934809
0.0224637 -0.00211662 -0.00831871
0.0233522 -0.0017231 -0.00827795
0.0222227 -0.00125273 -0.00821002
0.0202162 -0.00133749 -0.00840933
0.0157414 -0.00203806 -0.00832049
0.0114556 -0.00297415 -0.00819787
0.00895154 -0.00351526 -0.00861165
0.00693518 -0.00339185 -0.00965191
0.00495455 -0.00284151 -0.0112807
0.00336057 -0.00258619 -0.0128266
0.00271493 -0.00287162 -0.0138454
0.00204982 -0.00308883 -0.0150496
0.000306329 -0.00278158 -0.0164691
-0.00434445 -0.00196497 -0.0182929
-0.0134879 -0.000508027 -0.0204296
-0.0223028 0.00122127 -0.0226482
-0.0273869 0.0024511 -0.0246875
-0.0298231 0.00334762 -0.0259925
-0.0271785 0.00408856 -0.0270704
-0.0193309 0.0045606 -0.0277511
-0.00750409 0.00465966 -0.0275444
0.00922244 0.00397703 -0.0261451
0.0281931 0.00283242 -0.0231935
0.0507708 0.00168363 -0.020175
0.0825006 0.000485184 -0.0147099
0.119805 -0.000746941 -0.00364756
0.15847 -0.00206173 0.0123732
0.197459 -0.0038373 0.0344283
0.233519 -0.00672338 0.0622023
0.27009 -0.0108439 0.0947667
0.312446 -0.0158572 0.13247
0.359685 -0.0218618 0.172844
0.412643 -0.0290843 0.215916
0.472228 -0.0378128 0.259868
0.536934 -0.047372 0.300569
0.606793 -0.0548848 0.338651
0.679958 -0.0593159 0.374904
0.755459 -0.0625658 0.409097
0.83011 -0.0656985 0.44135
0.89266 -0.0684047 0.470688
0.928274 -0.070486 0.495187
0.92505 -0.0718973 0.511233
0.885277 -0.0724465 0.51705
0.823336 -0.0716564 0.513397
0.750668 -0.068466 0.500329
0.670975 -0.0626165 0.478616
0.587907 -0.0557977 0.450135
0.507973 -0.0501988 0.418222
0.43298 -0.0463478 0.386426
0.358786 -0.0431882 0.35457
0.294271 -0.0393623 0.316733
0.286879 -0.0352588 0.27169
0.374087 -0.0313839 0.234326
0.511579 -0.0256663 0.234265
0.627573 -0.0205211 0.250743
0.707774 -0.0218298 0.270668
0.767665 -0.0265216 0.290502
0.813255 -0.0283977 0.302223
0.843847 -0.0329775 0.306185
0.85771 -0.0488262 0.308892
0.858119 -0.0634839 0.30401
0.807452 -0.0666243 0.275273
0.670159 -0.0652015 0.229754
0.495356 -0.0457502 0.154805
0.322421 -0.014585 0.0626745
0.14116 -0.000134609 -0.00226215
-0.021881 0.00959777 -0.032336
-0.201032 0.0219598 -0.0319263
-0.509244 0.0292424 -0.014052
-0.926425 0.0326214 0.025361
-1.29545 0.0270284 0.0654647
-1.56458 0.0177188 0.0855673
-1.77786 0.0123302 0.10318
-1.89074 0.0152315 0.108287
-1.87388 0.030253 0.0904841
-1.81154 0.0481536 0.067951
-1.76538 0.0562429 0.0568741
-1.69695 0.0489314 0.0487992
-1.61273 0.0391933 0.0435732
-1.56848 0.0345201 0.0431325
-1.5661 0.0235976 0.0433167
-1.57576 0.015883 0.0408235
-1.60096 0.027887 0.0353396
-1.6543 0.0526629 0.0256896
-1.70019 0.0753893 0.0177043
-1.72968 0.0861921 0.0136069
-1.76389 0.0884069 0.012275
-1.78548 0.0899339 0.012236
-1.80002 0.0809377 0.0216812
-1.81331 0.0586225 0.038499
-1.80457 0.0435602 0.0505478
-1.85059 0.0489321 0.056046
-2.02338 0.0645961 0.0658467
-2.24409 0.074813 0.0807394
-2.44377 0.0834588 0.097492
-2.66756 0.0924578 0.122205
-2.90391 0.0906946 0.151214
-3.09776 0.0788603 0.172316
-3.27504 0.0661619 0.188297
-3.42249 0.063 0.197467
-3.47163 0.0750274 0.194027
-3.44688 0.0860627 0.188357
-3.39459 0.085442 0.186131
-3.29149 0.0869251 0.17938
-3.18375 0.0863045 0.175111
-3.13253 0.0716727 0.180674
-3.06828 0.0483671 0.190434
-2.9629 0.0246249 0.197704
-2.87134 0.0112942 0.19997
-2.77242 0.0102481 0.193929
-2.64023 0.0126146 0.183496
-2.5289 0.019855 0.175411
-2.47299 0.0320868 0.167803
-2.44105 0.0352106 0.165043
-2.40323 0.0244452 0.173747
-2.36844 0.0113978 0.186248
-2.34664 0.00355126 0.196816
-2.33334 0.00117796 0.207338
-2.32996 0.00409389 0.216701
-2.31899 0.0110334 0.225341
-2.26932 0.0239803 0.240118
-2.18679 0.0392957 0.25891
-2.09978 0.044564 0.2862
-2.02659 0.0355185 0.321274
-1.96547 0.0177316 0.359619
-1.90336 -0.000675132 0.396788
-1.8303 -0.0119626 0.426845
-1.72794 -0.0134486 0.446113
-1.5929 -0.00858169 0.45622
-1.44535 -0.00759057 0.464175
-1.29294 -0.0181813 0.470344
-1.14178 -0.033113 0.475258
-1.01112 -0.0447707 0.481594
-0.911896 -0.0573405 0.495312
-0.829082 -0.0783509 0.513895
-0.733536 -0.108657 0.531263
-0.610149 -0.140627 0.546827
-0.46426 -0.164503 0.558771
-0.314246 -0.179024 0.568128
-0.18318 -0.189309 0.579183
-0.0866157 -0.195843 0.594537
-0.0336617 -0.198199 0.613512
-0.0278939 -0.201006 0.630436
-0.0570007 -0.207716 0.647299
-0.0953729 -0.215 0.658211
-0.119896 -0.213307 0.656856
-0.128184 -0.196252 0.647069
-0.136685 -0.170343 0.631981
-0.152597 -0.146533 0.616513
-0.167829 -0.131409 0.605058
-0.186589 -0.12803 0.599103
-0.216551 -0.135324 0.59888
-0.24096 -0.14825 0.600875
-0.241461 -0.159336 0.601633
-0.217839 -0.160823 0.598059
-0.178454 -0.150785 0.590162
-0.132439 -0.136215 0.580233
-0.0885115 -0.127543 0.572453
-0.0520184 -0.133758 0.573982
-0.0164462 -0.159697 0.5848
0.0276206 -0.198854 0.59653
0.0783031 -0.237443 0.604105
0.124125 -0.266962 0.604638
0.153511 -0.280547 0.596359
0.155507 -0.274483 0.583206
0.11517 -0.262028 0.564214
0.0309661 -0.259328 0.538824
-0.0782426 -0.26223 0.510593
-0.19545 -0.259457 0.477398
-0.310585 -0.249381 0.438649
-0.414566 -0.233209 0.397246
-0.503706 -0.212789 0.357459
-0.579248 -0.19568 0.324262
-0.64488 -0.188528 0.297991
-0.70891 -0.18938 0.278864
-0.777154 -0.193026 0.264865
-0.839515 -0.192732 0.248394
-0.879892 -0.183217 0.229778
-0.90019 -0.175969 0.217694
-0.900836 -0.191473 0.218575
-0.874395 -0.225742 0.224453
-0.83724 -0.242568 0.220547
-0.81646 -0.227834 0.205073
-0.821367 -0.207958 0.187377
-0.844433 -0.19054 0.170719
-0.877009 -0.163268 0.15017
-0.909084 -0.124842 0.123474
-0.93964 -0.0874753 0.0987265
-0.985367 -0.0729519 0.0886289
-1.04008 -0.0749372 0.0890363
-1.08364 -0.0652962 0.0845715
-1.13272 -0.0499465 0.0775786
-1.20362 -0.0430344 0.0756227
-1.27172 -0.0281206 0.0691196
-1.32024 0.0069049 0.0510363
-1.36874 0.0458468 0.0345907
-1.43151 0.0659535 0.0308565
-1.48774 0.0710212 0.0320299
-1.52023 0.0765735 0.0322585
-1.54314 0.0750477 0.0342596
-1.5752 0.0633092 0.0397316
-1.6149 0.0588336 0.0423746
-1.64473 0.0709501 0.0368374
-1.66288 0.0880771 0.0287849
-1.68227 0.0949694 0.0250798
-1.6965 0.0927597 0.0257083
-1.68986 0.0851837 0.0283563
-1.66781 0.0672695 0.0352131
-1.64485 0.0430356 0.045183
-1.63143 0.0260408 0.05271
-1.63469 0.0227758 0.0543559
-1.65343 0.0273964 0.0530637
-1.68874 0.0308623 0.0531642
-1.74241 0.0328657 0.0551876
-1.80011 0.0333105 0.0589544
-1.83887 0.0262654 0.065043
-1.85391 0.0145293 0.0718271
-1.86271 0.00893354 0.0753137
-1.87598 0.0119616 0.0742158
-1.8867 0.0182584 0.0709001
-1.88867 0.0249496 0.067463
-1.88581 0.0307947 0.0649413
-1.88336 0.0326656 0.0647163
-1.88025 0.0278706 0.0681409
-1.86958 0.0188617 0.0728817
-1.84487 0.0132359 0.0747426
-1.80752 0.0144652 0.0720799
-1.76206 0.0199585 0.0661024
-1.70864 0.0283015 0.0580078
-1.64954 0.0385495 0.0488739
-1.59683 0.0465953 0.0414601
-1.56266 0.0494522 0.0378823
-1.54323 0.0489545 0.0372006
-1.5206 0.0482762 0.0369059
-1.47835 0.0479004 0.0358787
-1.41128 0.0470709 0.033991
-1.32476 0.0470051 0.0311184
-1.22986 0.0477706 0.0283889
-1.13985 0.0459264 0.0282666
-1.06922 0.0391514 0.0331479
-1.03022 0.0286726 0.0434296
-1.02586 0.0167605 0.056981
-1.05029 0.00553882 0.0717373
-1.09522 -0.00196849 0.0869685
-1.1509 -0.00335301 0.100417
-1.19413 -0.00132464 0.109503
-1.19422 -0.002093 0.113581
-1.14851 -0.00764642 0.116965
-1.0793 -0.0133728 0.123903
-1.00249 -0.0150975 0.133902
-0.919372 -0.0170337 0.149092
-0.833922 -0.0256646 0.169082
-0.759296 -0.0431814 0.19679
-0.691556 -0.0751147 0.235621
-0.602089 -0.124229 0.280361
-0.46232 -0.183202 0.327489
-0.287998 -0.243034 0.370743
-0.117691 -0.288154 0.404006
0.0407075 -0.311963 0.435012
0.186006 -0.32477 0.461489
0.324647 -0.322258 0.48497
0.447262 -0.298951 0.505274
0.509811 -0.274108 0.512112
0.505838 -0.261406 0.515614
0.472765 -0.253166 0.525166
0.437035 -0.24331 0.53611
0.403578 -0.23194 0.546556
0.379725 -0.223395 0.556686
0.373713 -0.2214 0.569621
0.375744 -0.224247 0.586774
0.370717 -0.230495 0.603052
0.354249 -0.238013 0.619827
0.323232 -0.246031 0.636582
0.281076 -0.253546 0.646852
0.249633 -0.253519 0.64517
0.249013 -0.239639 0.631726
0.268253 -0.212872 0.607673
0.285589 -0.178469 0.579207
0.301426 -0.147271 0.555433
0.321504 -0.13378 0.540816
0.349335 -0.14188 0.539669
0.401282 -0.164954 0.550706
0.488632 -0.196445 0.562705
0.595661 -0.226382 0.569131
0.683763 -0.245111 0.57711
0.717614 -0.254309 0.58019
0.703837 -0.258626 0.570598
0.662605 -0.263061 0.556347
0.586485 -0.278254 0.543296
0.481132 -0.303913 0.52973
0.380935 -0.316882 0.505205
0.303839 -0.300373 0.461709
0.239879 -0.266335 0.405282
0.175703 -0.229418 0.349157
0.0980569 -0.200429 0.299311
-0.00734736 -0.190095 0.255293
-0.141792 -0.191073 0.219767
-0.297474 -0.187834 0.194509
-0.462112 -0.177293 0.173868
-0.6164 -0.164034 0.15884
-0.74587 -0.152373 0.150132
-0.838789 -0.148721 0.146729
-0.882589 -0.161417 0.149942
-0.871787 -0.179781 0.151149
-0.812153 -0.171372 0.135347
-0.736319 -0.142495 0.110413
-0.686537 -0.126524 0.0925736
-0.672157 -0.114157 0.0788298
-0.687733 -0.0931243 0.0636449
-0.728071 -0.074309 0.0499907
-0.784091 -0.0619883 0.0419582
-0.851565 -0.053635 0.0364722
-0.914657 -0.0361303 0.0250399
-0.958112 -0.00297882 0.00397883
-0.993113 0.0291418 -0.014752
-1.03416 0.0499266 -0.0256057
-1.07805 0.0698412 -0.0340367
-1.12744 0.0881856 -0.0383198
-1.19137 0.0917655 -0.0337494
-1.27022 0.0813413 -0.0202688
-1.36875 0.070675 -0.00553545
-1.47932 0.0761447 0.00398928
-1.57978 0.0947247 0.00660631
-1.67207 0.11057 0.00665004
-1.74675 0.124121 0.00722552
-1.77616 0.134359 0.00620798
-1.76605 0.12818 0.00756009
-1.7423 0.108438 0.0136154
-1.71845 0.0925932 0.0193087
-1.69135 0.0863327 0.0199051
-1.65882 0.0853084 0.0173689
-1.61848 0.085337 0.0146891
-1.57143 0.0851304 0.0120098
-1.52719 0.0818726 0.0123925
-1.49344 0.0658579 0.0201269
-1.46767 0.0402579 0.0328917
-1.44318 0.0210694 0.0438618
-1.42225 0.00901549 0.0514734
-1.409 -0.00233564 0.058182
-1.39933 -0.00724909 0.0620279
-1.39496 -0.00172381 0.061987
-1.41164 0.00353031 0.0639333
-1.45548 -0.00107495 0.072093
-1.50453 -0.00945582 0.0825433
-1.5261 -0.013606 0.0897573
-1.50713 -0.0161221 0.0937279
-1.44487 -0.0192738 0.0943029
-1.33935 -0.0173183 0.0896543
-1.21437 -0.00865816 0.0808482
-1.09862 -0.000767527 0.0732313
-0.990897 0.000287399 0.0713079
-0.878832 -0.00481894 0.0745483
-0.772611 -0.0131798 0.0826546
-0.688399 -0.0242135 0.0975291
-0.615809 -0.0360086 0.118856
-0.531295 -0.0421197 0.139071
-0.431278 -0.0344354 0.153608
-0.338921 -0.0135912 0.167044
-0.27684 0.0045913 0.183656
-0.24196 0.00916044 0.201629
-0.228514 0.0082556 0.220064
-0.242619 0.0100003 0.237439
-0.266571 0.0113613 0.253294
-0.269047 0.00889133 0.271238
-0.255238 0.00249816 0.290748
-0.247733 -0.00843255 0.31228
-0.24606 -0.0223016 0.335169
-0.239116 -0.033689 0.35457
-0.230919 -0.0385798 0.36845
-0.228687 -0.0389438 0.377933
-0.222084 -0.0406393 0.384925
-0.203057 -0.0449913 0.391511
-0.181029 -0.0485332 0.398781
-0.161429 -0.0507668 0.406846
-0.135422 -0.0545724 0.415302
-0.0989403 -0.0617055 0.423793
-0.0609416 -0.0712631 0.431344
-0.0288141 -0.0815738 0.436715
-0.00386154 -0.0922736 0.440693
0.00900188 -0.105596 0.445329
0.00247848 -0.122517 0.450613
-0.0192565 -0.137459 0.453247
-0.0411582 -0.144252 0.449975
-0.0562919 -0.14271 0.437951
-0.0720432 -0.13402 0.417193
-0.0989115 -0.119104 0.391946
-0.141077 -0.102838 0.365043
-0.192724 -0.0890873 0.337727
-0.242675 -0.0760351 0.310927
-0.281512 -0.0624226 0.283829
-0.303947 -0.0490871 0.256215
-0.313694 -0.036308 0.230075
-0.322047 -0.0258727 0.207972
-0.334459 -0.0211302 0.190846
-0.346855 -0.0244207 0.178403
-0.358184 -0.0360268 0.169561
-0.37334 -0.0522928 0.159917
-0.390888 -0.0640614 0.146766
-0.410794 -0.0685116 0.132362
-0.44565 -0.0742476 0.119836
-0.496448 -0.0783116 0.108598
-0.550301 -0.0690323 0.0931554
-0.606716 -0.0497165 0.0745656
-0.677143 -0.0355447 0.062949
-0.76583 -0.0335904 0.0604575
-0.861483 -0.0358477 0.0629864
-0.954457 -0.0388852 0.0678174
-1.03827 -0.0434607 0.073068
-1.10452 -0.0467224 0.077273
-1.15263 -0.0486221 0.0790279
-1.18162 -0.0436994 0.0753462
-1.19134 -0.029613 0.0662095
-1.1953 -0.0193274 0.0588382
-1.20503 -0.018684 0.0562362
-1.21893 -0.0185226 0.0547384
-1.23772 -0.0163562 0.0532578
-1.26299 -0.0163917 0.0529647
-1.28255 -0.0141571 0.0510104
-1.28315 -0.0041653 0.0439916
-1.26877 0.00993832 0.0339379
-1.25311 0.0207201 0.0260243
-1.24425 0.0248051 0.0220891
-1.24123 0.026609 0.020133
-1.24481 0.0276733 0.0200016
-1.2556 0.0252961 0.0217095
-1.26538 0.0254389 0.0221204
-1.26919 0.0334362 0.0186466
-1.26983 0.0447843 0.0132354
-1.26977 0.0539957 0.00898645
-1.26925 0.0599045 0.00627085
-1.26706 0.0629217 0.00515265
-1.2643 0.0612111 0.00650293
-1.26176 0.0558836 0.00964657
-1.25525 0.0530328 0.0117469
-1.24196 0.0553834 0.0112151
-1.22191 0.0592455 0.00966282
-1.19121 0.0606472 0.00845065
-1.14742 0.0590992 0.00799194
-1.09787 0.0535037 0.00956377
-1.04987 0.0428697 0.0141975
-1.00351 0.0305123 0.0203159
-0.960072 0.021088 0.0253463
-0.922599 0.0162083 0.0288112
-0.888834 0.0138352 0.0314996
-0.856302 0.0115735 0.0345497
-0.827642 0.008343 0.0393128
-0.803501 0.00227176 0.0472414
-0.778941 -0.00810473 0.0587711
-0.753042 -0.0211759 0.0733705
-0.732437 -0.0332078 0.0895369
-0.719151 -0.0409835 0.104917
-0.707874 -0.0440718 0.117935
-0.694634 -0.0444793 0.128658
-0.676667 -0.0443127 0.138099
-0.649598 -0.0451596 0.147653
-0.611665 -0.0483301 0.15872
-0.567267 -0.0542056 0.171466
-0.522748 -0.0619766 0.18494
-0.480171 -0.0704987 0.197724
-0.440151 -0.0785554 0.208607
-0.406061 -0.08479 0.217076
-0.379774 -0.0886275 0.223445
-0.357757 -0.090287 0.228564
-0.335173 -0.090157 0.233114
-0.311403 -0.0887379 0.23657
-0.289039 -0.0862992 0.238628
-0.271389 -0.0829082 0.240217
-0.261627 -0.0790851 0.241796
-0.261581 -0.076021 0.243069
-0.269835 -0.074632 0.244256
-0.282427 -0.0744734 0.245969
-0.297547 -0.0745638 0.247801
-0.31476 -0.0746198 0.248581
-0.33078 -0.074686 0.248031
-0.343055 -0.0745347 0.246321
-0.354391 -0.0738258 0.243237
-0.36893 -0.0725429 0.238441
-0.386372 -0.0706823 0.231805
-0.404342 -0.0678567 0.223648
-0.42226 -0.0641707 0.214546
-0.437951 -0.060503 0.205272
-0.44725 -0.0576655 0.196233
-0.450891 -0.0564682 0.18748
-0.454331 -0.05825 0.180152
-0.460673 -0.0643679 0.174384
-0.468783 -0.073185 0.168109
-0.476873 -0.0792811 0.159517
-0.487426 -0.0802032 0.148167
-0.504665 -0.0777465 0.135421
-0.528008 -0.0715705 0.121895
-0.555364 -0.0611305 0.106533
-0.586324 -0.0493314 0.0912836
-0.621237 -0.0394036 0.0789553
-0.660913 -0.0328885 0.0704914
-0.704376 -0.0294893 0.0657351
-0.748243 -0.0266864 0.0624395
-0.789573 -0.0220705 0.0587668
-0.826787 -0.0154538 0.0542544
-0.85639 -0.00690796 0.0484152
-0.876302 0.00308162 0.0414979
-0.890364 0.0116549 0.0351564
-0.901147 0.0167239 0.0305739
-0.906272 0.018962 0.0273328
-0.905433 0.0196805 0.0246463
-0.901922 0.0206136 0.0219113
-0.897714 0.0233726 0.0185168
-0.892983 0.0280168 0.0143872
-0.88878 0.0333011 0.0103644
-0.887017 0.0370118 0.00768232
-0.888081 0.0376245 0.00684152
-0.891625 0.0358123 0.00757559
-0.898989 0.0328706 0.00937537
-0.910558 0.0299873 0.0116167
-0.923353 0.0285584 0.0134184
-0.935202 0.0289291 0.0144516
-0.947322 0.029841 0.0154305
-0.960404 0.029477 0.0173601
-0.972375 0.0265052 0.0207951
-0.981118 0.0209013 0.0255456
-0.985374 0.013809 0.0309476
-0.98257 0.00659558 0.0359909
-0.970392 0.000721985 0.0396578
-0.950631 -0.00307259 0.0418058
-0.92703 -0.00577365 0.0432553
-0.901568 -0.00905555 0.0449345
-0.876147 -0.0139001 0.0475054
-0.852602 -0.0202737 0.0512321
-0.829906 -0.0274425 0.0556876
-0.806515 -0.0342426 0.0601046
-0.783222 -0.0392754 0.0638814
-0.760763 -0.0417213 0.0666385
-0.739252 -0.0421051 0.0685329
-0.721507 -0.0417226 0.0704108
-0.711952 -0.0414086 0.0732034
-0.71077 -0.0413238 0.077079
-0.713108 -0.0413845 0.0816267
-0.713746 -0.0414949 0.0861172
-0.709157 -0.041379 0.089813
-0.698574 -0.040246 0.0924546
-0.685078 -0.0376448 0.0940747
-0.672016 -0.0344526 0.0950924
-0.659467 -0.0320878 0.0961391
-0.646242 -0.0313859 0.097546
-0.632042 -0.032515 0.0994739
-0.615505 -0.0351971 0.10193
-0.594206 -0.0386096 0.104548
-0.568855 -0.0413437 0.106526
-0.544069 -0.0420793 0.107131
-0.524543 -0.0405569 0.106539
-0.512868 -0.0376923 0.105425
-0.509285 -0.0346975 0.104343
-0.511239 -0.0324285 0.103912
-0.515018 -0.0313812 0.104486
-0.519306 -0.0316013 0.106055
-0.525608 -0.032466 0.10827
-0.535253 -0.0328973 0.110284
-0.547798 -0.0319805 0.111333
-0.562237 -0.0294546 0.111091
-0.577443 -0.025767 0.109753
-0.591488 -0.0218569 0.107982
-0.60277 -0.0187877 0.10634
-0.610612 -0.0172714 0.104909
-0.614058 -0.0173896 0.103477
-0.612749 -0.0186758 0.101813
-0.608529 -0.0203043 0.0997743
-0.603449 -0.0213737 0.0972961
-0.597307 -0.0213974 0.0941922
-0.589683 -0.0205584 0.0903678
-0.582831 -0.0194552 0.0861738
-0.579782 -0.0186472 0.0820978
-0.581566 -0.0183948 0.0782737
-0.588542 -0.0186371 0.074875
-0.601402 -0.0190087 0.0720272
-0.619543 -0.0189505 0.0693856
-0.641498 -0.0178984 0.0665158
-0.666684 -0.0155258 0.0633949
-0.693915 -0.012166 0.0603872
-0.719546 -0.00881054 0.0576579
-0.740156 -0.00657201 0.0554105
-0.75522 -0.00616408 0.0540472
-0.76502 -0.00755775 0.0535475
-0.769124 -0.0100482 0.0533671
-0.768337 -0.0126953 0.053062
-0.764692 -0.0147102 0.0523598
-0.759355 -0.0156218 0.0510378
-0.753723 -0.0154537 0.0492097
-0.750411 -0.0148028 0.0474527
-0.750598 -0.0144156 0.0462763
-0.753767 -0.0146082 0.0457674
-0.760361 -0.0151537 0.04584
-0.771194 -0.0156288 0.0463353
-0.785339 -0.0156332 0.0469333
-0.801341 -0.0148049 0.0473267
-0.818366 -0.0131175 0.0474582
-0.834405 -0.0110837 0.0474274
-0.846457 -0.00940129 0.0473413
-0.853325 -0.00847971 0.0473459
-0.855561 -0.0083183 0.0475122
-0.853467 -0.0086611 0.0476816
-0.847567 -0.00914111 0.0476642
-0.83945 -0.00941204 0.0473999
-0.83031 -0.00933647 0.0468742
-0.820632 -0.00907149 0.0461599
-0.81169 -0.00890045 0.0455058
-0.804843 -0.00894992 0.0451175
-0.800175 -0.00913291 0.0449648
-0.797598 -0.00924693 0.0449318
-0.797476 -0.00904736 0.0449498
-0.799108 -0.00843368 0.0449435
-0.800714 -0.00756072 0.0448798
-0.80113 -0.00671968 0.0448754
-0.799587 -0.00618834 0.0450352
-0.794774 -0.00609431 0.0452951
-0.785975 -0.00632667 0.0455549
-0.77419 -0.00658833 0.045791
-0.761233 -0.00657454 0.0460007
-0.748701 -0.00616279 0.0462128
-0.737688 -0.00551999 0.046553
-0.72811 -0.00499627 0.0471434
-0.71873 -0.00484631 0.0480321
-0.708954 -0.00512062 0.049244
-0.699813 -0.00564777 0.0508173
-0.692773 -0.00603323 0.0525872
-0.688694 -0.00589298 0.0543237
-0.687858 -0.0051738 0.0559629
-0.689437 -0.00420254 0.0577216
-0.6907 -0.00352468 0.0595695
-0.68849 -0.00368589 0.0614972
-0.681447 -0.00492022 0.0637229
-0.67058 -0.00702915 0.066187
-0.658345 -0.009497 0.0686659
-0.647359 -0.0116985 0.0709514
-0.639512 -0.0132467 0.0729292
-0.634649 -0.0142606 0.0745046
-0.631044 -0.0151791 0.0757938
-0.627474 -0.0164053 0.0769387
-0.623794 -0.0181982 0.0780797
-0.620146 -0.0205146 0.0792993
-0.617486 -0.0229149 0.0804212
-0.618515 -0.024827 0.0812421
-0.625536 -0.0258316 0.081689
-0.637104 -0.0259039 0.0816526
-0.648712 -0.0255528 0.0810918
-0.656639 -0.0255196 0.0803703
-0.659421 -0.0263105 0.0800071
-0.657113 -0.0280184 0.0800854
-0.651819 -0.0303302 0.0803494
-0.647348 -0.0326527 0.0805718
-0.646391 -0.0344004 0.0804887
-0.649119 -0.0352291 0.0798572
-0.654002 -0.0351695 0.0787972
-0.658814 -0.0346335 0.0775728
-0.661946 -0.0341277 0.0763181
-0.664077 -0.0338823 0.0750913
-0.668039 -0.033737 0.0739298
-0.676622 -0.0333483 0.0728284
-0.690773 -0.0324257 0.0716986
-0.709048 -0.0308149 0.0703555
-0.727706 -0.0285727 0.0686165
-0.742032 -0.0260402 0.0664927
-0.749239 -0.0237543 0.0641256
-0.750184 -0.0221124 0.0618239
-0.747951 -0.0211077 0.0598489
-0.745532 -0.0205185 0.0581557
-0.745094 -0.020107 0.0566568
-0.747585 -0.0195238 0.0552272
-0.75185 -0.018352 0.0536145
-0.755235 -0.016433 0.0516183
-0.755658 -0.0141177 0.0493679
-0.75314 -0.0118908 0.0471913
-0.750145 -0.00983156 0.0452949
-0.750468 -0.00788324 0.0438489
-0.756504 -0.00627205 0.0430343
-0.767225 -0.00512159 0.0428062
-0.779443 -0.00406789 0.0427982
-0.790334 -0.00268363 0.0426555
-0.798297 -0.000999405 0.0423042
-0.802745 0.000647907 0.0418276
-0.804289 0.00210803 0.0412716
-0.804747 0.00340147 0.0407191
-0.806151 0.00423747 0.0404294
-0.809441 0.00424706 0.0406268
-0.813821 0.00368 0.0411582
-0.816993 0.00307441 0.0416197
-0.816347 0.00255018 0.0417562
-0.810883 0.0019932 0.0415611
-0.802285 0.00150196 0.0411498
-0.793857 0.00123349 0.0407174
-0.7883 0.000979906 0.0405133
-0.786671 0.000350848 0.0406992
-0.788629 -0.000649941 0.0412535
-0.79247 -0.00166019 0.0419853
-0.7956 -0.00243446 0.0426516
-0.795852 -0.00294213 0.0431082
-0.792132 -0.00312499 0.0432719
-0.784776 -0.00289371 0.0431158
-0.775982 -0.00244856 0.042871
-0.768319 -0.0022926 0.0429741
-0.762363 -0.00272236 0.0436211
-0.756817 -0.00357604 0.0446407
-0.750119 -0.00457424 0.0457883
-0.741213 -0.0055345 0.0468979
-0.730315 -0.00621294 0.0478462
-0.719539 -0.00631388 0.0486066
-0.711344 -0.00580241 0.049285
-0.70667 -0.00511418 0.0500793
-0.705555 -0.0048732 0.0512799
-0.70758 -0.00537341 0.0530752
-0.710601 -0.00655659 0.0553134
-0.711087 -0.00827641 0.0575891
-0.706965 -0.0102981 0.0596185
-0.699156 -0.0122428 0.0613034
-0.689936 -0.0138078 0.0626307
-0.681072 -0.0151303 0.0637975
-0.673328 -0.0167827 0.0651664
-0.666152 -0.019277 0.06697
-0.658157 -0.0226968 0.0692017
-0.648851 -0.0267619 0.0717617
-0.63933 -0.0309717 0.074486
-0.630996 -0.034706 0.0770655
-0.624995 -0.0374318 0.0791388
-0.622997 -0.03894 0.0806445
-0.626523 -0.0394202 0.081886
-0.635205 -0.0393856 0.0831737
-0.646901 -0.0393971 0.0845508
-0.65933 -0.0397241 0.0859089
-0.671074 -0.0402931 0.0871292
-0.681726 -0.0407699 0.0879553
-0.691645 -0.04066 0.0880603
-0.700826 -0.0396265 0.0873106
-0.707814 -0.0378141 0.0857303
-0.710794 -0.035804 0.0834898
-0.709373 -0.0342158 0.0810722
-0.704033 -0.0333973 0.0789415
-0.694689 -0.0333546 0.077048
-0.681716 -0.033746 0.0750573
-0.667412 -0.0339291 0.0728187
-0.654792 -0.0331997 0.070343
-0.645959 -0.0311712 0.0675803
-0.642047 -0.0279676 0.064574
-0.643315 -0.0240701 0.0615757
-0.649106 -0.0199692 0.0587967
-0.658742 -0.0159286 0.0563553
-0.67196 -0.0120125 0.054356
-0.687885 -0.00821107 0.052793
-0.704784 -0.00449845 0.0514703
-0.721232 -0.00089138 0.0502251
-0.736348 0.00239159 0.0490959
-0.748761 0.00494901 0.0481388
-0.756712 0.0065039 0.0473414
-0.758949 0.00703416 0.0465531
-0.754908 0.00672072 0.0456883
-0.745058 0.00589426 0.0446809
-0.731467 0.00487905 0.04352
-0.717478 0.00386952 0.0424294
-0.706201 0.00284335 0.0416097
-0.699544 0.00158422 0.0412555
-0.698337 -5.84528e-05 0.04148
-0.702063 -0.00197527 0.0422432
-0.709433 -0.00386657 0.0433406
-0.719848 -0.00536379 0.0445537
-0.733392 -0.00612733 0.0457213
-0.749735 -0.00606574 0.0467262
-0.767722 -0.00552223 0.0476288
-0.78528 -0.0051641 0.0486319
-0.799485 -0.00557601 0.0498599
-0.807675 -0.0068788 0.0512138
-0.808934 -0.00874442 0.0524279
-0.804064 -0.0106675 0.0532455
-0.794263 -0.0121925 0.0534906
-0.78079 -0.0130806 0.0531157
-0.765217 -0.0134448 0.052331
-0.749185 -0.0137286 0.0515403
-0.734175 -0.0143591 0.0511131
-0.72119 -0.0153807 0.0511554
-0.710635 -0.0164726 0.0515086
-0.702862 -0.017166 0.0519194
-0.698266 -0.0170305 0.052187
-0.696966 -0.0158376 0.0522321
-0.69895 -0.013707 0.0521662
-0.704155 -0.0111982 0.0522705
-0.711841 -0.00906768 0.0527838
-0.720129 -0.00778099 0.0537066
-0.726633 -0.00737144 0.0548978
-0.729427 -0.00762035 0.056211
-0.727109 -0.00822459 0.057326
-0.719193 -0.00890568 0.0580596
-0.707155 -0.00953037 0.0585089
-0.693425 -0.0103081 0.0589089
-0.679517 -0.0117394 0.0596608
-0.665636 -0.0142318 0.060982
-0.651615 -0.0177317 0.0628927
-0.638254 -0.0217254 0.0652078
-0.627418 -0.0255805 0.067647
-0.621149 -0.0286934 0.0699559
-0.621215 -0.0305475 0.0718684
-0.628799 -0.0309836 0.0732901
-0.643733 -0.030367 0.074394
-0.664006 -0.0293683 0.0754161
-0.686125 -0.0286038 0.0763907
-0.706129 -0.0283819 0.0772626
-0.721157 -0.0286652 0.077941
-0.730707 -0.0291911 0.078227
-0.736024 -0.0295432 0.0780246
-0.738055 -0.029389 0.0772257
-0.736649 -0.0288537 0.0757544
-0.731354 -0.0284256 0.0738433
-0.72209 -0.0284776 0.0717891
-0.709307 -0.0289551 0.0697146
-0.694552 -0.0293765 0.0675258
-0.6809 -0.029182 0.0651969
-0.671563 -0.0279936 0.0627015
-0.668177 -0.0255936 0.0599426
-0.670915 -0.0219952 0.0569558
-0.679296 -0.0175415 0.0539954
-0.69208 -0.0128036 0.0513873
-0.706782 -0.00829584 0.0492471
-0.720824 -0.00424259 0.0475222
-0.73346 -0.000645696 0.0461495
-0.745208 0.00250095 0.0450954
-0.75568 0.00515219 0.0442687
-0.763272 0.00725713 0.0435275
-0.76654 0.00876089 0.0427627
-0.764925 0.00961822 0.0419275
-0.758533 0.00983063 0.0410567
-0.748163 0.00948557 0.0402022
-0.735803 0.00873081 0.0394224
-0.724248 0.00763378 0.0388789
-0.715834 0.00616613 0.0387579
-0.711656 0.00433918 0.0391523
-0.711706 0.00221226 0.0400783
-0.715259 -0.000156365 0.0414566
-0.721276 -0.00263588 0.04312
-0.729106 -0.00496302 0.0448912
-0.738735 -0.0068699 0.0466449
-0.750265 -0.00831401 0.0483606
-0.763217 -0.00954266 0.0501242
-0.776155 -0.0109144 0.0520159
-0.786807 -0.0126894 0.0539983
-0.79285 -0.0149573 0.0559567
-0.793015 -0.0175923 0.0577321
-0.787412 -0.0202505 0.0591508
-0.776907 -0.0225321 0.0600465
-0.762825 -0.0242092 0.060383
-0.746981 -0.0253463 0.0603715
-0.731018 -0.0261865 0.0603155
-0.715797 -0.0269365 0.0604456
-0.701626 -0.0276837 0.0608617
-0.688679 -0.0283834 0.0615155
-0.677368 -0.0287554 0.0622358
-0.668954 -0.0283238 0.0628163
-0.665304 -0.0267186 0.0631255
-0.667433 -0.0239118 0.0631823
-0.674087 -0.0202661 0.0630851
-0.682425 -0.0164475 0.06297
