-2.83714e-06 4.18841e-07 -0.0102477
-6.10398e-05 6.99201e-07 -0.0102792
-0.000189809 -3.05248e-07 -0.01035
-0.000282689 -2.8735e-06 -0.0103954
-0.000336361 -4.31358e-06 -0.0104069
-0.000467146 -5.26524e-06 -0.0104557
-0.000750205 -7.48586e-06 -0.0105861
-0.00111719 -1.17037e-05 -0.0107529
-0.00137735 -1.69051e-05 -0.010839
-0.00138317 -2.11357e-05 -0.0107572
-0.00111626 -2.395e-05 -0.0105095
-0.000771761 -2.28299e-05 -0.0102305
-0.000670306 -1.70035e-05 -0.0101253
-0.00075596 -1.2294e-05 -0.0101656
-0.00073755 -1.25421e-05 -0.0101555
-0.000770176 -2.0527e-05 -0.0101634
-0.00112023 -4.17631e-05 -0.0103594
-0.001611 -6.73605e-05 -0.0106534
-0.00199536 -7.72051e-05 -0.0108996
-0.00219234 -6.66867e-05 -0.0110513
-0.00201205 -4.99771e-05 -0.0109806
-0.00124962 -3.86806e-05 -0.0105472
-0.000247082 -2.76152e-05 -0.00996598
0.000306075 -9.99189e-06 -0.00968345
0.000446029 9.3473e-06 -0.00970603
0.000473162 2.81446e-05 -0.00982179
0.000182334 3.49952e-05 -0.0101088
-0.000348906 1.49113e-05 -0.0105043
-0.000606426 -1.68148e-05 -0.0107021
-0.000286361 -3.19009e-05 -0.0105766
0.000395766 -1.17842e-05 -0.0102945
0.00110637 3.40699e-05 -0.0100278
0.00187812 7.18305e-05 -0.00972267
0.00254746 8.28597e-05 -0.00943887
0.00232584 7.2224e-05 -0.00960843
0.00121673 4.34577e-05 -0.0102666
0.000335724 9.5981e-06 -0.0107821
-6.05047e-06 -4.00299e-06 -0.0109391
7.40853e-05 1.27401e-06 -0.0108287
0.000673106 2.15961e-05 -0.0104069
0.00112691 5.29442e-05 -0.0100614
0.00126307 7.31256e-05 -0.00993455
0.00183228 8.22805e-05 -0.00954143
0.0023526 8.20568e-05 -0.00910087
0.00163278 4.77738e-05 -0.00938602
-0.000265648 -1.37466e-05 -0.010415
-0.00229262 -5.51294e-05 -0.0115245
-0.00343739 -5.76369e-05 -0.0120883
-0.00316441 -5.4216e-05 -0.0117801
-0.00168762 -7.00584e-05 -0.0107067
-0.000490905 -7.39857e-05 -0.00978384
-0.00071409 -4.91841e-05 -0.00982191
-0.00127897 -1.26602e-05 -0.0101864
-0.00123366 2.0092e-05 -0.0101429
-0.00155258 2.89365e-07 -0.0102156
-0.00287768 -9.32755e-05 -0.0108279
-0.0040357 -0.000185698 -0.0113635
-0.00401586 -0.000189516 -0.011353
-0.00302401 -9.92283e-05 -0.0109606
-0.00115379 4.72201e-06 -0.0100808
0.00069512 4.79192e-05 -0.00913126
0.00073011 1.64119e-05 -0.00920765
-0.00106689 -4.9248e-05 -0.0103681
-0.00291232 -7.89039e-05 -0.0115744
-0.00337836 -7.87591e-05 -0.0119795
-0.0032439 -7.67292e-05 -0.011959
-0.00350347 -8.46858e-05 -0.0120584
-0.00280257 -8.37118e-05 -0.0116298
-0.000545088 -2.75116e-06 -0.010372
0.00162003 0.00011319 -0.00920523
0.00237324 0.000168498 -0.00883338
0.00124159 0.000117306 -0.00943987
-0.00169945 -1.34828e-05 -0.0110029
-0.00497608 -0.000115973 -0.0127676
-0.00618698 -0.000174994 -0.0134928
-0.00510254 -0.000180959 -0.0127846
-0.00345516 -0.000102838 -0.0115779
-0.00184542 -9.58531e-05 -0.0103716
7.80311e-05 -5.01867e-05 -0.00906413
0.00226384 3.64211e-05 -0.00784285
0.00249283 5.00122e-05 -0.0078504
-0.000131085 5.28766e-05 -0.00953148
-0.00264534 -0.000113069 -0.0110482
-0.00481548 -0.000287716 -0.0122539
-0.00751666 -0.000364124 -0.0141555
-0.00879465 -0.000352673 -0.0155609
-0.00800203 -0.000193725 -0.0151288
-0.00578331 -5.04075e-05 -0.0133276
-0.00352635 -1.61833e-05 -0.0113783
-0.0017411 -1.43549e-06 -0.00971467
0.000256999 -3.97321e-06 -0.00832646
0.000251498 2.35315e-05 -0.00840492
-0.00210212 0.000129505 -0.0100494
-0.00374142 4.48602e-05 -0.0113366
-0.00465673 -0.000133888 -0.0120544
-0.00571544 -0.000298137 -0.0127638
-0.00626196 -0.000414462 -0.0132521
-0.00483297 -0.000297253 -0.0125269
-0.0010797 -0.000165457 -0.0102724
0.00194925 -3.75128e-05 -0.00862061
0.00360113 2.50261e-05 -0.00793798
0.00525575 -4.98894e-05 -0.0069924
0.00619881 -7.84135e-06 -0.00692838
0.00589357 3.34953e-05 -0.00765294
0.00357985 4.43885e-05 -0.0095192
0.000324632 7.12306e-05 -0.0120797
-0.00109011 -4.74264e-06 -0.0132986
-0.000936081 2.93577e-05 -0.0133704
0.000514837 0.000196178 -0.0122811
0.00309494 0.000232658 -0.0105041
0.004346 0.000302187 -0.00971482
0.00477284 0.0003424 -0.0091651
0.00530668 0.00027937 -0.00838885
0.00483324 0.000366177 -0.00850627
0.00368328 0.000282236 -0.00900367
0.00188167 0.000131878 -0.00995213
-0.000724969 5.33572e-05 -0.0112336
-0.00437527 -0.000137194 -0.013291
-0.00837293 -0.000182509 -0.0156525
-0.00979997 -0.000251405 -0.0163189
-0.00898647 -0.000374361 -0.0152837
-0.00741069 -0.000371311 -0.0132605
-0.004384 -0.000470962 -0.0103883
-0.00155402 -0.000422387 -0.00784568
-0.00103794 -0.000197655 -0.00744253
-0.00347374 -0.00018693 -0.00922447
-0.00649754 -0.000168968 -0.0112391
-0.00743184 -0.000278832 -0.0119232
-0.00828592 -0.000423045 -0.0126418
-0.0101208 -0.000593641 -0.0139038
-0.0111913 -0.000768209 -0.0153013
-0.0121693 -0.000624305 -0.0166444
-0.0133964 -0.000527841 -0.0174225
-0.0132088 -0.000378445 -0.0176228
-0.0102389 -3.97896e-05 -0.0157218
-0.00471948 0.000115933 -0.0115774
-0.00119075 6.37647e-05 -0.00904986
-0.000949435 4.43985e-05 -0.00909631
-0.00103334 1.78088e-05 -0.00942715
-0.00116274 4.6968e-05 -0.0100019
-0.00149861 6.67382e-05 -0.0107086
-0.00124053 6.58229e-05 -0.0112119
-0.000185616 9.15153e-05 -0.0111684
0.00120431 -2.50811e-05 -0.010512
0.00227644 -4.89014e-05 -0.0103657
0.00339295 -1.5209e-05 -0.0101406
0.00613381 -4.10678e-06 -0.00873
0.00933428 8.98602e-05 -0.00679517
0.0101018 0.000151538 -0.0062652
0.00920778 0.000217698 -0.00706783
0.00831136 0.000229038 -0.00774715
0.00645791 0.000235016 -0.00914692
0.00431726 0.000279145 -0.0106973
0.00343271 0.000219972 -0.0109048
0.00266345 0.000184688 -0.0110045
0.00183092 0.000240786 -0.0112433
0.0016538 0.000288611 -0.0108186
0.00140447 0.000350678 -0.0105614
0.00128971 0.000375866 -0.0101346
0.0010134 0.000259278 -0.00972087
-0.00126186 0.000137584 -0.0106633
-0.00413235 -8.16981e-06 -0.0121091
-0.00574824 -0.000225916 -0.012961
-0.00690586 -0.000268509 -0.0135235
-0.00688745 -0.000337275 -0.0132567
-0.0056321 -0.000473669 -0.0120635
-0.00358659 -0.000540182 -0.0100704
0.000168745 -0.000688309 -0.00685996
0.00586261 -0.000529651 -0.00322456
0.0166239 -0.000306331 0.00332161
0.0345576 -0.000200834 0.0154948
0.0558852 0.000192466 0.0295925
0.0787791 0.000514339 0.0445765
0.101713 0.00056582 0.0601346
0.122534 0.000512198 0.0753479
0.142698 0.000338548 0.0909147
0.162888 0.000408624 0.106864
0.184734 0.000872295 0.124094
0.210732 0.00124441 0.144439
0.241206 0.00155038 0.169105
0.278329 0.00147681 0.200106
0.323606 0.000729359 0.23884
0.373253 0.000124041 0.281399
0.425363 0.00026703 0.324578
0.480427 0.000601022 0.369145
0.534952 0.000831118 0.41459
0.580148 0.00116974 0.454634
0.60217 0.00124796 0.479634
0.59313 0.000856642 0.481773
0.559833 -1.04121e-05 0.463292
0.514004 -0.000962212 0.432512
0.4636 -0.00132743 0.395864
0.412626 -0.00132721 0.357454
0.362535 -0.00127 0.318433
0.316147 -0.000970612 0.278772
0.276947 -0.00105605 0.241754
0.244223 -0.00142448 0.209189
0.22013 -0.00153424 0.183785
0.227721 -0.00117296 0.181562
0.282281 -0.000174074 0.218216
0.364145 0.00189593 0.274822
0.434535 0.00315329 0.33226
0.478506 0.00304195 0.373511
0.516533 0.00175558 0.407743
0.5494 0.000117498 0.443162
0.568544 -0.0012683 0.472388
0.586576 -0.0044654 0.499809
0.598128 -0.00633907 0.506581
0.569652 -0.00608122 0.479614
0.483605 -0.00642858 0.421448
0.370051 -0.0038596 0.334204
0.266092 -0.00069075 0.239135
0.176914 -0.00240127 0.150377
0.0924822 -0.00702702 0.0743293
-0.0249615 -0.0133979 0.0137924
-0.147644 -0.0154994 -0.0157682
-0.227523 -0.0125409 -0.0665729
-0.313084 -0.00959819 -0.115495
-0.390971 -0.00838439 -0.131583
-0.415176 -0.0103778 -0.138762
-0.421866 -0.01227 -0.13143
-0.4265 -0.0100916 -0.114648
-0.405754 -0.00647851 -0.0993221
-0.38019 -0.00677813 -0.0850995
-0.368476 -0.0105386 -0.0636943
-0.347455 -0.012523 -0.0501955
-0.321517 -0.0111206 -0.0401963
-0.31446 -0.00951221 -0.0298447
-0.320105 -0.00804441 -0.0204688
-0.324747 -0.00686901 -0.0143122
-0.334445 -0.00714588 -0.0181744
-0.359029 -0.00613547 -0.0343507
-0.377812 -0.00518532 -0.0319278
-0.370419 -0.00707884 -0.0191458
-0.371218 -0.00334299 -0.0197546
-0.3896 0.00442401 -0.0341496
-0.383696 0.00185435 -0.0356242
-0.363787 -0.0111945 -0.00501264
-0.370904 -0.0240482 0.0245515
-0.415217 -0.0305831 0.0204879
-0.487079 -0.0359288 0.0194736
-0.552519 -0.0403551 0.0248156
-0.592982 -0.037824 -0.00724454
-0.644993 -0.0321305 -0.0521237
-0.731591 -0.0255695 -0.0774138
-0.813096 -0.0214266 -0.101835
-0.866292 -0.0198043 -0.130308
-0.899463 -0.0131595 -0.141368
-0.892392 -0.00716513 -0.146434
-0.857397 -0.00422933 -0.148577
-0.830396 -0.00105608 -0.143597
-0.803963 -0.00416311 -0.133996
-0.776089 -0.00901252 -0.125904
-0.763422 -0.0118575 -0.127799
-0.750569 -0.0177957 -0.119489
-0.7127 -0.0217116 -0.107878
-0.67063 -0.0202063 -0.101753
-0.645326 -0.0184698 -0.0988503
-0.614296 -0.0182413 -0.0931092
-0.577525 -0.0174246 -0.0905888
-0.571168 -0.0133519 -0.104683
-0.576922 -0.00632643 -0.130301
-0.555025 -0.00159877 -0.14776
-0.533561 -0.000805191 -0.157952
-0.542085 -0.00295467 -0.1695
-0.553473 -0.0080935 -0.175609
-0.54774 -0.0151493 -0.171
-0.535408 -0.018575 -0.164233
-0.51328 -0.0181173 -0.15759
-0.477372 -0.0192124 -0.146938
-0.447962 -0.0173155 -0.144853
-0.434914 -0.00885309 -0.158297
-0.420113 0.000782148 -0.172835
-0.388599 0.00674691 -0.173815
-0.346104 0.00718377 -0.160307
-0.30281 0.00600701 -0.141191
-0.252811 0.00371484 -0.118462
-0.191862 -0.00315814 -0.091999
-0.133492 -0.00868527 -0.0690332
-0.0832466 -0.0065683 -0.0567967
-0.0397437 0.00422131 -0.0530052
-0.00414667 0.0167751 -0.0298744
0.032075 0.0198639 0.00268898
0.0735278 0.0125172 0.0379974
0.118141 0.0019756 0.0798403
0.169396 -0.00838166 0.124932
0.218123 -0.0179113 0.172227
0.250629 -0.0226131 0.206722
0.264853 -0.0205776 0.220182
0.259711 -0.014179 0.212717
0.240728 -0.00900027 0.197993
0.221655 -0.00785874 0.183913
0.208111 -0.00858979 0.171814
0.199889 -0.011033 0.163171
0.195473 -0.0158787 0.1604
0.190315 -0.0190228 0.157448
0.18254 -0.0184306 0.148637
0.172041 -0.0155622 0.135579
0.16154 -0.0117154 0.12353
0.153911 -0.00974045 0.116188
0.151787 -0.0103568 0.115816
0.162798 -0.0139629 0.127394
0.185972 -0.0191539 0.150102
0.206874 -0.0225716 0.171196
0.221462 -0.0236374 0.187052
0.240307 -0.0234724 0.205288
0.264107 -0.0244279 0.227308
0.282163 -0.0273157 0.247963
0.295228 -0.0323561 0.269103
0.310919 -0.0395287 0.292608
0.322095 -0.045825 0.309842
0.317978 -0.0487441 0.312407
0.297055 -0.0498907 0.297407
0.258915 -0.0513025 0.264992
0.20802 -0.0509122 0.218617
0.155852 -0.047374 0.166356
0.107485 -0.0427155 0.116833
0.0594682 -0.038482 0.0726196
0.0137417 -0.035461 0.0381555
-0.0239432 -0.0368916 0.021168
-0.0554869 -0.0437329 0.0157657
-0.0860839 -0.0500186 0.0123933
-0.11828 -0.0496248 0.000501146
-0.148911 -0.0434118 -0.0173466
-0.1692 -0.0369456 -0.0270181
-0.176624 -0.0328515 -0.0262774
-0.171286 -0.0340872 -0.0118217
-0.149379 -0.042742 0.0193574
-0.118922 -0.0498276 0.0553555
-0.0980942 -0.0503659 0.0833794
-0.0995884 -0.0516283 0.0993428
-0.114204 -0.0514765 0.106284
-0.121043 -0.0459877 0.109674
-0.121126 -0.0377767 0.108096
-0.131584 -0.0276423 0.0989529
-0.154028 -0.0219477 0.0864944
-0.173598 -0.0217442 0.0775533
-0.19151 -0.0197455 0.0676003
-0.221811 -0.0173981 0.0528546
-0.261667 -0.0191827 0.0381736
-0.293894 -0.0217763 0.0285249
-0.310547 -0.0234171 0.0289056
-0.32263 -0.0264526 0.0338455
-0.34568 -0.0301238 0.0314656
-0.369693 -0.03165 0.02498
-0.373888 -0.0293537 0.0150281
-0.374188 -0.0253751 0.0017418
-0.390494 -0.0212414 -0.0155035
-0.412242 -0.0155336 -0.0351367
-0.42362 -0.00913363 -0.0471073
-0.425885 -0.00458628 -0.0518373
-0.43265 -0.00135412 -0.0568395
-0.44111 0.000962479 -0.0612921
-0.437824 0.000113701 -0.0565202
-0.424778 -0.00430213 -0.0429464
-0.414424 -0.00959948 -0.0286069
-0.410626 -0.0126355 -0.0192303
-0.409497 -0.0131244 -0.0146564
-0.413979 -0.0126473 -0.0136626
-0.428867 -0.0120402 -0.0185289
-0.449962 -0.0107368 -0.028984
-0.470322 -0.00852711 -0.0416249
-0.483511 -0.00634256 -0.0510076
-0.486403 -0.00368706 -0.0586629
-0.486159 0.00116523 -0.0664313
-0.490234 0.0066149 -0.0740017
-0.495154 0.00989018 -0.0794362
-0.494369 0.0101534 -0.0781485
-0.489825 0.00646442 -0.0708507
-0.488249 -1.47844e-05 -0.0605613
-0.489133 -0.00682827 -0.0501432
-0.486383 -0.0128609 -0.0399018
-0.478946 -0.0169733 -0.0303469
-0.467998 -0.0186071 -0.0227032
-0.451118 -0.0190665 -0.0146203
-0.427622 -0.0194823 -0.00405556
-0.401882 -0.0190661 0.0056272
-0.378883 -0.0180038 0.0116506
-0.363116 -0.0167756 0.0110235
-0.357985 -0.0138924 0.00194284
-0.355497 -0.0099068 -0.00998375
-0.339937 -0.00799754 -0.0133745
-0.308883 -0.00976618 -0.0044274
-0.27274 -0.0138741 0.0109622
-0.237375 -0.0190116 0.0280532
-0.203015 -0.0248106 0.0443883
-0.177397 -0.0304725 0.0539722
-0.171032 -0.0352499 0.0521889
-0.181543 -0.0387764 0.0404729
-0.19899 -0.0400098 0.0224259
-0.223909 -0.0377021 -0.00401969
-0.258749 -0.0301053 -0.0386971
-0.282367 -0.0193925 -0.0713848
-0.278064 -0.0133468 -0.0885443
-0.257658 -0.0134461 -0.0872358
-0.227467 -0.0160025 -0.0759627
-0.19088 -0.0165527 -0.0646869
-0.157102 -0.0145405 -0.0561859
-0.123415 -0.0145908 -0.0463443
-0.0907764 -0.0137135 -0.0377739
-0.0619132 -0.00982891 -0.0318146
-0.0209239 -0.00661194 -0.0126262
0.0454865 -0.0112503 0.038379
0.120264 -0.0232042 0.103407
0.183836 -0.031097 0.164758
0.24316 -0.0351344 0.223428
0.302346 -0.0398227 0.281797
0.363715 -0.0421729 0.337513
0.42158 -0.0382608 0.376224
0.451302 -0.0303709 0.39175
0.448163 -0.0239825 0.387042
0.422242 -0.0208979 0.368361
0.389382 -0.0194205 0.344273
0.368572 -0.0178913 0.324738
0.358672 -0.0192311 0.314789
0.349661 -0.0252385 0.313134
0.346925 -0.0317023 0.317151
0.350515 -0.0355713 0.321014
0.34298 -0.0364011 0.315107
0.321732 -0.0355069 0.298683
0.300861 -0.034573 0.280469
0.289186 -0.0328731 0.268271
0.287363 -0.0313331 0.264244
0.293294 -0.0307575 0.266932
0.302647 -0.0292045 0.272136
0.311029 -0.0267689 0.276318
0.317321 -0.0257123 0.281004
0.327706 -0.025631 0.291945
0.353171 -0.0257952 0.317599
0.397726 -0.0273759 0.360209
0.451587 -0.031034 0.408256
0.498689 -0.0366368 0.449903
0.528326 -0.0418241 0.481754
0.526813 -0.0454312 0.489409
0.49729 -0.0478143 0.472281
0.456384 -0.0499612 0.442251
0.405545 -0.0520505 0.404305
0.356354 -0.0508407 0.363458
0.324994 -0.0454834 0.324856
0.304531 -0.0381317 0.292792
0.281207 -0.0315461 0.261857
0.25297 -0.0282147 0.22802
0.209512 -0.0308097 0.186678
0.143986 -0.0360983 0.14002
0.0645387 -0.0371376 0.0979107
-0.0208144 -0.0322119 0.0535702
-0.0975517 -0.0252331 0.0131469
-0.153423 -0.0206207 -0.0101652
-0.186644 -0.0191657 -0.0176241
-0.199777 -0.0232521 -0.00607536
-0.185373 -0.0312305 0.0284422
-0.139809 -0.0351995 0.0791921
-0.0907989 -0.0340486 0.122897
-0.0682916 -0.0328504 0.149701
-0.063276 -0.0301555 0.164153
-0.0654794 -0.0252002 0.167942
-0.0834839 -0.0207556 0.163681
-0.112232 -0.0171986 0.152839
-0.142532 -0.014939 0.140106
-0.167733 -0.0106616 0.129217
-0.184057 -0.00376743 0.12025
-0.196073 0.00210387 0.112868
-0.209071 0.00606845 0.104654
-0.222616 0.0093048 0.0952525
-0.239962 0.00933523 0.0859303
-0.267531 0.00235112 0.0785719
-0.300342 -0.00975316 0.0765189
-0.326446 -0.0219304 0.082407
-0.343647 -0.0305635 0.0850157
-0.369886 -0.0372099 0.0822487
-0.40759 -0.0423723 0.0772126
-0.428618 -0.0425678 0.0696568
-0.427485 -0.0392298 0.0597656
-0.421765 -0.0356346 0.0522385
-0.414137 -0.0314845 0.0417859
-0.406493 -0.0250102 0.0240236
-0.401656 -0.0157864 0.00777869
-0.391077 -0.00764215 -0.00374139
-0.374416 -0.00419773 -0.00287459
-0.357591 -0.00480623 0.00469564
-0.341268 -0.00720784 0.0138244
-0.327616 -0.0120606 0.024285
-0.316827 -0.0189131 0.0338489
-0.30727 -0.0236175 0.040086
-0.299833 -0.0246774 0.0399432
-0.295264 -0.0238531 0.0344798
-0.291416 -0.0228943 0.0288034
-0.288793 -0.0234321 0.0246083
-0.297792 -0.0263881 0.01775
-0.323638 -0.029286 0.00464376
-0.352303 -0.0287118 -0.0163072
-0.366525 -0.0246164 -0.038923
-0.363096 -0.0206007 -0.0544742
-0.341879 -0.0217243 -0.0523056
-0.298977 -0.02846 -0.0318481
-0.245314 -0.0335881 -0.00956649
-0.199851 -0.033786 0.00413832
-0.159402 -0.0356329 0.0185661
-0.115062 -0.0421355 0.0404065
-0.0758319 -0.0465792 0.0579211
-0.0458942 -0.0448578 0.0629989
-0.0180518 -0.0409475 0.0625707
0.0145454 -0.0392358 0.0696348
0.0559246 -0.0390401 0.0890408
0.0981061 -0.0350425 0.109366
0.129703 -0.0283138 0.12055
0.147903 -0.0267962 0.129389
0.150066 -0.0271872 0.130657
0.141448 -0.0205693 0.114369
0.134855 -0.0107247 0.0937452
0.132098 -0.00498965 0.0830252
0.133489 -0.00305401 0.0813591
0.140503 -0.00272041 0.0853477
0.144423 -0.00332361 0.0891622
0.142626 -0.00500172 0.0901073
0.143904 -0.00545952 0.0914436
0.149182 -0.00159447 0.091266
0.153283 0.00372863 0.0896605
0.156868 0.0070368 0.0903211
0.164504 0.0093261 0.0955113
0.17585 0.0117269 0.104204
0.18691 0.012494 0.11448
0.198608 0.0109625 0.126859
0.213566 0.0101335 0.141521
0.229469 0.0115434 0.155535
0.240297 0.0133392 0.16576
0.243535 0.0129155 0.171232
0.240161 0.00998529 0.171976
0.23111 0.00650078 0.168305
0.221197 0.00321891 0.163081
0.215336 3.38375e-05 0.158841
0.210547 -0.00161625 0.153318
0.200089 -0.000575844 0.142069
0.18109 0.00151562 0.123854
0.156434 0.00261184 0.102373
0.133019 0.00309656 0.0828318
0.116529 0.00354113 0.0686813
0.107584 0.00275602 0.0606527
0.10348 0.000315225 0.0573393
0.100485 -0.00247538 0.056898
0.0958188 -0.004967 0.0571716
0.0899599 -0.00841067 0.0587999
0.0846801 -0.0139745 0.064701
0.0787853 -0.0205557 0.0724455
0.0717724 -0.0262721 0.079762
0.0641478 -0.0314689 0.088374
0.0500901 -0.0376463 0.0977108
0.0283656 -0.042559 0.102278
0.00588125 -0.0429749 0.100919
-0.0166185 -0.0399937 0.095945
-0.0442979 -0.0369219 0.0869628
-0.0812141 -0.0352205 0.0727629
-0.123124 -0.0335776 0.0552772
-0.16231 -0.0329034 0.0413018
-0.194718 -0.0337933 0.0334336
-0.219576 -0.0347747 0.0309338
-0.23849 -0.0359171 0.0322918
-0.249748 -0.0354623 0.0351123
-0.253402 -0.03293 0.0379917
-0.255073 -0.0307828 0.0409538
-0.25692 -0.0292436 0.0427736
-0.258009 -0.0269126 0.0429511
-0.262634 -0.0241962 0.0414602
-0.272574 -0.0222436 0.038111
-0.279224 -0.0204939 0.0366915
-0.275625 -0.0183852 0.0401321
-0.265866 -0.0165265 0.0465627
-0.257901 -0.0153623 0.0527193
-0.254148 -0.0152613 0.0568956
-0.253174 -0.0157171 0.059142
-0.255606 -0.0163952 0.0596575
-0.262029 -0.0183345 0.0590941
-0.268323 -0.0202496 0.0583533
-0.271319 -0.0206645 0.0572543
-0.27257 -0.0206105 0.055989
-0.273563 -0.0204792 0.0541958
-0.273546 -0.0192678 0.0496789
-0.272385 -0.0168907 0.0421992
-0.272104 -0.0148572 0.0342285
-0.271939 -0.0138487 0.027271
-0.269712 -0.0134982 0.0218317
-0.266522 -0.0129978 0.0175703
-0.261133 -0.01177 0.0141298
-0.249063 -0.0108014 0.0127453
-0.230669 -0.0102491 0.0136949
-0.210675 -0.00952319 0.0150292
-0.19103 -0.00945932 0.0162598
-0.172582 -0.0100013 0.0168439
-0.15695 -0.00947872 0.015022
-0.143511 -0.00726163 0.0106513
-0.131896 -0.00445539 0.00490352
-0.123286 -0.00201418 -0.00209364
-0.117109 -0.000245864 -0.00991153
-0.111496 0.000308138 -0.016998
-0.105233 -0.00107189 -0.0210939
-0.0978557 -0.00424332 -0.022215
-0.0912367 -0.0070415 -0.0227395
-0.0873442 -0.00804707 -0.0244117
-0.0854585 -0.00799399 -0.026887
-0.082407 -0.0070803 -0.0288526
-0.0746344 -0.005327 -0.0292648
-0.0617269 -0.00346844 -0.0267744
-0.0446156 -0.00274661 -0.0212461
-0.0236036 -0.00367835 -0.0124491
-0.000445554 -0.00533969 -0.00149766
0.0215636 -0.00728824 0.0105644
0.0407482 -0.00952015 0.0231944
0.0577283 -0.0113204 0.0353423
0.0720609 -0.0119514 0.0455512
0.0830445 -0.0119439 0.0539486
0.0932728 -0.0121831 0.0622266
0.104737 -0.0125633 0.0710845
0.116017 -0.0127476 0.0795211
0.12492 -0.0128617 0.0860395
0.129519 -0.0131681 0.0895963
0.12907 -0.0134461 0.0895395
0.124761 -0.0134702 0.0864582
0.118042 -0.0135533 0.0816079
0.109337 -0.0139167 0.0757529
0.100274 -0.0143434 0.0696957
0.0926494 -0.0147414 0.0644243
0.0859273 -0.01523 0.0598792
0.0796406 -0.0156405 0.0556735
0.0732626 -0.015563 0.0507265
0.0649702 -0.0148359 0.0436261
0.0551064 -0.0137248 0.0351821
0.0463656 -0.012495 0.0277003
0.039654 -0.0112102 0.0219699
0.0348777 -0.0100711 0.0182963
0.0330238 -0.00941293 0.017312
0.0329446 -0.00921496 0.0184825
0.0310093 -0.00941214 0.0202057
0.0270207 -0.00987013 0.0214985
0.024447 -0.00972959 0.023006
0.022308 -0.00870322 0.0241148
0.0156726 -0.00742233 0.0230316
0.00526296 -0.00600604 0.0201644
-0.00521617 -0.00434794 0.0168063
-0.0168856 -0.00260811 0.0125562
-0.0317124 -0.00114229 0.00693817
-0.0483327 -0.000447189 0.00118522
-0.0658041 -0.000581793 -0.00414418
-0.0850077 -0.00102091 -0.00980886
-0.10454 -0.00141502 -0.0151578
-0.120497 -0.00185859 -0.0181155
-0.131113 -0.00207405 -0.0182379
-0.137744 -0.00177072 -0.0165979
-0.141663 -0.0013362 -0.0136763
-0.142571 -0.00114711 -0.00925951
-0.140507 -0.00122469 -0.00346267
-0.136689 -0.00150408 0.00325513
-0.132028 -0.00193572 0.0105257
-0.127566 -0.0023921 0.0176313
-0.124497 -0.00269755 0.0235708
-0.122449 -0.00278862 0.0281517
-0.120805 -0.00288368 0.0317144
-0.120275 -0.00318709 0.0341382
-0.121651 -0.00367702 0.0350793
-0.124902 -0.00440259 0.0347591
-0.129669 -0.00530948 0.0334785
-0.135637 -0.00615604 0.0312438
-0.142094 -0.00682145 0.0282929
-0.14822 -0.00737295 0.0249838
-0.154428 -0.00802841 0.0212015
-0.161617 -0.00900319 0.0166695
-0.168378 -0.0102261 0.0121116
-0.171915 -0.0114611 0.00877997
-0.171406 -0.0124887 0.00705684
-0.167075 -0.0131105 0.00687554
-0.1589 -0.0133717 0.00833014
-0.148548 -0.0134497 0.0107317
-0.138497 -0.0134287 0.0128429
-0.129102 -0.0134557 0.0144714
-0.119477 -0.0137542 0.0162875
-0.109839 -0.0143915 0.0182522
-0.100811 -0.0151893 0.0198229
-0.0919537 -0.0159986 0.0210608
-0.083091 -0.0167634 0.0220672
-0.0754536 -0.0173814 0.0222089
-0.0704614 -0.0178448 0.0207544
-0.0691755 -0.018191 0.0172525
-0.0721973 -0.01843 0.0115384
-0.0774137 -0.0184037 0.00546041
-0.08014 -0.0180363 0.00104895
-0.0785406 -0.017612 -0.00151603
-0.0747565 -0.0171481 -0.0027284
-0.0700078 -0.0164256 -0.00322154
-0.0642568 -0.0154627 -0.00310986
-0.0587137 -0.0144366 -0.00276983
-0.0538252 -0.0135088 -0.0023939
-0.047828 -0.0127386 -0.00131598
-0.0395088 -0.0121245 0.000997344
-0.0290193 -0.0116117 0.00505148
-0.0163888 -0.0109789 0.0108742
-0.0029494 -0.00995413 0.0167897
0.00766769 -0.0084606 0.0208959
0.0131338 -0.00663438 0.0221061
0.0145395 -0.00465394 0.0208606
0.0137106 -0.00269077 0.0182177
0.0114753 -0.00104357 0.0148143
0.0084705 2.51956e-05 0.0112778
0.00485206 0.000542415 0.00775716
-0.000263974 0.000790879 0.00373206
-0.00719494 0.000988267 -0.000730997
-0.0148379 0.00128577 -0.00520927
-0.022226 0.00191251 -0.00960455
-0.029102 0.00282682 -0.0137285
-0.0349847 0.00368284 -0.0172052
-0.038759 0.00417891 -0.0193015
-0.0396875 0.0042422 -0.0196596
-0.0384077 0.00398103 -0.0185722
-0.035989 0.00350622 -0.0164906
-0.0328417 0.00302528 -0.0136674
-0.0291213 0.00288046 -0.0105018
-0.0251566 0.00316717 -0.00734129
-0.0213774 0.00359174 -0.00422563
-0.0184786 0.00375343 -0.00100107
-0.0178111 0.00344189 0.0014232
-0.0204102 0.00260143 0.00247882
-0.025712 0.00120752 0.00261687
-0.0330425 -0.000528724 0.00192968
-0.0427512 -0.00216774 -7.78019e-05
-0.0545278 -0.00335579 -0.00346788
-0.066765 -0.00402804 -0.00734353
-0.077992 -0.00438774 -0.0108241
-0.0870923 -0.00475133 -0.0130181
-0.0929241 -0.00545507 -0.0129411
-0.0954152 -0.00667562 -0.0103367
-0.0955448 -0.00828476 -0.00583702
-0.0935432 -0.00994581 6.95806e-05
-0.0893626 -0.0112943 0.00692845
-0.0844204 -0.0120483 0.0135495
-0.0803322 -0.0121217 0.0187559
-0.0773703 -0.0117736 0.0224925
-0.0757888 -0.0114363 0.0250088
-0.0764557 -0.0114318 0.0262889
-0.079275 -0.0119285 0.0266581
-0.0835573 -0.0129277 0.0265465
-0.0896761 -0.0142656 0.025675
-0.0978574 -0.0156345 0.0235806
-0.106633 -0.016657 0.020517
-0.114336 -0.0170939 0.0170025
-0.120446 -0.0169718 0.0133859
-0.124379 -0.0165291 0.0103734
-0.125444 -0.0160498 0.00873033
-0.124348 -0.0157089 0.00842682
-0.122157 -0.0155484 0.00916176
-0.118864 -0.0155179 0.0108303
-0.114571 -0.0154592 0.0130759
-0.110123 -0.0151332 0.0150388
-0.106052 -0.0143702 0.0160789
-0.102475 -0.0131956 0.016127
-0.0998522 -0.0118451 0.0152494
-0.0985983 -0.0106283 0.0136558
-0.0985022 -0.00974363 0.0117914
-0.0991824 -0.00922084 0.0099679
-0.100386 -0.00895211 0.00812911
-0.10154 -0.00871828 0.00621306
-0.101642 -0.00825362 0.00436378
-0.0999683 -0.00736332 0.00271888
-0.0964487 -0.00605707 0.00136537
-0.0915132 -0.00456517 0.000421104
-0.0861427 -0.00316642 -0.000196311
-0.0814996 -0.00206181 -0.000801709
-0.0779935 -0.001354 -0.00154484
-0.0749576 -0.000997523 -0.00222839
-0.0715995 -0.000778109 -0.00280062
-0.0680334 -0.000458116 -0.00359899
-0.0649909 6.513e-05 -0.00500705
-0.0630519 0.000771302 -0.00716428
-0.0626087 0.00157402 -0.010026
-0.063888 0.00229303 -0.0133651
-0.0659998 0.00263367 -0.0160455
-0.067386 0.00251131 -0.0177123
-0.0671027 0.00215204 -0.0183457
-0.0644998 0.00173581 -0.0177985
-0.059604 0.00139951 -0.0162522
-0.0537734 0.00128568 -0.0142616
-0.048871 0.00142607 -0.0126548
-0.0457186 0.00170854 -0.0115965
-0.0438683 0.00187131 -0.0107688
-0.0426099 0.00170333 -0.00982916
-0.0413756 0.00120045 -0.00871036
-0.0396328 0.000404643 -0.00718521
-0.0371962 -0.000612876 -0.00513845
-0.0351914 -0.00160266 -0.00341043
-0.0355109 -0.00233189 -0.0030262
-0.0389651 -0.00283428 -0.00417139
-0.0447082 -0.00325077 -0.00632732
-0.0506894 -0.00371252 -0.00839587
-0.0545735 -0.0043446 -0.00916519
-0.0552235 -0.00521864 -0.00805566
-0.0532355 -0.00634115 -0.00535395
-0.0499873 -0.00755624 -0.00185698
-0.0469628 -0.00863971 0.00157517
-0.0456614 -0.00950781 0.00417963
-0.0467094 -0.0101637 0.00555179
-0.048976 -0.0106509 0.00623049
-0.0508294 -0.0110782 0.00701189
-0.0518025 -0.0115768 0.00817277
-0.052304 -0.0122353 0.00952896
-0.0532245 -0.013011 0.0106838
-0.0562868 -0.0137683 0.0107835
-0.0628004 -0.0144118 0.00920075
-0.0717452 -0.0148913 0.00641657
-0.0803899 -0.0151374 0.00369431
-0.0863419 -0.0150998 0.0022945
-0.0886174 -0.0149231 0.0024485
-0.0875885 -0.0147984 0.00421792
-0.0847121 -0.0146972 0.00725291
-0.0820913 -0.0145658 0.0102601
-0.0811245 -0.0144214 0.012615
-0.0816451 -0.0142313 0.0142724
-0.0828211 -0.0138385 0.015267
-0.0836312 -0.0130951 0.0157965
-0.0826785 -0.0121437 0.0165786
-0.0797698 -0.0112771 0.0179667
-0.0769341 -0.0105382 0.0190937
-0.0765316 -0.00986861 0.018892
-0.0794637 -0.00942195 0.0171815
-0.0852432 -0.00924828 0.0142615
-0.0923132 -0.00903766 0.0105126
-0.0985983 -0.00848955 0.00653604
-0.103011 -0.00762539 0.00285563
-0.105629 -0.00665934 -0.000270332
-0.106568 -0.00573027 -0.00263158
-0.106367 -0.00483031 -0.0043005
-0.106642 -0.00409222 -0.00578813
-0.108677 -0.00371944 -0.00752258
-0.111755 -0.00350282 -0.00939235
-0.113858 -0.00303766 -0.0108938
-0.113567 -0.00221969 -0.0115366
-0.110559 -0.00119482 -0.0110673
-0.105534 -0.000153156 -0.00966331
-0.10051 0.000749984 -0.00812342
-0.0975394 0.00134099 -0.00720725
-0.096902 0.00145759 -0.00689556
-0.0977678 0.00120549 -0.00695395
-0.0995252 0.000913374 -0.00750053
-0.101343 0.000788218 -0.0084453
-0.101708 0.000836358 -0.00908655
-0.0995861 0.000986676 -0.00880009
-0.0956526 0.00115876 -0.00775437
-0.0915373 0.00119583 -0.00647152
-0.0883107 0.00085379 -0.00520188
-0.0863757 9.28326e-05 -0.00417569
-0.0853585 -0.000808868 -0.00354227
-0.0836713 -0.00160922 -0.00284113
-0.0801268 -0.00227884 -0.00161369
-0.0755959 -0.00283471 -0.000257326
-0.071549 -0.00329497 0.000665657
-0.0685354 -0.00375884 0.00106583
-0.067122 -0.00438464 0.000866052
-0.0680714 -0.00527704 -0.000131035
-0.0708371 -0.00635922 -0.00171379
-0.0736361 -0.00743711 -0.00323239
-0.0748231 -0.0083878 -0.00404621
-0.0734351 -0.00914586 -0.00369671
-0.0696638 -0.00965502 -0.00224025
-0.0649654 -0.00993392 -0.00030283
-0.0607905 -0.01013 0.00158056
-0.0573581 -0.010405 0.00344892
-0.0539665 -0.0107765 0.00556589
-0.050044 -0.0111859 0.00797436
-0.0455444 -0.0116075 0.0105596
-0.0408242 -0.0119942 0.0130988
-0.0365393 -0.0122317 0.015151
-0.0335955 -0.0122534 0.0161879
-0.0328959 -0.012125 0.0158757
-0.0350304 -0.0119416 0.0140683
-0.0400253 -0.0117475 0.0107901
-0.0468727 -0.0115902 0.006553
-0.0538133 -0.0115211 0.00227073
-0.0598708 -0.0115193 -0.00153167
-0.0653419 -0.011493 -0.00497
-0.0704805 -0.0113665 -0.00810411
-0.0748031 -0.0111108 -0.010485
-0.0776788 -0.0107256 -0.0118352
-0.0787045 -0.0102439 -0.0122163
-0.0775182 -0.00971915 -0.0113435
-0.0738692 -0.00924481 -0.00880046
-0.0679408 -0.00889397 -0.00477839
-0.060248 -0.00862115 0.000290526
-0.0516435 -0.00835512 0.00590592
-0.0438534 -0.00804071 0.0110681
-0.0387754 -0.00762722 0.0146835
-0.0368297 -0.00712529 0.0163913
-0.0373246 -0.00657247 0.0164506
-0.0399803 -0.00600759 0.0149941
-0.0448294 -0.00552211 0.0121065
-0.0514472 -0.0052278 0.00817291
-0.0592999 -0.00513941 0.00362407
-0.0679977 -0.00516473 -0.00124742
-0.0767182 -0.00518502 -0.00597636
-0.0844706 -0.00512466 -0.0100419
-0.0907397 -0.00495462 -0.0131537
-0.0948097 -0.00464306 -0.0148647
-0.0955847 -0.00423069 -0.0151025
-0.092657 -0.00372054 -0.0133819
-0.0864461 -0.00311833 -0.00965823
-0.0781264 -0.00253523 -0.0047599
-0.0697704 -0.00199899 0.000385976
-0.0632877 -0.00151633 0.00464101
-0.0595211 -0.00109837 0.0074274
-0.0584856 -0.000749007 0.00858334
-0.0598123 -0.000486481 0.00822336
-0.0630749 -0.000326225 0.00655038
-0.0679729 -0.00027108 0.00380783
-0.0744852 -0.000354457 0.000140373
-0.0826564 -0.00059418 -0.00433098
-0.091976 -0.000918695 -0.00930042
-0.101132 -0.00128141 -0.0140634
-0.108528 -0.00168626 -0.0177787
-0.112827 -0.00213342 -0.0196767
-0.113517 -0.00254371 -0.0197344
-0.111107 -0.00281233 -0.0182228
-0.106145 -0.00299719 -0.0151768
-0.0990003 -0.00322744 -0.0107103
-0.090602 -0.00350019 -0.0054402
-0.0822762 -0.00378581 -0.000203092
-0.074869 -0.00414859 0.00446966
-0.0685263 -0.00468967 0.00844928
-0.0633028 -0.00540397 0.0116743
-0.0596015 -0.00613681 0.0138159
-0.0577301 -0.00681023 0.0147049
-0.0577235 -0.0075098 0.0144083
-0.059875 -0.00823906 0.0128441
-0.0643071 -0.00889995 0.00993755
-0.070053 -0.00950989 0.00622325
-0.0755712 -0.0101435 0.00254351
-0.0797924 -0.0107615 -0.000435532
-0.0817986 -0.0111862 -0.00192063
-0.0808114 -0.0114307 -0.00211454
-0.0770952 -0.0116577 -0.00103209
-0.0716576 -0.0118196 0.0010866
-0.0653531 -0.0118247 0.00366343
-0.0587459 -0.011638 0.00677605
-0.0520709 -0.0113447 0.00997076
-0.0452832 -0.0110672 0.0131011
-0.038681 -0.0107939 0.0159412
-0.0332551 -0.0105054 0.0179359
-0.030302 -0.010243 0.0185117
-0.0307352 -0.00997563 0.0172363
-0.0350398 -0.00960687 0.0138073
-0.0432443 -0.00911649 0.00822969
-0.054324 -0.00852527 0.00108025
-0.0661617 -0.0078841 -0.00648922
-0.0762909 -0.00731106 -0.0129235
-0.0831502 -0.00693794 -0.0170872
-0.0870866 -0.00673411 -0.01946
-0.089255 -0.00655371 -0.0205367
-0.0898884 -0.00631455 -0.0204526
-0.088717 -0.00594834 -0.0192765
-0.0855991 -0.00538543 -0.017023
-0.0803202 -0.00457379 -0.0137623
-0.0726105 -0.00368712 -0.0089149
-0.0633063 -0.00303691 -0.00301826
-0.0548075 -0.00269378 0.00267893
-0.0490837 -0.00262132 0.00718633
-0.0465279 -0.00279546 0.0101292
-0.0470812 -0.00312849 0.0113874
-0.0508901 -0.00340809 0.0106021
-0.0573319 -0.00343184 0.00787579
-0.0647247 -0.00328465 0.00409138
-0.0716196 -0.0032219 0.00032501
-0.0779248 -0.00335097 -0.00306998
-0.0841143 -0.00367062 -0.00607598
-0.0898063 -0.00426323 -0.00831709
-0.0939545 -0.0050995 -0.00927432
-0.095772 -0.00587889 -0.00887022
-0.0948717 -0.00627055 -0.00729475
-0.0911242 -0.00617615 -0.0047101
-0.0850807 -0.00573933 -0.00131094
-0.0780427 -0.00513918 0.00247145
-0.0714669 -0.0045642 0.00610694
-0.0665885 -0.00428273 0.00915995
-0.0641276 -0.0044444 0.0113322
-0.0639981 -0.00489232 0.012417
-0.0656169 -0.00532997 0.0122999
-0.0684286 -0.00557955 0.0109893
-0.0721104 -0.00560466 0.00863659
-0.0767069 -0.00541639 0.00536714
-0.0825556 -0.0051078 0.00127296
-0.0896042 -0.00491836 -0.00326281
-0.096857 -0.00506088 -0.00744789
-0.102778 -0.00549788 -0.0105324
-0.106126 -0.00601766 -0.0121307
-0.106311 -0.00646019 -0.0121369
-0.10332 -0.00673276 -0.0106432
-0.0976683 -0.00674301 -0.00798015
-0.0902785 -0.00649242 -0.00458843
-0.0821854 -0.00617008 -0.000813609
-0.0743162 -0.00601637 0.00303599
-0.0672823 -0.00613034 0.00662386
-0.0611447 -0.00649634 0.00976991
-0.0556075 -0.0070694 0.0124705
-0.0507768 -0.00772191 0.0144987
-0.0475613 -0.00825152 0.0152239
-0.0470463 -0.00856766 0.0141029
-0.0496883 -0.00873964 0.0110791
-0.0547683 -0.00885315 0.00670678
-0.0606421 -0.00895588 0.00197207
