8.41605e-07 -1.31154e-15 -0.055574
-0.000191212 9.49684e-08 -0.0555719
-0.000918853 -2.24659e-06 -0.0555594
-0.00224135 -2.20968e-05 -0.0555208
-0.00398122 -8.32046e-05 -0.0554348
-0.00615201 -0.000179525 -0.0552758
-0.00920321 -0.000273991 -0.0550208
-0.013811 -0.000383058 -0.0546558
-0.0201152 -0.000604151 -0.0541712
-0.0270715 -0.000999584 -0.0535495
-0.0326998 -0.00149848 -0.052784
-0.0354822 -0.00195531 -0.0519424
-0.0359111 -0.0022929 -0.0511959
-0.0358515 -0.00257882 -0.0507498
-0.0364526 -0.00296947 -0.0507319
-0.0376734 -0.00353394 -0.0511156
-0.0387955 -0.00409656 -0.0517271
-0.0388641 -0.0043759 -0.0523526
-0.0378163 -0.00430755 -0.0528387
-0.0366458 -0.0040382 -0.053097
-0.0357044 -0.00366737 -0.0530688
-0.0336505 -0.00321846 -0.0527624
-0.0288917 -0.00270363 -0.0523455
-0.021824 -0.00204193 -0.0521037
-0.014293 -0.0011379 -0.0522914
-0.00799282 -0.000168773 -0.053044
-0.00400599 0.000491724 -0.0543094
-0.00169972 0.000761304 -0.0558042
0.00136411 0.000933849 -0.0571515
0.00762544 0.00125678 -0.0580923
0.0180237 0.0017766 -0.0585966
0.0312703 0.00246718 -0.0587934
0.0443987 0.00319037 -0.0589088
0.054371 0.00367475 -0.0592555
0.0583059 0.00377562 -0.0600266
0.0547676 0.00370303 -0.0610841
0.0463594 0.00373256 -0.0620283
0.0378376 0.00378403 -0.06241
0.0333219 0.00371513 -0.0619175
0.0343223 0.00373771 -0.0605578
0.0365689 0.00399844 -0.05871
0.0338779 0.00414962 -0.0569995
0.0257832 0.00368388 -0.0559165
0.016055 0.00249988 -0.0555057
0.00739264 0.00114312 -0.0555181
-0.000349886 0.000244601 -0.0557012
-0.0101456 -0.000355909 -0.0558609
-0.0244447 -0.00131939 -0.0557556
-0.0403368 -0.00276374 -0.0549932
-0.0501596 -0.00416358 -0.0532529
-0.0501515 -0.00500287 -0.0507923
-0.0465834 -0.00511677 -0.0484369
-0.0486969 -0.00482296 -0.0469772
-0.059589 -0.00494093 -0.0467022
-0.0758698 -0.00601336 -0.0473268
-0.0904407 -0.00738103 -0.0481443
-0.0965986 -0.00791583 -0.0485891
-0.0931445 -0.00746487 -0.048557
-0.0826454 -0.00663405 -0.0482784
-0.0661739 -0.00579855 -0.0479759
-0.0458769 -0.005077 -0.0479445
-0.0288256 -0.00450469 -0.0487345
-0.0227213 -0.00392145 -0.0507033
-0.0291272 -0.00322529 -0.0535211
-0.0401585 -0.00258539 -0.0561774
-0.0442655 -0.00205131 -0.0575423
-0.0369069 -0.00125827 -0.0570672
-0.0224114 8.12686e-05 -0.0551635
-0.00905693 0.00155258 -0.0529742
-0.00307755 0.00237433 -0.0515375
-0.00423489 0.00235035 -0.0511711
-0.0101283 0.00182864 -0.0517366
-0.0223695 0.000906961 -0.0529904
-0.0427664 -0.000481927 -0.0545026
-0.0669773 -0.00211766 -0.0554411
-0.0846094 -0.00365432 -0.0548105
-0.0871818 -0.00495952 -0.0521513
-0.0758429 -0.00611263 -0.0482584
-0.0590717 -0.00704664 -0.0446758
-0.0467421 -0.00757321 -0.043269
-0.0461929 -0.00800233 -0.0439822
-0.0565489 -0.00888074 -0.0464365
-0.069338 -0.0101752 -0.0499567
-0.0801209 -0.0112871 -0.0532781
-0.0903873 -0.0113524 -0.0555015
-0.100602 -0.00985334 -0.0558223
-0.108092 -0.00741319 -0.0538964
-0.111403 -0.0055429 -0.0500418
-0.112556 -0.00498866 -0.0452693
-0.112152 -0.00479982 -0.0406089
-0.112255 -0.00415009 -0.0376326
-0.116454 -0.00372587 -0.03701
-0.124553 -0.00437582 -0.0387479
-0.133286 -0.00620337 -0.0419264
-0.137152 -0.00899919 -0.0454008
-0.132885 -0.0121139 -0.0486775
-0.120009 -0.0142508 -0.0510744
-0.0959223 -0.0145386 -0.0520961
-0.0597905 -0.0135766 -0.0521058
-0.0166195 -0.0124001 -0.0518039
0.024672 -0.0108388 -0.0523088
0.0559373 -0.00816393 -0.0540131
0.0761761 -0.00470678 -0.057806
0.0917889 -0.00104232 -0.0631156
0.108932 0.00338297 -0.0687412
0.126001 0.00903507 -0.0730563
0.137822 0.0149512 -0.0749865
0.14189 0.0197425 -0.0753145
0.139505 0.0234283 -0.0743899
0.135923 0.0270002 -0.0717951
0.132786 0.03046 -0.0678819
0.128311 0.0326039 -0.0637351
0.119236 0.0321457 -0.0606621
0.0988502 0.0288355 -0.0592844
0.0685603 0.0235472 -0.0587953
0.0374131 0.0169329 -0.0588749
0.00956402 0.00901267 -0.0590813
-0.0197011 0.000671685 -0.0588182
-0.0598057 -0.0066833 -0.0573509
-0.112281 -0.0133601 -0.0542857
-0.16921 -0.02068 -0.0496924
-0.219401 -0.0282572 -0.0436338
-0.252373 -0.0341099 -0.0370698
-0.263989 -0.0372182 -0.030881
-0.259596 -0.0382644 -0.0277789
-0.25632 -0.0381628 -0.0274193
-0.27044 -0.0378925 -0.0265159
-0.301556 -0.0391823 -0.0280186
-0.341336 -0.042182 -0.0317966
-0.379342 -0.0442333 -0.0355089
-0.399411 -0.0431703 -0.0394353
-0.393103 -0.038517 -0.0403616
-0.365054 -0.0311956 -0.0389526
-0.325092 -0.0236605 -0.0389166
-0.284467 -0.0177213 -0.0378996
-0.247914 -0.0130834 -0.0357462
-0.215024 -0.00886072 -0.036548
-0.18454 -0.00507391 -0.0373264
-0.150392 -0.00183343 -0.0392121
-0.113307 0.000978958 -0.0439284
-0.0798282 0.00278054 -0.0480006
-0.0437035 0.00284296 -0.0539217
0.00215118 0.00234016 -0.0606206
0.0582245 0.00299788 -0.0660729
0.121369 0.00468423 -0.0706117
0.182502 0.007117 -0.07405
0.236007 0.0105776 -0.0765934
0.275925 0.0145331 -0.07777
0.299057 0.0182302 -0.0791261
0.309556 0.0222708 -0.0802888
0.306056 0.0271123 -0.0805083
0.287367 0.0317065 -0.0807767
0.258411 0.0352182 -0.0800911
0.224428 0.0374777 -0.0781596
0.18755 0.0384197 -0.0747057
0.147088 0.0381818 -0.0698802
0.103973 0.0368799 -0.0646142
0.0577024 0.0338778 -0.0595072
0.00896945 0.0284851 -0.0545276
-0.0374306 0.0208353 -0.0508347
-0.0829455 0.0112244 -0.0476455
-0.132541 0.000307315 -0.0449035
-0.186566 -0.0109393 -0.0432334
-0.242583 -0.0221055 -0.0418221
-0.291218 -0.0330786 -0.0406239
-0.318632 -0.0432619 -0.039281
-0.315898 -0.0517558 -0.0370955
-0.278208 -0.0575703 -0.0348133
-0.205041 -0.0599609 -0.0338335
-0.098306 -0.0590022 -0.0341061
0.0427346 -0.0546018 -0.0355019
0.219736 -0.0470929 -0.0403262
0.435161 -0.0378943 -0.0477183
0.692528 -0.0263387 -0.0574433
0.993298 -0.0106113 -0.0687779
1.33917 0.00925088 -0.0804633
1.72761 0.0333037 -0.0891971
2.15073 0.0617453 -0.0952198
2.60815 0.0928289 -0.10026
3.10395 0.123634 -0.103657
3.64265 0.152872 -0.106127
4.22798 0.180795 -0.106944
4.85654 0.206933 -0.106583
5.52604 0.231057 -0.105354
6.23695 0.254231 -0.103343
6.98502 0.277091 -0.0998343
7.7541 0.298388 -0.0960862
8.51142 0.316949 -0.0933443
9.21865 0.332817 -0.0911212
9.84261 0.345267 -0.088695
10.3556 0.35268 -0.0871724
10.7335 0.353917 -0.0879999
10.9533 0.348442 -0.0912187
10.9998 0.336049 -0.0957508
10.8774 0.317604 -0.100089
10.6072 0.295063 -0.103155
10.2138 0.270095 -0.105198
9.73492 0.243284 -0.103721
9.24284 0.214039 -0.0977805
8.81125 0.18066 -0.0924391
8.4834 0.142027 -0.087781
8.28172 0.09955 -0.0782768
8.19047 0.0563472 -0.0679867
8.18199 0.0134651 -0.0516806
8.23884 -0.0284081 0.00954368
8.29785 -0.0628462 0.1152
8.25409 -0.0874871 0.187496
8.03154 -0.106236 0.229128
7.62106 -0.120697 0.250718
7.01477 -0.135308 0.233331
6.17713 -0.15444 0.185378
5.14403 -0.180084 0.104028
4.00905 -0.210677 0.00214938
2.81506 -0.240663 -0.00833272
1.56606 -0.260836 0.0531291
0.282776 -0.270998 0.161738
-1.01021 -0.28754 0.265302
-2.29688 -0.309542 0.351864
-3.53176 -0.315775 0.475735
-4.66529 -0.310059 0.599518
-5.72 -0.320659 0.701566
-6.7162 -0.349757 0.825269
-7.62584 -0.38074 0.94102
-8.48231 -0.411314 1.03719
-9.33349 -0.444776 1.18862
-10.068 -0.48404 1.35462
-10.6024 -0.527409 1.42851
-11.1323 -0.558978 1.55821
-11.7813 -0.570661 1.76349
-12.4215 -0.569528 1.87126
-13.0027 -0.559474 1.80639
-13.577 -0.547269 1.68898
-14.1882 -0.557211 1.70713
-14.8654 -0.610513 1.82583
-15.5123 -0.682455 1.86693
-16.0422 -0.743588 1.81209
-16.5479 -0.800844 1.81981
-17.046 -0.851701 1.84714
-17.4614 -0.885107 1.82211
-17.8456 -0.908418 1.80357
-18.2 -0.936795 1.80315
-18.4756 -0.973467 1.77987
-18.7327 -1.00225 1.76061
-18.9661 -1.01278 1.73553
-19.1518 -1.00503 1.69795
-19.3438 -0.9832 1.66904
-19.4934 -0.953493 1.64407
-19.547 -0.923595 1.59873
-19.5331 -0.899296 1.57888
-19.4109 -0.877742 1.56526
-19.1709 -0.8651 1.53436
-18.8517 -0.864027 1.51471
-18.4197 -0.868933 1.49353
-17.8744 -0.884305 1.44857
-17.2702 -0.91159 1.43035
-16.6307 -0.935449 1.39068
-15.9794 -0.936918 1.32835
-15.3512 -0.912096 1.27106
-14.7534 -0.86747 1.17345
-14.1891 -0.809481 1.05372
-13.6517 -0.75313 0.933877
-13.097 -0.710937 0.795508
-12.4956 -0.671552 0.664734
-11.8505 -0.629458 0.552846
-11.173 -0.593691 0.443675
-10.4625 -0.577258 0.339726
-9.70211 -0.59603 0.262971
-8.91566 -0.626154 0.216046
-8.15034 -0.619185 0.186834
-7.41977 -0.554964 0.157433
-6.71662 -0.443152 0.119729
-6.03496 -0.317588 0.0843807
-5.38341 -0.193428 0.0514506
-4.75385 -0.0706712 0.0205875
-4.12726 0.0257761 -0.00845435
-3.50235 0.077372 -0.0367493
-2.87299 0.0947767 -0.0662979
-2.2343 0.120232 -0.091635
-1.60375 0.186356 -0.113805
-0.998926 0.28159 -0.137635
-0.412217 0.387593 -0.149546
0.151013 0.492053 -0.13833
0.672224 0.578479 -0.125597
1.172 0.630516 -0.12011
1.67323 0.638289 -0.118778
2.15642 0.61707 -0.11615
2.59866 0.600209 -0.110815
3.01174 0.605259 -0.106438
3.40773 0.62754 -0.10795
3.76679 0.662476 -0.114609
4.07316 0.702817 -0.120131
4.33616 0.723188 -0.124752
4.5604 0.704603 -0.132069
4.7282 0.650893 -0.141305
4.82597 0.582856 -0.14888
4.8671 0.521872 -0.153864
4.86851 0.477628 -0.158329
4.83324 0.45432 -0.164167
4.7676 0.443004 -0.168297
4.6915 0.423393 -0.168203
4.62247 0.38188 -0.166505
4.56679 0.31871 -0.1666
4.52513 0.241494 -0.164411
4.48687 0.162144 -0.158363
4.44462 0.0966664 -0.150047
4.40336 0.0556353 -0.140177
4.35812 0.034591 -0.128683
4.29821 0.0188719 -0.113757
4.22207 -0.00458152 -0.0963401
4.12659 -0.0431333 -0.0794557
3.99806 -0.0938711 -0.0628203
3.82363 -0.14543 -0.0484136
3.59663 -0.18328 -0.0413969
3.30506 -0.198743 -0.0453627
2.93961 -0.193657 -0.061244
2.50311 -0.174244 -0.0850636
1.99836 -0.152173 -0.106696
1.44024 -0.144104 -0.119413
0.867861 -0.159116 -0.122503
0.31612 -0.187222 -0.114115
-0.197962 -0.209538 -0.100123
-0.662783 -0.222761 -0.0809465
-1.07036 -0.232217 -0.0608282
-1.43496 -0.231934 -0.0406714
-1.78644 -0.221128 -0.0149264
-2.13711 -0.216594 0.0160912
-2.48696 -0.23349 0.0573431
-2.84455 -0.271273 0.111201
-3.22573 -0.319655 0.180748
-3.63132 -0.369676 0.254777
-4.04291 -0.414364 0.321045
-4.44586 -0.448344 0.380048
-4.83326 -0.474677 0.432848
-5.19717 -0.498024 0.47416
-5.53273 -0.517353 0.502487
-5.83675 -0.533911 0.524242
-6.10158 -0.553615 0.537951
-6.32757 -0.583569 0.540746
-6.52559 -0.625056 0.534905
-6.70257 -0.668857 0.528385
-6.86656 -0.708106 0.520278
-7.0342 -0.739631 0.51267
-7.21858 -0.758965 0.512957
-7.41684 -0.766101 0.519154
-7.61467 -0.765045 0.524347
-7.79746 -0.75841 0.51965
-7.95405 -0.739589 0.51153
-8.07888 -0.698177 0.509106
-8.17349 -0.633767 0.514183
-8.24343 -0.559889 0.524433
-8.30105 -0.490344 0.546624
-8.37239 -0.430194 0.586255
-8.48227 -0.380368 0.630655
-8.63567 -0.338878 0.668577
-8.81899 -0.302805 0.701411
-9.01101 -0.268866 0.735641
-9.19525 -0.235078 0.773885
-9.3608 -0.201115 0.811322
-9.50304 -0.163638 0.845304
-9.6311 -0.117549 0.876852
-9.75876 -0.0624914 0.904085
-9.89024 -0.00463494 0.923673
-10.0236 0.04601 0.93482
-10.1565 0.0813484 0.939485
-10.2861 0.0982701 0.93968
-10.4042 0.0969682 0.938691
-10.4976 0.0821562 0.940598
-10.5581 0.0578601 0.945261
-10.5827 0.0232643 0.950744
-10.5716 -0.024288 0.956921
-10.532 -0.0887836 0.963068
-10.4713 -0.170662 0.966009
-10.3922 -0.262751 0.964042
-10.2998 -0.353416 0.957011
-10.1983 -0.432329 0.946012
-10.0761 -0.494102 0.931365
-9.91619 -0.540847 0.909482
-9.71575 -0.581086 0.881521
-9.47858 -0.623127 0.848721
-9.20195 -0.669903 0.810434
-8.882 -0.718874 0.765397
-8.52265 -0.765753 0.715214
-8.1285 -0.806609 0.661041
-7.69769 -0.839267 0.600249
-7.22975 -0.866542 0.531751
-6.72878 -0.89325 0.458675
-6.20039 -0.918558 0.385979
-5.65869 -0.934398 0.315104
-5.13059 -0.928799 0.241098
-4.64445 -0.890546 0.170361
-4.22645 -0.822609 0.122444
-3.90484 -0.740798 0.0877793
-3.6652 -0.663344 0.0660303
-3.45696 -0.58665 0.0520723
-3.25489 -0.499446 0.033821
-3.03715 -0.417484 0.0167807
-2.76539 -0.349953 0.000305642
-2.41932 -0.280225 -0.0222714
-2.00256 -0.188016 -0.0510389
-1.5183 -0.0805639 -0.0732763
-0.988976 0.0218914 -0.0842268
-0.43598 0.116923 -0.0814191
0.133069 0.207851 -0.0604149
0.689565 0.284045 -0.031187
1.22113 0.328871 -0.00204342
1.74783 0.348053 0.0253765
2.28159 0.368524 0.0437358
2.82036 0.404306 0.0500776
3.37589 0.442707 0.0426895
3.94746 0.475722 0.0256573
4.50455 0.512493 0.0062315
5.03383 0.551168 -0.0130275
5.53431 0.570529 -0.0328257
5.98639 0.553944 -0.0556751
6.36515 0.508712 -0.0838878
6.66702 0.452524 -0.107337
6.91505 0.395874 -0.120115
7.13208 0.346762 -0.128171
7.32055 0.314053 -0.135024
7.48278 0.297838 -0.139416
7.63341 0.284052 -0.139366
7.7789 0.262719 -0.13551
7.90555 0.233344 -0.130557
7.9979 0.195954 -0.12506
8.04788 0.154127 -0.119772
8.04442 0.115871 -0.115689
7.98826 0.090255 -0.112811
7.89342 0.0794916 -0.109947
7.76748 0.0766501 -0.106072
7.6167 0.0734824 -0.099747
7.45606 0.0638055 -0.0900124
7.29477 0.0434925 -0.076208
7.13339 0.0138774 -0.0615802
6.97491 -0.014953 -0.0462217
6.80789 -0.0299016 -0.0213716
6.60157 -0.0245102 0.00425922
6.32758 -0.000730353 0.0163841
5.9612 0.0346532 0.0116461
5.48012 0.0709141 -0.00710583
4.89066 0.094854 -0.0323408
4.22864 0.0976172 -0.0564793
3.52887 0.081742 -0.0698846
2.81862 0.0636822 -0.0762523
2.11827 0.0551832 -0.0763469
1.44126 0.0527035 -0.0543912
0.789391 0.0515028 -0.0193672
0.146586 0.0490275 0.0216974
-0.494119 0.0394804 0.0689443
-1.12101 0.0143593 0.111386
-1.73221 -0.0280411 0.147934
-2.33185 -0.0830211 0.186211
-2.9092 -0.145411 0.245119
-3.44501 -0.209191 0.339877
-3.92163 -0.268988 0.453591
-4.33883 -0.3264 0.575387
-4.71948 -0.384656 0.684341
-5.08435 -0.435667 0.771976
-5.43933 -0.471724 0.843813
-5.79652 -0.497409 0.902892
-6.17017 -0.521874 0.950185
-6.5516 -0.554324 0.981705
-6.92826 -0.600489 1.00313
-7.29795 -0.659151 1.01108
-7.65993 -0.726453 1.0071
-8.00842 -0.797596 0.991678
-8.32179 -0.867545 0.971059
-8.58398 -0.932225 0.954889
-8.8014 -0.990281 0.94818
-8.98407 -1.0439 0.946707
-9.14182 -1.08986 0.950338
-9.28486 -1.11834 0.959243
-9.41656 -1.12343 0.965813
-9.53107 -1.1054 0.963362
-9.61387 -1.07032 0.959172
-9.65537 -1.02766 0.957132
-9.65545 -0.982075 0.952906
-9.60086 -0.937064 0.956957
-9.47267 -0.89603 0.968381
-9.28464 -0.854388 0.987598
-9.07214 -0.809861 1.00847
-8.85709 -0.767825 1.01979
-8.65055 -0.734427 1.01536
-8.46562 -0.718929 0.994588
-8.30756 -0.724771 0.960154
-8.16068 -0.741269 0.911458
-8.00542 -0.755476 0.849801
-7.834 -0.757245 0.780021
-7.63789 -0.742534 0.705409
-7.40542 -0.717077 0.625764
-7.13215 -0.691493 0.546134
-6.81949 -0.682678 0.471396
-6.47401 -0.697114 0.41133
-6.10429 -0.718336 0.36855
-5.71247 -0.731611 0.322882
-5.29494 -0.742799 0.272434
-4.84167 -0.770205 0.225942
-4.34428 -0.814912 0.178514
-3.80914 -0.852025 0.135983
-3.25124 -0.861128 0.0989726
-2.68878 -0.850628 0.067586
-2.13882 -0.839878 0.0399976
-1.61496 -0.828382 0.0151184
-1.12839 -0.802855 -0.00784774
-0.677109 -0.766659 -0.0289938
-0.245192 -0.737998 -0.0499603
0.181724 -0.710087 -0.0672248
0.601922 -0.656509 -0.0791286
1.00997 -0.575559 -0.0900568
1.40877 -0.485115 -0.104247
1.79214 -0.389523 -0.117474
2.14812 -0.280769 -0.125412
2.47508 -0.167786 -0.13128
2.77385 -0.0675858 -0.134953
3.03767 0.0256172 -0.137058
3.26318 0.12833 -0.13921
3.46028 0.240749 -0.13982
3.63876 0.35303 -0.139154
3.79891 0.465397 -0.137483
3.94284 0.578494 -0.135075
4.07912 0.680052 -0.132119
4.20797 0.759777 -0.129018
4.31819 0.823211 -0.12613
4.40718 0.879072 -0.122067
4.47783 0.925414 -0.116906
4.52145 0.958228 -0.111912
4.53139 0.980382 -0.107144
4.51 0.99307 -0.102966
4.45392 0.988456 -0.100141
4.35773 0.961057 -0.098873
4.22464 0.916037 -0.0992048
4.05749 0.861695 -0.101231
3.85424 0.800955 -0.104443
3.61876 0.733735 -0.107901
3.35993 0.663123 -0.111158
3.08162 0.590082 -0.11392
2.78737 0.50877 -0.115884
2.48665 0.414521 -0.116812
2.18487 0.310777 -0.11666
1.87879 0.203514 -0.115581
1.57043 0.0945125 -0.112494
1.26962 -0.0136481 -0.106422
0.978579 -0.114664 -0.097084
0.689558 -0.207091 -0.0836961
0.395583 -0.29668 -0.0662365
0.0883306 -0.38587 -0.0452205
-0.246486 -0.470416 -0.019267
-0.616872 -0.546593 0.0112466
-1.02082 -0.614095 0.0417976
-1.46028 -0.671752 0.0689528
-1.93523 -0.71554 0.0936582
-2.43026 -0.746533 0.120366
-2.92334 -0.772574 0.150571
-3.40085 -0.797604 0.183612
-3.85589 -0.819204 0.218708
-4.27316 -0.837001 0.255304
-4.63953 -0.853957 0.293639
-4.96495 -0.869684 0.332533
-5.26813 -0.881236 0.372745
-5.55399 -0.887219 0.418805
-5.82234 -0.887836 0.46845
-6.07976 -0.885257 0.518736
-6.32982 -0.881705 0.568722
-6.56763 -0.877207 0.615463
-6.78807 -0.870401 0.658049
-6.98941 -0.86101 0.697069
-7.16603 -0.851639 0.73182
-7.30927 -0.844489 0.759971
-7.41821 -0.840214 0.781312
-7.49867 -0.840195 0.796616
-7.55058 -0.843875 0.805793
-7.5692 -0.848192 0.807937
-7.55718 -0.849295 0.805011
-7.52276 -0.843506 0.797519
-7.47098 -0.830282 0.783485
-7.40453 -0.811711 0.762085
-7.3268 -0.789746 0.733832
-7.23758 -0.765692 0.69996
-7.13024 -0.739446 0.662093
-6.99648 -0.70946 0.621884
-6.83312 -0.67452 0.581374
-6.64179 -0.63402 0.541198
-6.42257 -0.589088 0.501871
-6.17586 -0.543102 0.464094
-5.90931 -0.498855 0.427374
-5.63171 -0.456861 0.390346
-5.34501 -0.415086 0.352586
-5.04909 -0.370457 0.314866
-4.74335 -0.322569 0.276966
-4.42245 -0.272953 0.239691
-4.08348 -0.222447 0.204146
-3.73461 -0.172053 0.170037
-3.38695 -0.123418 0.136428
-3.04752 -0.0801101 0.103057
-2.72218 -0.0448019 0.0714341
-2.41347 -0.0153106 0.0431978
-2.11855 0.0103283 0.0178615
-1.83271 0.0320867 -0.00392119
-1.55422 0.0514971 -0.0215263
-1.28549 0.0714745 -0.0362467
-1.02845 0.0919098 -0.0485571
-0.784405 0.108254 -0.0587583
-0.557948 0.117763 -0.0676282
-0.352291 0.121162 -0.0766114
-0.163367 0.118195 -0.0854866
0.0146903 0.108236 -0.0928364
0.184155 0.0939726 -0.0973899
0.346068 0.0794999 -0.0990261
0.500054 0.0652251 -0.0985514
0.640419 0.049135 -0.0971096
0.759946 0.0313584 -0.0956242
0.857085 0.0130539 -0.094624
0.933979 -0.00676944 -0.0944545
0.993566 -0.0292475 -0.0952346
1.04208 -0.0520805 -0.0966582
1.08754 -0.0720485 -0.0984094
1.13426 -0.0889299 -0.100505
1.18254 -0.103188 -0.102752
1.22949 -0.113813 -0.10508
1.26646 -0.12077 -0.107493
1.28339 -0.125926 -0.109868
1.27619 -0.129929 -0.111969
1.24496 -0.130886 -0.113774
1.19024 -0.127349 -0.115052
1.11446 -0.119558 -0.115728
1.02254 -0.107598 -0.116005
0.91878 -0.0914075 -0.115735
0.804759 -0.0727446 -0.114316
0.680735 -0.0543073 -0.111579
0.54748 -0.0370534 -0.107651
0.404642 -0.0205906 -0.102405
0.249803 -0.00497645 -0.0956201
0.0822495 0.00968905 -0.0867832
-0.0960611 0.0241285 -0.0765339
-0.284602 0.0384255 -0.0651513
-0.483508 0.0511721 -0.0523936
-0.690796 0.0613497 -0.0390231
-0.905614 0.0689162 -0.0255145
-1.12928 0.0736195 -0.0119373
-1.36104 0.0750199 0.00139439
-1.59734 0.073049 0.0142296
-1.83368 0.0679109 0.0270639
-2.06465 0.059634 0.0398523
-2.285 0.0479865 0.0523006
-2.4926 0.0332404 0.0651213
-2.68864 0.016377 0.079457
-2.8754 -0.0018904 0.0951803
-3.05617 -0.0215671 0.111406
-3.23426 -0.0426146 0.127724
-3.4087 -0.0646888 0.144464
-3.57309 -0.0875984 0.162109
-3.7208 -0.111187 0.180654
-3.84873 -0.135141 0.199566
-3.95585 -0.158924 0.217833
-4.04303 -0.181853 0.234631
-4.115 -0.203725 0.250516
-4.17705 -0.224684 0.265342
-4.23093 -0.244412 0.276647
-4.27739 -0.262309 0.282935
-4.31787 -0.27779 0.28433
-4.35062 -0.290398 0.281408
-4.37037 -0.300374 0.275285
-4.37409 -0.3084 0.267331
-4.36234 -0.31496 0.258586
-4.3354 -0.320204 0.249125
-4.2933 -0.323991 0.238453
-4.23799 -0.326347 0.227049
-4.17083 -0.327534 0.216004
-4.0904 -0.327587 0.205864
-3.99561 -0.326287 0.196382
-3.88705 -0.323555 0.187031
-3.76513 -0.319733 0.177302
-3.63109 -0.315362 0.166956
-3.48898 -0.310805 0.156528
-3.34344 -0.30631 0.146423
-3.19691 -0.30226 0.136066
-3.04991 -0.299082 0.124445
-2.90223 -0.296872 0.111235
-2.75257 -0.295169 0.0967322
-2.59908 -0.293242 0.0813219
-2.44207 -0.29057 0.0655724
-2.28547 -0.286827 0.0501716
-2.13463 -0.281824 0.0355624
-1.99391 -0.275765 0.0227382
-1.86562 -0.269008 0.0118086
-1.74946 -0.261285 0.00168998
-1.64341 -0.25174 -0.00767221
-1.54518 -0.239997 -0.0157255
-1.45232 -0.226098 -0.0221202
-1.36342 -0.209603 -0.026928
-1.28045 -0.190319 -0.03038
-1.2072 -0.169107 -0.0328099
-1.14556 -0.146972 -0.0347433
-1.0946 -0.124316 -0.036046
-1.05244 -0.101268 -0.0363605
-1.01689 -0.0777755 -0.0362534
-0.98515 -0.0533 -0.0360085
-0.95529 -0.0274815 -0.0357853
-0.927394 -0.000957942 -0.0358239
-0.901801 0.0251368 -0.0364865
-0.878598 0.0499091 -0.0382265
-0.858952 0.0726635 -0.0409092
-0.843748 0.0928795 -0.044153
-0.831822 0.110663 -0.047542
-0.822304 0.126757 -0.0501793
-0.816468 0.141711 -0.0517048
-0.815751 0.155235 -0.0524398
-0.821548 0.166578 -0.0525617
-0.836949 0.175232 -0.0522861
-0.863887 0.180714 -0.0516555
-0.899717 0.182325 -0.0505582
-0.940551 0.179955 -0.0487606
-0.98463 0.174377 -0.0461195
-1.02999 0.166442 -0.042565
-1.07441 0.156641 -0.0381381
-1.11957 0.145329 -0.0329908
-1.17032 0.132714 -0.0273384
-1.23 0.118435 -0.0210964
-1.30073 0.101702 -0.0148932
-1.38458 0.0820126 -0.00924423
-1.48086 0.0596331 -0.00398413
-1.58614 0.0354924 0.00116498
-1.69815 0.0106467 0.0062448
-1.81525 -0.0140393 0.0113119
-1.93372 -0.0379761 0.0167972
-2.04989 -0.0611015 0.0228895
-2.16184 -0.0839522 0.0295704
-2.26715 -0.107185 0.0369197
-2.36313 -0.131003 0.045003
-2.44961 -0.155061 0.0536274
-2.52726 -0.178647 0.062824
-2.59607 -0.200863 0.0727569
-2.65793 -0.220999 0.0830617
-2.71687 -0.238925 0.0930944
-2.77516 -0.255117 0.102472
-2.83251 -0.27022 0.110745
-2.88869 -0.284724 0.117223
-2.9432 -0.298942 0.12162
-2.99365 -0.312826 0.12415
-3.03819 -0.325851 0.125032
-3.07752 -0.33722 0.124576
-3.1119 -0.346219 0.123371
-3.13961 -0.352363 0.121948
-3.15956 -0.355453 0.120434
-3.1712 -0.355693 0.118973
-3.17219 -0.353621 0.117733
-3.16054 -0.349806 0.116562
-3.13771 -0.344532 0.115475
-3.10708 -0.337639 0.114813
-3.07236 -0.328662 0.114672
-3.03909 -0.317252 0.114728
-3.01257 -0.303522 0.114644
-2.99374 -0.287877 0.11421
-2.98054 -0.270744 0.1132
-2.97079 -0.252674 0.111534
-2.9607 -0.234311 0.109352
-2.94511 -0.216053 0.106729
-2.92153 -0.1978 0.103581
-2.89048 -0.179136 0.0998995
-2.85175 -0.159686 0.0957552
-2.80444 -0.139328 0.0912038
-2.74876 -0.118262 0.086285
-2.68437 -0.0970178 0.0810138
-2.61022 -0.076365 0.0753574
-2.52807 -0.0570272 0.06936
-2.44258 -0.0393587 0.0631843
-2.35732 -0.0232987 0.056939
-2.27424 -0.00857702 0.0504819
-2.1954 0.00515948 0.0435282
-2.12106 0.0182813 0.0360185
-2.04875 0.0309237 0.0283257
-1.97682 0.0428057 0.0209947
-1.90634 0.0534159 0.0145037
-1.8388 0.0622975 0.00945995
-1.77551 0.0691204 0.00521478
-1.71838 0.0737012 0.00105949
-1.66793 0.0763242 -0.00310944
-1.62159 0.0778736 -0.00710815
-1.57653 0.0790503 -0.0104861
-1.53208 0.079806 -0.0129493
-1.48856 0.0797516 -0.0143286
-1.44782 0.0783609 -0.0148893
-1.41481 0.0749606 -0.015045
-1.39471 0.0691392 -0.0152204
-1.38882 0.0611463 -0.0155538
-1.39516 0.051703 -0.0158717
-1.41038 0.0414333 -0.0161734
-1.43024 0.0306428 -0.0163187
-1.4513 0.0194958 -0.0158898
-1.47318 0.00799716 -0.0147154
-1.4971 -0.00431293 -0.0129811
-1.52358 -0.0180445 -0.0109935
-1.55309 -0.0332751 -0.00901135
-1.58586 -0.0495807 -0.00714523
-1.6195 -0.0663995 -0.00520143
-1.65042 -0.0831812 -0.00271647
-1.67827 -0.099418 0.00056776
-1.70534 -0.114885 0.00434957
-1.73376 -0.129895 0.00827305
-1.76635 -0.144994 0.0119745
-1.80685 -0.160392 0.0152017
-1.85622 -0.175878 0.0180169
-1.91203 -0.19107 0.0208145
-1.97212 -0.205475 0.0238329
-2.03536 -0.218539 0.0271346
-2.10024 -0.229911 0.030849
-2.16613 -0.239654 0.0351063
-2.23359 -0.248074 0.0398965
-2.30134 -0.255338 0.0446149
-2.3657 -0.261364 0.0492722
-2.42371 -0.266041 0.0544248
-2.47383 -0.269189 0.0599865
-2.51563 -0.270306 0.0659193
-2.55194 -0.269022 0.072142
-2.58866 -0.2658 0.0782717
-2.62946 -0.261384 0.0837784
-2.67338 -0.256 0.0884652
-2.71723 -0.249613 0.0923514
-2.7569 -0.242341 0.0952808
-2.78715 -0.234113 0.0969805
-2.80439 -0.22438 0.0974386
-2.80984 -0.212685 0.0969687
-2.80796 -0.19935 0.0959394
-2.80339 -0.185137 0.0945292
-2.80105 -0.170394 0.0926801
-2.80422 -0.155105 0.0904114
-2.81073 -0.139577 0.0882377
-2.8154 -0.124202 0.0866973
-2.81504 -0.108808 0.0857379
-2.80849 -0.0929534 0.0850058
-2.79623 -0.0766388 0.0844681
-2.78202 -0.0603546 0.0844178
-2.77055 -0.0445118 0.0848414
-2.76339 -0.0293775 0.0854869
-2.75971 -0.0155272 0.08625
-2.75846 -0.00363474 0.0869891
-2.7576 0.0061013 0.0875761
-2.75469 0.013876 0.0881089
-2.74968 0.0198053 0.0886466
-2.74471 0.0237894 0.0888774
-2.74071 0.0257778 0.0884111
-2.73627 0.025877 0.0872309
-2.72886 0.0240475 0.0855917
-2.71495 0.0200446 0.0836472
-2.69009 0.0138502 0.0813296
-2.6519 0.00579342 0.0785298
-2.60221 -0.00381746 0.0752012
-2.54495 -0.0148547 0.0714243
-2.48415 -0.0271307 0.0673316
-2.42414 -0.0402496 0.0628475
-2.36786 -0.0538809 0.057742
-2.31487 -0.0679316 0.0521047
-2.26329 -0.0822609 0.0464255
-2.21225 -0.0964941 0.0410331
-2.16168 -0.110277 0.0359722
-2.11278 -0.123442 0.0313115
-2.06848 -0.13575 0.0271099
-2.03054 -0.146759 0.0232478
-1.99749 -0.156134 0.0197255
-1.96694 -0.163809 0.0167479
-1.93723 -0.169749 0.0144567
-1.90633 -0.173824 0.0128886
-1.87284 -0.176088 0.0120869
-1.8381 -0.176869 0.0119091
-1.80481 -0.176411 0.0119231
-1.77458 -0.17472 0.0117102
-1.74829 -0.171833 0.0111155
-1.72606 -0.167928 0.0101979
-1.70627 -0.163079 0.00901152
-1.68733 -0.157271 0.00759052
-1.6701 -0.150717 0.00598159
-1.65682 -0.143868 0.00418697
-1.64917 -0.13709 0.00224375
-1.64876 -0.130549 0.000327442
-1.65709 -0.124393 -0.00138334
-1.67365 -0.118753 -0.0027436
-1.69612 -0.113575 -0.00344685
-1.72249 -0.108719 -0.00298752
-1.75103 -0.104191 -0.00133571
-1.77976 -0.100143 0.00101905
-1.80793 -0.0967391 0.0039466
-1.83628 -0.0941206 0.00763903
-1.86436 -0.0923481 0.0118788
-1.8901 -0.091409 0.0164726
-1.91225 -0.0913014 0.0214223
-1.93093 -0.0919016 0.026359
-1.94678 -0.0928973 0.0306426
-1.96164 -0.0940546 0.033931
-1.97885 -0.0953281 0.036178
-2.00121 -0.0967554 0.037237
-2.02976 -0.0983905 0.0371082
-2.06419 -0.100217 0.0361381
-2.10253 -0.10208 0.0347168
-2.14083 -0.103671 0.0332266
-2.17554 -0.104538 0.0322354
-2.20569 -0.104174 0.0321511
-2.23171 -0.102214 0.0329344
-2.25434 -0.0986193 0.0345429
-2.27496 -0.093609 0.0365968
-2.29446 -0.0874961 0.039323
-2.31168 -0.0806111 0.0429829
-2.32494 -0.0731816 0.0472717
-2.33449 -0.0652382 0.0519905
-2.342 -0.0568593 0.0567661
-2.34957 -0.0482613 0.0612344
-2.36045 -0.0396696 0.06497
-2.37782 -0.0314526 0.0675623
-2.402 -0.0241209 0.0687281
-2.43106 -0.0181103 0.0685936
-2.46297 -0.0136129 0.0675097
-2.49497 -0.0106056 0.0659182
-2.52344 -0.00902803 0.0643403
-2.54584 -0.00884008 0.0631127
-2.56138 -0.00998181 0.0622712
-2.56967 -0.0124179 0.0618405
-2.57049 -0.0162904 0.0615344
-2.56454 -0.0217946 0.061448
-2.55255 -0.0288611 0.0620564
-2.53454 -0.0372121 0.0635045
-2.51156 -0.0468418 0.0654334
-2.48621 -0.0580943 0.0672905
-2.46051 -0.0709261 0.0686078
-2.43554 -0.0848048 0.0691029
-2.41198 -0.0994071 0.0686285
-2.38903 -0.114676 0.0670173
-2.36432 -0.130299 0.0641734
-2.33621 -0.145655 0.0601165
-2.30503 -0.160308 0.055065
-2.27211 -0.174094 0.0494595
-2.23936 -0.186712 0.0439038
-2.20924 -0.197676 0.0387793
-2.18282 -0.206784 0.0341941
-2.15804 -0.214133 0.0305184
-2.13138 -0.219494 0.0272649
-2.10005 -0.222208 0.0243011
-2.06212 -0.221886 0.0219338
-2.01715 -0.218755 0.0203379
-1.9678 -0.213093 0.019879
-1.91852 -0.205012 0.0199673
-1.87275 -0.194846 0.019966
-1.83302 -0.183144 0.0195696
-1.80112 -0.170371 0.0186432
-1.7767 -0.156726 0.0171042
-1.75843 -0.142225 0.0150247
-1.74655 -0.126995 0.0125974
-1.74259 -0.1113 0.0100547
-1.74789 -0.0954232 0.00761019
-1.76307 -0.0797529 0.00544593
-1.78743 -0.0648265 0.00395714
-1.81793 -0.0511363 0.00358111
-1.85003 -0.039119 0.00395416
-1.88038 -0.0291092 0.0051483
-1.90762 -0.0209236 0.00736739
-1.9314 -0.0139708 0.0105722
-1.95304 -0.0080939 0.0147101
-1.97556 -0.00376768 0.0195629
-2.00107 -0.00140535 0.0253013
-2.02986 -0.00127659 0.0312962
-2.06154 -0.00393845 0.0370504
-2.09522 -0.00977308 0.0424313
-2.12962 -0.0181022 0.0470539
-2.16427 -0.0277443 0.0504574
-2.20046 -0.0382199 0.0524003
-2.23926 -0.0494512 0.0530583
-2.27958 -0.0610557 0.0527521
-2.3191 -0.0727041 0.051833
-2.35543 -0.0846142 0.0506569
-2.38576 -0.0970134 0.0496727
-2.40796 -0.109337 0.0492426
-2.42236 -0.120545 0.0495625
-2.43112 -0.129967 0.0506119
-2.43652 -0.137337 0.0522187
-2.44043 -0.142296 0.0541941
-2.44401 -0.144665 0.0564802
-2.44686 -0.144979 0.0591164
-2.44804 -0.144036 0.062129
-2.44829 -0.14219 0.0652768
-2.44966 -0.139434 0.0680624
-2.4537 -0.135837 0.0700755
-2.46168 -0.131462 0.071145
-2.47449 -0.126093 0.0712149
-2.49076 -0.11954 0.0703875
-2.50703 -0.112151 0.0688773
-2.52029 -0.104632 0.0669325
-2.5288 -0.0975115 0.0648448
-2.53161 -0.0911452 0.0629908
-2.5293 -0.0859354 0.0616185
-2.52349 -0.0821093 0.0606559
-2.51491 -0.0794441 0.0599043
-2.50265 -0.0775552 0.0593077
-2.48488 -0.0763689 0.0589304
-2.45935 -0.0761032 0.0588103
-2.42425 -0.0770132 0.058882
-2.37983 -0.0794139 0.0588161
-2.32887 -0.0836668 0.0581109
-2.27473 -0.0898449 0.0564499
-2.22002 -0.097559 0.0537118
-2.16668 -0.106249 0.0497846
-2.11583 -0.115447 0.0446269
-2.06729 -0.124675 0.0384471
-2.02087 -0.133439 0.0316843
-1.97693 -0.141525 0.0248986
-1.93522 -0.14901 0.0185141
