6.78279e-07 3.81229e-09 -0.0239652
-0.000159629 -1.07607e-06 -0.0239764
-0.000632054 -5.34332e-06 -0.0240334
-0.00115571 -1.32627e-05 -0.0241274
-0.00151626 -2.19968e-05 -0.0241867
-0.0020273 -3.01737e-05 -0.0242174
-0.00311302 -4.19773e-05 -0.0243088
-0.00472198 -5.90919e-05 -0.02449
-0.00621721 -7.85118e-05 -0.0246805
-0.00688145 -9.75501e-05 -0.0247453
-0.00643333 -0.000111868 -0.0246072
-0.00529678 -0.000112849 -0.0242988
-0.0045118 -9.53013e-05 -0.0239687
-0.0044697 -7.27469e-05 -0.0238149
-0.00457789 -7.39379e-05 -0.0238801
-0.00511727 -0.000122569 -0.0241151
-0.00700796 -0.000218037 -0.0245758
-0.00956971 -0.000318789 -0.0251659
-0.0112138 -0.00035939 -0.025532
-0.0114026 -0.000317723 -0.0255134
-0.0102024 -0.000242484 -0.0252505
-0.00738632 -0.000184218 -0.0248222
-0.00345107 -0.000135739 -0.0241792
-0.000195857 -6.47351e-05 -0.0234683
0.00157924 3.17029e-05 -0.0230478
0.00232668 0.000118331 -0.0230467
0.00152521 0.000141662 -0.0233977
-0.000860258 6.74851e-05 -0.024064
-0.00281163 -5.7876e-05 -0.0247557
-0.00220767 -0.000113899 -0.024979
0.00135995 -2.58742e-05 -0.0244398
0.00649052 0.00015996 -0.0233688
0.0112735 0.000323173 -0.0224581
0.0142372 0.00037595 -0.022113
0.0135881 0.000317982 -0.0223248
0.00892787 0.000199025 -0.0232068
0.00355565 8.13494e-05 -0.0245078
0.000685308 2.15605e-05 -0.0252819
0.00111655 4.34091e-05 -0.0250269
0.00448074 0.000123768 -0.0240565
0.00782844 0.000232968 -0.0229596
0.00895267 0.000343199 -0.0223606
0.0100624 0.000402439 -0.0222087
0.0110816 0.000356626 -0.0221499
0.00756884 0.000182043 -0.0227008
-0.00108961 -5.83576e-05 -0.0241651
-0.00992832 -0.000222368 -0.0256257
-0.0147828 -0.000251891 -0.0263473
-0.0151032 -0.000253301 -0.0264502
-0.011637 -0.000315292 -0.0259471
-0.00702097 -0.000359138 -0.0247587
-0.00524617 -0.000268267 -0.0235514
-0.005709 -7.69722e-05 -0.023059
-0.00607598 4.31774e-05 -0.0232606
-0.00940003 -8.02386e-05 -0.0242249
-0.0176799 -0.000458217 -0.0259548
-0.0249438 -0.000856457 -0.0275772
-0.0251378 -0.000883733 -0.0277535
-0.0182252 -0.000487472 -0.0261698
-0.00714853 -3.74199e-05 -0.0238305
0.00198743 0.000134687 -0.0222351
0.00257243 -7.74718e-06 -0.0222723
-0.0047497 -0.000237356 -0.023716
-0.0130699 -0.000376767 -0.0257451
-0.0172478 -0.000386781 -0.0274289
-0.0178806 -0.000389299 -0.0280219
-0.0172012 -0.000429916 -0.0273552
-0.0128136 -0.000341769 -0.0259337
-0.00217898 1.15797e-05 -0.023737
0.00951857 0.000474705 -0.0212799
0.0141125 0.000697791 -0.0202726
0.00788856 0.000467095 -0.0216224
-0.00699161 -6.23788e-05 -0.0245645
-0.0225731 -0.000518303 -0.0275649
-0.0303448 -0.000678903 -0.0298482
-0.0285174 -0.000600334 -0.0302964
-0.0216156 -0.000492585 -0.0284718
-0.0131296 -0.000392832 -0.0255589
-0.00255441 -0.000225586 -0.022374
0.00779603 1.78704e-05 -0.0204619
0.00943907 0.000195246 -0.0203879
-0.00123355 6.96459e-05 -0.0224586
-0.0160079 -0.000487051 -0.0265605
-0.0295794 -0.00120828 -0.0305215
-0.0423307 -0.00163331 -0.033632
-0.0488433 -0.00144074 -0.0355992
-0.0441075 -0.000862238 -0.034387
-0.0311535 -0.000338095 -0.0303132
-0.0186045 -9.50529e-05 -0.0259445
-0.010554 -9.26441e-05 -0.0227904
-0.00404966 -7.28112e-05 -0.0215161
-0.00276737 0.000148489 -0.0211458
-0.0093885 0.00039754 -0.021972
-0.0189175 0.000145046 -0.0252332
-0.0299521 -0.000593108 -0.0296158
-0.0390461 -0.00137148 -0.0328596
-0.0412452 -0.00165424 -0.0336287
-0.0325492 -0.00133742 -0.031681
-0.0131614 -0.000775091 -0.0276952
0.00501876 -0.000248539 -0.0230947
0.0162934 -6.73052e-05 -0.0205092
0.0229624 -0.000116406 -0.0196374
0.025299 -2.70258e-05 -0.0204938
0.0258113 0.000140066 -0.0213753
0.0207755 0.000253227 -0.0225115
0.00922485 0.000203501 -0.0251038
0.00105512 0.000139373 -0.0274414
0.00194283 0.000388244 -0.0273314
0.0127266 0.000785736 -0.0241497
0.0256141 0.00115334 -0.0211339
0.031329 0.0015072 -0.0192898
0.0348651 0.00169226 -0.0172167
0.0395121 0.00181401 -0.0151241
0.0392198 0.00187771 -0.0147157
0.0293911 0.00154575 -0.0171967
0.0128187 0.000892688 -0.0218787
-0.00323262 0.000140056 -0.0256292
-0.0199564 -0.000507369 -0.0288616
-0.0390295 -0.000932315 -0.0325178
-0.0528024 -0.00129808 -0.0364809
-0.0570119 -0.00160122 -0.0383931
-0.0526881 -0.00188587 -0.036455
-0.0422409 -0.0021021 -0.0331174
-0.0296421 -0.00193165 -0.028795
-0.0211875 -0.00140991 -0.0250759
-0.0245431 -0.000995208 -0.0244834
-0.0375392 -0.0010698 -0.0268338
-0.0505528 -0.0014013 -0.0317128
-0.0622476 -0.00198417 -0.0371211
-0.0748506 -0.00288453 -0.0419921
-0.0849258 -0.00337371 -0.0469476
-0.0892006 -0.00307161 -0.0488268
-0.0871865 -0.00260622 -0.0465903
-0.0779524 -0.00172897 -0.0422142
-0.0580306 -0.00039953 -0.0354643
-0.0311722 0.000307058 -0.0284411
-0.0132101 0.000269786 -0.0243007
-0.00913392 0.000153395 -0.0226215
-0.00729618 0.000221618 -0.0224393
-0.00465649 0.000205485 -0.022954
-0.00620707 0.000224138 -0.0239616
-0.00774359 0.000411486 -0.025843
-0.00417863 0.000433135 -0.0268309
0.00229211 4.90804e-05 -0.0265227
0.0100457 -0.000119105 -0.0253154
0.0227684 4.33841e-05 -0.0223087
0.0404023 0.000228319 -0.0189511
0.0546526 0.000571068 -0.0159983
0.0592735 0.000958179 -0.0140917
0.0567733 0.0012273 -0.0143048
0.0522502 0.00129195 -0.0154043
0.0451945 0.00140978 -0.017142
0.0381024 0.00149236 -0.0185388
0.0347716 0.00128007 -0.0188687
0.0297362 0.00113461 -0.0195315
0.0231164 0.00134142 -0.0199999
0.0203874 0.00166231 -0.0194411
0.019063 0.00191044 -0.01887
0.0171633 0.00191321 -0.018505
0.011704 0.00144908 -0.0197443
-0.00186214 0.000664623 -0.0224233
-0.0193538 -0.000255782 -0.0264475
-0.0360742 -0.000984944 -0.031815
-0.048843 -0.0013405 -0.0359398
-0.0543794 -0.00168529 -0.0384469
-0.0545191 -0.00208624 -0.0392856
-0.047548 -0.00263761 -0.0374287
-0.0311525 -0.00310725 -0.0329627
-0.00562064 -0.00288398 -0.0261186
0.0349577 -0.00211202 -0.0174001
0.0926341 -0.00117804 -0.00486974
0.160875 -0.000145003 0.00977996
0.234572 0.000626287 0.0251341
0.31061 0.000894671 0.0410005
0.388845 0.000662301 0.0578703
0.471748 0.000291584 0.0771723
0.56169 0.000615812 0.100829
0.661877 0.00140846 0.129316
0.775296 0.0022561 0.161414
0.906925 0.00267781 0.198147
1.06112 0.00151955 0.23994
1.23534 -0.00147705 0.28728
1.42252 -0.00436152 0.340368
1.61714 -0.00532361 0.398593
1.8187 -0.00493855 0.46105
2.0259 -0.00411419 0.527743
2.22229 -0.00278344 0.596486
2.37765 -0.00110626 0.663931
2.46491 -2.68372e-05 0.726306
2.46881 -7.96065e-05 0.774774
2.39392 -0.000674349 0.79484
2.26448 -0.00119571 0.78322
2.1017 -0.00182721 0.749978
1.91965 -0.00261451 0.703883
1.73545 -0.00382027 0.651953
1.56 -0.00535256 0.597736
1.39685 -0.00650418 0.542837
1.25679 -0.00676419 0.490267
1.18474 -0.00525021 0.44479
1.24191 -0.00153861 0.415595
1.41775 0.00414221 0.423839
1.62509 0.00844409 0.47495
1.80881 0.00557032 0.536726
1.96129 -0.00135401 0.592493
2.09422 -0.00806593 0.643324
2.22705 -0.0184395 0.699702
2.32087 -0.0302602 0.728456
2.31555 -0.036669 0.710407
2.20483 -0.0384757 0.682162
1.98043 -0.0366901 0.640098
1.619 -0.0260081 0.565962
1.16955 -0.0150998 0.449661
0.708395 -0.0166267 0.278437
0.238706 -0.0279496 0.0900784
-0.27568 -0.0467032 -0.0614633
-0.795737 -0.0611037 -0.130263
-1.23191 -0.0560592 -0.206359
-1.60541 -0.0471354 -0.274896
-1.954 -0.0471348 -0.289507
-2.19308 -0.0508313 -0.314741
-2.29425 -0.0549465 -0.329842
-2.34333 -0.0484075 -0.293716
-2.34227 -0.0355689 -0.254854
-2.25455 -0.035217 -0.235916
-2.169 -0.046527 -0.204502
-2.12376 -0.0517667 -0.175465
-2.03729 -0.0466942 -0.162008
-1.97036 -0.0404393 -0.132375
-2.02572 -0.035314 -0.0859873
-2.13147 -0.0298496 -0.0719824
-2.22148 -0.0225589 -0.0937058
-2.32106 -0.0152225 -0.114463
-2.41213 -0.0131873 -0.10889
-2.46323 -0.00943954 -0.0976259
-2.49008 0.00414002 -0.0836735
-2.47464 0.0145889 -0.102075
-2.43062 -0.00127337 -0.154872
-2.46705 -0.0445151 -0.181166
-2.62708 -0.0831256 -0.204202
-2.8606 -0.106153 -0.26012
-3.14267 -0.124808 -0.292232
-3.44323 -0.136469 -0.307757
-3.69872 -0.135662 -0.364444
-3.9066 -0.123662 -0.416086
-4.10822 -0.110884 -0.41893
-4.27173 -0.101569 -0.416393
-4.36888 -0.0878081 -0.422754
-4.43135 -0.0676792 -0.413269
-4.41614 -0.0455067 -0.399591
-4.30032 -0.0276428 -0.402347
-4.17821 -0.0222038 -0.398689
-4.06065 -0.0310945 -0.389707
-3.90372 -0.0472428 -0.39282
-3.75377 -0.0651688 -0.397877
-3.60534 -0.0869961 -0.382422
-3.40585 -0.100742 -0.374643
-3.20223 -0.098218 -0.36781
-3.05023 -0.0933341 -0.353807
-2.93087 -0.0912922 -0.352322
-2.81973 -0.0830487 -0.353602
-2.7149 -0.0646633 -0.346975
-2.61459 -0.0418353 -0.344596
-2.51555 -0.0233922 -0.356651
-2.43405 -0.0188708 -0.378694
-2.40864 -0.0292903 -0.400662
-2.4227 -0.0519667 -0.424245
-2.40748 -0.0786165 -0.444507
-2.34459 -0.0931851 -0.447232
-2.24711 -0.0950756 -0.438091
-2.10863 -0.0933677 -0.423979
-1.9305 -0.0808423 -0.397626
-1.73406 -0.0498297 -0.355324
-1.53547 -0.0128848 -0.309449
-1.34327 0.0105698 -0.273817
-1.16743 0.0147822 -0.246218
-1.00088 0.0102773 -0.218937
-0.826546 -0.00107763 -0.197064
-0.63921 -0.0209671 -0.179359
-0.436447 -0.0365123 -0.153851
-0.219656 -0.0292543 -0.110178
0.00685164 0.00440392 -0.0497491
0.241364 0.0405137 0.029311
0.460705 0.0511999 0.0969495
0.6426 0.0356626 0.142451
0.803661 0.00874279 0.177278
0.954605 -0.0219227 0.205422
1.08875 -0.0490215 0.233826
1.20503 -0.0621931 0.264756
1.29425 -0.0542027 0.299719
1.35295 -0.0311893 0.334229
1.38391 -0.0118285 0.363136
1.37879 -0.00504556 0.375691
1.33141 -0.0069665 0.366707
1.25163 -0.0174646 0.3429
1.15998 -0.034666 0.316505
1.07281 -0.0471184 0.289985
1.00327 -0.0471127 0.268158
0.966127 -0.0361007 0.257451
0.960252 -0.0221414 0.255036
0.964569 -0.0143595 0.253817
0.969683 -0.0173354 0.249759
0.979911 -0.0316973 0.242518
0.989525 -0.0517863 0.233146
0.999683 -0.0675945 0.230069
1.03514 -0.0749445 0.241803
1.11374 -0.0772383 0.26091
1.22341 -0.0805301 0.280334
1.34027 -0.0898844 0.301513
1.44404 -0.106956 0.32003
1.51622 -0.129105 0.328265
1.5415 -0.149416 0.326222
1.50918 -0.162792 0.315472
1.41704 -0.170002 0.292468
1.27799 -0.172918 0.256119
1.11108 -0.168777 0.211341
0.929267 -0.154758 0.161906
0.741106 -0.136227 0.110491
0.55108 -0.120524 0.0603562
0.363029 -0.111499 0.0142347
0.184611 -0.11521 -0.0256637
0.0206006 -0.133514 -0.0616342
-0.12235 -0.151817 -0.0878377
-0.233935 -0.152396 -0.102995
-0.316789 -0.136519 -0.107281
-0.377713 -0.117336 -0.0977682
-0.405321 -0.105983 -0.0830288
-0.389772 -0.11312 -0.0701273
-0.349603 -0.137079 -0.0573522
-0.317974 -0.156815 -0.0435173
-0.325593 -0.163699 -0.0315562
-0.386772 -0.167753 -0.0224175
-0.478762 -0.167906 -0.0188032
-0.57389 -0.154362 -0.0178894
-0.674057 -0.126788 -0.0145629
-0.776366 -0.097096 -0.0118546
-0.862036 -0.0804169 -0.0127195
-0.932519 -0.0756313 -0.0170535
-1.01133 -0.0700545 -0.0266522
-1.11362 -0.0674287 -0.0400401
-1.24119 -0.0753433 -0.0569877
-1.39547 -0.0886191 -0.0851222
-1.57445 -0.10231 -0.125081
-1.7592 -0.115408 -0.165334
-1.91709 -0.128356 -0.19625
-2.02141 -0.133781 -0.214861
-2.06631 -0.123069 -0.228901
-2.07134 -0.104944 -0.233804
-2.06898 -0.0874846 -0.22398
-2.08136 -0.0661158 -0.208589
-2.10931 -0.0414699 -0.192048
-2.14214 -0.0202763 -0.172369
-2.16638 -0.006005 -0.156302
-2.17148 0.00112785 -0.143938
-2.15345 -0.00253456 -0.132931
-2.11325 -0.0195619 -0.129503
-2.06535 -0.0407044 -0.127124
-2.03338 -0.0544587 -0.119471
-2.03287 -0.0578411 -0.111822
-2.06901 -0.0557473 -0.107517
-2.13502 -0.0521161 -0.103653
-2.20849 -0.0446006 -0.0957595
-2.26397 -0.0333509 -0.0851075
-2.28978 -0.0220095 -0.0757313
-2.28714 -0.00886237 -0.0690382
-2.26793 0.0101688 -0.0614128
-2.2554 0.0312099 -0.0501371
-2.26644 0.0444614 -0.0428555
-2.29672 0.0433222 -0.0500727
-2.33378 0.027922 -0.0697487
-2.36946 0.00265309 -0.0891062
-2.39363 -0.0263292 -0.105283
-2.39325 -0.0526138 -0.120754
-2.36627 -0.0711738 -0.133232
-2.32464 -0.0809243 -0.139911
-2.27656 -0.0854097 -0.143562
-2.22108 -0.0867019 -0.146997
-2.15991 -0.0843945 -0.150013
-2.09729 -0.0790294 -0.151181
-2.03466 -0.0708221 -0.150037
-1.9716 -0.0591011 -0.146675
-1.90254 -0.0462142 -0.144648
-1.81893 -0.0392904 -0.146083
-1.71849 -0.0437511 -0.150234
-1.60671 -0.0578083 -0.156267
-1.48929 -0.0767153 -0.162858
-1.37008 -0.0972858 -0.17037
-1.26302 -0.116992 -0.180655
-1.18921 -0.133569 -0.192659
-1.15685 -0.145003 -0.20503
-1.15976 -0.148852 -0.218349
-1.18224 -0.141461 -0.227727
-1.19958 -0.118346 -0.22937
-1.19595 -0.0854072 -0.228468
-1.16334 -0.0618363 -0.22822
-1.09224 -0.05882 -0.229445
-0.988053 -0.0642856 -0.225125
-0.85836 -0.062265 -0.211767
-0.708424 -0.0558837 -0.193381
-0.548283 -0.0523889 -0.167357
-0.367576 -0.0474283 -0.132034
-0.143667 -0.0377324 -0.0828875
0.131054 -0.0325998 -0.0213572
0.439506 -0.0463283 0.0457265
0.747402 -0.0751613 0.114471
1.02776 -0.0973783 0.184445
1.27649 -0.109514 0.253842
1.49844 -0.121358 0.31595
1.68344 -0.126458 0.366373
1.82226 -0.114051 0.409422
1.91627 -0.0858207 0.448286
1.95907 -0.0579655 0.479236
1.94867 -0.043255 0.501571
1.90674 -0.0363174 0.515378
1.85583 -0.0324063 0.514983
1.80459 -0.0395897 0.502966
1.76036 -0.0624785 0.487732
1.72755 -0.0885581 0.467815
1.70945 -0.104663 0.449328
1.70059 -0.110107 0.443427
1.68485 -0.108931 0.446914
1.66076 -0.103415 0.450117
1.63466 -0.0957949 0.448041
1.59904 -0.0905065 0.439297
1.55106 -0.0872529 0.426457
1.50459 -0.081635 0.416335
1.47391 -0.0751568 0.41587
1.47711 -0.0714042 0.426824
1.54275 -0.0695858 0.451178
1.68171 -0.0700254 0.484117
1.85886 -0.075603 0.510375
2.02592 -0.0880278 0.52985
2.15458 -0.106843 0.544586
2.22297 -0.126271 0.552363
2.22681 -0.141556 0.556405
2.17312 -0.153383 0.552135
2.07687 -0.162094 0.534618
1.96536 -0.166831 0.507894
1.83944 -0.160062 0.476336
1.68881 -0.138619 0.435386
1.52298 -0.111219 0.385819
1.34619 -0.0885807 0.33143
1.14322 -0.0793934 0.265967
0.911669 -0.0869988 0.191201
0.660542 -0.102077 0.119758
0.392513 -0.10641 0.0668757
0.120234 -0.0947625 0.0282136
-0.135043 -0.0765926 -0.000666694
-0.348909 -0.0625559 -0.0148232
-0.497933 -0.0600983 -0.0193922
-0.568356 -0.07563 -0.017616
-0.57672 -0.101974 -0.00992444
-0.556094 -0.117683 0.0107068
-0.521219 -0.120257 0.0351645
-0.495696 -0.120383 0.0595374
-0.509097 -0.113446 0.0883033
-0.559371 -0.0969738 0.11189
-0.63538 -0.08022 0.13323
-0.734679 -0.0676244 0.148137
-0.847095 -0.0568828 0.157358
-0.959068 -0.0426102 0.163325
-1.06968 -0.0222167 0.165278
-1.18037 -0.00234437 0.161211
-1.28948 0.0113546 0.14251
-1.40648 0.0195995 0.110342
-1.54288 0.0145641 0.070011
-1.69609 -0.0130337 0.0246738
-1.85584 -0.0573133 -0.0280972
-2.01391 -0.10258 -0.0836052
-2.17698 -0.135759 -0.142196
-2.34991 -0.157021 -0.180605
-2.50429 -0.171051 -0.19689
-2.608 -0.172436 -0.20922
-2.64326 -0.158983 -0.216959
-2.60369 -0.140954 -0.212299
-2.5145 -0.121599 -0.194498
-2.41007 -0.0938691 -0.173469
-2.30434 -0.0598665 -0.147859
-2.20248 -0.0305245 -0.124282
-2.10929 -0.0158093 -0.10255
-2.02986 -0.0156236 -0.0862005
-1.96096 -0.0251484 -0.0809816
-1.89308 -0.0453204 -0.0857003
-1.82643 -0.0706538 -0.0923856
-1.76579 -0.0882607 -0.0986252
-1.70971 -0.0939985 -0.104033
-1.65839 -0.0934144 -0.110336
-1.62816 -0.0917199 -0.121242
-1.63743 -0.0933748 -0.138464
-1.67992 -0.101495 -0.159566
-1.72949 -0.110806 -0.177303
-1.76151 -0.10981 -0.191826
-1.75647 -0.0965419 -0.203778
-1.70127 -0.0846448 -0.212553
-1.59945 -0.0903759 -0.218065
-1.47276 -0.10989 -0.223334
-1.33328 -0.123109 -0.223497
-1.17626 -0.125771 -0.218084
-1.01511 -0.132267 -0.209272
-0.863302 -0.147052 -0.194723
-0.703002 -0.155993 -0.1754
-0.526448 -0.149502 -0.152268
-0.352409 -0.135668 -0.127513
-0.196646 -0.127521 -0.105132
-0.0650448 -0.123914 -0.0820676
0.0496219 -0.11249 -0.0571792
0.147754 -0.0962544 -0.0372156
0.212567 -0.089598 -0.0204727
0.250305 -0.0855446 -0.00167632
0.285482 -0.0656972 0.0168434
0.325101 -0.0365771 0.033664
0.366174 -0.0173733 0.0525459
0.412241 -0.010507 0.071433
0.467285 -0.00874369 0.0874124
0.518701 -0.0100812 0.102104
0.551924 -0.0146855 0.117182
0.579889 -0.0141123 0.133043
0.621038 0.000166714 0.150666
0.669795 0.0204463 0.172316
0.717736 0.0352396 0.196626
0.772844 0.0456761 0.2219
0.839546 0.0549228 0.249107
0.90967 0.0586683 0.278917
0.979551 0.0559554 0.307809
1.05366 0.0548331 0.331482
1.13014 0.0600496 0.351345
1.19588 0.0654823 0.368873
1.23676 0.063346 0.379367
1.24836 0.053771 0.379337
1.23618 0.0413653 0.371763
1.20308 0.0282543 0.357255
1.14759 0.0159557 0.332741
1.07553 0.00928104 0.302322
0.991685 0.0108419 0.272725
0.890935 0.0162195 0.243541
0.776379 0.0194301 0.212425
0.663494 0.019835 0.179984
0.561519 0.0187247 0.145891
0.47065 0.0138683 0.110461
0.391236 0.00429282 0.0779191
0.325976 -0.00637033 0.0522796
0.275573 -0.0163023 0.0337578
0.237624 -0.0289369 0.0199309
0.209073 -0.046837 0.00912286
0.181701 -0.0671221 -0.000525954
0.139961 -0.085836 -0.0112089
0.0734151 -0.104678 -0.0232387
-0.0155878 -0.125647 -0.0355651
-0.123813 -0.142046 -0.0487135
-0.25037 -0.146215 -0.0621133
-0.387194 -0.140368 -0.0748473
-0.524912 -0.133507 -0.0872898
-0.66403 -0.129509 -0.100466
-0.807071 -0.127051 -0.114907
-0.946932 -0.127766 -0.127904
-1.07218 -0.132433 -0.13718
-1.17425 -0.138903 -0.141385
-1.25095 -0.14456 -0.140606
-1.30881 -0.144898 -0.135913
-1.35195 -0.138809 -0.128408
-1.37711 -0.132008 -0.117764
-1.38957 -0.126187 -0.106072
-1.40523 -0.117667 -0.0957903
-1.43206 -0.107793 -0.0844618
-1.46299 -0.100069 -0.0726726
-1.4902 -0.0931234 -0.0637873
-1.51068 -0.0851139 -0.0575144
-1.52059 -0.0774901 -0.0522422
-1.52007 -0.0730977 -0.0480308
-1.51776 -0.0727482 -0.0453658
-1.52289 -0.0740546 -0.0453351
-1.53576 -0.0773512 -0.0482053
-1.55306 -0.0839486 -0.0520237
-1.57565 -0.089843 -0.0578923
-1.60334 -0.0914382 -0.0663334
-1.62903 -0.090408 -0.0740009
-1.64506 -0.0880338 -0.0802305
-1.64962 -0.0822595 -0.0867026
-1.64059 -0.0730875 -0.0924595
-1.61656 -0.0646789 -0.0967053
-1.58703 -0.0597658 -0.101191
-1.56157 -0.0564404 -0.105351
-1.53457 -0.0522411 -0.107336
-1.49492 -0.0471747 -0.107805
-1.43734 -0.0420686 -0.108267
-1.35895 -0.0373036 -0.107379
-1.26132 -0.0341974 -0.103864
-1.15551 -0.0338316 -0.099409
-1.05327 -0.0345008 -0.0952883
-0.958059 -0.0320827 -0.0908293
-0.870094 -0.0248068 -0.0858401
-0.791838 -0.0155105 -0.081276
-0.722645 -0.00734266 -0.0783073
-0.65699 -0.00177326 -0.0771407
-0.591281 -0.000107707 -0.0775213
-0.526419 -0.00401487 -0.0792137
-0.463398 -0.0122788 -0.0812409
-0.403703 -0.0197106 -0.0816983
-0.353374 -0.0228172 -0.0792768
-0.313925 -0.0224576 -0.0741401
-0.275934 -0.019592 -0.0669967
-0.228985 -0.0145038 -0.0584081
-0.170584 -0.00970592 -0.0491349
-0.103238 -0.00864279 -0.0403353
-0.0275414 -0.0122128 -0.0315947
0.0535202 -0.0181922 -0.0224037
0.131125 -0.0248866 -0.0120732
0.199058 -0.031968 -0.000639857
0.257772 -0.0375793 0.011011
0.308605 -0.040075 0.0225621
0.350574 -0.0408168 0.0336151
0.384018 -0.0419824 0.0424233
0.412183 -0.0434912 0.0482319
0.436319 -0.0445315 0.0520613
0.451975 -0.0454516 0.0538497
0.455298 -0.0468151 0.0534748
0.449121 -0.0480544 0.0521277
0.438156 -0.0484632 0.0503076
0.422888 -0.0489187 0.0475134
0.4028 -0.0502235 0.0440583
0.380435 -0.0517043 0.0398102
0.357741 -0.0530016 0.0341671
0.334348 -0.0544477 0.0276043
0.310473 -0.0554476 0.0210359
0.285351 -0.0546752 0.0143448
0.255967 -0.0517159 0.00736666
0.22282 -0.0474823 0.000716924
0.19121 -0.0427826 -0.00488179
0.164818 -0.0379988 -0.00916201
0.144591 -0.0340789 -0.0121926
0.132022 -0.031957 -0.0142183
0.126868 -0.0314732 -0.0150414
0.12489 -0.0321797 -0.0141643
0.121361 -0.0331868 -0.0129075
0.112048 -0.0325523 -0.0126102
0.0912417 -0.0296485 -0.0130532
0.0545722 -0.0256033 -0.0141679
0.00259876 -0.020941 -0.016576
-0.0615313 -0.0155438 -0.0207132
-0.135048 -0.00994589 -0.0267271
-0.21408 -0.00543814 -0.0342263
-0.293398 -0.00322545 -0.042118
-0.370797 -0.00334733 -0.0500198
-0.448672 -0.00450644 -0.0577338
-0.527567 -0.00569821 -0.064665
-0.60281 -0.00667214 -0.0702983
-0.670152 -0.00678032 -0.0746474
-0.727478 -0.00567643 -0.0773255
-0.771777 -0.00438889 -0.0779425
-0.801162 -0.00399227 -0.0768823
-0.817859 -0.00458465 -0.0745916
-0.825997 -0.00597987 -0.0712474
-0.82964 -0.00779068 -0.0668974
-0.833484 -0.00949012 -0.0621523
-0.841142 -0.010683 -0.0581298
-0.851291 -0.0112764 -0.0553242
-0.859258 -0.0119035 -0.053442
-0.864356 -0.0132598 -0.052533
-0.870422 -0.0154519 -0.0531179
-0.880251 -0.0183792 -0.0552653
-0.894887 -0.0217309 -0.0588211
-0.914657 -0.0248262 -0.0636737
-0.937451 -0.0272546 -0.0694825
-0.959651 -0.0293097 -0.0757986
-0.978952 -0.0317413 -0.0822585
-0.992856 -0.035189 -0.0885294
-0.997418 -0.0395101 -0.0940636
-0.990151 -0.0438791 -0.0981106
-0.971376 -0.0475212 -0.100423
-0.942354 -0.0499481 -0.101019
-0.904165 -0.051058 -0.0996265
-0.859134 -0.0513078 -0.0965377
-0.810639 -0.0513088 -0.0926337
-0.76014 -0.0516035 -0.0885732
-0.708085 -0.0526739 -0.0847431
-0.657033 -0.0545894 -0.0816906
-0.609464 -0.0569314 -0.0799877
-0.565361 -0.0592172 -0.0795632
-0.525472 -0.0611426 -0.0801049
-0.492137 -0.0625939 -0.0816908
-0.466188 -0.0636026 -0.0842804
-0.448069 -0.064235 -0.0874634
-0.438276 -0.0645347 -0.0908126
-0.432938 -0.064356 -0.0934142
-0.42436 -0.0634359 -0.0951102
-0.408817 -0.0619647 -0.0963451
-0.389382 -0.0600952 -0.0966339
-0.368983 -0.0574057 -0.0956079
-0.34686 -0.0538555 -0.093117
-0.322887 -0.0500432 -0.0891833
-0.297335 -0.0465013 -0.0841835
-0.267443 -0.0433515 -0.0784376
-0.230785 -0.040606 -0.0720946
-0.189077 -0.0382869 -0.065036
-0.145908 -0.0358139 -0.0575237
-0.105657 -0.0322558 -0.0504463
-0.0744844 -0.027383 -0.0439159
-0.0560492 -0.0215838 -0.0382762
-0.0474052 -0.0152933 -0.0338556
-0.0431892 -0.00910081 -0.0304976
-0.0409369 -0.00389229 -0.0283579
-0.0405518 -0.000348836 -0.0275968
-0.0429025 0.00166423 -0.0281062
-0.0507598 0.00288996 -0.0296532
-0.0668126 0.00406132 -0.031719
-0.0892954 0.00572631 -0.0339241
-0.113283 0.0082828 -0.0358873
-0.135424 0.0115047 -0.0371955
-0.153884 0.0144347 -0.0381402
-0.166459 0.0161872 -0.039037
-0.172284 0.016513 -0.0400751
-0.173122 0.0156387 -0.0412199
-0.171067 0.0139813 -0.0419211
-0.166884 0.0122847 -0.0415195
-0.161199 0.0114435 -0.0400138
-0.155375 0.0116736 -0.0378659
-0.151256 0.0122924 -0.0356728
-0.151853 0.0123517 -0.0339555
-0.160865 0.0111081 -0.0340657
-0.180039 0.00817045 -0.036695
-0.208997 0.00359996 -0.0415302
-0.24742 -0.00193107 -0.0483397
-0.294666 -0.00725467 -0.0565248
-0.347516 -0.011359 -0.0649655
-0.401028 -0.0139822 -0.0726257
-0.450985 -0.0156672 -0.0791482
-0.493308 -0.0174042 -0.0843094
-0.5244 -0.0201588 -0.0878123
-0.544394 -0.0244005 -0.0895863
-0.556264 -0.0297978 -0.0898751
-0.561491 -0.0353808 -0.0887619
-0.560625 -0.0400142 -0.0861755
-0.556367 -0.0428457 -0.0824728
-0.55215 -0.043709 -0.0784665
-0.549679 -0.0432895 -0.0748587
-0.550314 -0.0427825 -0.0723566
-0.556534 -0.0432627 -0.0716959
-0.569973 -0.0452407 -0.0731926
-0.590576 -0.0486557 -0.0767194
-0.618254 -0.0529933 -0.081896
-0.651636 -0.0572859 -0.088058
-0.686067 -0.0604116 -0.0943049
-0.715928 -0.0617318 -0.0997583
-0.737418 -0.0614181 -0.103846
-0.748593 -0.0601631 -0.106279
-0.749656 -0.0587018 -0.106987
-0.74324 -0.0575605 -0.106214
-0.732382 -0.0569149 -0.104261
-0.718605 -0.056538 -0.101362
-0.702804 -0.0559353 -0.097788
-0.686266 -0.0545096 -0.0939528
-0.669623 -0.0518259 -0.0901946
-0.653136 -0.0479658 -0.0867054
-0.638758 -0.0436013 -0.0838723
-0.629283 -0.0395944 -0.0821293
-0.625406 -0.0364876 -0.0815027
-0.625637 -0.0343689 -0.0816401
-0.627627 -0.0329332 -0.0820957
-0.627947 -0.0315521 -0.0823488
-0.622678 -0.0294923 -0.0818267
-0.609533 -0.0262744 -0.0802128
-0.588718 -0.0219623 -0.0776165
-0.562406 -0.0171274 -0.0742754
-0.534338 -0.0125277 -0.0705933
-0.508686 -0.00877776 -0.0672108
-0.487462 -0.00617384 -0.0646522
-0.469302 -0.00458159 -0.0630291
-0.451525 -0.0034484 -0.0621411
-0.432648 -0.00213185 -0.0616991
-0.413247 -0.000285414 -0.0614298
-0.395611 0.00208256 -0.0611941
-0.382509 0.00469843 -0.0611738
-0.375448 0.00705152 -0.0614935
-0.373089 0.00848342 -0.0615232
-0.371287 0.00865313 -0.0616544
-0.36533 0.00789744 -0.0620135
-0.352356 0.00678341 -0.0620235
-0.332394 0.0057876 -0.0613703
-0.308803 0.00533524 -0.0597987
-0.286591 0.0055848 -0.0574173
-0.268733 0.00620894 -0.0544985
-0.255481 0.00647364 -0.0516747
-0.246279 0.00578154 -0.0497137
-0.240042 0.00402604 -0.0491039
-0.235041 0.00135347 -0.0496782
-0.230713 -0.00188514 -0.0510053
-0.228772 -0.00505356 -0.0529845
-0.231989 -0.0076097 -0.0553172
-0.242493 -0.00953123 -0.0576223
-0.259801 -0.0111833 -0.0600408
-0.279481 -0.0129911 -0.0626333
-0.29527 -0.015304 -0.0650966
-0.303446 -0.0183384 -0.0671676
-0.304471 -0.0220647 -0.0687266
-0.301206 -0.0260535 -0.0697337
-0.297629 -0.0297174 -0.0702028
-0.298193 -0.0327494 -0.0703114
-0.304995 -0.0351486 -0.0704702
-0.315746 -0.0370456 -0.0707919
-0.326657 -0.0387345 -0.0713824
-0.336498 -0.0406185 -0.072544
-0.346758 -0.0429268 -0.0745762
-0.360042 -0.045531 -0.0774476
-0.379581 -0.0480846 -0.0809807
-0.407389 -0.0503076 -0.0849236
-0.441337 -0.0519869 -0.0888895
-0.475662 -0.0529205 -0.0924254
-0.504253 -0.0530828 -0.0949957
-0.523025 -0.0527844 -0.0965938
-0.531433 -0.0524785 -0.0969251
-0.532898 -0.0522552 -0.0957377
-0.532437 -0.0519472 -0.0936063
-0.533767 -0.0515333 -0.0908691
-0.538412 -0.0508665 -0.0879106
-0.545769 -0.0494984 -0.0851683
-0.553049 -0.0471414 -0.0828593
-0.556645 -0.0441833 -0.0809774
-0.555843 -0.0413271 -0.0795126
-0.554501 -0.0387782 -0.0785875
-0.557766 -0.036506 -0.0783409
-0.568063 -0.0347993 -0.0787024
-0.584096 -0.0336892 -0.0794734
-0.601988 -0.032438 -0.0804447
-0.617272 -0.0302736 -0.0813402
-0.627316 -0.0272142 -0.0820173
-0.632377 -0.0238579 -0.082602
-0.634002 -0.0205907 -0.0831049
-0.633836 -0.0175022 -0.0834141
-0.634173 -0.0149772 -0.0833657
-0.63638 -0.0133766 -0.082726
-0.638682 -0.0121582 -0.0813497
-0.637566 -0.0103412 -0.079116
-0.630341 -0.00761792 -0.0760856
-0.616569 -0.00438075 -0.0726048
-0.598789 -0.00113183 -0.0689864
-0.581782 0.00169106 -0.0656596
-0.570181 0.003544 -0.0631394
-0.56575 0.0040369 -0.061649
-0.566872 0.00348565 -0.0611077
-0.570672 0.00272427 -0.0612731
-0.574006 0.00233535 -0.0617645
-0.573282 0.00237985 -0.0622383
-0.566761 0.00268742 -0.0626014
-0.556385 0.00300198 -0.0628918
-0.545321 0.00283092 -0.0631676
-0.53541 0.00158638 -0.0634772
-0.527137 -0.000783474 -0.0638934
-0.519272 -0.00364157 -0.0644212
-0.509031 -0.00634074 -0.0650206
-0.495008 -0.00867278 -0.0658043
-0.479181 -0.0106613 -0.0669435
-0.464977 -0.0123813 -0.0685425
-0.455047 -0.0140822 -0.0707206
-0.450856 -0.0162162 -0.0735734
-0.452085 -0.0190825 -0.0768676
-0.456136 -0.022472 -0.0801473
-0.459251 -0.0258822 -0.0830672
-0.458029 -0.0289525 -0.0854292
-0.450406 -0.0314596 -0.0869794
-0.436999 -0.033221 -0.087487
-0.421116 -0.0343027 -0.0869944
-0.405747 -0.0351169 -0.0856717
-0.3909 -0.0360888 -0.0836027
-0.374749 -0.0373173 -0.0809474
-0.356199 -0.0386851 -0.0780437
-0.335414 -0.0400795 -0.0751163
-0.31366 -0.0413153 -0.0722727
-0.29367 -0.0420845 -0.0698131
-0.278858 -0.0422329 -0.0681617
-0.271662 -0.0419177 -0.0674633
-0.272825 -0.0413819 -0.0676341
-0.28138 -0.0407986 -0.0686357
-0.294652 -0.0403353 -0.070416
-0.309316 -0.0401084 -0.0727941
-0.323547 -0.0400451 -0.0755369
-0.337649 -0.0399113 -0.0783867
-0.352325 -0.0394835 -0.0809756
-0.367065 -0.0386329 -0.0827657
-0.379972 -0.037341 -0.0835511
-0.388416 -0.0357574 -0.0834698
-0.390188 -0.0341263 -0.0822892
-0.384556 -0.0326536 -0.0796517
-0.372344 -0.031463 -0.0759171
-0.355471 -0.0305005 -0.0716196
-0.337029 -0.0295566 -0.0670556
-0.321296 -0.0284346 -0.0626646
-0.312397 -0.0270295 -0.0590388
-0.31222 -0.0253553 -0.056735
-0.320237 -0.0235096 -0.0561745
-0.335534 -0.021662 -0.0575797
-0.357622 -0.0200927 -0.0608832
-0.385405 -0.0190502 -0.0657508
-0.417066 -0.0185457 -0.0715993
-0.450508 -0.0183366 -0.0776931
-0.483101 -0.0180845 -0.0832354
-0.511929 -0.0175615 -0.0875368
-0.534417 -0.016727 -0.0901332
-0.54825 -0.0155805 -0.090692
-0.551497 -0.0141386 -0.089619
-0.543802 -0.0125057 -0.0868337
-0.527062 -0.0107553 -0.0823362
-0.504599 -0.00901849 -0.0767639
-0.480715 -0.0074078 -0.0705586
-0.460044 -0.00592354 -0.0644485
-0.44563 -0.00462214 -0.0592193
-0.438363 -0.00355851 -0.0555242
-0.438119 -0.00278464 -0.0537039
-0.444354 -0.00234028 -0.0538654
-0.456658 -0.00224197 -0.0558796
-0.475435 -0.00253913 -0.0595154
-0.500698 -0.00322589 -0.0643307
-0.529768 -0.00416243 -0.069612
-0.557329 -0.00525512 -0.0744796
-0.578095 -0.00652142 -0.0782148
-0.588699 -0.00793821 -0.080273
-0.588136 -0.0093527 -0.0807787
-0.578007 -0.0105342 -0.079873
-0.561614 -0.0114815 -0.0775962
-0.541754 -0.0124232 -0.0743924
-0.519944 -0.0134563 -0.0707819
-0.497529 -0.0145874 -0.0671641
-0.476196 -0.0159954 -0.0640486
-0.45756 -0.0179167 -0.0620034
-0.443068 -0.0202887 -0.0613513
-0.434022 -0.0227431 -0.0622151
-0.431266 -0.0250806 -0.0645516
-0.435048 -0.0274002 -0.0681436
-0.444828 -0.0296789 -0.0726242
-0.459041 -0.0317507 -0.0776373
-0.475352 -0.0336712 -0.0828786
-0.490913 -0.0356165 -0.0880702
-0.502576 -0.0375231 -0.0926718
-0.507312 -0.039062 -0.095703
-0.503162 -0.0400639 -0.0973251
-0.490566 -0.040724 -0.0974129
-0.471705 -0.0410399 -0.0957285
-0.448456 -0.0408234 -0.0925045
-0.422069 -0.0401576 -0.0876836
-0.393271 -0.039263 -0.0820771
-0.362632 -0.0383451 -0.0763888
-0.332193 -0.0374233 -0.0711616
-0.305824 -0.0364614 -0.066992
-0.287778 -0.0355323 -0.064374
-0.281226 -0.034541 -0.0635392
-0.287418 -0.0332685 -0.0644648
-0.305188 -0.0316343 -0.0668462
-0.330768 -0.0297112 -0.0701599
-0.35872 -0.0276665 -0.0738803
-0.38403 -0.0257401 -0.0773153
-0.40364 -0.0242176 -0.079805
-0.416642 -0.0232209 -0.0815354
-0.424039 -0.0224713 -0.0820871
-0.427202 -0.0216217 -0.0811637
-0.425833 -0.0204851 -0.0789283
-0.418397 -0.0188556 -0.0753001
-0.404041 -0.0166001 -0.0704773
-0.384033 -0.014062 -0.0644922
-0.362306 -0.0120277 -0.0585433
-0.344482 -0.0109092 -0.0537177
-0.335771 -0.0106378 -0.0505564
-0.338942 -0.0111003 -0.0496658
-0.353954 -0.0119939 -0.0510813
-0.378618 -0.0127164 -0.0543662
-0.409079 -0.0127863 -0.0589448
-0.441099 -0.0124022 -0.0643979
-0.471817 -0.0121886 -0.0703272
-0.500415 -0.0124787 -0.0762667
-0.526996 -0.0133855 -0.0817322
-0.55097 -0.0150781 -0.0863514
-0.570306 -0.0173913 -0.0897642
-0.582026 -0.0195569 -0.0915612
-0.583838 -0.0207135 -0.0914083
-0.5755 -0.0205829 -0.0894
-0.558989 -0.0194818 -0.0859174
-0.53789 -0.0179162 -0.0814599
-0.516785 -0.016473 -0.076773
-0.500264 -0.015853 -0.0727188
-0.490805 -0.0164195 -0.0698499
-0.487742 -0.0177755 -0.0682904
-0.489038 -0.019155 -0.067942
-0.493313 -0.0200389 -0.0686784
-0.5 -0.0202533 -0.0702624
-0.509057 -0.0198179 -0.0723745
-0.520881 -0.0190473 -0.0747814
-0.53528 -0.0186063 -0.0773295
-0.550199 -0.0190549 -0.0797725
-0.561969 -0.0203379 -0.0817622
-0.566913 -0.0219474 -0.0829561
-0.562939 -0.0233971 -0.0830334
-0.550064 -0.0243305 -0.0817735
-0.529891 -0.0244796 -0.0792294
-0.504932 -0.0238956 -0.0757022
-0.478014 -0.0230956 -0.0715911
-0.45151 -0.0227172 -0.0674093
-0.426893 -0.023087 -0.0637529
-0.404848 -0.0242129 -0.061125
-0.385679 -0.0259335 -0.0598339
-0.370195 -0.0278492 -0.0600357
-0.360452 -0.0294227 -0.061775
-0.358924 -0.030389 -0.0649502
-0.36674 -0.0308785 -0.0693443
-0.381964 -0.0311282 -0.0745488
-0.399797 -0.0313294 -0.0799821
