9.70162e-07 -2.53214e-16 -0.0300445
-0.000172675 -4.12669e-06 -0.0300386
-0.000724949 -2.4751e-05 -0.030005
-0.00141545 -6.49704e-05 -0.0299231
-0.00193347 -0.000108326 -0.0298081
-0.00255855 -0.000150693 -0.0296792
-0.0038676 -0.000209733 -0.0295006
-0.00593904 -0.00029504 -0.0292123
-0.00805388 -0.000398645 -0.028801
-0.00921983 -0.000506714 -0.0283267
-0.00891738 -0.000594717 -0.0278982
-0.00758677 -0.000611767 -0.0276216
-0.0065267 -0.000532336 -0.0275252
-0.00643924 -0.000431778 -0.0275082
-0.0066868 -0.000450126 -0.0274476
-0.00714253 -0.000701741 -0.0273442
-0.00865615 -0.00118561 -0.0272569
-0.0109397 -0.0016857 -0.0272151
-0.0126264 -0.00187909 -0.0272682
-0.0130909 -0.00167411 -0.02743
-0.0121913 -0.00130612 -0.0275907
-0.00934871 -0.00101013 -0.0276908
-0.00478823 -0.000751308 -0.0278928
-0.000642599 -0.000378911 -0.0283548
0.00143848 0.000113128 -0.0289525
0.00170171 0.000558408 -0.029469
0.000460009 0.00068522 -0.029862
-0.001731 0.000322538 -0.0301392
-0.00310051 -0.00027437 -0.0303195
-0.00188074 -0.000527038 -0.0306218
0.00236505 -8.03223e-05 -0.031308
0.00831369 0.000841585 -0.0322939
0.0138271 0.00164499 -0.0331892
0.0174673 0.00191011 -0.033759
0.0175702 0.00163274 -0.0340329
0.0128775 0.00104739 -0.0339567
0.00606542 0.000470844 -0.0334741
0.00168328 0.000193383 -0.0329175
0.0019313 0.000297049 -0.0326797
0.00602336 0.000690405 -0.0327087
0.00988168 0.00124761 -0.0327313
0.0104775 0.00177123 -0.0325191
0.0104246 0.00201942 -0.03198
0.0111415 0.00176186 -0.0313052
0.00819135 0.000882794 -0.0306933
-0.000527696 -0.000291907 -0.0300922
-0.0105914 -0.00108882 -0.0294216
-0.0172801 -0.0012771 -0.0286342
-0.0189523 -0.00136409 -0.0276709
-0.0150834 -0.00172248 -0.0267317
-0.00850193 -0.00192983 -0.0262793
-0.00544351 -0.00146555 -0.0263984
-0.00718734 -0.000536843 -0.026465
-0.0103445 4.28698e-05 -0.0259197
-0.0152045 -0.000594115 -0.0249331
-0.0228165 -0.00248053 -0.0239298
-0.0290635 -0.00425657 -0.0232791
-0.0294688 -0.00428866 -0.0233281
-0.023243 -0.00248171 -0.0242625
-0.0117518 -0.000399195 -0.025621
-0.000495617 0.000426231 -0.0267772
0.00286708 -0.00018555 -0.0276019
-0.00325826 -0.00127029 -0.0280782
-0.0136397 -0.00183977 -0.0280792
-0.0215617 -0.00182772 -0.0277318
-0.0235311 -0.00183744 -0.0276143
-0.0205354 -0.00200923 -0.0280454
-0.0136818 -0.00159192 -0.0287063
-0.00287971 9.08091e-05 -0.029355
0.00791694 0.00234238 -0.0300379
0.0118865 0.00339956 -0.0303245
0.00564817 0.00225941 -0.0297889
-0.00901887 -0.000262248 -0.0287058
-0.0256985 -0.00238474 -0.0275041
-0.0368017 -0.00309464 -0.0264876
-0.0378785 -0.00280093 -0.0256882
-0.0302544 -0.00235611 -0.0249845
-0.0175011 -0.00199701 -0.0248893
-0.00239482 -0.00132819 -0.0253406
0.0090425 -0.000178188 -0.0259546
0.0089962 0.000659102 -0.0262587
-0.00367391 -1.03525e-05 -0.0260192
-0.0196372 -0.00255767 -0.0253592
-0.0326507 -0.00579054 -0.024654
-0.0455177 -0.00761076 -0.0246071
-0.056031 -0.00683701 -0.0250686
-0.0564663 -0.00422461 -0.0249515
-0.0447537 -0.00168933 -0.0243272
-0.0288891 -0.000570618 -0.0236834
-0.0168093 -0.000609781 -0.0226784
-0.00982152 -0.000370615 -0.0220837
-0.0111502 0.000828853 -0.0221028
-0.020512 0.0016744 -0.022409
-0.0318761 0.000402515 -0.0225491
-0.0420273 -0.00301453 -0.0220543
-0.0474175 -0.00651202 -0.0219913
-0.0460637 -0.00780987 -0.0228893
-0.0362356 -0.0064079 -0.0240477
-0.0156803 -0.00369474 -0.0256883
0.00801897 -0.00159367 -0.0278883
0.0260343 -0.000897987 -0.0305065
0.0352993 -0.000871328 -0.0318242
0.0368646 -0.000451527 -0.0332479
0.0356895 0.00058275 -0.0353271
0.0292831 0.00141948 -0.0374983
0.0163804 0.00135707 -0.0393162
0.00564298 0.00123571 -0.0400588
0.00461366 0.00232139 -0.0405456
0.0147973 0.00450144 -0.0409333
0.0261956 0.00678374 -0.0410541
0.0300466 0.00857479 -0.0407345
0.0320653 0.00997799 -0.0400488
0.0357908 0.0110992 -0.0393252
0.0348964 0.0111998 -0.0384488
0.0237692 0.00914562 -0.0364065
0.00723499 0.00513178 -0.0338967
-0.00651841 0.000897653 -0.0316444
-0.0219314 -0.00223994 -0.0299849
-0.0434483 -0.00449877 -0.0276729
-0.063019 -0.00641209 -0.0245019
-0.0708329 -0.00806328 -0.0211416
-0.0646093 -0.00957086 -0.0176919
-0.0501387 -0.0105506 -0.0150071
-0.0346506 -0.00991891 -0.013188
-0.025972 -0.00754998 -0.0132528
-0.0311897 -0.00552018 -0.0144859
-0.0473122 -0.00586322 -0.0139838
-0.0644072 -0.00814068 -0.0123435
-0.0780777 -0.0113789 -0.0115246
-0.0908069 -0.0147655 -0.0116703
-0.104595 -0.0161389 -0.0127897
-0.115324 -0.0144888 -0.0135514
-0.11687 -0.0113659 -0.0143917
-0.105604 -0.00772308 -0.0167228
-0.0804418 -0.00391856 -0.0184249
-0.0484099 -0.00138532 -0.0189105
-0.0257885 -0.000446175 -0.0202028
-0.0195233 0.000275507 -0.0215011
-0.0188957 0.00146074 -0.0229029
-0.0168475 0.00226583 -0.0252475
-0.0160744 0.00188102 -0.0270356
-0.0137383 0.000952335 -0.0292105
-0.00465017 -0.000158599 -0.0317979
0.00816162 -0.00139611 -0.0341066
0.0216993 -0.00129456 -0.0373627
0.0381847 0.000790695 -0.040898
0.057523 0.00329949 -0.0437654
0.0741518 0.00487156 -0.0451128
0.0821935 0.00552463 -0.0459927
0.0812865 0.00569213 -0.0469904
0.0735686 0.00616534 -0.0469316
0.0591536 0.0075839 -0.0469241
0.0447214 0.00910185 -0.0466146
0.0366334 0.00951895 -0.0453639
0.0288744 0.00906521 -0.0435763
0.0205067 0.00871676 -0.0412702
0.0151439 0.00902444 -0.038821
0.0100279 0.00978765 -0.0366116
0.00498296 0.00978883 -0.0338923
-0.00216381 0.00792874 -0.03105
-0.0151805 0.004443 -0.0278647
-0.0318942 0.000159111 -0.0248743
-0.0501644 -0.00387138 -0.0220507
-0.0649568 -0.00687433 -0.0191836
-0.0712902 -0.00921841 -0.0171173
-0.0693034 -0.0115358 -0.0151574
-0.056037 -0.0137936 -0.0135632
-0.0299337 -0.0152436 -0.013024
0.00692429 -0.0146325 -0.0139683
0.0587646 -0.0116608 -0.017242
0.128395 -0.00776918 -0.0200004
0.21258 -0.00393009 -0.0228571
0.305886 -0.000477086 -0.0268772
0.404985 0.00211399 -0.0320343
0.509257 0.00445682 -0.038481
0.617826 0.00821947 -0.0456841
0.73225 0.0150815 -0.0521891
0.85559 0.0247729 -0.0576968
0.992156 0.0359735 -0.0629591
1.14766 0.0478646 -0.06679
1.3284 0.0582911 -0.0685955
1.53756 0.0654104 -0.067951
1.77168 0.0707858 -0.0654148
2.0237 0.0768385 -0.0617522
2.29047 0.0838602 -0.0574167
2.56824 0.0913207 -0.0517826
2.83949 0.0990956 -0.0460317
3.07485 0.106244 -0.0415262
3.24562 0.110876 -0.0377795
3.32836 0.112169 -0.0344486
3.31315 0.110556 -0.032007
3.20913 0.106019 -0.0305562
3.03764 0.0982588 -0.0307732
2.82658 0.0880493 -0.0324811
2.60007 0.0770504 -0.034931
2.37366 0.0666988 -0.0374311
2.15581 0.0579064 -0.0396296
1.95937 0.0512709 -0.0406281
1.8328 0.0471865 -0.0406682
1.84331 0.0459742 -0.040687
2.00751 0.0471857 -0.0363987
2.26316 0.0472072 -0.0221955
2.52265 0.0415993 -0.0041832
2.74994 0.0317988 0.0140999
2.95421 0.0200193 0.0342379
3.12891 0.00821832 0.0555008
3.20806 0.00305652 0.071479
3.15056 0.00417684 0.0774416
2.98057 0.0067233 0.0788643
2.69292 0.00873519 0.0779758
2.27732 0.00492567 0.0760351
1.75615 -0.0110252 0.0709864
1.15749 -0.0389573 0.0531879
0.509251 -0.0787606 0.0402706
-0.183408 -0.128747 0.0602889
-0.88618 -0.162743 0.146662
-1.52739 -0.160904 0.215943
-2.12083 -0.140638 0.267536
-2.67621 -0.12845 0.364946
-3.081 -0.134576 0.465781
-3.27843 -0.14757 0.532936
-3.3426 -0.154754 0.627477
-3.30076 -0.159582 0.710227
-3.17581 -0.171102 0.739354
-3.07628 -0.184407 0.778643
-3.02324 -0.184359 0.816362
-2.97603 -0.166197 0.82454
-2.9854 -0.142073 0.869429
-3.08673 -0.127904 0.955758
-3.21006 -0.127188 1.00572
-3.28347 -0.134934 0.992307
-3.34074 -0.147578 0.967345
-3.43516 -0.154617 0.987535
-3.54935 -0.143909 1.03382
-3.64113 -0.120192 1.06857
-3.68882 -0.104283 1.06361
-3.72478 -0.126891 1.06674
-3.8135 -0.189893 1.1088
-3.96722 -0.265582 1.15246
-4.16655 -0.336257 1.1678
-4.45158 -0.387363 1.20511
-4.80735 -0.416321 1.25932
-5.13871 -0.426322 1.26944
-5.4527 -0.407804 1.2716
-5.77469 -0.371022 1.29765
-6.01687 -0.334444 1.29213
-6.1573 -0.2988 1.26697
-6.2417 -0.262369 1.25382
-6.24185 -0.221864 1.2363
-6.15382 -0.189055 1.21934
-6.00932 -0.181433 1.20062
-5.81765 -0.191807 1.15844
-5.61338 -0.207088 1.11662
-5.4108 -0.223188 1.06724
-5.17993 -0.238862 1.01205
-4.91064 -0.247392 0.955959
-4.63261 -0.242921 0.905447
-4.38797 -0.23746 0.855499
-4.18154 -0.237821 0.797918
-3.99937 -0.226243 0.735803
-3.85414 -0.187589 0.667397
-3.7706 -0.12855 0.597971
-3.72372 -0.0764724 0.540289
-3.65875 -0.0574479 0.488655
-3.56619 -0.0770065 0.434095
-3.4584 -0.127014 0.382891
-3.31576 -0.185434 0.34436
-3.1251 -0.227753 0.316537
-2.91082 -0.248956 0.290412
-2.69703 -0.248292 0.256926
-2.50234 -0.206887 0.209931
-2.33813 -0.119482 0.15554
-2.18624 -0.0198595 0.101024
-2.00531 0.0447317 0.0572485
-1.77727 0.0610281 0.0236846
-1.51691 0.0498701 0.00238459
-1.24601 0.0255727 -0.0124272
-0.972083 -0.00450538 -0.0292276
-0.700571 -0.0187397 -0.0519575
-0.459931 0.0166252 -0.0848658
-0.262882 0.103596 -0.117672
-0.0843938 0.198895 -0.127256
0.0971009 0.255066 -0.131957
0.289712 0.259184 -0.135136
0.500045 0.229348 -0.128338
0.72216 0.18373 -0.117714
0.936825 0.138106 -0.104093
1.11078 0.117407 -0.0960883
1.21409 0.139023 -0.0989442
1.25153 0.191001 -0.109944
1.24934 0.240455 -0.120712
1.22649 0.263932 -0.128436
1.19724 0.255548 -0.129488
1.18428 0.213423 -0.123974
1.19326 0.149745 -0.114435
1.19177 0.0951092 -0.104655
1.15397 0.0750033 -0.101284
1.09199 0.0916178 -0.106282
1.02496 0.126378 -0.113897
0.965699 0.15517 -0.119135
0.942712 0.158005 -0.116959
0.978481 0.126836 -0.107209
1.05579 0.0728249 -0.0918422
1.14522 0.0224255 -0.0748026
1.23258 -0.00282771 -0.0619862
1.30472 -8.64506e-06 -0.055171
1.35229 0.0214876 -0.0523414
1.38828 0.0440594 -0.0491823
1.42823 0.0503551 -0.0423265
1.47092 0.0349851 -0.0318183
1.50326 0.00481642 -0.0190077
1.49894 -0.0290075 -0.00743989
1.42442 -0.0562185 -0.00129946
1.26299 -0.0674917 -0.00310388
1.03001 -0.0580571 -0.0124663
0.761843 -0.0333982 -0.0254584
0.494702 -0.00812339 -0.0372358
0.251132 0.00443223 -0.0437289
0.0377784 -0.00177626 -0.0401972
-0.149565 -0.0294101 -0.0237298
-0.318823 -0.0734636 -0.00250387
-0.484433 -0.107784 0.0192316
-0.651793 -0.106174 0.0368998
-0.797375 -0.0775884 0.0492685
-0.895739 -0.0470803 0.060502
-0.949229 -0.027877 0.0744921
-0.980783 -0.0265202 0.0982451
-0.998965 -0.0436913 0.13472
-0.992202 -0.0718072 0.184642
-0.974444 -0.102824 0.234603
-0.985904 -0.131823 0.269576
-1.04339 -0.152812 0.300621
-1.12755 -0.157839 0.339403
-1.21616 -0.146192 0.375788
-1.31131 -0.127862 0.404042
-1.42057 -0.112334 0.426017
-1.52822 -0.10353 0.441933
-1.61682 -0.104017 0.453129
-1.70392 -0.116539 0.462634
-1.81179 -0.144634 0.478602
-1.9275 -0.193437 0.502048
-2.03651 -0.259 0.523066
-2.14771 -0.324845 0.543728
-2.26064 -0.375544 0.563108
-2.36093 -0.396736 0.57508
-2.44502 -0.381977 0.577466
-2.51938 -0.342554 0.573591
-2.59062 -0.293167 0.566863
-2.65482 -0.24425 0.562621
-2.70343 -0.202701 0.561262
-2.74208 -0.169445 0.562307
-2.78061 -0.143715 0.568677
-2.80762 -0.127316 0.580209
-2.81135 -0.1249 0.593781
-2.80474 -0.136866 0.607573
-2.79928 -0.152957 0.625992
-2.79619 -0.163311 0.645753
-2.80919 -0.166577 0.663365
-2.85983 -0.164758 0.679261
-2.9469 -0.157421 0.69155
-3.04692 -0.140406 0.700151
-3.14507 -0.111806 0.703679
-3.24024 -0.0735305 0.701608
-3.32284 -0.0282786 0.696503
-3.3785 0.019583 0.691303
-3.41036 0.0605714 0.688583
-3.43218 0.0799179 0.691212
-3.44789 0.0676384 0.700085
-3.45003 0.0267112 0.712046
-3.43571 -0.030332 0.726411
-3.40993 -0.0898276 0.741968
-3.37059 -0.141552 0.755027
-3.30789 -0.180473 0.761846
-3.22042 -0.20831 0.763028
-3.12011 -0.228609 0.759115
-3.01607 -0.24265 0.750684
-2.91055 -0.250287 0.738095
-2.81207 -0.2485 0.719124
-2.72775 -0.233933 0.691372
-2.64936 -0.209646 0.656967
-2.56153 -0.184943 0.620398
-2.45062 -0.171499 0.584869
-2.30417 -0.178434 0.550892
-2.11801 -0.2058 0.517873
-1.90459 -0.24475 0.483708
-1.69122 -0.284391 0.448082
-1.50845 -0.316659 0.40815
-1.37861 -0.337488 0.361259
-1.31704 -0.344631 0.313865
-1.32459 -0.336567 0.273715
-1.3737 -0.309236 0.239948
-1.43391 -0.257526 0.206156
-1.48836 -0.191391 0.174666
-1.50336 -0.140776 0.148653
-1.44107 -0.126406 0.12602
-1.31163 -0.12921 0.105675
-1.148 -0.12192 0.0842658
-0.967394 -0.104985 0.0583109
-0.783631 -0.083246 0.0282939
-0.605857 -0.0467028 -0.00372731
-0.425985 0.0135309 -0.0355509
-0.221602 0.0779545 -0.0565558
0.0199343 0.116773 -0.063013
0.294834 0.128749 -0.0651408
0.583673 0.132242 -0.0586026
0.873249 0.134111 -0.0481449
1.16698 0.124235 -0.0387375
1.44029 0.110583 -0.0295487
1.65807 0.117197 -0.0284808
1.80819 0.149781 -0.0353257
1.88864 0.188951 -0.0471541
1.91765 0.211492 -0.0606201
1.91949 0.21828 -0.0708731
1.90877 0.213887 -0.0745899
1.90549 0.187987 -0.0722644
1.91667 0.138927 -0.0661569
1.92306 0.0881501 -0.0590522
1.91439 0.0592354 -0.0545189
1.89277 0.0554893 -0.0552799
1.85458 0.0679332 -0.0597289
1.8081 0.0867509 -0.0651095
1.775 0.0990531 -0.0673434
1.76933 0.0917359 -0.0648645
1.79278 0.0656312 -0.0583296
1.83907 0.0351222 -0.0483199
1.89445 0.0121479 -0.0379825
1.95109 0.00398812 -0.0306421
2.02112 0.014885 -0.026667
2.11197 0.0392225 -0.0256893
2.21348 0.0617198 -0.0236419
2.32229 0.0675425 -0.0160862
2.42496 0.0527135 -0.00337531
2.49868 0.025661 0.0114829
2.52067 -0.000871536 0.0235926
2.46216 -0.0171947 0.0299347
2.31633 -0.0174827 0.0289873
2.11572 -0.00131766 0.021918
1.90123 0.0248234 0.0112859
1.69318 0.0509178 -0.00077814
1.5022 0.0681858 -0.0108304
1.31314 0.0710975 -0.0157779
1.08937 0.0564816 -0.0162723
0.81625 0.0266065 -0.0148061
0.499668 -0.00359546 -0.0107423
0.147874 -0.0142938 0.00466896
-0.21772 -0.00166746 0.0265072
-0.564422 0.0210092 0.0511734
-0.855352 0.0384351 0.0844533
-1.0618 0.0401198 0.121563
-1.17784 0.0202784 0.159878
-1.20774 -0.0187918 0.205622
-1.15919 -0.0642039 0.271094
-1.06606 -0.103409 0.341855
-0.991899 -0.128891 0.399776
-0.979921 -0.136355 0.454723
-1.0187 -0.128879 0.500942
-1.09241 -0.115081 0.535384
-1.20798 -0.100572 0.564443
-1.34744 -0.0868772 0.593083
-1.47285 -0.0762056 0.621626
-1.57448 -0.0683486 0.64847
-1.67527 -0.0641712 0.676067
-1.78899 -0.0678566 0.703006
-1.90779 -0.0850358 0.730381
-2.02867 -0.124341 0.754454
-2.16204 -0.189229 0.773946
-2.31856 -0.271822 0.79704
-2.48369 -0.359208 0.832645
-2.62865 -0.439854 0.862677
-2.75245 -0.5046 0.883834
-2.86484 -0.548065 0.903689
-2.951 -0.564643 0.914812
-3.00459 -0.547943 0.912843
-3.03516 -0.501711 0.903276
-3.03722 -0.43571 0.882344
-3.01338 -0.355303 0.84527
-2.97198 -0.272392 0.810779
-2.90356 -0.206724 0.780013
-2.80615 -0.169604 0.752188
-2.69421 -0.16097 0.728754
-2.59108 -0.172325 0.712362
-2.51114 -0.193845 0.69904
-2.44939 -0.216532 0.684549
-2.40005 -0.229023 0.668401
-2.35914 -0.227452 0.650727
-2.32693 -0.218439 0.634044
-2.30731 -0.212742 0.615996
-2.30422 -0.218841 0.592612
-2.32109 -0.234377 0.561497
-2.35608 -0.243905 0.526589
-2.39808 -0.231984 0.489003
-2.41478 -0.200767 0.449049
-2.35561 -0.176444 0.410652
-2.20023 -0.185871 0.373365
-1.97693 -0.223764 0.334692
-1.72365 -0.258519 0.303684
-1.46422 -0.276602 0.275228
-1.21311 -0.29296 0.245331
-0.975571 -0.313447 0.215068
-0.750997 -0.319284 0.184721
-0.545342 -0.295477 0.152458
-0.357444 -0.257985 0.11938
-0.167993 -0.236231 0.0917967
0.0352053 -0.234957 0.0721609
0.232456 -0.232026 0.0600389
0.390725 -0.220489 0.050723
0.498645 -0.213268 0.0410401
0.565092 -0.200463 0.0259612
0.596863 -0.159566 0.00521565
0.608623 -0.101701 -0.0166086
0.626191 -0.0558504 -0.035895
0.65939 -0.0291879 -0.0501446
0.694613 -0.00934503 -0.0598752
0.724234 0.00629867 -0.0667925
0.75211 0.0141682 -0.0734949
0.775649 0.0282013 -0.0824517
0.790601 0.0636302 -0.0938409
0.802476 0.110926 -0.106188
0.824997 0.150528 -0.117329
0.865861 0.18086 -0.125327
0.926415 0.206397 -0.12937
1.00364 0.222419 -0.1309
1.08393 0.229797 -0.131901
1.15087 0.240895 -0.132397
1.19846 0.26268 -0.132427
1.22736 0.285568 -0.132247
1.23296 0.297326 -0.131868
1.21257 0.296695 -0.130859
1.17723 0.286438 -0.127836
1.1363 0.266107 -0.123098
1.08721 0.237677 -0.117978
1.02704 0.210734 -0.112878
0.952916 0.193204 -0.108431
0.859948 0.18161 -0.105061
0.753351 0.168005 -0.10213
0.648079 0.150063 -0.0978112
0.555033 0.127301 -0.0904662
0.479474 0.0964952 -0.080581
0.424561 0.0582531 -0.0692058
0.383939 0.0212401 -0.0560302
0.345004 -0.0079905 -0.0417779
0.301793 -0.0328956 -0.0273801
0.253949 -0.0584448 -0.0111925
0.200549 -0.0847927 0.00778833
0.137873 -0.113191 0.0302151
0.0576497 -0.147131 0.0572667
-0.0468219 -0.184255 0.0883607
-0.174569 -0.21588 0.120556
-0.316482 -0.236409 0.152412
-0.467237 -0.247098 0.184396
-0.638343 -0.250362 0.21625
-0.836801 -0.247547 0.246303
-1.05082 -0.242972 0.275244
-1.25972 -0.24243 0.306271
-1.44293 -0.249087 0.341288
-1.58864 -0.260514 0.377816
-1.69514 -0.271595 0.412514
-1.76218 -0.280196 0.445118
-1.79567 -0.283974 0.471715
-1.81827 -0.280963 0.493261
-1.85301 -0.271127 0.515749
-1.9055 -0.25497 0.538705
-1.96752 -0.236431 0.558828
-2.0277 -0.220615 0.57646
-2.07409 -0.20973 0.593476
-2.09484 -0.204473 0.609242
-2.08761 -0.204532 0.622488
-2.06582 -0.208466 0.632613
-2.04797 -0.214358 0.640346
-2.04246 -0.221041 0.646528
-2.0466 -0.229834 0.649934
-2.05489 -0.241545 0.650826
-2.0629 -0.254461 0.64998
-2.06415 -0.266946 0.646695
-2.05616 -0.276921 0.639157
-2.04634 -0.280631 0.627158
-2.04026 -0.27497 0.612284
-2.03413 -0.259997 0.594486
-2.02297 -0.240591 0.573194
-2.007 -0.223438 0.548658
-1.98254 -0.2106 0.521505
-1.93866 -0.200213 0.491761
-1.87357 -0.190468 0.461093
-1.79513 -0.178743 0.42994
-1.70308 -0.16388 0.397385
-1.5959 -0.148204 0.364186
-1.48598 -0.133327 0.331392
-1.3837 -0.118042 0.298157
-1.28584 -0.099801 0.264168
-1.19116 -0.0776586 0.230637
-1.10443 -0.0542307 0.197521
-1.02421 -0.0333075 0.164272
-0.945738 -0.016417 0.13112
-0.870752 -0.00448887 0.10126
-0.801169 0.000291123 0.0765046
-0.733998 -0.000829307 0.0549851
-0.669653 -0.00182403 0.0365576
-0.612026 0.000983842 0.0212391
-0.560158 0.00653255 0.0074915
-0.507386 0.0143555 -0.00499765
-0.44788 0.0251171 -0.0161199
-0.379292 0.0357013 -0.025702
-0.299932 0.040988 -0.0341699
-0.209503 0.039979 -0.041555
-0.113959 0.0358266 -0.0470373
-0.023201 0.0307977 -0.0499695
0.0580845 0.0250325 -0.0508751
0.129821 0.0204619 -0.0504693
0.192942 0.019074 -0.049252
0.248945 0.0185936 -0.0477241
0.299075 0.0156007 -0.0459036
0.344856 0.0101662 -0.0434494
0.386259 0.00412361 -0.0406325
0.41926 -0.00263428 -0.0380685
0.439691 -0.0103264 -0.036179
0.447199 -0.0165297 -0.0355037
0.443201 -0.0194432 -0.0357278
0.429917 -0.0209722 -0.036571
0.410929 -0.0232981 -0.0378205
0.388463 -0.0260029 -0.0388403
0.362801 -0.0286672 -0.0392519
0.335232 -0.0318243 -0.039375
0.306377 -0.0344173 -0.0395194
0.272786 -0.033997 -0.040068
0.231507 -0.029919 -0.0413979
0.186325 -0.0239986 -0.0433025
0.143971 -0.0177092 -0.0448894
0.107451 -0.0114296 -0.0454798
0.0773056 -0.00617529 -0.0448964
0.0532704 -0.00257165 -0.0431814
0.0307643 0.000942835 -0.0401793
0.00263774 0.00616579 -0.0357329
-0.0330857 0.0129708 -0.030501
-0.0743286 0.0203137 -0.024118
-0.122097 0.0273084 -0.0161127
-0.178477 0.0327169 -0.0069768
-0.242087 0.035411 0.00312996
-0.311693 0.0355854 0.0144012
-0.390305 0.0344697 0.0267885
-0.479098 0.0327445 0.0397498
-0.573632 0.0299251 0.0531867
-0.669521 0.0256031 0.066957
-0.763418 0.0197372 0.0805806
-0.850999 0.0120332 0.0942256
-0.927929 0.0025811 0.109011
-0.991484 -0.00757044 0.124974
-1.04179 -0.0168831 0.141127
-1.08109 -0.024457 0.157187
-1.11161 -0.030457 0.17358
-1.13439 -0.0356107 0.190501
-1.14894 -0.0409447 0.207701
-1.15383 -0.0472795 0.224215
-1.15063 -0.0548396 0.23867
-1.14473 -0.0630661 0.250621
-1.14021 -0.0707069 0.260421
-1.13839 -0.076775 0.2687
-1.14176 -0.0811804 0.275829
-1.15306 -0.0845781 0.281639
-1.17164 -0.087927 0.285991
-1.19451 -0.0919711 0.288769
-1.21894 -0.0968333 0.289909
-1.24269 -0.102016 0.2896
-1.26466 -0.106893 0.287908
-1.28514 -0.111002 0.284272
-1.3031 -0.114099 0.278224
-1.31466 -0.11601 0.270375
-1.31611 -0.116462 0.261965
-1.30543 -0.115546 0.253753
-1.28024 -0.113775 0.245526
-1.23934 -0.111433 0.236782
-1.18696 -0.108359 0.227141
-1.13076 -0.104229 0.216498
-1.0754 -0.0991922 0.205331
-1.02188 -0.0941375 0.194314
-0.970799 -0.090007 0.183516
-0.921318 -0.0873863 0.17246
-0.870185 -0.0865814 0.160763
-0.816846 -0.0875411 0.148403
-0.765701 -0.0895843 0.135593
-0.721721 -0.0915336 0.122644
-0.687964 -0.0925324 0.109787
-0.6652 -0.0924478 0.0972981
-0.649668 -0.0913659 0.0865048
-0.63362 -0.0892711 0.0777973
-0.611136 -0.0866351 0.0697409
-0.581952 -0.0841415 0.0618197
-0.548703 -0.0813626 0.0543891
-0.513555 -0.0773322 0.0476057
-0.478934 -0.0718069 0.0412974
-0.446683 -0.0649599 0.0352991
-0.414851 -0.0568946 0.0295878
-0.379858 -0.0480865 0.0241032
-0.340817 -0.0395324 0.0193709
-0.299472 -0.0315439 0.0159151
-0.259323 -0.0234643 0.0129925
-0.226194 -0.0148456 0.0100433
-0.205396 -0.00552453 0.0068466
-0.196653 0.00467729 0.00340653
-0.195416 0.0153391 -0.000243498
-0.198376 0.0252125 -0.0042142
-0.204242 0.033026 -0.00821136
-0.212432 0.038403 -0.0119327
-0.224301 0.0417582 -0.015214
-0.24204 0.0437507 -0.0175533
-0.264423 0.0452498 -0.0189274
-0.287546 0.0472777 -0.0197297
-0.309269 0.0502193 -0.0201146
-0.328702 0.0532753 -0.0201997
-0.344051 0.0553778 -0.0198157
-0.354397 0.0560627 -0.0187643
-0.360493 0.0552593 -0.0169022
-0.362281 0.0531253 -0.0143818
-0.359052 0.0504056 -0.0114355
-0.352207 0.0482917 -0.00812355
-0.344871 0.0473033 -0.00440482
-0.340187 0.0467902 -0.000193417
-0.341941 0.0455269 0.00503873
-0.353839 0.0422338 0.0111116
-0.376777 0.0360294 0.0177944
-0.409557 0.0267761 0.0252258
-0.451695 0.0152478 0.0333897
-0.502418 0.00310084 0.0419171
-0.558279 -0.00796571 0.0503516
-0.614875 -0.0170987 0.0587682
-0.668863 -0.024463 0.0672499
-0.716429 -0.0309468 0.075848
-0.753571 -0.0376626 0.0847377
-0.779308 -0.045455 0.0940638
-0.795344 -0.0543639 0.103683
-0.802835 -0.0634641 0.113488
-0.802871 -0.0713573 0.123411
-0.798887 -0.0768734 0.133025
-0.795226 -0.0796451 0.141779
-0.794546 -0.0803525 0.149502
-0.798518 -0.0805526 0.156239
-0.808842 -0.0820382 0.162113
-0.826028 -0.0860223 0.16748
-0.849117 -0.0927984 0.172596
-0.876973 -0.101715 0.176979
-0.908067 -0.111169 0.179994
-0.939477 -0.119069 0.18173
-0.967715 -0.12382 0.182488
-0.989839 -0.125088 0.182274
-1.00348 -0.123727 0.181291
-1.00739 -0.121094 0.179951
-1.00228 -0.118447 0.178374
-0.990007 -0.116485 0.176635
-0.972287 -0.11511 0.174913
-0.951504 -0.113504 0.173195
-0.931259 -0.110431 0.17122
-0.914395 -0.10487 0.168859
-0.901699 -0.0968664 0.166141
-0.893653 -0.0877463 0.163069
-0.890817 -0.0793166 0.15976
-0.891925 -0.0728405 0.156426
-0.894248 -0.0685837 0.153015
-0.895494 -0.0658108 0.149167
-0.893792 -0.0630393 0.144618
-0.887214 -0.0586397 0.139304
-0.874637 -0.0516592 0.133271
-0.855939 -0.0423501 0.126589
-0.831361 -0.0320267 0.119338
-0.80235 -0.0223819 0.111648
-0.772148 -0.0147157 0.103781
-0.743695 -0.00947807 0.0961183
-0.717611 -0.00614069 0.0889266
-0.693066 -0.00344791 0.0820494
-0.669519 -0.00013193 0.0750592
-0.647269 0.00435816 0.0676785
-0.627481 0.00969256 0.0601092
-0.611871 0.014991 0.0528644
-0.601172 0.0192188 0.04645
-0.593626 0.0215142 0.0415595
-0.585633 0.02169 0.0376598
-0.573942 0.0206696 0.0341729
-0.556909 0.0197821 0.030816
-0.53487 0.0198566 0.0274327
-0.510787 0.0212928 0.0242443
-0.488591 0.0238968 0.0213928
-0.469937 0.0266891 0.0191795
-0.454464 0.0283519 0.017685
-0.442298 0.0280458 0.0169513
-0.433691 0.0258239 0.0169101
-0.427914 0.0222135 0.017479
-0.424887 0.0179434 0.0186254
-0.426047 0.0138374 0.0200442
-0.432988 0.0104144 0.0215366
-0.446488 0.00745883 0.0232453
-0.465534 0.00425487 0.0253909
-0.486074 0.000321858 0.0280644
-0.502458 -0.00443391 0.0311961
-0.51134 -0.00997048 0.0346191
-0.513243 -0.0160497 0.038093
-0.511084 -0.0221058 0.0415681
-0.508911 -0.0275411 0.0452632
-0.51075 -0.0322317 0.0492683
-0.517967 -0.0364761 0.0533519
-0.528065 -0.0405685 0.0574651
-0.537753 -0.0447915 0.0615954
-0.546572 -0.0495086 0.0657447
-0.556675 -0.054928 0.0700257
-0.570962 -0.0608632 0.0746531
-0.592349 -0.0668684 0.0795464
-0.622117 -0.0725829 0.0844443
-0.657728 -0.0777373 0.0893344
-0.693596 -0.0820345 0.0944297
-0.723884 -0.0852701 0.0998786
-0.744459 -0.0875258 0.105052
-0.754476 -0.0891428 0.109813
-0.757306 -0.0902543 0.114654
-0.758208 -0.0907114 0.119392
-0.760862 -0.0905768 0.123881
-0.766823 -0.0899026 0.128151
-0.775802 -0.0883558 0.132141
-0.785078 -0.0857367 0.135731
-0.791006 -0.0825322 0.138993
-0.792748 -0.0794772 0.141908
-0.793666 -0.0767705 0.14413
-0.798448 -0.0743485 0.14525
-0.809519 -0.0723882 0.145107
-0.825959 -0.0707737 0.143843
-0.844485 -0.0686606 0.141852
-0.861067 -0.0651872 0.139455
-0.873105 -0.0603983 0.136734
-0.880712 -0.055067 0.133758
-0.885433 -0.0497572 0.130938
-0.888893 -0.0446716 0.128696
-0.892776 -0.0401477 0.126808
-0.897858 -0.0363249 0.124728
-0.902831 -0.0324711 0.12248
-0.905126 -0.0274654 0.120415
-0.90265 -0.0209469 0.118609
-0.894732 -0.0135778 0.117063
-0.882696 -0.0063804 0.115848
-0.870115 -0.000273335 0.114871
-0.861339 0.00395484 0.114045
-0.858811 0.0059691 0.113506
-0.861858 0.00634532 0.11334
-0.867844 0.00623174 0.113227
-0.873146 0.00644596 0.112731
-0.873748 0.00705497 0.111836
-0.867529 0.00766549 0.110795
-0.855489 0.00771854 0.109697
-0.839906 0.00654445 0.108381
-0.822704 0.0036623 0.106652
-0.805249 -0.000687317 0.1044
-0.78754 -0.00556748 0.101756
-0.768014 -0.0101273 0.0990129
-0.745648 -0.0141653 0.0962294
-0.721544 -0.0179342 0.0931806
-0.698201 -0.0218013 0.0898736
-0.678368 -0.0262051 0.0867253
-0.664125 -0.0315362 0.0839574
-0.655827 -0.0377073 0.0814396
-0.651771 -0.0440194 0.079128
-0.649011 -0.0496496 0.0771121
-0.644257 -0.0541143 0.0752743
-0.634843 -0.0572369 0.0735158
-0.620395 -0.0590233 0.0719037
-0.603207 -0.0598015 0.0704439
-0.585901 -0.0601098 0.0690951
-0.569305 -0.0601939 0.0679135
-0.553042 -0.0598594 0.0669618
-0.536727 -0.058895 0.0660819
-0.519988 -0.0573506 0.0650074
-0.503158 -0.0553216 0.0636304
-0.488311 -0.052849 0.0620558
-0.478206 -0.0501678 0.0603718
-0.474565 -0.047692 0.0585664
-0.478103 -0.0456269 0.0566359
-0.488792 -0.0438732 0.0546374
-0.505096 -0.0423343 0.0527252
-0.524295 -0.0410333 0.0511452
-0.544404 -0.0399295 0.0500301
-0.56476 -0.0389165 0.0493563
-0.584708 -0.0379924 0.0491835
-0.602862 -0.0371659 0.0497979
-0.617434 -0.0362713 0.0511299
-0.626501 -0.0351011 0.0526885
-0.628598 -0.0335617 0.0544204
-0.623541 -0.0316731 0.0566077
-0.612226 -0.0296486 0.0591209
-0.596097 -0.0277934 0.0619259
-0.577347 -0.0263056 0.0651119
-0.559076 -0.025333 0.0682964
-0.544744 -0.0249631 0.0709108
-0.537229 -0.0251218 0.0728244
-0.538224 -0.0256241 0.0743475
-0.548301 -0.0264136 0.0756532
-0.566898 -0.0277496 0.0766988
-0.592194 -0.0299612 0.0775196
-0.621634 -0.0330498 0.0782307
-0.652569 -0.0365931 0.0789017
-0.682431 -0.0399187 0.0796891
-0.708955 -0.0423408 0.0807082
-0.730286 -0.043355 0.0818338
-0.74471 -0.0426709 0.0830758
-0.750497 -0.040306 0.0840736
-0.746742 -0.0366901 0.0851672
-0.734359 -0.0323626 0.0867867
-0.715747 -0.0278251 0.0886291
-0.694751 -0.0234204 0.0905352
-0.676666 -0.0191272 0.0922634
-0.666098 -0.0148487 0.0937161
-0.665178 -0.0106223 0.0948864
-0.673787 -0.00669761 0.0957583
-0.690302 -0.0034976 0.0963002
-0.712776 -0.00146408 0.096577
-0.74014 -0.000978739 0.0966341
-0.771713 -0.00203507 0.0965601
-0.80529 -0.00406878 0.0965442
-0.836714 -0.00629493 0.0966913
-0.861519 -0.00815343 0.0968965
-0.876158 -0.00947863 0.0972031
-0.878734 -0.0103385 0.097348
-0.869911 -0.0108777 0.0974442
-0.852302 -0.0115062 0.097986
-0.828426 -0.012793 0.0991063
-0.800266 -0.0148239 0.100543
-0.77042 -0.0172354 0.101929
-0.741831 -0.0199531 0.103041
-0.716625 -0.0233195 0.103795
-0.696118 -0.0274954 0.104224
-0.681067 -0.0323087 0.104303
-0.671244 -0.0377864 0.1039
-0.665688 -0.0441541 0.102737
-0.663834 -0.0511602 0.100721
-0.665939 -0.0580372 0.098151
-0.672035 -0.0642339 0.0955575
-0.680501 -0.0696098 0.0932525
-0.687881 -0.0740052 0.0912522
-0.69007 -0.077094 0.0898156
-0.683849 -0.0788102 0.0881987
-0.668165 -0.0795632 0.0860079
-0.644728 -0.0794475 0.083482
-0.616849 -0.0779754 0.0808004
-0.587642 -0.0748741 0.0784679
-0.559081 -0.070264 0.0762192
-0.531916 -0.0645418 0.0737458
-0.507287 -0.0582819 0.071059
-0.487878 -0.0520902 0.0682616
-0.476723 -0.0466062 0.065331
-0.476153 -0.0421006 0.0623484
-0.487555 -0.0383117 0.0594105
-0.510691 -0.0347396 0.0565558
-0.542945 -0.0309454 0.0539241
-0.579677 -0.026779 0.0517401
-0.615759 -0.0224397 0.0503769
-0.646692 -0.0185058 0.0501286
-0.669412 -0.0155058 0.050333
-0.683443 -0.0133149 0.0509021
-0.69007 -0.0114986 0.052009
-0.690072 -0.00955657 0.0535187
-0.683668 -0.00668241 0.0552993
-0.671576 -0.00235868 0.0573117
-0.654961 0.00267637 0.0602394
-0.635739 0.00659419 0.06379
-0.617597 0.00806823 0.0676589
-0.605258 0.00682417 0.0718472
-0.601998 0.00292495 0.0761721
-0.608691 -0.00295016 0.0803083
-0.624671 -0.00929868 0.0837664
-0.647883 -0.0147806 0.0864859
-0.674697 -0.0193273 0.0886549
-0.701358 -0.0237875 0.0904612
-0.725702 -0.0287576 0.0920731
-0.746826 -0.0344846 0.0936947
-0.763808 -0.0411283 0.0954779
-0.77524 -0.0482397 0.0975192
-0.779684 -0.0543429 0.0996528
-0.776451 -0.0578181 0.101599
-0.766054 -0.058128 0.103203
-0.75002 -0.055903 0.10447
-0.73092 -0.0522453 0.105565
-0.712621 -0.048402 0.106787
-0.699162 -0.0456488 0.108179
-0.692743 -0.0445838 0.109442
-0.693426 -0.0445719 0.110353
-0.700557 -0.0443551 0.110855
-0.713393 -0.0431088 0.110843
-0.730684 -0.0407081 0.110238
-0.750996 -0.0374325 0.109066
-0.773297 -0.0339465 0.107456
-0.796383 -0.0312531 0.105642
-0.818021 -0.0300504 0.103987
-0.835248 -0.0300815 0.102784
-0.845227 -0.0304244 0.101969
-0.845969 -0.0302847 0.101244
-0.836954 -0.029254 0.100414
-0.819224 -0.0272186 0.0994839
-0.794798 -0.0245134 0.0985221
-0.765921 -0.0220025 0.0975345
-0.734616 -0.0205983 0.0963505
-0.702721 -0.0207368 0.0947792
-0.671828 -0.0224184 0.0928222
-0.643172 -0.0254071 0.0905635
-0.618108 -0.0292107 0.0879974
-0.598589 -0.0332386 0.0849745
-0.586576 -0.0372464 0.0814133
-0.582884 -0.04139 0.0774639
-0.585992 -0.0457704 0.0735103
-0.592136 -0.0502106 0.0699266
