-6.55529e-07 9.36684e-09 -0.0555706
-0.000192607 -4.1311e-09 -0.0555734
-0.0009226 8.66403e-07 -0.0555901
-0.00226513 7.29993e-06 -0.0556326
-0.00406614 2.58836e-05 -0.055685
-0.00633068 5.42497e-05 -0.0557123
-0.00946843 8.25935e-05 -0.0557402
-0.0141743 0.000116571 -0.0558366
-0.0206895 0.000183271 -0.0559708
-0.0280306 0.000300591 -0.0560515
-0.0341415 0.000448637 -0.0560608
-0.0373554 0.000584697 -0.0559977
-0.0380922 0.000685327 -0.0558422
-0.0383019 0.000769324 -0.055666
-0.0393081 0.000884301 -0.0556042
-0.0411391 0.00105295 -0.0556748
-0.0428812 0.00122449 -0.0558004
-0.0432753 0.00131737 -0.0559828
-0.0421867 0.00130702 -0.0561555
-0.0407542 0.00122827 -0.0561007
-0.039425 0.00111461 -0.0558915
-0.0368885 0.000980782 -0.0558438
-0.0315728 0.00082957 -0.0558486
-0.0237959 0.000633283 -0.0556013
-0.0153274 0.000364294 -0.0553186
-0.00806364 7.90695e-05 -0.0553349
-0.00346392 -0.000112714 -0.0554926
-0.00095864 -0.000188028 -0.055644
0.00221241 -0.000229145 -0.0559741
0.00875958 -0.000316636 -0.0562683
0.0196831 -0.000477277 -0.0559642
0.0336595 -0.000695706 -0.0552272
0.0475459 -0.000915227 -0.0547517
0.0580048 -0.00105004 -0.0546826
0.0620035 -0.00106733 -0.0547641
0.0583259 -0.00104003 -0.0550342
0.0498837 -0.00104254 -0.0556248
0.0413815 -0.00105407 -0.0561693
0.0368171 -0.0010428 -0.0560947
0.0379249 -0.00105509 -0.0556049
0.0405446 -0.0011258 -0.0553253
0.0380918 -0.00116671 -0.0551738
0.029565 -0.00102939 -0.0549726
0.0186147 -0.000680192 -0.0550677
0.00852723 -0.000276788 -0.0554004
-0.000152651 5.10473e-06 -0.0557521
-0.0105879 0.000198987 -0.0562644
-0.0259107 0.000481752 -0.0565418
-0.0432761 0.00090444 -0.056333
-0.0544687 0.00132384 -0.056315
-0.0552042 0.00158021 -0.0563757
-0.051602 0.00161305 -0.0557349
-0.0533122 0.00150924 -0.0550098
-0.0643344 0.00152664 -0.0552035
-0.0817894 0.00184074 -0.0558556
-0.0978321 0.00226014 -0.0564972
-0.104576 0.00245057 -0.0574127
-0.100663 0.00233672 -0.0578434
-0.0892783 0.00207134 -0.0567462
-0.0718946 0.00179065 -0.0551923
-0.0508259 0.00156626 -0.0547504
-0.0332047 0.00141411 -0.0550809
-0.0265832 0.00126138 -0.0554438
-0.0324388 0.00106172 -0.0560968
-0.0429964 0.000877012 -0.056944
-0.0466427 0.000728944 -0.0572663
-0.0384228 0.000507344 -0.0570619
-0.0224104 0.000120643 -0.0567659
-0.00739411 -0.000322229 -0.0561666
-0.000479372 -0.000601474 -0.0550161
-0.00164339 -0.000620547 -0.0541756
-0.00812732 -0.000431941 -0.0548695
-0.0214238 -0.000100586 -0.0565786
-0.043374 0.000338324 -0.0575747
-0.0693494 0.000819098 -0.0576891
-0.0885599 0.00125442 -0.0576737
-0.0923415 0.0016292 -0.0573367
-0.0819577 0.00197045 -0.0562748
-0.0659363 0.00223979 -0.0550286
-0.0545354 0.00232408 -0.0537293
-0.0548031 0.00239512 -0.0531198
-0.0658141 0.00266731 -0.0535374
-0.0800229 0.00311395 -0.055207
-0.0918407 0.00351768 -0.0574193
-0.102238 0.00354379 -0.0581933
-0.111093 0.00309954 -0.0576758
-0.115744 0.00239567 -0.0575056
-0.117248 0.00187686 -0.0571682
-0.117672 0.00163099 -0.0559098
-0.117034 0.00143163 -0.0553538
-0.116534 0.00122279 -0.0558134
-0.120142 0.00112709 -0.0554922
-0.129453 0.00127543 -0.0543289
-0.139938 0.00189701 -0.0549946
-0.146398 0.00291416 -0.0572429
-0.145459 0.00388906 -0.058296
-0.134621 0.00444389 -0.0575742
-0.111069 0.00444448 -0.0565423
-0.073924 0.00413359 -0.0552838
-0.0297566 0.00370918 -0.0533363
0.0127816 0.00322249 -0.0516876
0.0470716 0.00252729 -0.0523517
0.0709003 0.00154904 -0.0538323
0.0903809 0.000376847 -0.0540377
0.111896 -0.0010023 -0.0539192
0.134098 -0.00272652 -0.0558214
0.150468 -0.00459212 -0.0589747
0.158051 -0.00607383 -0.0603505
0.160366 -0.00715619 -0.0596465
0.161159 -0.00819668 -0.0587554
0.162078 -0.00922771 -0.0584186
0.161009 -0.00983629 -0.0581251
0.151623 -0.00965582 -0.0570114
0.128591 -0.00862656 -0.0556015
0.0927749 -0.0070333 -0.0561444
0.053858 -0.00504484 -0.0578072
0.0179759 -0.0026117 -0.0585308
-0.0202358 -0.000119137 -0.0579022
-0.067479 0.00212534 -0.0570963
-0.126624 0.00420139 -0.0573915
-0.191103 0.00649386 -0.0572873
-0.248532 0.00882832 -0.0559526
-0.28932 0.0104857 -0.0540595
-0.306832 0.0112067 -0.0509477
-0.307759 0.0112786 -0.0447801
-0.309502 0.0112178 -0.0385261
-0.322654 0.0115403 -0.0389932
-0.35212 0.0124491 -0.044096
-0.393957 0.0133659 -0.0478831
-0.431384 0.0136107 -0.0502447
-0.448998 0.0125763 -0.0508951
-0.436535 0.0107084 -0.0527565
-0.398979 0.0090206 -0.0542228
-0.355351 0.00760688 -0.0505335
-0.311552 0.00650599 -0.0484068
-0.269499 0.00571418 -0.0494868
-0.234649 0.00459446 -0.0480899
-0.199549 0.00269929 -0.0475533
-0.159246 0.000849157 -0.0484013
-0.118569 -2.38998e-05 -0.0500836
-0.0795586 0.00012684 -0.0540747
-0.042371 0.000789576 -0.0554922
0.00132612 0.00143042 -0.0571876
0.057939 0.00138443 -0.0589351
0.121701 0.000175076 -0.057593
0.186911 -0.0014535 -0.0558734
0.243993 -0.00288653 -0.0552529
0.286335 -0.00393031 -0.0563745
0.313946 -0.00462271 -0.0570463
0.327028 -0.00540616 -0.058364
0.327366 -0.00668111 -0.0611912
0.313253 -0.00864138 -0.0621678
0.287874 -0.0106 -0.062069
0.257793 -0.0118079 -0.061912
0.222447 -0.0121696 -0.0620294
0.182339 -0.0117801 -0.0624092
0.138916 -0.0107669 -0.0614951
0.0902405 -0.00941608 -0.0595145
0.0370817 -0.00798781 -0.057662
-0.0179451 -0.00640099 -0.0551092
-0.0744974 -0.0041112 -0.0536052
-0.135163 -0.00106865 -0.0529882
-0.201827 0.00243051 -0.0520811
-0.269834 0.00627102 -0.051961
-0.330136 0.00996938 -0.0510837
-0.370085 0.0129112 -0.048599
-0.376947 0.0149351 -0.0461809
-0.346184 0.0161754 -0.043641
-0.277579 0.0166757 -0.0402625
-0.17096 0.0164905 -0.0363367
-0.0259625 0.0157382 -0.033246
0.160026 0.0144177 -0.032029
0.388006 0.012066 -0.0291366
0.659508 0.00831025 -0.0228349
0.978079 0.00319371 -0.0147816
1.3405 -0.00341732 -0.00350889
1.74318 -0.0113672 0.013489
2.18788 -0.0203494 0.0442982
2.6723 -0.0305044 0.087997
3.19522 -0.0422437 0.137807
3.76222 -0.0561178 0.192537
4.37497 -0.072564 0.250261
5.03121 -0.0917269 0.310992
5.72949 -0.112686 0.376534
6.46732 -0.133725 0.440825
7.23847 -0.152875 0.498919
8.02477 -0.168929 0.55023
8.79285 -0.181726 0.592406
9.50164 -0.192449 0.621
10.1158 -0.202854 0.634202
10.6076 -0.214129 0.632009
10.9483 -0.22715 0.610704
11.1139 -0.241567 0.568129
11.0983 -0.255333 0.515589
10.9157 -0.265521 0.469289
10.5934 -0.269649 0.433879
10.1537 -0.266777 0.397851
9.62279 -0.258689 0.335649
9.07271 -0.249499 0.239898
8.59695 -0.243252 0.149697
8.24639 -0.240175 0.0891276
8.02383 -0.238422 0.0113489
7.9177 -0.236992 -0.0830869
7.92015 -0.233812 -0.136358
8.00423 -0.236937 -0.1121
8.08022 -0.25571 -0.0587436
8.03026 -0.280395 -0.035072
7.81072 -0.296327 -0.00627857
7.4113 -0.296073 -0.00210315
6.78436 -0.284325 -0.0382443
5.90964 -0.262999 -0.0992077
4.83321 -0.229327 -0.21964
3.64112 -0.192467 -0.347333
2.37535 -0.160716 -0.362541
1.06417 -0.138973 -0.275661
-0.233931 -0.130168 -0.174151
-1.54224 -0.13296 -0.0844202
-2.84902 -0.136593 0.019151
-4.06142 -0.126658 0.114282
-5.19731 -0.0999313 0.166913
-6.29396 -0.0685949 0.204205
-7.29636 -0.0418205 0.226076
-8.2081 -0.014663 0.263317
-9.08367 0.0171444 0.344199
-9.87681 0.044468 0.471797
-10.5948 0.0491619 0.601221
-11.3134 0.044073 0.742452
-11.9952 0.0576336 0.891275
-12.6712 0.0916064 0.991765
-13.4039 0.13608 1.08511
-14.1556 0.184964 1.20275
-14.9129 0.236724 1.32355
-15.661 0.278838 1.40898
-16.3705 0.286272 1.44143
-17.0446 0.266912 1.47547
-17.6773 0.242375 1.5216
-18.2191 0.218888 1.54908
-18.7071 0.196189 1.57094
-19.1746 0.176576 1.58776
-19.5641 0.164663 1.58609
-19.9063 0.156264 1.57881
-20.2201 0.141231 1.56533
-20.4564 0.111554 1.54259
-20.6556 0.0786717 1.53256
-20.8444 0.0542814 1.52159
-20.984 0.0379654 1.51264
-21.0979 0.0246533 1.51056
-21.1537 0.0176107 1.50049
-21.0984 0.0174183 1.47923
-20.9547 0.018238 1.45553
-20.707 0.00612503 1.43032
-20.3375 -0.0289107 1.40705
-19.8747 -0.0757407 1.39828
-19.3267 -0.128116 1.40411
-18.6913 -0.18356 1.39359
-18.0233 -0.23102 1.36288
-17.3598 -0.25709 1.32644
-16.6961 -0.260183 1.27913
-16.068 -0.251767 1.23428
-15.4789 -0.242575 1.1883
-14.8885 -0.235863 1.13211
-14.2888 -0.235177 1.07346
-13.6664 -0.239562 1.01293
-12.9949 -0.24658 0.953158
-12.2821 -0.253551 0.893178
-11.5483 -0.259141 0.83343
-10.7931 -0.273974 0.785795
-10.0095 -0.299184 0.773212
-9.21122 -0.318598 0.786077
-8.42245 -0.318482 0.80018
-7.64948 -0.294966 0.809433
-6.89139 -0.260166 0.826904
-6.1573 -0.226772 0.851865
-5.45395 -0.201788 0.871928
-4.76426 -0.193948 0.878852
-4.07599 -0.205134 0.865225
-3.40398 -0.229164 0.839781
-2.73574 -0.249732 0.816824
-2.04464 -0.255527 0.798118
-1.35226 -0.249753 0.784867
-0.694132 -0.238214 0.789458
-0.066142 -0.227146 0.810928
0.537261 -0.221692 0.830889
1.09575 -0.225607 0.8453
1.61028 -0.245789 0.856313
2.10485 -0.280878 0.86442
2.58289 -0.317365 0.875774
3.03071 -0.344387 0.896588
3.44522 -0.357972 0.930103
3.83183 -0.355962 0.956298
4.18553 -0.343561 0.961715
4.48788 -0.336804 0.954741
4.72492 -0.345878 0.942503
4.89515 -0.372009 0.919635
4.99822 -0.408807 0.892392
5.03427 -0.44314 0.871889
5.0129 -0.465477 0.858362
4.95304 -0.470122 0.855186
4.87385 -0.46145 0.854055
4.78547 -0.455389 0.833454
4.69578 -0.46661 0.802088
4.6196 -0.501089 0.780631
4.56278 -0.55775 0.760791
4.51931 -0.626882 0.734516
4.48392 -0.691724 0.707486
4.44942 -0.739934 0.684918
4.40939 -0.769768 0.665279
4.35779 -0.789825 0.645673
4.28296 -0.81362 0.627354
4.18029 -0.852098 0.61065
4.05449 -0.905848 0.594782
3.89235 -0.963544 0.582723
3.66966 -1.01053 0.56651
3.38369 -1.03838 0.53085
3.03664 -1.04636 0.477522
2.61621 -1.04102 0.41772
2.12243 -1.03569 0.362651
1.57679 -1.03997 0.317808
1.00222 -1.05098 0.284382
0.425959 -1.05821 0.264204
-0.116078 -1.05248 0.241079
-0.599765 -1.03471 0.204879
-1.0215 -1.0163 0.165836
-1.39255 -1.00416 0.144184
-1.73902 -0.993439 0.145925
-2.09337 -0.977744 0.161715
-2.4756 -0.956563 0.189042
-2.88589 -0.93256 0.22969
-3.31734 -0.912378 0.289583
-3.77413 -0.891704 0.34996
-4.26161 -0.848252 0.400175
-4.75872 -0.771134 0.441665
-5.23463 -0.680703 0.471887
-5.67918 -0.600493 0.487409
-6.09643 -0.522118 0.495304
-6.48078 -0.436688 0.507063
-6.81809 -0.361137 0.534556
-7.11412 -0.306817 0.568625
-7.38431 -0.261853 0.589875
-7.63562 -0.208078 0.599347
-7.87636 -0.149502 0.598861
-8.11441 -0.0986755 0.588353
-8.357 -0.0474505 0.577633
-8.60592 0.0123168 0.575739
-8.84451 0.0651386 0.582672
-9.04855 0.0964738 0.593089
-9.20858 0.118827 0.606897
-9.32601 0.15116 0.625023
-9.40116 0.191139 0.635591
-9.44013 0.226114 0.637457
-9.46509 0.256412 0.641415
-9.50911 0.280782 0.647884
-9.58769 0.287418 0.65736
-9.69242 0.271617 0.675256
-9.81888 0.243751 0.699264
-9.96166 0.216091 0.721667
-10.0964 0.190243 0.737932
-10.2117 0.167099 0.746722
-10.3156 0.152856 0.74941
-10.4079 0.149202 0.750473
-10.4904 0.148449 0.751719
-10.5734 0.145115 0.754061
-10.6646 0.140495 0.757179
-10.7643 0.135336 0.760985
-10.8716 0.1288 0.763189
-10.9832 0.122804 0.762359
-11.0869 0.121434 0.760079
-11.1666 0.12257 0.75732
-11.2154 0.118607 0.756615
-11.2357 0.106039 0.759453
-11.2353 0.0864234 0.765603
-11.2198 0.0624631 0.775611
-11.1939 0.0385011 0.787121
-11.1616 0.0217343 0.793721
-11.117 0.0177279 0.792041
-11.0465 0.0252629 0.785186
-10.9367 0.0376118 0.775747
-10.7803 0.0483095 0.764952
-10.5796 0.0534871 0.754504
-10.3374 0.0504786 0.744272
-10.0506 0.0394897 0.731466
-9.71863 0.0242941 0.713752
-9.3443 0.00789076 0.689842
-8.92625 -0.0107246 0.658284
-8.46261 -0.0352361 0.621698
-7.95559 -0.068817 0.585474
-7.41226 -0.111797 0.551614
-6.84653 -0.161256 0.51608
-6.27779 -0.211182 0.474038
-5.72896 -0.253821 0.427158
-5.22945 -0.285843 0.377879
-4.81687 -0.309621 0.324799
-4.50157 -0.331499 0.295099
-4.22782 -0.350183 0.299296
-3.94631 -0.360677 0.292076
-3.65028 -0.374702 0.267133
-3.30563 -0.403061 0.24007
-2.87165 -0.445656 0.221565
-2.34002 -0.491437 0.21659
-1.73454 -0.532663 0.213759
-1.08786 -0.576527 0.209815
-0.418346 -0.622088 0.218874
0.252083 -0.664941 0.255833
0.896278 -0.704175 0.313812
1.49775 -0.739623 0.376327
2.06335 -0.772286 0.429391
2.62054 -0.795485 0.461887
3.19798 -0.80189 0.477623
3.78494 -0.79655 0.482214
4.35923 -0.784884 0.477331
4.92987 -0.766726 0.471384
5.48532 -0.74592 0.481845
5.99353 -0.733085 0.510032
6.44613 -0.738903 0.538497
6.83722 -0.76291 0.554346
7.15081 -0.795438 0.561464
7.38711 -0.825602 0.5802
7.56695 -0.844037 0.615848
7.7173 -0.845473 0.659833
7.85349 -0.831938 0.689973
7.97678 -0.812638 0.685242
8.09599 -0.797859 0.643471
8.21742 -0.795055 0.588197
8.31895 -0.804712 0.540321
8.36751 -0.821571 0.502725
8.34962 -0.83782 0.46704
8.27622 -0.844024 0.432878
8.16787 -0.838802 0.409378
8.03661 -0.830568 0.387199
7.88522 -0.829788 0.360904
7.72498 -0.845347 0.336686
7.57451 -0.881751 0.31836
7.43772 -0.933314 0.301197
7.29997 -0.98608 0.286111
7.14398 -1.02411 0.285047
6.95333 -1.03678 0.274318
6.6986 -1.02569 0.243624
6.34067 -1.00082 0.192785
5.86395 -0.974959 0.121934
5.28507 -0.957308 0.0524449
4.62207 -0.945927 -0.00102491
3.89275 -0.931171 -0.0427356
3.13714 -0.902394 -0.0864319
2.39677 -0.860061 -0.124385
1.68891 -0.819122 -0.13606
1.01721 -0.792584 -0.129307
0.370169 -0.783465 -0.115121
-0.275342 -0.78106 -0.0962517
-0.933696 -0.766665 -0.0788073
-1.60876 -0.734202 -0.0507875
-2.28558 -0.692643 -0.0140345
-2.94214 -0.651617 0.0460937
-3.56113 -0.604676 0.120038
-4.1269 -0.537681 0.193926
-4.65066 -0.461152 0.269472
-5.14319 -0.394069 0.345279
-5.60035 -0.332539 0.423422
-6.0387 -0.261494 0.50203
-6.48279 -0.181642 0.570161
-6.93865 -0.10511 0.610869
-7.40206 -0.0323707 0.63042
-7.87196 0.0415814 0.636447
-8.34556 0.113775 0.640683
-8.80656 0.170059 0.652566
-9.22925 0.201194 0.661999
-9.60382 0.214797 0.668882
-9.92676 0.221198 0.683186
-10.1953 0.221889 0.697104
-10.419 0.217307 0.703295
-10.6145 0.217925 0.704787
-10.7917 0.23042 0.700835
-10.9387 0.244182 0.695935
-11.0382 0.247777 0.694767
-11.0895 0.243332 0.692942
-11.0944 0.233214 0.694832
-11.0392 0.215015 0.699221
-10.9205 0.190962 0.700688
-10.7443 0.168247 0.702863
-10.5113 0.14775 0.697568
-10.2406 0.119279 0.681758
-9.96158 0.0775591 0.671582
-9.69237 0.0262661 0.665843
-9.44508 -0.0357556 0.657258
-9.23022 -0.109506 0.643307
-9.03985 -0.181657 0.616746
-8.85001 -0.237689 0.576938
-8.64544 -0.277226 0.531054
-8.41592 -0.306937 0.482474
-8.1502 -0.328798 0.434242
-7.84681 -0.344082 0.389834
-7.51562 -0.363814 0.354676
-7.16495 -0.391896 0.326793
-6.79592 -0.41376 0.302441
-6.41087 -0.417835 0.277902
-6.00927 -0.410458 0.25205
-5.58313 -0.4051 0.229507
-5.12115 -0.403896 0.209993
-4.61604 -0.400107 0.196518
-4.0721 -0.393162 0.189452
-3.50844 -0.387032 0.18712
-2.95559 -0.379966 0.190689
-2.43598 -0.363748 0.20686
-1.95464 -0.334779 0.223211
-1.50387 -0.302112 0.226028
-1.07196 -0.274067 0.221167
-0.647741 -0.245203 0.217963
-0.217831 -0.20822 0.225015
0.223986 -0.168096 0.245128
0.670492 -0.136376 0.271267
1.11123 -0.11464 0.297297
1.5384 -0.0942851 0.325434
1.93991 -0.0738934 0.35656
2.30314 -0.058154 0.390106
2.62796 -0.0453501 0.421284
2.92294 -0.0310115 0.446295
3.19433 -0.0157073 0.466643
3.44847 -0.00281155 0.4796
3.69228 0.00903909 0.481473
3.92334 0.0238176 0.476711
4.13056 0.0393664 0.473325
4.30906 0.0509406 0.473369
4.46503 0.0581445 0.474202
4.5997 0.0612118 0.473592
4.70686 0.057415 0.470897
4.78558 0.0466202 0.467037
4.83072 0.0335088 0.462993
4.82815 0.0213327 0.461162
4.77391 0.0085061 0.463177
4.6719 -0.00724547 0.465027
4.52013 -0.0258848 0.459361
4.32157 -0.0461371 0.443296
4.08596 -0.0658092 0.418993
3.81474 -0.0816875 0.390445
3.50559 -0.0903528 0.361133
3.16628 -0.0918947 0.332638
2.80883 -0.0913983 0.30078
2.4394 -0.0954438 0.262914
2.06391 -0.108014 0.222708
1.69077 -0.129451 0.183913
1.32307 -0.158094 0.149753
0.961372 -0.190342 0.125092
0.61211 -0.221117 0.109533
0.278605 -0.251606 0.101264
-0.0493995 -0.291918 0.102991
-0.389015 -0.343329 0.107745
-0.752877 -0.393079 0.115504
-1.1499 -0.430303 0.127284
-1.58832 -0.453791 0.130344
-2.06285 -0.471318 0.123972
-2.55866 -0.484947 0.114584
-3.0689 -0.490764 0.109645
-3.58253 -0.494879 0.118454
-4.07561 -0.505925 0.136398
-4.52983 -0.525156 0.154815
-4.94264 -0.544913 0.17419
-5.31856 -0.555405 0.196715
-5.66064 -0.553622 0.221699
-5.9755 -0.543108 0.245375
-6.27492 -0.527702 0.269259
-6.5634 -0.50554 0.294815
-6.83872 -0.478695 0.322708
-7.10094 -0.454964 0.354627
-7.35289 -0.432778 0.38758
-7.59535 -0.403398 0.417965
-7.82106 -0.364497 0.44491
-8.02035 -0.321787 0.466623
-8.1918 -0.278875 0.484366
-8.33596 -0.235144 0.499942
-8.44668 -0.195602 0.515454
-8.52141 -0.165164 0.532746
-8.56407 -0.140143 0.548692
-8.57735 -0.113477 0.559258
-8.56384 -0.0824721 0.563046
-8.52874 -0.0490392 0.560035
-8.47741 -0.013536 0.550904
-8.41157 0.0228331 0.538894
-8.32764 0.0539273 0.526444
-8.21657 0.0759063 0.513002
-8.07234 0.0916533 0.499197
-7.89463 0.105027 0.485792
-7.68171 0.116825 0.470949
-7.43463 0.127146 0.452649
-7.16108 0.136454 0.431861
-6.86673 0.142131 0.410283
-6.55356 0.13967 0.388486
-6.22488 0.128613 0.368388
-5.88243 0.112855 0.351591
-5.52423 0.0956853 0.335712
-5.14938 0.0783916 0.316579
-4.76116 0.0628142 0.292376
-4.36563 0.05003 0.264136
-3.9699 0.0374856 0.234313
-3.58326 0.0207815 0.206511
-3.21418 -0.00179647 0.184003
-2.86341 -0.0276558 0.166712
-2.52764 -0.0538606 0.152288
-2.20588 -0.0789055 0.140942
-1.89676 -0.101367 0.134597
-1.59794 -0.119836 0.13084
-1.3117 -0.134567 0.126503
-1.04441 -0.148133 0.121708
-0.799931 -0.162594 0.117566
-0.577903 -0.178317 0.115355
-0.377306 -0.195705 0.116371
-0.194881 -0.214875 0.120303
-0.0225485 -0.234566 0.125706
0.144267 -0.252906 0.131517
0.300414 -0.26925 0.138317
0.438756 -0.283788 0.145647
0.554668 -0.29557 0.151697
0.644204 -0.303726 0.155504
0.707715 -0.30922 0.15641
0.752201 -0.31385 0.154999
0.786639 -0.31817 0.153458
0.81795 -0.321817 0.154459
0.852225 -0.325092 0.158139
0.89268 -0.328259 0.162487
0.934406 -0.330883 0.166776
0.96672 -0.332763 0.171406
0.980531 -0.334298 0.176054
0.971479 -0.335289 0.180564
0.938348 -0.334539 0.184037
0.882199 -0.331053 0.184048
0.806766 -0.3247 0.179893
0.717379 -0.315808 0.173509
0.618198 -0.304886 0.165145
0.510469 -0.293298 0.153761
0.39406 -0.28279 0.140063
0.268638 -0.273722 0.126811
0.132734 -0.265211 0.117073
-0.0156962 -0.256746 0.111218
-0.176858 -0.248819 0.110995
-0.349188 -0.241476 0.114419
-0.532124 -0.233471 0.118708
-0.727281 -0.222841 0.123093
-0.937311 -0.207589 0.124964
-1.16259 -0.187264 0.12463
-1.40025 -0.164047 0.123356
-1.64785 -0.140637 0.121081
-1.90333 -0.118167 0.119458
-2.16117 -0.0971433 0.122613
-2.41361 -0.0779655 0.131284
-2.65673 -0.0600098 0.143046
-2.89141 -0.0411005 0.155249
-3.11828 -0.0191489 0.166258
-3.33815 0.00542763 0.176007
-3.55436 0.0303533 0.186322
-3.76781 0.0535738 0.199036
-3.9744 0.0735812 0.214716
-4.16848 0.0896069 0.232639
-4.34527 0.102254 0.250583
-4.5011 0.113176 0.266797
-4.63426 0.1235 0.281196
-4.74699 0.132811 0.293627
-4.84281 0.139779 0.304028
-4.9235 0.14295 0.312453
-4.99079 0.14123 0.318682
-5.04666 0.134341 0.322807
-5.09109 0.123451 0.324609
-5.12247 0.110578 0.323243
-5.13904 0.0968325 0.31786
-5.13857 0.0820225 0.308513
-5.11904 0.0652975 0.296691
-5.08057 0.0455902 0.284528
-5.02398 0.0220871 0.273574
-4.94962 -0.00509168 0.264105
-4.85949 -0.0344326 0.255367
-4.75624 -0.0636402 0.246258
-4.63977 -0.0909713 0.236077
-4.50904 -0.115902 0.225044
-4.36544 -0.138874 0.214291
-4.21131 -0.160832 0.204876
-4.04897 -0.18264 0.196769
-3.8827 -0.204273 0.18931
-3.71742 -0.224582 0.182198
-3.55496 -0.242012 0.17522
-3.39491 -0.255545 0.167929
-3.2366 -0.264992 0.159741
-3.07819 -0.270711 0.15018
-2.91786 -0.27346 0.139807
-2.75803 -0.274197 0.130394
-2.60463 -0.273613 0.123404
-2.46213 -0.271704 0.119185
-2.33239 -0.267712 0.116627
-2.21608 -0.260736 0.114068
-2.11168 -0.250639 0.111633
-2.01482 -0.238289 0.110325
-1.92143 -0.224801 0.110178
-1.8305 -0.210905 0.110796
-1.74365 -0.197273 0.112279
-1.66361 -0.184462 0.115349
-1.59333 -0.172245 0.120118
-1.53446 -0.159705 0.125631
-1.48538 -0.14622 0.130795
-1.4423 -0.131755 0.134671
-1.4029 -0.116308 0.137131
-1.36597 -0.10005 0.138798
-1.32984 -0.083769 0.140118
-1.29464 -0.0684811 0.140983
-1.26292 -0.0547156 0.141426
-1.23617 -0.0424322 0.142144
-1.21392 -0.0313256 0.143295
-1.19615 -0.0209451 0.144066
-1.1831 -0.0107355 0.143883
-1.17406 -0.000359446 0.142578
-1.16997 0.00998063 0.140506
-1.17471 0.0196848 0.139028
-1.19092 0.0280743 0.138956
-1.21814 0.0344801 0.139496
-1.25524 0.0384057 0.139735
-1.3 0.0399351 0.139849
-1.34831 0.039737 0.140389
-1.39761 0.0385395 0.141847
-1.44814 0.0368081 0.144284
-1.50088 0.0347599 0.146786
-1.55826 0.0322742 0.148453
-1.62527 0.0287934 0.14987
-1.70567 0.0236204 0.151509
-1.7993 0.016432 0.15262
-1.90507 0.00754518 0.152516
-2.02201 -0.00224419 0.151324
-2.14678 -0.0120785 0.14923
-2.27522 -0.0213513 0.146402
-2.40524 -0.0299412 0.143885
-2.53397 -0.038314 0.142487
-2.65666 -0.0472932 0.142217
-2.7708 -0.057625 0.143396
-2.8762 -0.0695451 0.146653
-2.97162 -0.0825833 0.151809
-3.05623 -0.0956126 0.157915
-3.13235 -0.107344 0.164032
-3.20289 -0.117065 0.169545
-3.2693 -0.124859 0.174251
-3.3338 -0.131303 0.178538
-3.39844 -0.137107 0.182593
-3.46215 -0.142873 0.185892
-3.52252 -0.148821 0.188085
-3.57889 -0.154586 0.189235
-3.63085 -0.159427 0.189144
-3.67693 -0.162706 0.187733
-3.71648 -0.164169 0.185573
-3.74949 -0.163922 0.183329
-3.77407 -0.162325 0.181254
-3.78733 -0.159924 0.179715
-3.78814 -0.157206 0.179295
-3.77646 -0.154327 0.179961
-3.75241 -0.151085 0.181172
-3.71874 -0.14714 0.182505
-3.68109 -0.142231 0.183678
-3.64444 -0.136241 0.184566
-3.61201 -0.129269 0.185335
-3.58618 -0.121575 0.186177
-3.56669 -0.113377 0.186853
-3.54975 -0.104806 0.186932
-3.53123 -0.0959941 0.186234
-3.50842 -0.0870727 0.184792
-3.47861 -0.0780608 0.182853
-3.43987 -0.0688884 0.180923
-3.39266 -0.0595153 0.179361
-3.33772 -0.0499183 0.178083
-3.27378 -0.040049 0.176849
-3.19993 -0.0299525 0.175528
-3.1176 -0.0198901 0.174109
-3.02891 -0.0102417 0.172594
-2.9364 -0.00132315 0.170842
-2.84425 0.00669504 0.168653
-2.75607 0.01384 0.166116
-2.6724 0.0203759 0.163566
-2.59236 0.0266411 0.161189
-2.51525 0.032717 0.158826
-2.43965 0.0383164 0.156161
-2.36466 0.0429948 0.153119
-2.29238 0.0463694 0.150337
-2.22593 0.0481647 0.148377
-2.16601 0.0482357 0.147127
-2.11178 0.0467135 0.14618
-2.06212 0.0440075 0.145391
-2.01434 0.0404386 0.145054
-1.9657 0.036042 0.145108
-1.91717 0.030725 0.145293
-1.87275 0.0243461 0.145453
-1.83664 0.0167195 0.145406
-1.81305 0.00774681 0.144902
-1.80516 -0.00238929 0.143826
-1.81136 -0.0132996 0.142188
-1.82595 -0.0246143 0.140012
-1.84454 -0.0361032 0.13763
-1.86561 -0.047651 0.13551
-1.88796 -0.059222 0.133565
-1.91151 -0.0709286 0.131286
-1.93873 -0.0829093 0.128755
-1.97132 -0.0951432 0.126747
-2.00728 -0.107494 0.125934
-2.04353 -0.119789 0.126148
-2.07832 -0.131782 0.12681
-2.11053 -0.143082 0.127481
-2.14082 -0.153321 0.127937
-2.17308 -0.16235 0.128388
-2.21178 -0.170157 0.128943
-2.25915 -0.176802 0.129332
-2.31555 -0.182471 0.129447
-2.37975 -0.187392 0.129603
-2.44861 -0.191537 0.129986
-2.51923 -0.194553 0.130498
-2.59143 -0.196037 0.131199
-2.66586 -0.195783 0.132168
-2.74161 -0.19378 0.133277
-2.81704 -0.190184 0.134681
-2.88993 -0.185371 0.137263
-2.95622 -0.17989 0.141575
-3.01248 -0.174062 0.14701
-3.05957 -0.167593 0.152742
-3.10156 -0.1599 0.158268
-3.14285 -0.150763 0.16329
-3.18728 -0.140236 0.167761
-3.23631 -0.128336 0.17174
-3.28622 -0.115377 0.175178
-3.3301 -0.102228 0.178119
-3.36293 -0.0896681 0.180763
-3.38258 -0.0776919 0.183113
-3.3888 -0.0658957 0.184737
-3.38511 -0.0541692 0.185261
-3.37859 -0.0425719 0.185085
-3.37486 -0.0308783 0.184941
-3.37518 -0.0189617 0.184903
-3.37777 -0.00750125 0.18455
-3.37864 0.00254873 0.183831
-3.37299 0.010955 0.183137
-3.35895 0.0180438 0.183003
-3.33886 0.0239998 0.183699
-3.3165 0.0289282 0.184784
-3.29549 0.0332866 0.185503
-3.27905 0.0375155 0.185782
-3.26791 0.0413715 0.186179
-3.25947 0.0441917 0.186892
-3.2511 0.0456157 0.187546
-3.24204 0.045695 0.18773
-3.23221 0.0445907 0.187347
-3.22227 0.0425532 0.186548
-3.21422 0.0401327 0.185673
-3.20846 0.0379435 0.184937
-3.20147 0.0360522 0.183911
-3.18839 0.0339127 0.182111
-3.16589 0.0309692 0.179907
-3.13181 0.0270057 0.178024
-3.08594 0.0219466 0.176574
-3.03213 0.0157943 0.17521
-2.97608 0.0089115 0.173683
-2.92168 0.00202144 0.171774
-2.87088 -0.00438245 0.169289
-2.82434 -0.0104832 0.166223
-2.78009 -0.0168462 0.162608
-2.73494 -0.02393 0.158436
-2.68859 -0.0320094 0.154102
-2.64355 -0.0412353 0.150472
-2.60168 -0.0514376 0.147988
-2.56374 -0.0620256 0.145998
-2.52995 -0.0723602 0.143637
-2.4985 -0.0822315 0.140878
-2.46584 -0.0918504 0.138299
-2.42979 -0.101529 0.136336
-2.39036 -0.111539 0.135016
-2.3482 -0.122059 0.134123
-2.30509 -0.133021 0.133631
-2.26435 -0.143978 0.133721
-2.22812 -0.154287 0.134148
-2.19553 -0.16347 0.134047
-2.16511 -0.171329 0.132689
-2.13662 -0.177867 0.130144
-2.11042 -0.183233 0.127064
-2.08777 -0.187674 0.124162
-2.07161 -0.191377 0.121765
-2.06445 -0.194307 0.119674
-2.06676 -0.196213 0.117632
-2.07816 -0.196766 0.115867
-2.09775 -0.195685 0.114808
-2.12301 -0.19285 0.114449
-2.1511 -0.188351 0.114347
-2.18088 -0.182427 0.114428
-2.21222 -0.175381 0.115487
-2.24451 -0.167512 0.118334
-2.277 -0.159015 0.122847
-2.30901 -0.149855 0.128309
-2.33916 -0.139829 0.134216
-2.36647 -0.128727 0.140269
-2.39216 -0.11647 0.146111
-2.41867 -0.103171 0.15115
-2.44804 -0.0891195 0.154655
-2.48244 -0.0747423 0.15624
-2.52388 -0.06049 0.156374
-2.57174 -0.0466499 0.15608
-2.6224 -0.0333291 0.15591
-2.67202 -0.0206042 0.155725
-2.7176 -0.00861825 0.155539
-2.75667 0.00244968 0.155804
-2.78866 0.0123678 0.156863
-2.81522 0.0208324 0.158811
-2.83768 0.0276256 0.161344
-2.85593 0.0327631 0.164158
-2.8698 0.0364148 0.167307
-2.87902 0.0387361 0.170788
-2.8829 0.0397965 0.174464
-2.88252 0.0395181 0.177889
-2.88139 0.0377924 0.180725
-2.88309 0.0346877 0.182674
-2.89008 0.0304523 0.183252
-2.90402 0.0254641 0.18231
-2.92468 0.0201289 0.180026
-2.94921 0.0147113 0.176529
-2.97413 0.00919345 0.172138
-2.99676 0.00334661 0.167501
-3.01455 -0.00304019 0.163255
-3.02552 -0.0100336 0.160003
-3.02952 -0.0175154 0.158201
-3.02758 -0.0251717 0.15775
-3.02026 -0.0325278 0.158139
-3.00801 -0.039138 0.158951
-2.99184 -0.0448581 0.159953
-2.97281 -0.0499297 0.161043
-2.95217 -0.0547679 0.162333
-2.93211 -0.0596049 0.164172
-2.91449 -0.0643968 0.166455
-2.89919 -0.0689691 0.168173
-2.88487 -0.0730619 0.168324
-2.8701 -0.0763567 0.166862
-2.85309 -0.0787043 0.164235
-2.83255 -0.0803424 0.160779
-2.80942 -0.0817619 0.156868
-2.78604 -0.0834086 0.152984
-2.76377 -0.0855241 0.149443
-2.74262 -0.0881638 0.146472
-2.7215 -0.0911774 0.144355
-2.69737 -0.0941892 0.142825
-2.66612 -0.0968662 0.141443
-2.62553 -0.0993011 0.140293
-2.57614 -0.101946 0.139755
-2.52 -0.105109 0.140112
-2.46066 -0.108817 0.141139
-2.40295 -0.11299 0.142606
-2.35071 -0.11739 0.144213
-2.30536 -0.121568 0.145267
-2.26701 -0.125085 0.144987
-2.23543 -0.127744 0.1429
-2.21043 -0.129593 0.139147
-2.19296 -0.130732 0.134541
-2.18526 -0.131232 0.130093
-2.18872 -0.131207 0.126354
-2.20207 -0.130755 0.123479
-2.22235 -0.129792 0.121508
-2.24638 -0.128152 0.120301
-2.27095 -0.125781 0.119951
-2.29378 -0.122605 0.120683
-2.31477 -0.118451 0.122583
-2.33586 -0.113174 0.125437
-2.35954 -0.106835 0.12909
-2.38798 -0.099612 0.134187
-2.42251 -0.0916611 0.140781
-2.463 -0.0831564 0.147851
-2.50804 -0.0741981 0.154189
-2.55615 -0.064661 0.15902
-2.6067 -0.0543843 0.162159
-2.66004 -0.0434374 0.16375
-2.71667 -0.0320281 0.16433
-2.77575 -0.0204398 0.164543
-2.83431 -0.00913284 0.164711
-2.88857 0.0012353 0.164974
-2.93563 0.0101105 0.165623
-2.97364 0.0173212 0.166921
-3.00183 0.0229545 0.168672
-3.02123 0.0271143 0.17047
-3.03455 0.0298792 0.172344
-3.04383 0.0314054 0.17459
-3.04925 0.0317354 0.177171
-3.05073 0.0305697 0.17967
-3.04862 0.0275197 0.181663
-3.04341 0.0224627 0.183034
-3.03644 0.0155248 0.183704
-3.03035 0.00696442 0.183536
-3.02738 -0.00274448 0.182371
-3.02786 -0.0129146 0.179993
-3.03064 -0.0229912 0.176406
-3.03354 -0.0328403 0.17192
-3.03349 -0.0426111 0.16699
-3.0282 -0.0524762 0.162093
-3.01785 -0.062579 0.157706
-3.00375 -0.0729546 0.154069
-2.9868 -0.0832887 0.151233
-2.96807 -0.092893 0.149341
-2.94787 -0.101069 0.148478
-2.92418 -0.107506 0.148286
-2.89417 -0.11228 0.148295
-2.85682 -0.115651 0.148493
-2.81277 -0.117995 0.149084
-2.76371 -0.119692 0.150184
-2.71299 -0.12084 0.1517
-2.66431 -0.121169 0.153063
-2.61922 -0.120306 0.153371
-2.57761 -0.118052 0.152165
-2.53959 -0.114397 0.149722
-2.505 -0.109521 0.146481
-2.4726 -0.103873 0.142699
-2.44156 -0.0980832 0.138834
