-7.74863e-07 6.98926e-16 -0.0451468
-0.000194117 1.43803e-06 -0.0451509
-0.000913291 1.48945e-05 -0.0451734
-0.00212028 6.14875e-05 -0.0452342
-0.00343465 0.00014314 -0.0453441
-0.00482387 0.000228065 -0.0455029
-0.00697174 0.000301514 -0.0457251
-0.0105279 0.000402461 -0.0460537
-0.0150612 0.00059104 -0.0465235
-0.0191554 0.000884422 -0.0471198
-0.0213135 0.00120054 -0.0477673
-0.0210055 0.00138496 -0.0483459
-0.0194136 0.00135611 -0.0487501
-0.0184884 0.00125868 -0.0489534
-0.019098 0.00140054 -0.0489811
-0.0209218 0.00193871 -0.048844
-0.0234744 0.00269427 -0.0485516
-0.0260739 0.00330522 -0.0481795
-0.0275569 0.00347014 -0.0478527
-0.0272698 0.00315195 -0.047666
-0.0255901 0.00263304 -0.047665
-0.0223055 0.00220562 -0.0478165
-0.016355 0.00180721 -0.0479465
-0.00868774 0.00115288 -0.0478468
-0.00246406 0.000218883 -0.0474567
0.000248599 -0.000608452 -0.0468282
-0.000112061 -0.000902143 -0.0460171
-0.00194954 -0.000557863 -0.0451203
-0.00330348 7.49208e-05 -0.0442953
-0.00100332 0.000298507 -0.0436163
0.00741915 -0.000372745 -0.0430318
0.0199469 -0.00168798 -0.0424989
0.0315442 -0.00287885 -0.0420071
0.0388699 -0.00333655 -0.0414952
0.0402088 -0.00304186 -0.0409273
0.0340524 -0.00237859 -0.0404236
0.022656 -0.0017084 -0.0401835
0.0132062 -0.00129971 -0.0403163
0.0119027 -0.0013488 -0.0407794
0.0179712 -0.0018559 -0.0414849
0.0244843 -0.0026691 -0.0423688
0.0258091 -0.00343194 -0.043324
0.022484 -0.00350434 -0.0442169
0.0173338 -0.00255733 -0.0449055
0.0102803 -0.00105394 -0.045208
-0.000303037 0.000281332 -0.0451746
-0.0134941 0.0011338 -0.045236
-0.0261678 0.00173496 -0.0457714
-0.0351604 0.00255191 -0.0468402
-0.0367597 0.00359828 -0.048268
-0.0299778 0.00408169 -0.0496491
-0.0213674 0.00327727 -0.0506461
-0.0201015 0.00182111 -0.0513515
-0.0289579 0.00137178 -0.0519534
-0.0435091 0.00281485 -0.0523233
-0.0579923 0.00541355 -0.0523495
-0.0675517 0.0074209 -0.0521946
-0.0671847 0.0072752 -0.0520643
-0.0549023 0.00501755 -0.0519279
-0.0350037 0.00246571 -0.0516719
-0.0159978 0.00133318 -0.0511042
-0.00572504 0.00165322 -0.0499935
-0.0083781 0.00238984 -0.0484997
-0.0228633 0.00285137 -0.0471333
-0.03949 0.00307909 -0.046236
-0.0453903 0.00322805 -0.0457802
-0.0372218 0.00296004 -0.0457178
-0.0211726 0.00165258 -0.0461221
-0.0037605 -0.000775511 -0.046901
0.0101873 -0.00334243 -0.0476665
0.0146355 -0.00437499 -0.0480177
0.00518205 -0.00295461 -0.0478204
-0.0156125 -2.65139e-05 -0.0473142
-0.0406982 0.00265082 -0.0469673
-0.0630462 0.00418941 -0.0472033
-0.0746511 0.0047521 -0.048189
-0.0687235 0.00478432 -0.0499047
-0.0467494 0.00441225 -0.051733
-0.0206434 0.00359611 -0.0531373
-0.00425273 0.00253563 -0.0535896
-0.0046904 0.00184461 -0.0532498
-0.0214662 0.0028188 -0.0521531
-0.0463455 0.00620763 -0.0504589
-0.069153 0.0103377 -0.0487977
-0.0858716 0.0122694 -0.0475741
-0.0969444 0.010759 -0.0472356
-0.0993998 0.00723957 -0.0486582
-0.0885463 0.00408633 -0.0513905
-0.0692561 0.00252857 -0.0543665
-0.0535602 0.00216758 -0.0571596
-0.0477215 0.00158013 -0.058877
-0.0499025 0.000114933 -0.0593615
-0.0594824 -0.000563114 -0.058558
-0.0774164 0.00172912 -0.0568397
-0.0962926 0.00675279 -0.0548279
-0.104341 0.0116416 -0.0526796
-0.0974532 0.0135103 -0.0508262
-0.0777548 0.0119236 -0.0497868
-0.0446733 0.00872173 -0.049061
-0.000759066 0.00594738 -0.0481901
0.0379151 0.00435058 -0.0464825
0.0571549 0.0034445 -0.0446417
0.0622439 0.0021561 -0.0420508
0.0651195 2.39209e-06 -0.0387484
0.0666574 -0.00239607 -0.0350872
0.0620068 -0.00453468 -0.0318726
0.0545133 -0.00664028 -0.0303947
0.0547862 -0.00917349 -0.0302234
0.0650451 -0.0123182 -0.0310888
0.0760516 -0.0157991 -0.0328744
0.0825634 -0.0192417 -0.0351397
0.0870043 -0.0220768 -0.0375972
0.089976 -0.0233437 -0.0396902
0.0825527 -0.0220991 -0.0410262
0.056794 -0.0178055 -0.0421685
0.0228979 -0.0110099 -0.0428523
-0.00518516 -0.00366234 -0.0433091
-0.0301755 0.00239715 -0.0439287
-0.0644736 0.00700263 -0.0454393
-0.108004 0.011312 -0.0482674
-0.144123 0.016159 -0.0523422
-0.162085 0.0209267 -0.0572165
-0.162619 0.0240096 -0.061744
-0.148669 0.0239741 -0.0658358
-0.130018 0.0211469 -0.0675715
-0.123086 0.0181965 -0.0669553
-0.140095 0.0183442 -0.0674451
-0.17902 0.0226179 -0.0678169
-0.224065 0.0285815 -0.0660598
-0.262755 0.0324625 -0.0635758
-0.290585 0.0321569 -0.060637
-0.299049 0.027879 -0.0596445
-0.280107 0.0214691 -0.0604337
-0.238955 0.0155393 -0.0600123
-0.190512 0.0117785 -0.0606096
-0.147334 0.00942536 -0.0618772
-0.114028 0.00652017 -0.0609635
-0.0885439 0.00234335 -0.0600077
-0.0694715 -0.00185529 -0.0583935
-0.0567205 -0.00402451 -0.0547932
-0.0448816 -0.00327928 -0.0517397
-0.0301412 -0.000261881 -0.0475619
-0.0108562 0.00318759 -0.0425535
0.019252 0.00433911 -0.0383529
0.0596381 0.00172588 -0.0340539
0.103388 -0.00336041 -0.0305535
0.14313 -0.00820166 -0.0280126
0.171094 -0.0108841 -0.027013
0.188134 -0.0114 -0.0261087
0.192819 -0.0115058 -0.0250146
0.181162 -0.0133212 -0.0252107
0.161114 -0.0172686 -0.0253384
0.139656 -0.0216555 -0.0262126
0.119144 -0.0242018 -0.0281739
0.0995438 -0.0241348 -0.0308453
0.0778944 -0.0226708 -0.0344855
0.0577378 -0.0213202 -0.0385149
0.0390539 -0.0204184 -0.0423737
0.0163692 -0.0190051 -0.0464183
-0.00995737 -0.0157587 -0.0495162
-0.0409608 -0.0100937 -0.0522026
-0.0790523 -0.00242967 -0.0543926
-0.123684 0.00626742 -0.0561355
-0.169431 0.0148653 -0.0578316
-0.204186 0.0224186 -0.0591795
-0.21819 0.0286604 -0.0605778
-0.205568 0.033183 -0.0619634
-0.162839 0.0352087 -0.0630257
-0.0917983 0.0345232 -0.0628194
0.00456975 0.0312354 -0.0601742
0.122319 0.0261929 -0.0551953
0.259004 0.0209285 -0.0464052
0.418036 0.0152973 -0.0308888
0.598439 0.0078948 -0.00872909
0.795732 -0.00210157 0.019704
1.01272 -0.0155349 0.0566678
1.25414 -0.0327784 0.105089
1.52371 -0.0539627 0.168654
1.82405 -0.0804223 0.244745
2.1532 -0.112689 0.327815
2.51242 -0.148642 0.414943
2.90671 -0.186332 0.504058
3.33691 -0.225335 0.592095
3.80155 -0.263988 0.68185
4.29487 -0.299302 0.770894
4.8042 -0.328804 0.853343
5.3125 -0.351562 0.93084
5.79264 -0.368048 1.00218
6.2073 -0.378795 1.06242
6.5198 -0.385047 1.11245
6.70154 -0.388656 1.15301
6.73766 -0.390387 1.17838
6.63262 -0.389074 1.1854
6.41204 -0.382952 1.17894
6.10928 -0.37089 1.1647
5.75488 -0.353318 1.14061
5.37304 -0.332628 1.10024
4.98581 -0.309189 1.03156
4.6443 -0.281154 0.930915
4.41853 -0.249215 0.82273
4.34792 -0.217823 0.734262
4.43913 -0.190923 0.641903
4.68736 -0.17183 0.545146
5.03959 -0.172776 0.476784
5.35847 -0.201722 0.422088
5.55599 -0.239954 0.382563
5.62598 -0.276029 0.350182
5.53195 -0.316117 0.31405
5.25587 -0.339032 0.271264
4.79264 -0.314547 0.217941
4.12232 -0.252261 0.152764
3.24684 -0.170944 0.0771693
2.17903 -0.0792327 0.0255594
0.988948 -0.00266226 0.0128558
-0.21825 0.0437342 0.0616347
-1.38102 0.0647455 0.109295
-2.46947 0.0620249 0.147954
-3.51043 0.0429763 0.210558
-4.50218 0.0273113 0.239079
-5.32783 0.0292718 0.221782
-5.95155 0.0599721 0.190723
-6.423 0.119567 0.131435
-6.7096 0.181497 0.0558934
-6.82159 0.219823 0.0037744
-6.88908 0.230784 -0.0274621
-7.01799 0.223652 -0.0436369
-7.22232 0.208157 -0.0445664
-7.46865 0.201231 -0.0483099
-7.74373 0.218629 -0.0571083
-8.06761 0.269085 -0.0524911
-8.435 0.347146 -0.0348878
-8.82422 0.427212 -0.0131531
-9.21622 0.48895 -0.000458388
-9.60485 0.520398 0.00575135
-10.0394 0.517648 0.0175715
-10.5197 0.490422 0.0377329
-10.9581 0.455935 0.0522573
-11.3269 0.433764 0.0566508
-11.6936 0.433091 0.0654702
-12.0744 0.449963 0.0788062
-12.4284 0.472356 0.0843607
-12.7962 0.484531 0.0929766
-13.1763 0.476979 0.108714
-13.5091 0.448282 0.125015
-13.808 0.404278 0.135761
-14.0371 0.363976 0.142651
-14.1596 0.34553 0.145237
-14.2314 0.346845 0.147737
-14.2381 0.359872 0.15062
-14.1523 0.374419 0.152383
-13.998 0.371248 0.154827
-13.7182 0.339247 0.152191
-13.308 0.27858 0.143798
-12.8466 0.197975 0.13915
-12.3417 0.120997 0.129651
-11.8243 0.0677777 0.123009
-11.3492 0.0427909 0.122518
-10.8976 0.0447638 0.118218
-10.4552 0.0611305 0.116256
-10.0618 0.0712287 0.120987
-9.73629 0.0659066 0.128023
-9.43912 0.0445374 0.136324
-9.15128 0.0116941 0.147504
-8.86617 -0.0177799 0.162927
-8.5372 -0.0350576 0.177309
-8.13959 -0.0418366 0.187277
-7.70854 -0.0395824 0.211135
-7.27571 -0.036529 0.274292
-6.83586 -0.0430287 0.35976
-6.38837 -0.0580873 0.435231
-5.94178 -0.0772557 0.497852
-5.5025 -0.0997377 0.564991
-5.06223 -0.124463 0.631926
-4.60236 -0.150601 0.686725
-4.12794 -0.178912 0.724123
-3.64983 -0.2083 0.744685
-3.15371 -0.237248 0.751951
-2.62488 -0.268697 0.749263
-2.07976 -0.307457 0.740107
-1.55132 -0.35791 0.732099
-1.05487 -0.418947 0.739606
-0.585936 -0.479891 0.759337
-0.13954 -0.534597 0.774516
0.287169 -0.588332 0.784882
0.693282 -0.641652 0.797235
1.07421 -0.687301 0.810281
1.43221 -0.724036 0.831455
1.76049 -0.754982 0.863199
2.03441 -0.781864 0.905511
2.24665 -0.803092 0.950248
2.40897 -0.811343 0.987505
2.52146 -0.803392 1.01618
2.58332 -0.785339 1.04158
2.60657 -0.760407 1.06135
2.5991 -0.728679 1.07584
2.56233 -0.694234 1.09179
2.49956 -0.662748 1.10786
2.41453 -0.640955 1.12095
2.31973 -0.630055 1.1266
2.23914 -0.624924 1.12031
2.19037 -0.623554 1.10639
2.18055 -0.62719 1.08749
2.21042 -0.638383 1.06251
2.26977 -0.661326 1.03191
2.34206 -0.699448 0.99495
2.41327 -0.75196 0.954788
2.47663 -0.814808 0.914174
2.53304 -0.882053 0.870649
2.58385 -0.945545 0.824827
2.62044 -1.00014 0.77929
2.62078 -1.04546 0.735338
2.55778 -1.08141 0.696067
2.4099 -1.10533 0.661443
2.16355 -1.11213 0.625414
1.81812 -1.10272 0.588075
1.39467 -1.08277 0.551805
0.930473 -1.05169 0.516669
0.463025 -1.00868 0.477767
0.0162608 -0.960964 0.437735
-0.402264 -0.918736 0.400697
-0.789252 -0.886512 0.359943
-1.13624 -0.862289 0.316437
-1.43152 -0.841243 0.271235
-1.66505 -0.823894 0.231654
-1.83791 -0.82132 0.19883
-1.97239 -0.836361 0.160665
-2.10064 -0.854642 0.114353
-2.24135 -0.866238 0.0764235
-2.39645 -0.867023 0.058459
-2.56211 -0.839766 0.0481023
-2.744 -0.773921 0.0413316
-2.9551 -0.679235 0.0336165
-3.19578 -0.561998 0.0233845
-3.45749 -0.433282 0.0131414
-3.72679 -0.322378 0.00509891
-3.97407 -0.239446 0.0018283
-4.17541 -0.176314 0.00280686
-4.34131 -0.131727 0.00292539
-4.50313 -0.0893711 0.00209027
-4.68135 -0.031937 0.0026922
-4.87548 0.0422972 -0.00105017
-5.08878 0.131257 -0.00927355
-5.31727 0.224896 -0.00947994
-5.53268 0.305148 -0.000863534
-5.72525 0.358517 0.00700556
-5.89595 0.382543 0.0121822
-6.02961 0.38522 0.0151321
-6.12112 0.381267 0.0155601
-6.18144 0.386865 0.0141628
-6.21974 0.410131 0.0114627
-6.24639 0.440257 0.00898527
-6.27884 0.459279 0.00692622
-6.32405 0.45205 0.00381116
-6.37854 0.413262 -0.000487736
-6.44245 0.351814 -0.00511651
-6.51678 0.284281 -0.00742772
-6.60031 0.230165 -0.00773901
-6.68731 0.199309 -0.00867009
-6.77516 0.187449 -0.0105423
-6.86808 0.184362 -0.0121826
-6.96795 0.177631 -0.0126566
-7.07529 0.158426 -0.0118025
-7.18752 0.129121 -0.0107597
-7.29575 0.100072 -0.00952901
-7.39209 0.0821146 -0.00789406
-7.47453 0.0825098 -0.00624556
-7.54192 0.0986962 -0.00484276
-7.58955 0.12065 -0.00433169
-7.61449 0.137759 -0.00418707
-7.6178 0.141732 -0.00425997
-7.59627 0.131797 -0.00482272
-7.54309 0.116931 -0.00558673
-7.46216 0.109653 -0.00652802
-7.3674 0.118511 -0.00744844
-7.2671 0.145422 -0.00805295
-7.15889 0.184298 -0.00852449
-7.03745 0.224833 -0.00906055
-6.89629 0.257807 -0.00949628
-6.72518 0.277635 -0.0100054
-6.52188 0.284975 -0.0104713
-6.29519 0.284849 -0.0105456
-6.0471 0.282587 -0.0106101
-5.77212 0.28131 -0.0105755
-5.47035 0.279556 -0.00983494
-5.14195 0.271668 -0.00797646
-4.78458 0.251503 -0.00488775
-4.41445 0.215379 0.000460114
-4.06978 0.164002 0.00883796
-3.78351 0.103601 0.0182734
-3.57355 0.0441801 0.0294136
-3.44652 -0.0047197 0.0502333
-3.37355 -0.0403429 0.0856805
-3.31804 -0.0650091 0.128444
-3.26087 -0.0816935 0.165596
-3.17139 -0.0947899 0.185882
-3.02198 -0.111929 0.192346
-2.79156 -0.139451 0.196679
-2.47785 -0.181547 0.210373
-2.10081 -0.251956 0.232311
-1.67361 -0.35974 0.249453
-1.21121 -0.494617 0.25547
-0.729499 -0.643824 0.255257
-0.231663 -0.792175 0.259925
0.283598 -0.926163 0.277028
0.811647 -1.038 0.309992
1.33326 -1.11245 0.356378
1.81713 -1.14672 0.402758
2.24533 -1.15037 0.4521
2.62332 -1.1316 0.504913
2.96379 -1.10031 0.558002
3.27234 -1.06133 0.617899
3.5426 -1.02275 0.687139
3.75989 -0.998907 0.75987
3.91321 -0.992371 0.832695
4.00881 -0.992693 0.900792
4.0686 -0.996005 0.963453
4.11272 -1.00514 1.0267
4.15013 -1.02053 1.08614
4.18553 -1.03583 1.14083
4.21848 -1.03938 1.18411
4.24094 -1.02563 1.21187
4.25368 -0.992041 1.22165
4.26483 -0.940419 1.21446
4.28138 -0.882111 1.19607
4.31698 -0.827129 1.17183
4.37616 -0.781948 1.14399
4.43918 -0.755704 1.10871
4.48731 -0.753911 1.06671
4.52137 -0.7755 1.01778
4.54877 -0.819269 0.961268
4.57467 -0.87947 0.900171
4.6014 -0.947284 0.841933
4.62278 -1.01956 0.787176
4.62195 -1.09299 0.732029
4.57256 -1.15728 0.674422
4.44136 -1.19794 0.625462
4.20957 -1.20709 0.57856
3.88989 -1.18699 0.528108
3.502 -1.14196 0.475983
3.05538 -1.07559 0.41972
2.56139 -0.992882 0.37044
2.02889 -0.905734 0.321577
1.46314 -0.831283 0.267274
0.876649 -0.779632 0.215532
0.283977 -0.750653 0.18163
-0.287501 -0.734714 0.165086
-0.802373 -0.718961 0.156761
-1.25539 -0.708003 0.143621
-1.65809 -0.711313 0.111831
-2.00294 -0.710749 0.0628453
-2.27754 -0.683651 0.0150691
-2.4922 -0.631407 -0.0149333
-2.67356 -0.555644 -0.0325715
-2.84272 -0.461267 -0.0414986
-3.00181 -0.367523 -0.0457064
-3.15399 -0.282444 -0.0505931
-3.32162 -0.206044 -0.0561639
-3.51809 -0.140677 -0.0623776
-3.73718 -0.0748421 -0.0648882
-3.98093 0.00740285 -0.0678345
-4.25971 0.10548 -0.0745242
-4.5584 0.218583 -0.076096
-4.8535 0.336377 -0.0711245
-5.14838 0.434573 -0.065509
-5.45312 0.499975 -0.0588709
-5.76108 0.528121 -0.0516904
-6.05093 0.526853 -0.0447779
-6.31046 0.520158 -0.0370589
-6.54177 0.529281 -0.0282865
-6.7415 0.559513 -0.0189541
-6.90248 0.603251 -0.011516
-7.02951 0.640352 -0.00506265
-7.13207 0.651595 -0.000918897
-7.19659 0.632971 -0.00209997
-7.20605 0.589313 -0.00602262
-7.15566 0.537887 -0.0102555
-7.036 0.497935 -0.0159236
-6.86011 0.471232 -0.0220212
-6.663 0.450772 -0.0276729
-6.46112 0.424703 -0.0331528
-6.26236 0.376375 -0.0374565
-6.08704 0.302134 -0.0404475
-5.94724 0.213859 -0.0417212
-5.83077 0.12594 -0.041755
-5.73335 0.0527427 -0.0402616
-5.66697 0.0038689 -0.0376074
-5.61714 -0.0226872 -0.0336538
-5.56039 -0.0356967 -0.0284937
-5.49776 -0.0473263 -0.0216009
-5.42158 -0.0675905 -0.0126331
-5.31072 -0.0947809 -0.00171877
-5.15954 -0.120488 0.0103803
-4.96716 -0.13598 0.023202
-4.7172 -0.135912 0.0292177
-4.39696 -0.12017 0.027242
-4.02235 -0.0942013 0.0250341
-3.61539 -0.0699357 0.0244704
-3.1849 -0.0590411 0.0252292
-2.74693 -0.0646708 0.0288573
-2.32166 -0.0805709 0.0365679
-1.91261 -0.0985115 0.0509387
-1.5176 -0.10941 0.0742135
-1.14421 -0.10162 0.100831
-0.802898 -0.0724432 0.12936
-0.495765 -0.0316236 0.162567
-0.219751 0.0107273 0.202817
0.0294185 0.0456704 0.250098
0.259236 0.0650457 0.304908
0.473377 0.0680822 0.363746
0.668116 0.0574378 0.423246
0.842225 0.0346436 0.480289
1.00089 0.00280447 0.531091
1.15079 -0.03366 0.578451
1.2952 -0.0704374 0.621634
1.42829 -0.106065 0.657949
1.54017 -0.1408 0.687809
1.63293 -0.171188 0.711354
1.71905 -0.193523 0.727916
1.81133 -0.210172 0.737977
1.92169 -0.228054 0.7438
2.05294 -0.250653 0.746084
2.19367 -0.276297 0.743815
2.32631 -0.303732 0.737332
2.43449 -0.335042 0.727533
2.50832 -0.373098 0.714992
2.54731 -0.416566 0.70028
2.55797 -0.460214 0.684549
2.54454 -0.49901 0.66924
2.50072 -0.528883 0.653308
2.41669 -0.545233 0.635078
2.29089 -0.544482 0.612484
2.12928 -0.525742 0.586033
1.93942 -0.490867 0.559513
1.73096 -0.443654 0.53327
1.5145 -0.388215 0.505421
1.29346 -0.32904 0.474034
1.06659 -0.271301 0.438011
0.842424 -0.218897 0.397176
0.636329 -0.175216 0.35341
0.453928 -0.145397 0.309233
0.292091 -0.133799 0.266778
0.146156 -0.142258 0.224499
0.00410767 -0.167953 0.180202
-0.150677 -0.201098 0.142383
-0.325484 -0.235129 0.108334
-0.525178 -0.266831 0.0773821
-0.760676 -0.287017 0.0520986
-1.03681 -0.286607 0.0309795
-1.34891 -0.264812 0.0130084
-1.69055 -0.231983 -0.00163392
-2.0559 -0.202273 -0.00997973
-2.43554 -0.188652 -0.0139419
-2.81142 -0.195596 -0.0145675
-3.16462 -0.212873 -0.0140658
-3.48364 -0.230892 -0.0136599
-3.75763 -0.245022 -0.0155593
-3.97671 -0.24438 -0.018751
-4.14586 -0.223423 -0.0235848
-4.28701 -0.192011 -0.0292786
-4.42087 -0.161112 -0.0342276
-4.55353 -0.13765 -0.0381518
-4.68491 -0.123861 -0.0413788
-4.81814 -0.112861 -0.0435815
-4.94977 -0.0953798 -0.044904
-5.06565 -0.0659031 -0.0460735
-5.15648 -0.0215062 -0.0476835
-5.22528 0.0313525 -0.0490729
-5.27734 0.0798625 -0.0495358
-5.31196 0.117226 -0.04948
-5.32819 0.140722 -0.049437
-5.3342 0.153729 -0.0492198
-5.33847 0.166356 -0.0486198
-5.33685 0.186645 -0.0477652
-5.32483 0.218106 -0.0467991
-5.30822 0.257729 -0.045294
-5.28789 0.296137 -0.043056
-5.25651 0.324037 -0.0405611
-5.21374 0.337072 -0.0380985
-5.15901 0.336144 -0.0356058
-5.08097 0.32772 -0.0331992
-4.97297 0.320367 -0.0312216
-4.83903 0.318461 -0.0297292
-4.68155 0.319885 -0.0284971
-4.50162 0.317693 -0.0278402
-4.30505 0.304418 -0.028005
-4.09672 0.276489 -0.0283274
-3.87656 0.236217 -0.0279565
-3.64725 0.191099 -0.0266391
-3.41636 0.150672 -0.0244528
-3.18781 0.120096 -0.0212494
-2.9607 0.0975498 -0.017038
-2.73791 0.0768758 -0.0117545
-2.52559 0.0510736 -0.00463063
-2.32528 0.0165773 0.00534027
-2.1371 -0.0249691 0.0183225
-1.96263 -0.0682188 0.0344054
-1.79796 -0.107314 0.0542013
-1.63588 -0.138727 0.0771993
-1.47492 -0.161537 0.101222
-1.31848 -0.177123 0.124209
-1.16732 -0.188939 0.144471
-1.01781 -0.201227 0.160794
-0.866423 -0.216906 0.173126
-0.712242 -0.236905 0.182547
-0.557451 -0.260608 0.190217
-0.406392 -0.285581 0.197174
-0.263947 -0.308984 0.20361
-0.133342 -0.328864 0.208822
-0.0153889 -0.343294 0.213613
0.0881794 -0.350853 0.218993
0.173684 -0.351669 0.224742
0.238401 -0.346821 0.230368
0.284103 -0.337896 0.236115
0.317075 -0.32767 0.243146
0.342412 -0.319075 0.252124
0.361957 -0.313283 0.262186
0.377137 -0.310332 0.272324
0.387181 -0.310221 0.28225
0.387989 -0.312347 0.291478
0.376328 -0.315191 0.299488
0.350855 -0.31701 0.305529
0.310164 -0.316503 0.308397
0.25448 -0.312959 0.307489
0.187305 -0.306156 0.303022
0.112768 -0.296524 0.295124
0.0339207 -0.285058 0.283946
-0.045751 -0.272936 0.269671
-0.122778 -0.26152 0.252041
-0.1968 -0.253023 0.231375
-0.269775 -0.250388 0.208827
-0.343698 -0.254982 0.184404
-0.422686 -0.264646 0.160286
-0.512264 -0.275401 0.13773
-0.614968 -0.283587 0.11597
-0.730001 -0.284144 0.0956884
-0.856512 -0.272339 0.0776889
-0.995802 -0.24861 0.0619991
-1.14971 -0.216934 0.0476328
-1.31847 -0.181877 0.0349717
-1.49952 -0.149575 0.0246841
-1.68551 -0.124516 0.0173021
-1.86667 -0.105236 0.012561
-2.03739 -0.0873519 0.00922515
-2.19726 -0.0661878 0.00623983
-2.3468 -0.037639 0.0032977
-2.48482 -0.00185527 -9.62919e-06
-2.61021 0.0362145 -0.00404391
-2.72383 0.0708104 -0.00833454
-2.82676 0.0978309 -0.0124099
-2.91851 0.116601 -0.0164289
-2.99685 0.130632 -0.020634
-3.05919 0.144372 -0.0248286
-3.10512 0.160673 -0.0287338
-3.13749 0.179778 -0.032225
-3.16227 0.198288 -0.0349239
-3.18594 0.211469 -0.0366316
-3.21233 0.216275 -0.037674
-3.24242 0.212444 -0.03815
-3.27559 0.202868 -0.0379844
-3.30974 0.192032 -0.0372091
-3.34146 0.183189 -0.0360084
-3.36763 0.176802 -0.0345003
-3.38611 0.17007 -0.0324715
-3.39435 0.158406 -0.0299046
-3.38928 0.138733 -0.0271751
-3.36979 0.111208 -0.0245295
-3.33663 0.0790332 -0.0220256
-3.2893 0.0471112 -0.0199595
-3.22567 0.0193579 -0.0186431
-3.14473 -0.00330719 -0.017954
-3.048 -0.0229485 -0.0175603
-2.93988 -0.0431437 -0.0172929
-2.82709 -0.0664764 -0.0168391
-2.71568 -0.0927596 -0.0158047
-2.60781 -0.119313 -0.0140951
-2.50234 -0.142432 -0.0117494
-2.39784 -0.15923 -0.00868676
-2.29434 -0.168905 -0.00499258
-2.19335 -0.172807 -0.000828968
-2.09729 -0.173718 0.00405494
-2.00871 -0.174461 0.010281
-1.92909 -0.176254 0.0181775
-1.858 -0.178259 0.0277038
-1.79363 -0.178441 0.0380164
-1.73321 -0.174874 0.0474873
-1.67321 -0.167109 0.05536
-1.61078 -0.156406 0.0618992
-1.54581 -0.145005 0.0673677
-1.48032 -0.135489 0.0714553
-1.41563 -0.129803 0.0737781
-1.35214 -0.128325 0.0746455
-1.29098 -0.129808 0.0742575
-1.23287 -0.131907 0.0727588
-1.17804 -0.132032 0.0708646
-1.1288 -0.128524 0.0690635
-1.08808 -0.121438 0.0677689
-1.05609 -0.112223 0.0674055
-1.03213 -0.102912 0.0680496
-1.01641 -0.0953425 0.0695703
-1.00756 -0.0904924 0.0718033
-1.00291 -0.0880835 0.0748486
-1.00259 -0.0867074 0.0787547
-1.00867 -0.0844552 0.0831901
-1.0211 -0.0797588 0.0878341
-1.03838 -0.0721226 0.0924227
-1.05937 -0.0623897 0.0966341
-1.08193 -0.0523769 0.10013
-1.1043 -0.0439945 0.102323
-1.12766 -0.038486 0.102529
-1.1529 -0.0361293 0.10022
-1.17717 -0.0362224 0.0954551
-1.19697 -0.0374119 0.0890445
-1.21135 -0.0382789 0.0819397
-1.22119 -0.0378687 0.0744596
-1.22962 -0.0360251 0.0666769
-1.24292 -0.0334643 0.0589702
-1.2672 -0.0313987 0.0519065
-1.3053 -0.0307777 0.0455514
-1.35869 -0.0317189 0.0399408
-1.42849 -0.0334467 0.0352808
-1.51302 -0.0345827 0.0314503
-1.60796 -0.0337886 0.0282491
-1.70875 -0.0305507 0.0257042
-1.81057 -0.0255251 0.0238534
-1.90813 -0.0203553 0.0221635
-1.9968 -0.017182 0.02003
-2.07321 -0.0177155 0.0172651
-2.1354 -0.0223 0.0138607
-2.18315 -0.0297024 0.00986223
-2.21826 -0.037659 0.00551495
-2.24413 -0.0439026 0.00111499
-2.26477 -0.0471681 -0.00315794
-2.28407 -0.0476792 -0.00706117
-2.30555 -0.0468247 -0.0101889
-2.33185 -0.0462183 -0.0124016
-2.36415 -0.0467863 -0.013843
-2.40222 -0.0484056 -0.0145671
-2.44499 -0.0500899 -0.0145469
-2.49068 -0.0505143 -0.0139172
-2.53653 -0.0487601 -0.0128202
-2.57976 -0.0448425 -0.0112964
-2.61813 -0.0397215 -0.00954057
-2.64843 -0.0348321 -0.00795743
-2.6668 -0.0313509 -0.006784
-2.67132 -0.0296659 -0.00605798
-2.6621 -0.0293464 -0.00588309
-2.64017 -0.0295019 -0.00628183
-2.60884 -0.0292891 -0.00706707
-2.57408 -0.0283239 -0.00804904
-2.54114 -0.0267717 -0.00907873
-2.513 -0.0250781 -0.00991641
-2.49193 -0.0235882 -0.0103476
-2.47885 -0.0222714 -0.0103711
-2.47177 -0.0207577 -0.0100429
-2.46753 -0.0186641 -0.00937949
-2.46327 -0.0158671 -0.00847482
-2.45527 -0.0126435 -0.00746386
-2.44004 -0.00957251 -0.00636721
-2.41684 -0.00714789 -0.00520358
-2.38584 -0.00545979 -0.00411199
-2.34587 -0.00418624 -0.00316904
-2.29651 -0.00280413 -0.00226756
-2.23984 -0.00091409 -0.00125637
-2.1787 0.00147865 -1.45646e-05
-2.11649 0.00398012 0.00159377
-2.0575 0.00607845 0.00360649
-2.00378 0.00744344 0.00594212
-1.95364 0.00814524 0.00859288
-1.90565 0.00865455 0.0116874
-1.86073 0.00954899 0.0152473
-1.81949 0.011142 0.0192118
-1.78157 0.0132321 0.0236299
-1.74702 0.0150663 0.0285932
-1.71492 0.0156854 0.0335656
-1.68266 0.0144608 0.0377333
-1.6487 0.0112602 0.0407801
-1.61322 0.00636805 0.0427606
-1.57612 0.000460016 0.0440968
-1.53743 -0.00574976 0.0452437
-1.49922 -0.0118717 0.0464297
-1.46486 -0.0178758 0.0475232
-1.43721 -0.0240816 0.0482859
-1.41881 -0.0309535 0.0485911
-1.41167 -0.0386877 0.0484468
-1.41513 -0.0470217 0.0479816
-1.42612 -0.0553783 0.0473537
-1.44228 -0.0631073 0.0468771
-1.46268 -0.069802 0.0468822
-1.48602 -0.0754922 0.0472065
-1.51059 -0.0805639 0.0471838
-1.53499 -0.085673 0.0463757
-1.55709 -0.0914987 0.0447365
-1.57474 -0.0983295 0.0424268
-1.58836 -0.105886 0.0397178
-1.60057 -0.113445 0.0369982
-1.61328 -0.12012 0.0345124
-1.62746 -0.125174 0.0322328
-1.64433 -0.128271 0.0301508
-1.66477 -0.129568 0.0281637
-1.68968 -0.129581 0.0261047
-1.72126 -0.128897 0.0240088
-1.76125 -0.12788 0.0221384
-1.80871 -0.126505 0.0207042
-1.86155 -0.124359 0.0197141
-1.91814 -0.120842 0.0189914
-1.97596 -0.11551 0.0181974
-2.0308 -0.108437 0.0169004
-2.0788 -0.100354 0.0147267
-2.1177 -0.0923832 0.0118943
-2.14666 -0.0854842 0.00895217
-2.16714 -0.0799279 0.00607266
-2.18326 -0.0751786 0.00329013
-2.19933 -0.0701499 0.000717857
-2.2177 -0.0636264 -0.00157267
-2.23914 -0.0549285 -0.00361556
-2.26309 -0.0443129 -0.00539266
-2.28745 -0.032741 -0.00679551
-2.30995 -0.0214515 -0.00771736
-2.32942 -0.0115401 -0.00809851
-2.34552 -0.00353902 -0.0079775
-2.35834 0.00283935 -0.00746357
-2.36875 0.0085875 -0.00666239
-2.37801 0.0147573 -0.00563181
-2.38662 0.021718 -0.00446745
-2.39491 0.0291235 -0.00334065
-2.40352 0.0362496 -0.0023812
-2.4117 0.0420618 -0.00161529
-2.41651 0.0455589 -0.0010271
-2.41552 0.0464018 -0.000598965
-2.40904 0.0451357 -0.000333926
-2.39886 0.0428999 -0.000319718
-2.38666 0.0407776 -0.000748228
-2.37397 0.0392823 -0.0016573
-2.36175 0.0383334 -0.00273865
-2.35022 0.0373981 -0.0036545
-2.34049 0.0357266 -0.00430292
-2.33462 0.0328124 -0.00471305
-2.33305 0.028797 -0.00485962
-2.3338 0.0244601 -0.00471133
-2.33456 0.020777 -0.00435767
-2.3333 0.0184777 -0.00391882
-2.32766 0.0178295 -0.00348511
-2.31575 0.0184074 -0.00312031
-2.29646 0.0190896 -0.00276718
-2.2689 0.0186458 -0.00224183
-2.23346 0.0164649 -0.00144945
-2.19307 0.012841 -0.000428477
-2.15128 0.00875697 0.000779735
-2.10998 0.00533939 0.00215783
-2.07029 0.00336429 0.00370008
-2.03386 0.00295558 0.00548611
-2.00182 0.00341697 0.00763203
-1.97396 0.00344761 0.0101209
-1.94963 0.00175639 0.0129113
-1.92813 -0.0023448 0.0160517
-1.90838 -0.00864917 0.0193911
-1.88922 -0.0162058 0.0223463
-1.86968 -0.023907 0.0243798
-1.8484 -0.0311059 0.0255015
-1.8238 -0.037939 0.0261123
-1.79552 -0.0452361 0.0265172
-1.76475 -0.0540165 0.0267945
-1.73275 -0.0649266 0.0269168
-1.70042 -0.0778995 0.0268497
-1.66906 -0.0921111 0.0267128
-1.64032 -0.106241 0.0267513
-1.61572 -0.118915 0.0270957
-1.5968 -0.129189 0.0276952
-1.58466 -0.136918 0.0286383
-1.5792 -0.14276 0.0302162
-1.57997 -0.147661 0.0325453
-1.58751 -0.152292 0.0353455
-1.60224 -0.156777 0.0381562
-1.62309 -0.160657 0.0406094
-1.64807 -0.163101 0.0424786
-1.67521 -0.163343 0.0436943
-1.70219 -0.161027 0.0442279
-1.72645 -0.156364 0.0437413
-1.74604 -0.150171 0.0417898
-1.75953 -0.143588 0.0385118
-1.76599 -0.137466 0.0344727
-1.7661 -0.131903 0.0299597
-1.76198 -0.126269 0.0251731
-1.7553 -0.119553 0.020661
-1.74722 -0.110811 0.0168723
-1.74052 -0.0995511 0.0138945
-1.73952 -0.0859038 0.0117069
-1.74809 -0.0705281 0.0103118
-1.76871 -0.0543043 0.00966635
-1.80173 -0.0380146 0.00975225
-1.84434 -0.0221273 0.0106563
-1.89193 -0.00673661 0.0123076
-1.94041 0.00820007 0.0143431
-1.98608 0.0224323 0.0164139
-2.02523 0.0352246 0.0183195
-2.05551 0.0456269 0.0196721
-2.07644 0.0529279 0.019969
-2.08807 0.0570097 0.0188167
-2.0905 0.0583595 0.0163225
-2.08442 0.0577226 0.0129739
-2.07118 0.0557818 0.0092021
-2.05329 0.0528387 0.00561764
-2.03519 0.0487097 0.00255218
-2.0225 0.0430749 0.000128433
-2.01975 0.0359074 -0.00153377
-2.02891 0.0277222 -0.00239625
-2.04963 0.0195216 -0.00248752
-2.08018 0.0124157 -0.00186519
-2.11786 0.0070834 -0.000570803
-2.15939 0.00340839 0.00124387
-2.20098 0.000470875 0.00338439
-2.23796 -0.0030456 0.0055887
-2.26553 -0.00812858 0.00749417
-2.28044 -0.0148491 0.00872711
-2.28178 -0.022317 0.00900293
-2.2705 -0.0292 0.00831777
-2.24895 -0.034403 0.00692336
-2.22016 -0.0375592 0.00506802
-2.18679 -0.039149 0.00301297
-2.15099 -0.0401519 0.00106565
-2.11559 -0.0414347 -0.00045078
-2.08412 -0.0431861 -0.00133901
-2.05894 -0.0447519 -0.00156845
-2.04037 -0.0450484 -0.00119328
-2.02709 -0.0431964 -0.000221237
-2.01694 -0.0389919 0.00137525
-2.0082 -0.0331041 0.00363703
-2.00121 -0.0268569 0.00655663
-1.99754 -0.0216851 0.0100007
-1.9971 -0.0185655 0.0136691
-1.9969 -0.0176432 0.0171881
-1.99256 -0.0183348 0.0202376
-1.98002 -0.0198378 0.0223225
-1.9565 -0.0216693 0.0232036
-1.92157 -0.0240109 0.0231468
-1.8774 -0.0276458 0.0225454
-1.82768 -0.0334938 0.0218045
-1.77636 -0.041999 0.0210343
-1.72741 -0.0527897 0.0203395
-1.6844 -0.0648115 0.0199588
-1.65008 -0.0766253 0.020132
-1.62679 -0.0868427 0.02094
-1.61653 -0.0946472 0.0223341
-1.61987 -0.100026 0.0243639
-1.63585 -0.10368 0.027167
-1.66284 -0.106608 0.0307011
-1.69831 -0.10953 0.034503
-1.73811 -0.112604 0.0379061
-1.77717 -0.115532 0.0403283
-1.81091 -0.117757 0.0412491
-1.83597 -0.118769 0.0406284
-1.8508 -0.118404 0.0386866
-1.8564 -0.11681 0.035476
-1.85533 -0.114289 0.0310614
-1.84989 -0.111097 0.0257984
-1.84218 -0.107209 0.0204828
-1.83528 -0.102249 0.0156153
-1.83253 -0.0955714 0.0114714
-1.83675 -0.0864963 0.00820596
-1.85035 -0.0746606 0.00574444
-1.87447 -0.0602096 0.0040411
-1.90814 -0.0437513 0.00320771
-1.94918 -0.0261915 0.00334878
-1.99518 -0.00842955 0.00430056
-2.04251 0.00878783 0.0057579
-2.08661 0.0248088 0.0074463
-2.12399 0.0390636 0.00916503
-2.15282 0.0511226 0.0107
-2.17198 0.0607658 0.0117221
-2.18132 0.0679611 0.0118867
-2.18182 0.0727481 0.0110587
-2.17456 0.0751903 0.0093621
-2.16091 0.0753927 0.00708772
-2.14349 0.0734368 0.00460717
-2.12581 0.0693088 0.00221014
-2.11092 0.0629428 0.000178801
-2.10122 0.0543834 -0.00131121
-2.09866 0.0439612 -0.00219663
-2.10425 0.0323182 -0.00245749
-2.11764 0.0202675 -0.002151
-2.13736 0.00859347 -0.0013441
-2.16064 -0.00223875 -0.000105976
-2.18388 -0.0123401 0.00149184
-2.20424 -0.0223055 0.00332727
-2.22028 -0.0328022 0.00523137
-2.23084 -0.0441034 0.00692682
-2.23431 -0.055863 0.00811264
-2.22928 -0.0672469 0.00859898
-2.21512 -0.0772463 0.00839768
-2.19166 -0.0850607 0.00764489
-2.15924 -0.0904694 0.00652738
-2.11905 -0.0938926 0.0053191
-2.0728 -0.0960457 0.004302
-2.02283 -0.0974981 0.00371287
-1.97271 -0.0983735 0.00371242
-1.92644 -0.0982401 0.00436201
-1.88682 -0.0962947 0.00565935
-1.85503 -0.0917844 0.00762257
-1.83143 -0.0844095 0.0103131
-1.81586 -0.0745399 0.0137872
-1.80687 -0.0631517 0.0180013
-1.80155 -0.0515777 0.0227437
