-1.90787e-07 1.30778e-07 -0.0173672
0.0387956 2.41919e-05 -0.00804238
0.0882637 4.14913e-05 0.00993254
0.136255 1.97877e-05 0.0277074
0.178124 7.3956e-06 0.0447049
0.218483 1.08536e-05 0.0615713
0.25735 1.14619e-05 0.0782209
0.295163 1.17982e-05 0.0946673
0.33203 1.19522e-05 0.110911
0.36812 1.14625e-05 0.126967
0.403916 1.12867e-05 0.142928
0.439429 1.11457e-05 0.158815
0.47483 1.04794e-05 0.17471
0.510351 9.29744e-06 0.190809
0.546873 5.26124e-06 0.207789
0.586903 -1.40659e-06 0.227601
0.633569 3.74267e-07 0.252558
0.682878 1.04686e-05 0.279961
0.732495 2.24268e-05 0.307888
0.784124 3.28029e-05 0.336617
0.749475 3.24268e-05 0.320407
0.714702 3.18899e-05 0.304151
0.679686 3.12882e-05 0.287829
0.644548 3.07822e-05 0.271433
0.609303 2.99404e-05 0.254988
0.573853 2.89106e-05 0.238478
0.538269 2.75486e-05 0.221881
0.502338 2.74645e-05 0.205126
0.46596 2.98179e-05 0.188222
0.42927 3.74496e-05 0.171135
0.391878 4.58562e-05 0.153895
0.354225 5.58795e-05 0.136572
0.316117 6.50808e-05 0.119169
0.277089 6.89317e-05 0.101706
0.235021 6.67732e-05 0.0834416
0.185827 7.36676e-05 0.0628029
0.134648 7.58815e-05 0.041939
0.0898135 7.97266e-05 0.0244837
0.0430929 0.00012437 0.00603124
0.00296553 0.000144069 -0.00728274
-0.0315604 0.000124313 -0.0119767
-0.0740615 9.82561e-05 -0.0099728
-0.114787 7.36526e-05 -0.00272663
-0.1534 4.5494e-05 0.00348796
-0.191351 1.98703e-05 0.00896459
-0.224807 3.87512e-05 0.0166814
-0.256329 4.80823e-05 0.0266405
-0.287028 4.51119e-05 0.0375661
-0.317402 4.23456e-05 0.0485341
-0.347502 3.95987e-05 0.0594898
-0.37744 3.60827e-05 0.0702749
-0.407245 3.02279e-05 0.0804846
-0.437101 2.04217e-05 0.0887745
-0.467283 1.42244e-05 0.0920656
-0.497391 2.02665e-05 0.0902466
-0.526804 3.07118e-05 0.0865514
-0.556069 4.12628e-05 0.0815557
-0.586524 4.90416e-05 0.0745534
-0.618945 5.2802e-05 0.065316
-0.58985 5.3878e-05 0.0539793
-0.560654 5.5053e-05 0.042767
-0.531364 5.61028e-05 0.0316414
-0.50201 5.69253e-05 0.0206212
-0.472644 5.88551e-05 0.00944328
-0.442872 4.41782e-05 -0.000732165
-0.412821 2.38709e-05 -0.010357
-0.382632 2.76343e-06 -0.0188119
-0.351334 -3.1123e-06 -0.0260743
-0.318281 1.68092e-05 -0.0316696
-0.285335 3.79494e-05 -0.0363402
-0.252121 6.03768e-05 -0.040142
-0.218294 8.26218e-05 -0.0435147
-0.183362 0.000106515 -0.0461459
-0.146549 0.000132607 -0.0478375
-0.106681 0.000162501 -0.048154
-0.0629211 0.000182833 -0.0455706
-0.028979 0.000224177 -0.0391792
0.00383673 0.000263025 -0.0289876
0.0460907 0.000285049 -0.0137729
0.0880668 0.000282444 0.00162639
0.12586 0.00025063 0.0165769
0.167861 0.000219668 0.0342393
0.213053 0.000200364 0.0541678
0.256966 0.0001803 0.0745728
0.299559 0.000158569 0.0947891
0.339643 0.000128925 0.114026
0.378488 0.000100818 0.133272
0.416095 7.49783e-05 0.15235
0.452916 5.10798e-05 0.171286
0.48901 2.85872e-05 0.190093
0.525076 5.475e-05 0.206961
0.561213 7.44086e-05 0.223846
0.597851 7.15939e-05 0.241492
0.634996 6.91833e-05 0.259627
0.673041 6.67467e-05 0.278525
0.712619 6.52624e-05 0.298607
0.754641 6.52557e-05 0.320393
0.800416 6.69029e-05 0.344496
0.851481 6.90162e-05 0.371142
0.907329 7.00127e-05 0.400096
0.966418 6.96445e-05 0.430356
1.02798 6.83869e-05 0.461423
1.09132 6.67115e-05 0.492965
1.15605 6.39408e-05 0.524778
1.22219 6.01419e-05 0.556915
1.29021 5.49579e-05 0.589497
1.35983 4.89259e-05 0.622419
1.42967 4.20249e-05 0.655343
1.49919 3.43157e-05 0.688251
1.56922 2.64303e-05 0.721254
1.63887 1.78416e-05 0.754001
1.70892 1.05888e-05 0.786675
1.78083 5.2973e-06 0.819688
1.85666 4.29237e-07 0.853715
1.93592 -3.29157e-06 0.888599
2.01758 -5.79442e-06 0.924106
2.10134 -7.58373e-06 0.960178
2.18738 -9.85827e-06 0.99699
2.15141 -8.45374e-06 0.980751
2.11538 -5.44712e-06 0.964437
2.07957 -8.86293e-06 0.948388
2.04388 -2.43743e-05 0.932783
2.0081 -4.75698e-05 0.917492
1.97248 -5.95138e-05 0.901528
1.93732 -4.27715e-05 0.883845
1.90203 -2.64954e-05 0.866078
1.86682 -9.99795e-06 0.848306
1.8315 6.32193e-06 0.830451
1.79622 2.24201e-05 0.812543
1.76082 3.80814e-05 0.79455
1.72523 5.35767e-05 0.776417
1.68938 6.88907e-05 0.758095
1.65321 8.40138e-05 0.739538
1.61691 9.80816e-05 0.720898
1.58025 0.00011155 0.702067
1.54313 0.000124704 0.682965
1.50545 0.000137351 0.66353
1.46722 0.000149395 0.643739
1.42824 0.000160883 0.623554
1.38818 0.0001718 0.602884
1.34613 0.000179614 0.581046
1.3008 0.000179425 0.557272
1.25235 0.0001782 0.531938
1.20022 0.000178396 0.504761
1.14517 0.00017944 0.476354
1.08765 0.000180986 0.447138
1.02795 0.000183342 0.41747
0.965712 0.000186981 0.387567
0.900807 0.000191993 0.357862
0.836131 0.000194802 0.329746
0.777294 0.000185432 0.306079
0.724794 0.00015889 0.288573
0.674865 0.000131585 0.278713
0.625444 0.000111271 0.27248
0.579898 9.92616e-05 0.268971
0.537832 9.17857e-05 0.266993
0.498057 8.51279e-05 0.265204
0.459804 7.90775e-05 0.263405
0.422271 7.31075e-05 0.261394
0.384128 6.6698e-05 0.258802
0.341855 5.82658e-05 0.255056
0.293048 4.58816e-05 0.249388
0.240072 3.19668e-05 0.242086
0.184954 1.85955e-05 0.233657
0.129418 6.82017e-06 0.224365
0.0739346 -3.34481e-06 0.214445
0.0186722 -1.21114e-05 0.204103
-0.036281 -1.97088e-05 0.193418
-0.0910517 -2.63304e-05 0.182439
-0.145945 -3.22434e-05 0.171248
-0.201282 -3.76167e-05 0.159872
-0.256607 -4.24673e-05 0.148202
-0.31191 -4.68845e-05 0.136202
-0.367158 -5.08823e-05 0.123892
-0.423882 -5.51086e-05 0.112301
-0.481583 -6.02752e-05 0.103106
-0.535936 -6.61507e-05 0.0952793
-0.579198 -7.32189e-05 0.0907878
-0.614067 -4.33283e-05 0.08654
-0.647027 -2.47852e-05 0.081449
-0.677896 -2.18858e-05 0.0758912
-0.709884 -1.94304e-05 0.0699183
-0.743636 -1.75664e-05 0.0635569
-0.779647 -1.72074e-05 0.0570572
-0.817217 -1.72615e-05 0.0500781
-0.856761 -1.71401e-05 0.0428258
-0.899163 -1.70317e-05 0.0361431
-0.943947 -1.78007e-05 0.0296281
-0.990775 -1.87509e-05 0.0233145
-1.03946 -1.98902e-05 0.017272
-1.08972 -2.12867e-05 0.0115679
-1.14303 -2.49357e-05 0.00614715
-1.19871 -2.88249e-05 0.00111877
-1.25673 -3.33762e-05 -0.00361207
-1.31613 -3.79429e-05 -0.00818056
-1.37613 -4.20373e-05 -0.0124339
-1.43632 -4.55225e-05 -0.0163945
-1.40791 -6.27986e-05 -0.0232164
-1.37879 -6.97887e-05 -0.0292339
-1.3478 -5.19804e-05 -0.0341375
-1.31701 -3.39279e-05 -0.0387601
-1.28656 -1.61357e-05 -0.0434693
-1.25633 1.42819e-06 -0.0480232
-1.22618 1.88127e-05 -0.0523449
-1.19601 3.5553e-05 -0.0565583
-1.16608 5.1886e-05 -0.0607131
-1.13616 6.80095e-05 -0.0645806
-1.1064 8.37189e-05 -0.0683721
-1.07657 9.91409e-05 -0.0719196
-1.04685 0.000113733 -0.0754417
-1.01721 0.000127673 -0.0788369
-0.98758 0.000141113 -0.0821907
-0.957892 0.000153866 -0.0853997
-0.928095 0.000165999 -0.0884279
-0.898411 0.000177752 -0.0912336
-0.868617 0.000188853 -0.0939226
-0.838627 0.000199101 -0.0964596
-0.805665 0.000203562 -0.0980652
-0.770759 0.000204666 -0.0989541
-0.73505 0.00020541 -0.0995562
-0.698089 0.000205943 -0.0999186
-0.658957 0.000207122 -0.0999533
-0.617974 0.000209503 -0.099557
-0.575652 0.000212644 -0.0985658
-0.532037 0.000216199 -0.0966676
-0.487028 0.00022023 -0.0938622
-0.440695 0.000223995 -0.090037
-0.393829 0.000225801 -0.0849081
-0.345978 0.000228683 -0.0788198
-0.297962 0.000230075 -0.0717831
-0.249956 0.000228695 -0.0631604
-0.200738 0.000219332 -0.0533603
-0.148795 0.000206547 -0.0426349
-0.0953572 0.000190494 -0.0315876
-0.0404547 0.000173678 -0.0205079
0.0158541 0.000159683 -0.00948818
0.0766839 0.000144953 0.00366143
0.136075 0.000131259 0.0210106
0.194367 0.000118413 0.0394996
0.253016 0.000105437 0.057603
0.31238 9.26363e-05 0.0752474
0.364518 8.32962e-05 0.0970373
0.415452 7.45351e-05 0.119064
0.466255 6.59293e-05 0.141075
0.51729 5.7586e-05 0.163255
0.568687 4.956e-05 0.185765
0.620324 4.20239e-05 0.208782
0.672018 3.51505e-05 0.232504
0.723093 2.91314e-05 0.256779
0.773664 2.40014e-05 0.281652
0.823649 1.96705e-05 0.306977
0.873671 1.58818e-05 0.332927
0.923411 1.25438e-05 0.359233
0.972792 9.67769e-06 0.385804
1.02191 7.22098e-06 0.412606
1.07087 5.08882e-06 0.439624
1.11967 3.2589e-06 0.466838
1.16932 1.59275e-06 0.494705
1.21905 1.50991e-07 0.522786
1.269 -1.10403e-06 0.551135
1.3206 -2.34016e-06 0.580336
1.376 -4.03248e-06 0.611004
1.43044 -6.76102e-06 0.641297
1.48304 -1.34247e-05 0.669809
1.53533 -2.19087e-05 0.697344
1.58931 -3.03865e-05 0.725571
1.64465 -3.84174e-05 0.754259
1.70168 -4.59822e-05 0.783355
1.7607 -5.30791e-05 0.812922
1.82153 -5.9767e-05 0.842912
1.88413 -6.61506e-05 0.873331
1.949 -7.23955e-05 0.904403
2.01617 -7.83481e-05 0.935997
2.08598 -8.23195e-05 0.968125
2.15931 -8.14496e-05 1.00087
2.23543 -8.12752e-05 1.03428
2.31392 -8.15813e-05 1.06829
2.39427 -8.20704e-05 1.10285
2.47662 -8.25004e-05 1.13807
2.56124 -8.26139e-05 1.17379
2.64698 -8.17741e-05 1.20991
2.73424 -8.05442e-05 1.24641
2.82261 -7.85426e-05 1.28327
2.91204 -7.60744e-05 1.32056
3.00245 -7.37957e-05 1.35833
3.0933 -7.45837e-05 1.39643
3.22959 -7.59391e-05 1.45355
3.32071 -7.71164e-05 1.49145
3.41187 -7.80761e-05 1.52919
3.5031 -7.89497e-05 1.56683
3.62714 -9.1539e-05 1.60551
3.78329 -0.000122696 1.64855
3.93338 -0.000151284 1.68999
4.06608 -0.000170749 1.72476
4.25324 -0.000203772 1.75111
4.38225 -0.000212776 1.78291
4.51011 -0.000221841 1.81258
4.60353 -0.000221852 1.84581
4.69554 -0.000220988 1.87936
4.78615 -0.000220111 1.91278
4.86473 -0.000219446 1.94238
4.94229 -0.000218834 1.97158
5.02011 -0.000218335 2.00079
5.0983 -0.000217858 2.02999
5.17691 -0.000215256 2.05892
5.25639 -0.000210209 2.08696
5.44581 -0.000238382 2.0948
5.55076 -0.000237321 2.12839
5.62558 -0.000236508 2.15606
5.70241 -0.000235492 2.18434
5.77901 -0.000234438 2.21283
5.85558 -0.000231147 2.24131
5.93292 -0.000225234 2.26983
6.01095 -0.000219848 2.29852
6.08894 -0.000215235 2.32728
6.16691 -0.000210631 2.35604
6.24488 -0.000206025 2.3848
6.20812 -0.000206969 2.36856
6.17151 -0.000184563 2.35132
6.13524 -0.000170925 2.33407
6.09894 -0.000158481 2.31678
6.06247 -0.000146733 2.29935
6.02585 -0.000135704 2.28182
5.989 -0.000124592 2.26415
5.95185 -0.000113291 2.24629
5.91442 -0.000101872 2.22825
5.87657 -9.03048e-05 2.21002
5.83832 -7.85038e-05 2.19154
5.79963 -6.62774e-05 2.17286
5.76052 -5.23835e-05 2.15394
5.72082 -3.80336e-05 2.13476
5.6805 -2.30739e-05 2.11537
5.6398 -7.82324e-06 2.09583
5.59856 8.24328e-06 2.07612
5.55673 2.51384e-05 2.0562
5.51359 3.87871e-05 2.03568
5.46847 4.53238e-05 2.01411
5.42259 5.22332e-05 1.99236
5.37618 5.98123e-05 1.97058
5.32913 6.81513e-05 1.9487
5.28122 7.71936e-05 1.92676
5.23234 8.67829e-05 1.9049
5.18239 9.69342e-05 1.88295
5.13133 0.000107689 1.86094
5.07913 0.000118879 1.83888
5.02556 0.000130282 1.8167
4.9703 0.000142071 1.79442
4.91272 0.000154072 1.77188
4.85206 0.000166344 1.74848
4.78838 0.000178979 1.72428
4.72123 0.000192029 1.69917
4.65127 0.000205045 1.67353
4.57935 0.000216844 1.64781
4.506 0.000226653 1.62214
4.43172 0.000233833 1.59714
4.35742 0.000237119 1.5726
4.28366 0.000235699 1.54873
4.21093 0.000230215 1.52581
4.13835 0.000222883 1.505
4.06578 0.000214301 1.48618
3.99316 0.000204655 1.46784
3.92042 0.000194268 1.44969
3.84729 0.000183156 1.43152
3.77377 0.000171823 1.41324
3.69993 0.000160677 1.39483
3.62572 0.000149775 1.37624
3.55136 0.000139293 1.35747
3.47662 0.00012915 1.33848
3.40144 0.00011942 1.31922
3.32581 0.000110106 1.2997
3.24976 0.000101179 1.27993
3.17329 9.26416e-05 1.25988
3.09642 8.44936e-05 1.23959
3.01914 7.67911e-05 1.2192
2.94147 6.94913e-05 1.1987
2.86346 6.25083e-05 1.17799
2.78514 5.58425e-05 1.15708
2.70652 4.94752e-05 1.13597
2.62763 4.33764e-05 1.11466
2.54842 3.75103e-05 1.09315
2.46891 3.18531e-05 1.07144
2.38914 2.63646e-05 1.04949
2.30904 2.09495e-05 1.02721
2.22862 1.56035e-05 1.00457
2.14783 1.04497e-05 0.981686
2.06691 5.37257e-06 0.958645
1.98591 3.92273e-07 0.935494
1.90476 -4.48698e-06 0.912226
1.82354 -9.32949e-06 0.888838
1.74217 -1.41574e-05 0.865339
1.66064 -1.89792e-05 0.841743
1.57844 -2.36999e-05 0.818211
1.49575 -2.83994e-05 0.794615
1.4129 -3.31161e-05 0.770988
1.33 -3.78737e-05 0.74741
1.24698 -4.26266e-05 0.723902
1.1637 -4.73473e-05 0.70038
1.08029 -5.20197e-05 0.676813
0.996678 -5.65792e-05 0.65313
0.918758 -5.98805e-05 0.63314
0.851953 -6.16723e-05 0.618555
0.787144 -6.34136e-05 0.604855
0.723592 -6.49186e-05 0.591726
0.659941 -6.59961e-05 0.579048
0.595107 -6.64832e-05 0.566799
0.52959 -6.67105e-05 0.554366
0.462829 -6.67314e-05 0.541524
0.395111 -6.65361e-05 0.528374
0.326973 -6.61226e-05 0.515124
0.258717 -6.55006e-05 0.501887
0.190425 -6.46932e-05 0.488707
0.122035 -6.37256e-05 0.475599
0.0535199 -6.26212e-05 0.462584
-0.0151567 -6.13967e-05 0.449658
-0.0840365 -6.00737e-05 0.436796
-0.153087 -5.86709e-05 0.424004
-0.222318 -5.72065e-05 0.411293
-0.291691 -5.5703e-05 0.398701
-0.361238 -5.41678e-05 0.386246
-0.43089 -5.26119e-05 0.373977
-0.500742 -5.10569e-05 0.361868
-0.570795 -4.94973e-05 0.349918
-0.641088 -4.79474e-05 0.338145
-0.711638 -4.64197e-05 0.326561
-0.782612 -4.49162e-05 0.315114
-0.853987 -4.34472e-05 0.30383
-0.925883 -4.20262e-05 0.292697
-0.998322 -4.06488e-05 0.281722
-1.07141 -3.93348e-05 0.270903
-1.1452 -3.80915e-05 0.260229
-1.21984 -3.69403e-05 0.249714
-1.29526 -3.58556e-05 0.239513
-1.36862 -3.53126e-05 0.230268
-1.41211 -4.02295e-05 0.226185
-1.4563 -4.49703e-05 0.222258
-1.50245 -4.96977e-05 0.218822
-1.552 -5.45186e-05 0.215917
-1.60251 -5.92303e-05 0.212907
-1.655 -6.39697e-05 0.210072
-1.70798 -6.8523e-05 0.207169
-1.76173 -7.29023e-05 0.20434
-1.81509 -7.70231e-05 0.201444
-1.86756 -8.09937e-05 0.19853
-1.91963 -8.47506e-05 0.195431
-1.97191 -8.83137e-05 0.192183
-2.02426 -9.16943e-05 0.188891
-2.07688 -9.49108e-05 0.185594
-2.12982 -9.79746e-05 0.182318
-2.18311 -0.000100909 0.179073
-2.23678 -0.000103723 0.17585
-2.3178 -0.000107798 0.171113
-2.37165 -0.00011055 0.16816
-2.42573 -0.000113232 0.165254
-2.48 -0.000115847 0.162431
-2.53451 -0.00011841 0.159665
-2.58924 -0.000120929 0.15693
-2.64417 -0.000123407 0.15423
-2.69931 -0.000125849 0.151562
-2.75465 -0.000128256 0.148913
-2.81017 -0.000130637 0.14629
-2.86584 -0.000133005 0.143738
-2.92129 -0.000135534 0.141338
-2.97715 -0.000138042 0.138931
-3.0332 -0.000140524 0.136547
-3.08947 -0.000142984 0.13418
-3.14597 -0.000145423 0.131823
-3.21407 -0.000148095 0.127865
-3.34999 -0.000170685 0.115125
-3.46041 -0.000185643 0.106954
-3.5406 -0.000190493 0.102295
-3.71224 -0.000220207 0.0869069
-3.8167 -0.000227663 0.0844537
-3.90967 -0.000235721 0.0793758
-3.99467 -0.0002418 0.0750614
-4.05488 -0.00024056 0.0731422
-4.11541 -0.000239125 0.0712737
-4.17528 -0.000236956 0.0695767
-4.23509 -0.00023469 0.0678987
-4.2018 -0.000219173 0.0627794
-4.16853 -0.000204037 0.0579945
-4.13552 -0.000188407 0.0531402
-4.10265 -0.000172385 0.0486659
-4.07004 -0.000155682 0.0444785
-4.03756 -0.000139117 0.0405329
-4.00506 -0.000122866 0.0369045
-3.97259 -0.000106739 0.0335172
-3.94021 -9.10739e-05 0.0302854
-3.90801 -7.58642e-05 0.0271941
-3.87586 -6.08223e-05 0.0242988
-3.84387 -4.59114e-05 0.0212741
-3.8118 -3.12125e-05 0.0183193
-3.7796 -1.65078e-05 0.0154588
-3.74727 -2.13899e-06 0.012646
-3.71481 1.18067e-05 0.0098641
-3.68211 2.57414e-05 0.00726627
-3.64917 3.95654e-05 0.00478729
-3.61596 5.33169e-05 0.00242938
-3.58249 6.70138e-05 0.000185807
-3.54879 8.04141e-05 -0.00209681
-3.51473 9.38884e-05 -0.00429226
-3.47984 0.000106977 -0.0063034
-3.44205 0.000115398 -0.00746509
-3.40198 0.000120396 -0.00796616
-3.36112 0.00012578 -0.00825943
-3.31929 0.000131252 -0.00834376
-3.27642 0.000136684 -0.00812829
-3.23311 0.000138803 -0.00736074
-3.18842 0.00014138 -0.00604047
-3.14229 0.000144362 -0.00432397
-3.09407 0.000148543 -0.00180254
-3.04464 0.000153131 0.00116034
-2.99432 0.00015754 0.00432354
-2.94285 0.000162457 0.00776682
-2.89012 0.000167733 0.0114767
-2.83644 0.000172193 0.015372
-2.78194 0.000175562 0.0194058
-2.72655 0.000177685 0.0236067
-2.67041 0.000177996 0.0279843
-2.6136 0.000175752 0.0325885
-2.555 0.000171943 0.0376754
-2.49439 0.000167727 0.0431787
-2.43284 0.000162511 0.0487905
-2.37078 0.000156281 0.0544555
-2.30829 0.000149245 0.0601181
-2.2455 0.000141383 0.0657374
-2.18233 0.000132889 0.0713024
-2.11865 0.00012387 0.0767825
-2.05454 0.000114711 0.0821629
-1.99018 0.000105756 0.0874335
-1.92547 9.70804e-05 0.0925925
-1.86053 8.88048e-05 0.0976512
-1.79534 8.09127e-05 0.102614
-1.72983 7.33795e-05 0.107483
-1.66398 6.63762e-05 0.112285
-1.59781 5.97645e-05 0.117028
-1.53123 5.35452e-05 0.12176
-1.46423 4.76258e-05 0.126465
-1.3966 4.18479e-05 0.131365
-1.32862 3.62308e-05 0.136232
-1.26032 3.08058e-05 0.141056
-1.19177 2.55789e-05 0.14579
-1.12293 2.0497e-05 0.150474
-1.05379 1.56034e-05 0.155073
-0.984289 1.08374e-05 0.159699
-0.914408 6.16005e-06 0.164319
-0.844113 1.62174e-06 0.168911
-0.773098 -2.87698e-06 0.173842
-0.701723 -7.20869e-06 0.17881
-0.629707 -1.14451e-05 0.183984
-0.557318 -1.55775e-05 0.189273
-0.484578 -1.9584e-05 0.194593
-0.411406 -2.34825e-05 0.199944
-0.337758 -2.72998e-05 0.20533
-0.26355 -3.10526e-05 0.210723
-0.188533 -3.45856e-05 0.216191
-0.112871 -3.80558e-05 0.221708
-0.0364742 -4.15141e-05 0.227255
0.0405892 -4.49565e-05 0.232831
0.118221 -4.83583e-05 0.238367
0.196737 -5.17838e-05 0.243829
0.275726 -5.5089e-05 0.249186
0.355228 -5.82985e-05 0.254418
0.435188 -6.14251e-05 0.259486
0.515562 -6.44738e-05 0.264374
0.596697 -6.71649e-05 0.269178
0.678285 -6.97388e-05 0.273825
0.760244 -7.2224e-05 0.278315
0.840495 -7.44817e-05 0.286314
0.911476 -7.57534e-05 0.301745
0.979148 -7.66286e-05 0.319609
1.04532 -7.73036e-05 0.338425
1.10999 -7.777e-05 0.358415
1.17173 -7.78873e-05 0.380259
1.22971 -7.7567e-05 0.403904
1.28785 -7.7211e-05 0.427799
1.34622 -7.6795e-05 0.451883
1.40479 -7.62839e-05 0.476366
1.46372 -7.56614e-05 0.501486
1.52287 -7.49176e-05 0.527343
1.58212 -7.40603e-05 0.553842
1.64126 -7.30919e-05 0.580799
1.70021 -7.20345e-05 0.608072
1.75894 -7.08982e-05 0.635569
1.81746 -6.96939e-05 0.663274
1.87586 -6.84475e-05 0.691114
1.93422 -6.71739e-05 0.719098
1.9925 -6.58806e-05 0.747156
2.05086 -6.4583e-05 0.775332
2.10926 -6.3283e-05 0.803584
2.16784 -6.20009e-05 0.831917
2.22659 -6.07355e-05 0.860315
2.28557 -5.94955e-05 0.888774
2.34482 -5.82878e-05 0.917279
2.40439 -5.71208e-05 0.945801
2.46427 -5.59885e-05 0.974385
2.52463 -5.49112e-05 1.00304
2.58533 -5.38764e-05 1.0317
2.64646 -5.28926e-05 1.06038
2.70808 -5.1961e-05 1.08912
2.77015 -5.10839e-05 1.11785
2.83364 -5.04502e-05 1.14682
2.90105 -5.03464e-05 1.1767
2.96988 -5.01629e-05 1.20687
3.03966 -5.02813e-05 1.23717
3.14862 -5.11059e-05 1.2837
3.2227 -5.173e-05 1.31503
3.2994 -5.26955e-05 1.3471
3.37731 -5.4321e-05 1.37934
3.45563 -5.59454e-05 1.41159
3.53573 -5.75823e-05 1.44432
3.61783 -5.94721e-05 1.47757
3.70149 -6.21427e-05 1.51103
3.78539 -6.47572e-05 1.54447
3.86944 -6.7314e-05 1.57788
3.95514 -7.06474e-05 1.61127
4.04299 -7.4131e-05 1.64522
4.13176 -7.75481e-05 1.67941
4.22047 -7.95942e-05 1.71343
4.30947 -6.10774e-05 1.74601
4.39572 -6.29345e-05 1.77782
4.48198 -6.47794e-05 1.80964
4.56824 -6.66086e-05 1.84149
4.65445 -6.84354e-05 1.87337
4.74084 -7.02359e-05 1.90533
4.82914 -7.19697e-05 1.93791
4.91731 -7.36534e-05 1.9705
5.00532 -7.52747e-05 2.00307
5.09317 -7.68263e-05 2.03565
5.1808 -7.82995e-05 2.0682
5.26822 -7.96868e-05 2.10074
5.35541 -8.09798e-05 2.13326
5.44229 -8.21755e-05 2.16574
5.52886 -8.32658e-05 2.19817
5.61511 -8.42464e-05 2.23057
5.70115 -8.51135e-05 2.26295
5.78774 -8.5825e-05 2.29555
5.8738 -8.64353e-05 2.32804
5.9593 -8.69492e-05 2.36042
6.04424 -8.73756e-05 2.39268
6.1286 -8.77254e-05 2.42483
6.2124 -8.80121e-05 2.45687
6.29565 -8.82437e-05 2.48879
6.37838 -8.84297e-05 2.52062
6.4606 -8.85761e-05 2.55235
6.54232 -8.86968e-05 2.58399
6.62357 -8.8809e-05 2.61555
6.70658 -8.9296e-05 2.64685
6.79003 -8.98826e-05 2.67798
6.87312 -9.04029e-05 2.70903
6.95589 -9.08709e-05 2.74003
7.03838 -9.13051e-05 2.77099
7.12064 -9.17842e-05 2.80194
7.2027 -9.23279e-05 2.83287
7.28453 -9.28567e-05 2.86371
7.36618 -9.33663e-05 2.89448
7.44765 -9.38525e-05 2.92524
7.52894 -9.43103e-05 2.95601
7.61009 -9.47406e-05 2.98677
7.69108 -9.51551e-05 3.01754
7.65486 -0.000102088 3.00179
7.61851 -0.000109751 2.98597
7.58214 -0.00010283 2.96943
7.54601 -8.68294e-05 2.9522
7.5099 -7.59209e-05 2.9349
7.47357 -6.59963e-05 2.91744
7.437 -5.59568e-05 2.89984
7.4001 -4.56669e-05 2.88203
7.36295 -3.51414e-05 2.86403
7.32547 -2.43283e-05 2.84583
7.28766 -1.35742e-05 2.82748
7.24938 -2.67573e-06 2.80896
7.21026 6.78049e-06 2.79021
7.16851 5.88783e-06 2.77008
7.12636 4.55743e-06 2.74974
7.08386 3.37954e-06 2.72923
7.04094 3.89813e-06 2.70848
6.99771 5.50975e-06 2.68757
6.95391 7.8912e-06 2.6664
6.90956 1.1419e-05 2.64497
6.86502 1.59991e-05 2.62344
6.81984 2.11775e-05 2.60164
6.77391 2.65726e-05 2.57959
6.72723 3.24726e-05 2.55727
6.6798 3.9027e-05 2.53474
6.63157 4.59833e-05 2.51197
6.58245 5.33479e-05 2.48905
6.53225 6.0949e-05 2.46583
6.48099 6.88362e-05 2.44234
6.42882 7.67625e-05 2.41873
6.37521 8.47349e-05 2.39475
6.3205 9.20469e-05 2.37074
6.2647 9.77271e-05 2.34721
6.20717 0.00010289 2.32512
6.14652 0.00010899 2.3027
6.08434 0.000114497 2.28313
6.01977 0.000119767 2.26492
5.95313 0.00012423 2.24694
5.88469 0.000127486 2.22847
5.81439 0.000129159 2.20974
5.74272 0.000129458 2.19072
5.66997 0.000128139 2.17135
5.59645 0.000125925 2.15171
5.52239 0.000122853 2.13178
5.44829 0.000118905 2.11172
5.37309 0.000114994 2.09293
5.29745 0.000110757 2.07443
5.22171 0.00010608 2.05587
5.14572 0.000101108 2.03718
5.06956 9.57507e-05 2.01839
4.99331 9.00119e-05 1.99951
4.91695 8.41209e-05 1.9805
4.8407 7.81692e-05 1.96144
4.76459 7.20521e-05 1.94232
4.68867 6.58714e-05 1.92314
4.61284 5.97237e-05 1.90389
4.53705 5.35955e-05 1.8846
4.46125 4.76066e-05 1.86523
4.38538 4.18135e-05 1.84577
4.30938 3.62594e-05 1.82623
4.23321 3.09441e-05 1.80658
4.15684 2.58637e-05 1.78681
4.08028 2.10361e-05 1.76694
4.00348 1.64759e-05 1.74697
3.92634 1.22865e-05 1.72698
3.84893 8.31339e-06 1.7068
3.77124 4.56517e-06 1.68656
3.69317 1.05616e-06 1.66631
3.61443 -2.18029e-06 1.64565
3.53535 -5.33725e-06 1.62471
3.45604 -8.31946e-06 1.60376
3.37668 -1.13128e-05 1.58264
3.29731 -1.42127e-05 1.56147
3.21797 -1.71287e-05 1.5402
3.13872 -1.99759e-05 1.51902
3.05957 -2.27086e-05 1.49804
2.98047 -2.53799e-05 1.47703
2.90143 -2.80623e-05 1.45594
2.82239 -3.06763e-05 1.43479
2.74338 -3.32454e-05 1.4136
2.66452 -3.57749e-05 1.39241
2.58579 -3.82553e-05 1.37123
2.50716 -4.06684e-05 1.35008
2.42864 -4.30613e-05 1.32896
2.35024 -4.5398e-05 1.30786
2.27191 -4.76775e-05 1.28678
2.19361 -4.99019e-05 1.26573
2.1154 -5.20847e-05 1.24473
2.0372 -5.42206e-05 1.22379
1.95903 -5.63116e-05 1.20285
1.88074 -5.83058e-05 1.18216
1.80238 -6.02437e-05 1.16163
1.72401 -6.21647e-05 1.14111
1.64558 -6.40693e-05 1.12059
1.56705 -6.59422e-05 1.10004
1.48847 -6.77933e-05 1.07949
1.4098 -6.96247e-05 1.05893
1.33103 -7.14179e-05 1.0384
1.25221 -7.31929e-05 1.0179
1.17338 -7.49374e-05 0.997446
1.09451 -7.66552e-05 0.977025
1.01558 -7.83526e-05 0.956631
0.936559 -8.0035e-05 0.936288
0.856778 -8.15559e-05 0.916354
0.776795 -8.30755e-05 0.896482
0.696588 -8.46199e-05 0.876646
0.616287 -8.61618e-05 0.856923
0.536161 -8.76439e-05 0.837457
0.455581 -8.91732e-05 0.818031
0.374761 -9.07301e-05 0.798635
0.297247 -9.15087e-05 0.78224
0.226765 -9.16264e-05 0.769501
0.156868 -9.18181e-05 0.757317
0.0896854 -9.17116e-05 0.746306
0.0242789 -9.13464e-05 0.736049
-0.0428975 -9.101e-05 0.725332
-0.111514 -9.06967e-05 0.714273
-0.180879 -9.03841e-05 0.703049
-0.250593 -9.00593e-05 0.691765
-0.320529 -8.97036e-05 0.68045
-0.390603 -8.93006e-05 0.669136
-0.460717 -8.88227e-05 0.65785
-0.530782 -8.82503e-05 0.646611
-0.60078 -8.75797e-05 0.635419
-0.670758 -8.68272e-05 0.624266
-0.740701 -8.60069e-05 0.613161
-0.810628 -8.51298e-05 0.602097
-0.880564 -8.42092e-05 0.591071
-0.950524 -8.32464e-05 0.580076
-1.02049 -8.22526e-05 0.569121
-1.09046 -8.12372e-05 0.558209
-1.16046 -8.02075e-05 0.54734
-1.23048 -7.91715e-05 0.536512
-1.30052 -7.81326e-05 0.525723
-1.40564 -7.6583e-05 0.509613
-1.47579 -7.55686e-05 0.498915
-1.546 -7.45698e-05 0.488251
-1.61629 -7.35912e-05 0.477608
-1.68669 -7.26333e-05 0.466982
-1.75723 -7.1709e-05 0.45636
-1.82787 -7.08077e-05 0.445752
-1.8987 -6.9941e-05 0.435138
-1.96968 -6.91093e-05 0.424523
-2.04081 -6.83097e-05 0.413912
-2.11214 -6.75538e-05 0.403287
-2.18363 -6.68301e-05 0.392657
-2.2553 -6.61492e-05 0.382017
-2.32718 -6.55048e-05 0.371378
-2.39924 -6.48946e-05 0.360726
-2.47136 -6.4338e-05 0.350169
-2.54267 -6.3898e-05 0.340311
-2.614 -6.35024e-05 0.330525
-2.68472 -6.34403e-05 0.322143
-2.75404 -6.37915e-05 0.315498
-2.81132 -6.61021e-05 0.311022
-2.86175 -6.97645e-05 0.307092
-2.91258 -7.33677e-05 0.30318
-2.96441 -7.69418e-05 0.299366
-3.01695 -8.04748e-05 0.295579
-3.06983 -8.39451e-05 0.291782
-3.12303 -8.73554e-05 0.287979
-3.17668 -9.07835e-05 0.284301
-3.231 -9.42282e-05 0.280741
-3.28556 -9.76176e-05 0.277184
-3.34033 -0.000100951 0.273634
-3.3953 -0.000104233 0.270094
-3.45044 -0.000107462 0.266569
-3.50573 -0.000110639 0.263066
-3.56116 -0.000113768 0.259591
-3.61672 -0.00011685 0.256152
-3.67266 -0.000119896 0.252769
-3.72902 -0.000122909 0.249458
-3.78549 -0.000125877 0.246209
-3.84208 -0.000128799 0.243042
-3.8988 -0.000131676 0.239982
-3.95549 -0.000134571 0.237071
-4.01224 -0.000137451 0.234264
-4.06906 -0.000140294 0.231545
-4.12598 -0.000143102 0.228911
-4.18298 -0.000145875 0.226364
-4.24005 -0.000148616 0.2239
-4.29886 -0.000151359 0.221372
-4.35833 -0.000154078 0.218924
-4.41794 -0.000156765 0.216594
-4.47788 -0.000159416 0.214311
-4.53791 -0.00016206 0.21211
-4.5979 -0.000164738 0.209998
-4.65795 -0.000167393 0.207961
-4.71806 -0.000170028 0.205993
-4.77821 -0.000172642 0.204088
-4.83841 -0.000175236 0.202242
-4.89868 -0.000177812 0.200446
-4.95901 -0.00018037 0.198696
-5.01944 -0.000182909 0.197003
-5.08029 -0.00018543 0.195353
-5.14156 -0.000187926 0.193728
-5.20351 -0.00019039 0.192045
-5.3838 -0.000215318 0.169811
-5.47084 -0.000220599 0.173626
-5.55528 -0.000226237 0.173753
-5.63229 -0.000229908 0.172558
-5.59838 -0.000215054 0.165738
-5.56427 -0.000201831 0.159458
-5.53032 -0.000188622 0.154379
-5.49647 -0.000174756 0.149612
-5.46253 -0.000160798 0.145375
-5.42861 -0.000146625 0.141427
-5.39489 -0.000132276 0.13752
-5.36137 -0.000117393 0.13383
-5.32792 -0.000102056 0.130453
-5.29452 -8.67399e-05 0.127196
-5.26116 -7.17972e-05 0.124129
-5.22785 -5.69175e-05 0.121331
-5.19434 -4.22585e-05 0.118591
-5.16061 -2.7893e-05 0.115959
-5.1267 -1.35954e-05 0.113454
-5.09282 7.23702e-07 0.110797
-5.0587 1.49938e-05 0.108244
-5.0244 2.93921e-05 0.105774
-4.98978 4.37951e-05 0.103413
-4.95488 5.80235e-05 0.101032
-4.91775 6.85019e-05 0.0992629
-4.87782 7.43331e-05 0.0983052
-4.83733 8.03838e-05 0.0975762
-4.79643 8.63351e-05 0.0968718
-4.75498 9.23172e-05 0.0962917
-4.71286 9.85712e-05 0.0959509
-4.66983 0.000105347 0.0959134
-4.62591 0.000112183 0.0959294
-4.58121 0.000119226 0.0962009
-4.53639 0.000122909 0.0968982
-4.49076 0.000126205 0.0979658
-4.44357 0.000129903 0.0996491
-4.39489 0.000133837 0.101516
-4.3444 0.000138354 0.10382
-4.29249 0.000143179 0.106565
-4.2397 0.000147578 0.109432
-4.18598 0.000151513 0.112493
-4.13127 0.000154913 0.115726
-4.07556 0.000157606 0.119171
-4.01867 0.000159709 0.12284
-3.96049 0.00016129 0.126753
-3.90148 0.000160677 0.130868
-3.84143 0.000158327 0.135192
-3.78018 0.000154879 0.139686
-3.71679 0.000151282 0.144634
-3.65235 0.000147552 0.149722
-3.58739 0.000143243 0.154802
-3.52205 0.000138418 0.159826
-3.45649 0.000133262 0.164797
-3.39056 0.000127721 0.169729
-3.32451 0.00012181 0.17455
-3.25829 0.000115518 0.17926
-3.19184 0.000108951 0.183847
-3.12499 0.000102077 0.188281
-3.05792 9.52516e-05 0.192597
-2.99059 8.85275e-05 0.196793
-2.92311 8.20424e-05 0.200863
-2.85541 7.57773e-05 0.204799
-2.78757 6.9796e-05 0.208617
-2.71958 6.41063e-05 0.212358
-2.65129 5.88999e-05 0.216047
-2.58272 5.39888e-05 0.219673
-2.51393 4.93104e-05 0.223226
-2.44472 4.49005e-05 0.22681
-2.37521 4.05107e-05 0.230364
-2.30549 3.62273e-05 0.233844
-2.23556 3.1997e-05 0.237271
-2.16543 2.79736e-05 0.240625
-2.09523 2.41009e-05 0.24383
-2.02491 2.02749e-05 0.247001
-1.95445 1.65623e-05 0.250078
-1.88376 1.28899e-05 0.25313
-1.81292 9.27091e-06 0.256176
-1.74197 5.76741e-06 0.259189
-1.67095 2.38355e-06 0.262223
-1.59983 -9.07534e-07 0.265282
-1.52863 -4.07392e-06 0.268331
-1.45707 -7.17739e-06 0.271619
-1.38539 -1.01968e-05 0.274846
-1.31359 -1.31179e-05 0.277992
-1.24166 -1.5953e-05 0.281073
-1.16955 -1.87133e-05 0.284102
-1.09727 -2.13825e-05 0.287129
-1.02476 -2.39956e-05 0.290181
-0.952104 -2.65318e-05 0.293127
-0.879289 -2.90063e-05 0.296046
-0.806305 -3.14343e-05 0.298859
-0.733041 -3.37537e-05 0.30161
-0.659527 -3.60022e-05 0.304263
-0.585795 -3.82221e-05 0.306783
-0.511867 -4.04055e-05 0.309167
-0.437726 -4.25584e-05 0.311472
-0.363414 -4.46768e-05 0.313583
-0.288925 -4.67684e-05 0.315498
-0.214189 -4.88432e-05 0.317313
-0.139234 -5.08748e-05 0.318969
-0.0640461 -5.28734e-05 0.320531
0.0114091 -5.48314e-05 0.32203
0.0871782 -5.67608e-05 0.323537
0.163219 -5.86793e-05 0.325002
