8.00855e-07 -8.86767e-16 -0.0491414
0.284515 7.98851e-14 -0.0748033
0.58338 9.36296e-14 -0.0864889
0.866506 3.36655e-13 -0.095759
1.1296 5.61676e-13 -0.101325
1.38593 6.93239e-13 -0.105487
1.63792 8.22828e-13 -0.108967
1.8885 9.16812e-13 -0.112118
2.13803 1.03339e-12 -0.115052
2.38661 1.14915e-12 -0.117807
2.63516 1.26584e-12 -0.120438
2.88363 1.39745e-12 -0.122966
3.13216 1.53388e-12 -0.125391
3.38147 1.67769e-12 -0.127696
3.63444 1.82555e-12 -0.129806
3.89848 1.96958e-12 -0.131408
4.18405 2.11293e-12 -0.131973
4.48434 2.22035e-12 -0.131569
4.79186 2.29722e-12 -0.130463
5.10607 2.744e-12 -0.128716
4.85796 2.55799e-12 -0.126899
4.60976 2.36961e-12 -0.125039
4.36134 2.19666e-12 -0.123125
4.11278 2.01995e-12 -0.121153
3.86402 1.85417e-12 -0.119129
3.61507 1.69101e-12 -0.11705
3.36595 1.53686e-12 -0.11493
3.11638 1.40606e-12 -0.112718
2.86627 1.27181e-12 -0.11038
2.6154 1.14e-12 -0.107887
2.36346 1.0219e-12 -0.105062
2.10969 8.40638e-13 -0.101765
1.85322 7.07842e-13 -0.0979876
1.59161 5.47861e-13 -0.0934045
1.31807 3.5507e-13 -0.0874812
1.02445 2.25994e-13 -0.0792232
0.72373 1.1039e-13 -0.0690759
0.416433 -5.01918e-15 -0.0551945
0.0966013 3.07879e-13 -0.040323
-0.210923 4.98951e-13 -0.0187711
-0.481693 7.83971e-13 0.0114246
-0.762623 4.06945e-13 0.0536537
-1.03346 2.71756e-13 0.108806
-1.29706 4.04753e-13 0.16857
-1.55664 5.77801e-13 0.229747
-1.81014 7.73303e-13 0.292893
-2.05821 9.2368e-13 0.357546
-2.30407 1.05566e-12 0.422551
-2.54937 1.22251e-12 0.487621
-2.79452 1.39726e-12 0.5527
-3.04034 1.57216e-12 0.617599
-3.28899 1.77218e-12 0.681859
-3.54657 1.96022e-12 0.744073
-3.82384 2.1813e-12 0.801537
-4.1189 2.47915e-12 0.853982
-4.42006 2.61965e-12 0.90317
-4.72375 2.16697e-12 0.949318
-5.03064 1.49278e-12 0.992275
-5.34094 9.96017e-13 1.03195
-5.09656 8.60192e-13 0.966084
-4.85203 7.26843e-13 0.90029
-4.60737 6.13976e-13 0.834564
-4.36255 5.1703e-13 0.768879
-4.11758 4.10607e-13 0.703279
-3.87081 2.97477e-13 0.63807
-3.62277 1.96387e-13 0.573092
-3.37312 3.38791e-15 0.508805
-3.12176 -1.74123e-13 0.445068
-2.86799 -3.39892e-13 0.382011
-2.61206 -5.48295e-13 0.32044
-2.35444 -7.21438e-13 0.259886
-2.09419 -8.63824e-13 0.201065
-1.82939 -9.30745e-13 0.144188
-1.55285 -1.76769e-13 0.0914106
-1.26314 5.23204e-13 0.0449178
-0.964105 6.77817e-13 0.00480965
-0.664938 3.35648e-13 -0.0283635
-0.36671 -2.80808e-14 -0.052789
-0.058089 -3.59043e-13 -0.0687295
0.243528 -5.83387e-13 -0.0812512
0.539587 -7.43233e-13 -0.0916546
0.835338 -7.40501e-13 -0.0992288
1.12794 -7.84597e-13 -0.104047
1.41261 -8.3489e-13 -0.107319
1.68911 -4.72547e-13 -0.109909
1.95937 3.25828e-13 -0.112364
2.22843 1.29047e-12 -0.114406
2.49648 2.10677e-12 -0.11611
2.76292 2.0257e-12 -0.117616
3.02924 1.90056e-12 -0.118882
3.2883 1.88548e-12 -0.120431
3.54309 2.04179e-12 -0.122132
3.79728 2.22397e-12 -0.123814
4.05371 2.4166e-12 -0.125287
4.31357 2.6238e-12 -0.126499
4.579 2.87993e-12 -0.127318
4.85317 3.20709e-12 -0.127551
5.14082 3.73642e-12 -0.12691
5.44544 4.56002e-12 -0.125542
5.76372 5.44478e-12 -0.123208
6.08963 5.9511e-12 -0.120192
6.4197 6.24079e-12 -0.116758
6.75209 6.41278e-12 -0.113
7.08602 6.47978e-12 -0.108939
7.42133 6.52293e-12 -0.104685
7.75807 6.58843e-12 -0.100148
8.09601 6.66237e-12 -0.0952892
8.43414 6.7364e-12 -0.0902449
8.77225 6.82235e-12 -0.0850629
9.11081 6.90327e-12 -0.079734
9.44809 6.98693e-12 -0.0742098
9.78413 7.07097e-12 -0.0684987
10.1204 7.16759e-12 -0.0626267
10.4589 7.26047e-12 -0.0563756
10.7989 7.34361e-12 -0.0499041
11.1398 7.42262e-12 -0.0432949
11.4814 7.51858e-12 -0.0365056
11.8236 7.59623e-12 -0.0293721
11.5766 7.27465e-12 -0.0270813
11.3297 6.95631e-12 -0.0247277
11.0824 6.66345e-12 -0.0223944
10.8343 6.36835e-12 -0.0201281
10.5839 6.10692e-12 -0.0180474
10.3329 5.85515e-12 -0.0160379
10.0796 5.61919e-12 -0.0142438
9.82431 5.46939e-12 -0.0125216
9.56884 5.31883e-12 -0.0107343
9.31318 5.15523e-12 -0.00893705
9.05575 5.03971e-12 -0.00718237
8.79756 4.92368e-12 -0.00535217
8.53899 4.78967e-12 -0.00349522
8.27947 4.46823e-12 -0.00163732
8.01772 3.57923e-12 0.00015782
7.75524 2.77872e-12 0.00206039
7.49187 2.06289e-12 0.00404471
7.22731 1.44416e-12 0.00607977
6.96102 9.07988e-13 0.0081785
6.69198 8.40999e-13 0.0103025
6.42077 8.31475e-13 0.0125926
6.14598 8.06837e-13 0.0151043
5.86454 7.46175e-13 0.0176253
5.57261 6.40465e-13 0.0201511
5.26894 4.40066e-13 0.0228051
4.954 2.31308e-13 0.0254513
4.63188 7.3021e-14 0.0281904
4.30497 -3.05994e-14 0.0310433
3.97532 -5.43981e-14 0.0338169
3.64265 -5.88968e-15 0.0365802
3.30665 9.8126e-14 0.0397449
2.97077 2.29814e-13 0.0447416
2.64004 3.46056e-13 0.0550979
2.31512 4.34954e-13 0.0731407
1.99784 5.0236e-13 0.0989586
1.68618 5.53569e-13 0.129048
1.38503 5.87643e-13 0.163928
1.09278 6.44011e-13 0.203302
0.80517 7.23339e-13 0.244853
0.522544 8.10618e-13 0.287266
0.24315 9.14153e-13 0.330179
-0.0370014 9.9946e-13 0.373465
-0.323459 9.96993e-13 0.416737
-0.619816 8.87227e-13 0.459553
-0.923214 8.23438e-13 0.501124
-1.2332 7.67104e-13 0.542232
-1.54657 7.00948e-13 0.582382
-1.86218 6.2339e-13 0.621716
-2.17911 5.51235e-13 0.660212
-2.49588 5.03733e-13 0.697984
-2.81253 5.00088e-13 0.735257
-3.12961 5.06584e-13 0.772608
-3.44806 5.22242e-13 0.810526
-3.76716 5.47301e-13 0.848071
-4.08752 5.69909e-13 0.885105
-4.40909 5.883e-13 0.921437
-4.72194 -3.77491e-13 0.962942
-5.01854 1.52018e-13 1.01281
-5.31498 3.22747e-13 1.0609
-5.61083 3.10104e-13 1.10562
-5.90716 3.19062e-13 1.14645
-6.20487 3.68871e-13 1.18439
-6.50226 4.31493e-13 1.22039
-6.80103 5.0393e-13 1.25456
-7.10174 5.25416e-13 1.28744
-7.40411 5.36103e-13 1.31928
-7.70717 5.71148e-13 1.34982
-8.0113 5.64119e-13 1.37945
-8.31712 5.8759e-13 1.40896
-8.62471 6.09613e-13 1.43841
-8.93285 6.0564e-13 1.4677
-9.24107 6.15841e-13 1.49674
-9.54969 6.0138e-13 1.52578
-9.86071 6.0466e-13 1.55528
-10.1737 5.78138e-13 1.58539
-10.4886 6.19124e-13 1.61611
-10.8044 5.97671e-13 1.64713
-11.1199 6.03081e-13 1.67829
-11.4341 5.75144e-13 1.70943
-11.1887 3.91961e-13 1.64541
-10.9411 7.08843e-14 1.58196
-10.6912 -1.81492e-13 1.519
-10.4399 -5.48404e-13 1.45663
-10.1869 -1.01742e-13 1.39491
-9.93098 -2.90392e-13 1.33424
-9.67384 -5.37886e-13 1.27416
-9.41541 -6.51587e-13 1.21489
-9.15701 -7.04387e-13 1.15628
-8.89817 -7.59904e-13 1.09798
-8.63974 -8.02196e-13 1.04032
-8.38093 -8.39272e-13 0.982986
-8.12153 -8.53298e-13 0.926098
-7.86158 -8.69003e-13 0.869705
-7.60097 -8.66065e-13 0.813673
-7.3393 -8.53282e-13 0.758169
-7.07637 -8.25955e-13 0.703282
-6.81378 -7.88958e-13 0.649207
-6.54989 -7.35116e-13 0.595844
-6.28443 -6.62807e-13 0.54346
-6.01475 -5.83481e-13 0.492358
-5.74088 -4.8569e-13 0.442557
-5.46242 -3.71023e-13 0.393973
-5.17641 -2.35936e-13 0.347444
-4.87689 -1.08036e-13 0.303665
-4.56802 -2.04287e-14 0.263328
-4.25398 -3.29257e-15 0.225228
-3.93603 -5.0224e-14 0.189231
-3.61411 -1.48714e-13 0.154722
-3.28888 -2.95104e-13 0.121953
-2.96525 -4.59798e-13 0.0922294
-2.64243 -6.17018e-13 0.0648581
-2.32063 -7.5457e-13 0.0397955
-2.00388 -8.39668e-13 0.0185895
-1.69014 -8.75747e-13 0.000583254
-1.37787 -8.61872e-13 -0.0152876
-1.06746 -8.02938e-13 -0.0298682
-0.75887 -7.1001e-13 -0.0438081
-0.452582 -5.96455e-13 -0.0573396
-0.143103 -4.8009e-13 -0.0692918
0.163564 -3.58936e-13 -0.0766325
0.466378 -2.46872e-13 -0.0823404
0.768036 -1.23065e-13 -0.088252
1.0703 3.19486e-14 -0.0946164
1.36697 2.69254e-13 -0.0961142
1.6607 4.85053e-13 -0.097012
1.95277 6.83236e-13 -0.0976962
2.24473 8.74603e-13 -0.0981833
2.53721 1.06159e-12 -0.098463
2.83088 1.23129e-12 -0.0984505
3.1263 1.39355e-12 -0.0980632
3.42189 1.54506e-12 -0.0972075
3.71865 1.68871e-12 -0.0958758
4.01637 1.81911e-12 -0.0941408
4.31738 1.94756e-12 -0.0920856
4.61971 2.07762e-12 -0.0897069
4.92296 2.21113e-12 -0.0870373
5.22712 2.34306e-12 -0.0841057
5.53229 2.4708e-12 -0.0809303
5.83854 2.59632e-12 -0.0775299
6.14993 2.72093e-12 -0.0739267
6.46287 2.8435e-12 -0.0701302
6.77739 2.9661e-12 -0.066136
7.09762 3.06738e-12 -0.0620962
7.41897 4.05622e-12 -0.0588278
7.73686 3.9792e-12 -0.0555877
8.04898 4.10058e-12 -0.0525384
8.35983 4.24542e-12 -0.0494587
8.67243 4.47136e-12 -0.0461904
8.98701 4.70324e-12 -0.042687
9.30397 4.92642e-12 -0.0389276
9.62309 5.14898e-12 -0.0348881
9.944 5.36332e-12 -0.030586
10.2665 5.56893e-12 -0.0260279
10.5908 5.77651e-12 -0.0211859
10.9168 5.97179e-12 -0.0160446
11.2442 6.15696e-12 -0.0105905
11.5732 6.32991e-12 -0.00479606
11.9038 6.50048e-12 0.00133504
12.2354 6.66368e-12 0.00777278
12.5678 6.80918e-12 0.014473
12.9015 6.95351e-12 0.0214775
13.2365 7.08799e-12 0.0285842
13.5723 7.2164e-12 0.0358081
13.909 7.3301e-12 0.0430488
14.2465 7.4473e-12 0.0503691
14.5847 7.55949e-12 0.0578686
14.9235 7.66062e-12 0.0656177
15.2622 7.76671e-12 0.0734137
15.7692 7.91228e-12 0.085129
16.1063 8.0182e-12 0.0928557
16.4423 8.11493e-12 0.100547
16.7777 8.20925e-12 0.108238
17.1342 8.28011e-12 0.113822
17.5132 8.31831e-12 0.119845
17.8877 8.36244e-12 0.125269
18.2474 8.41503e-12 0.126562
18.6368 8.38499e-12 0.114215
18.9961 8.43852e-12 0.113478
19.3515 8.50595e-12 0.111226
19.6862 8.59756e-12 0.115778
20.02 8.7011e-12 0.120585
20.3517 8.78448e-12 0.125427
20.6531 8.83596e-12 0.13012
20.952 8.87683e-12 0.134735
21.2511 8.90676e-12 0.139316
21.5506 8.94328e-12 0.143834
21.8505 9.00195e-12 0.148098
22.1509 9.12499e-12 0.151469
22.5335 8.85555e-12 0.123303
22.8663 8.9885e-12 0.125056
23.1623 9.0279e-12 0.128889
23.4604 9.07114e-12 0.132878
23.7586 9.10548e-12 0.136991
24.0568 9.15162e-12 0.141162
24.3555 9.19959e-12 0.145357
24.6549 9.23866e-12 0.149613
24.9544 9.26488e-12 0.153892
25.2539 9.30515e-12 0.158172
25.5534 9.34118e-12 0.162445
25.3086 9.04965e-12 0.165293
25.063 8.75973e-12 0.168027
24.8157 8.47615e-12 0.170569
24.5681 8.17481e-12 0.173103
24.3194 7.86093e-12 0.175615
24.0696 7.56431e-12 0.178052
23.8198 7.25234e-12 0.180513
23.5684 6.99543e-12 0.182922
23.3163 6.73179e-12 0.185367
23.0631 6.50141e-12 0.187798
22.8084 6.3018e-12 0.190186
22.5531 5.90522e-12 0.192594
22.2959 4.89457e-12 0.194973
22.038 3.96813e-12 0.197371
21.779 3.86967e-12 0.199872
21.52 3.60047e-12 0.202416
21.2611 3.29148e-12 0.204969
21.0022 2.99062e-12 0.207655
20.7423 2.70892e-12 0.210333
20.4787 2.44606e-12 0.212802
20.2143 2.1936e-12 0.215338
19.9497 1.9626e-12 0.218073
19.6844 1.74637e-12 0.220879
19.4176 1.55033e-12 0.223863
19.1497 1.36784e-12 0.227116
18.8799 1.19999e-12 0.230415
18.6078 1.04727e-12 0.233858
18.3336 9.03738e-13 0.237465
18.0558 7.53495e-13 0.241152
17.7741 6.10004e-13 0.245079
17.4855 4.62795e-13 0.249162
17.1881 3.24709e-13 0.253013
16.8826 2.19113e-13 0.25681
16.5691 1.26612e-13 0.260642
16.2504 5.4084e-14 0.264641
15.9277 1.62674e-15 0.269122
15.6017 -3.39947e-14 0.274098
15.2733 -5.05915e-14 0.280127
14.9431 -5.56427e-14 0.287119
14.6116 -4.61405e-14 0.295202
14.2793 -2.77471e-14 0.304497
13.947 1.04427e-15 0.316018
13.6147 3.92428e-14 0.329606
13.282 7.71203e-14 0.343756
12.9487 1.27152e-13 0.358167
12.6148 1.78125e-13 0.372641
12.2801 2.4032e-13 0.387051
11.9447 2.91487e-13 0.401356
11.6088 3.39906e-13 0.4155
11.2731 3.99958e-13 0.429392
10.9371 4.52165e-13 0.443072
10.6004 5.17718e-13 0.456524
10.263 5.84141e-13 0.46974
9.92506 6.44873e-13 0.482732
9.58661 6.98944e-13 0.495482
9.24764 7.61487e-13 0.508035
8.90837 8.14086e-13 0.520498
8.56885 8.71551e-13 0.532875
8.22899 9.26884e-13 0.545094
7.88896 9.83125e-13 0.557203
7.54883 1.07001e-12 0.569181
7.20866 1.0786e-12 0.581067
6.86842 1.12061e-12 0.592942
6.5286 1.17112e-12 0.605128
6.18918 1.21646e-12 0.617592
5.85042 1.26709e-12 0.630648
5.51234 1.30751e-12 0.644524
5.17468 1.35741e-12 0.658703
4.83693 1.38498e-12 0.673117
4.49928 1.32733e-12 0.687608
4.16184 1.41178e-12 0.702166
3.82402 1.38625e-12 0.716917
3.48651 1.33967e-12 0.731972
3.1497 1.30312e-12 0.747214
2.81338 1.25602e-12 0.762862
2.47692 1.20655e-12 0.778419
2.14097 1.1499e-12 0.794055
1.80546 1.08383e-12 0.809828
1.47071 1.02133e-12 0.825644
1.13689 9.68739e-13 0.841304
0.803553 9.14989e-13 0.856936
0.470661 8.67541e-13 0.872495
0.142555 8.29693e-13 0.892911
-0.173882 7.89316e-13 0.920167
-0.486345 7.63216e-13 0.948138
-0.796004 7.42106e-13 0.976415
-1.10448 7.35188e-13 1.00484
-1.41329 7.28579e-13 1.03352
-1.72357 7.26949e-13 1.06187
-2.0366 7.29181e-13 1.08981
-2.35212 7.29709e-13 1.11739
-2.66895 7.31448e-13 1.14473
-2.98651 7.36104e-13 1.17184
-3.30471 7.39988e-13 1.19868
-3.62345 7.44123e-13 1.2253
-3.94287 7.51665e-13 1.25167
-4.26301 7.5632e-13 1.27778
-4.58381 7.63727e-13 1.30364
-4.90507 7.70449e-13 1.32925
-5.22683 7.76755e-13 1.35466
-5.54878 7.84271e-13 1.37992
-5.87111 7.89199e-13 1.40505
-6.19337 7.96179e-13 1.4301
-6.51576 7.98181e-13 1.45506
-6.83819 8.65468e-13 1.47994
-7.16058 8.05671e-13 1.50476
-7.48284 8.08824e-13 1.52955
-7.80533 8.10377e-13 1.5543
-8.12778 8.11035e-13 1.57903
-8.45036 8.1154e-13 1.60376
-8.77311 8.09648e-13 1.6285
-9.09606 8.07961e-13 1.65327
-9.41917 8.04167e-13 1.67808
-9.74262 8.01566e-13 1.70297
-10.0663 7.97366e-13 1.72804
-10.3886 7.93912e-13 1.7536
-10.6938 8.27296e-13 1.78092
-10.9987 8.39222e-13 1.80803
-11.2962 9.50141e-13 1.83726
-11.5901 1.18406e-12 1.87007
-11.8851 1.22718e-12 1.9027
-12.183 6.85026e-13 1.93642
-12.4804 1.36863e-13 1.9694
-12.7783 -4.39394e-13 2.00206
-13.0724 -1.01565e-12 2.03333
-13.3608 -9.99453e-13 2.06288
-13.6455 -9.47839e-13 2.09115
-13.9283 -8.34165e-13 2.11864
-14.2099 -7.67354e-13 2.14572
-14.4909 -6.83712e-13 2.17267
-14.7717 -5.73831e-13 2.19962
-15.0526 -4.53252e-13 2.22665
-15.3336 -3.08808e-13 2.25376
-15.7556 -1.49666e-13 2.29445
-16.0375 -9.67517e-14 2.32145
-16.3197 -4.97478e-14 2.34851
-16.602 -5.68303e-15 2.37563
-16.8846 4.73178e-14 2.40281
-17.1675 1.26761e-13 2.43005
-17.4506 1.59117e-13 2.45733
-17.734 2.33739e-13 2.48465
-18.0178 2.90413e-13 2.51201
-18.3018 3.59961e-13 2.53943
-18.5861 3.76035e-13 2.5669
-18.8715 3.85327e-13 2.59415
-19.1573 4.25449e-13 2.62143
-19.4435 4.09612e-13 2.64874
-19.7298 4.27522e-13 2.6761
-20.0165 4.07862e-13 2.7035
-20.3139 3.90974e-13 2.73025
-20.6892 4.19068e-13 2.76056
-21.0342 4.20837e-13 2.7902
-21.3439 4.33647e-13 2.81724
-21.7446 4.50344e-13 2.84668
-22.0974 1.1035e-13 2.8885
-22.4203 8.63148e-14 2.91704
-22.7341 9.10419e-14 2.9446
-23.021 9.67577e-14 2.97007
-23.3083 1.17297e-13 2.9957
-23.5951 1.35614e-13 3.02156
-23.8821 1.24324e-13 3.04761
-23.636 -7.33141e-14 2.98478
-23.389 -2.89925e-13 2.92215
-23.1411 -5.44282e-13 2.85995
-22.8923 -8.85769e-13 2.79816
-22.6423 -1.12271e-12 2.73694
-22.39 -7.76614e-13 2.67645
-22.1349 -8.30805e-13 2.61689
-21.8783 -1.0317e-12 2.55822
-21.6214 -1.24414e-12 2.50041
-21.3662 -1.11331e-12 2.44343
-21.1114 -9.34374e-13 2.38698
-20.8562 -1.15491e-12 2.33089
-20.6004 -1.17276e-12 2.27506
-20.3438 -1.17873e-12 2.21948
-20.0866 -1.17393e-12 2.16415
-19.8283 -1.15354e-12 2.1093
-19.5692 -1.1335e-12 2.05489
-19.3092 -1.10182e-12 2.00079
-19.0484 -1.04664e-12 1.94712
-18.7868 -1.01522e-12 1.89392
-18.5241 -9.50357e-13 1.8414
-18.2601 -8.85897e-13 1.78946
-17.9942 -8.12112e-13 1.73801
-17.7243 -7.47281e-13 1.68756
-17.4506 -6.7158e-13 1.63827
-17.1746 -5.98818e-13 1.58953
-16.8956 -5.13325e-13 1.54197
-16.6121 -4.18189e-13 1.49566
-16.3223 -3.23104e-13 1.45226
-16.0249 -2.25223e-13 1.41205
-15.7214 -1.41601e-13 1.37501
-15.4138 -8.48039e-14 1.34099
-15.1034 -3.54201e-14 1.30849
-14.7904 -1.44433e-14 1.27677
-14.4756 -9.46183e-15 1.24588
-14.1594 -1.52595e-14 1.21593
-13.8414 -3.75786e-14 1.18665
-13.5222 -7.14092e-14 1.15805
-13.2018 -1.18951e-13 1.13011
-12.8807 -1.66851e-13 1.10278
-12.5592 -2.1642e-13 1.07611
-12.237 -2.66115e-13 1.05023
-11.9141 -3.11199e-13 1.02508
-11.5911 -3.46295e-13 1.00032
-11.2679 -3.69799e-13 0.97587
-10.9448 -3.89166e-13 0.951691
-10.622 -3.9721e-13 0.927718
-10.2994 -3.96792e-13 0.903949
-9.97705 -3.85484e-13 0.880363
-9.65496 -3.63695e-13 0.856864
-9.33311 -3.35913e-13 0.833375
-9.0115 -2.99374e-13 0.809886
-8.69017 -2.62427e-13 0.786362
-8.36914 -2.16752e-13 0.762798
-8.04846 -1.67233e-13 0.739203
-7.7282 -1.15933e-13 0.715578
-7.40846 -6.49779e-14 0.691931
-7.08938 -1.21672e-14 0.668315
-6.77105 3.69981e-14 0.644713
-6.45351 7.90936e-14 0.621317
-6.13628 1.20322e-13 0.597903
-5.81931 1.66396e-13 0.574464
-5.50278 2.17466e-13 0.550974
-5.1866 2.79434e-13 0.527466
-4.87081 3.48784e-13 0.503899
-4.55533 4.34846e-13 0.480388
-4.24034 5.29701e-13 0.456911
-3.92564 6.22872e-13 0.433432
-3.61066 7.18404e-13 0.410284
-3.2959 8.10672e-13 0.387236
-2.98097 9.00906e-13 0.364421
-2.66617 9.91019e-13 0.341837
-2.35159 1.07322e-12 0.319393
-2.03706 1.1459e-12 0.297076
-1.72249 1.21646e-12 0.274873
-1.40793 1.28374e-12 0.252742
-1.09307 1.34661e-12 0.230723
-0.777958 1.40199e-12 0.208811
-0.462702 1.45467e-12 0.187008
-0.147505 1.50448e-12 0.165328
0.167666 1.5515e-12 0.14366
0.482894 1.59641e-12 0.122017
0.798115 1.63977e-12 0.100294
1.11342 1.68389e-12 0.0784761
1.42877 1.72732e-12 0.0565156
1.74411 1.76997e-12 0.0343943
2.05981 1.81028e-12 0.0121413
2.37556 1.84782e-12 -0.0102574
2.69139 1.88849e-12 -0.0328029
3.00546 1.93567e-12 -0.0513775
3.3104 1.99775e-12 -0.0608884
3.61185 2.06383e-12 -0.0673609
3.91146 2.13233e-12 -0.072511
4.2096 2.20165e-12 -0.0762228
4.50483 2.27442e-12 -0.0776161
4.79646 2.35354e-12 -0.0766521
5.0884 2.43305e-12 -0.0753976
5.3811 2.51158e-12 -0.0739798
5.67502 2.58891e-12 -0.0722873
5.97074 2.66353e-12 -0.0702342
6.26825 2.73666e-12 -0.0677544
6.56715 2.80595e-12 -0.0648982
6.867 2.87306e-12 -0.061734
7.16729 2.93803e-12 -0.0583263
7.46785 3.00103e-12 -0.0547194
7.76865 3.05508e-12 -0.0509363
8.06956 3.12342e-12 -0.0470091
8.37048 3.18218e-12 -0.0429491
8.67128 3.23995e-12 -0.0387808
8.97205 3.29649e-12 -0.0345002
9.27279 3.35175e-12 -0.0301231
9.57346 3.40589e-12 -0.025672
9.87401 3.45934e-12 -0.0211339
10.1745 3.51142e-12 -0.0165266
10.4748 3.56318e-12 -0.0118615
10.775 3.61352e-12 -0.00714964
11.075 3.66348e-12 -0.00236028
11.375 3.71274e-12 0.00248387
11.6749 3.7612e-12 0.00736601
11.9746 3.80882e-12 0.0122907
12.2742 3.8553e-12 0.0172393
12.5738 3.90203e-12 0.0222105
12.8729 3.84003e-12 0.0270358
13.1728 3.9461e-12 0.0313612
13.475 4.94855e-12 0.035664
13.7776 5.90328e-12 0.0399662
14.2373 5.3443e-12 0.0463582
14.5463 5.03472e-12 0.0506735
14.8603 4.91586e-12 0.0549964
15.1743 4.90022e-12 0.0592999
15.4885 4.87609e-12 0.0636567
15.8068 4.92387e-12 0.068071
16.1289 5.04749e-12 0.0725172
16.451 5.18233e-12 0.0769243
16.7732 5.30951e-12 0.0813882
17.0954 5.4386e-12 0.0859129
17.4174 5.56018e-12 0.0903766
17.744 5.68325e-12 0.0948816
18.0727 5.82225e-12 0.0994319
18.4012 5.95402e-12 0.10401
18.7283 6.08076e-12 0.108498
19.0525 6.20878e-12 0.112926
19.3765 6.33231e-12 0.117415
19.7003 6.45431e-12 0.121965
20.0239 6.57582e-12 0.126582
20.3477 6.69961e-12 0.131254
20.6764 6.81635e-12 0.135983
21.0046 6.93392e-12 0.140764
21.3323 7.03952e-12 0.145595
21.6596 7.15592e-12 0.150476
21.9863 7.26702e-12 0.155405
22.3125 7.37971e-12 0.160384
22.638 7.4933e-12 0.165412
22.9627 7.59262e-12 0.170488
23.2866 7.69469e-12 0.175608
23.6097 7.80138e-12 0.180772
23.9321 7.89352e-12 0.185978
24.2555 7.98866e-12 0.191221
24.5775 8.08084e-12 0.196504
24.8981 8.17168e-12 0.201826
25.2173 8.26017e-12 0.207185
25.535 8.35314e-12 0.212581
25.8513 8.43095e-12 0.218013
26.1662 8.50929e-12 0.223481
26.4799 8.59215e-12 0.228985
26.7924 8.67008e-12 0.234523
27.1038 8.7522e-12 0.240095
27.414 8.82979e-12 0.245701
27.7249 8.90188e-12 0.250962
28.0355 8.97003e-12 0.256082
28.3453 9.04134e-12 0.261213
28.6545 9.10217e-12 0.266364
28.9629 9.16622e-12 0.271544
29.2709 9.22762e-12 0.276749
29.5784 9.29083e-12 0.28198
29.8854 9.35368e-12 0.287158
30.192 9.41078e-12 0.292309
30.4983 9.47621e-12 0.297485
30.8043 9.52871e-12 0.302684
31.11 9.57614e-12 0.307907
31.4155 9.63023e-12 0.313151
31.1709 9.35048e-12 0.315968
30.9263 9.05965e-12 0.318825
30.6812 8.76827e-12 0.321617
30.4342 8.4675e-12 0.324219
30.1853 8.16968e-12 0.326658
29.9352 7.85863e-12 0.329035
29.6843 7.58811e-12 0.331373
29.4317 7.36587e-12 0.333667
29.1779 7.16134e-12 0.335937
28.9228 6.95198e-12 0.338192
28.6655 5.9174e-12 0.340405
28.4076 5.01476e-12 0.34267
28.1481 4.99981e-12 0.345091
27.8863 4.72702e-12 0.347264
27.6246 4.39948e-12 0.349377
27.3632 4.08179e-12 0.351493
27.1009 3.77572e-12 0.353633
26.8388 3.48906e-12 0.355733
26.5762 3.20309e-12 0.357909
26.3126 2.93004e-12 0.360131
26.0502 2.6662e-12 0.362347
25.7871 2.42631e-12 0.364543
25.5229 2.195e-12 0.366823
25.2573 1.98099e-12 0.36916
24.99 1.77941e-12 0.371571
24.7211 1.59024e-12 0.374022
24.4507 1.41332e-12 0.376574
24.1776 1.25523e-12 0.379104
23.9021 1.10567e-12 0.381666
23.6243 9.60966e-13 0.384318
23.3422 8.11112e-13 0.386922
23.0563 6.72759e-13 0.389934
22.7638 5.28752e-13 0.394106
22.4644 3.98247e-13 0.400229
22.1578 2.88214e-13 0.406532
21.8464 1.96819e-13 0.416571
21.5313 1.29193e-13 0.428495
21.2132 7.27104e-14 0.441068
20.8923 2.55991e-14 0.453504
20.5691 -1.20268e-14 0.46588
20.2443 -3.99689e-14 0.478119
19.9178 -5.47816e-14 0.490152
19.5899 -6.00406e-14 0.501979
19.2607 -6.21766e-14 0.513614
18.9307 -5.24062e-14 0.525218
18.5997 -3.16294e-14 0.537998
18.268 -6.44652e-15 0.551107
17.9357 1.99722e-14 0.564157
17.6026 5.30062e-14 0.577078
17.269 8.23113e-14 0.589859
16.9348 1.193e-13 0.602535
16.6 1.60554e-13 0.615067
16.2648 1.97885e-13 0.627517
15.9294 2.38508e-13 0.639905
15.5938 2.7845e-13 0.652249
15.2581 3.13658e-13 0.664543
14.9222 3.44425e-13 0.676819
14.5862 3.88313e-13 0.68904
14.2502 4.23214e-13 0.701196
13.9141 4.48985e-13 0.713287
13.5779 4.84601e-13 0.725296
13.2418 5.17376e-13 0.737242
12.9057 5.4111e-13 0.74913
12.5698 5.70971e-13 0.760966
12.234 5.92478e-13 0.77283
11.8985 6.24619e-13 0.784752
11.5634 6.44561e-13 0.796826
11.2289 6.69117e-13 0.809256
10.8951 6.93391e-13 0.822149
10.5621 7.26231e-13 0.835528
10.2296 7.50539e-13 0.849129
9.89768 7.84815e-13 0.863087
9.56614 8.1327e-13 0.877036
9.23494 8.39546e-13 0.891258
8.90436 8.63337e-13 0.905672
8.57451 8.85516e-13 0.920275
8.24515 8.98863e-13 0.934967
7.91609 9.01756e-13 0.950027
7.58771 9.049e-13 0.965278
7.25986 9.01675e-13 0.980664
6.93234 8.89771e-13 0.99615
6.60476 8.60438e-13 1.01171
6.27784 8.26401e-13 1.02722
5.95145 7.91841e-13 1.04277
5.62548 7.60432e-13 1.05823
5.29992 7.27814e-13 1.07354
4.97494 6.93977e-13 1.08882
4.6503 6.56823e-13 1.1041
4.32606 6.17346e-13 1.11936
4.0024 5.87415e-13 1.13446
3.67935 5.57947e-13 1.14961
3.35671 5.30537e-13 1.16476
3.03418 5.0184e-13 1.17978
2.71202 4.78931e-13 1.19479
2.39023 4.59465e-13 1.20967
2.06872 4.43149e-13 1.22448
1.74744 4.27622e-13 1.23921
1.42648 4.21643e-13 1.25386
1.10576 4.13749e-13 1.26848
0.785338 4.07653e-13 1.28303
0.465068 4.032e-13 1.29753
0.144829 4.02004e-13 1.31202
-0.175485 3.99283e-13 1.32653
-0.49595 3.96099e-13 1.34134
-0.816435 3.95475e-13 1.35622
-1.13689 3.95134e-13 1.37115
-1.45736 3.97958e-13 1.38626
-1.77782 3.98612e-13 1.40171
-2.09868 3.98084e-13 1.41722
-2.41973 3.98949e-13 1.43277
-2.73785 4.97258e-13 1.45243
-3.04712 4.03376e-13 1.47626
-3.35514 4.04281e-13 1.50072
-3.66018 4.03563e-13 1.52625
-3.96347 4.04506e-13 1.55237
-4.2701 4.04644e-13 1.57821
-4.57961 4.01865e-13 1.60381
-4.89067 4.01392e-13 1.62915
-5.20245 3.99279e-13 1.65423
-5.51469 3.97827e-13 1.67906
-5.82733 6.51265e-13 1.70369
-6.14026 3.9886e-13 1.72812
-6.45335 3.98032e-13 1.75238
-6.76664 3.96776e-13 1.77646
-7.08017 3.98542e-13 1.80037
-7.39372 3.98627e-13 1.82411
-7.70731 4.00683e-13 1.84769
-8.02091 3.98004e-13 1.8711
-8.33462 4.01515e-13 1.89434
-8.64832 4.02649e-13 1.91742
-8.96191 4.01819e-13 1.94035
-9.27539 5.74565e-14 1.96313
-9.58872 4.08057e-13 1.98575
-9.90188 4.05888e-13 2.00823
-10.3712 2.89641e-13 2.04166
-10.6838 4.072e-13 2.06376
-10.9961 4.08478e-13 2.08572
-11.3082 4.04068e-13 2.10753
-11.6201 4.06617e-13 2.12919
-11.9319 4.05223e-13 2.1507
-12.2435 4.03303e-13 2.17207
-12.5551 4.02845e-13 2.19329
-12.8665 4.00859e-13 2.21438
-13.1777 3.98088e-13 2.23534
-13.4888 3.95807e-13 2.25617
-13.7998 3.93521e-13 2.27686
-14.1107 3.91685e-13 2.29743
-14.4215 3.86408e-13 2.31789
-14.7322 3.81852e-13 2.33823
-15.0427 3.79693e-13 2.35853
-15.3523 3.75202e-13 2.37918
-15.6616 3.7075e-13 2.39978
-15.9595 4.79562e-13 2.42233
-16.2453 7.09439e-13 2.44691
-16.5271 7.72802e-13 2.47236
-16.8045 -1.38592e-14 2.49872
-17.0821 -8.33238e-13 2.52494
-17.3615 -9.88105e-13 2.55154
-17.6418 -7.2267e-13 2.57828
-17.9224 -4.46886e-13 2.60486
-18.2031 -1.96898e-13 2.63132
-18.4854 -1.51173e-14 2.65787
-18.7699 5.38664e-14 2.68469
-19.0545 9.67275e-14 2.71137
-19.3392 1.83275e-13 2.73793
-19.6239 2.578e-13 2.76438
-19.9086 3.10471e-13 2.79073
-20.1933 3.95686e-13 2.81699
-20.478 4.63312e-13 2.84318
-20.7626 5.37513e-13 2.8693
-21.0482 5.55336e-13 2.89556
-21.3348 5.58741e-13 2.92203
-21.6214 5.47962e-13 2.94848
-21.9079 5.43905e-13 2.97493
-22.1943 5.61375e-13 3.00141
-22.481 5.50345e-13 3.02786
-22.7677 5.50159e-13 3.05433
-23.0544 5.57491e-13 3.08084
-23.3411 5.30164e-13 3.1074
-23.6278 5.24055e-13 3.13401
-23.9145 5.21462e-13 3.16069
-24.2029 5.17751e-13 3.18749
-24.4917 5.34212e-13 3.21443
-24.7807 4.82134e-13 3.24146
-25.0699 4.91411e-13 3.26854
-25.3592 5.05694e-13 3.29566
-25.6487 5.07508e-13 3.32279
-25.9382 5.13231e-13 3.34999
-26.2278 4.84967e-13 3.37725
-26.5175 4.8967e-13 3.40457
-26.8071 4.87707e-13 3.43194
-27.0969 4.57126e-13 3.45937
-27.3867 4.67194e-13 3.48684
-27.6766 4.67926e-13 3.51436
-27.9674 4.53268e-13 3.54203
-28.2587 4.84708e-13 3.56976
-28.5506 4.34556e-13 3.59744
-28.9457 4.01164e-13 3.61145
-29.2665 5.24306e-13 3.66651
-29.6054 3.93407e-13 3.71381
-29.9401 3.86784e-13 3.75178
-29.6951 1.5551e-13 3.68881
-29.4496 -3.37208e-14 3.62603
-29.2033 -2.63964e-13 3.56389
-28.957 -4.30368e-13 3.50194
-28.7086 -7.24174e-13 3.44064
-28.4597 -9.92365e-13 3.37988
-28.2081 -6.53173e-13 3.31996
-27.9529 -8.80899e-13 3.26101
-27.6963 -1.07594e-12 3.2027
-27.4391 -1.1052e-12 3.14497
-27.1827 -1.12598e-12 3.08795
-26.9267 -1.15913e-12 3.03155
-26.6701 -1.16772e-12 2.97538
-26.4131 -1.19017e-12 2.91947
-26.1555 -1.17388e-12 2.86392
-25.8971 -1.17031e-12 2.80876
-25.638 -1.15037e-12 2.75392
-25.3781 -1.11563e-12 2.69947
-25.1176 -1.07433e-12 2.64539
-24.856 -1.03775e-12 2.59179
-24.5917 -9.87688e-13 2.53898
-24.3236 -9.3548e-13 2.48689
-24.0537 -8.86301e-13 2.43514
-23.7823 -8.39272e-13 2.38413
-23.5093 -7.73195e-13 2.3338
-23.2347 -7.22365e-13 2.28443
-22.958 -6.58835e-13 2.23575
-22.678 -6.00275e-13 2.18778
-22.3958 -5.22619e-13 2.14081
-22.1094 -4.42153e-13 2.09616
-21.8182 -3.64412e-13 2.0536
-21.5199 -2.79293e-13 2.01387
-21.2157 -2.09671e-13 1.97638
-20.9065 -1.41442e-13 1.94168
-20.5943 -1.92525e-13 1.9089
-20.2798 -4.93603e-14 1.87707
-19.9631 -2.11248e-14 1.84589
-19.6443 -5.3712e-15 1.81532
-19.3236 -1.14094e-15 1.78535
-19.0014 -9.30684e-15 1.75596
-18.6782 -1.6922e-14 1.72724
-18.3544 -3.23829e-14 1.69927
-18.0302 -5.48062e-14 1.6719
-17.7057 -7.36816e-14 1.645
-17.3803 -9.70756e-14 1.6188
-17.0544 -1.16733e-13 1.59287
-16.7282 -1.35067e-13 1.56708
-16.4019 -1.54935e-13 1.54142
-16.0758 -1.61754e-13 1.51592
-15.7495 -1.71825e-13 1.49054
-15.4236 -1.68553e-13 1.46529
-15.098 -1.64912e-13 1.44014
-14.7726 -1.51173e-13 1.41505
-14.4477 -1.27121e-13 1.39007
-14.1231 -1.01648e-13 1.36512
-13.7988 -7.45665e-14 1.34017
-13.4749 -3.81475e-14 1.3152
-13.1514 2.78451e-15 1.29018
-12.8283 4.33565e-14 1.26512
-12.5057 9.00938e-14 1.24004
-12.1838 1.38362e-13 1.21498
-11.8626 1.85271e-13 1.18992
-11.5421 2.33938e-13 1.16483
-11.2226 2.77398e-13 1.13983
-10.9037 3.22027e-13 1.11481
-10.5854 3.6029e-13 1.08977
-10.2677 4.03846e-13 1.06471
-9.9505 4.49893e-13 1.03961
-9.63414 4.99477e-13 1.01442
-9.31828 5.60061e-13 0.989246
-9.00297 6.25391e-13 0.964014
-8.68804 7.00157e-13 0.938784
-8.37341 7.88072e-13 0.913596
-8.05895 8.70595e-13 0.888412
-7.74435 9.47166e-13 0.863297
-7.42959 1.01778e-12 0.838259
-7.11482 1.08002e-12 0.813261
-6.79971 1.13813e-12 0.788503
-6.48462 1.20142e-12 0.763707
-6.1697 1.26234e-12 0.738858
-5.85482 1.31988e-12 0.713967
-5.53997 1.37362e-12 0.689046
-5.22522 1.42342e-12 0.664144
-4.91062 1.46757e-12 0.639285
-4.59629 1.51029e-12 0.614353
-4.28215 1.5515e-12 0.589414
-3.96819 1.59012e-12 0.564398
-3.65431 1.62609e-12 0.539343
-3.34054 1.66392e-12 0.514214
-3.02685 1.7014e-12 0.48898
-2.71331 1.73349e-12 0.463645
-2.39994 1.76768e-12 0.438264
-2.08686 1.80261e-12 0.412735
-1.77406 1.83614e-12 0.387055
-1.46147 1.86961e-12 0.361322
-1.14907 1.90375e-12 0.33547
-0.836791 1.93492e-12 0.309573
-0.524659 1.96766e-12 0.283664
-0.212723 1.9989e-12 0.257832
0.0990857 2.03108e-12 0.232002
