8.52507e-07 -3.7974e-16 -0.0355989
0.15114 -4.44958e-14 -0.0547973
0.317181 -2.19533e-13 -0.0634089
0.474908 -4.13207e-13 -0.0700746
0.616403 -5.09585e-13 -0.0738771
0.752516 -5.3962e-13 -0.0765169
0.885545 -6.06377e-13 -0.0785888
1.01733 -6.70959e-13 -0.0803808
1.14796 -7.37154e-13 -0.0819841
1.27755 -8.12434e-13 -0.0834388
1.40676 -9.02686e-13 -0.0847991
1.53562 -1.00592e-12 -0.0860901
1.66442 -1.12716e-12 -0.0873107
1.79397 -1.25652e-12 -0.0884399
1.92735 -1.39871e-12 -0.0893586
2.07288 -1.6468e-12 -0.0896421
2.24047 -2.18599e-12 -0.088621
2.41952 -2.5456e-12 -0.0865665
2.60151 -2.54795e-12 -0.083935
2.78712 -2.46248e-12 -0.0808035
2.65844 -2.34779e-12 -0.0802434
2.5295 -2.25455e-12 -0.0796543
2.40014 -2.16737e-12 -0.0790241
2.27049 -2.09118e-12 -0.0783445
2.14057 -2.00702e-12 -0.0776156
2.01037 -1.92074e-12 -0.0768346
1.87993 -1.82982e-12 -0.0760119
1.74893 -1.72364e-12 -0.0751035
1.61731 -1.60721e-12 -0.0740796
1.48501 -1.47413e-12 -0.0729161
1.35167 -1.31103e-12 -0.0714591
1.217 -1.07648e-12 -0.0695957
1.08051 -7.91645e-13 -0.0673272
0.940624 -4.10436e-13 -0.0643954
0.791367 -1.19423e-13 -0.0604269
0.623164 4.14124e-15 -0.0547285
0.448911 -1.94861e-13 -0.047649
0.280329 1.08483e-13 -0.0381635
0.106859 3.58752e-13 -0.0281271
-0.0555014 2.12854e-13 -0.0113966
-0.199702 1.86271e-13 0.014977
-0.356475 8.10393e-14 0.052606
-0.50445 -2.00459e-13 0.0993444
-0.64889 -3.27625e-13 0.146089
-0.7903 -5.67294e-13 0.19291
-0.925832 -7.65645e-13 0.241082
-1.05321 -4.81753e-13 0.290909
-1.17796 -5.80778e-13 0.341131
-1.30208 -6.78244e-13 0.391333
-1.42588 -7.7085e-13 0.441485
-1.5501 -8.60952e-13 0.491385
-1.67651 -9.27835e-13 0.540572
-1.80991 -9.23164e-13 0.587577
-1.9576 -7.2866e-13 0.629506
-2.11563 -6.87884e-13 0.666105
-2.27488 -7.57219e-13 0.699484
-2.43431 -9.17005e-13 0.730391
-2.59624 -1.07982e-12 0.758923
-2.76166 -1.21861e-12 0.785177
-2.6385 -1.0077e-12 0.734266
-2.51506 -8.02107e-13 0.683424
-2.39134 -5.93734e-13 0.632634
-2.26738 -3.95191e-13 0.581884
-2.14317 -2.18774e-13 0.531232
-2.0169 -4.71786e-13 0.481067
-1.88903 -1.04227e-12 0.431204
-1.75786 -9.57423e-13 0.382427
-1.62406 -6.45095e-13 0.334399
-1.48765 -3.87024e-13 0.28735
-1.34859 -3.51387e-13 0.24223
-1.20779 -3.7723e-13 0.198452
-1.06527 -3.81966e-13 0.156882
-0.920111 -3.19788e-13 0.116906
-0.770992 -1.21454e-13 0.079113
-0.61282 2.91734e-14 0.0419202
-0.446206 5.53071e-14 0.00773615
-0.287136 -1.2289e-14 -0.0207049
-0.131243 -1.23015e-13 -0.0406462
0.0329069 -3.18053e-13 -0.0523984
0.190035 -4.81328e-13 -0.061289
0.340303 -5.55316e-13 -0.0685822
0.496069 -5.54137e-13 -0.0736587
0.653906 -4.71781e-13 -0.0765357
0.80763 -5.17294e-13 -0.0782125
0.95672 -5.56146e-13 -0.0793213
1.101 -6.12145e-13 -0.0803235
1.24473 -7.16445e-13 -0.0809581
1.38797 -7.85845e-13 -0.081273
1.53117 -7.79348e-13 -0.0813948
1.67443 -7.04916e-13 -0.0812822
1.81266 -5.47887e-13 -0.0814747
1.94827 -1.26923e-12 -0.0818745
2.08339 -1.41733e-12 -0.0822572
2.22059 -1.5992e-12 -0.082435
2.36094 -1.82265e-12 -0.0823505
2.50624 -2.0715e-12 -0.0818684
2.65891 -2.28972e-12 -0.0808011
2.82218 -2.40295e-12 -0.0788786
2.99858 -2.38439e-12 -0.0762894
3.18558 -2.32934e-12 -0.0728063
3.37862 -2.30629e-12 -0.0687101
3.57535 -2.29136e-12 -0.0642461
3.77413 -2.2812e-12 -0.0595087
3.97426 -2.27194e-12 -0.0545158
4.17582 -2.2651e-12 -0.0493581
4.37913 -2.26481e-12 -0.0439513
4.58371 -2.2667e-12 -0.0382696
4.78816 -2.26546e-12 -0.0324421
4.99217 -2.2565e-12 -0.026505
5.19649 -2.24921e-12 -0.0204523
5.39948 -2.23664e-12 -0.0142519
5.60176 -2.22341e-12 -0.00791667
5.80527 -2.20698e-12 -0.0014634
6.01248 -2.20167e-12 0.00532886
6.22287 -2.21081e-12 0.0123077
6.43539 -2.22967e-12 0.0193945
6.64979 -2.2476e-12 0.0266323
6.86605 -2.28399e-12 0.0341854
6.73619 -2.28111e-12 0.0351539
6.60621 -2.27296e-12 0.0361803
6.47568 -2.27695e-12 0.0371824
6.34422 -2.30034e-12 0.0381106
6.21103 -1.14148e-12 0.0388543
6.07686 -6.89094e-14 0.0395268
5.94038 6.95535e-13 0.0399711
5.80277 4.45324e-13 0.0402909
5.66497 2.46779e-13 0.0406639
5.52688 7.53594e-14 0.0410447
5.38828 1.26077e-13 0.0413664
5.24912 2.20282e-13 0.0417423
5.10948 3.07038e-13 0.0421305
4.96918 3.82503e-13 0.042513
4.82794 4.49651e-13 0.0428444
4.68614 5.09628e-13 0.0432562
4.54351 5.38062e-13 0.0437317
4.39982 5.27332e-13 0.0442325
4.2548 4.53335e-13 0.0447705
4.10832 3.23935e-13 0.0453022
3.9603 1.39097e-13 0.0459122
3.80994 -7.83862e-14 0.046661
3.65485 -2.83069e-13 0.0473794
3.49198 -4.3848e-13 0.0479952
3.32078 -5.14629e-13 0.0486982
3.14002 -5.69509e-13 0.0494116
2.95319 -6.38914e-13 0.0501419
2.76225 -7.3385e-13 0.050835
2.56828 -8.45103e-13 0.0514034
2.37115 -9.72801e-13 0.0518901
2.17106 -1.12465e-12 0.0526136
1.97186 -1.30269e-12 0.0549306
1.77882 -1.46203e-12 0.0625651
1.59129 -1.52746e-12 0.0780063
1.41 -1.54265e-12 0.101209
1.23438 -1.5515e-12 0.128339
1.0699 -1.5731e-12 0.159493
0.914487 -1.55185e-12 0.194015
0.76232 -1.4052e-12 0.229077
0.613766 -1.285e-12 0.263341
0.467399 -1.17842e-12 0.296746
0.320444 -1.10043e-12 0.329243
0.167294 -1.02402e-12 0.36113
0.00376106 -9.38066e-13 0.39218
-0.167277 -8.73245e-13 0.422238
-0.344093 -8.36655e-13 0.451761
-0.523577 -8.24269e-13 0.480461
-0.70456 -8.31229e-13 0.508445
-0.886299 -8.58012e-13 0.535816
-1.06819 -8.92352e-13 0.562614
-1.25031 -9.31325e-13 0.588981
-1.43323 -9.77798e-13 0.615291
-1.61779 -1.02902e-12 0.641831
-1.8031 -1.08422e-12 0.667941
-1.9892 -1.14136e-12 0.693498
-2.17572 -1.20143e-12 0.718535
-2.36348 -1.29844e-12 0.746808
-2.54432 -1.61239e-12 0.781169
-2.71351 -1.13986e-12 0.814947
-2.87323 -1.30939e-12 0.846618
-3.03015 -1.46073e-12 0.875497
-3.18626 -1.61253e-12 0.902296
-3.34075 -1.76809e-12 0.927817
-3.49661 -1.92422e-12 0.952148
-3.65472 -2.07653e-12 0.975729
-3.81518 -2.22567e-12 0.998853
-3.97693 -2.35603e-12 1.02128
-4.14036 -2.49742e-12 1.04335
-4.30642 -2.62191e-12 1.0657
-4.47521 -2.73251e-12 1.08835
-4.64592 -2.84342e-12 1.11123
-4.81812 -2.94543e-12 1.1343
-4.99191 -3.05099e-12 1.15773
-5.16968 -3.11965e-12 1.1819
-5.35062 -3.19713e-12 1.20691
-5.53482 -3.21944e-12 1.23273
-5.72092 -3.26709e-12 1.25905
-5.9076 -3.29646e-12 1.28578
-6.09409 -3.34207e-12 1.31275
-5.96822 -4.21849e-12 1.26422
-5.83826 -3.89566e-12 1.21663
-5.70526 -3.35865e-12 1.1696
-5.57057 -3.15714e-12 1.12323
-5.43561 -2.98921e-12 1.07747
-5.30044 -2.85455e-12 1.03242
-5.16507 -2.71932e-12 0.987835
-5.02922 -2.61844e-12 0.944049
-4.89352 -2.51011e-12 0.900799
-4.75735 -2.40057e-12 0.857921
-4.62122 -2.27881e-12 0.815636
-4.48457 -2.14759e-12 0.773698
-4.34738 -2.00182e-12 0.732355
-4.20957 -1.85208e-12 0.691646
-4.07109 -1.68298e-12 0.651379
-3.93188 -1.47241e-12 0.611771
-3.79187 -1.21787e-12 0.57298
-3.65184 -9.5026e-13 0.534923
-3.51135 -6.47285e-13 0.497709
-3.37095 -3.29158e-13 0.461555
-3.22707 -3.58818e-14 0.426741
-3.08067 2.11708e-13 0.393006
-2.93227 3.98443e-13 0.359792
-2.78039 5.18347e-13 0.326721
-2.62064 5.69405e-13 0.292912
-2.45407 5.73103e-13 0.258765
-2.28327 5.44162e-13 0.225209
-2.10879 4.99236e-13 0.192807
-1.93075 4.45008e-13 0.161577
-1.7497 3.81735e-13 0.13183
-1.56862 3.14355e-13 0.10455
-1.38744 2.61962e-13 0.0791446
-1.20708 2.15879e-13 0.0557915
-1.03001 1.7017e-13 0.0360436
-0.855692 1.13392e-13 0.0194608
-0.681386 4.85781e-14 0.00495101
-0.508166 -1.62601e-14 -0.00827813
-0.335689 -6.95874e-14 -0.0208925
-0.163983 -9.86197e-14 -0.0331454
0.0128861 -1.14839e-13 -0.0438738
0.187292 -1.63529e-13 -0.0499718
0.359335 -2.69301e-13 -0.0544914
0.53121 -3.60541e-13 -0.0592727
0.703933 -4.37777e-13 -0.0645394
0.868568 -5.10599e-13 -0.0648663
1.03098 -5.99832e-13 -0.0646298
1.19256 -6.8496e-13 -0.0642381
1.35428 -7.58482e-13 -0.0636891
1.51671 -8.21919e-13 -0.0629653
1.68038 -8.73931e-13 -0.0619824
1.84581 -9.15893e-13 -0.0606481
2.01178 -9.44133e-13 -0.0588787
2.17881 -9.62228e-13 -0.0566537
2.34663 -9.71919e-13 -0.0540435
2.51672 -9.7639e-13 -0.051106
2.68774 -9.77475e-13 -0.0478605
2.85929 -9.72829e-13 -0.0443398
3.03134 -9.65749e-13 -0.0405742
3.20392 -9.55551e-13 -0.036583
3.37698 -9.42811e-13 -0.0323856
3.5533 -9.29055e-13 -0.0279731
3.73045 -9.14005e-13 -0.0233823
3.90853 -8.98058e-13 -0.0186083
4.09107 -8.84828e-13 -0.0137326
4.27994 -7.88844e-13 -0.00935421
4.46688 -5.82767e-13 -0.00503659
4.64844 -2.42811e-13 -0.000931525
4.82793 1.07014e-13 0.0031857
5.00953 -2.96663e-13 0.00745095
5.19294 -7.43765e-13 0.0119217
5.37844 -1.15991e-12 0.0166153
5.56613 -1.53448e-12 0.021552
5.75572 -1.8684e-12 0.0267171
5.94703 -2.07517e-12 0.0321032
6.1406 -2.05512e-12 0.0377359
6.33634 -2.03994e-12 0.043624
6.53431 -2.03547e-12 0.0497778
6.73517 -2.05907e-12 0.056222
6.9385 -2.0833e-12 0.062954
7.14387 -2.11346e-12 0.0699468
7.35089 -2.14891e-12 0.0771695
7.55989 -2.18656e-12 0.0846687
7.77118 -2.22911e-12 0.0922432
7.9837 -2.27252e-12 0.0999116
8.19787 -2.32523e-12 0.107572
8.41327 -2.37611e-12 0.115294
8.62978 -2.4272e-12 0.123178
8.84731 -2.48622e-12 0.131298
9.06515 -2.55237e-12 0.139452
9.39136 -2.65791e-12 0.151682
9.6085 -2.72062e-12 0.159733
9.8251 -2.78813e-12 0.167734
10.0414 -2.85428e-12 0.175724
10.2884 -3.00448e-12 0.181515
10.5671 -3.2508e-12 0.187647
10.8397 -3.46734e-12 0.193188
11.0935 -3.62352e-12 0.194617
11.3968 -3.9569e-12 0.182136
11.6478 -4.11564e-12 0.181578
11.8959 -4.25528e-12 0.179461
12.112 -4.28807e-12 0.184281
12.327 -4.30522e-12 0.189354
12.5401 -4.33002e-12 0.194452
12.7299 -4.32583e-12 0.199287
12.9178 -4.32387e-12 0.204033
13.106 -4.32885e-12 0.208742
13.2946 -4.32872e-12 0.213386
13.4836 -4.31957e-12 0.217773
13.6734 -4.27511e-12 0.221265
13.9727 -4.62042e-12 0.192716
14.1994 -5.19022e-12 0.195049
14.3836 -5.16318e-12 0.199003
14.5704 -5.13347e-12 0.203106
14.7573 -5.10688e-12 0.207331
14.944 -5.08488e-12 0.211615
15.1314 -5.06742e-12 0.215923
15.3197 -5.05811e-12 0.220289
15.508 -5.05675e-12 0.224677
15.6963 -5.04643e-12 0.229066
15.8847 -5.0389e-12 0.233447
15.7544 -4.94561e-12 0.234961
15.6232 -4.89798e-12 0.236364
15.4903 -4.92703e-12 0.23756
15.357 -4.95221e-12 0.238731
15.2226 -4.31238e-12 0.239842
15.087 -3.11859e-12 0.240878
14.9512 -2.05668e-12 0.241911
14.8145 -1.82777e-12 0.242853
14.6772 -2.02853e-12 0.243742
14.5391 -2.09481e-12 0.244609
14.4004 -1.99349e-12 0.245426
14.2611 -1.87806e-12 0.246227
14.1209 -1.72444e-12 0.246996
13.9801 -1.57099e-12 0.247755
13.8385 -1.43031e-12 0.248485
13.697 -1.29424e-12 0.249168
13.5551 -1.16433e-12 0.249831
13.4129 -1.03409e-12 0.250476
13.2691 -9.07326e-13 0.250999
13.1216 -7.87217e-13 0.251288
12.9731 -6.75377e-13 0.25155
12.8243 -5.62471e-13 0.251822
12.6748 -4.53205e-13 0.252087
12.524 -3.45352e-13 0.252414
12.3721 -2.51454e-13 0.252875
12.2188 -1.69705e-13 0.253329
12.0639 -1.00204e-13 0.253801
11.9075 -4.86617e-14 0.254277
11.7488 -1.60659e-14 0.254797
11.5874 -9.68618e-15 0.255449
11.4212 -2.53004e-14 0.256385
11.2479 -6.24836e-14 0.257384
11.0682 -1.13861e-13 0.258524
10.8816 -1.9452e-13 0.259791
10.6904 -3.07619e-13 0.261262
10.4958 -4.42412e-13 0.263289
10.2986 -5.90812e-13 0.265982
10.0994 -7.42813e-13 0.269936
9.89902 -8.9301e-13 0.275091
9.69771 -1.02628e-12 0.281525
9.49592 -1.14102e-12 0.28934
9.29334 -1.22889e-12 0.2996
9.0901 -1.29262e-12 0.312113
8.88637 -1.3492e-12 0.325264
8.68218 -1.39408e-12 0.338741
8.47734 -1.43562e-12 0.35232
8.27184 -1.46981e-12 0.365898
8.0658 -1.51024e-12 0.379435
7.85926 -1.55253e-12 0.392856
7.65283 -1.59047e-12 0.406082
7.44604 -1.63368e-12 0.419127
7.23864 -1.67212e-12 0.43199
7.03072 -1.7113e-12 0.444656
6.82235 -1.75462e-12 0.457119
6.61353 -1.80173e-12 0.469369
6.40429 -1.84539e-12 0.481433
6.19474 -1.89484e-12 0.493415
5.98491 -1.9411e-12 0.505307
5.77478 -1.98832e-12 0.517041
5.56444 -2.03478e-12 0.528631
5.35393 -2.06157e-12 0.540056
5.14329 -2.13252e-12 0.55134
4.93241 -2.18138e-12 0.562524
4.72108 -2.2139e-12 0.573829
4.50943 -2.24279e-12 0.58509
4.29672 -2.24466e-12 0.596522
4.08322 -2.24142e-12 0.607947
3.86965 -2.23302e-12 0.619394
3.65612 -2.23485e-12 0.630568
3.44275 -2.28954e-12 0.641524
3.22954 -2.24382e-12 0.652355
3.01654 -2.25516e-12 0.662927
2.80341 -2.26692e-12 0.673364
2.59024 -2.27098e-12 0.683764
2.37683 -2.27728e-12 0.694397
2.16351 -2.29018e-12 0.704925
1.95039 -2.30532e-12 0.715408
1.73765 -2.32357e-12 0.725847
1.52512 -2.34363e-12 0.736316
1.31288 -2.36644e-12 0.746674
1.1008 -2.39241e-12 0.756999
0.88883 -2.4196e-12 0.767282
0.684683 -2.43865e-12 0.781266
0.497051 -2.4444e-12 0.800122
0.313481 -2.4445e-12 0.819444
0.132266 -2.44123e-12 0.838941
-0.0483371 -2.4331e-12 0.858606
-0.229684 -2.42352e-12 0.87855
-0.41247 -2.41716e-12 0.898326
-0.597879 -2.41473e-12 0.917889
-0.785287 -2.41767e-12 0.937279
-0.973692 -2.42286e-12 0.956563
-1.16246 -2.42885e-12 0.975752
-1.35134 -2.43729e-12 0.994836
-1.54043 -2.44501e-12 1.01386
-1.72972 -2.45201e-12 1.0328
-1.91923 -2.45993e-12 1.05167
-2.10899 -2.46624e-12 1.07045
-2.29889 -2.47282e-12 1.08914
-2.48898 -2.47806e-12 1.10778
-2.67913 -2.4819e-12 1.1264
-2.86942 -2.48532e-12 1.14503
-3.05965 -2.48567e-12 1.16371
-3.24998 -2.48759e-12 1.18243
-3.44041 -2.45205e-12 1.2012
-3.63095 -2.48501e-12 1.22004
-3.82159 -2.48161e-12 1.23897
-4.01266 -2.4767e-12 1.25799
-4.20403 -2.47017e-12 1.27712
-4.39593 -2.46153e-12 1.29637
-4.5884 -2.45164e-12 1.31576
-4.78155 -2.43895e-12 1.33531
-4.97545 -2.42672e-12 1.35502
-5.17032 -2.41081e-12 1.37495
-5.36604 -2.39416e-12 1.39521
-5.55987 -2.38699e-12 1.41612
-5.72461 -2.502e-12 1.43871
-5.88936 -2.63013e-12 1.46128
-6.05547 -2.77315e-12 1.48533
-6.22709 -2.9142e-12 1.51192
-6.40006 -3.06274e-12 1.53851
-6.57586 -3.21344e-12 1.56598
-6.75167 -3.35985e-12 1.59311
-6.92836 -3.50882e-12 1.62024
-7.10286 -3.65078e-12 1.64658
-7.2723 -3.80778e-12 1.67192
-7.43968 -3.96039e-12 1.69649
-7.60646 -4.08441e-12 1.72069
-7.77299 -4.22256e-12 1.74478
-7.93984 -4.35179e-12 1.76898
-8.10719 -4.47192e-12 1.79336
-8.27518 -4.58689e-12 1.81798
-8.44381 -4.68438e-12 1.84279
-8.69704 -4.84808e-12 1.88024
-8.86418 -4.96976e-12 1.90521
-9.03169 -5.08956e-12 1.93031
-9.19949 -5.20885e-12 1.95553
-9.36768 -5.3238e-12 1.98087
-9.53626 -5.42724e-12 2.00631
-9.7052 -5.54725e-12 2.03184
-9.87448 -5.65004e-12 2.05744
-10.0441 -5.75891e-12 2.08312
-10.2141 -5.86026e-12 2.10888
-10.3843 -5.94875e-12 2.13473
-10.5536 -5.63837e-12 2.16042
-10.7234 -5.30923e-12 2.18616
-10.8936 -4.99867e-12 2.21196
-11.0641 -4.66567e-12 2.23782
-11.2349 -4.34432e-12 2.26375
-11.4195 -4.03649e-12 2.28912
-11.7004 -3.51576e-12 2.31873
-11.9439 -3.14821e-12 2.3474
-12.144 -2.94408e-12 2.37321
-12.4649 -2.22427e-12 2.40461
-12.7069 -1.9492e-12 2.44239
-12.923 -1.82509e-12 2.47001
-13.128 -1.73358e-12 2.49653
-13.2996 -1.78098e-12 2.52061
-13.4716 -1.82319e-12 2.54487
-13.6429 -1.86681e-12 2.56936
-13.8145 -1.92985e-12 2.59406
-13.6861 -2.34482e-12 2.54619
-13.5568 -3.2205e-12 2.49857
-13.4253 -3.31018e-12 2.45162
-13.2918 -2.7646e-12 2.40529
-13.1568 -2.45203e-12 2.35959
-13.0207 -2.3178e-12 2.31453
-12.8842 -2.17298e-12 2.27002
-12.7476 -2.04224e-12 2.22605
-12.6112 -2.00102e-12 2.18262
-12.4756 -1.79692e-12 2.1398
-12.34 -1.56389e-12 2.09743
-12.2038 -1.59457e-12 2.05547
-12.067 -1.51958e-12 2.01377
-11.9294 -1.44392e-12 1.97231
-11.7911 -1.37154e-12 1.93111
-11.6517 -1.30334e-12 1.89043
-11.5114 -1.23814e-12 1.8502
-11.3701 -1.16475e-12 1.81025
-11.2279 -1.06945e-12 1.77066
-11.0848 -9.9223e-13 1.73152
-10.9406 -8.86123e-13 1.69313
-10.7953 -7.69877e-13 1.65536
-10.6481 -6.38844e-13 1.61808
-10.4971 -4.91449e-13 1.58186
-10.343 -3.20663e-13 1.54698
-10.1871 -1.4598e-13 1.51262
-10.0302 3.70598e-14 1.47949
-9.87105 2.02058e-13 1.44712
-9.70943 3.25624e-13 1.41575
-9.54334 4.05912e-13 1.38491
-9.37304 4.46973e-13 1.35443
-9.1985 4.60602e-13 1.32499
-9.02085 4.69037e-13 1.29616
-8.84082 4.63823e-13 1.26777
-8.65887 4.52271e-13 1.23999
-8.47537 4.42177e-13 1.21283
-8.29047 4.26591e-13 1.18616
-8.1046 4.08526e-13 1.15991
-7.91774 3.86813e-13 1.1341
-7.73021 3.68246e-13 1.10878
-7.54238 3.48695e-13 1.08403
-7.35338 3.27713e-13 1.05997
-7.16317 3.08753e-13 1.03653
-6.97255 2.94508e-13 1.01337
-6.7819 2.85998e-13 0.990407
-6.59129 2.7779e-13 0.967601
-6.40083 2.71704e-13 0.94489
-6.21053 2.67321e-13 0.92228
-6.02027 2.6454e-13 0.899758
-5.83003 2.66871e-13 0.87725
-5.63981 2.71782e-13 0.85469
-5.44952 2.81507e-13 0.832076
-5.25921 2.92541e-13 0.809387
-5.06883 3.09246e-13 0.786624
-4.8784 3.29306e-13 0.763796
-4.68784 3.51661e-13 0.74091
-4.4972 3.7453e-13 0.717976
-4.30642 3.90491e-13 0.695044
-4.11551 3.98372e-13 0.6721
-3.92416 3.76289e-13 0.649326
-3.73254 3.54345e-13 0.62651
-3.54069 3.36247e-13 0.603649
-3.34877 3.21724e-13 0.580719
-3.15671 3.13628e-13 0.557751
-2.96454 3.06824e-13 0.534713
-2.77215 2.97804e-13 0.511713
-2.57958 2.84845e-13 0.488728
-2.3868 2.73302e-13 0.465733
-2.19334 2.68945e-13 0.443054
-1.99977 2.67502e-13 0.420465
-1.80572 2.68906e-13 0.398099
-1.61164 2.77479e-13 0.37595
-1.41759 2.88835e-13 0.35393
-1.22341 3.00474e-13 0.332024
-1.029 3.15469e-13 0.310223
-0.83431 3.30046e-13 0.288488
-0.638987 3.44854e-13 0.266856
-0.443223 3.58343e-13 0.245326
-0.247018 3.70645e-13 0.2239
-0.0505018 3.81202e-13 0.202591
0.146344 3.90885e-13 0.181291
0.343676 3.98341e-13 0.160013
0.541312 4.05481e-13 0.138652
0.739303 4.13469e-13 0.11719
0.937613 4.21513e-13 0.0955809
1.1362 4.29907e-13 0.0738072
1.33555 4.36312e-13 0.0518943
1.53525 4.41519e-13 0.029831
1.73522 4.48972e-13 0.00761475
1.9326 4.49415e-13 -0.0105953
2.11762 4.28069e-13 -0.0196407
2.29812 3.99609e-13 -0.0256204
2.47632 3.68034e-13 -0.0302708
2.65253 3.3306e-13 -0.0334768
2.82492 2.91687e-13 -0.0343482
2.99255 2.44527e-13 -0.0328442
3.16046 1.9741e-13 -0.0310613
3.3291 1.51509e-13 -0.0291295
3.49888 1.08102e-13 -0.0269389
3.67041 6.81052e-14 -0.024404
3.84363 3.24337e-14 -0.0214576
4.01816 -1.10758e-15 -0.018148
4.19354 -3.27336e-14 -0.0145423
4.36933 -6.33321e-14 -0.0107037
4.54536 -9.32903e-14 -0.00667589
4.72162 -1.26816e-13 -0.00248166
4.89801 -1.51396e-13 0.00184745
5.07455 -1.80185e-13 0.0063002
5.2511 -2.08764e-13 0.0108526
5.42781 -2.37182e-13 0.0155085
5.60461 -2.65815e-13 0.0202524
5.78157 -2.94616e-13 0.025062
5.95863 -3.23343e-13 0.0299505
6.13584 -3.52401e-13 0.0349002
6.3132 -3.81315e-13 0.0398998
6.49069 -4.1072e-13 0.0449385
6.66836 -4.39996e-13 0.0500473
6.84632 -4.69363e-13 0.0552033
7.02442 -4.98957e-13 0.0603903
7.20273 -5.28698e-13 0.0656127
7.38132 -5.58779e-13 0.0708521
7.56011 -5.88457e-13 0.0761076
7.74041 -5.7606e-13 0.0812433
7.92571 -4.61395e-13 0.0859857
8.11301 -3.69983e-13 0.0907377
8.30114 -2.46472e-13 0.095476
8.5895 -1.1784e-14 0.102521
8.78384 1.42712e-13 0.107266
8.98239 -1.88913e-14 0.112029
9.18154 -9.59723e-13 0.116748
9.38091 -1.92228e-12 0.121508
9.5834 -2.91122e-12 0.126331
9.78892 -3.66526e-12 0.131195
9.99484 -3.46919e-12 0.136026
10.2008 -3.2768e-12 0.140902
10.4069 -3.07912e-12 0.145827
10.613 -3.01036e-12 0.150683
10.8227 -2.97343e-12 0.155588
11.0341 -2.92953e-12 0.160538
11.2451 -2.89222e-12 0.165504
11.4548 -2.9407e-12 0.17037
11.6613 -2.9867e-12 0.175168
11.8676 -3.03376e-12 0.180016
12.0737 -3.08003e-12 0.184916
12.2797 -3.12427e-12 0.189874
12.486 -3.16626e-12 0.194881
12.6959 -3.21209e-12 0.199958
12.9055 -3.25612e-12 0.20508
13.1148 -3.30535e-12 0.210242
13.3237 -3.3475e-12 0.215447
13.5321 -3.39099e-12 0.220692
13.7402 -3.43099e-12 0.225977
13.9478 -3.46732e-12 0.231302
14.1548 -3.50987e-12 0.236665
14.3611 -3.54795e-12 0.242065
14.5669 -3.58086e-12 0.2475
14.7722 -3.62029e-12 0.252973
14.9784 -3.65849e-12 0.258484
15.1836 -3.69609e-12 0.264027
15.3877 -3.72911e-12 0.2696
15.5908 -3.76212e-12 0.275202
15.7927 -3.78905e-12 0.280832
15.9936 -3.82299e-12 0.28649
16.1935 -3.85433e-12 0.292176
16.3924 -3.88025e-12 0.29789
16.5904 -3.90717e-12 0.303632
16.7874 -3.92949e-12 0.3094
16.9837 -3.95189e-12 0.315197
17.1813 -3.9781e-12 0.320637
17.379 -4.00494e-12 0.325929
17.5761 -4.02824e-12 0.331229
17.7726 -4.05627e-12 0.336544
17.9687 -4.0797e-12 0.341883
18.1643 -4.10311e-12 0.347244
18.3596 -4.1265e-12 0.352627
18.5546 -4.14691e-12 0.357954
18.7492 -4.16937e-12 0.363251
18.9435 -4.18656e-12 0.368569
19.1376 -4.20958e-12 0.373909
19.3315 -4.23538e-12 0.37927
19.5251 -4.25576e-12 0.38465
19.3955 -4.17949e-12 0.386137
19.2658 -4.09373e-12 0.387652
19.1352 -4.03244e-12 0.389101
19.0028 -4.05826e-12 0.39034
18.8684 -3.47984e-12 0.391399
18.7329 -2.35161e-12 0.39238
18.5967 -1.69473e-12 0.393309
18.4594 -1.93968e-12 0.394149
18.3215 -2.02118e-12 0.394947
18.1828 -1.94266e-12 0.395698
18.0434 -1.81255e-12 0.396445
17.9034 -1.67553e-12 0.397225
17.7622 -1.55541e-12 0.398109
17.6176 -1.45341e-12 0.398671
17.4727 -1.3522e-12 0.399152
17.3276 -1.25292e-12 0.399574
17.1818 -1.14994e-12 0.399958
17.0357 -1.04445e-12 0.400289
16.8889 -9.44607e-13 0.400568
16.7412 -8.4289e-13 0.400797
16.5938 -7.41881e-13 0.400974
16.4455 -6.38873e-13 0.401092
16.2963 -5.44409e-13 0.401153
16.1458 -4.50953e-13 0.40118
15.9941 -3.59794e-13 0.401207
15.841 -2.73027e-13 0.401205
15.6866 -1.96901e-13 0.401231
15.5303 -1.28136e-13 0.401195
15.3722 -7.30743e-14 0.401122
15.2125 -3.15783e-14 0.401057
15.05 -6.34376e-15 0.400946
14.8847 2.40792e-15 0.401277
14.7147 -4.13746e-15 0.403003
14.5396 -1.35727e-14 0.406989
14.3585 -1.86598e-14 0.411326
14.1725 -3.81444e-14 0.419702
13.9824 -6.38441e-14 0.430129
13.7889 -9.55644e-14 0.441307
13.5928 -1.31114e-13 0.452356
13.3945 -1.68341e-13 0.463343
13.1946 -2.0613e-13 0.474153
12.9933 -2.40707e-13 0.484793
12.7909 -2.73474e-13 0.495263
12.5876 -3.08601e-13 0.505581
12.3839 -3.41546e-13 0.515949
12.1789 -3.68898e-13 0.527668
11.9733 -3.97546e-13 0.539822
11.7673 -4.28443e-13 0.551987
11.5609 -4.59777e-13 0.564089
11.3539 -4.95486e-13 0.576128
11.1467 -5.29078e-13 0.588127
10.939 -5.62654e-13 0.600049
10.7311 -6.0063e-13 0.611954
10.5232 -6.37748e-13 0.623849
10.3152 -6.75962e-13 0.63576
10.1071 -7.17981e-13 0.647667
9.89903 -7.62901e-13 0.659595
9.69091 -8.01614e-13 0.671507
9.48277 -8.46067e-13 0.683385
9.27463 -8.96475e-13 0.69522
9.06648 -9.42128e-13 0.706995
8.85833 -9.90219e-13 0.71871
8.65022 -1.04337e-12 0.73037
8.44216 -1.09438e-12 0.741979
8.23422 -1.15067e-12 0.753596
8.02638 -1.20134e-12 0.765237
7.81868 -1.25761e-12 0.776977
7.61103 -1.30875e-12 0.788991
7.40333 -1.35536e-12 0.801317
7.19525 -1.3875e-12 0.813912
6.98694 -1.41356e-12 0.826565
6.77795 -1.41964e-12 0.839255
6.56916 -1.42816e-12 0.851806
6.36013 -1.43677e-12 0.864176
6.15139 -1.447e-12 0.876492
5.94324 -1.45889e-12 0.888827
5.73537 -1.47362e-12 0.901059
5.52755 -1.48913e-12 0.913202
5.31989 -1.49886e-12 0.92539
5.11234 -1.5087e-12 0.937479
4.90509 -1.52027e-12 0.9494
4.69837 -1.5373e-12 0.96115
4.49207 -1.55753e-12 0.972814
4.28608 -1.57968e-12 0.984354
4.08055 -1.604e-12 0.995779
3.87549 -1.63185e-12 1.00708
3.67075 -1.66101e-12 1.01834
3.4664 -1.69252e-12 1.02951
3.26238 -1.72676e-12 1.04064
3.05869 -1.75941e-12 1.05164
2.85526 -1.79357e-12 1.06276
2.65204 -1.82739e-12 1.07392
2.44902 -1.86347e-12 1.08499
2.24594 -1.89666e-12 1.09603
2.04287 -1.92955e-12 1.10699
1.83986 -1.96149e-12 1.11791
1.63684 -1.99445e-12 1.12877
1.43391 -2.02564e-12 1.13959
1.23101 -2.05809e-12 1.15041
1.02823 -2.08979e-12 1.16119
0.825513 -2.12138e-12 1.17196
0.622782 -2.15301e-12 1.18272
0.419965 -2.18477e-12 1.1935
0.216678 -2.21463e-12 1.20464
0.013209 -2.24346e-12 1.21584
-0.190479 -2.27221e-12 1.2271
-0.394263 -2.29908e-12 1.23852
-0.597817 -2.32588e-12 1.25022
-0.801837 -2.35225e-12 1.26201
-1.00612 -2.37693e-12 1.27384
-1.20522 -2.33901e-12 1.28881
-1.39267 -2.39025e-12 1.30682
-1.57865 -2.38547e-12 1.32532
-1.76035 -2.37708e-12 1.34463
-1.9394 -2.36576e-12 1.36441
-2.12176 -2.35766e-12 1.38409
-2.30686 -2.35287e-12 1.40369
-2.49332 -2.34774e-12 1.42317
-2.68035 -2.34436e-12 1.44254
-2.86771 -2.34065e-12 1.4618
-3.05531 -2.18254e-12 1.48096
-3.24303 -2.3313e-12 1.50005
-3.43075 -2.32749e-12 1.51906
-3.61848 -2.32422e-12 1.53801
-3.80626 -2.31989e-12 1.55689
-3.994 -2.31636e-12 1.57571
-4.18172 -2.31222e-12 1.59445
-4.36944 -2.31046e-12 1.61314
-4.5572 -2.3054e-12 1.63175
-4.74493 -2.30174e-12 1.6503
-4.93259 -2.29899e-12 1.66879
-5.1202 -2.50003e-12 1.68723
-5.30774 -2.28834e-12 1.70561
-5.49519 -2.28508e-12 1.72392
-5.77617 -2.3684e-12 1.75127
-5.96339 -2.27198e-12 1.76943
-6.15053 -2.26553e-12 1.78753
-6.33764 -2.26178e-12 1.80557
-6.52473 -2.25394e-12 1.82355
-6.71186 -2.24742e-12 1.84145
-6.899 -2.24076e-12 1.8593
-7.08626 -2.23301e-12 1.87709
-7.27357 -2.22549e-12 1.89482
-7.46093 -2.21797e-12 1.91248
-7.64844 -2.20991e-12 1.9301
-7.83604 -2.20142e-12 1.94765
-8.02375 -2.19239e-12 1.96516
-8.21161 -2.18477e-12 1.98261
-8.39959 -2.17667e-12 2.00002
-8.58757 -2.16723e-12 2.01745
-8.77449 -2.16295e-12 2.03531
-8.96138 -2.15824e-12 2.05318
-9.14168 -2.21407e-12 2.07262
-9.31405 -2.33191e-12 2.09371
-9.47677 -2.49567e-12 2.11582
-9.63749 -2.66002e-12 2.13852
-9.79867 -2.83285e-12 2.16119
-9.96169 -3.00591e-12 2.18427
-10.1259 -3.16423e-12 2.20754
-10.2905 -3.32161e-12 2.23076
-10.4554 -3.47915e-12 2.25395
-10.6208 -3.49833e-12 2.27728
-10.7873 -3.39501e-12 2.30091
-10.9542 -3.30545e-12 2.32449
-11.1212 -3.2058e-12 2.34804
-11.2883 -3.10324e-12 2.37156
-11.4557 -3.00226e-12 2.39505
-11.6231 -2.89295e-12 2.41854
-11.7907 -2.78321e-12 2.44202
-11.9583 -2.6725e-12 2.46551
-12.1267 -2.56025e-12 2.48916
-12.2959 -2.43677e-12 2.51304
-12.4652 -2.31073e-12 2.53696
-12.6345 -2.18169e-12 2.56095
-12.8039 -2.03533e-12 2.58503
-12.9735 -2.0265e-12 2.60912
-13.1433 -2.07161e-12 2.63327
-13.313 -2.10655e-12 2.65752
-13.4829 -2.15927e-12 2.68187
-13.6529 -2.21134e-12 2.70631
-13.8229 -2.2502e-12 2.73086
-13.9952 -2.28708e-12 2.75562
-14.1681 -2.31344e-12 2.78055
-14.3413 -2.36502e-12 2.80562
-14.5148 -2.39578e-12 2.83078
-14.6885 -2.42421e-12 2.85601
-14.8626 -2.43687e-12 2.88129
-15.0368 -2.44965e-12 2.90665
-15.2111 -2.47671e-12 2.93211
-15.3854 -2.48172e-12 2.95766
-15.5599 -2.5044e-12 2.98329
-15.7345 -2.53163e-12 3.00899
-15.9092 -2.53642e-12 3.03476
-16.084 -2.55068e-12 3.06061
-16.2596 -2.57413e-12 3.08661
-16.4357 -2.5604e-12 3.1127
-16.6126 -2.59837e-12 3.13878
-16.9296 -2.15974e-12 3.15792
-17.1463 -1.98722e-12 3.20506
-17.3649 -1.88674e-12 3.24421
-17.5731 -1.84854e-12 3.27709
-17.446 -1.34632e-12 3.22886
-17.318 -1.21775e-12 3.18084
-17.1886 -2.11484e-12 3.13351
-17.0588 -2.75951e-12 3.08641
-16.9251 -2.21296e-12 3.04026
-16.7904 -1.8365e-12 2.99462
-16.6541 -1.70537e-12 2.94974
-16.5173 -1.57643e-12 2.90543
-16.3802 -1.47911e-12 2.86153
-16.243 -1.3731e-12 2.81801
-16.106 -1.26763e-12 2.77499
-15.9691 -1.19003e-12 2.73246
-15.8314 -1.1135e-12 2.69014
-15.6932 -1.05151e-12 2.64802
-15.5542 -9.85394e-13 2.60621
-15.4144 -9.46304e-13 2.56483
-15.2738 -9.07829e-13 2.52371
-15.1323 -8.64343e-13 2.48297
-14.9899 -8.21823e-13 2.44253
-14.8465 -7.89604e-13 2.40258
-14.6999 -7.49078e-13 2.36342
-14.5495 -6.96584e-13 2.32501
-14.3975 -6.35363e-13 2.28691
-14.2441 -5.70875e-13 2.24961
-14.0894 -4.88711e-13 2.21299
-13.9331 -3.99322e-13 2.17725
-13.775 -2.9408e-13 2.1421
-13.615 -1.72796e-13 2.10774
-13.4534 -4.32208e-14 2.07414
-13.2907 8.13412e-14 2.0421
-13.1256 1.86006e-13 2.01097
-12.956 2.66431e-13 1.98046
-12.7822 3.15894e-13 1.9501
-12.6041 3.5018e-13 1.92032
-12.4229 3.16489e-13 1.89138
-12.24 3.82989e-13 1.86291
-12.055 3.88568e-13 1.83492
-11.8681 3.89847e-13 1.80733
-11.6795 3.86954e-13 1.78015
-11.4893 3.79918e-13 1.75341
-11.2979 3.75403e-13 1.72717
-11.106 3.65304e-13 1.70138
-10.9138 3.50654e-13 1.67603
-10.7212 3.38651e-13 1.65101
-10.5271 3.21784e-13 1.62656
-10.3324 3.06854e-13 1.60231
-10.1375 2.93456e-13 1.57812
-9.94251 2.79086e-13 1.55398
-9.74768 2.72418e-13 1.5299
-9.55276 2.63227e-13 1.50586
-9.3581 2.60958e-13 1.48184
-9.16362 2.56878e-13 1.45781
-8.96928 2.56566e-13 1.43377
-8.7751 2.59741e-13 1.40975
-8.58102 2.634e-13 1.3857
-8.38699 2.67295e-13 1.36159
-8.19306 2.77331e-13 1.3374
-7.9992 2.90151e-13 1.31314
-7.80543 3.03626e-13 1.2888
-7.61175 3.21425e-13 1.2644
-7.41811 3.41797e-13 1.24
-7.22451 3.61196e-13 1.21557
-7.031 3.7806e-13 1.1911
-6.83741 3.85617e-13 1.16667
-6.64369 3.79181e-13 1.14221
-6.44997 3.56512e-13 1.11771
-6.2562 3.37036e-13 1.09317
-6.06243 3.20012e-13 1.06858
-5.8689 3.04362e-13 1.04389
-5.6754 2.95383e-13 1.01919
-5.48198 2.85452e-13 0.994424
-5.28847 2.69827e-13 0.969645
-5.09492 2.57251e-13 0.944888
-4.90139 2.4593e-13 0.920123
-4.70782 2.40178e-13 0.895409
-4.51419 2.39735e-13 0.870756
-4.3206 2.41365e-13 0.846129
-4.12664 2.44809e-13 0.821733
-3.93261 2.51242e-13 0.797289
-3.73858 2.58914e-13 0.772785
-3.5445 2.68142e-13 0.748233
-3.35032 2.78534e-13 0.723644
-3.15609 2.90839e-13 0.699069
-2.96175 3.02104e-13 0.674532
-2.76742 3.14006e-13 0.649919
-2.57307 3.25812e-13 0.625296
-2.37868 3.3595e-13 0.60059
-2.18413 3.44635e-13 0.575842
-1.98947 3.54269e-13 0.551014
-1.7947 3.64009e-13 0.526078
-1.59989 3.711e-13 0.501038
-1.40503 3.80479e-13 0.47595
-1.2102 3.91309e-13 0.450712
-1.0154 4.01759e-13 0.42532
-0.820555 4.12858e-13 0.399873
-0.625673 4.24897e-13 0.374306
-0.430747 4.36694e-13 0.348689
-0.235768 4.50472e-13 0.32306
-0.0407504 4.65017e-13 0.297505
0.15435 4.80411e-13 0.271952
