-8.52507e-07 3.80622e-16 -0.0355989
0.139817 4.44892e-14 -0.0167372
0.290332 2.20008e-13 0.0064801
0.438625 4.13835e-13 0.0445335
0.573714 5.09335e-13 0.0906704
0.704322 5.35866e-13 0.13936
0.83233 6.02265e-13 0.189137
0.959044 6.70844e-13 0.23918
1.08459 7.29965e-13 0.289421
1.2091 8.16144e-13 0.339812
1.33323 9.03448e-13 0.390317
1.45701 1.00657e-12 0.440893
1.58068 1.1356e-12 0.491435
1.70493 1.25878e-12 0.541782
1.83227 1.39549e-12 0.591463
1.96922 1.6521e-12 0.638645
2.12243 2.19622e-12 0.680643
2.28216 2.5486e-12 0.71822
2.44227 2.55321e-12 0.752925
2.60441 2.46675e-12 0.785149
2.48111 2.34703e-12 0.733738
2.35755 2.2697e-12 0.682361
2.2336 2.16544e-12 0.631087
2.10936 2.09881e-12 0.579904
1.98484 2.00796e-12 0.528783
1.86001 1.92208e-12 0.477729
1.73492 1.8335e-12 0.426697
1.60926 1.71834e-12 0.375922
1.48302 1.61089e-12 0.325498
1.35616 1.48062e-12 0.275487
1.22845 1.31534e-12 0.226582
1.09973 1.07576e-12 0.179215
0.969506 7.89383e-13 0.133282
0.836446 4.11004e-13 0.0893803
0.695899 1.18999e-13 0.0481722
0.538447 -3.59498e-15 0.0101576
0.374989 1.94569e-13 -0.0210551
0.20907 -1.0857e-13 -0.0366749
0.033947 -3.58905e-13 -0.0491208
-0.129045 -2.13018e-13 -0.060824
-0.271527 -1.86216e-13 -0.0676971
-0.427194 -8.03464e-14 -0.0726362
-0.575901 2.00149e-13 -0.0756898
-0.719911 3.30374e-13 -0.0778464
-0.861575 5.68548e-13 -0.0795911
-0.998463 7.64127e-13 -0.0811271
-1.13075 4.83764e-13 -0.0826587
-1.26078 5.80701e-13 -0.0841093
-1.3902 6.78371e-13 -0.0854492
-1.51937 7.71515e-13 -0.0866956
-1.64921 8.62509e-13 -0.0878305
-1.78203 9.36521e-13 -0.0887488
-1.92429 9.26351e-13 -0.0891068
-2.08659 7.24253e-13 -0.0882326
-2.2649 6.87781e-13 -0.0860926
-2.44707 7.56673e-13 -0.0833006
-2.63104 9.1569e-13 -0.0800288
-2.81877 1.07838e-12 -0.0763104
-3.01101 1.2142e-12 -0.0721563
-2.88214 1.00612e-12 -0.0716732
-2.75297 7.97259e-13 -0.0711576
-2.62352 5.90886e-13 -0.0706073
-2.49384 3.96802e-13 -0.0700222
-2.36391 2.21955e-13 -0.0693968
-2.23219 4.70118e-13 -0.0688776
-2.09929 1.04549e-12 -0.0683852
-1.96517 9.51271e-13 -0.0678768
-1.82929 6.40227e-13 -0.0673776
-1.69091 3.87545e-13 -0.0668439
-1.55133 3.49127e-13 -0.0660809
-1.41056 3.75989e-13 -0.0650637
-1.26816 3.81272e-13 -0.0635471
-1.12259 3.19053e-13 -0.0615029
-0.971378 1.2017e-13 -0.0587854
-0.810295 -2.99412e-14 -0.0551044
-0.641179 -5.52128e-14 -0.0507844
-0.480541 1.23258e-14 -0.0447528
-0.322217 1.23347e-13 -0.0369295
-0.153714 3.18425e-13 -0.0278469
0.00779423 4.81402e-13 -0.0117657
0.161953 5.55415e-13 0.0135375
0.321042 5.53921e-13 0.0468735
0.481433 4.73678e-13 0.087844
0.638718 5.18423e-13 0.130994
0.791123 5.5804e-13 0.175837
0.939236 6.1391e-13 0.220525
1.08749 7.18661e-13 0.265174
1.23522 7.88054e-13 0.310005
1.38223 7.77355e-13 0.355506
1.52895 7.06183e-13 0.401114
1.66677 5.44312e-13 0.448971
1.79679 1.27072e-12 0.498641
1.92539 1.42233e-12 0.548461
2.05543 1.59406e-12 0.597722
2.18766 1.82465e-12 0.646059
2.32334 2.07099e-12 0.69288
2.46396 2.29207e-12 0.737153
2.61148 2.40707e-12 0.777263
2.76773 2.37945e-12 0.811772
2.93109 2.32305e-12 0.841682
3.09866 2.31156e-12 0.868904
3.26903 2.29969e-12 0.894577
3.44088 2.28097e-12 0.918954
3.61366 2.27315e-12 0.942299
3.78769 2.26335e-12 0.96506
3.9633 2.26428e-12 0.987215
4.13993 2.27062e-12 1.00852
4.31634 2.27398e-12 1.02949
4.4924 2.25293e-12 1.05076
4.66889 2.24701e-12 1.07222
4.84441 2.23621e-12 1.0943
5.01973 2.23052e-12 1.11709
5.19698 2.20973e-12 1.14107
5.37881 2.20247e-12 1.16672
5.56469 2.21503e-12 1.19391
5.75346 2.23691e-12 1.22237
5.94466 2.23961e-12 1.25176
6.13819 2.28725e-12 1.28185
6.01406 2.28086e-12 1.23259
5.88983 2.27993e-12 1.1836
5.76518 2.27385e-12 1.13487
5.63979 2.30487e-12 1.08646
5.51183 1.14245e-12 1.03858
5.38291 6.91831e-14 0.99098
5.25135 -6.94053e-13 0.943816
5.11576 -4.43981e-13 0.897845
4.97992 -2.49451e-13 0.852353
4.84385 -7.70411e-14 0.807077
4.7058 -1.25148e-13 0.762788
4.56691 -2.2037e-13 0.719212
4.42755 -3.09012e-13 0.676014
4.28752 -3.84206e-13 0.633256
4.14641 -4.48224e-13 0.59115
4.0046 -5.10082e-13 0.549939
3.86195 -5.39387e-13 0.509567
3.71833 -5.29208e-13 0.469782
3.57367 -4.53991e-13 0.430814
3.42802 -3.25499e-13 0.393007
3.28157 -1.39679e-13 0.356269
3.13404 7.7797e-14 0.320735
2.98323 2.81961e-13 0.285956
2.82656 4.38112e-13 0.251837
2.66328 5.13094e-13 0.217592
2.49095 5.68855e-13 0.182895
2.3126 6.38342e-13 0.148852
2.13045 7.33748e-13 0.116116
1.94585 8.44617e-13 0.0851099
1.7588 9.72315e-13 0.0557714
1.56933 1.12439e-12 0.0281296
1.38106 1.30239e-12 0.0027976
1.19931 1.46188e-12 -0.0189505
1.02361 1.52734e-12 -0.0368725
0.853603 1.54263e-12 -0.0515066
0.689034 1.55096e-12 -0.063211
0.53503 1.56931e-12 -0.0716427
0.389792 1.55095e-12 -0.0776651
0.249008 1.40695e-12 -0.0826155
0.112181 1.285e-12 -0.0867214
-0.0221288 1.17802e-12 -0.0902198
-0.156907 1.10138e-12 -0.0934645
-0.297359 1.02377e-12 -0.0961625
-0.44737 9.38732e-13 -0.0977739
-0.604096 8.72846e-13 -0.0982346
-0.766029 8.36224e-13 -0.0977054
-0.930187 8.24106e-13 -0.096332
-1.09553 8.32446e-13 -0.0943008
-1.26144 8.57267e-13 -0.0917545
-1.42737 8.90265e-13 -0.0888266
-1.5935 9.30733e-13 -0.085594
-1.76054 9.77553e-13 -0.0821372
-1.92938 1.02933e-12 -0.0784921
-2.0989 1.08305e-12 -0.0746509
-2.26921 1.14054e-12 -0.0706174
-2.4402 1.20075e-12 -0.0664026
-2.6156 1.29372e-12 -0.0624405
-2.79671 1.61117e-12 -0.0591282
-2.97864 1.14494e-12 -0.0558085
-3.15953 1.31205e-12 -0.0523814
-3.33987 1.45501e-12 -0.0484679
-3.5211 1.60992e-12 -0.0440732
-3.70174 1.76905e-12 -0.0393706
-3.88441 1.9294e-12 -0.0343636
-4.06969 2.08091e-12 -0.029118
-4.25742 2.22462e-12 -0.023695
-4.44662 2.36056e-12 -0.018072
-4.63756 2.49615e-12 -0.0122181
-4.83089 2.62191e-12 -0.00613283
-5.02668 2.73784e-12 0.000137965
-5.22404 2.84698e-12 0.00656157
-5.42252 2.94932e-12 0.0131341
-5.62221 3.04554e-12 0.019814
-5.82537 3.11643e-12 0.0267673
-6.03119 3.18099e-12 0.0339287
-6.2398 3.22191e-12 0.0413869
-6.44993 3.26269e-12 0.0489758
-6.6603 3.30074e-12 0.0566163
-6.87013 3.33507e-12 0.0642759
-6.7389 4.21294e-12 0.0646971
-6.6062 3.87931e-12 0.0648953
-6.47118 3.3527e-12 0.064918
-6.33584 3.14064e-12 0.0648459
-6.20055 2.98219e-12 0.0647348
-6.06518 2.84681e-12 0.0646121
-5.92965 2.71485e-12 0.0644954
-5.79379 2.6104e-12 0.0644169
-5.65816 2.50413e-12 0.0643282
-5.52209 2.39282e-12 0.0642508
-5.38613 2.27091e-12 0.0641681
-5.24968 2.13716e-12 0.0640826
-5.11288 1.99544e-12 0.0640276
-4.97562 1.84548e-12 0.0639973
-4.83782 1.67576e-12 0.0639731
-4.69924 1.46522e-12 0.0640006
-4.55976 1.21193e-12 0.0640559
-4.42017 9.43444e-13 0.0640864
-4.2797 6.41397e-13 0.0642433
-4.13834 3.23469e-13 0.0644674
-3.99287 3.02474e-14 0.0646225
-3.84409 -2.16706e-13 0.0647531
-3.69251 -4.03722e-13 0.0648989
-3.53652 -5.23748e-13 0.0651217
-3.37174 -5.75198e-13 0.065345
-3.19991 -5.77708e-13 0.0655882
-3.02404 -5.49568e-13 0.0658508
-2.84463 -5.04919e-13 0.0668306
-2.66157 -4.50298e-13 0.0676968
-2.47531 -3.86832e-13 0.0688052
-2.28898 -3.19524e-13 0.0727698
-2.10273 -2.66543e-13 0.078216
-1.91731 -2.2153e-13 0.0861714
-1.7353 -1.75041e-13 0.10197
-1.55563 -1.18692e-13 0.121386
-1.37566 -5.38865e-14 0.143731
-1.19657 9.22036e-15 0.167157
-1.01838 6.37518e-14 0.191345
-0.84155 9.35586e-14 0.216695
-0.659856 1.05667e-13 0.243103
-0.479733 1.58749e-13 0.272378
-0.300479 2.64775e-13 0.302222
-0.121343 3.56924e-13 0.33123
0.0585397 4.34921e-13 0.359649
0.230814 5.09156e-13 0.390009
0.401622 5.98847e-13 0.419859
0.571985 6.82591e-13 0.448448
0.742544 7.557e-13 0.476062
0.913889 8.19552e-13 0.502857
1.0865 8.70799e-13 0.528868
1.26095 9.13849e-13 0.554358
1.43588 9.40438e-13 0.579191
1.61186 9.60372e-13 0.603676
1.78867 9.70086e-13 0.627757
1.96792 9.74068e-13 0.652001
2.14836 9.76498e-13 0.675922
2.32941 9.71334e-13 0.699434
2.51103 9.65113e-13 0.722538
2.69326 9.54595e-13 0.745153
2.87608 9.40702e-13 0.767246
3.06232 9.26932e-13 0.789558
3.24947 9.12539e-13 0.811476
3.43765 8.97293e-13 0.833016
3.6304 8.84557e-13 0.855751
3.82224 7.87377e-13 0.884567
4.00434 5.83405e-13 0.914852
4.17189 2.39409e-13 0.946775
4.33561 -1.09871e-13 0.978863
4.4967 2.92027e-13 1.01072
4.65873 7.35618e-13 1.04219
4.82252 1.15934e-12 1.07337
4.98828 1.53257e-12 1.10447
5.15574 1.86505e-12 1.13542
5.32468 2.07461e-12 1.16634
5.49554 2.04747e-12 1.1973
5.66869 2.03582e-12 1.22844
5.84434 2.03307e-12 1.25991
6.02319 2.06093e-12 1.2917
6.20475 2.07885e-12 1.32367
6.38863 2.10924e-12 1.35597
6.57437 2.14472e-12 1.38847
6.76222 2.1777e-12 1.42108
6.95261 2.21866e-12 1.45392
7.14447 2.25683e-12 1.48716
7.33832 2.32242e-12 1.52096
7.53367 2.37224e-12 1.55529
7.7303 2.4187e-12 1.59001
7.92809 2.48927e-12 1.62504
8.12626 2.54725e-12 1.66007
8.42309 2.66338e-12 1.71243
8.62074 2.7131e-12 1.74706
8.818 2.78046e-12 1.78164
9.01506 2.84614e-12 1.81629
9.2454 2.99812e-12 1.8505
9.50965 3.24702e-12 1.88658
9.76743 3.45933e-12 1.92235
10.0071 3.61546e-12 1.95708
10.3052 3.94937e-12 1.99271
10.542 4.1193e-12 2.02714
10.7763 4.24933e-12 2.06005
10.9738 4.2923e-12 2.09242
11.1702 4.29736e-12 2.12546
11.3649 4.33391e-12 2.15853
11.5362 4.32273e-12 2.18485
11.7056 4.31847e-12 2.21061
11.8754 4.33628e-12 2.23647
12.0457 4.33719e-12 2.26238
12.2164 4.31102e-12 2.28829
12.3883 4.34893e-12 2.31413
12.6869 4.53485e-12 2.34293
12.903 5.13759e-12 2.39062
13.0684 5.11747e-12 2.41441
13.2367 5.09252e-12 2.43926
13.405 5.08685e-12 2.46448
13.5732 5.05505e-12 2.48965
13.7423 5.03863e-12 2.51489
13.9122 5.02934e-12 2.54044
14.0823 5.0435e-12 2.56628
14.2524 5.02425e-12 2.59217
14.4226 5.01123e-12 2.61806
14.2976 4.916e-12 2.56907
14.1718 4.87878e-12 2.52016
14.0447 4.89259e-12 2.47148
13.9171 4.93182e-12 2.4229
13.7881 4.29007e-12 2.37469
13.6576 3.09234e-12 2.32687
13.5269 2.03853e-12 2.27915
13.3935 1.805e-12 2.23209
13.2584 2.0103e-12 2.18548
13.1222 2.07483e-12 2.13928
12.9844 1.97413e-12 2.09355
12.8461 1.85101e-12 2.04806
12.7067 1.69914e-12 2.00309
12.5666 1.5441e-12 1.95828
12.426 1.40918e-12 1.91404
12.2854 1.27218e-12 1.8704
12.1447 1.14284e-12 1.82723
12.0036 1.01502e-12 1.78458
11.8609 8.86079e-13 1.74256
11.7146 7.63731e-13 1.70108
11.5675 6.54026e-13 1.65987
11.4201 5.3827e-13 1.61921
11.2718 4.33095e-13 1.57915
11.1221 3.24414e-13 1.53964
10.9715 2.30386e-13 1.50056
10.8193 1.47346e-13 1.46192
10.6654 7.78075e-14 1.42387
10.5099 2.80347e-14 1.38636
10.3519 -4.5046e-15 1.3496
10.1913 -1.55127e-14 1.31331
10.0262 7.47896e-16 1.27739
9.85462 4.12081e-14 1.24152
9.67658 8.92968e-14 1.20641
9.49168 1.70244e-13 1.17348
9.3019 2.79342e-13 1.14185
9.10886 4.1464e-13 1.11125
8.91346 5.62872e-13 1.08153
8.7165 7.14803e-13 1.05278
8.51892 8.65379e-13 1.02485
8.32105 9.98568e-13 0.997643
8.12334 1.11368e-12 0.97103
7.92538 1.20048e-12 0.94522
7.72718 1.26584e-12 0.920105
7.52877 1.32361e-12 0.895275
7.33013 1.37066e-12 0.870572
7.13105 1.4142e-12 0.845959
6.93149 1.44896e-12 0.821334
6.73148 1.49033e-12 0.796643
6.53105 1.53238e-12 0.771873
6.33079 1.57094e-12 0.747084
6.13021 1.61377e-12 0.722264
5.92907 1.65317e-12 0.697348
5.72744 1.69313e-12 0.672333
5.52538 1.7366e-12 0.647195
5.32288 1.78364e-12 0.621932
5.11998 1.82781e-12 0.596596
4.91673 1.87663e-12 0.571164
4.71319 1.92209e-12 0.545645
4.50932 1.97129e-12 0.52008
4.30523 2.01868e-12 0.494434
4.10094 2.05136e-12 0.468698
3.89648 2.11622e-12 0.442891
3.69181 2.16446e-12 0.417115
3.48698 2.198e-12 0.391368
3.28202 2.22699e-12 0.365622
3.07678 2.22938e-12 0.339954
2.87125 2.22518e-12 0.314381
2.66565 2.218e-12 0.288894
2.45995 2.21947e-12 0.26351
2.25431 2.26205e-12 0.238145
2.04878 2.22911e-12 0.212848
1.84329 2.24079e-12 0.18769
1.63785 2.25173e-12 0.16264
1.43248 2.25709e-12 0.137724
1.22685 2.26147e-12 0.113186
1.02097 2.27474e-12 0.0891447
0.815128 2.2896e-12 0.0652844
0.609394 2.30869e-12 0.0416817
0.403719 2.329e-12 0.0183189
0.198136 2.35216e-12 -0.00476994
-0.00751598 2.37782e-12 -0.0277934
-0.213293 2.40537e-12 -0.0508293
-0.410124 2.43006e-12 -0.0653183
-0.588219 2.43626e-12 -0.0670901
-0.761826 2.43714e-12 -0.066614
-0.932742 2.43356e-12 -0.065402
-1.10284 2.42608e-12 -0.0636844
-1.27355 2.41604e-12 -0.0615585
-1.44583 2.4092e-12 -0.0591032
-1.6209 2.40678e-12 -0.0561441
-1.79823 2.40966e-12 -0.0526609
-1.9767 2.41489e-12 -0.0487629
-2.15567 2.42129e-12 -0.0445651
-2.33492 2.42937e-12 -0.0401364
-2.51445 2.43695e-12 -0.03552
-2.69429 2.4446e-12 -0.0307189
-2.87445 2.4522e-12 -0.0257553
-3.05493 2.45909e-12 -0.0206235
-3.23566 2.46561e-12 -0.0153505
-3.41665 2.47098e-12 -0.00994417
-3.59778 2.47533e-12 -0.00441417
-3.77914 2.47866e-12 0.00122737
-3.96054 2.48058e-12 0.00696757
-4.14213 2.48161e-12 0.0127999
-4.32389 2.47539e-12 0.018729
-4.50585 2.47937e-12 0.0247398
-4.688 2.47601e-12 0.0308345
-4.87061 2.47082e-12 0.0370168
-5.05359 2.46406e-12 0.0432825
-5.23712 2.45565e-12 0.0496419
-5.42125 2.44545e-12 0.0560942
-5.60611 2.43346e-12 0.0626283
-5.79176 2.42017e-12 0.0692718
-5.97843 2.40513e-12 0.076086
-6.16598 2.38854e-12 0.0830055
-6.35291 2.38195e-12 0.0899625
-6.52506 2.50893e-12 0.0962569
-6.6978 2.62903e-12 0.102676
-6.87459 2.76683e-12 0.109146
-7.05902 2.91033e-12 0.115706
-7.24528 3.05427e-12 0.122412
-7.43688 3.20902e-12 0.129387
-7.62862 3.35931e-12 0.136513
-7.82127 3.50631e-12 0.143792
-8.01151 3.64666e-12 0.151137
-8.19935 3.80114e-12 0.158436
-8.38496 3.94993e-12 0.165738
-8.56949 4.08613e-12 0.173042
-8.75324 4.22021e-12 0.180401
-8.93673 4.3465e-12 0.187815
-9.12016 4.46517e-12 0.195286
-9.3037 4.57766e-12 0.202804
-9.48744 4.68193e-12 0.210366
-9.76378 4.84215e-12 0.221779
-9.94906 4.96398e-12 0.229414
-10.1346 5.08349e-12 0.237075
-10.3203 5.20072e-12 0.244748
-10.5063 5.31528e-12 0.252417
-10.6926 5.42538e-12 0.260095
-10.8792 5.53844e-12 0.267784
-11.0661 5.64585e-12 0.27549
-11.2533 5.7535e-12 0.283204
-11.4408 5.85855e-12 0.290937
-11.6287 5.93637e-12 0.298682
-11.8181 5.62763e-12 0.306425
-12.0081 5.31007e-12 0.314159
-12.1983 4.99285e-12 0.321897
-12.3888 4.66594e-12 0.329637
-12.5797 4.33784e-12 0.337377
-12.7835 4.02355e-12 0.343973
-13.0777 3.51243e-12 0.346918
-13.337 3.14701e-12 0.352191
-13.555 2.94815e-12 0.356773
-13.8787 2.22425e-12 0.340161
-14.1338 1.9525e-12 0.340891
-14.3652 1.81769e-12 0.340551
-14.5865 1.72634e-12 0.341041
-14.7779 1.77348e-12 0.346335
-14.9698 1.81893e-12 0.351547
-15.1611 1.86808e-12 0.356932
-15.3525 1.92624e-12 0.362325
-15.2183 2.3431e-12 0.36317
-15.0835 3.21102e-12 0.36394
-14.9481 3.29984e-12 0.364664
-14.8122 2.74179e-12 0.365356
-14.6759 2.44812e-12 0.365975
-14.5391 2.30592e-12 0.366519
-14.402 2.16822e-12 0.367102
-14.2647 2.03729e-12 0.367799
-14.1277 1.94262e-12 0.368436
-13.9914 1.78867e-12 0.369034
-13.8551 1.62647e-12 0.369615
-13.7183 1.59071e-12 0.370193
-13.581 1.51362e-12 0.370741
-13.4429 1.43749e-12 0.371264
-13.3041 1.36441e-12 0.371774
-13.1644 1.298e-12 0.372318
-13.0238 1.23165e-12 0.37285
-12.8823 1.15723e-12 0.373338
-12.7399 1.06688e-12 0.373897
-12.5967 9.8281e-13 0.374489
-12.4525 8.7908e-13 0.375124
-12.3072 7.63256e-13 0.375797
-12.1601 6.3355e-13 0.376425
-12.0091 4.85867e-13 0.376893
-11.8548 3.15596e-13 0.377244
-11.6985 1.40617e-13 0.377587
-11.5401 -4.1835e-14 0.378276
-11.3789 -2.06649e-13 0.379458
-11.2137 -3.30298e-13 0.38366
-11.043 -4.0945e-13 0.390387
-10.8674 -4.50442e-13 0.398905
-10.6878 -4.62954e-13 0.409931
-10.5052 -4.73257e-13 0.421748
-10.3203 -4.67837e-13 0.433453
-10.1334 -4.5592e-13 0.445298
-9.94506 -4.45883e-13 0.457309
-9.75514 -4.31022e-13 0.469191
-9.56407 -4.12881e-13 0.48095
-9.37186 -3.90978e-13 0.492676
-9.17885 -3.72391e-13 0.504512
-8.9854 -3.53229e-13 0.516748
-8.79063 -3.31945e-13 0.529778
-8.59469 -3.12752e-13 0.543757
-8.39825 -2.98559e-13 0.558
-8.20171 -2.90309e-13 0.572371
-8.00517 -2.81738e-13 0.586898
-7.80864 -2.76007e-13 0.601569
-7.61219 -2.70825e-13 0.616381
-7.41568 -2.68346e-13 0.631279
-7.21918 -2.7103e-13 0.646242
-7.02268 -2.75747e-13 0.661222
-6.82615 -2.86146e-13 0.676199
-6.62962 -2.96905e-13 0.691141
-6.43309 -3.13069e-13 0.706032
-6.23656 -3.34149e-13 0.720868
-6.04 -3.5684e-13 0.735776
-5.84342 -3.78883e-13 0.750804
-5.64653 -3.9562e-13 0.766095
-5.44935 -4.03161e-13 0.781628
-5.25087 -3.806e-13 0.79771
-5.05193 -3.58809e-13 0.813557
-4.85267 -3.40602e-13 0.829149
-4.65343 -3.25906e-13 0.844476
-4.45415 -3.17901e-13 0.859526
-4.25474 -3.11618e-13 0.874409
-4.05504 -3.0201e-13 0.889144
-3.85479 -2.89175e-13 0.903728
-3.65438 -2.79065e-13 0.918173
-3.45342 -2.74637e-13 0.932451
-3.25247 -2.73108e-13 0.946527
-3.05105 -2.74644e-13 0.960429
-2.84991 -2.83807e-13 0.974204
-2.64884 -2.95266e-13 0.9878
-2.44763 -3.07046e-13 1.00111
-2.24628 -3.2191e-13 1.01418
-2.04461 -3.363e-13 1.02712
-1.84233 -3.51081e-13 1.04009
-1.63957 -3.6497e-13 1.05293
-1.43623 -3.76959e-13 1.06568
-1.23241 -3.87364e-13 1.07834
-1.02822 -3.97045e-13 1.09094
-0.823485 -4.0503e-13 1.10353
-0.618467 -4.11751e-13 1.11613
-0.41314 -4.19033e-13 1.12868
-0.207574 -4.27687e-13 1.14119
-0.00179169 -4.36036e-13 1.15367
0.204776 -4.42536e-13 1.16627
0.411631 -4.47988e-13 1.17888
0.618686 -4.55304e-13 1.19146
0.8241 -4.54391e-13 1.20522
1.01957 -4.32607e-13 1.22195
1.21135 -4.03982e-13 1.23959
1.40126 -3.72596e-13 1.25755
1.58961 -3.37769e-13 1.27584
1.77486 -2.95236e-13 1.2947
1.95616 -2.48592e-13 1.31414
2.13789 -2.02231e-13 1.33347
2.32037 -1.56242e-13 1.3527
2.50395 -1.12178e-13 1.37195
2.68922 -7.21722e-14 1.39112
2.87609 -3.52223e-14 1.41023
3.06422 -2.39825e-15 1.42927
3.25315 2.91606e-14 1.44824
3.44249 5.9925e-14 1.46715
3.63206 8.97696e-14 1.48598
3.82184 1.51081e-13 1.50475
4.01175 1.47807e-13 1.52344
4.20178 1.77017e-13 1.54206
4.3918 2.05431e-13 1.56061
4.58194 2.33065e-13 1.5791
4.77216 2.61547e-13 1.59752
4.96248 2.90637e-13 1.61587
5.15286 3.19311e-13 1.63416
5.34335 3.49504e-13 1.6524
5.53393 3.77372e-13 1.67058
5.72458 4.07586e-13 1.68871
5.91535 4.36561e-13 1.70679
6.10633 4.65103e-13 1.72481
6.29737 4.94964e-13 1.74278
6.48855 5.24578e-13 1.7607
6.67991 5.55913e-13 1.77857
6.8714 5.85111e-13 1.79638
7.05945 5.68966e-13 1.81588
7.23993 4.59619e-13 1.84037
7.42426 3.73062e-13 1.86546
7.60602 2.43244e-13 1.89075
7.87858 1.17527e-14 1.93092
8.06215 -1.46356e-13 1.95793
8.24789 3.23595e-14 1.98601
8.42931 9.58698e-13 2.01408
8.61084 1.91934e-12 2.04191
8.79537 2.91016e-12 2.07033
8.98243 3.66589e-12 2.09921
9.16843 3.45968e-12 2.12773
9.35444 3.27226e-12 2.15601
9.54037 3.06921e-12 2.18406
9.72658 2.99784e-12 2.21181
9.91623 2.97349e-12 2.24021
10.1075 2.92614e-12 2.2689
10.2984 2.89e-12 2.29745
10.4882 2.9345e-12 2.32606
10.6751 2.97898e-12 2.35526
10.8617 3.02964e-12 2.3844
11.0483 3.08143e-12 2.41344
11.2346 3.12567e-12 2.44235
11.4212 3.16053e-12 2.47127
11.6114 3.2036e-12 2.5012
11.8014 3.24281e-12 2.53101
11.991 3.30674e-12 2.56073
12.1802 3.34419e-12 2.59035
12.369 3.39143e-12 2.61989
12.5574 3.42855e-12 2.64936
12.7454 3.44645e-12 2.67876
12.9328 3.50263e-12 2.70809
13.1197 3.54091e-12 2.73736
13.3059 3.55728e-12 2.76656
13.4918 3.61223e-12 2.79579
13.6787 3.65275e-12 2.82556
13.8647 3.69747e-12 2.85518
14.0497 3.7261e-12 2.88463
14.2336 3.76011e-12 2.9139
14.4165 3.76816e-12 2.94298
14.5983 3.81668e-12 2.97187
14.7792 3.85899e-12 3.00055
14.9591 3.87854e-12 3.02905
15.1381 3.90426e-12 3.05736
15.3162 3.91304e-12 3.08554
15.4936 3.92776e-12 3.11365
15.6725 3.96069e-12 3.14159
15.8517 3.98745e-12 3.16941
16.0304 4.01618e-12 3.19716
16.2084 4.06172e-12 3.22481
16.386 4.08054e-12 3.25239
16.5633 4.10276e-12 3.27992
16.7402 4.12696e-12 3.30743
16.9168 4.14783e-12 3.33492
17.0931 4.17069e-12 3.36238
17.2691 4.16813e-12 3.38983
17.445 4.20066e-12 3.41729
17.6206 4.24714e-12 3.44476
17.796 4.27026e-12 3.47225
17.6717 4.18451e-12 3.42285
17.5473 4.09419e-12 3.37362
17.4222 4.03676e-12 3.32453
17.2954 4.06295e-12 3.27569
17.1665 3.48124e-12 3.22725
17.0361 2.35987e-12 3.17917
16.9043 1.69563e-12 3.13149
16.7693 1.94163e-12 3.08455
16.633 2.02109e-12 3.038
16.4954 1.94708e-12 2.9919
16.3567 1.82086e-12 2.94628
16.2174 1.6765e-12 2.90086
16.077 1.56017e-12 2.85604
15.9334 1.45944e-12 2.8124
15.7897 1.35823e-12 2.76933
15.6457 1.25925e-12 2.72659
15.5011 1.15379e-12 2.68411
15.3562 1.04507e-12 2.64209
15.2106 9.48228e-13 2.60032
15.0642 8.44406e-13 2.55884
14.9181 7.51177e-13 2.51809
14.7711 6.4094e-13 2.47769
14.6232 5.47353e-13 2.43753
14.4741 4.52694e-13 2.3977
14.3236 3.61711e-13 2.35832
14.1716 2.76696e-13 2.31943
14.0183 2.01835e-13 2.28099
13.863 1.31129e-13 2.24294
13.7058 7.66463e-14 2.20539
13.5469 3.61485e-14 2.16862
13.3852 9.60358e-15 2.13222
13.2208 -1.21673e-15 2.09641
13.0523 8.46215e-15 2.06137
12.8794 1.80904e-14 2.02749
12.701 2.23596e-14 1.99468
12.5173 4.38876e-14 1.96441
12.3294 6.97944e-14 1.93584
12.1383 1.01726e-13 1.90824
11.9449 1.37191e-13 1.88119
11.7495 1.738e-13 1.85468
11.5529 2.11344e-13 1.8285
11.3551 2.45797e-13 1.80255
11.1566 2.7824e-13 1.77669
10.9574 3.14038e-13 1.75087
10.758 3.47088e-13 1.72513
10.5576 3.74374e-13 1.69993
10.3566 4.03428e-13 1.67492
10.1554 4.34282e-13 1.64992
9.95379 4.65294e-13 1.62492
9.7519 5.01269e-13 1.59991
9.54976 5.34576e-13 1.57491
9.3473 5.67211e-13 1.54986
9.14479 6.05514e-13 1.52474
8.94224 6.42552e-13 1.49955
8.73973 6.80564e-13 1.47428
8.53722 7.22323e-13 1.44893
8.33468 7.66946e-13 1.42351
8.13214 8.06223e-13 1.39799
7.92957 8.50363e-13 1.37239
7.72699 9.00566e-13 1.34669
7.52436 9.46933e-13 1.3209
7.3217 9.94595e-13 1.29503
7.11904 1.04734e-12 1.26908
6.91635 1.0985e-12 1.24302
6.71369 1.1551e-12 1.21692
6.51106 1.20578e-12 1.19074
6.3085 1.26178e-12 1.16451
6.10598 1.31345e-12 1.13831
5.90344 1.35945e-12 1.11216
5.70084 1.39248e-12 1.08604
5.4983 1.41784e-12 1.05988
5.29569 1.42376e-12 1.0337
5.09329 1.43269e-12 1.00743
4.89086 1.44066e-12 0.981178
4.68872 1.45098e-12 0.954888
4.487 1.46288e-12 0.928564
4.28553 1.47727e-12 0.902189
4.08411 1.49224e-12 0.87584
3.88297 1.50238e-12 0.849443
3.68204 1.51206e-12 0.823023
3.48137 1.52317e-12 0.796539
3.28094 1.54066e-12 0.77002
3.08082 1.56043e-12 0.743405
2.88089 1.58254e-12 0.71676
2.68122 1.60693e-12 0.69012
2.48178 1.63455e-12 0.663458
2.28256 1.66343e-12 0.636717
2.08353 1.69465e-12 0.609908
1.88465 1.72917e-12 0.583057
1.68597 1.76195e-12 0.556182
1.48746 1.79613e-12 0.529308
1.28905 1.83025e-12 0.502401
1.09069 1.8654e-12 0.475455
0.892348 1.8988e-12 0.448508
0.694027 1.93182e-12 0.421583
0.495716 1.96366e-12 0.394582
0.297342 1.99681e-12 0.367542
0.0989706 2.02791e-12 0.340453
-0.0994209 2.05921e-12 0.313399
-0.29776 2.09076e-12 0.286221
-0.496124 2.12233e-12 0.258977
-0.6946 2.15399e-12 0.231739
-0.893223 2.18553e-12 0.204502
-1.09228 2.21587e-12 0.177391
-1.29155 2.2437e-12 0.15042
-1.49103 2.27163e-12 0.123639
-1.69058 2.29856e-12 0.097306
-1.88983 2.32629e-12 0.0718196
-2.08952 2.35097e-12 0.0466847
-2.28946 2.37691e-12 0.0217713
-2.48249 2.37958e-12 0.00663752
-2.66178 2.39139e-12 0.00109651
-2.83909 2.38657e-12 -0.00236052
-3.01153 2.37884e-12 -0.00273063
-3.18092 2.36844e-12 -0.00102312
-3.35374 2.36071e-12 0.00136884
-3.52937 2.35537e-12 0.00448813
-3.70644 2.35093e-12 0.00797528
-3.8841 2.34687e-12 0.0116359
-4.06212 2.3427e-12 0.0154227
-4.24042 2.31677e-12 0.0193248
-4.4189 2.33407e-12 0.0233417
-4.59745 2.33015e-12 0.0275041
-4.77607 2.32656e-12 0.0318111
-4.95482 2.32289e-12 0.0362624
-5.13361 2.31935e-12 0.040848
-5.31246 2.31572e-12 0.0455525
-5.4914 2.31266e-12 0.0503727
-5.67046 2.30898e-12 0.0553131
-5.84956 2.30526e-12 0.0603673
-6.02869 2.30144e-12 0.0655266
-6.20784 2.32843e-12 0.0708199
-6.387 2.29284e-12 0.0762189
-6.56616 2.28837e-12 0.081696
-6.83486 2.29455e-12 0.0900617
-7.01401 2.27533e-12 0.0957266
-7.19316 2.26922e-12 0.101458
-7.37239 2.26342e-12 0.107249
-7.55168 2.25662e-12 0.1131
-7.73111 2.25001e-12 0.118998
-7.91063 2.24306e-12 0.124959
-8.09038 2.23562e-12 0.130967
-8.27028 2.22796e-12 0.137019
-8.45032 2.22016e-12 0.143116
-8.63062 2.21216e-12 0.149254
-8.81112 2.20384e-12 0.155435
-8.99185 2.19523e-12 0.161647
-9.17282 2.18679e-12 0.167893
-9.35404 2.17814e-12 0.174176
-9.53543 2.16979e-12 0.180486
-9.71631 2.16473e-12 0.186808
-9.89733 2.15993e-12 0.193158
-10.0803 2.21445e-12 0.199426
-10.265 2.33398e-12 0.205609
-10.4457 2.4985e-12 0.211516
-10.6258 2.668e-12 0.21721
-10.8063 2.83914e-12 0.22295
-10.9887 3.00684e-12 0.228739
-11.1722 3.16711e-12 0.234574
-11.3562 3.32692e-12 0.240455
-11.5404 3.48403e-12 0.246378
-11.7261 3.50008e-12 0.252352
-11.9137 3.40028e-12 0.258382
-12.1015 3.30427e-12 0.264451
-12.2894 3.20577e-12 0.270559
-12.4775 3.1048e-12 0.2767
-12.6658 3.00222e-12 0.282876
-12.8541 2.89661e-12 0.289088
-13.0425 2.78724e-12 0.295332
-13.231 2.67597e-12 0.301608
-13.4202 2.56049e-12 0.307925
-13.6102 2.43875e-12 0.314289
-13.8002 2.3124e-12 0.320683
-13.9903 2.18103e-12 0.327107
-14.1803 2.04127e-12 0.333561
-14.3707 2.03322e-12 0.340045
-14.5612 2.07546e-12 0.346561
-14.7517 2.11596e-12 0.353107
-14.9423 2.16163e-12 0.359683
-15.1329 2.20802e-12 0.36629
-15.3235 2.25068e-12 0.372926
-15.5161 2.28862e-12 0.379345
-15.7092 2.32005e-12 0.385657
-15.9025 2.35997e-12 0.391956
-16.0959 2.39438e-12 0.398009
-16.2895 2.42582e-12 0.404024
-16.4833 2.4417e-12 0.41004
-16.6772 2.45708e-12 0.416057
-16.8712 2.47603e-12 0.42207
-17.0652 2.48926e-12 0.428063
-17.2592 2.50755e-12 0.434038
-17.4534 2.52654e-12 0.439989
-17.6475 2.53697e-12 0.445906
-17.8417 2.55492e-12 0.451785
-18.0366 2.572e-12 0.457438
-18.2319 2.57323e-12 0.46278
-18.4276 2.59824e-12 0.467435
-18.7443 2.15076e-12 0.42979
-18.9678 1.96357e-12 0.43034
-19.2017 1.87388e-12 0.432829
-19.4289 1.84812e-12 0.436585
-19.2956 1.33191e-12 0.437781
-19.1617 1.20595e-12 0.43889
-19.0268 2.10028e-12 0.439842
-18.8917 2.75131e-12 0.440767
-18.7554 2.19969e-12 0.441661
-18.6188 1.83154e-12 0.442625
-18.4816 1.69307e-12 0.443484
-18.3439 1.57056e-12 0.444283
-18.206 1.46341e-12 0.445054
-18.0678 1.36001e-12 0.44579
-17.9299 1.26002e-12 0.446475
-17.7919 1.18013e-12 0.447135
-17.6533 1.10449e-12 0.447766
-17.5141 1.03884e-12 0.4484
-17.3741 9.75726e-13 0.449096
-17.2334 9.34882e-13 0.449787
-17.0919 8.95286e-13 0.450463
-16.9495 8.54606e-13 0.451128
-16.8064 8.13018e-13 0.451806
-16.6621 7.78552e-13 0.452466
-16.5149 7.38272e-13 0.452976
-16.3637 6.86519e-13 0.453279
-16.2111 6.26463e-13 0.45352
-16.0572 5.60946e-13 0.453787
-15.9019 4.80408e-13 0.454075
-15.7451 3.86957e-13 0.454759
-15.5864 2.83372e-13 0.455705
-15.4254 1.62265e-13 0.456712
-15.2626 3.41025e-14 0.45807
-15.0974 -9.02276e-14 0.462101
-14.9289 -1.94903e-13 0.467866
-14.755 -2.76053e-13 0.476045
-14.5763 -3.25264e-13 0.484795
-14.3931 -3.58844e-13 0.495086
-14.2069 -3.15621e-13 0.506567
-14.0187 -3.91998e-13 0.517934
-13.8284 -3.98032e-13 0.529142
-13.636 -3.98993e-13 0.540163
-13.4418 -3.95923e-13 0.551019
-13.2458 -3.88142e-13 0.561805
-13.0485 -3.84341e-13 0.572736
-12.8505 -3.73938e-13 0.584031
-12.6519 -3.59699e-13 0.595636
-12.4527 -3.47939e-13 0.607367
-12.2521 -3.30056e-13 0.62012
-12.0506 -3.15788e-13 0.633114
-11.8488 -3.02581e-13 0.646049
-11.6469 -2.87821e-13 0.65898
-11.4451 -2.81966e-13 0.67196
-11.2431 -2.71782e-13 0.684948
-11.0413 -2.69902e-13 0.698051
-10.8395 -2.65627e-13 0.71122
-10.6379 -2.65003e-13 0.724437
-10.4363 -2.6885e-13 0.737734
-10.2348 -2.71553e-13 0.751042
-10.0333 -2.75108e-13 0.764338
-9.83202 -2.85275e-13 0.777637
-9.63076 -2.98552e-13 0.790913
-9.42966 -3.11632e-13 0.804173
-9.2287 -3.30268e-13 0.817422
-9.0279 -3.51688e-13 0.830877
-8.82721 -3.70093e-13 0.844545
-8.62657 -3.87054e-13 0.858392
-8.42578 -3.94813e-13 0.872802
-8.22436 -3.8881e-13 0.887373
-8.02249 -3.6525e-13 0.90195
-7.82042 -3.46014e-13 0.916316
-7.6183 -3.29442e-13 0.93053
-7.41642 -3.13781e-13 0.944619
-7.21476 -3.05336e-13 0.958452
-7.01313 -2.95138e-13 0.972186
-6.81118 -2.80394e-13 0.985885
-6.60913 -2.68677e-13 0.999341
-6.4071 -2.5797e-13 1.01254
-6.20516 -2.52612e-13 1.02537
-6.00324 -2.52894e-13 1.03781
-5.8014 -2.55648e-13 1.04996
-5.5992 -2.61185e-13 1.06191
-5.39704 -2.69366e-13 1.07366
-5.19489 -2.78683e-13 1.08527
-4.99277 -2.9002e-13 1.09672
-4.79062 -3.02379e-13 1.10804
-4.58845 -3.16262e-13 1.11926
-4.38621 -3.30676e-13 1.13041
-4.184 -3.45302e-13 1.14152
-3.98177 -3.60023e-13 1.15258
-3.7794 -3.7313e-13 1.16358
-3.57686 -3.85998e-13 1.17463
-3.37419 -3.96972e-13 1.18572
-3.17143 -4.08611e-13 1.19677
-2.96866 -4.18052e-13 1.20778
-2.76588 -4.28232e-13 1.21879
-2.5632 -4.38847e-13 1.22978
-2.36063 -4.49705e-13 1.24075
-2.15807 -4.59831e-13 1.25173
-1.95553 -4.70182e-13 1.26273
-1.75304 -4.80608e-13 1.27375
-1.55063 -4.93385e-13 1.28483
-1.34829 -5.06624e-13 1.29604
-1.1459 -5.19485e-13 1.30726
