2.64203e-05 -2.57335e-15 -0.0626005
0.552026 4.03982e-16 -0.0930973
1.10403 -9.72447e-15 -0.107447
1.65603 -2.13316e-15 -0.118324
2.20803 1.28684e-15 -0.124901
2.76003 1.42518e-15 -0.129976
3.31203 2.35748e-15 -0.134302
3.86403 -4.91735e-16 -0.138286
4.41603 6.44696e-15 -0.142034
4.96803 -9.46136e-16 -0.145598
5.52003 -5.43091e-16 -0.149043
6.07203 -1.37556e-15 -0.152392
6.62403 -2.07972e-15 -0.155638
7.17603 -1.07054e-15 -0.158762
7.72803 3.32603e-15 -0.161634
8.28003 -8.28342e-16 -0.163967
8.83203 -4.31273e-15 -0.165216
9.38403 1.89839e-15 -0.165472
9.93603 -2.51051e-15 -0.165034
10.488 -2.10574e-15 -0.163979
9.93603 2.24803e-15 -0.161421
9.38403 -7.54702e-15 -0.158818
8.83203 2.21585e-15 -0.156159
8.28003 -2.80536e-15 -0.153437
7.72803 4.38979e-15 -0.15066
7.17603 -1.38419e-15 -0.147823
6.62403 -2.25138e-15 -0.144943
6.07203 5.76643e-15 -0.141963
5.52003 -2.37593e-15 -0.138844
4.96803 -7.17771e-15 -0.135548
4.41603 -5.06208e-15 -0.131879
3.86403 1.77269e-15 -0.127678
3.31203 2.46368e-15 -0.122926
2.76003 -4.8392e-15 -0.117258
2.20803 6.17574e-15 -0.110043
1.65603 -6.01435e-15 -0.100087
1.10403 1.18472e-14 -0.0878864
0.552026 -1.72769e-15 -0.0710672
2.64203e-05 -7.87119e-15 -0.0525787
-0.551974 -6.39685e-15 -0.026207
-1.10397 -1.1595e-15 0.00847081
-1.65597 4.75019e-15 0.0531516
-2.20797 -3.178e-15 0.110839
-2.75997 3.37595e-14 0.174563
-3.31197 1.18927e-14 0.24161
-3.86397 8.15763e-15 0.311939
-4.41597 1.07769e-14 0.384769
-4.96797 4.00977e-15 0.458696
-5.51997 3.67562e-15 0.533132
-6.07197 8.56965e-15 0.607866
-6.62397 1.28686e-14 0.682612
-7.17597 2.71659e-14 0.756816
-7.72797 2.88362e-15 0.828912
-8.27997 -1.8152e-14 0.896131
-8.83197 -3.8484e-15 0.958502
-9.38397 2.00981e-14 1.01827
-9.93597 -1.93466e-15 1.07586
-10.488 -9.70146e-15 1.13101
-11.04 -1.64766e-14 1.18357
-10.488 -2.25631e-14 1.10741
-9.93597 -1.19346e-14 1.03135
-9.38397 -3.14344e-14 0.955371
-8.83197 4.47103e-15 0.879515
-8.27997 -3.17611e-15 0.803775
-7.72797 -8.7988e-15 0.728505
-7.17597 1.44313e-14 0.653723
-6.62397 -1.1315e-14 0.579666
-6.07197 5.44521e-15 0.506234
-5.51997 -1.68222e-14 0.433847
-4.96797 -1.12012e-14 0.36296
-4.41597 -1.26014e-14 0.293423
-3.86397 1.58418e-15 0.226214
-3.31197 -5.99953e-15 0.162184
-2.75997 -1.77005e-14 0.104335
-2.20797 -3.65239e-14 0.0543213
-1.65597 7.31375e-15 0.0103103
-1.10397 -9.07747e-15 -0.0279856
-0.551974 -1.36069e-14 -0.0584662
2.64203e-05 -1.19466e-14 -0.0809852
0.552026 -1.46702e-15 -0.0984226
1.10403 7.70757e-16 -0.111745
1.65603 2.26035e-15 -0.121112
2.20803 -5.40394e-15 -0.12727
2.76003 -5.0871e-16 -0.131657
3.31203 -1.58661e-15 -0.135209
3.86403 -4.10799e-15 -0.138546
4.41603 -7.10108e-16 -0.141425
4.96803 -3.53013e-15 -0.143927
5.52003 3.25374e-15 -0.146214
6.07203 1.32602e-15 -0.148233
6.62403 1.19071e-15 -0.150537
7.17603 -3.57305e-16 -0.15299
7.72803 -6.4573e-16 -0.155423
8.28003 -3.52954e-17 -0.157638
8.83203 1.22711e-15 -0.159582
9.38403 2.43368e-15 -0.161122
9.93603 -3.33131e-16 -0.16207
10.488 -6.3886e-16 -0.162142
11.04 2.52622e-15 -0.161497
11.592 4.46073e-15 -0.159865
12.144 -2.89756e-15 -0.157529
12.696 -4.25651e-15 -0.154718
13.248 1.3939e-15 -0.151492
13.8 1.61846e-15 -0.147871
14.352 1.24276e-15 -0.143904
14.904 2.64392e-15 -0.139437
15.456 -2.44322e-15 -0.134287
16.008 -5.36833e-15 -0.128473
16.56 3.94551e-15 -0.122086
17.112 4.096e-15 -0.11505
17.664 7.33814e-16 -0.107204
18.216 -6.68836e-15 -0.098692
18.768 -2.30524e-15 -0.0897016
19.32 2.41834e-15 -0.08011
19.872 -2.59426e-15 -0.0702656
20.424 -9.02003e-15 -0.0602566
20.976 7.48227e-15 -0.0499348
21.528 4.65534e-16 -0.0392261
20.976 -4.87695e-16 -0.03513
20.424 -1.00664e-14 -0.0308909
19.872 5.42834e-15 -0.0266123
19.32 -7.14731e-15 -0.0223596
18.768 1.00898e-16 -0.0183213
18.216 -1.68251e-15 -0.014262
17.664 -2.37484e-15 -0.0103978
17.112 -4.69199e-15 -0.00659565
16.56 3.39812e-15 -0.0026635
16.008 7.58586e-15 0.00132435
15.456 -2.17823e-15 0.00529836
14.904 4.0574e-16 0.00938528
14.352 4.84705e-15 0.0135412
13.8 7.95432e-15 0.0176848
13.248 -5.58625e-15 0.0215872
12.696 5.24201e-17 0.0256356
12.144 3.16072e-15 0.0298029
11.592 7.67714e-15 0.0339916
11.04 3.22313e-16 0.0381716
10.488 1.03563e-14 0.041992
9.93603 -4.94522e-15 0.0458143
9.38403 -2.91168e-15 0.0496067
8.83203 7.002e-15 0.0530243
8.28003 -2.65021e-15 0.0559027
7.72803 9.02843e-15 0.0582849
7.17603 1.06771e-15 0.060263
6.62403 -2.06283e-15 0.0620436
6.07203 -1.5624e-14 0.063644
5.52003 2.40294e-15 0.064909
4.96803 6.12733e-15 0.065982
4.41603 -4.56205e-15 0.0672998
3.86403 5.88994e-16 0.0702873
3.31203 4.49745e-15 0.0785269
2.76003 2.65518e-15 0.0945565
2.20803 3.1097e-15 0.118599
1.65603 -1.45699e-15 0.147061
1.10403 -2.87201e-14 0.18057
0.552026 -5.08004e-15 0.218845
2.64203e-05 1.87794e-14 0.259533
-0.551974 3.67043e-16 0.301699
-1.10397 -2.57025e-15 0.3448
-1.65597 6.78601e-15 0.388592
-2.20797 -2.43816e-15 0.432588
-2.75997 8.83571e-15 0.47713
-3.31197 -3.38104e-15 0.52197
-3.86397 -4.70044e-15 0.566685
-4.41597 2.99952e-16 0.611724
-4.96797 2.74872e-14 0.656991
-5.51997 -2.51693e-15 0.702542
-6.07197 -2.12665e-14 0.748658
-6.62397 -5.87468e-15 0.795329
-7.17597 5.90038e-16 0.842787
-7.72797 1.2257e-14 0.891583
-8.27997 -1.49072e-14 0.94076
-8.83197 -2.11292e-15 0.989794
-9.38397 7.65533e-15 1.03901
-9.93597 -4.51853e-14 1.0924
-10.488 -1.66219e-14 1.15268
-11.04 6.33533e-15 1.21199
-11.592 1.31577e-14 1.26907
-12.144 -2.23115e-14 1.32318
-12.696 -1.31958e-14 1.37489
-13.248 -5.49273e-14 1.42493
-13.8 1.99181e-15 1.47305
-14.352 3.08441e-15 1.51966
-14.904 -2.58326e-14 1.56485
-15.456 -7.79805e-15 1.60834
-16.008 -1.68784e-14 1.65054
-16.56 1.54658e-14 1.69219
-17.112 2.26948e-14 1.73335
-17.664 -1.26558e-14 1.77391
-18.216 1.65823e-14 1.81373
-18.768 -1.2656e-14 1.85314
-19.32 -4.20919e-15 1.89259
-19.872 -5.29061e-14 1.93229
-20.424 5.5222e-15 1.97224
-20.976 -1.60073e-14 2.01216
-21.528 -9.92731e-15 2.05179
-22.08 -1.29408e-14 2.09092
-21.528 1.22965e-15 2.0159
-20.976 -5.79871e-14 1.94145
-20.424 -2.27478e-14 1.86752
-19.872 1.53244e-14 1.79417
-19.32 -4.70931e-14 1.72139
-18.768 -1.77317e-14 1.64932
-18.216 3.23503e-16 1.57768
-17.664 -2.14984e-14 1.5067
-17.112 -1.68567e-14 1.4364
-16.56 -5.53308e-14 1.36636
-16.008 -3.53894e-14 1.29715
-15.456 -3.07246e-15 1.22825
-14.904 -3.44968e-14 1.15976
-14.352 -4.44184e-14 1.09171
-13.8 -3.8457e-15 1.02409
-13.248 7.8654e-15 0.957078
-12.696 -5.4805e-14 0.890851
-12.144 -2.41864e-14 0.825527
-11.592 -1.12655e-14 0.760941
-11.04 -1.51231e-15 0.697283
-10.488 -3.88663e-14 0.635144
-9.93597 -1.84987e-14 0.574615
-9.38397 -4.97204e-15 0.515925
-8.83197 -1.01196e-14 0.460167
-8.27997 -2.25796e-14 0.409137
-7.72797 6.80531e-15 0.361853
-7.17597 -1.08917e-14 0.316832
-6.62397 -3.15081e-14 0.274075
-6.07197 -2.22984e-14 0.2329
-5.51997 -2.13209e-14 0.193414
-4.96797 -2.83149e-14 0.157089
-4.41597 -1.15373e-14 0.122909
-3.86397 -1.46829e-14 0.0911236
-3.31197 -9.10996e-15 0.0639002
-2.75997 -1.37687e-14 0.0400326
-2.20797 -1.06611e-14 0.0186096
-1.65597 -8.31626e-15 -0.00137385
-1.10397 -8.95192e-15 -0.0205391
-0.551974 -1.51029e-14 -0.039032
2.64203e-05 -1.27285e-14 -0.0557009
0.552026 -5.90426e-15 -0.0677218
1.10403 -5.98477e-15 -0.0778899
1.65603 -4.60444e-15 -0.0879599
2.20803 -3.70335e-15 -0.0986663
2.76003 -3.31555e-15 -0.104688
3.31203 -4.97732e-15 -0.109555
3.86403 -1.23598e-15 -0.113789
4.41603 6.58227e-16 -0.117533
4.96803 -1.75546e-15 -0.120736
5.52003 3.29124e-16 -0.123341
6.07203 -1.02167e-15 -0.125402
6.62403 2.70068e-15 -0.126538
7.17603 -1.98317e-15 -0.126874
7.72803 -2.37641e-15 -0.126363
8.28003 -1.9573e-16 -0.12532
8.83203 -2.4073e-15 -0.123899
9.38403 -2.87472e-15 -0.122106
9.93603 -5.74829e-15 -0.119796
10.488 -4.87192e-15 -0.116687
11.04 -1.3919e-15 -0.112575
11.592 -1.28138e-15 -0.107533
12.144 -2.86038e-15 -0.101655
12.696 -4.13887e-15 -0.0950146
13.248 -3.24497e-15 -0.0886023
13.8 -2.49182e-15 -0.0848353
14.352 -3.97482e-15 -0.0811167
14.904 -2.32466e-15 -0.0775173
15.456 -1.42485e-15 -0.0737366
16.008 -4.87584e-16 -0.0696186
16.56 3.37371e-15 -0.0651123
17.112 -6.94898e-15 -0.0600778
17.664 -5.18773e-15 -0.05454
18.216 -2.83102e-15 -0.0485551
18.768 -2.79201e-15 -0.0420968
19.32 2.65095e-15 -0.0350987
19.872 7.37745e-16 -0.0276017
20.424 1.84113e-15 -0.0195883
20.976 -8.26821e-15 -0.0110449
21.528 -2.63388e-15 -0.0020573
22.08 8.14082e-17 0.00735121
22.632 -5.18177e-15 0.0171541
23.184 1.18565e-16 0.0273699
23.736 4.98099e-15 0.0377668
24.288 6.39418e-15 0.0483282
24.84 -8.81099e-16 0.0589231
25.392 -2.07963e-15 0.0696538
25.944 4.58607e-16 0.0805822
26.496 -1.32066e-14 0.0917716
27.048 -3.3701e-15 0.103019
27.876 -1.10107e-14 0.119923
28.428 -4.52676e-15 0.131103
28.98 1.32239e-15 0.142224
29.532 1.16888e-15 0.153324
30.084 1.89652e-15 0.161928
30.636 5.33343e-17 0.170639
31.188 -1.43415e-15 0.178789
31.74 1.55502e-14 0.182683
32.292 1.00841e-14 0.171444
32.844 -7.28109e-15 0.173272
33.396 5.79979e-15 0.173668
33.948 -3.2837e-15 0.18169
34.5 3.30725e-15 0.189963
35.052 -3.00228e-15 0.198084
35.604 6.74823e-15 0.203195
36.156 3.38685e-15 0.20798
36.708 -1.46627e-14 0.212744
37.26 -1.49517e-14 0.217456
37.812 1.77766e-14 0.221922
38.364 1.72561e-13 0.225505
38.916 -9.56192e-14 0.198463
39.468 -1.0054e-13 0.20028
40.02 -9.32723e-14 0.204294
40.572 -8.37748e-14 0.208508
41.124 -1.1366e-13 0.212851
41.676 -6.07596e-14 0.217252
42.228 -4.17802e-14 0.221687
42.78 -2.95637e-14 0.226196
43.332 -5.11002e-14 0.230733
43.884 -3.74905e-14 0.235271
44.436 -4.07838e-14 0.239804
43.884 -3.96141e-14 0.245434
43.332 -4.07762e-14 0.250996
42.78 -2.99182e-14 0.256361
42.228 -3.94797e-14 0.26173
41.676 -4.05356e-14 0.267058
41.124 -3.3597e-14 0.272389
40.572 -4.56799e-14 0.277769
40.02 -4.00885e-14 0.28307
39.468 -3.86417e-14 0.288402
38.916 -4.63376e-14 0.293687
38.364 -3.84319e-14 0.298873
37.812 -3.22468e-14 0.304061
37.26 -3.27385e-14 0.309023
36.708 -2.67693e-14 0.313985
36.156 -4.40045e-14 0.318702
35.604 -3.23982e-14 0.323171
35.052 -3.69847e-14 0.32752
34.5 -3.92946e-14 0.331937
33.948 -3.7414e-14 0.336225
33.396 -3.78937e-14 0.340158
32.844 -3.30925e-14 0.34411
32.292 -3.44071e-14 0.34816
31.74 -3.86411e-14 0.352156
31.188 -3.46936e-14 0.356207
30.636 -3.79558e-14 0.360433
30.084 -3.41771e-14 0.364585
29.532 -2.92103e-14 0.368697
28.98 -3.57644e-14 0.372771
28.428 -3.5601e-14 0.376699
27.876 -3.90573e-14 0.380583
27.324 -4.12053e-14 0.384319
26.772 -5.37742e-14 0.387579
26.22 -3.37627e-14 0.390582
25.668 -4.05318e-14 0.39333
25.116 -3.66288e-14 0.39606
24.564 -3.24074e-14 0.399074
24.012 -4.27431e-14 0.402392
23.46 -4.01027e-14 0.40659
22.908 -4.39469e-14 0.411586
22.356 -4.35275e-14 0.41753
21.804 -4.82374e-14 0.42456
21.252 -4.88596e-14 0.433784
20.7 -3.57273e-14 0.445059
20.148 -5.03582e-14 0.456826
19.596 -3.70246e-14 0.468776
19.044 -2.89335e-14 0.48071
18.492 -9.16187e-16 0.492503
17.94 -1.15569e-14 0.50411
17.388 -3.92004e-14 0.515495
16.836 -3.48214e-14 0.526761
16.284 -5.92477e-14 0.537807
15.732 -3.95097e-14 0.548539
15.18 -2.36125e-14 0.558955
14.628 -2.00779e-14 0.569075
14.076 -3.92888e-14 0.578882
13.524 -2.87167e-14 0.588422
12.972 -3.90662e-14 0.597815
12.42 -3.15623e-14 0.607071
11.868 -2.62717e-14 0.616111
11.316 -1.03709e-14 0.624993
10.764 5.39175e-14 0.633702
10.212 -1.74012e-14 0.642281
9.66003 -2.79784e-14 0.650824
9.10803 -1.58908e-14 0.659705
8.55603 -1.90251e-14 0.668913
8.00403 -1.65666e-14 0.678815
7.45203 -4.41505e-14 0.689747
6.90003 -2.22647e-14 0.701061
6.34803 -3.34188e-14 0.712774
5.79603 -1.26543e-13 0.724677
5.24403 -2.69224e-14 0.736741
4.69203 -2.79478e-14 0.749272
4.14003 -5.03363e-14 0.762335
3.58803 -2.6206e-14 0.775858
3.03603 -2.34309e-14 0.790081
2.48403 -3.28098e-14 0.805008
1.93203 -3.44786e-14 0.820196
1.38003 -2.67867e-14 0.835856
0.828026 -1.59157e-14 0.851925
0.276026 -1.73808e-14 0.868722
-0.275974 -3.04908e-14 0.885915
-0.827974 -3.7385e-14 0.903502
-1.37997 -1.80889e-14 0.927065
-1.93197 -1.62817e-14 0.959901
-2.48397 -7.36409e-15 0.994883
-3.03597 -1.5161e-14 1.03126
-3.58797 -1.05976e-14 1.06872
-4.13997 -1.08477e-14 1.10701
-4.69197 -1.53915e-14 1.1455
-5.24397 -1.55491e-14 1.1838
-5.79597 -1.66148e-14 1.22215
-6.34797 -1.762e-14 1.2603
-6.89997 -1.31873e-14 1.29817
-7.45197 -1.25671e-14 1.33577
-8.00397 -1.79075e-14 1.37305
-8.55597 -7.15965e-15 1.41
-9.10797 -1.60711e-14 1.44658
-9.65997 -1.24311e-14 1.48279
-10.212 -1.30629e-14 1.51871
-10.764 -1.4376e-14 1.55429
-11.316 -6.65793e-15 1.5896
-11.868 -3.61663e-15 1.62465
-12.42 -5.53185e-15 1.6595
-12.972 -1.20679e-14 1.69414
-13.524 1.04723e-13 1.72858
-14.076 -7.91302e-15 1.76284
-14.628 -4.25804e-15 1.79695
-15.18 -5.6231e-15 1.83086
-15.732 -4.96706e-15 1.86462
-16.284 -5.54388e-15 1.89823
-16.836 -1.02767e-14 1.93169
-17.388 -2.47167e-14 1.96502
-17.94 -1.31193e-14 1.99824
-18.492 -2.01063e-14 2.03135
-19.044 -1.0443e-14 2.06444
-19.596 -8.26424e-15 2.09783
-20.148 1.01946e-14 2.13305
-20.7 2.05392e-15 2.16773
-21.252 -2.11155e-14 2.20438
-21.804 4.80917e-15 2.24502
-22.356 -2.13244e-14 2.28535
-22.908 -2.02283e-15 2.32662
-23.46 4.20321e-14 2.36657
-24.012 8.08988e-15 2.40529
-24.564 -4.01815e-14 2.44148
-25.116 -2.04045e-14 2.47497
-25.668 -3.08754e-14 2.50643
-26.22 3.54745e-14 2.5366
-26.772 1.27562e-15 2.56607
-27.324 -3.68252e-14 2.59518
-27.876 -2.00842e-14 2.62415
-28.428 2.27259e-16 2.65308
-28.98 2.29788e-14 2.682
-29.808 -1.95921e-14 2.7253
-30.36 -1.8025e-15 2.75399
-30.912 -3.26813e-14 2.7827
-31.464 -1.68053e-14 2.81144
-32.016 -3.45917e-14 2.84021
-32.568 2.3116e-15 2.86901
-33.12 -5.32947e-14 2.89783
-33.672 -3.23369e-15 2.92668
-34.224 -1.33494e-14 2.95555
-34.776 2.39841e-14 2.98446
-35.328 -5.83256e-14 3.01342
-35.88 -4.46393e-14 3.04213
-36.432 5.07648e-15 3.07087
-36.984 -9.78709e-15 3.09963
-37.536 -1.23755e-15 3.12842
-38.088 -5.59579e-14 3.15725
-38.64 -5.55016e-14 3.18536
-39.192 3.00005e-14 3.21636
-39.744 1.90089e-14 3.24695
-40.296 3.92214e-14 3.2752
-40.848 1.70352e-14 3.30221
-41.4 1.34689e-14 3.34767
-41.952 -2.59106e-14 3.37716
-42.504 -3.1674e-14 3.40575
-43.056 -2.8911e-14 3.43257
-43.608 -1.42112e-14 3.45954
-44.16 -1.74859e-15 3.48674
-44.712 -6.92675e-14 3.51414
-44.16 -4.46778e-14 3.44085
-43.608 -4.32827e-14 3.36776
-43.056 -4.02192e-14 3.29506
-42.504 -2.34411e-13 3.22275
-41.952 -1.15603e-14 3.15094
-41.4 -5.34243e-14 3.07978
-40.848 -1.58431e-15 3.00931
-40.296 -2.14065e-14 2.93963
-39.744 -2.65779e-13 2.87083
-39.192 -4.77411e-14 2.80311
-38.64 1.9244e-13 2.73596
-38.088 -2.04859e-14 2.66912
-37.536 -3.05979e-14 2.60256
-36.984 -3.59499e-14 2.53637
-36.432 -2.49757e-14 2.47072
-35.88 -4.97204e-14 2.40564
-35.328 -4.80086e-14 2.34097
-34.776 -2.67674e-14 2.27666
-34.224 -2.13655e-14 2.21281
-33.672 -4.95955e-14 2.14942
-33.12 -3.71063e-14 2.08669
-32.568 -3.49371e-14 2.02469
-32.016 -1.58792e-14 1.96348
-31.464 -4.85689e-14 1.90353
-30.912 -2.6761e-14 1.84484
-30.36 -1.24856e-14 1.78714
-29.808 -2.71237e-14 1.73103
-29.256 -2.77605e-14 1.67683
-28.704 -3.19666e-14 1.62677
-28.152 -2.38796e-14 1.58096
-27.6 -2.09795e-14 1.53865
-27.048 -3.27361e-14 1.49959
-26.496 -1.23318e-14 1.46205
-25.944 -2.32492e-14 1.42533
-25.392 -2.2992e-14 1.38948
-24.84 -1.94779e-14 1.35456
-24.288 -1.82761e-14 1.32029
-23.736 -1.75831e-14 1.28668
-23.184 -2.60644e-14 1.25372
-22.632 -1.81484e-14 1.22135
-22.08 -1.02595e-14 1.18964
-21.528 -1.73821e-14 1.15885
-20.976 -2.22224e-14 1.1289
-20.424 -1.89413e-14 1.09932
-19.872 -1.11292e-14 1.07005
-19.32 -1.3648e-14 1.04104
-18.768 -1.34563e-14 1.01223
-18.216 -2.12743e-14 0.983616
-17.664 -2.01121e-14 0.955178
-17.112 -2.02196e-14 0.926866
-16.56 -1.92686e-14 0.89863
-16.008 -1.436e-14 0.870446
-15.456 -1.97043e-14 0.842286
-14.904 -1.19966e-14 0.814159
-14.352 -1.15029e-14 0.786063
-13.8 -1.15722e-14 0.758027
-13.248 -1.81122e-14 0.730105
-12.696 -1.28061e-14 0.702377
-12.144 -1.40157e-14 0.674828
-11.592 -1.08494e-14 0.647719
-11.04 -1.28623e-14 0.620738
-10.488 -1.16241e-14 0.593844
-9.93597 -1.41032e-14 0.567019
-9.38397 -1.42446e-14 0.540314
-8.83197 -1.08932e-14 0.513664
-8.27997 -1.42306e-14 0.487234
-7.72797 -1.36232e-14 0.46101
-7.17597 -1.37126e-14 0.434905
-6.62397 -1.25614e-14 0.409256
-6.07197 -1.40505e-14 0.383807
-5.51997 -1.42377e-14 0.358663
-4.96797 -1.52906e-14 0.333832
-4.41597 -1.48038e-14 0.309183
-3.86397 -1.62489e-14 0.284687
-3.31197 -1.52403e-14 0.26036
-2.75997 -1.45355e-14 0.23617
-2.20797 -1.19745e-14 0.212185
-1.65597 -1.48716e-14 0.188371
-1.10397 -1.58264e-14 0.164737
-0.551974 -1.31581e-14 0.141337
2.64203e-05 -1.34432e-14 0.11806
0.552026 -1.29607e-14 0.0949167
1.10403 -1.36175e-14 0.07179
1.65603 -1.2005e-14 0.0486666
2.20803 -1.25372e-14 0.0255583
2.76003 -1.23351e-14 0.0024643
3.31203 -1.23366e-14 -0.0205889
3.86403 -1.52385e-14 -0.0436667
4.41603 -1.34334e-14 -0.0668195
4.96803 -9.97423e-15 -0.0859567
5.52003 -8.99199e-15 -0.0960514
6.07203 -9.89482e-15 -0.103058
6.62403 -8.22736e-15 -0.108663
7.17603 -8.36685e-15 -0.112715
7.72803 -1.08938e-14 -0.114312
8.28003 -1.15687e-14 -0.113306
8.83203 -9.92301e-15 -0.111673
9.38403 -1.06413e-14 -0.109565
9.93603 -1.06465e-14 -0.106859
10.488 -1.10319e-14 -0.103566
11.04 -8.85143e-15 -0.0996565
11.592 -8.72116e-15 -0.0952374
12.144 -8.69882e-15 -0.0903799
12.696 -9.17275e-15 -0.0852256
13.248 -8.48568e-15 -0.0798201
13.8 -2.61065e-14 -0.0741723
14.352 -8.38e-15 -0.068346
14.904 -9.70219e-15 -0.0623806
15.456 -8.71592e-15 -0.0563165
16.008 -8.24039e-15 -0.0501478
16.56 -8.51987e-15 -0.0438694
17.112 -9.5113e-15 -0.0375381
17.664 -8.7503e-15 -0.0311501
18.216 -9.29604e-15 -0.0247109
18.768 -9.15704e-15 -0.0182454
19.32 -9.52167e-15 -0.011783
19.872 -8.87437e-15 -0.0052846
20.424 -8.8018e-15 0.00122341
20.976 -8.38036e-15 0.00772374
21.528 -8.59545e-15 0.0142148
22.08 -1.02548e-14 0.0206786
22.632 -8.99439e-15 0.027106
23.184 -7.36223e-15 0.0329871
23.736 -9.56324e-15 0.0372763
24.288 -9.40794e-15 0.0413451
24.84 -8.92088e-15 0.045365
25.668 -1.20868e-14 0.0509869
26.22 -7.56938e-15 0.0548769
26.772 -1.49141e-14 0.0589623
27.324 -1.02882e-14 0.0630852
27.876 -7.71159e-15 0.0673084
28.428 -9.89606e-15 0.0719569
28.98 -1.10666e-14 0.0770044
29.532 -4.48896e-15 0.082042
30.084 -8.73115e-15 0.0871958
30.636 -6.42962e-15 0.0924726
31.188 -3.68009e-15 0.0977041
31.74 -1.28242e-14 0.10355
32.292 -1.04379e-15 0.109758
32.844 -7.37803e-16 0.116038
33.396 -7.11662e-15 0.122226
33.948 -8.02276e-15 0.128341
34.5 -1.07869e-14 0.134556
35.052 -1.06726e-14 0.140887
35.604 -1.26664e-14 0.147312
36.156 -7.82691e-15 0.153897
36.708 -6.97278e-15 0.161206
37.26 -2.44221e-15 0.168574
37.812 -1.68107e-14 0.175988
38.364 -9.77328e-15 0.183457
38.916 -1.54056e-14 0.190967
39.468 -6.87112e-15 0.198509
40.02 2.25288e-15 0.206077
40.572 -7.9231e-15 0.213638
41.124 -9.95542e-15 0.221185
41.676 1.4241e-15 0.228715
42.228 -7.16369e-15 0.236239
42.78 -1.21835e-14 0.243791
43.332 -1.35948e-14 0.251253
43.884 -1.24646e-14 0.25862
44.436 -6.86402e-15 0.265883
44.988 3.0177e-15 0.273044
45.54 -3.54708e-15 0.280112
46.092 -1.27445e-14 0.287089
46.644 -1.54538e-14 0.293996
47.196 -1.47664e-14 0.300828
47.748 -8.93036e-15 0.307588
48.3 6.79124e-15 0.314297
48.852 2.18186e-16 0.320587
49.404 -4.81015e-15 0.326667
49.956 8.46087e-15 0.332693
50.508 -5.3277e-15 0.338684
51.06 -2.25222e-15 0.344653
51.612 -6.67816e-15 0.350606
52.164 -1.45307e-15 0.356547
52.716 1.03768e-14 0.362403
53.268 4.57183e-15 0.3682
53.82 1.12557e-14 0.373992
54.372 1.04608e-14 0.379782
54.924 -8.09389e-15 0.385575
55.476 -4.02757e-15 0.391372
54.924 8.82954e-15 0.396897
54.372 1.09505e-14 0.402513
53.82 1.11527e-14 0.40812
53.268 -3.17371e-17 0.413512
52.716 3.71488e-15 0.418693
52.164 1.42425e-15 0.423842
51.612 7.01908e-15 0.428984
51.06 6.30055e-15 0.434023
50.508 1.57156e-14 0.439007
49.956 5.89305e-15 0.443907
49.404 -2.42383e-15 0.448554
48.852 1.51097e-14 0.453233
48.3 4.73785e-15 0.457768
47.748 8.95264e-17 0.461889
47.196 1.8991e-15 0.465837
46.644 -1.02899e-15 0.469708
46.092 -1.58305e-15 0.473531
45.54 1.36686e-14 0.477264
44.988 2.35057e-15 0.480991
44.436 2.50853e-15 0.484688
43.884 -2.59315e-15 0.488672
43.332 8.10122e-15 0.49265
42.78 1.04564e-14 0.4966
42.228 9.50857e-15 0.500466
41.676 1.21174e-14 0.504268
41.124 4.54431e-15 0.507989
40.572 3.25395e-15 0.511699
40.02 1.04315e-14 0.515187
39.468 5.36776e-15 0.518506
38.916 8.57573e-15 0.521726
38.364 8.65045e-15 0.524613
37.812 1.55179e-14 0.527667
37.26 1.38727e-14 0.531571
36.708 4.30455e-15 0.537164
36.156 1.52181e-14 0.542675
35.604 7.06823e-15 0.551773
35.052 1.40401e-14 0.562648
34.5 1.78766e-14 0.574057
33.948 1.56982e-14 0.585205
33.396 2.06103e-14 0.596174
32.844 1.8769e-14 0.606884
32.292 2.00185e-14 0.61726
31.74 2.50546e-14 0.627298
31.188 1.30176e-14 0.637014
30.636 8.99446e-15 0.64658
30.084 1.65751e-14 0.657263
29.532 2.34541e-14 0.668194
28.98 1.8219e-14 0.678975
28.428 2.3137e-14 0.689545
27.876 1.31284e-14 0.699902
27.324 1.27716e-14 0.710084
26.772 2.21475e-14 0.720047
26.22 2.03234e-14 0.729862
25.668 2.1819e-14 0.739555
25.116 2.67394e-14 0.749145
24.564 2.02056e-14 0.758633
24.012 2.71234e-15 0.768058
23.46 2.12596e-14 0.777382
22.908 2.25261e-14 0.7866
22.356 3.96895e-15 0.795716
21.804 1.37457e-14 0.804717
21.252 2.2784e-14 0.813618
20.7 7.35554e-15 0.822432
20.148 1.87865e-14 0.831169
19.596 1.05873e-14 0.839918
19.044 3.0292e-14 0.848718
18.492 2.03974e-14 0.857678
17.94 2.03839e-14 0.86702
17.388 1.36653e-14 0.876874
16.836 2.59331e-14 0.887278
16.284 9.86334e-15 0.897947
15.732 2.20977e-14 0.909059
15.18 2.0948e-14 0.920187
14.628 2.02502e-14 0.931689
14.076 2.18144e-14 0.943465
13.524 3.13488e-14 0.955514
12.972 2.80174e-14 0.967734
12.42 1.8307e-14 0.980525
11.868 2.18287e-14 0.993609
11.316 1.91771e-14 1.00694
10.764 2.56215e-14 1.02056
10.212 2.96393e-14 1.03448
9.66003 1.83754e-14 1.04851
9.10803 1.34746e-14 1.06283
8.55603 2.3647e-14 1.07746
8.00403 2.35507e-14 1.0924
7.45203 1.82638e-14 1.10747
6.90003 1.83768e-14 1.12279
6.34803 1.77147e-14 1.13836
5.79603 2.62706e-14 1.15427
5.24403 2.34775e-14 1.17056
4.69203 2.46246e-14 1.18714
4.14003 1.87824e-14 1.20398
3.58803 2.58251e-14 1.221
3.03603 2.55922e-14 1.23826
2.48403 2.83853e-14 1.25562
1.93203 1.81398e-14 1.27317
1.38003 2.83725e-14 1.29091
0.828026 2.68604e-14 1.30879
0.276026 2.18906e-14 1.32672
-0.275974 2.00395e-14 1.34471
-0.827974 2.55628e-14 1.36283
-1.37997 2.45912e-14 1.38102
-1.93197 1.84452e-14 1.39953
-2.48397 2.18559e-14 1.41823
-3.03597 1.74333e-14 1.43723
-3.58797 2.3069e-14 1.45659
-4.13997 1.77515e-14 1.47648
-4.69197 1.96749e-14 1.49651
-5.24397 1.85731e-14 1.51662
-5.79597 2.1604e-13 1.54216
-6.34797 1.81232e-14 1.57353
-6.89997 2.21741e-14 1.60583
-7.45197 1.75961e-14 1.63977
-8.00397 2.28126e-14 1.67461
-8.55597 3.00811e-14 1.70903
-9.10797 2.37742e-14 1.7431
-9.65997 1.69694e-14 1.7768
-10.212 1.80256e-14 1.81013
-10.764 7.22088e-15 1.84313
-11.316 3.60594e-13 1.87577
-11.868 1.83576e-14 1.90808
-12.42 1.52417e-14 1.94008
-12.972 1.15004e-14 1.97178
-13.524 1.99721e-14 2.00316
-14.076 1.6594e-14 2.03424
-14.628 2.02416e-14 2.06502
-15.18 1.29972e-14 2.09549
-15.732 1.46555e-14 2.12567
-16.284 1.52364e-14 2.15555
-16.836 1.47448e-14 2.18514
-17.388 -4.90956e-13 2.21445
-17.94 2.29301e-14 2.24347
-18.492 1.43065e-14 2.2722
-19.32 -1.20072e-13 2.31477
-19.872 1.5409e-14 2.34279
-20.424 1.68558e-14 2.37053
-20.976 8.35523e-15 2.39799
-21.528 1.49788e-14 2.42516
-22.08 1.17674e-14 2.45206
-22.632 8.09206e-15 2.47868
-23.184 1.27455e-14 2.50503
-23.736 1.08269e-14 2.53112
-24.288 6.45005e-15 2.55694
-24.84 7.99312e-15 2.58252
-25.392 9.46454e-15 2.60784
-25.944 1.29295e-14 2.63293
-26.496 8.32903e-15 2.65779
-27.048 7.0877e-15 2.68243
-27.6 9.71367e-15 2.70693
-28.152 1.01147e-14 2.73166
-28.704 5.06842e-15 2.75623
-29.256 -9.80344e-17 2.78271
-29.808 1.19457e-14 2.81119
-30.36 1.52493e-14 2.84044
-30.912 3.9491e-14 2.8706
-31.464 3.36514e-14 2.90054
-32.016 -4.07363e-15 2.93101
-32.568 -8.90708e-15 2.96167
-33.12 4.13543e-14 2.99209
-33.672 -4.02759e-15 3.02228
-34.224 2.14722e-14 3.05255
-34.776 9.68524e-16 3.0831
-35.328 -4.15585e-14 3.11341
-35.88 -8.49656e-16 3.14351
-36.432 1.81897e-14 3.17341
-36.984 -3.9551e-14 3.20311
-37.536 -1.01257e-14 3.23265
-38.088 1.62668e-14 3.26203
-38.64 5.3382e-14 3.29127
-39.192 -1.10212e-14 3.32056
-39.744 1.88326e-14 3.34997
-40.296 -9.17794e-15 3.37928
-40.848 -8.19674e-15 3.40852
-41.4 7.2394e-14 3.43772
-41.952 1.18587e-14 3.46682
-42.504 2.60493e-14 3.49587
-43.056 4.99457e-14 3.52491
-43.608 -2.94383e-14 3.55393
-44.16 1.7575e-14 3.58296
-44.712 1.05428e-14 3.61199
-45.264 2.72066e-14 3.64108
-45.816 9.62843e-14 3.67023
-46.368 -6.85685e-14 3.69944
-46.92 -1.60823e-14 3.72864
-47.472 1.37312e-15 3.75785
-48.024 3.78269e-14 3.78703
-48.576 7.3207e-14 3.81624
-49.128 4.37419e-14 3.84548
-49.68 -2.86258e-14 3.87475
-50.232 5.89947e-14 3.90404
-50.784 -9.43487e-15 3.93335
-51.336 3.35246e-14 3.96268
-51.888 -1.73298e-14 3.99204
-52.44 5.10319e-14 4.02144
-52.992 9.1921e-14 4.05083
-53.544 3.9441e-14 4.08012
-54.096 -7.61234e-14 4.08989
-54.648 -1.23232e-13 4.14945
-55.2 -6.7534e-14 4.20243
-55.752 -7.48738e-14 4.24781
-55.2 -3.52446e-14 4.17444
-54.648 3.26647e-15 4.10125
-54.096 -9.76168e-14 4.02877
-53.544 1.64955e-14 3.95649
-52.992 -5.43733e-14 3.88488
-52.44 2.57149e-14 3.81378
-51.888 -1.35839e-14 3.74347
-51.336 7.565e-15 3.67392
-50.784 -9.72194e-14 3.60499
-50.232 1.08799e-14 3.53679
-49.68 -2.36217e-14 3.46957
-49.128 -5.4323e-14 3.40317
-48.576 -3.51329e-14 3.33704
-48.024 -5.51881e-14 3.2712
-47.472 -9.1935e-15 3.20575
-46.92 -6.52771e-14 3.14068
-46.368 -2.96938e-14 3.07594
-45.816 -2.12582e-14 3.0116
-45.264 -3.28199e-14 2.94764
-44.712 -4.8436e-14 2.88417
-44.16 -3.60483e-14 2.82154
-43.608 -2.64305e-14 2.76005
-43.056 -4.00467e-14 2.69929
-42.504 -4.85519e-14 2.63923
-41.952 -1.963e-14 2.57987
-41.4 -5.68951e-14 2.52159
-40.848 -4.20537e-14 2.46427
-40.296 -4.35707e-14 2.40832
-39.744 -2.87783e-14 2.35354
-39.192 -2.59688e-14 2.30203
-38.64 -3.60539e-14 2.25328
-38.088 -3.00552e-14 2.20833
-37.536 -4.4753e-14 2.16583
-36.984 -2.19672e-14 2.12625
-36.432 2.42312e-14 2.0886
-35.88 -2.53173e-14 2.05182
-35.328 -2.49679e-14 2.01574
-34.776 -2.16049e-14 1.98027
-34.224 -1.79618e-14 1.94543
-33.672 -2.93252e-14 1.9112
-33.12 -2.16105e-14 1.87766
-32.568 -2.07701e-14 1.84489
-32.016 -3.2317e-14 1.81271
-31.464 -2.62601e-14 1.78093
-30.912 -2.58571e-14 1.75001
-30.36 -2.14993e-14 1.71944
-29.808 -1.49605e-14 1.68902
-29.256 -2.6284e-14 1.6587
-28.704 -1.32557e-14 1.6285
-28.152 -2.39159e-14 1.59847
-27.6 -1.55843e-14 1.56856
-27.048 -2.76344e-14 1.53875
-26.496 -2.78027e-14 1.50901
-25.944 -1.58703e-14 1.47937
-25.392 -1.48768e-14 1.44978
-24.84 -2.25225e-14 1.42024
-24.288 -2.00594e-14 1.39076
-23.736 -1.17471e-14 1.3613
-23.184 -1.75491e-14 1.33185
-22.632 -1.39652e-14 1.30246
-22.08 -9.72397e-15 1.27319
-21.528 -1.52477e-14 1.24402
-20.976 -1.44162e-14 1.21495
-20.424 -1.52411e-14 1.18613
-19.872 -7.97855e-15 1.15747
-19.32 -2.0264e-14 1.12894
-18.768 -1.50381e-14 1.10054
-18.216 -1.5574e-14 1.07223
-17.664 -1.38547e-14 1.04394
-17.112 -1.62932e-14 1.01583
-16.56 -1.85613e-14 0.987747
-16.008 -1.568e-14 0.959784
-15.456 -1.23269e-14 0.931984
-14.904 -1.49165e-14 0.904238
-14.352 -1.76641e-14 0.876593
-13.8 -1.8515e-14 0.849045
-13.248 -2.04491e-14 0.821545
-12.696 -2.27227e-14 0.794304
-12.144 -2.80095e-14 0.767074
-11.592 -3.07669e-14 0.739836
-11.04 -3.38777e-14 0.712605
-10.488 -3.853e-14 0.685399
-9.93597 -3.9484e-14 0.658273
-9.38397 -4.63765e-14 0.631237
-8.83197 -5.11684e-14 0.604191
-8.27997 -5.5334e-14 0.577187
-7.72797 -6.12293e-14 0.550156
-7.17597 -6.8608e-14 0.523144
-6.62397 -7.01717e-14 0.496117
-6.07197 -7.04678e-14 0.469055
-5.51997 -7.88446e-14 0.441959
-4.96797 -8.0203e-14 0.414904
-4.41597 -7.77888e-14 0.387807
-3.86397 -7.84888e-14 0.360669
-3.31197 -7.77214e-14 0.333574
-2.75997 -7.2799e-14 0.306443
-2.20797 -7.21525e-14 0.279341
-1.65597 -6.824e-14 0.252345
-1.10397 -6.59931e-14 0.225574
-0.551974 -6.04792e-14 0.198934
