-2.06875e-06 -1.30778e-07 -0.0173672
0.0315689 1.56669e-05 -0.00804261
0.0727611 1.11382e-05 0.00993223
0.113102 5.10424e-05 0.027707
0.148148 8.00236e-05 0.0447045
0.181976 9.20083e-05 0.0615707
0.2145 0.000105299 0.0782202
0.246085 0.000118275 0.0946666
0.276815 0.000130745 0.11091
0.306847 0.000143261 0.126966
0.336623 0.000155337 0.142927
0.366142 0.000167219 0.158814
0.395552 0.000179451 0.174709
0.425026 0.000192053 0.190808
0.455241 0.000207031 0.207788
0.488137 0.000222849 0.2276
0.526186 0.000225625 0.252557
0.566222 0.000217933 0.27996
0.606475 0.000208277 0.307887
0.64857 0.000199975 0.336616
0.619883 0.000188652 0.320406
0.59109 0.000177397 0.30415
0.562076 0.000165964 0.287828
0.532968 0.000154182 0.271432
0.503774 0.000142593 0.254987
0.4744 0.000130995 0.238477
0.44492 0.000119568 0.22188
0.415152 0.000106948 0.205125
0.385004 9.16714e-05 0.188222
0.354626 7.06419e-05 0.171134
0.323656 4.71371e-05 0.153895
0.292529 2.14731e-05 0.136572
0.261051 -4.06469e-06 0.119168
0.22879 -2.54333e-05 0.101706
0.193949 -4.29561e-05 0.0834414
0.153126 -7.20961e-05 0.0628028
0.11065 -0.000100066 0.0419391
0.0737496 -0.000125218 0.0244839
0.0354627 -0.000182643 0.00603148
0.00258695 -0.000213722 -0.00728244
-0.0256363 -0.000205329 -0.0119764
-0.0601895 -0.000190503 -0.00997235
-0.0937011 -0.000174996 -0.00272612
-0.125106 -0.000156181 0.00348854
-0.155728 -0.00013992 0.00896523
-0.182555 -0.000175535 0.0166821
-0.208043 -0.000199121 0.0266413
-0.233039 -0.000208052 0.037567
-0.257757 -0.000217001 0.048535
-0.28222 -0.000225818 0.0594908
-0.306533 -0.000233705 0.070276
-0.330667 -0.000239015 0.0804857
-0.354632 -0.000239619 0.0887757
-0.378174 -0.000240562 0.0920668
-0.40086 -0.00024969 0.0902479
-0.422747 -0.000262362 0.0865526
-0.444443 -0.000275013 0.081557
-0.467042 -0.000284509 0.0745547
-0.491224 -0.000289449 0.0653173
-0.467734 -0.000278702 0.0539805
-0.444167 -0.00026792 0.0427681
-0.420527 -0.000256884 0.0316425
-0.396851 -0.000245453 0.0206222
-0.373107 -0.000235331 0.00944422
-0.349249 -0.000206238 -0.0007313
-0.325253 -0.000170466 -0.0103562
-0.301322 -0.00013278 -0.0188112
-0.276559 -0.000112471 -0.0260737
-0.250408 -0.000121962 -0.031669
-0.224349 -0.000132268 -0.0363397
-0.19807 -0.000143418 -0.0401416
-0.171231 -0.000154165 -0.0435143
-0.143464 -0.000166059 -0.0461456
-0.114147 -0.000179431 -0.0478373
-0.0822712 -0.000195463 -0.0481539
-0.0466309 -0.000200281 -0.0455706
-0.0198396 -0.00022702 -0.0391793
0.00657381 -0.000251497 -0.0289878
0.0410424 -0.000256742 -0.0137733
0.075742 -0.00023936 0.00162598
0.106775 -0.00019459 0.0165764
0.141497 -0.000151129 0.0342388
0.179078 -0.000121419 0.0541672
0.215463 -9.11504e-05 0.0745722
0.250717 -5.95871e-05 0.0947884
0.283818 -2.03534e-05 0.114025
0.315729 1.72887e-05 0.133271
0.346497 5.24163e-05 0.152349
0.376541 8.52059e-05 0.171285
0.405921 0.000116212 0.190092
0.435857 0.000106774 0.20696
0.465838 0.000102321 0.223845
0.49608 0.000116661 0.241491
0.526698 0.000130099 0.259626
0.558005 0.000142852 0.278524
0.59052 0.000153661 0.298606
0.625017 0.000161524 0.320391
0.662641 0.000165834 0.344495
0.704796 0.000167597 0.371141
0.751144 0.000168738 0.400095
0.800424 0.000170241 0.430355
0.851998 0.000172194 0.461422
0.905253 0.000174393 0.492964
0.959875 0.000177494 0.524777
1.01584 0.000181468 0.556914
1.07361 0.000186637 0.589496
1.13295 0.000192543 0.622417
1.19254 0.000199193 0.655341
1.25185 0.000206532 0.68825
1.31165 0.000214021 0.721252
1.37119 0.000222097 0.754
1.43119 0.000229009 0.786674
1.49299 0.000234231 0.819686
1.55848 0.000239097 0.853713
1.62719 0.000242984 0.888598
1.69814 0.000245827 0.924104
1.77107 0.000248061 0.960177
1.84614 0.000250721 0.996989
1.81623 0.000235311 0.98075
1.7863 0.000218221 0.964436
1.75651 0.000206544 0.948387
1.72669 0.000205495 0.932782
1.69667 0.000210977 0.917491
1.66702 0.000207185 0.901528
1.63833 0.000179951 0.883844
1.60951 0.000153039 0.866078
1.5808 0.00012611 0.848306
1.552 9.94771e-05 0.830451
1.52325 7.3145e-05 0.812542
1.49441 4.73586e-05 0.794549
1.46543 2.18808e-05 0.776417
1.43624 -3.349e-06 0.758095
1.4068 -2.8345e-05 0.739537
1.37727 -5.20512e-05 0.720898
1.34745 -7.50382e-05 0.702067
1.31724 -9.75669e-05 0.682964
1.28659 -0.000119481 0.66353
1.2555 -0.000140672 0.643739
1.22379 -0.000161187 0.623554
1.19119 -0.000181022 0.602884
1.15696 -0.000198008 0.581046
1.12005 -0.000207769 0.557272
1.08057 -0.000216727 0.531938
1.03803 -0.000227224 0.504761
0.993003 -0.000238417 0.476354
0.945761 -0.000249765 0.447138
0.896473 -0.00026142 0.417471
0.844715 -0.000273749 0.387567
0.790252 -0.000286738 0.357863
0.735657 -0.000296874 0.329747
0.68615 -0.000294859 0.30608
0.643098 -0.000276361 0.288573
0.602534 -0.00025622 0.278713
0.561945 -0.000241886 0.272481
0.524491 -0.000234571 0.268972
0.489929 -0.000230972 0.266994
0.45739 -0.00022792 0.265205
0.426146 -0.00022525 0.263406
0.395494 -0.000222531 0.261395
0.364268 -0.000219379 0.258803
0.32927 -0.000214549 0.255057
0.288359 -0.000206471 0.249389
0.243765 -0.000197185 0.242087
0.197376 -0.000188431 0.233658
0.15074 -0.00018105 0.224366
0.104251 -0.000175005 0.214446
0.0580227 -0.000170076 0.204104
0.0121108 -0.000166047 0.193419
-0.033605 -0.000162751 0.18244
-0.0793958 -0.000159961 0.171249
-0.125542 -0.00015754 0.159874
-0.171659 -0.000155465 0.148204
-0.21774 -0.000153662 0.136203
-0.263755 -0.000152119 0.123893
-0.311005 -0.000150265 0.112302
-0.359153 -0.000147399 0.103107
-0.404573 -0.000143661 0.0952805
-0.44036 -0.000139115 0.090789
-0.46811 -0.000176354 0.0865413
-0.493855 -0.000199692 0.0814502
-0.517396 -0.000204554 0.0758925
-0.542 -0.00020855 0.0699196
-0.568238 -0.000211659 0.0635582
-0.596597 -0.000212915 0.0570585
-0.626376 -0.000213621 0.0500794
-0.657978 -0.000214479 0.0428271
-0.692387 -0.000215286 0.0361444
-0.728988 -0.000215075 0.0296294
-0.767473 -0.000214646 0.0233158
-0.807668 -0.000213995 0.0172733
-0.849287 -0.000213046 0.0115692
-0.893644 -0.000209539 0.00614847
-0.940102 -0.000205764 0.00112009
-0.988599 -0.000201246 -0.00361074
-1.03826 -0.000196717 -0.00817922
-1.08836 -0.000192728 -0.0124325
-1.13857 -0.000189433 -0.0163932
-1.11658 -0.000155869 -0.0232151
-1.09406 -0.000134264 -0.0292327
-1.06998 -0.000141843 -0.0341364
-1.0461 -0.000149611 -0.038759
-1.02247 -0.000157302 -0.0434683
-0.998992 -0.000164851 -0.0480223
-0.975593 -0.000172235 -0.0523441
-0.952088 -0.000179109 -0.0565575
-0.928786 -0.000185725 -0.0607124
-0.905521 -0.000192122 -0.0645799
-0.882393 -0.000198249 -0.0683715
-0.859211 -0.000204128 -0.0719191
-0.836136 -0.00020935 -0.0754413
-0.813136 -0.000214047 -0.0788365
-0.790172 -0.00021838 -0.0821903
-0.767175 -0.000222151 -0.0853994
-0.744103 -0.000225401 -0.0884276
-0.721147 -0.000228403 -0.0912334
-0.698125 -0.000230902 -0.0939225
-0.674964 -0.000232669 -0.0964595
-0.648975 -0.000228074 -0.0980652
-0.621178 -0.000219828 -0.0989542
-0.592721 -0.000211246 -0.0995563
-0.563248 -0.000202416 -0.0999188
-0.532008 -0.000193963 -0.0999535
-0.499247 -0.000186602 -0.0995573
-0.465359 -0.000180087 -0.0985661
-0.430363 -0.000174208 -0.096668
-0.394138 -0.000169015 -0.0938626
-0.356728 -0.00016388 -0.0900375
-0.318777 -0.000157526 -0.0849086
-0.279839 -0.000153065 -0.0788203
-0.240667 -0.000147767 -0.0717837
-0.201371 -0.000140747 -0.063161
-0.160686 -0.000125844 -0.053361
-0.117249 -0.000107717 -0.0426356
-0.0721984 -8.63726e-05 -0.0315882
-0.025622 -6.4461e-05 -0.0205086
0.0224353 -4.5876e-05 -0.0094889
0.0747505 -2.63055e-05 0.00366069
0.125794 -7.65207e-06 0.0210098
0.17588 9.94931e-06 0.0394988
0.226345 2.74851e-05 0.0576022
0.277499 4.46625e-05 0.0752466
0.321767 5.81412e-05 0.0970365
0.364938 7.08534e-05 0.119063
0.408017 8.32507e-05 0.141074
0.451307 9.52458e-05 0.163254
0.494883 0.000106802 0.185764
0.538578 0.000117758 0.208781
0.582159 0.000127943 0.232503
0.625024 0.000137124 0.256778
0.667277 0.000145267 0.281651
0.708864 0.000152464 0.306976
0.750336 0.000159006 0.332926
0.791462 0.000164967 0.359232
0.832188 0.000170328 0.385803
0.872621 0.000175161 0.412605
0.912861 0.000179562 0.439623
0.952908 0.000183558 0.466837
0.993628 0.000187328 0.494704
1.03439 0.000190782 0.522785
1.07531 0.000193967 0.551134
1.11762 0.00019709 0.580335
1.16319 0.000200622 0.611003
1.20792 0.00020507 0.641295
1.25134 0.000213359 0.669808
1.29477 0.000223383 0.697343
1.3397 0.000233314 0.72557
1.38589 0.000242714 0.754258
1.43369 0.000251567 0.783354
1.48338 0.000259874 0.812921
1.53481 0.0002677 0.842911
1.58792 0.000275153 0.87333
1.64316 0.000282412 0.904402
1.7006 0.000289327 0.935996
1.76059 0.000294467 0.968124
1.82399 0.000295404 1.00086
1.89004 0.000296873 1.03428
1.95836 0.000298687 1.06829
2.02842 0.000300601 1.10285
2.10037 0.000302422 1.13807
2.17443 0.000303928 1.17379
2.24952 0.000304564 1.20991
2.326 0.000304819 1.24641
2.40351 0.000304365 1.28327
2.48197 0.000303474 1.32056
2.56133 0.000302714 1.35833
2.64105 0.000304566 1.39643
2.76064 0.000307426 1.45355
2.84065 0.000309526 1.49145
2.92074 0.000311402 1.52919
3.00092 0.000313171 1.56683
3.11294 0.000325157 1.60551
3.25579 0.00035333 1.64855
3.3929 0.000379217 1.68999
3.51341 0.00039704 1.72476
3.68665 0.00042668 1.75111
3.80374 0.000435404 1.78291
3.91987 0.000444142 1.81258
4.00262 0.000444944 1.84581
4.08395 0.000444975 1.87936
4.16392 0.000444982 1.91278
4.2331 0.000445093 1.94238
4.30139 0.000445238 1.97158
4.3699 0.000445475 2.00079
4.43878 0.000445727 2.02999
4.50808 0.000444134 2.05891
4.57823 0.000440416 2.08696
4.75441 0.000465599 2.0948
4.84794 0.000465355 2.12839
4.91372 0.000465267 2.15605
4.98135 0.00046501 2.18434
5.04872 0.000464718 2.21282
5.11609 0.000462489 2.24131
5.18421 0.000457988 2.26983
5.253 0.000453941 2.29852
5.32172 0.000450562 2.32728
5.39042 0.000447186 2.35604
5.45912 0.000443803 2.3848
5.42855 0.00043213 2.36856
5.39845 0.000400911 2.35132
5.36866 0.000377907 2.33407
5.33884 0.000356057 2.31678
5.3089 0.000334741 2.29935
5.27882 0.000314023 2.28182
5.24855 0.000293248 2.26415
5.21804 0.000272183 2.24629
5.18728 0.000250996 2.22825
5.15617 0.000229651 2.21001
5.12472 0.000208089 2.19154
5.0929 0.000186133 2.17286
5.06072 0.000162361 2.15394
5.02802 0.000138208 2.13476
4.99478 0.0001135 2.11537
4.96117 8.86942e-05 2.09583
4.92708 6.32377e-05 2.07612
4.89246 3.72837e-05 2.0562
4.85669 1.45588e-05 2.03568
4.81924 -1.39835e-06 2.01411
4.78108 -1.74321e-05 1.99236
4.74241 -3.37016e-05 1.97058
4.70312 -5.03356e-05 1.9487
4.66303 -6.7263e-05 1.92676
4.62198 -8.43437e-05 1.9049
4.5799 -0.000101632 1.88295
4.53673 -0.000119115 1.86094
4.49245 -0.000136655 1.83888
4.44684 -0.000154072 1.8167
4.39964 -0.000171563 1.79442
4.3503 -0.000189013 1.77188
4.29821 -0.000206574 1.74848
4.24341 -0.000224281 1.72428
4.18547 -0.000242207 1.69917
4.12497 -0.000259884 1.67353
4.06266 -0.000276161 1.64781
3.999 -0.000290309 1.62214
3.93448 -0.000301722 1.59714
3.86999 -0.000309283 1.5726
3.80608 -0.000312264 1.54873
3.74316 -0.000311247 1.52581
3.68056 -0.000308251 1.505
3.61822 -0.000303861 1.48618
3.55589 -0.000298334 1.46784
3.49349 -0.000291986 1.44969
3.43075 -0.000284847 1.43152
3.36764 -0.000277391 1.41324
3.30423 -0.000269999 1.39483
3.24046 -0.000262726 1.37624
3.17652 -0.000255735 1.35747
3.1122 -0.000248966 1.33848
3.04745 -0.000242494 1.31922
2.98227 -0.000236322 1.2997
2.91667 -0.000230426 1.27993
2.85067 -0.000224813 1.25988
2.78427 -0.000219487 1.23959
2.71746 -0.000214494 1.2192
2.65028 -0.000209801 1.1987
2.58275 -0.000205337 1.17799
2.51492 -0.000201104 1.15708
2.44679 -0.000197086 1.13597
2.3784 -0.00019326 1.11466
2.3097 -0.000189599 1.09315
2.2407 -0.000186083 1.07144
2.17146 -0.000182677 1.04949
2.10192 -0.000179302 1.02721
2.03208 -0.000175956 1.00457
1.9619 -0.000172749 0.981687
1.89158 -0.000169571 0.958646
1.82117 -0.000166439 0.935495
1.7506 -0.00016336 0.912227
1.67993 -0.000160276 0.888839
1.60912 -0.000157168 0.86534
1.53814 -0.000154029 0.841744
1.46653 -0.00015095 0.818212
1.39445 -0.000147865 0.794616
1.3222 -0.000144728 0.770989
1.24989 -0.000141515 0.747411
1.17745 -0.000138271 0.723903
1.10476 -0.000135022 0.700381
1.03193 -0.000131782 0.676814
0.958929 -0.000128615 0.653131
0.891126 -0.000126648 0.633141
0.833434 -0.000126108 0.618556
0.777507 -0.000125579 0.604857
0.722684 -0.000125231 0.591727
0.667694 -0.000125253 0.579049
0.611514 -0.000125806 0.5668
0.554717 -0.000126599 0.554367
0.496817 -0.000127598 0.541525
0.43807 -0.00012881 0.528375
0.37895 -0.000130223 0.515125
0.319722 -0.000131823 0.501889
0.260456 -0.000133584 0.488708
0.201095 -0.000135482 0.4756
0.141612 -0.000137496 0.462585
0.0819711 -0.00013961 0.449659
0.0221336 -0.000141805 0.436797
-0.0378713 -0.000144063 0.424005
-0.0980498 -0.000146367 0.411294
-0.158367 -0.000148695 0.398702
-0.21885 -0.000151041 0.386247
-0.279437 -0.000153393 0.373979
-0.340213 -0.000155733 0.361869
-0.401177 -0.000158065 0.34992
-0.462366 -0.000160377 0.338146
-0.523792 -0.000162656 0.326562
-0.585605 -0.000164904 0.315115
-0.647785 -0.000167111 0.303831
-0.710438 -0.000169265 0.292699
-0.773582 -0.000171369 0.281723
-0.837318 -0.000173407 0.270904
-0.901683 -0.000175374 0.26023
-0.96682 -0.000177248 0.249715
-1.03267 -0.000179053 0.239514
-1.09654 -0.000180318 0.230269
-1.1322 -0.000176214 0.226186
-1.16857 -0.000172251 0.222259
-1.20671 -0.000168286 0.218823
-1.2478 -0.000164227 0.215918
-1.28974 -0.000160254 0.212909
-1.33343 -0.000156245 0.210073
-1.37756 -0.000152392 0.20717
-1.42235 -0.000148688 0.204341
-1.46679 -0.000145209 0.201446
-1.51049 -0.000141851 0.198531
-1.55379 -0.00013868 0.195432
-1.59722 -0.000135683 0.192184
-1.64061 -0.000132851 0.188892
-1.68412 -0.000130171 0.185596
-1.72778 -0.000127631 0.182319
-1.77163 -0.00012521 0.179074
-1.81574 -0.000122901 0.175851
-1.88227 -0.000119568 0.171114
-1.9265 -0.000117301 0.168162
-1.9709 -0.000115095 0.165255
-2.01544 -0.00011295 0.162433
-2.06017 -0.000110849 0.159666
-2.10507 -0.000108786 0.156931
-2.15012 -0.000106757 0.154232
-2.19535 -0.000104761 0.151563
-2.24074 -0.000102793 0.148914
-2.28628 -0.000100848 0.146291
-2.33194 -9.89115e-05 0.143739
-2.37752 -9.68089e-05 0.141339
-2.42347 -9.47235e-05 0.138932
-2.46959 -9.26605e-05 0.136549
-2.51589 -9.0616e-05 0.134181
-2.5624 -8.85891e-05 0.131824
-2.62002 -8.63429e-05 0.127867
-2.73987 -6.19784e-05 0.115127
-2.83658 -4.60736e-05 0.106955
-2.90577 -4.13874e-05 0.102297
-3.05862 -8.85199e-06 0.0869083
-3.14936 -1.2873e-06 0.0844552
-3.23037 7.04848e-06 0.0793772
-3.30417 1.31872e-05 0.0750628
-3.35521 1.11324e-05 0.0731437
-3.4065 8.86006e-06 0.0712752
-3.45711 5.76337e-06 0.0695782
-3.50759 2.55797e-06 0.0679002
-3.48121 -2.97075e-06 0.0627808
-3.45492 -8.02438e-06 0.0579958
-3.42882 -1.36949e-05 0.0531415
-3.40291 -1.97003e-05 0.0486671
-3.37728 -2.63755e-05 0.0444796
-3.35179 -3.29528e-05 0.040534
-3.32631 -3.92563e-05 0.0369055
-3.30087 -4.55673e-05 0.0335182
-3.27551 -5.1571e-05 0.0302862
-3.25028 -5.73151e-05 0.0271949
-3.22511 -6.30208e-05 0.0242995
-3.20004 -6.88593e-05 0.0212748
-3.1749 -7.46352e-05 0.0183199
-3.14966 -8.05517e-05 0.0154594
-3.12431 -8.63165e-05 0.0126465
-3.09883 -9.18474e-05 0.00986455
-3.07314 -9.74967e-05 0.00726667
-3.04726 -0.000103178 0.00478763
-3.02115 -0.000108968 0.00242966
-2.99482 -0.00011489 0.000186041
-2.96826 -0.000120753 -0.00209663
-2.94141 -0.000126878 -0.00429213
-2.91378 -0.000132713 -0.00630332
-2.88338 -0.000133579 -0.00746506
-2.85079 -0.000130887 -0.00796617
-2.81751 -0.000128794 -0.00825949
-2.78336 -0.000127076 -0.00834386
-2.74831 -0.00012555 -0.00812844
-2.71299 -0.000121005 -0.00736092
-2.67658 -0.000117287 -0.00604069
-2.63896 -0.00011429 -0.00432423
-2.59952 -0.000112934 -0.00180283
-2.55904 -0.00011223 0.00116002
-2.51778 -0.000111501 0.00432318
-2.47552 -0.000111533 0.00776644
-2.43212 -0.000112196 0.0114763
-2.38788 -0.000112177 0.0153716
-2.34294 -0.000111186 0.0194054
-2.29724 -0.000109047 0.0236062
-2.25092 -0.000105151 0.0279838
-2.20406 -9.87022e-05 0.032588
-2.15563 -9.07626e-05 0.0376748
-2.1053 -8.25989e-05 0.0431782
-2.05409 -7.35344e-05 0.0487899
-2.00239 -6.35409e-05 0.0544549
-1.95024 -5.2835e-05 0.0601175
-1.89778 -4.13835e-05 0.0657367
-1.84492 -2.93852e-05 0.0713017
-1.79149 -1.69449e-05 0.0767818
-1.73761 -4.46651e-06 0.0821622
-1.68347 7.68893e-06 0.0874328
-1.62897 1.94474e-05 0.0925918
-1.57425 3.06889e-05 0.0976505
-1.51926 4.14373e-05 0.102614
-1.46397 5.1723e-05 0.107482
-1.40834 6.13629e-05 0.112284
-1.35239 7.05207e-05 0.117027
-1.29604 7.91994e-05 0.12176
-1.23928 8.75058e-05 0.126465
-1.18192 9.56363e-05 0.131364
-1.12422 0.000103539 0.136231
-1.0662 0.000111178 0.141055
-1.00794 0.000118547 0.14579
-0.949394 0.000125707 0.150474
-0.890535 0.000132611 0.155072
-0.831331 0.000139334 0.159698
-0.771743 0.000145918 0.164318
-0.711739 0.000152308 0.16891
-0.651029 0.000158628 0.173841
-0.589944 0.000164727 0.178809
-0.528215 0.000170691 0.183983
-0.46608 0.000176497 0.189272
-0.403563 0.000182126 0.194592
-0.340586 0.000187606 0.199943
-0.277112 0.000192966 0.205329
-0.213058 0.000198222 0.210722
-0.148189 0.000203212 0.21619
-0.0826586 0.000208105 0.221708
-0.0163661 0.000212956 0.227254
0.0506233 0.000217761 0.23283
0.118198 0.000222492 0.238366
0.186692 0.000227219 0.243828
0.255663 0.00023179 0.249185
0.325156 0.000236231 0.254417
0.39511 0.000240557 0.259485
0.465481 0.000244771 0.264373
0.536589 0.000248582 0.269177
0.608149 0.000252243 0.273824
0.680078 0.000255786 0.278314
0.750507 0.000259113 0.286313
0.812374 0.000261443 0.301744
0.871186 0.000263353 0.319608
0.928643 0.000265037 0.338424
0.984715 0.000266491 0.358414
1.03804 0.000267574 0.380258
1.08783 0.000268189 0.403903
1.13778 0.000268755 0.427798
1.18793 0.000269246 0.451882
1.23821 0.000269631 0.476365
1.28869 0.000269901 0.501485
1.33925 0.000270048 0.527342
1.38978 0.000270077 0.553841
1.44011 0.000269984 0.580798
1.4902 0.000269791 0.608071
1.54003 0.000269504 0.635568
1.58963 0.000269136 0.663273
1.63907 0.000268713 0.691113
1.68846 0.000268251 0.719097
1.73777 0.000267756 0.747154
1.78713 0.000267246 0.775331
1.83653 0.000266723 0.803583
1.88611 0.000266209 0.831916
1.93584 0.000265702 0.860314
1.9858 0.000265212 0.888773
2.03602 0.000264746 0.917278
2.08657 0.000264312 0.9458
2.13743 0.000263906 0.974384
2.18875 0.00026355 1.00304
2.24042 0.000263229 1.0317
2.29253 0.000262953 1.06038
2.34511 0.000262725 1.08912
2.39815 0.000262545 1.11785
2.45251 0.0002626 1.14682
2.51043 0.000263176 1.17669
2.56968 0.00026367 1.20687
2.62983 0.000264464 1.23717
2.72399 0.000266311 1.2837
2.78811 0.000267615 1.31503
2.8546 0.00026927 1.34709
2.92225 0.000271585 1.37934
2.99032 0.000273892 1.41159
3.06001 0.00027621 1.44431
3.13154 0.000278784 1.47757
3.20457 0.000282139 1.51103
3.27784 0.000285426 1.54447
3.3513 0.000288643 1.57788
3.4264 0.000292636 1.61127
3.50348 0.000296778 1.64522
3.5814 0.000300842 1.67941
3.65932 0.000303704 1.71343
3.73796 0.000288907 1.74601
3.81408 0.000291655 1.77782
3.89021 0.000294362 1.80964
3.96635 0.000297029 1.84149
4.04245 0.000299671 1.87336
4.11871 0.00030227 1.90533
4.19669 0.000304806 1.93791
4.27455 0.000307277 1.9705
4.35227 0.000309675 2.00307
4.42983 0.000311994 2.03564
4.50721 0.000314226 2.0682
4.58438 0.000316367 2.10074
4.66134 0.000318409 2.13326
4.73803 0.000320351 2.16574
4.81442 0.000322185 2.19817
4.89052 0.000323909 2.23057
4.96642 0.000325522 2.26295
5.04282 0.00032699 2.29555
5.11873 0.000328357 2.32804
5.19414 0.000329625 2.36042
5.26903 0.000330805 2.39268
5.34339 0.000331905 2.42483
5.41725 0.000332939 2.45686
5.49059 0.000333915 2.48879
5.56346 0.00033484 2.52062
5.63586 0.000335721 2.55235
5.7078 0.00033657 2.58399
5.77931 0.000337401 2.61555
5.85255 0.000338553 2.64685
5.92624 0.000339786 2.67798
5.9996 0.000340952 2.70903
6.07267 0.000342066 2.74003
6.14546 0.000343145 2.77099
6.21805 0.000344257 2.80194
6.29044 0.000345419 2.83287
6.36263 0.000346562 2.86371
6.43464 0.000347683 2.89448
6.50648 0.000348779 2.92524
6.57816 0.000349846 2.95601
6.64968 0.000350884 2.98677
6.72107 0.000351904 3.01753
6.6909 0.000345896 3.00179
6.66063 0.000340254 2.98597
6.63055 0.000322339 2.96943
6.60091 0.000297434 2.9522
6.57128 0.000277192 2.9349
6.54149 0.000257754 2.91744
6.51147 0.000238176 2.89984
6.48119 0.000218261 2.88203
6.45071 0.000198167 2.86403
6.41996 0.000177836 2.84583
6.38894 0.000157622 2.82748
6.35751 0.000137364 2.80896
6.32535 0.00011855 2.79021
6.29093 0.000109486 2.77008
6.25615 0.000100975 2.74974
6.22106 9.24978e-05 2.72922
6.18562 8.23292e-05 2.70848
6.14991 7.1184e-05 2.68757
6.1137 5.94319e-05 2.6664
6.07702 4.66993e-05 2.64497
6.04016 3.3284e-05 2.62344
6.00273 1.95267e-05 2.60164
5.96462 5.79713e-06 2.57959
5.92585 -8.14525e-06 2.55727
5.88639 -2.23958e-05 2.53474
5.84622 -3.67332e-05 2.51197
5.80522 -5.12072e-05 2.48905
5.76323 -6.56339e-05 2.46583
5.72027 -8.00506e-05 2.44234
5.67644 -9.41794e-05 2.41873
5.63129 -0.000108109 2.39475
5.58523 -0.000121156 2.37074
5.53844 -0.000132377 2.34721
5.49022 -0.000142735 2.32512
5.43912 -0.000153819 2.3027
5.38698 -0.000163961 2.28313
5.33273 -0.000173654 2.26492
5.27663 -0.000182433 2.24694
5.21886 -0.000189962 2.22847
5.15932 -0.00019587 2.20974
5.09845 -0.000200331 2.19072
5.03656 -0.000203129 2.17135
4.97392 -0.000204932 2.15171
4.91077 -0.000205782 2.13178
4.84763 -0.000205657 2.11172
4.7834 -0.000205359 2.09293
4.71875 -0.000204602 2.07443
4.654 -0.000203299 2.05587
4.58896 -0.000201594 2.03718
4.52371 -0.000199411 2.01839
4.45829 -0.000196754 1.99951
4.39272 -0.000193853 1.98051
4.32719 -0.000190792 1.96145
4.26177 -0.000187481 1.94232
4.1965 -0.000184021 1.92314
4.13131 -0.000180508 1.90389
4.06613 -0.000176933 1.8846
4.00093 -0.000173413 1.86523
3.93564 -0.000170006 1.84578
3.87019 -0.000166754 1.82623
3.80455 -0.000163662 1.80658
3.7387 -0.000160731 1.78681
3.67264 -0.000157979 1.76694
3.60633 -0.000155422 1.74697
3.53963 -0.000153157 1.72698
3.47268 -0.00015105 1.7068
3.40546 -0.000149107 1.68656
3.33788 -0.000147344 1.66631
3.26973 -0.000145811 1.64565
3.20129 -0.000144322 1.62471
3.13259 -0.000142954 1.60376
3.06383 -0.000141543 1.58264
2.99506 -0.000140181 1.56147
2.92631 -0.000138772 1.5402
2.85761 -0.000137389 1.51902
2.78894 -0.000136071 1.49804
2.72031 -0.000134779 1.47704
2.65173 -0.000133451 1.45594
2.58314 -0.000132158 1.43479
2.51459 -0.000130881 1.4136
2.44616 -0.000129611 1.39241
2.37783 -0.000128362 1.37123
2.30957 -0.000127147 1.35008
2.24141 -0.000125927 1.32896
2.17332 -0.000124736 1.30786
2.1053 -0.000123575 1.28678
2.0373 -0.000122444 1.26573
1.96936 -0.000121328 1.24473
1.90141 -0.000120236 1.22379
1.83348 -0.000119166 1.20285
1.76541 -0.000118163 1.18216
1.69725 -0.000117193 1.16163
1.62908 -0.000116222 1.14111
1.56085 -0.00011525 1.12059
1.49253 -0.000114294 1.10004
1.42415 -0.000113343 1.07949
1.35569 -0.000112395 1.05893
1.28714 -0.000111468 1.0384
1.21853 -0.000110545 1.0179
1.1499 -0.000109636 0.997447
1.08125 -0.000108737 0.977026
1.01253 -0.000107845 0.956632
0.943718 -0.000106956 0.936289
0.874155 -0.000106205 0.916355
0.804404 -0.000105446 0.896483
0.734446 -0.000104655 0.876647
0.664404 -0.00010386 0.856924
0.594525 -0.00010312 0.837458
0.52422 -0.000102329 0.818033
0.453693 -0.000101503 0.798636
0.386124 -0.000101491 0.782241
0.324899 -0.00010213 0.769502
0.26418 -0.000102696 0.757318
0.205927 -0.000103549 0.746308
0.149296 -0.000104651 0.73605
0.0910899 -0.000105749 0.725334
0.0316004 -0.000106844 0.714274
-0.0285606 -0.000107941 0.70305
-0.0890371 -0.000109046 0.691766
-0.149717 -0.000110173 0.680451
-0.210521 -0.000111339 0.669137
-0.271361 -0.00011257 0.657851
-0.332155 -0.000113884 0.646612
-0.392885 -0.000115287 0.63542
-0.453594 -0.000116763 0.624267
-0.51427 -0.000118297 0.613162
-0.574931 -0.00011988 0.602099
-0.635601 -0.000121498 0.591072
-0.696292 -0.000123151 0.580077
-0.75699 -0.000124828 0.569122
-0.817695 -0.00012652 0.55821
-0.878426 -0.00012822 0.547341
-0.939182 -0.000129921 0.536513
-0.999962 -0.000131618 0.525724
-1.09119 -0.000134144 0.509614
-1.15208 -0.000135804 0.498916
-1.21303 -0.000137442 0.488252
-1.27407 -0.000139056 0.477609
-1.33519 -0.000140645 0.466983
-1.39646 -0.000142197 0.456362
-1.45783 -0.000143722 0.445753
-1.51936 -0.000145209 0.435139
-1.58105 -0.000146658 0.424524
-1.64287 -0.000148072 0.413913
-1.70488 -0.00014944 0.403288
-1.76703 -0.000150773 0.392659
-1.82937 -0.000152061 0.382019
-1.8919 -0.00015331 0.371379
-1.95459 -0.000154522 0.360727
-2.01734 -0.000155677 0.350171
-2.07935 -0.000156705 0.340312
-2.14139 -0.000157686 0.330526
-2.20296 -0.000158327 0.322145
-2.26338 -0.000158547 0.3155
-2.31219 -0.000156808 0.311023
-2.35417 -0.000153725 0.307094
-2.39653 -0.000150691 0.303182
-2.43978 -0.000147678 0.299367
-2.48365 -0.0001447 0.29558
-2.52784 -0.000141774 0.291783
-2.57232 -0.000138899 0.28798
-2.61723 -0.000136 0.284302
-2.66276 -0.000133081 0.280742
-2.7085 -0.000130208 0.277185
-2.75443 -0.000127383 0.273635
-2.80053 -0.000124603 0.270095
-2.84678 -0.000121867 0.26657
-2.89316 -0.000119177 0.263068
-2.93967 -0.000116528 0.259593
-2.98629 -0.000113919 0.256153
-3.03322 -0.000111343 0.25277
-3.08051 -0.000108795 0.249459
-3.12788 -0.000106286 0.24621
-3.17536 -0.000103818 0.243043
-3.22294 -0.00010139 0.239984
-3.27053 -9.89386e-05 0.237073
-3.31815 -9.64986e-05 0.234265
-3.36584 -9.40913e-05 0.231546
-3.41359 -9.1715e-05 0.228913
-3.46138 -8.93694e-05 0.226365
-3.50924 -8.70522e-05 0.223902
-3.55869 -8.47321e-05 0.221374
-3.60874 -8.24331e-05 0.218926
-3.65891 -8.01619e-05 0.216595
-3.70938 -7.79221e-05 0.214313
-3.75991 -7.56871e-05 0.212111
-3.81041 -7.34149e-05 0.21
-3.86096 -7.11624e-05 0.207963
-3.91154 -6.89287e-05 0.205995
-3.96215 -6.67126e-05 0.20409
-4.01278 -6.45136e-05 0.202243
-4.06346 -6.23308e-05 0.200447
-4.11419 -6.01642e-05 0.198697
-4.165 -5.80139e-05 0.197004
-4.21618 -5.588e-05 0.195355
-4.26774 -5.37664e-05 0.193729
-4.31994 -5.1681e-05 0.192047
-4.4821 -2.43845e-05 0.169812
-4.55742 -1.91406e-05 0.173627
-4.6303 -1.35522e-05 0.173755
-4.69641 -1.01682e-05 0.172559
-4.66897 -1.58609e-05 0.165739
-4.64148 -1.97414e-05 0.159459
-4.61442 -2.31902e-05 0.15438
-4.58753 -2.7231e-05 0.149613
-4.56066 -3.12554e-05 0.145376
-4.53384 -3.55322e-05 0.141428
-4.50717 -4.01277e-05 0.137521
-4.4807 -4.53317e-05 0.133831
-4.45435 -5.10183e-05 0.130454
-4.42805 -5.68234e-05 0.127196
-4.40181 -6.24092e-05 0.12413
-4.37563 -6.80555e-05 0.121332
-4.34928 -7.36309e-05 0.118592
-4.32276 -7.90716e-05 0.115959
-4.29609 -8.46198e-05 0.113455
-4.2694 -9.04668e-05 0.110798
-4.24249 -9.64395e-05 0.108244
-4.21544 -0.000102722 0.105775
-4.1881 -0.000109204 0.103413
-4.16049 -0.000115729 0.101033
-4.13072 -0.000118315 0.0992632
-4.09826 -0.000115965 0.0983054
-4.06532 -0.000114017 0.0975764
-4.032 -0.000112249 0.0968719
-3.99816 -0.000110763 0.0962918
-3.96371 -0.000109857 0.095951
-3.92845 -0.000109738 0.0959134
-3.89238 -0.000109933 0.0959294
-3.85562 -0.000110631 0.0962008
-3.81883 -0.000108281 0.0968981
-3.78139 -0.000105855 0.0979656
-3.74267 -0.000104149 0.0996489
-3.70267 -0.000102846 0.101516
-3.66113 -0.000102404 0.103819
-3.61836 -0.000102534 0.106565
-3.57484 -0.000102377 0.109432
-3.53053 -0.000101873 0.112492
-3.48539 -0.000100947 0.115725
-3.43939 -9.94144e-05 0.11917
-3.39237 -9.74131e-05 0.122839
-3.34424 -9.50422e-05 0.126752
-3.29543 -9.05016e-05 0.130867
-3.24572 -8.42748e-05 0.135191
-3.19494 -7.70369e-05 0.139686
-3.14212 -6.98341e-05 0.144634
-3.0883 -6.26402e-05 0.149722
-3.034 -5.49575e-05 0.154801
-2.97932 -4.68549e-05 0.159825
-2.92441 -3.85238e-05 0.164796
-2.86912 -2.98892e-05 0.169729
-2.81366 -2.09734e-05 0.174549
-2.75802 -1.17523e-05 0.179259
-2.70211 -2.3303e-06 0.183846
-2.64575 7.32428e-06 0.18828
-2.58915 1.68427e-05 0.192596
-2.53227 2.61752e-05 0.196792
-2.47524 3.51767e-05 0.200862
-2.41797 4.38726e-05 0.204799
-2.36056 5.21995e-05 0.208616
-2.30299 6.01542e-05 0.212357
-2.24511 6.75288e-05 0.216046
-2.18695 7.45363e-05 0.219672
-2.12858 8.12494e-05 0.223225
-2.06978 8.76529e-05 0.226809
-2.0107 9.3996e-05 0.230363
-1.9514 0.00010018 0.233843
-1.89189 0.000106264 0.23727
-1.83219 0.00011208 0.240624
-1.77239 0.000117691 0.24383
-1.71248 0.000123214 0.247001
-1.65242 0.00012858 0.250077
-1.59214 0.000133873 0.253129
-1.53169 0.000139082 0.256175
-1.47114 0.000144136 0.259188
-1.4105 0.000149034 0.262222
-1.34977 0.000153807 0.265281
-1.28894 0.000158421 0.26833
-1.22777 0.00016295 0.271618
-1.16647 0.000167362 0.274846
-1.10505 0.000171641 0.277991
-1.04349 0.000175803 0.281072
-0.981755 0.000179861 0.284101
-0.919843 0.000183801 0.287128
-0.857699 0.000187659 0.29018
-0.795394 0.000191412 0.293126
-0.73293 0.000195077 0.296045
-0.670291 0.00019867 0.298858
-0.607367 0.000202123 0.30161
-0.544187 0.000205479 0.304262
-0.480784 0.000208784 0.306782
-0.417173 0.00021203 0.309166
-0.353339 0.000215225 0.311471
-0.289318 0.000218363 0.313582
-0.225105 0.000221451 0.315497
-0.160629 0.000224505 0.317312
-0.0959219 0.000227494 0.318968
-0.0309656 0.000230431 0.32053
0.0342761 0.000233306 0.322029
0.0998564 0.000236132 0.323536
0.165724 0.000238934 0.325001
