-9.6995e-07 -2.19862e-08 -0.030041
0.0982022 6.52255e-06 -0.0401163
0.20685 1.68001e-05 -0.0456298
0.314717 1.5291e-05 -0.0365583
0.412478 1.80525e-05 -0.0196442
0.507198 1.76066e-05 0.00042526
0.599805 1.84733e-05 0.0214485
0.69109 1.77997e-05 0.0427843
0.781211 1.76361e-05 0.0643524
0.870338 1.79767e-05 0.0860908
0.959057 1.85373e-05 0.107902
1.04742 1.94394e-05 0.129728
1.13561 2.03022e-05 0.151455
1.2241 2.17642e-05 0.172688
1.31455 2.4392e-05 0.192253
1.41126 2.96137e-05 0.206484
1.5189 3.30314e-05 0.211384
1.63048 2.90743e-05 0.210664
1.74199 2.32752e-05 0.207296
1.85528 1.76822e-05 0.20167
1.76768 1.63183e-05 0.179382
1.67986 1.51411e-05 0.157142
1.59168 1.41745e-05 0.135028
1.50322 1.34553e-05 0.113024
1.4145 1.28374e-05 0.0911187
1.32547 1.2672e-05 0.0692938
1.23617 1.31137e-05 0.0475078
1.1463 1.29798e-05 0.0260348
1.0558 1.22152e-05 0.00496294
0.964694 1.02329e-05 -0.0156054
0.872743 6.61644e-06 -0.0349947
0.780078 -4.86246e-06 -0.0523005
0.686538 -2.22426e-05 -0.067223
0.592586 -2.48765e-05 -0.0775202
0.493915 -1.73896e-06 -0.0858228
0.381197 2.37344e-05 -0.0923264
0.260994 3.88403e-05 -0.0927676
0.139207 7.8701e-05 -0.0768881
0.0112877 7.51816e-05 -0.0565017
-0.104285 5.07875e-05 -0.0363007
-0.205794 3.55428e-05 -0.0160778
-0.319973 2.48621e-05 0.0066753
-0.429125 1.44996e-05 0.0297908
-0.534815 8.02064e-06 0.0529176
-0.638656 1.02154e-06 0.0761309
-0.738489 -1.26451e-05 0.0988855
-0.835082 -2.13359e-05 0.120704
-0.929951 -2.31269e-05 0.141986
-1.02422 -2.46809e-05 0.16329
-1.1182 -2.60423e-05 0.184667
-1.21269 -2.68859e-05 0.206299
-1.30957 -2.70691e-05 0.228737
-1.41412 -2.54544e-05 0.253528
-1.53476 -2.61178e-05 0.283099
-1.66799 -3.01233e-05 0.31651
-1.80373 -3.63965e-05 0.351283
-1.94066 -4.32219e-05 0.386776
-2.08101 -4.98544e-05 0.422859
-2.22575 -5.60987e-05 0.459447
-2.13242 -5.62942e-05 0.437028
-2.03879 -5.64221e-05 0.414565
-1.94485 -5.61586e-05 0.392067
-1.85064 -5.54808e-05 0.369555
-1.75614 -5.50234e-05 0.347015
-1.66051 -5.46427e-05 0.323649
-1.56415 -3.86115e-05 0.29981
-1.46689 -2.84538e-05 0.275862
-1.36811 -2.25192e-05 0.251703
-1.26719 -1.90579e-05 0.227226
-1.16544 -1.84643e-05 0.202767
-1.06274 -1.8808e-05 0.178441
-0.958909 -8.58344e-06 0.154321
-0.852653 6.51945e-06 0.130255
-0.742176 2.32993e-05 0.10592
-0.623964 4.10826e-05 0.0809593
-0.499059 5.74681e-05 0.0554804
-0.382969 7.95015e-05 0.0316356
-0.269056 0.000101835 0.00957704
-0.145267 0.000109329 -0.0118404
-0.0304271 9.05056e-05 -0.0283472
0.0772112 6.83114e-05 -0.0367171
0.192503 5.68348e-05 -0.0357474
0.310878 4.71002e-05 -0.0262618
0.42707 4.07356e-05 -0.014918
0.540273 3.75876e-05 -0.000696757
0.649299 3.30356e-05 0.01329
0.758504 2.97196e-05 0.0264299
0.86732 2.67961e-05 0.0398114
0.975925 2.35825e-05 0.053786
1.08435 1.96943e-05 0.0677172
1.18542 5.79341e-06 0.0843318
1.27987 4.13234e-06 0.103932
1.37109 6.91662e-06 0.123153
1.46314 9.62412e-06 0.141341
1.55657 1.18465e-05 0.158016
1.65231 1.31846e-05 0.172381
1.75143 1.3227e-05 0.183251
1.85546 1.15588e-05 0.1889
1.96602 8.1979e-06 0.187969
2.08206 3.89272e-06 0.181751
2.20151 -8.33512e-07 0.17258
2.32348 -5.52439e-06 0.161788
2.44698 -1.00685e-05 0.149897
2.57155 -1.44866e-05 0.137236
2.69746 -1.87389e-05 0.124152
2.82513 -2.27564e-05 0.110693
2.95409 -2.65713e-05 0.0967363
3.08302 -3.02056e-05 0.0827741
3.21169 -3.37197e-05 0.069313
3.34094 -3.70908e-05 0.0562824
3.4696 -4.04121e-05 0.0443636
3.59855 -4.36197e-05 0.033725
3.72985 -4.66641e-05 0.0246769
3.86608 -4.91702e-05 0.017601
4.00674 -5.12034e-05 0.012344
4.15061 -5.28349e-05 0.00862214
4.2972 -5.40629e-05 0.00607252
4.44648 -5.4882e-05 0.00450356
4.3577 -5.89211e-05 -0.0157962
4.26879 -6.34409e-05 -0.0358248
4.17921 -7.84284e-05 -0.0559676
4.08859 -0.000108469 -0.0762819
3.99411 -9.98547e-05 -0.0946642
3.89851 -9.03397e-05 -0.112754
3.80043 -8.4993e-05 -0.130369
3.70026 -8.89185e-05 -0.145755
3.59987 -9.40267e-05 -0.16043
3.49928 -9.92143e-05 -0.174794
3.39816 -0.000106267 -0.187628
3.29681 -0.000112227 -0.198966
3.19527 -0.000117485 -0.209643
3.09335 -0.000122403 -0.219646
2.99095 -0.000126867 -0.228777
2.88917 -0.000126088 -0.236057
2.78751 -0.000122142 -0.241993
2.6856 -0.000116294 -0.246813
2.58342 -0.000108493 -0.251038
2.48107 -9.85687e-05 -0.254625
2.37821 -8.76267e-05 -0.257716
2.27432 -7.56714e-05 -0.260495
2.16741 -6.35127e-05 -0.262773
2.05487 -5.20499e-05 -0.264561
1.93685 -4.0162e-05 -0.265999
1.81259 -2.67358e-05 -0.266335
1.68381 -1.52751e-05 -0.265421
1.5516 -6.99166e-06 -0.263286
1.41692 -1.26875e-06 -0.259606
1.27964 2.18557e-06 -0.254384
1.13959 2.72208e-06 -0.247775
0.999878 -8.45309e-07 -0.239611
0.865453 -8.56387e-06 -0.229092
0.735949 -1.56383e-05 -0.215896
0.610679 -2.08947e-05 -0.200642
0.489888 -2.50437e-05 -0.183276
0.378537 -2.64401e-05 -0.163575
0.274993 -2.36388e-05 -0.142262
0.17553 -2.11527e-05 -0.120224
0.0794409 -1.92009e-05 -0.0978071
-0.014574 -1.75822e-05 -0.075138
-0.109039 -1.65222e-05 -0.0522326
-0.208865 -1.55173e-05 -0.0285078
-0.317725 -1.46294e-05 -0.00322985
-0.432651 -1.44727e-05 0.0236522
-0.55172 -1.50729e-05 0.0522614
-0.672256 -1.61465e-05 0.0822594
-0.793415 -1.758e-05 0.113336
-0.914772 -1.92672e-05 0.145213
-1.03599 -2.10722e-05 0.177621
-1.15729 -2.29627e-05 0.210492
-1.2793 -2.49229e-05 0.243801
-1.40279 -2.69902e-05 0.277635
-1.52684 -2.91209e-05 0.311798
-1.65155 -3.13502e-05 0.346287
-1.77688 -3.3555e-05 0.381029
-1.9067 -3.60935e-05 0.415884
-2.04285 -4.14536e-05 0.450391
-2.18017 -5.10012e-05 0.484837
-2.31719 -5.08399e-05 0.518136
-2.45269 -5.7727e-05 0.552228
-2.58822 -6.43971e-05 0.587308
-2.72265 -7.04277e-05 0.622971
-2.859 -7.64913e-05 0.659027
-2.99794 -8.24791e-05 0.695346
-3.13949 -8.84004e-05 0.731752
-3.28266 -9.42142e-05 0.768232
-3.42775 -0.000100238 0.804793
-3.57548 -0.000106179 0.841426
-3.72591 -0.000112015 0.878117
-3.87827 -0.000117545 0.91473
-4.03218 -0.000122688 0.95123
-4.18762 -0.000127446 0.987643
-4.34691 -0.000133317 1.02413
-4.50916 -0.00013863 1.0607
-4.6745 -0.000143328 1.09744
-4.84162 -0.000147338 1.13418
-5.00924 -0.000150443 1.17081
-5.17662 -0.000153065 1.20727
-5.08223 -0.000141549 1.18324
-4.98702 -0.000139451 1.15878
-4.88978 -0.000141676 1.13387
-4.79249 -0.000145612 1.10874
-4.69545 -0.000150046 1.08346
-4.59848 -0.000154952 1.05807
-4.5014 -0.000159504 1.0326
-4.40412 -0.000163054 1.00706
-4.30706 -0.000166192 0.981479
-4.20965 -0.000168815 0.955807
-4.1123 -0.0001703 0.930112
-4.01451 -0.000171148 0.904335
-3.91653 -0.000168381 0.878448
-3.81824 -0.000162641 0.852458
-3.71953 -0.000154714 0.826357
-3.6202 -0.000144701 0.800149
-3.52016 -0.000132753 0.773817
-3.41993 -0.000120275 0.747503
-3.31897 -0.000107109 0.721212
-3.21727 -9.32596e-05 0.694887
-3.11172 -7.96847e-05 0.668288
-3.0032 -6.64678e-05 0.641404
-2.89242 -5.33934e-05 0.614179
-2.77814 -4.0665e-05 0.586404
-2.657 -2.66424e-05 0.557276
-2.53011 -1.23221e-05 0.527221
-2.39966 6.46997e-07 0.496821
-2.26593 1.24051e-05 0.46692
-2.12889 2.31036e-05 0.436658
-1.9889 3.25778e-05 0.406436
-1.84847 4.04163e-05 0.379276
-1.70783 4.59348e-05 0.35384
-1.56812 4.92089e-05 0.330857
-1.43156 5.0286e-05 0.315781
-1.29745 4.94168e-05 0.303967
-1.16272 4.77425e-05 0.295106
-1.02864 4.52631e-05 0.287328
-0.89499 4.22328e-05 0.280409
-0.761925 3.88771e-05 0.275002
-0.62329 3.60048e-05 0.270795
-0.485159 3.55517e-05 0.269555
-0.348164 3.56429e-05 0.267974
-0.211479 3.50081e-05 0.265512
-0.07412 3.40393e-05 0.262385
0.055663 3.34693e-05 0.260954
0.184349 3.34661e-05 0.25886
0.312507 3.31408e-05 0.255516
0.440837 3.25163e-05 0.251306
0.569849 3.16466e-05 0.246296
0.699904 3.05066e-05 0.240391
0.831325 2.9078e-05 0.233682
0.962954 2.73673e-05 0.226191
1.09518 2.54512e-05 0.218084
1.22784 2.34451e-05 0.209347
1.36215 2.13963e-05 0.200166
1.497 1.92739e-05 0.190304
1.63209 1.71691e-05 0.179877
1.76759 1.5168e-05 0.168802
1.90349 1.32566e-05 0.157102
2.0397 1.14309e-05 0.144806
2.17847 9.65486e-06 0.132102
2.31782 7.95794e-06 0.118886
2.45788 6.34119e-06 0.105183
2.60165 4.82193e-06 0.0917952
2.7483 2.54947e-06 0.0847953
2.8876 -1.53991e-06 0.0806712
3.01253 -8.90892e-06 0.0785558
3.13228 -1.70006e-05 0.0758683
3.24944 -2.60839e-05 0.0736291
3.36731 -3.481e-05 0.071075
3.48671 -4.30387e-05 0.0682996
3.60797 -5.07764e-05 0.0655702
3.73083 -5.80864e-05 0.0628107
3.85487 -6.30327e-05 0.060138
3.98035 -6.31026e-05 0.057621
4.10832 -6.33465e-05 0.055557
4.23902 -6.43254e-05 0.0540816
4.37313 -6.72508e-05 0.0530712
4.51031 -6.97164e-05 0.052625
4.65018 -7.1652e-05 0.0529132
4.7922 -7.29606e-05 0.0537171
4.93658 -7.3478e-05 0.0549098
5.08373 -7.30314e-05 0.0565732
5.23253 -7.17007e-05 0.0588483
5.38348 -6.94999e-05 0.0618748
5.53607 -6.66175e-05 0.0655807
5.69005 -6.31463e-05 0.0698211
5.84531 -5.92179e-05 0.0744797
6.00087 -5.84709e-05 0.0790066
6.23404 -5.71858e-05 0.085894
6.38952 -5.60982e-05 0.0904685
6.54484 -5.49972e-05 0.0952038
6.70011 -5.39181e-05 0.100161
6.89045 -5.05685e-05 0.105674
7.11605 -4.4406e-05 0.113664
7.33495 -3.8528e-05 0.12135
7.53554 -3.40313e-05 0.128158
7.79846 -2.15661e-05 0.138436
7.99542 -1.68663e-05 0.144372
8.1905 -1.20884e-05 0.149433
8.34675 -1.21568e-05 0.152807
8.50194 -1.22019e-05 0.15685
8.65555 -1.20749e-05 0.161121
8.78954 -1.26348e-05 0.161739
8.92192 -1.3235e-05 0.162075
9.05466 -1.3759e-05 0.162516
9.18789 -1.42492e-05 0.163007
9.32161 -1.46484e-05 0.163502
9.45648 -1.48646e-05 0.163921
9.72203 -9.32542e-07 0.170098
9.89682 1.55485e-06 0.186574
10.0253 8.16408e-08 0.185181
10.1567 -9.60277e-07 0.184784
10.2881 -1.84878e-06 0.184747
10.4193 -2.63114e-06 0.184632
10.5514 -3.18146e-06 0.184564
10.6843 -3.61836e-06 0.184797
10.8174 -3.91654e-06 0.185301
10.9505 -4.18955e-06 0.18586
11.0836 -4.46786e-06 0.18642
10.9936 -3.53876e-08 0.166059
10.9029 5.67278e-06 0.145773
10.8102 -1.46584e-05 0.124653
10.717 -3.90788e-05 0.10349
10.6217 -4.59667e-05 0.0832369
10.5241 -3.51667e-05 0.0638992
10.4264 -2.43857e-05 0.0446547
10.3271 -1.91043e-05 0.0266898
10.2268 -1.70528e-05 0.00952122
10.1258 -1.57136e-05 -0.00708811
10.0241 -1.53146e-05 -0.022987
9.92193 -1.49428e-05 -0.0386522
9.81904 -1.48941e-05 -0.0537293
9.7155 -1.49699e-05 -0.068621
9.61142 -1.49957e-05 -0.0830313
9.50728 -1.49775e-05 -0.097033
9.40279 -1.52072e-05 -0.110661
9.29781 -1.59815e-05 -0.123804
9.1911 -1.73226e-05 -0.13639
9.08103 -1.95343e-05 -0.148336
8.97012 -2.18441e-05 -0.159948
8.85875 -2.45937e-05 -0.17094
8.74664 -2.77776e-05 -0.181151
8.63345 -3.10873e-05 -0.190413
8.5193 -3.42621e-05 -0.199117
8.40397 -3.70524e-05 -0.207
8.28755 -3.85868e-05 -0.213377
8.17021 -3.88345e-05 -0.218483
8.05178 -3.62534e-05 -0.221228
7.93151 -3.27286e-05 -0.222777
7.80837 -2.70986e-05 -0.223744
7.68113 -1.83492e-05 -0.224376
7.54993 -7.4178e-06 -0.224796
7.41303 1.90643e-06 -0.224701
7.27116 7.34372e-06 -0.223599
7.12561 9.34348e-06 -0.221677
6.97727 8.55538e-06 -0.219219
6.82696 5.8863e-06 -0.216144
6.67565 1.88948e-06 -0.212583
6.52379 -2.7996e-06 -0.208562
6.37189 -7.64372e-06 -0.204132
6.21953 -1.14819e-05 -0.19907
6.06676 -1.42765e-05 -0.193451
5.91368 -1.68704e-05 -0.187635
5.76028 -1.93669e-05 -0.181763
5.60637 -2.17972e-05 -0.175881
5.45192 -2.42161e-05 -0.170048
5.29702 -2.66588e-05 -0.164287
5.14169 -2.91185e-05 -0.158624
4.98639 -3.15966e-05 -0.153071
4.83071 -3.40812e-05 -0.147581
4.6745 -3.65704e-05 -0.142172
4.5178 -3.9047e-05 -0.136861
4.36064 -4.15015e-05 -0.131683
4.20303 -4.39275e-05 -0.126639
4.04499 -4.63186e-05 -0.121673
3.88656 -4.86524e-05 -0.11683
3.72779 -5.09218e-05 -0.112103
3.56865 -5.31424e-05 -0.107441
3.40923 -5.52995e-05 -0.102893
3.24954 -5.73896e-05 -0.0984713
3.08961 -5.94029e-05 -0.0941656
2.92939 -6.13199e-05 -0.0898679
2.7689 -6.29517e-05 -0.085605
2.60817 -6.44092e-05 -0.0814025
2.44705 -6.56236e-05 -0.077185
2.28552 -6.66465e-05 -0.0729297
2.12377 -6.73005e-05 -0.0686844
1.96182 -6.81462e-05 -0.0643948
1.79979 -6.90897e-05 -0.0601764
1.63769 -7.00486e-05 -0.0560062
1.47549 -7.11411e-05 -0.0517933
1.31313 -7.22944e-05 -0.0476045
1.15061 -7.34282e-05 -0.0434278
0.987584 -7.44965e-05 -0.0390291
0.82411 -7.56312e-05 -0.0342599
0.66045 -7.67927e-05 -0.0294666
0.49666 -7.80449e-05 -0.0245743
0.332698 -7.93034e-05 -0.019599
0.168578 -8.05527e-05 -0.0145291
0.00419592 -8.18085e-05 -0.00952331
-0.160476 -8.2995e-05 -0.00463941
-0.315814 -8.37663e-05 0.00891081
-0.45234 -8.37432e-05 0.0348614
-0.584809 -8.35366e-05 0.0626465
-0.714815 -8.32227e-05 0.0909542
-0.844017 -8.27572e-05 0.119735
-0.973668 -8.21012e-05 0.14905
-1.10453 -8.14919e-05 0.178963
-1.23773 -8.09769e-05 0.20977
-1.37278 -8.05613e-05 0.241458
-1.5087 -8.0185e-05 0.273815
-1.6449 -7.98217e-05 0.30666
-1.78119 -7.94643e-05 0.33989
-1.91761 -7.90814e-05 0.373431
-2.05418 -7.86918e-05 0.407282
-2.19094 -7.82843e-05 0.441403
-2.32791 -7.78572e-05 0.475784
-2.46504 -7.74132e-05 0.510375
-2.60234 -7.69477e-05 0.545163
-2.73976 -7.64669e-05 0.580105
-2.87736 -7.59669e-05 0.615198
-3.015 -7.54476e-05 0.650387
-3.15285 -7.49099e-05 0.685664
-3.29089 -7.43524e-05 0.721036
-3.42915 -7.37739e-05 0.756469
-3.56768 -7.31768e-05 0.791949
-3.70672 -7.2558e-05 0.827492
-3.84619 -7.19136e-05 0.863076
-3.98631 -7.12491e-05 0.898705
-4.12711 -7.05642e-05 0.934382
-4.26875 -6.98648e-05 0.970075
-4.41133 -6.91569e-05 1.0058
-4.55506 -6.84425e-05 1.04161
-4.69982 -6.77152e-05 1.07745
-4.84425 -6.73418e-05 1.1131
-4.97569 -7.10928e-05 1.14639
-5.10795 -7.47662e-05 1.17965
-5.2442 -7.8518e-05 1.21311
-5.38755 -8.2313e-05 1.24718
-5.53272 -8.60388e-05 1.28141
-5.68274 -8.99349e-05 1.31632
-5.83312 -9.36907e-05 1.35122
-5.98444 -9.72987e-05 1.38625
-6.13385 -0.000100696 1.42096
-6.28147 -0.000104205 1.45522
-6.42731 -0.000107523 1.48915
-6.57235 -0.000110625 1.52286
-6.71675 -0.000113518 1.55652
-6.86096 -0.000116208 1.5902
-7.00512 -0.000118706 1.62394
-7.1494 -0.000121039 1.65773
-7.29388 -0.000123227 1.69156
-7.51134 -0.000126433 1.74243
-7.65742 -0.00012885 1.7764
-7.80375 -0.000131199 1.8104
-7.95025 -0.000133485 1.84443
-8.09706 -0.000135721 1.87846
-8.24418 -0.000137911 1.9125
-8.39161 -0.000140061 1.94655
-8.53933 -0.000142176 1.98063
-8.68734 -0.000144257 2.01471
-8.83569 -0.00014631 2.04882
-8.98443 -0.000148368 2.08293
-9.13492 -0.000150829 2.11701
-9.28596 -0.000153263 2.15107
-9.43728 -0.00015567 2.18513
-9.58891 -0.000158054 2.2192
-9.74087 -0.000160413 2.25326
-9.90663 -0.000162767 2.28577
-10.1667 -0.000165061 2.31338
-10.3904 -0.000167421 2.34359
-10.5713 -0.000169789 2.37355
-10.8646 -0.000170804 2.37924
-11.0812 -0.000172805 2.40683
-11.2761 -0.00017217 2.43148
-11.4605 -0.000171552 2.4571
-11.6138 -0.000170258 2.48806
-11.7675 -0.000168785 2.51895
-11.9205 -0.000166875 2.55005
-12.0737 -0.000164628 2.58118
-11.9755 -0.000167884 2.55793
-11.8772 -0.000157656 2.5342
-11.7786 -0.000152862 2.51028
-11.6799 -0.000152908 2.4862
-11.5809 -0.000154339 2.46192
-11.4817 -0.000155959 2.43743
-11.3823 -0.00015721 2.41292
-11.2827 -0.000158304 2.38851
-11.1832 -0.000159174 2.36409
-11.0842 -0.000159803 2.33981
-10.9851 -0.000160483 2.31556
-10.8856 -0.000161703 2.29122
-10.7856 -0.00016278 2.26678
-10.6849 -0.000163684 2.24227
-10.5836 -0.00016427 2.21769
-10.4816 -0.000163373 2.19305
-10.3787 -0.000161693 2.16835
-10.275 -0.000159301 2.14358
-10.1703 -0.000156364 2.11887
-10.0649 -0.000151971 2.09417
-9.95871 -0.000144077 2.06945
-9.85147 -0.000134019 2.04471
-9.74255 -0.000123176 2.01983
-9.62998 -0.000112394 1.99456
-9.51439 -0.000100834 1.9689
-9.39706 -8.92759e-05 1.9431
-9.27799 -7.73897e-05 1.91748
-9.15641 -6.54791e-05 1.89203
-9.03199 -5.27716e-05 1.86883
-8.90313 -3.92727e-05 1.84739
-8.77023 -2.5723e-05 1.82714
-8.63347 -1.32468e-05 1.80917
-8.49403 -1.78598e-06 1.79179
-8.35247 8.5515e-06 1.77409
-8.20902 1.75727e-05 1.75649
-8.06401 2.50545e-05 1.7391
-7.91751 3.11659e-05 1.7215
-7.76989 3.6033e-05 1.70374
-7.62119 3.95564e-05 1.68589
-7.47178 4.17906e-05 1.66805
-7.32202 4.29297e-05 1.65051
-7.17099 4.31907e-05 1.63369
-7.01862 4.2895e-05 1.61792
-6.86597 4.17906e-05 1.60226
-6.71339 4.00499e-05 1.58656
-6.561 3.77365e-05 1.57083
-6.40881 3.50764e-05 1.55511
-6.25683 3.2095e-05 1.5394
-6.10486 2.89546e-05 1.52372
-5.95291 2.56872e-05 1.50805
-5.80101 2.23301e-05 1.49236
-5.64905 1.89259e-05 1.47666
-5.49707 1.55044e-05 1.46092
-5.34503 1.20986e-05 1.44515
-5.19288 8.74076e-06 1.42935
-5.04053 5.5045e-06 1.41369
-4.88781 2.62235e-06 1.39832
-4.73454 1.53043e-07 1.38322
-4.58045 -1.66169e-06 1.36859
-4.42493 -2.75106e-06 1.35409
-4.26916 -3.99326e-06 1.33924
-4.11319 -5.36411e-06 1.32408
-3.95717 -6.81339e-06 1.3087
-3.80109 -8.39735e-06 1.29307
-3.64479 -9.9583e-06 1.27727
-3.48812 -1.15084e-05 1.26113
-3.33105 -1.30299e-05 1.24458
-3.17364 -1.44817e-05 1.22805
-3.01557 -1.59457e-05 1.21153
-2.85737 -1.74301e-05 1.19492
-2.69863 -1.89114e-05 1.17821
-2.5401 -2.05592e-05 1.16149
-2.38154 -2.22121e-05 1.14467
-2.22275 -2.38228e-05 1.12767
-2.06372 -2.54312e-05 1.11053
-1.90431 -2.69957e-05 1.0933
-1.74414 -2.84693e-05 1.0762
-1.58347 -2.99033e-05 1.05903
-1.42221 -3.12825e-05 1.04177
-1.26046 -3.26042e-05 1.0244
-1.09835 -3.3908e-05 1.007
-0.935541 -3.51392e-05 0.989524
-0.772318 -3.63039e-05 0.972057
-0.608734 -3.74443e-05 0.954599
-0.44487 -3.85761e-05 0.937149
-0.280749 -3.96896e-05 0.919697
-0.115654 -4.06574e-05 0.90253
0.0498017 -4.15872e-05 0.885432
0.215503 -4.25047e-05 0.868352
0.37956 -4.3163e-05 0.852393
0.533878 -4.30643e-05 0.839459
0.684642 -4.27057e-05 0.82754
0.833652 -4.22094e-05 0.81606
0.981155 -4.15976e-05 0.804977
1.12566 -4.07802e-05 0.794575
1.26633 -3.97123e-05 0.784907
1.40742 -3.86365e-05 0.775157
1.54919 -3.75932e-05 0.765305
1.69189 -3.65957e-05 0.755408
1.83603 -3.56706e-05 0.745303
1.98152 -3.48152e-05 0.734982
2.12807 -3.40111e-05 0.724494
2.27528 -3.32335e-05 0.713869
2.42282 -3.24633e-05 0.703164
2.57054 -3.16942e-05 0.692397
2.71844 -3.09261e-05 0.681571
2.86645 -3.01531e-05 0.670703
3.0146 -2.93835e-05 0.65981
3.16277 -2.86095e-05 0.648906
3.3111 -2.78414e-05 0.637994
3.45954 -2.70712e-05 0.627072
3.60814 -2.63047e-05 0.616152
3.75687 -2.5541e-05 0.605244
3.90576 -2.47828e-05 0.59435
4.05482 -2.40296e-05 0.583473
4.20403 -2.3282e-05 0.572623
4.35344 -2.25419e-05 0.561799
4.50314 -2.18159e-05 0.550998
4.65299 -2.10955e-05 0.540224
4.80306 -2.03867e-05 0.529474
4.9534 -1.96934e-05 0.518745
5.10394 -1.9012e-05 0.50804
5.25311 -1.88913e-05 0.499955
5.40002 -2.00982e-05 0.499065
5.55033 -2.0922e-05 0.498325
5.69863 -2.23371e-05 0.498296
5.92133 -2.55346e-05 0.500702
6.07139 -2.76564e-05 0.502384
6.22283 -3.02422e-05 0.504736
6.3695 -3.39495e-05 0.507389
6.51626 -3.75746e-05 0.509867
6.66556 -4.11299e-05 0.512596
6.81617 -3.97206e-05 0.515226
6.96296 -2.04912e-05 0.516738
7.10978 -1.65361e-06 0.518063
7.25656 1.69153e-05 0.519214
7.40248 1.61373e-05 0.518359
7.55105 1.13402e-05 0.517366
7.70097 6.53782e-06 0.516501
7.85063 1.9512e-06 0.515578
7.99939 9.74209e-08 0.514634
8.14526 -3.59235e-07 0.514516
8.29107 -8.11679e-07 0.514432
8.43682 -1.25324e-06 0.514328
8.58242 -1.68073e-06 0.514188
8.72827 -2.08819e-06 0.514082
8.87721 -2.41548e-06 0.514516
9.02591 -2.71612e-06 0.514933
9.17436 -3.00399e-06 0.515345
9.32254 -3.27797e-06 0.51576
9.4704 -3.52258e-06 0.516192
9.61794 -3.75287e-06 0.516653
9.76514 -3.9729e-06 0.517154
9.9119 -4.1826e-06 0.517698
10.0582 -4.38232e-06 0.518297
10.204 -4.57149e-06 0.518961
10.3496 -4.74502e-06 0.519733
10.4961 -4.85923e-06 0.520952
10.6418 -4.95328e-06 0.522191
10.7867 -5.04237e-06 0.523437
10.9308 -5.12974e-06 0.524676
11.074 -5.21597e-06 0.525896
11.2163 -5.30137e-06 0.527085
11.3579 -5.38586e-06 0.528237
11.4986 -5.46019e-06 0.529346
11.6386 -5.5323e-06 0.530415
11.7779 -5.60305e-06 0.531483
11.9165 -5.67426e-06 0.532613
12.057 -5.56347e-06 0.533729
12.1978 -5.38799e-06 0.534836
12.3381 -5.2201e-06 0.535964
12.4779 -5.0513e-06 0.537082
12.6174 -4.87843e-06 0.538201
12.7566 -4.69062e-06 0.539334
12.8955 -4.48708e-06 0.540508
13.0341 -4.28032e-06 0.541714
13.1726 -4.06697e-06 0.54294
13.3108 -3.84414e-06 0.544199
13.4488 -3.60795e-06 0.545498
13.5866 -3.36366e-06 0.546843
13.7243 -3.11019e-06 0.548243
13.635 5.19247e-07 0.527501
13.5456 4.30217e-06 0.506931
13.4556 9.1673e-06 0.486514
13.3636 -2.60758e-06 0.465647
13.2685 -9.14613e-06 0.445231
13.1713 2.11242e-06 0.425703
13.0731 1.07197e-05 0.40686
12.973 1.30486e-05 0.389465
12.8724 1.45928e-05 0.37265
12.7711 1.52642e-05 0.356496
12.6692 1.62146e-05 0.340903
12.5668 1.72058e-05 0.325501
12.4633 1.83995e-05 0.31063
12.3564 1.90296e-05 0.296635
12.2491 1.9412e-05 0.283053
12.1416 1.97166e-05 0.269717
12.0334 1.95021e-05 0.256676
11.9248 1.89169e-05 0.243999
11.8156 1.80838e-05 0.231587
11.7056 1.68499e-05 0.219512
11.5955 1.50995e-05 0.208027
11.4847 1.3126e-05 0.196921
11.373 1.11153e-05 0.186112
11.2602 8.81931e-06 0.175817
11.1463 6.14814e-06 0.166264
11.0312 3.46633e-06 0.157623
10.9149 7.92302e-07 0.149638
10.7973 -1.11998e-06 0.142684
10.6784 -2.14343e-06 0.136973
10.559 -5.21645e-07 0.13345
10.438 2.5042e-06 0.131391
10.3152 6.585e-06 0.130189
10.1902 1.28908e-05 0.129762
10.0626 2.18947e-05 0.129903
9.93079 3.14338e-05 0.130242
9.7945 3.93519e-05 0.132363
9.65368 4.46536e-05 0.135824
9.50917 4.76077e-05 0.139919
9.36176 4.87998e-05 0.1442
9.21193 4.87387e-05 0.148651
9.0605 4.80412e-05 0.153185
8.90774 4.68452e-05 0.157762
8.75405 4.53298e-05 0.162332
8.59964 4.35496e-05 0.166884
8.44494 4.14979e-05 0.171466
8.28915 3.95235e-05 0.176523
8.13282 3.74272e-05 0.181728
7.97619 3.51183e-05 0.18694
7.8192 3.2578e-05 0.192125
7.66187 2.97913e-05 0.197265
7.50425 2.67424e-05 0.202361
7.34631 2.35511e-05 0.207396
7.18829 2.01929e-05 0.212347
7.03019 1.67463e-05 0.217191
6.8721 1.32205e-05 0.221922
6.71396 9.66436e-06 0.22654
6.55574 6.09921e-06 0.231043
6.39745 2.53381e-06 0.235416
6.23908 -1.01389e-06 0.239658
6.08063 -4.534e-06 0.243763
5.92206 -8.01233e-06 0.247724
5.76338 -1.14386e-05 0.251566
5.60461 -1.4797e-05 0.255271
5.44575 -1.80736e-05 0.258829
5.2868 -2.12478e-05 0.262267
5.12778 -2.42497e-05 0.265568
4.9687 -2.70348e-05 0.268749
4.80951 -2.94115e-05 0.271856
4.65013 -3.1412e-05 0.274928
4.49054 -3.26699e-05 0.277941
4.33088 -3.3829e-05 0.28084
4.17107 -3.4982e-05 0.283675
4.01136 -3.61445e-05 0.286347
3.85155 -3.74188e-05 0.289005
3.6919 -3.8767e-05 0.291537
3.53251 -4.01822e-05 0.293932
3.37325 -4.16018e-05 0.296203
3.21397 -4.30621e-05 0.298447
3.05481 -4.4357e-05 0.300552
2.89574 -4.56344e-05 0.30256
2.73683 -4.69894e-05 0.304437
2.57807 -4.84346e-05 0.30622
2.4195 -4.98794e-05 0.307832
2.26102 -5.13877e-05 0.309348
2.10271 -5.29299e-05 0.310808
1.94455 -5.44902e-05 0.312184
1.78648 -5.6032e-05 0.313411
1.62853 -5.76017e-05 0.31451
1.47062 -5.91722e-05 0.315507
1.31284 -6.07215e-05 0.316414
1.1551 -6.22191e-05 0.317247
0.997373 -6.36861e-05 0.317983
0.839633 -6.51527e-05 0.318631
0.681822 -6.65797e-05 0.319224
0.523966 -6.79704e-05 0.31979
0.36605 -6.93196e-05 0.32023
0.208018 -7.06375e-05 0.320594
0.0499267 -7.19257e-05 0.320863
-0.108245 -7.31884e-05 0.321125
-0.26643 -7.44266e-05 0.321219
-0.424683 -7.56461e-05 0.321215
-0.583074 -7.68564e-05 0.321199
-0.741643 -7.80517e-05 0.321162
-0.90069 -7.91394e-05 0.321229
-1.05999 -8.01999e-05 0.321404
-1.21957 -8.12364e-05 0.321724
-1.37924 -8.22403e-05 0.322465
-1.53861 -8.32066e-05 0.324057
-1.69848 -8.41463e-05 0.325942
-1.85868 -8.50651e-05 0.328003
-2.01157 -8.54893e-05 0.339974
-2.15095 -8.52853e-05 0.36109
-2.28858 -8.49615e-05 0.384052
-2.42135 -8.44598e-05 0.410001
-2.55101 -8.38469e-05 0.438027
-2.68381 -8.33258e-05 0.467008
-2.81916 -8.28823e-05 0.496947
-2.95582 -8.24775e-05 0.527367
-3.09303 -8.20823e-05 0.558002
-3.23056 -8.16881e-05 0.588802
-3.36831 -8.12919e-05 0.619765
-3.50614 -8.08937e-05 0.650919
-3.64394 -8.04913e-05 0.68231
-3.78169 -8.00835e-05 0.713948
-3.91945 -7.96695e-05 0.745822
-4.05718 -7.92518e-05 0.777895
-4.19492 -7.88316e-05 0.810146
-4.33268 -7.84101e-05 0.842558
-4.47051 -7.79844e-05 0.875147
-4.60834 -7.75551e-05 0.907885
-4.74617 -7.71226e-05 0.94075
-4.88403 -7.66869e-05 0.973762
-5.02191 -7.62494e-05 1.00687
-5.15978 -7.58085e-05 1.04006
-5.36664 -7.51456e-05 1.08996
-5.50462 -7.47057e-05 1.12327
-5.64265 -7.42655e-05 1.15662
-5.78081 -7.383e-05 1.18999
-5.9191 -7.33963e-05 1.22339
-6.05758 -7.29671e-05 1.25679
-6.19622 -7.25409e-05 1.29022
-6.33515 -7.21223e-05 1.32365
-6.47431 -7.17098e-05 1.35708
-6.61368 -7.13036e-05 1.39051
-6.75339 -7.09085e-05 1.42392
-6.89338 -7.05211e-05 1.45733
-7.03366 -7.01425e-05 1.49071
-7.17428 -6.97748e-05 1.52409
-7.31522 -6.94171e-05 1.55745
-7.45641 -6.90846e-05 1.59078
-7.59722 -6.8861e-05 1.62402
-7.73825 -6.86584e-05 1.65724
-7.88128 -6.93181e-05 1.69043
-8.02601 -7.09844e-05 1.72359
-8.16761 -7.41386e-05 1.75587
-8.30884 -7.79419e-05 1.78759
-8.45062 -8.16679e-05 1.81933
-8.59411 -8.5324e-05 1.85121
-8.73875 -8.89085e-05 1.88318
-8.8838 -9.24211e-05 1.91517
-9.02924 -9.58647e-05 1.94718
-9.17606 -9.9399e-05 1.97929
-9.32463 -0.000102996 2.01157
-9.47345 -0.000106525 2.04386
-9.6225 -0.00010999 2.07616
-9.77174 -0.000113393 2.10848
-9.92115 -0.000116738 2.1408
-10.0707 -0.000120025 2.17315
-10.2203 -0.000123258 2.20551
-10.37 -0.000126439 2.23787
-10.5204 -0.000129573 2.27033
-10.6715 -0.000132663 2.30291
-10.8226 -0.000135704 2.3355
-10.9738 -0.000138697 2.3681
-11.125 -0.000141643 2.40071
-11.2766 -0.00014172 2.43327
-11.4284 -0.000140611 2.46583
-11.5803 -0.000139311 2.4984
-11.7322 -0.000137835 2.531
-11.8842 -0.000136178 2.56361
-12.0362 -0.000134344 2.59624
-12.1903 -0.00013243 2.6286
-12.345 -0.000130376 2.66082
-12.4998 -0.000128155 2.69302
-12.6549 -0.00012576 2.72496
-12.8101 -0.000124025 2.75684
-12.9656 -0.000124571 2.78869
-13.1212 -0.000125087 2.82054
-13.2769 -0.000125574 2.85238
-13.4326 -0.000126033 2.88419
-13.5884 -0.000126463 2.91598
-13.7442 -0.000126867 2.94775
-13.9001 -0.000127245 2.97947
-14.0561 -0.000127602 3.01115
-14.2126 -0.000127935 3.04265
-14.3696 -0.000128241 3.07385
-14.527 -0.000128495 3.10434
-14.8142 -0.000117587 3.08777
-15.0022 -0.000104154 3.1134
-15.1952 -0.000105775 3.14419
-15.3799 -0.000107241 3.1769
-15.2818 -0.000128504 3.15469
-15.1833 -0.000144114 3.13208
-15.0846 -0.000132881 3.10866
-14.9858 -0.000122768 3.08519
-14.8863 -0.000120926 3.06146
-14.7866 -0.000119891 3.03774
-14.6865 -0.000119755 3.01378
-14.5862 -0.000119784 2.98964
-14.4856 -0.000119939 2.96546
-14.3847 -0.000120115 2.94126
-14.284 -0.000120157 2.91712
-14.1831 -0.000120193 2.89302
-14.0816 -0.000120034 2.86886
-13.9794 -0.000119647 2.8447
-13.8766 -0.000119227 2.82057
-13.7731 -0.00011923 2.79636
-13.6689 -0.000119096 2.77211
-13.5639 -0.000118942 2.74781
-13.458 -0.000118539 2.72352
-13.3512 -0.000116818 2.69916
-13.2415 -0.000114946 2.67449
-13.1282 -0.000113435 2.64937
-13.0136 -0.000111413 2.62407
-12.8979 -0.000106398 2.59869
-12.7809 -9.95655e-05 2.57323
-12.6626 -9.13125e-05 2.54808
-12.5425 -8.30006e-05 2.52309
-12.4205 -7.33161e-05 2.49793
-12.2968 -6.34131e-05 2.47299
-12.1714 -5.25389e-05 2.4502
-12.0435 -4.12318e-05 2.42868
-11.911 -2.9228e-05 2.40888
-11.7746 -1.70405e-05 2.38904
-11.6343 -5.57169e-06 2.37032
-11.4911 4.65914e-06 2.35261
-11.3461 1.35377e-05 2.33463
-11.1992 2.1107e-05 2.31633
-11.0504 2.73229e-05 2.29771
-10.8998 3.2311e-05 2.2788
-10.7476 3.60187e-05 2.25976
-10.594 3.85429e-05 2.2409
-10.4397 4.00823e-05 2.22233
-10.2848 4.08124e-05 2.20406
-10.1294 4.08898e-05 2.18594
-9.97219 4.0768e-05 2.16898
-9.81413 4.04359e-05 2.15229
-9.65591 3.96914e-05 2.13549
-9.49766 3.85714e-05 2.11859
-9.33961 3.70596e-05 2.10164
-9.1815 3.52585e-05 2.08461
-9.02373 3.31316e-05 2.06757
-8.86615 3.07919e-05 2.05052
-8.70871 2.82831e-05 2.03345
-8.55142 2.56013e-05 2.01641
-8.39423 2.27994e-05 1.99935
-8.23708 1.99247e-05 1.98226
-8.08005 1.69913e-05 1.96517
-7.92306 1.40225e-05 1.94806
-7.76617 1.10502e-05 1.93097
-7.60934 8.09522e-06 1.9139
-7.45244 5.26689e-06 1.89716
-7.29524 2.81773e-06 1.88088
-7.13783 6.50079e-07 1.86484
-6.97949 -6.24559e-07 1.84978
-6.82044 -1.52635e-06 1.83462
-6.66114 -2.44747e-06 1.81906
-6.5018 -3.50396e-06 1.8032
-6.34248 -4.67723e-06 1.78717
-6.18326 -5.82523e-06 1.77107
-6.02424 -7.17124e-06 1.75474
-5.86515 -8.46207e-06 1.7383
-5.70558 -9.5906e-06 1.72154
-5.5459 -1.07029e-05 1.70465
-5.38623 -1.18584e-05 1.68756
-5.22662 -1.30885e-05 1.67019
-5.06707 -1.44088e-05 1.65251
-4.90751 -1.57212e-05 1.63461
-4.74756 -1.70325e-05 1.61657
-4.58764 -1.83919e-05 1.59838
-4.42768 -1.97241e-05 1.58009
-4.26769 -2.10567e-05 1.5617
-4.10763 -2.23794e-05 1.54323
-3.94747 -2.36763e-05 1.52472
-3.78717 -2.49515e-05 1.50618
-3.62687 -2.61979e-05 1.48765
-3.46649 -2.74155e-05 1.46909
-3.30603 -2.86045e-05 1.45043
-3.14537 -2.9749e-05 1.43188
-2.98447 -3.08294e-05 1.41331
-2.82346 -3.18901e-05 1.39468
-2.6624 -3.29334e-05 1.37604
-2.50129 -3.39581e-05 1.35744
-2.34021 -3.49644e-05 1.33887
-2.1792 -3.59678e-05 1.32032
-2.01813 -3.69539e-05 1.30183
-1.85703 -3.79167e-05 1.2834
-1.69593 -3.88769e-05 1.26505
-1.53485 -3.98558e-05 1.24681
-1.37382 -4.0861e-05 1.22872
-1.2127 -4.18469e-05 1.21068
