4.46846e-07 -1.54461e-15 -0.0580131
0.408727 9.83144e-14 -0.0872852
0.835553 2.45351e-13 -0.100719
1.24156 3.53316e-13 -0.111156
1.62983 3.6525e-13 -0.117559
2.01388 5.00553e-13 -0.122481
2.39474 6.71558e-13 -0.126673
2.77463 8.42868e-13 -0.130511
3.15358 1.00993e-12 -0.134116
3.53179 1.18557e-12 -0.137535
3.91007 1.357e-12 -0.140831
4.28843 1.53768e-12 -0.144025
4.66682 1.72841e-12 -0.147116
5.04564 1.9388e-12 -0.150083
5.42694 2.14236e-12 -0.152851
5.81486 2.32056e-12 -0.155092
6.21595 2.48529e-12 -0.156266
6.6267 2.63906e-12 -0.156469
7.043 2.77366e-12 -0.155998
7.46466 2.90561e-12 -0.154933
7.08659 2.67976e-12 -0.15246
6.70846 2.45481e-12 -0.149946
6.33023 2.25154e-12 -0.147376
5.9519 2.04857e-12 -0.144749
5.57339 1.83458e-12 -0.142067
5.19471 1.62725e-12 -0.13933
4.81588 1.43933e-12 -0.13655
4.43669 1.27765e-12 -0.133675
4.05705 1.10675e-12 -0.130668
3.67674 9.41447e-13 -0.127496
3.2955 7.85513e-13 -0.123974
2.91266 6.29635e-13 -0.119945
2.5275 4.68932e-13 -0.115395
2.13842 3.28823e-13 -0.10997
1.74119 2.32178e-13 -0.103067
1.33054 1.24454e-13 -0.0935429
0.91442 5.4832e-14 -0.0818795
0.491312 4.61235e-15 -0.0658634
0.0594259 -2.92562e-14 -0.0484383
-0.370381 -4.10738e-14 -0.0238968
-0.768074 8.56285e-14 0.00782341
-1.16774 2.40784e-13 0.0516986
-1.562 3.21212e-13 0.108758
-1.9522 3.89606e-13 0.171823
-2.33991 4.10727e-13 0.23795
-2.72327 4.4644e-13 0.306944
-3.10252 5.19001e-13 0.378134
-3.48017 5.71647e-13 0.450172
-3.85734 6.49554e-13 0.522369
-4.23434 7.39084e-13 0.594696
-4.61175 8.19554e-13 0.666976
-4.99091 9.18515e-13 0.738607
-5.37565 9.81498e-13 0.808116
-5.77285 1.0821e-12 0.872851
-6.18244 1.24141e-12 0.932777
-6.59823 1.42884e-12 0.990022
-7.01866 1.61343e-12 1.04494
-7.44399 1.8379e-12 1.09724
-7.87416 2.08503e-12 1.14675
-7.4982 1.9293e-12 1.07332
-7.12216 1.77407e-12 0.999983
-6.74605 1.6335e-12 0.926714
-6.36977 1.54295e-12 0.853574
-5.99337 1.43521e-12 0.780535
-5.61578 1.33244e-12 0.70792
-5.23728 1.23977e-12 0.635665
-4.85759 1.0935e-12 0.564092
-4.47674 9.89262e-13 0.493085
-4.09414 8.96875e-13 0.422852
-3.7097 7.97405e-13 0.353998
-3.32372 7.28504e-13 0.286295
-2.9355 6.45156e-13 0.2206
-2.54367 5.67058e-13 0.157737
-2.14423 4.27039e-13 0.101193
-1.73586 2.69851e-13 0.0526911
-1.32109 1.39886e-13 0.0103565
-0.906611 -2.79658e-14 -0.0259571
-0.491198 -9.37282e-14 -0.0545119
-0.064951 -3.94968e-15 -0.076007
0.362432 3.17687e-13 -0.0926048
0.783753 5.26359e-13 -0.10532
1.20182 6.21092e-13 -0.11424
1.61411 6.4228e-13 -0.120073
2.01997 6.64631e-13 -0.1242
2.41913 7.52057e-13 -0.127538
2.81334 8.82361e-13 -0.130691
3.2063 1.02278e-12 -0.13341
3.59819 1.1559e-12 -0.135777
3.9885 1.32423e-12 -0.137943
4.37853 1.47503e-12 -0.139862
4.76376 1.64165e-12 -0.142063
5.14616 1.82937e-12 -0.144416
5.5281 2.03965e-12 -0.146749
5.91144 2.25422e-12 -0.148872
6.29694 2.44578e-12 -0.150731
6.68607 2.64055e-12 -0.152196
7.08105 2.82778e-12 -0.153082
7.4854 3.00438e-12 -0.153119
7.90191 3.16171e-12 -0.152473
8.32883 3.32315e-12 -0.150906
8.76211 3.4639e-12 -0.148688
9.19912 3.57115e-12 -0.146063
9.63901 3.60151e-12 -0.143116
10.0812 3.54439e-12 -0.139863
10.5252 3.52971e-12 -0.136377
10.971 3.81097e-12 -0.13255
11.4193 4.65961e-12 -0.128273
11.8693 5.88865e-12 -0.123667
12.3206 7.14043e-12 -0.118708
12.7732 8.21297e-12 -0.113393
13.2263 8.97919e-12 -0.107696
13.6792 9.39403e-12 -0.101704
14.1325 9.65737e-12 -0.095471
14.5867 9.83909e-12 -0.0886666
15.0412 9.97238e-12 -0.0816123
15.4954 1.00722e-11 -0.0743765
15.9497 1.01742e-11 -0.0668402
16.4036 1.02243e-11 -0.0589678
16.0282 9.66616e-12 -0.0552162
15.653 9.11027e-12 -0.051316
15.2775 8.59945e-12 -0.0473634
14.9015 8.09155e-12 -0.0434175
14.524 7.62225e-12 -0.0396564
14.146 7.17577e-12 -0.0358592
13.7667 6.75381e-12 -0.0322465
13.3859 6.35575e-12 -0.0286728
13.005 5.98052e-12 -0.0249564
12.6239 5.61114e-12 -0.0211795
12.2414 5.24628e-12 -0.0173915
11.8583 4.87368e-12 -0.0134706
11.4748 4.51879e-12 -0.00947346
11.0904 4.16764e-12 -0.00545543
10.7041 3.82293e-12 -0.00161655
10.3171 3.50835e-12 0.0023938
9.92944 3.20648e-12 0.00653127
9.5407 2.94563e-12 0.0107291
9.15049 2.68556e-12 0.0149581
8.75721 2.47939e-12 0.0188873
8.36179 2.24774e-12 0.0228679
7.96328 2.03626e-12 0.0268701
7.55971 1.86647e-12 0.030534
7.14857 1.71891e-12 0.0337003
6.72764 1.60888e-12 0.0365096
6.29787 1.47999e-12 0.0390407
5.86266 1.33785e-12 0.041439
5.42335 1.16812e-12 0.0437336
4.98044 7.61959e-13 0.046035
4.53451 3.51645e-13 0.0483326
4.08569 8.41176e-14 0.0509396
3.63629 -1.08603e-14 0.0554201
3.1905 -5.42674e-14 0.0655289
2.74924 -1.13809e-13 0.0833069
2.31398 -1.79646e-13 0.108953
1.8824 -2.49347e-13 0.138999
1.45755 -3.04767e-13 0.174072
1.03789 -3.25496e-13 0.213834
0.62108 -3.39095e-13 0.255872
0.208815 -3.56353e-13 0.298898
-0.200282 -3.60031e-13 0.342594
-0.609366 -3.45559e-13 0.386909
-1.02238 -3.39499e-13 0.431421
-1.44081 -3.02537e-13 0.476067
-1.863 -2.38794e-13 0.520487
-2.28971 -1.45189e-13 0.564848
-2.71867 -2.71187e-14 0.60922
-3.14915 1.21677e-13 0.653502
-3.58084 2.228e-13 0.697672
-4.01304 2.55259e-13 0.742052
-4.44474 3.06403e-13 0.786488
-4.87556 3.49594e-13 0.831417
-5.30541 4.37236e-13 0.877439
-5.73544 4.63322e-13 0.923497
-6.1665 5.09686e-13 0.969048
-6.59837 5.54671e-13 1.01395
-7.02489 6.97752e-13 1.06338
-7.44088 1.19969e-12 1.12077
-7.85744 2.04045e-12 1.17713
-8.27621 2.3326e-12 1.23101
-8.69903 2.67478e-12 1.28149
-9.12495 2.95702e-12 1.3292
-9.5518 2.89795e-12 1.3748
-9.98014 2.42043e-12 1.4181
-10.4103 1.68004e-12 1.45967
-10.842 8.76301e-13 1.49964
-11.2747 3.85201e-13 1.53771
-11.7086 1.23494e-13 1.57433
-12.1438 4.01837e-14 1.61042
-12.58 1.35645e-14 1.64612
-13.0159 -2.29513e-14 1.68126
-13.4512 3.21855e-14 1.7157
-13.886 6.04753e-14 1.74979
-14.3216 1.30751e-13 1.78405
-14.7579 1.7194e-13 1.81872
-15.1948 3.07853e-13 1.8538
-15.6315 3.57038e-13 1.88896
-16.0672 4.33909e-13 1.92403
-16.501 4.75003e-13 1.95881
-16.1263 4.64259e-13 1.88671
-15.75 3.73123e-13 1.81516
-15.3722 3.86906e-13 1.74411
-14.9931 3.22375e-13 1.67358
-14.6129 2.32803e-13 1.60358
-14.2313 1.19484e-13 1.53431
-13.849 -3.64094e-14 1.46553
-13.4656 -2.53643e-13 1.39746
-13.0808 1.29327e-13 1.33013
-12.6956 4.60042e-13 1.26306
-12.3089 2.8553e-13 1.19687
-11.9216 7.00005e-14 1.13101
-11.5338 -1.3897e-13 1.06559
-11.1454 -3.36895e-13 1.00062
-10.7563 -4.98023e-13 0.935974
-10.3663 -6.62152e-13 0.8718
-9.97501 -8.40815e-13 0.808141
-9.58345 -8.5314e-13 0.745435
-9.19078 -8.65954e-13 0.683477
-8.79674 -8.76874e-13 0.622496
-8.39943 -8.86368e-13 0.563013
-7.99886 -8.74905e-13 0.505064
-7.59454 -8.57884e-13 0.448771
-7.18474 -8.57032e-13 0.395512
-6.76547 -8.62162e-13 0.34706
-6.33919 -8.3772e-13 0.302474
-5.90873 -8.11108e-13 0.260222
-5.47503 -7.62031e-13 0.220193
-5.03805 -6.7737e-13 0.181703
-4.59821 -5.72057e-13 0.14496
-4.15927 -4.40189e-13 0.111443
-3.71969 -2.8424e-13 0.0801385
-3.27999 -1.28873e-13 0.0511481
-2.84427 1.75139e-14 0.0264327
-2.40977 1.58792e-13 0.0050867
-1.97604 2.97947e-13 -0.013879
-1.54275 4.33892e-13 -0.0314027
-1.11018 5.61782e-13 -0.0480844
-0.679188 6.82135e-13 -0.0640819
-0.246596 7.99711e-13 -0.0782567
0.184314 9.28755e-13 -0.0876204
0.611295 1.04884e-12 -0.0950262
1.03662 1.16138e-12 -0.102396
1.46221 1.27901e-12 -0.110045
1.88515 1.4106e-12 -0.112728
2.30533 1.5309e-12 -0.114608
2.72349 1.63394e-12 -0.116126
3.1412 1.74495e-12 -0.117374
3.55887 1.87935e-12 -0.118375
3.97702 2.05078e-12 -0.119051
4.39601 2.2166e-12 -0.119338
4.81409 2.38656e-12 -0.119132
5.23259 2.55978e-12 -0.11844
5.65138 2.75397e-12 -0.117333
6.07292 2.92695e-12 -0.115924
6.4955 3.08629e-12 -0.114185
6.91896 3.24438e-12 -0.112145
7.34358 3.39937e-12 -0.109811
7.7697 3.56155e-12 -0.107208
8.19765 3.7378e-12 -0.104342
8.6316 3.88469e-12 -0.101238
9.0679 4.0368e-12 -0.0978888
9.50652 4.18171e-12 -0.0942359
9.94937 4.07099e-12 -0.0904749
10.3818 4.35327e-12 -0.0875445
10.8118 4.64406e-12 -0.0846527
11.2387 4.96391e-12 -0.081923
11.6655 5.31695e-12 -0.0790804
12.094 5.69282e-12 -0.0759857
12.5244 6.09968e-12 -0.0726079
12.9571 6.50356e-12 -0.068801
13.3919 6.92965e-12 -0.0645921
13.8282 7.36245e-12 -0.0600496
14.2662 7.78763e-12 -0.0551659
14.7058 8.20387e-12 -0.0498635
15.1467 8.58004e-12 -0.0441884
15.5886 8.90116e-12 -0.0381453
16.0317 9.15305e-12 -0.0317101
16.4758 9.34377e-12 -0.024932
16.9205 9.47154e-12 -0.0178564
17.3655 9.54047e-12 -0.0105079
17.8113 9.58274e-12 -0.00284614
18.2577 9.59534e-12 0.00493901
18.7045 9.59407e-12 0.0128541
19.1516 9.57876e-12 0.0208097
19.5991 9.57221e-12 0.0289144
20.0468 9.56043e-12 0.0372185
20.4947 9.53742e-12 0.0457826
20.9423 9.53042e-12 0.0544009
21.6125 9.51122e-12 0.0673477
22.0582 9.51516e-12 0.0758875
22.5027 9.51616e-12 0.0843724
22.9466 9.51764e-12 0.0928533
23.4002 9.49334e-12 0.0993302
23.865 9.43185e-12 0.106394
24.3273 9.38084e-12 0.112845
24.7807 9.35322e-12 0.115033
25.2432 9.20196e-12 0.103577
25.6968 9.14183e-12 0.10391
26.1477 9.12953e-12 0.102617
26.5906 9.14345e-12 0.108043
27.033 9.17268e-12 0.113726
27.4734 9.18113e-12 0.119401
27.8848 9.22536e-12 0.124129
28.2936 9.26322e-12 0.128712
28.7027 9.28816e-12 0.13327
29.1121 9.3217e-12 0.137773
29.5216 9.38447e-12 0.142029
29.9315 9.53487e-12 0.145402
30.3883 9.15981e-12 0.11822
30.8179 9.28229e-12 0.119869
31.2252 9.3274e-12 0.123663
31.6339 9.37181e-12 0.127652
32.0426 9.38438e-12 0.13177
32.4513 9.45792e-12 0.135946
32.8604 9.50732e-12 0.140153
33.2699 9.54857e-12 0.144432
33.6794 9.56926e-12 0.148738
34.089 9.60942e-12 0.153046
34.4986 9.64253e-12 0.157348
34.125 9.17586e-12 0.162639
33.7508 8.72829e-12 0.167881
33.3756 8.31341e-12 0.172941
33.0001 7.90656e-12 0.178034
32.6237 7.51983e-12 0.183099
32.2466 7.15347e-12 0.188179
31.8694 6.79087e-12 0.193315
31.491 6.44955e-12 0.198384
31.1121 6.11781e-12 0.203498
30.7322 5.79276e-12 0.208584
30.3513 5.48904e-12 0.213595
29.9697 5.19517e-12 0.218638
29.5865 4.90593e-12 0.223495
29.2027 4.60702e-12 0.228368
28.817 4.34832e-12 0.233049
28.4293 4.0137e-12 0.237661
28.0404 3.23063e-12 0.24237
27.6515 2.84185e-12 0.247337
27.2617 2.8284e-12 0.252387
26.8695 2.82092e-12 0.257132
26.4766 2.80681e-12 0.261912
26.0834 2.72678e-12 0.266831
25.69 2.54012e-12 0.271762
25.2952 2.36006e-12 0.276784
24.8994 2.17551e-12 0.282012
24.5023 2.00515e-12 0.287187
24.1033 1.84804e-12 0.29235
23.7023 1.68791e-12 0.297515
23.2987 1.54107e-12 0.302578
22.8921 1.40844e-12 0.307627
22.4809 1.29248e-12 0.312565
22.064 1.16679e-12 0.317041
21.6421 1.04563e-12 0.321258
21.2145 9.17528e-13 0.325317
20.7833 7.94445e-13 0.329416
20.3493 6.79807e-13 0.333844
19.9129 5.67731e-13 0.338612
19.4749 4.69602e-13 0.344276
19.0356 3.75772e-13 0.350754
18.5954 2.9218e-13 0.358191
18.1546 2.13801e-13 0.366716
17.7143 1.47908e-13 0.377379
17.2743 9.60039e-14 0.390047
16.8341 3.83828e-14 0.403213
16.3934 -1.93487e-15 0.416575
15.9522 -4.15684e-14 0.42994
15.5104 -6.43883e-14 0.443179
15.068 -1.05362e-13 0.456251
14.6252 -1.50678e-13 0.469103
14.1829 -1.7446e-13 0.481664
13.7404 -2.09447e-13 0.493962
13.2973 -2.17296e-13 0.505974
12.8536 -2.21384e-13 0.517696
12.4095 -2.29487e-13 0.529145
11.9648 -2.43929e-13 0.540308
11.5197 -2.37645e-13 0.551228
11.0742 -2.39939e-13 0.562025
10.6285 -2.27441e-13 0.572706
10.1824 -2.10741e-13 0.5832
9.73612 -1.84438e-13 0.59356
9.28961 -1.10173e-13 0.603771
8.84296 -1.36004e-13 0.613878
8.39615 -1.0921e-13 0.623971
7.94965 -6.43953e-14 0.63441
7.5035 -2.2558e-14 0.645178
7.05803 2.81377e-14 0.656627
6.61355 6.71827e-14 0.669073
6.16946 1.37433e-13 0.681895
5.72568 1.9716e-13 0.695109
5.28215 1.79739e-13 0.708517
4.83886 3.47704e-13 0.722093
4.39594 4.30808e-13 0.736101
3.95364 5.08611e-13 0.750614
3.51192 6.14688e-13 0.765555
3.07076 7.11073e-13 0.781166
2.62971 8.03397e-13 0.797398
2.18917 8.97688e-13 0.813864
1.74926 9.92615e-13 0.83073
1.30987 1.07628e-12 0.84791
0.870991 1.13209e-12 0.865622
0.432825 1.16607e-12 0.883578
-0.00478746 1.17924e-12 0.901741
-0.44126 1.17404e-12 0.925696
-0.873568 1.10939e-12 0.958454
-1.30366 1.04177e-12 0.99257
-1.73183 9.85353e-13 1.02714
-2.15924 9.28284e-13 1.06215
-2.58614 8.7671e-13 1.09749
-3.01407 8.33075e-13 1.13239
-3.44376 7.9837e-13 1.16681
-3.8747 7.74243e-13 1.20088
-4.30664 7.49188e-13 1.23463
-4.73938 7.24925e-13 1.26808
-5.17301 6.94414e-13 1.30123
-5.60761 6.58942e-13 1.33405
-6.04351 6.26687e-13 1.36651
-6.48085 5.80115e-13 1.39862
-6.91956 5.35568e-13 1.43034
-7.35935 4.9004e-13 1.46167
-7.80003 4.49258e-13 1.49269
-8.24115 4.13816e-13 1.52346
-8.68287 3.78614e-13 1.554
-9.12473 3.4703e-13 1.58435
-9.56691 3.12031e-13 1.61451
-10.0093 3.7272e-13 1.6445
-10.4518 2.54704e-13 1.67432
-10.8941 2.28498e-13 1.70402
-11.3366 2.02789e-13 1.73356
-11.7791 1.78832e-13 1.76299
-12.2215 1.55702e-13 1.79231
-12.6639 1.31088e-13 1.82154
-13.1062 1.0614e-13 1.85068
-13.5484 8.62001e-14 1.87976
-13.9905 6.49976e-14 1.90881
-14.4325 4.62394e-14 1.93791
-14.8735 2.41252e-14 1.96737
-15.3047 -4.95748e-16 1.99862
-15.7356 -5.62205e-14 2.02949
-16.1605 1.48281e-14 2.06256
-16.5769 3.71123e-13 2.09975
-16.9924 7.02897e-13 2.13669
-17.4092 -1.83562e-13 2.17498
-17.8248 -1.1629e-12 2.21223
-18.2406 -1.45229e-12 2.24881
-18.6523 -1.4823e-12 2.28345
-19.0588 -1.48157e-12 2.31585
-19.4616 -1.49026e-12 2.3465
-19.8621 -1.42064e-12 2.37602
-20.2612 -1.4186e-12 2.4049
-20.6597 -1.40955e-12 2.43348
-21.058 -1.36245e-12 2.46193
-21.4562 -1.30871e-12 2.49035
-21.8544 -1.24672e-12 2.51876
-22.452 -1.2133e-12 2.56131
-22.8507 -1.15459e-12 2.5895
-23.2495 -1.12629e-12 2.61771
-23.6485 -1.08816e-12 2.64595
-24.0476 -1.05052e-12 2.67422
-24.447 -9.72828e-13 2.70252
-24.8465 -9.74588e-13 2.73084
-25.2463 -8.968e-13 2.75919
-25.6462 -8.63197e-13 2.78756
-26.0463 -7.94453e-13 2.81597
-26.4466 -8.19903e-13 2.84442
-26.8475 -7.62534e-13 2.87264
-27.2487 -6.80498e-13 2.90087
-27.6501 -6.56078e-13 2.92913
-28.0517 -6.00159e-13 2.95742
-28.4534 -5.98807e-13 2.98575
-28.8618 -5.71081e-13 3.01337
-29.3191 -4.64192e-13 3.04401
-29.7574 -4.13749e-13 3.0742
-30.1734 -3.59009e-13 3.102
-30.6418 -3.79751e-13 3.12967
-31.0893 -2.55432e-13 3.17412
-31.5139 -2.66063e-13 3.20322
-31.9327 -2.47735e-13 3.2314
-32.3345 -2.46435e-13 3.25773
-32.7367 -2.16059e-13 3.28423
-33.1385 -1.90121e-13 3.31095
-33.5406 -2.20032e-13 3.33786
-33.1669 -3.23981e-13 3.26712
-32.7927 -4.556e-13 3.19657
-32.4177 -5.64353e-13 3.12642
-32.042 -7.99886e-13 3.05666
-31.6652 -7.59751e-13 2.9874
-31.2868 -9.2446e-13 2.9188
-30.907 -1.04487e-12 2.85093
-30.5259 -1.10735e-12 2.78389
-30.143 -1.07836e-12 2.71782
-29.7598 -9.8733e-13 2.65297
-29.3768 -7.77434e-13 2.58874
-28.9934 -1.02638e-12 2.52482
-28.6095 -1.05256e-12 2.46119
-28.2249 -1.06267e-12 2.39787
-27.8393 -1.05847e-12 2.33484
-27.4529 -1.05964e-12 2.27226
-27.0657 -1.06304e-12 2.2101
-26.6779 -1.05146e-12 2.14829
-26.2894 -1.03614e-12 2.08692
-25.9002 -1.05332e-12 2.02603
-25.51 -1.03391e-12 1.96579
-25.1186 -1.02397e-12 1.90628
-24.7255 -9.83899e-13 1.84756
-24.3292 -9.58182e-13 1.78988
-23.9302 -9.09712e-13 1.73342
-23.5291 -8.69679e-13 1.67793
-23.1256 -8.32703e-13 1.624
-22.7189 -7.98524e-13 1.57201
-22.3081 -7.74336e-13 1.52409
-21.8927 -7.49928e-13 1.48041
-21.4732 -7.23702e-13 1.44024
-21.0512 -7.0394e-13 1.40328
-20.6272 -6.57038e-13 1.36785
-20.2013 -6.23042e-13 1.33328
-19.774 -5.79698e-13 1.29959
-19.3454 -5.25217e-13 1.26688
-18.9155 -4.67782e-13 1.23485
-18.4842 -4.03346e-13 1.20348
-18.0518 -3.40894e-13 1.17274
-17.6184 -2.65454e-13 1.14257
-17.1846 -1.8841e-13 1.11306
-16.7501 -1.16998e-13 1.08443
-16.3152 -4.57778e-14 1.05662
-15.8799 2.97844e-14 1.02918
-15.4442 1.09167e-13 1.00206
-15.0081 1.80567e-13 0.975218
-14.5719 2.52594e-13 0.948584
-14.1355 3.19334e-13 0.922154
-13.699 3.86943e-13 0.895913
-13.2623 4.53814e-13 0.869784
-12.8256 5.17083e-13 0.843716
-12.3888 5.81197e-13 0.817716
-11.952 6.34572e-13 0.791749
-11.5152 6.9146e-13 0.76583
-11.0785 7.43598e-13 0.739961
-10.642 7.9073e-13 0.714166
-10.2058 8.31108e-13 0.68846
-9.77029 8.74231e-13 0.662915
-9.33551 9.11711e-13 0.637531
-8.90198 9.48013e-13 0.612532
-8.46903 9.78739e-13 0.587641
-8.03649 1.00847e-12 0.562836
-7.60449 1.03334e-12 0.538092
-7.17307 1.05575e-12 0.513446
-6.74215 1.07845e-12 0.488855
-6.31191 1.09294e-12 0.464426
-5.88257 1.10561e-12 0.440139
-5.45375 1.11589e-12 0.415947
-5.0251 1.12525e-12 0.392177
-4.59682 1.13571e-12 0.368583
-4.16854 1.1538e-12 0.345288
-3.74035 1.18157e-12 0.322285
-3.31225 1.2231e-12 0.29947
-2.88414 1.27777e-12 0.276818
-2.45616 1.34047e-12 0.254305
-2.02847 1.40736e-12 0.231877
-1.60086 1.47939e-12 0.209573
-1.17327 1.55234e-12 0.187385
-0.745841 1.63085e-12 0.165309
-0.318867 1.7168e-12 0.14336
0.107586 1.80053e-12 0.121424
0.533589 1.8833e-12 0.0995124
0.959208 1.96435e-12 0.0775239
1.38456 2.04435e-12 0.0554427
1.80961 2.11936e-12 0.033221
2.23429 2.19181e-12 0.0108402
2.65871 2.25959e-12 -0.0116678
3.08282 2.32176e-12 -0.0343179
3.50677 2.3847e-12 -0.0571098
3.93005 2.45555e-12 -0.075952
4.34903 2.54761e-12 -0.0857961
4.76627 2.64827e-12 -0.0926199
5.18267 2.75743e-12 -0.0981122
5.59854 2.87198e-12 -0.102149
6.01313 2.99094e-12 -0.103871
6.42624 3.11946e-12 -0.10323
6.83992 3.2494e-12 -0.102283
7.25438 3.37722e-12 -0.101151
7.66995 3.50291e-12 -0.0997126
8.08686 3.62284e-12 -0.0978714
8.50512 3.7405e-12 -0.0955871
8.9244 3.85343e-12 -0.0928924
9.34445 3.96272e-12 -0.0898348
9.76475 4.06962e-12 -0.0865114
10.1852 4.17397e-12 -0.0829712
10.6058 4.26404e-12 -0.0792291
11.0264 4.37529e-12 -0.0753128
11.4469 4.47236e-12 -0.0712529
11.8671 4.56833e-12 -0.067078
12.2872 4.66253e-12 -0.0627832
12.707 4.75431e-12 -0.0583566
13.1267 4.84394e-12 -0.0538305
13.546 4.93296e-12 -0.0492099
13.965 5.0197e-12 -0.0445092
14.3837 5.10585e-12 -0.0397368
14.8021 5.19003e-12 -0.0349174
15.2201 5.27355e-12 -0.0300105
15.6377 5.35571e-12 -0.0250462
16.0551 5.43668e-12 -0.0200443
16.472 5.51615e-12 -0.0149991
16.8886 5.59382e-12 -0.00993098
17.3049 5.6719e-12 -0.00484474
17.7189 5.73478e-12 -2.85689e-05
18.1279 5.72148e-12 0.00395808
18.5376 5.65698e-12 0.00793019
18.9474 5.57678e-12 0.0119138
19.5655 5.28548e-12 0.0179226
19.9799 5.05263e-12 0.0221011
20.3989 4.72001e-12 0.0265482
20.8179 4.40636e-12 0.0310319
21.2373 4.09694e-12 0.0355947
21.6612 4.46708e-12 0.0403716
22.0895 5.51786e-12 0.0453446
22.5177 6.6298e-12 0.0502947
22.9461 7.78297e-12 0.0553312
23.3747 8.98684e-12 0.0604575
23.8032 1.02368e-11 0.0655246
24.2366 1.05739e-11 0.0705756
24.6726 1.04416e-11 0.0756473
25.1084 1.02855e-11 0.0807598
25.5432 1.01153e-11 0.0857613
25.9763 9.93768e-12 0.0906841
26.4091 9.74827e-12 0.0956763
26.8419 9.55034e-12 0.100752
27.2746 9.33823e-12 0.105897
27.7076 9.14495e-12 0.111103
28.1453 9.11162e-12 0.116444
28.5827 9.077e-12 0.121837
29.0196 9.02388e-12 0.127278
29.4561 8.98146e-12 0.132769
29.8921 8.92796e-12 0.138302
30.3275 8.88006e-12 0.143878
30.7624 8.83261e-12 0.149501
31.1965 8.76998e-12 0.15516
31.6298 8.71469e-12 0.16085
32.0623 8.67196e-12 0.166571
32.4942 8.62471e-12 0.172328
32.9264 8.68459e-12 0.178195
33.3573 8.74443e-12 0.184071
33.7869 8.80337e-12 0.189952
34.215 8.86535e-12 0.195835
34.6417 8.93449e-12 0.201721
35.067 8.98627e-12 0.207615
35.491 9.04257e-12 0.213516
35.9138 9.10104e-12 0.219435
36.3355 9.15712e-12 0.225362
36.756 9.22093e-12 0.231293
37.1754 9.28385e-12 0.237242
37.5949 9.33679e-12 0.242834
38.014 9.38725e-12 0.248268
38.4323 9.44598e-12 0.253692
38.8499 9.48824e-12 0.259116
39.2669 9.53827e-12 0.264552
39.6834 9.58199e-12 0.27
40.0995 9.63492e-12 0.27546
40.5152 9.68483e-12 0.280856
40.9305 9.72917e-12 0.286214
41.3456 9.7855e-12 0.291585
41.7604 9.81952e-12 0.29697
42.175 9.85002e-12 0.302369
42.5893 9.88909e-12 0.307782
42.2158 9.42676e-12 0.313028
41.8422 8.97785e-12 0.318378
41.4683 8.54996e-12 0.323745
41.0931 8.13231e-12 0.328912
40.7166 7.7469e-12 0.333882
40.3392 7.36254e-12 0.338835
39.9612 7.00506e-12 0.343798
39.5819 6.65738e-12 0.348679
39.2017 6.33085e-12 0.35354
38.8204 6.00117e-12 0.358338
38.4373 5.69256e-12 0.362916
38.0537 5.41841e-12 0.36754
37.6681 5.17774e-12 0.372064
37.2793 4.74127e-12 0.376242
36.8897 4.23435e-12 0.380514
36.4999 4.20301e-12 0.384957
36.1095 4.16561e-12 0.389383
35.7197 3.96892e-12 0.393798
35.3292 3.7603e-12 0.398251
34.9379 3.56662e-12 0.402703
34.5486 3.33508e-12 0.407132
34.159 3.12027e-12 0.411508
33.7684 2.90874e-12 0.415886
33.3764 2.6993e-12 0.420222
32.9832 2.49162e-12 0.424537
32.5884 2.28119e-12 0.428822
32.1925 2.0824e-12 0.433122
31.7946 1.90581e-12 0.437231
31.3945 1.72958e-12 0.441218
30.9926 1.56047e-12 0.445154
30.5875 1.41241e-12 0.448795
30.1796 1.28147e-12 0.452632
29.7674 1.16072e-12 0.457342
29.3507 1.04677e-12 0.463775
28.929 9.47661e-13 0.4702
28.5046 8.48607e-13 0.480211
28.078 7.6496e-13 0.492005
27.6493 6.84321e-13 0.504363
27.2187 6.03396e-13 0.516503
26.7865 5.26138e-13 0.528505
26.3529 4.50391e-13 0.540288
25.9179 3.82733e-13 0.551775
25.4819 3.18876e-13 0.562961
25.0447 2.49028e-13 0.573861
24.6069 1.88708e-13 0.584642
24.1686 1.4052e-13 0.596525
23.7299 9.63243e-14 0.60867
23.2906 4.93636e-14 0.620694
22.8507 1.16089e-14 0.632532
22.4103 -3.3345e-14 0.64418
21.9694 -6.59949e-14 0.655677
21.528 -9.14258e-14 0.666983
21.0863 -1.20066e-13 0.678162
20.6443 -1.41176e-13 0.689239
20.2021 -1.5899e-13 0.700234
19.7597 -1.79834e-13 0.711143
19.3172 -2.03795e-13 0.722007
18.8745 -2.01978e-13 0.732786
18.4317 -2.08458e-13 0.743477
17.9888 -2.23419e-13 0.754083
17.5458 -2.17231e-13 0.764588
17.1027 -2.08897e-13 0.775012
16.6596 -2.102e-13 0.785366
16.2165 -1.94964e-13 0.795658
15.7735 -1.87483e-13 0.805976
15.3306 -1.59776e-13 0.816356
14.8881 -1.4711e-13 0.8269
14.446 -1.25045e-13 0.837825
14.0044 -1.04092e-13 0.849254
13.5636 -6.98459e-14 0.861221
13.1231 -4.8437e-14 0.873451
12.6833 -7.46044e-15 0.886111
12.2437 2.89016e-14 0.898795
11.8045 6.87089e-14 0.911842
11.366 1.12115e-13 0.925152
10.928 1.62054e-13 0.938727
10.4906 2.05976e-13 0.952468
10.0538 2.50316e-13 0.966742
9.61767 3.03318e-13 0.981289
9.18212 3.54368e-13 0.996069
8.7472 4.11647e-13 1.01109
8.31283 4.69691e-13 1.02638
7.87903 5.18279e-13 1.04172
7.44589 5.6984e-13 1.05731
7.01328 6.27244e-13 1.07312
6.5812 6.76289e-13 1.08913
6.14971 7.1748e-13 1.1052
5.71884 7.56665e-13 1.1214
5.28845 7.87297e-13 1.13774
4.85843 8.12894e-13 1.15424
4.42895 8.23727e-13 1.171
3.99997 8.28629e-13 1.18793
3.57134 8.23399e-13 1.20498
3.14306 8.1892e-13 1.2221
2.71474 7.99785e-13 1.2393
2.2867 7.81353e-13 1.25647
1.85883 7.55577e-13 1.27366
1.43117 7.41431e-13 1.29084
1.00385 7.22756e-13 1.30799
0.576891 7.04681e-13 1.32509
0.150091 6.86667e-13 1.34216
-0.276894 6.64506e-13 1.35933
-0.703789 6.41401e-13 1.37653
-1.1306 6.17894e-13 1.39402
-1.55734 5.99543e-13 1.41158
-1.98397 5.80476e-13 1.42919
-2.41048 5.69388e-13 1.44703
-2.83696 5.55227e-13 1.46528
-3.26362 5.44086e-13 1.48361
-3.6904 5.34015e-13 1.50197
-4.11687 6.64125e-13 1.52523
-4.53968 5.10291e-13 1.55359
-4.96214 4.99091e-13 1.58272
-5.3835 4.83861e-13 1.61322
-5.80437 4.73956e-13 1.64447
-6.22764 4.64524e-13 1.6753
-6.65322 4.47865e-13 1.70577
-7.08032 4.29841e-13 1.73592
-7.50836 4.12479e-13 1.76569
-7.93737 3.89359e-13 1.7951
-8.36688 6.82609e-13 1.82419
-8.79675 3.58427e-13 1.853
-9.22683 3.40721e-13 1.88154
-9.65718 3.22676e-13 1.90983
-10.0878 3.11959e-13 1.93784
-10.5185 2.97242e-13 1.96561
-10.9493 2.86397e-13 1.99313
-11.3802 2.6773e-13 2.02039
-11.8112 2.57829e-13 2.04741
-12.2422 2.45768e-13 2.07418
-12.6732 2.31976e-13 2.10071
-13.104 -2.18168e-13 2.12701
-13.5347 2.15745e-13 2.15308
-13.9653 2.00413e-13 2.17892
-14.6107 5.73596e-14 2.21726
-15.0407 1.76604e-13 2.24253
-15.4705 1.6955e-13 2.26758
-15.9 1.54967e-13 2.29241
-16.3292 1.51685e-13 2.31701
-16.7583 1.42956e-13 2.3414
-17.1871 1.34513e-13 2.36557
-17.6158 1.30552e-13 2.38953
-18.0443 1.24455e-13 2.41328
-18.4725 1.17963e-13 2.43683
-18.9004 1.14191e-13 2.46018
-19.3282 1.11338e-13 2.48335
-19.7557 1.10371e-13 2.50632
-20.183 1.05112e-13 2.52912
-20.6101 1.02335e-13 2.55174
-21.0368 1.03567e-13 2.57426
-21.4628 1.01973e-13 2.59707
-21.8885 9.95952e-14 2.61977
-22.3099 1.28261e-13 2.64438
-22.7268 2.02242e-13 2.67097
-23.1407 2.63364e-13 2.69838
-23.5501 3.86503e-13 2.72667
-23.9593 4.83771e-13 2.75477
-24.3664 5.93775e-13 2.78342
-24.7721 7.54268e-13 2.81227
-25.1778 9.44215e-13 2.84091
-25.5833 1.07163e-12 2.86937
-25.9881 1.25531e-12 2.89796
-26.3916 1.43887e-12 2.9269
-26.795 1.59141e-12 2.95564
-27.1984 1.80633e-12 2.9842
-27.6016 2.00007e-12 3.0126
-28.0047 2.1381e-12 3.04085
-28.4077 2.33382e-12 3.06895
-28.8106 2.51323e-12 3.09694
-29.2134 2.69974e-12 3.12482
-29.616 2.60199e-12 3.15285
-30.0184 2.26816e-12 3.18113
-30.4207 1.8969e-12 3.20935
-30.8228 1.55199e-12 3.23752
-31.2249 1.24629e-12 3.26568
-31.627 8.65822e-13 3.29377
-32.0291 5.34518e-13 3.32183
-32.4311 2.04592e-13 3.34989
-32.833 -1.79238e-13 3.37797
-33.2349 -5.03997e-13 3.40608
-33.6368 -8.45157e-13 3.43421
-34.0396 -1.17298e-12 3.46242
-34.4427 -1.4556e-12 3.49072
-34.8458 -1.88337e-12 3.5191
-35.2489 -2.17316e-12 3.54748
-35.6521 -2.46806e-12 3.57589
-36.0554 -2.77061e-12 3.60429
-36.4587 -3.06409e-12 3.63273
-36.862 -3.40914e-12 3.66121
-37.2653 -3.74863e-12 3.68973
-37.6686 -4.02531e-12 3.71829
-38.072 -4.38476e-12 3.74688
-38.4753 -4.66823e-12 3.7755
-38.8787 -4.99448e-12 3.80416
-39.2829 -5.03137e-12 3.83294
-39.6875 -4.93743e-12 3.86175
-40.0924 -4.92563e-12 3.89049
-40.5572 -4.96029e-12 3.90131
-40.9772 -4.98768e-12 3.95984
-41.4159 -4.8291e-12 4.01165
-41.8634 -4.898e-12 4.05426
-41.4906 -4.94031e-12 3.98341
-41.1174 -4.93296e-12 3.91274
-40.744 -4.60447e-12 3.84278
-40.3706 -4.11373e-12 3.77302
-39.9956 -3.75609e-12 3.70391
-39.62 -3.32199e-12 3.63529
-39.2424 -3.03061e-12 3.56742
-38.863 -2.73837e-12 3.50029
-38.4825 -2.61241e-12 3.43375
-38.1004 -2.02543e-12 3.36781
-37.717 -1.65247e-12 3.30291
-37.3326 -1.65444e-12 3.23894
-36.9477 -1.62286e-12 3.17523
-36.5625 -1.6323e-12 3.11179
-36.1766 -1.59105e-12 3.04871
-35.7902 -1.6006e-12 2.98601
-35.4032 -1.57221e-12 2.92364
-35.0155 -1.54339e-12 2.86168
-34.6272 -1.52002e-12 2.80012
-34.2382 -1.50984e-12 2.73904
-33.847 -1.47785e-12 2.67874
-33.4529 -1.42141e-12 2.61937
-33.0571 -1.36971e-12 2.56069
-32.66 -1.31937e-12 2.50273
-32.2617 -1.24291e-12 2.44547
-31.862 -1.20282e-12 2.38924
-31.4607 -1.13809e-12 2.334
-31.0567 -1.08797e-12 2.28013
-30.6509 -1.02038e-12 2.22741
-30.2424 -9.74084e-13 2.17791
-29.8309 -9.40939e-13 2.13115
-29.4151 -9.0484e-13 2.08818
-28.9954 -8.79615e-13 2.04773
-28.5724 -8.31879e-13 2.01021
-28.1474 -8.87377e-13 1.97462
-27.7206 -7.43871e-13 1.93994
-27.2921 -6.91017e-13 1.906
-26.862 -6.33167e-13 1.8727
-26.4304 -5.73471e-13 1.84004
-25.9975 -5.16729e-13 1.80798
-25.5637 -4.44436e-13 1.77659
-25.1292 -3.73029e-13 1.74596
-24.6941 -3.06695e-13 1.71591
-24.2586 -2.28989e-13 1.68629
-23.8226 -1.57083e-13 1.65746
-23.3861 -8.06343e-14 1.62898
-22.9492 -5.13782e-15 1.60066
-22.512 6.09903e-14 1.57245
-22.0746 1.39512e-13 1.54437
-21.6368 2.0316e-13 1.51647
-21.199 2.76355e-13 1.4887
-20.7611 3.37404e-13 1.46103
-20.3231 4.02333e-13 1.43344
-19.8851 4.71102e-13 1.40597
-19.4471 5.30319e-13 1.37854
-19.0092 5.82338e-13 1.35116
-18.5713 6.38517e-13 1.32381
-18.1335 6.92962e-13 1.2965
-17.6958 7.38128e-13 1.26923
-17.2584 7.84649e-13 1.24201
-16.8214 8.2753e-13 1.2149
-16.3849 8.63792e-13 1.18789
-15.9491 8.99149e-13 1.16098
-15.5143 9.30119e-13 1.13427
-15.0803 9.62346e-13 1.10766
-14.6472 9.82077e-13 1.08113
-14.2148 1.00491e-12 1.05469
-13.7831 1.02223e-12 1.02831
-13.3523 1.0369e-12 1.00193
-12.9225 1.04283e-12 0.975687
-12.4932 1.04437e-12 0.949475
-12.0646 1.04387e-12 0.92336
-11.6365 1.03818e-12 0.897382
-11.2083 1.02968e-12 0.871493
-10.7797 1.02436e-12 0.845751
-10.3505 1.02653e-12 0.820168
-9.92089 1.03739e-12 0.7947
-9.4908 1.05764e-12 0.769528
-9.06076 1.07748e-12 0.744366
-8.63091 1.10118e-12 0.719188
-8.20118 1.12727e-12 0.693998
-7.77161 1.15792e-12 0.668801
-7.34237 1.19832e-12 0.643642
-6.91356 1.24307e-12 0.618539
-6.48533 1.29449e-12 0.593372
-6.05757 1.35016e-12 0.568205
-5.63022 1.40748e-12 0.542964
-5.20323 1.46456e-12 0.517688
-4.77658 1.5267e-12 0.492341
-4.35025 1.58969e-12 0.46689
-3.92431 1.64722e-12 0.441339
-3.49882 1.71052e-12 0.415744
-3.07395 1.77777e-12 0.390001
-2.64971 1.84213e-12 0.364108
-2.226 1.90739e-12 0.338163
-1.80273 1.97444e-12 0.3121
-1.37977 2.04025e-12 0.285993
-0.957185 2.10635e-12 0.259877
-0.535023 2.17012e-12 0.233837
-0.113239 2.23331e-12 0.207801
