-2.64203e-05 2.57117e-15 -0.0626005
0.552451 -3.76035e-16 -0.0323177
1.1041 1.34159e-14 0.00036527
1.65555 5.37791e-15 0.0478474
2.20408 3.25084e-15 0.107904
2.75333 -4.77255e-15 0.174405
3.30284 -3.26867e-15 0.244028
3.85287 3.17426e-15 0.31606
4.40308 -3.71029e-14 0.389324
4.95334 6.09514e-15 0.463337
5.50387 1.00334e-14 0.538025
6.05463 1.14685e-14 0.613287
6.60541 9.04872e-15 0.688705
7.15622 1.18563e-14 0.764104
7.7075 -2.03995e-14 0.839153
8.25883 5.87463e-15 0.911672
8.81019 2.1351e-14 0.97905
9.36154 -1.8971e-14 1.04268
9.91286 1.45238e-14 1.10408
10.4641 9.62134e-15 1.16318
9.91279 -8.43265e-15 1.08619
9.36146 1.21917e-14 1.00928
8.81013 1.08721e-14 0.932484
8.25881 1.62854e-14 0.855815
7.70751 -4.49092e-14 0.779318
7.15623 9.94152e-15 0.703007
6.60496 6.14132e-15 0.626877
6.05373 -2.40266e-14 0.551106
5.50253 -5.15003e-15 0.475785
4.95137 1.31038e-14 0.401144
4.40029 1.34999e-14 0.327572
3.8493 -1.024e-14 0.255705
3.29841 1.29536e-14 0.185944
2.74767 2.75905e-16 0.11965
2.1972 -1.2151e-14 0.0600887
1.64724 6.88655e-15 0.012163
1.09772 -1.53475e-14 -0.02876
0.549289 1.52401e-15 -0.0560523
-0.000292283 7.7948e-15 -0.0791938
-0.552935 5.4123e-15 -0.10003
-1.11028 8.66098e-16 -0.11147
-1.66927 -5.41847e-15 -0.120103
-2.2258 9.87306e-16 -0.126037
-2.78122 -4.73704e-15 -0.130723
-3.33571 -2.22349e-15 -0.134899
-3.88958 -2.10303e-15 -0.138753
-4.44336 -1.13859e-15 -0.142468
-4.9971 -1.23363e-15 -0.146042
-5.55079 -1.10703e-15 -0.149457
-6.10445 -1.27231e-15 -0.152732
-6.65807 -2.34765e-15 -0.155852
-7.21166 -5.14846e-15 -0.158762
-7.7652 -1.67585e-15 -0.161218
-8.31863 1.89483e-15 -0.16269
-8.87198 -3.97115e-16 -0.162968
-9.42534 -2.61379e-15 -0.162456
-9.97872 -4.21365e-16 -0.161337
-10.5321 7.40448e-16 -0.159671
-11.0856 2.06303e-15 -0.157447
-10.5321 1.7558e-15 -0.154921
-9.97853 1.52654e-15 -0.152349
-9.42497 3.23932e-15 -0.149733
-8.8714 -2.26901e-15 -0.147077
-8.31782 -2.27361e-15 -0.144372
-7.76423 1.16514e-15 -0.141774
-7.21063 -3.46953e-15 -0.139204
-6.657 5.61961e-15 -0.136573
-6.10335 1.9471e-15 -0.133926
-5.54966 9.60151e-16 -0.13121
-4.9959 1.48087e-15 -0.128191
-4.44206 1.74373e-15 -0.124844
-3.88807 4.97021e-16 -0.120845
-3.3339 2.96951e-15 -0.11611
-2.77942 7.23194e-15 -0.110337
-2.22446 1.80442e-14 -0.102987
-1.6691 -3.83105e-15 -0.0944531
-1.11296 7.4571e-15 -0.0834235
-0.555765 1.27786e-14 -0.0694425
-0.000729263 1.29797e-14 -0.053096
0.547621 2.15641e-15 -0.0294032
1.09676 -9.3517e-16 0.00574242
1.64651 -4.62279e-15 0.049664
2.19686 1.81296e-14 0.102523
2.74751 5.84655e-15 0.161657
3.29835 1.33741e-14 0.225742
3.8493 2.32452e-14 0.292884
4.40033 6.6696e-15 0.361404
4.95143 2.45345e-14 0.431084
5.5026 -2.49629e-14 0.502016
6.05382 -6.58633e-15 0.573482
6.60506 1.467e-14 0.647061
7.15633 5.21428e-15 0.72195
7.70763 -5.44699e-16 0.797142
8.25893 3.19182e-14 0.871905
8.81025 -4.36014e-15 0.945913
9.36158 -1.64219e-14 1.01855
9.9129 5.64379e-15 1.08888
10.4642 -2.13791e-15 1.15532
11.0154 1.21462e-15 1.21617
11.5666 -7.4364e-15 1.27241
12.1177 1.20815e-14 1.32576
12.6687 1.97302e-14 1.37732
13.2197 1.65644e-16 1.42723
13.7706 -6.87797e-15 1.47573
14.3215 1.67901e-14 1.52326
14.8723 -7.54226e-15 1.56974
15.423 2.12855e-14 1.61473
15.9736 1.99057e-14 1.65872
16.5243 -8.99484e-15 1.7024
17.0749 -4.37359e-15 1.74554
17.6254 1.09698e-14 1.78819
18.1758 6.58507e-15 1.83036
18.7261 -7.1082e-15 1.87262
19.2766 -2.17695e-14 1.91541
19.827 1.43221e-14 1.95877
20.3775 4.52998e-14 2.00255
20.928 5.84554e-16 2.04645
21.4783 -1.3416e-16 2.09031
20.927 9.68533e-15 2.01417
20.3757 3.45185e-14 1.93816
19.8244 -2.21839e-14 1.86234
19.2731 2.51822e-14 1.7868
18.7219 -2.20782e-14 1.7118
18.1706 9.50393e-15 1.63704
17.6193 4.86919e-15 1.56273
17.0681 4.93121e-14 1.4891
16.5168 -1.11664e-14 1.41574
15.9656 -1.35516e-14 1.34252
15.4144 4.95891e-15 1.27005
14.8632 6.18383e-15 1.19809
14.312 -1.52419e-14 1.12638
13.7608 -2.23596e-14 1.05516
13.2096 2.24005e-14 0.984796
12.6585 -9.87017e-15 0.914992
12.1073 -2.02052e-14 0.845698
11.5562 1.19012e-15 0.777028
11.0051 -3.31025e-16 0.709177
10.454 -5.7318e-14 0.642615
9.90297 3.04821e-14 0.577232
9.35193 1.34919e-14 0.513488
8.80093 -2.73247e-14 0.451996
8.24996 -1.3151e-14 0.393888
7.69909 -1.96995e-14 0.340727
7.14831 -4.69844e-15 0.292049
6.59757 7.93952e-16 0.246169
6.04688 2.10539e-14 0.20242
5.49625 -5.43883e-15 0.160757
4.94566 -1.00848e-14 0.120773
4.39511 5.89501e-15 0.0826935
3.84462 -2.02461e-15 0.0471409
3.29415 -5.09835e-15 0.0158439
2.74357 -3.068e-15 -0.0107218
2.1929 -2.89089e-15 -0.033026
1.64234 -5.24579e-16 -0.0520979
1.09209 1.24989e-14 -0.0677212
0.541956 4.49779e-16 -0.0807435
-0.00833955 -9.87304e-15 -0.0923998
-0.558666 -9.27254e-16 -0.102842
-1.11006 -5.40764e-16 -0.112287
-1.66145 -8.42664e-16 -0.121208
-2.2141 -6.8999e-16 -0.129424
-2.76811 -3.73734e-15 -0.136215
-3.32203 -1.80401e-15 -0.141587
-3.87571 -3.87352e-16 -0.146015
-4.42941 -2.05887e-15 -0.14936
-4.98318 -7.23466e-15 -0.151781
-5.53709 -2.23034e-15 -0.153379
-6.09116 1.22537e-15 -0.154247
-6.64552 -5.63623e-16 -0.154377
-7.20037 -1.96284e-15 -0.153734
-7.75549 -3.61751e-15 -0.152348
-8.31077 -1.9002e-16 -0.150547
-8.86604 -1.61124e-15 -0.148502
-9.4212 -2.86827e-15 -0.146204
-9.97572 4.22128e-15 -0.14417
-10.5293 1.04043e-16 -0.142904
-11.0829 -4.87162e-15 -0.141555
-11.6365 -5.39699e-15 -0.140037
-12.1903 3.67318e-15 -0.137935
-12.7441 7.16085e-16 -0.13519
-13.298 1.02985e-15 -0.131866
-13.852 -6.14786e-15 -0.127833
-14.4061 -5.39145e-15 -0.123074
-14.9602 9.66644e-16 -0.1175
-15.5143 -5.69836e-15 -0.110935
-16.0686 -3.49102e-16 -0.103356
-16.6228 -4.2862e-15 -0.0950222
-17.1771 -7.8235e-15 -0.086101
-17.7316 -4.35813e-15 -0.076737
-18.2863 -4.77967e-15 -0.0669051
-18.8411 3.72654e-15 -0.0567331
-19.396 -2.01926e-15 -0.0462055
-19.9508 1.25132e-14 -0.0354239
-20.5057 -5.92803e-15 -0.0243506
-21.0608 -2.66056e-17 -0.0131524
-21.6162 -6.86465e-15 -0.00186233
-22.1721 -2.04688e-15 0.00940617
-21.6186 -9.29732e-15 0.0129859
-21.065 5.76544e-15 0.0163675
-20.5114 -5.89054e-15 0.0195845
-19.9578 -2.89099e-16 0.0226732
-19.4042 -5.51413e-15 0.0256435
-18.8506 -4.78859e-15 0.0284394
-18.297 -9.20221e-15 0.0311477
-17.7434 -2.82701e-15 0.0337648
-17.1897 -5.83793e-15 0.0361835
-16.636 8.97841e-16 0.0386251
-16.0823 -7.90148e-17 0.0409818
-15.5285 3.04498e-15 0.0433585
-14.9747 -9.99921e-16 0.0457732
-14.4209 8.16617e-16 0.0482658
-13.8671 -1.73651e-15 0.0507775
-13.3132 -3.2377e-15 0.0533202
-12.7594 4.79437e-15 0.0558619
-12.2053 1.63235e-15 0.0583622
-11.6513 -2.89358e-15 0.0609475
-11.0972 -5.39878e-15 0.0635881
-10.5431 1.27106e-15 0.0660466
-9.98894 -3.26535e-15 0.0683104
-9.43476 -4.01716e-15 0.0703196
-8.88049 -3.84905e-15 0.0720604
-8.3261 2.36048e-15 0.0731713
-7.7716 -1.21492e-14 0.0739169
-7.21703 -3.49258e-15 0.0744203
-6.66244 9.40293e-15 0.0753832
-6.10782 4.47179e-15 0.0759977
-5.55317 4.34109e-15 0.0766476
-4.99817 9.24939e-15 0.0801753
-4.44311 -1.24511e-15 0.085183
-3.88812 -2.62737e-15 0.0927047
-3.33344 -5.87393e-15 0.108234
-2.77876 -2.04103e-15 0.127637
-2.22412 -5.01119e-15 0.150112
-1.6694 -1.31048e-14 0.173954
-1.11461 -8.81197e-15 0.198865
-0.559751 3.15757e-17 0.225335
-0.00484011 -1.6371e-14 0.253152
0.550334 -9.21901e-15 0.285305
1.10557 -7.49406e-15 0.320262
1.66084 -7.05665e-15 0.356216
2.21439 -5.07871e-15 0.393002
2.76746 1.34322e-15 0.434888
3.32 8.94641e-15 0.478692
3.87219 -8.29568e-15 0.523672
4.42427 -1.64646e-14 0.569199
4.97619 -7.74795e-15 0.615091
5.52802 -1.91009e-14 0.661347
6.07977 -7.56439e-15 0.707621
6.62977 -3.67014e-14 0.753185
7.17906 -5.44213e-15 0.798532
7.72764 -2.87256e-15 0.843958
8.27565 -2.22149e-14 0.88989
8.82354 -2.14442e-15 0.935749
9.3714 3.91602e-15 0.981243
9.91932 2.59332e-14 1.02632
10.4674 1.70059e-14 1.07079
11.0158 -8.4701e-15 1.11459
11.5654 -1.0203e-14 1.15934
12.1152 5.70878e-15 1.20359
12.6651 1.9115e-14 1.24721
13.2156 5.41644e-15 1.29332
13.7668 2.06569e-15 1.348
14.318 3.66848e-15 1.40378
14.8691 -6.88733e-16 1.46083
15.4202 3.94937e-15 1.51786
15.9713 -2.02258e-14 1.57418
16.5224 -3.23407e-14 1.62973
17.0735 2.36501e-14 1.68447
17.6245 1.24935e-14 1.73852
18.1755 5.8955e-15 1.79185
18.7265 -1.61923e-14 1.84453
19.2774 -3.59507e-14 1.89651
19.8283 -2.57865e-14 1.94784
20.379 -5.33163e-14 1.99855
20.9297 1.41155e-15 2.04855
21.4803 -2.01076e-14 2.09768
22.0308 -7.17616e-15 2.14614
22.5811 1.91398e-14 2.19397
23.1314 -2.45023e-14 2.24125
23.6816 -5.06349e-14 2.28808
24.2318 -2.90197e-14 2.33477
24.782 -2.82974e-14 2.38143
25.3322 -1.46251e-14 2.42812
25.8823 -2.01586e-14 2.4748
26.4324 4.48594e-14 2.52144
26.9823 2.26499e-14 2.56778
27.8068 3.11346e-14 2.63646
28.3561 4.4538e-14 2.68148
28.9051 -1.42894e-14 2.72606
29.4539 -6.00765e-15 2.7704
30.0034 -2.2922e-14 2.81167
30.5537 -6.44738e-15 2.85219
31.1039 1.06035e-14 2.89268
31.6539 -4.00516e-14 2.9325
32.2062 -3.36466e-14 2.96533
32.7569 9.53997e-15 3.00573
33.3071 -2.99391e-14 3.04366
33.8558 1.75271e-14 3.08511
34.4045 2.98129e-14 3.12714
34.9526 1.0168e-14 3.1688
35.4886 6.03071e-15 3.19854
36.0235 1.12041e-14 3.22722
36.5586 1.01208e-14 3.25597
37.0937 1.05413e-14 3.28473
37.6289 -4.12849e-14 3.31346
38.1645 7.72223e-14 3.34203
38.717 -1.65704e-13 3.36286
39.2688 -5.69444e-14 3.4216
39.803 -8.07577e-14 3.44821
40.3378 -5.30995e-15 3.47573
40.8726 5.37743e-13 3.50362
41.4074 -5.77216e-14 3.53145
41.9423 -2.23397e-14 3.55934
42.4774 -7.67275e-14 3.58751
43.0125 8.07272e-15 3.61594
43.5477 -3.88701e-14 3.64442
44.0829 -9.16269e-15 3.6729
43.5317 1.12742e-14 3.59751
42.9804 -1.53471e-14 3.5223
42.4291 -7.11026e-14 3.44739
41.8779 -3.39977e-14 3.3727
41.3266 -2.07557e-14 3.29836
40.7753 -6.47366e-14 3.22438
40.2241 -1.30826e-14 3.15051
39.6729 -1.07355e-14 3.0771
39.1216 -5.6133e-14 3.00403
38.5704 5.6515e-15 2.93136
38.0192 -5.30823e-14 2.85917
37.468 -6.11684e-14 2.78732
36.9168 -7.73281e-14 2.71615
36.3656 -7.28091e-14 2.64526
35.8144 -2.2417e-14 2.57516
35.2633 -3.7456e-14 2.50608
34.7121 -2.4766e-14 2.4378
34.1611 -3.55789e-14 2.37015
33.61 -4.838e-14 2.30335
33.059 -1.90505e-14 2.23736
32.508 -4.83189e-14 2.17174
31.957 -3.49148e-14 2.10687
31.4062 -2.07789e-14 2.04298
30.8554 -3.69005e-14 1.9798
30.3046 -1.20711e-14 1.91733
29.7538 -3.94288e-14 1.85546
29.2031 -6.87292e-14 1.79456
28.6523 -2.48002e-14 1.73459
28.1015 -2.50979e-14 1.67591
27.5508 -4.31343e-14 1.61873
27.0001 -4.00398e-14 1.56381
26.4496 -1.28829e-15 1.51194
25.8994 -4.86369e-14 1.46351
25.3493 -2.83869e-14 1.41811
24.7992 -5.22707e-14 1.37461
24.2491 -5.94719e-14 1.33286
23.699 -4.01588e-14 1.2925
23.1488 -4.31742e-14 1.25363
22.5987 -3.83389e-14 1.21598
22.0485 -3.79636e-14 1.17949
21.4982 -3.01185e-14 1.14405
20.9478 -3.20745e-14 1.10992
20.3974 -4.45037e-14 1.07704
19.8469 -1.89089e-14 1.04467
19.2964 -2.95111e-14 1.01259
18.7459 -3.33422e-14 0.980743
18.1954 -6.13908e-14 0.949003
17.6449 -4.71263e-14 0.917302
17.0944 -1.87522e-14 0.885607
16.544 -2.14709e-14 0.853951
15.9936 3.50558e-15 0.822347
15.4431 -1.48014e-14 0.790742
14.8927 -2.79783e-14 0.759097
14.3423 -3.17022e-14 0.727404
13.7919 -1.24251e-14 0.695648
13.2415 -2.14895e-14 0.663883
12.6911 -1.28686e-14 0.632139
12.1407 -2.32127e-14 0.600402
11.5903 -2.20444e-14 0.568685
11.0399 -3.37576e-14 0.536979
10.4895 -7.35137e-14 0.505253
9.93916 -2.76128e-14 0.473537
9.38881 -2.01547e-14 0.441958
8.83847 -2.74633e-14 0.410567
8.28814 -2.42604e-14 0.379324
7.7378 -2.22399e-14 0.348362
7.18743 -8.64011e-15 0.317738
6.63708 -1.86501e-14 0.287338
6.08674 -1.21041e-14 0.257191
5.53643 7.55574e-14 0.227193
4.98614 -1.55163e-14 0.197401
4.43589 -1.38331e-14 0.167908
3.88566 -5.02182e-15 0.138704
3.33548 -1.53296e-14 0.109795
2.78534 -1.98694e-14 0.0814325
2.23523 -1.54239e-14 0.0537287
1.6852 -1.45867e-14 0.0263263
1.13525 -1.67324e-14 -0.000679646
0.585381 -2.04933e-14 -0.0273105
0.0355775 -1.84381e-14 -0.0535083
-0.514132 -1.47412e-14 -0.079491
-1.06379 -1.12027e-14 -0.105344
-1.61291 -4.73488e-15 -0.123084
-2.1621 -3.73066e-15 -0.128723
-2.71324 -4.20432e-15 -0.131728
-3.26511 -2.85242e-15 -0.133656
-3.81781 -3.41052e-15 -0.134687
-4.37134 -3.52098e-15 -0.134844
-4.92545 -2.9685e-15 -0.134363
-5.47972 -3.16558e-15 -0.133202
-6.03431 -2.84699e-15 -0.131276
-6.58892 -2.40581e-15 -0.128826
-7.14345 -3.48601e-15 -0.125954
-7.69785 -3.62471e-15 -0.122633
-8.25209 -2.96652e-15 -0.118803
-8.80624 -4.25906e-15 -0.114335
-9.36015 -3.29492e-15 -0.109159
-9.9139 -3.83359e-15 -0.103359
-10.4676 -3.56156e-15 -0.0970637
-11.0211 -3.2687e-15 -0.0903308
-11.5746 -4.10352e-15 -0.0832895
-12.1279 -4.54137e-15 -0.0759206
-12.6812 -4.40632e-15 -0.0683327
-13.2344 -3.50378e-15 -0.0605124
-13.7875 -2.2752e-14 -0.0524878
-14.3405 -3.50374e-15 -0.0443048
-14.8934 -3.96834e-15 -0.0359993
-15.4461 -4.35123e-15 -0.0275089
-15.9988 -4.29253e-15 -0.0189161
-16.5513 -3.81264e-15 -0.0102013
-17.1037 -3.14224e-15 -0.00136092
-17.6559 -1.37646e-15 0.0075711
-18.2081 -2.87861e-15 0.0165825
-18.7602 -1.90131e-15 0.0257352
-19.3124 -3.2943e-15 0.034967
-19.8648 -3.63439e-15 0.0441711
-20.4177 4.56123e-15 0.0521906
-20.9718 -6.81851e-15 0.060088
-21.5272 -1.57983e-15 0.0671089
-22.0827 -5.10983e-15 0.0734217
-22.6393 -6.61474e-16 0.0798219
-23.1957 -4.37799e-15 0.0869135
-23.7539 -9.40347e-15 0.0941079
-24.3147 -5.91918e-15 0.101672
-24.8788 1.25257e-17 0.109136
-25.4457 -2.55792e-16 0.116293
-26.0145 2.03391e-15 0.123314
-26.5842 -1.26081e-14 0.130288
-27.1545 -5.95483e-15 0.137316
-27.7251 -5.24407e-16 0.144422
-28.2957 -1.40279e-15 0.15162
-28.8663 -2.41485e-15 0.158901
-29.4369 -9.22585e-15 0.166261
-30.2927 -2.29544e-15 0.17743
-30.8632 -2.82715e-15 0.184935
-31.4336 6.514e-16 0.192488
-32.004 -6.739e-16 0.200079
-32.5743 1.69812e-15 0.207685
-33.1446 -6.73289e-15 0.215319
-33.7147 2.7713e-15 0.222982
-34.2848 -4.72373e-15 0.230679
-34.8549 -4.74786e-15 0.238398
-35.4249 -9.49889e-15 0.246151
-35.9948 5.42341e-15 0.253928
-36.5647 3.49895e-15 0.261715
-37.1345 -1.25556e-14 0.269506
-37.7042 -3.29688e-15 0.277312
-38.2739 -7.99094e-15 0.28513
-38.8435 2.11581e-15 0.292958
-39.4118 6.17416e-15 0.299743
-39.969 -9.08751e-15 0.30385
-40.5307 -8.51277e-15 0.309908
-41.0968 -1.7264e-14 0.31482
-41.6485 -3.38356e-15 0.299273
-42.2013 -5.21602e-15 0.300873
-42.7648 6.30846e-15 0.301065
-43.3299 5.08312e-15 0.301961
-43.9005 2.86769e-15 0.3073
-44.4709 -1.06349e-15 0.312567
-45.0414 -1.02648e-14 0.318007
-45.6117 3.92336e-15 0.323465
-45.0585 -2.61453e-15 0.32797
-44.5053 6.53169e-15 0.332417
-43.9522 1.09386e-14 0.336865
-43.399 3.19115e-14 0.341326
-42.8458 2.16296e-15 0.345684
-42.2926 1.23599e-14 0.349824
-41.7394 -1.21142e-15 0.353841
-41.1863 2.61487e-15 0.357779
-40.6331 1.08424e-13 0.361401
-40.0796 1.13846e-14 0.365013
-39.526 -1.46028e-13 0.368684
-38.9723 -5.64048e-16 0.372384
-38.4187 5.32904e-15 0.376066
-37.865 7.21224e-15 0.379696
-37.3113 7.54993e-15 0.38331
-36.7576 6.6397e-15 0.386934
-36.2039 7.73102e-15 0.390549
-35.6502 8.56582e-15 0.394119
-35.0965 -5.56394e-15 0.397769
-34.5428 1.78454e-14 0.401474
-33.989 9.99041e-15 0.405193
-33.4353 7.65355e-15 0.408929
-32.8815 4.55809e-15 0.412518
-32.3278 9.67046e-15 0.41578
-31.774 5.55829e-15 0.418765
-31.2202 3.98026e-15 0.421609
-30.6664 6.40623e-15 0.424598
-30.1126 7.90103e-15 0.427776
-29.5589 1.08936e-14 0.433388
-29.0052 1.25682e-14 0.441009
-28.4515 9.8911e-15 0.450026
-27.8978 2.28487e-14 0.461269
-27.3441 3.4625e-16 0.473108
-26.7904 8.48618e-15 0.484663
-26.2368 1.1915e-14 0.49624
-25.6831 7.65665e-15 0.507903
-25.1293 5.07256e-15 0.519309
-24.5756 3.96009e-15 0.530506
-24.0218 1.23173e-14 0.541564
-23.4681 5.6475e-15 0.552659
-22.9143 -2.17659e-15 0.564114
-22.3605 4.8794e-15 0.576262
-21.8068 9.95518e-15 0.58931
-21.2531 6.92223e-15 0.602493
-20.6994 -1.30259e-15 0.615703
-20.1456 1.99209e-15 0.628939
-19.5919 5.23351e-16 0.642217
-19.0381 1.09211e-14 0.655546
-18.4843 8.68253e-15 0.668888
-17.9305 7.85535e-15 0.682227
-17.3767 7.88475e-15 0.695516
-16.8229 -2.63666e-16 0.708754
-16.2691 7.90445e-15 0.721928
-15.7152 1.76047e-15 0.735028
-15.1613 -3.53375e-15 0.748086
-14.6074 -5.70092e-15 0.761236
-14.0535 6.53543e-15 0.774603
-13.4995 -3.70014e-15 0.788457
-12.9455 -7.17484e-16 0.802903
-12.3915 -3.51888e-15 0.818652
-11.8374 -7.99529e-16 0.834863
-11.2833 -1.41888e-15 0.851349
-10.7292 1.83869e-15 0.868164
-10.1749 2.64799e-15 0.885422
-9.62052 -6.15542e-15 0.902859
-9.06603 1.49635e-15 0.920935
-8.51143 1.18782e-15 0.939772
-7.95672 -6.51524e-15 0.958851
-7.40194 -7.06772e-15 0.978526
-6.84708 -4.79507e-15 0.998539
-6.29223 -1.57338e-15 1.01876
-5.7375 -5.11284e-15 1.03943
-5.18301 -5.93877e-15 1.06029
-4.62886 -4.65941e-15 1.08123
-4.07497 -5.24254e-15 1.10229
-3.52125 -5.2926e-15 1.12335
-2.9677 -1.08788e-14 1.14453
-2.41431 -5.90214e-15 1.16575
-1.86106 -3.90305e-16 1.18702
-1.30791 -7.15078e-15 1.20856
-0.754847 -4.721e-15 1.23016
-0.201891 -1.30234e-14 1.2518
0.350958 -7.06349e-15 1.27345
0.903696 -4.96737e-15 1.29507
1.45626 -6.38283e-15 1.31667
2.00863 -8.62049e-15 1.33825
2.56081 -7.09869e-15 1.35991
3.11286 -3.13561e-15 1.38155
3.66486 -4.67023e-15 1.40314
4.21681 -4.89635e-15 1.4269
4.76874 -5.77622e-15 1.45621
5.32075 -8.16538e-16 1.48733
5.87288 -7.64449e-15 1.51909
6.42518 -8.69267e-15 1.5514
6.9777 -3.05312e-15 1.58486
7.53051 -2.24402e-15 1.6194
8.08361 -1.81467e-14 1.65358
8.63696 -1.33863e-14 1.68737
9.19056 -9.47846e-15 1.72084
9.74435 -6.67811e-15 1.75398
10.2983 -6.63587e-15 1.78678
10.8525 -1.0682e-14 1.81924
11.4068 -1.02646e-14 1.85137
11.9614 -6.00618e-15 1.88319
12.5161 -1.64158e-14 1.9147
13.071 1.21985e-13 1.94589
13.6262 -1.43777e-14 1.97677
14.1815 -3.82542e-15 2.00733
14.7371 -9.86276e-15 2.03759
15.2929 -1.46853e-14 2.06755
15.849 -1.44521e-14 2.09719
16.4052 -6.74439e-15 2.12653
16.9617 -1.25485e-14 2.15557
17.5185 -7.99608e-15 2.18431
18.0755 -9.29594e-15 2.21275
18.6327 -7.94094e-15 2.24091
19.1901 -1.13957e-14 2.26878
19.7478 -1.1456e-14 2.29637
20.3058 -1.4067e-14 2.32367
20.8639 -1.34593e-14 2.3507
21.4223 -3.22671e-15 2.37745
21.9808 -1.35028e-14 2.40393
22.5396 -2.68103e-14 2.43221
23.0984 -3.43077e-15 2.46646
23.6574 -1.51314e-14 2.5016
24.2168 -8.10961e-15 2.53678
25.0566 5.16487e-15 2.59264
25.6169 -2.52002e-14 2.63018
26.1776 2.25587e-14 2.66927
26.7386 -1.95028e-15 2.70797
27.2999 -3.26238e-14 2.7462
27.8614 -1.28829e-14 2.78525
28.4231 -1.43611e-15 2.82499
28.985 -3.85741e-14 2.86424
29.5472 -1.56113e-14 2.90302
30.1096 -2.24979e-14 2.94133
30.6724 -4.7704e-14 2.97914
31.2342 -5.39699e-16 3.01783
31.7956 -3.94099e-14 3.05678
32.3571 -3.24874e-14 3.09535
32.9188 -1.72185e-14 3.13374
33.4806 2.18492e-14 3.17248
34.0426 2.85488e-14 3.2109
34.6047 -3.55514e-15 3.24899
35.1669 2.74219e-14 3.28673
35.7286 -2.10068e-14 3.32438
36.2857 -5.89708e-16 3.36358
36.8427 -1.08541e-14 3.40246
37.3995 4.29e-14 3.44103
37.9562 -6.2293e-15 3.4793
38.5126 4.23514e-14 3.51727
39.0688 -2.9032e-14 3.55497
39.6247 -5.90512e-14 3.5924
40.1804 -1.97206e-14 3.6296
40.7359 -6.31917e-15 3.66658
41.2911 -4.8609e-14 3.70334
41.845 -5.65665e-15 3.74
42.3911 2.55137e-15 3.77771
42.9366 -2.19258e-14 3.81496
43.4814 2.37751e-14 3.85175
44.0254 -3.11188e-14 3.88805
44.5687 -6.36436e-14 3.92386
45.1113 -4.40799e-14 3.95917
45.6533 -3.00128e-14 3.99401
46.1946 2.78297e-14 4.02838
46.7353 1.57667e-14 4.06231
47.2754 -8.28118e-15 4.09586
47.8151 -1.01485e-13 4.12912
48.3546 -4.71215e-14 4.16192
48.8939 -1.95246e-14 4.19437
49.4328 -8.34392e-14 4.22659
49.9714 -7.22159e-15 4.25857
50.5098 -2.0494e-14 4.29035
51.0479 6.12933e-14 4.32195
51.5859 -3.77018e-14 4.35342
52.1237 -5.87205e-14 4.38475
52.6614 -6.03168e-15 4.41596
53.199 -5.05671e-14 4.44708
53.7365 -1.84383e-14 4.47812
54.2739 4.5548e-14 4.50909
54.8112 3.56152e-14 4.54002
54.259 -1.93828e-14 4.4647
53.7068 -1.40149e-14 4.38952
53.1546 -3.71218e-14 4.31457
52.6025 2.33439e-14 4.23996
52.0503 1.17926e-14 4.16578
51.4982 -1.79512e-14 4.09196
50.946 -2.08202e-14 4.01845
50.3939 -3.93311e-14 3.94549
49.8418 -7.32638e-14 3.87298
49.2897 -1.91903e-14 3.80092
48.7376 1.47758e-15 3.72952
48.1856 -5.02893e-14 3.65842
47.6335 6.44077e-15 3.58825
47.0811 7.57541e-15 3.51974
46.5285 3.12978e-15 3.45229
45.976 2.62188e-14 3.38547
45.4234 2.40448e-14 3.31902
44.8712 -3.7277e-14 3.25335
44.3189 1.6468e-14 3.18812
43.7667 4.34548e-15 3.12325
43.2148 3.86805e-14 3.05934
42.663 -2.92791e-14 2.99594
42.1111 -3.13664e-14 2.93302
41.5593 -1.07427e-14 2.87071
41.0075 -2.62709e-14 2.80906
40.4556 8.37976e-15 2.7481
39.9038 9.62714e-15 2.68773
39.352 -1.86845e-14 2.62819
38.8002 -5.83946e-16 2.56958
38.2484 -9.23471e-15 2.51192
37.6966 -1.53751e-14 2.45562
37.1449 -3.41644e-14 2.40084
36.5931 -2.42088e-14 2.34895
36.0413 9.4813e-15 2.30107
35.4896 -1.39536e-14 2.25609
34.9378 6.63746e-15 2.2155
34.3861 8.91551e-16 2.17739
33.8344 -2.76244e-15 2.14083
33.2827 3.68408e-15 2.10513
32.731 -1.01823e-14 2.07024
32.1793 -9.89264e-15 2.03588
31.6276 -7.78529e-15 2.00193
31.0759 -1.57577e-14 1.96826
30.5243 9.33181e-16 1.93483
29.9727 6.63091e-15 1.90161
29.421 -2.76728e-15 1.8692
28.8694 -9.13251e-15 1.83716
28.3178 -2.34825e-15 1.80526
27.7662 -8.1629e-15 1.77346
27.2146 1.87398e-15 1.7417
26.663 3.32042e-15 1.71004
26.1115 -1.02829e-14 1.67844
25.5599 -7.38329e-15 1.64687
25.0084 -6.97835e-15 1.61531
24.4569 -1.36701e-14 1.58376
23.9054 -7.22328e-15 1.55222
23.3539 9.48864e-15 1.52071
22.8024 -6.67465e-15 1.48921
22.2509 -9.27066e-15 1.45769
21.6994 8.71555e-15 1.42617
21.148 1.49385e-15 1.39461
20.5966 -8.37465e-15 1.36307
20.0452 5.21304e-15 1.33153
19.4938 -5.19657e-15 1.29999
18.9424 4.22489e-15 1.26848
18.391 -1.35077e-14 1.23702
17.8397 -5.37551e-15 1.20561
17.2883 -2.75951e-15 1.17435
16.737 4.85878e-16 1.14331
16.1857 -5.14987e-15 1.11245
15.6344 5.11501e-15 1.08167
15.0831 -4.24892e-15 1.05102
14.5318 -2.20878e-15 1.02037
13.9806 -2.7783e-15 0.989889
13.4293 -2.18574e-15 0.959487
12.8781 -8.35089e-15 0.929163
12.3269 -6.93622e-15 0.898894
11.7758 -1.98252e-15 0.868805
11.2246 -2.14033e-15 0.838783
10.6735 -1.67455e-15 0.808846
10.1224 -5.56893e-15 0.778963
9.57139 -6.313e-15 0.749165
9.02038 -1.70944e-15 0.719365
8.4694 6.17155e-16 0.689649
7.91847 -2.81623e-15 0.660052
7.36758 -3.51464e-15 0.630535
6.81673 -2.5468e-15 0.60103
6.26594 -2.62863e-15 0.571557
5.71518 1.28264e-15 0.54213
5.16445 -4.08934e-15 0.512763
4.61374 -2.38328e-15 0.483489
4.06304 -2.48925e-15 0.454269
3.51233 -1.94757e-15 0.425097
2.96159 -3.88495e-15 0.395991
2.41075 -3.5317e-15 0.366974
1.8598 -5.01852e-15 0.337952
1.30869 -4.80987e-16 0.308976
0.757368 -4.10926e-15 0.280042
0.205837 -5.56708e-15 0.251221
-0.345884 -4.42176e-15 0.222348
-0.897757 -3.52782e-15 0.193484
-1.4498 -4.94233e-15 0.164734
-2.002 -5.39292e-15 0.136079
-2.5544 -1.96981e-15 0.107667
-3.10706 -5.35898e-15 0.0795105
-3.66008 -5.48319e-15 0.0516852
-4.21341 -6.94685e-15 0.0244271
-4.76698 -3.5271e-15 -0.00192037
-5.32066 -7.39453e-15 -0.027872
-5.87446 -4.72739e-15 -0.0535255
-6.42906 -4.52046e-14 -0.0695187
-6.98462 -6.04295e-15 -0.076077
-7.54045 -7.05597e-15 -0.0805124
-8.09662 -4.80145e-15 -0.0818073
-8.65301 -4.64601e-15 -0.0809087
-9.20944 -5.20076e-15 -0.0790658
-9.76588 -4.28323e-15 -0.0761551
-10.3223 -3.48901e-15 -0.0725407
-10.8787 -3.32191e-15 -0.0684184
-11.4352 -2.22535e-15 -0.0638829
-11.9918 -5.83595e-14 -0.0590516
-12.5486 -3.35388e-15 -0.0539835
-13.1055 -2.86158e-15 -0.0486987
-13.6625 -2.3165e-15 -0.0431914
-14.2198 -3.02331e-15 -0.0374602
-14.7772 -2.55615e-15 -0.0315767
-15.3349 -3.29098e-15 -0.0255448
-15.8927 -1.94303e-15 -0.0193966
-16.4508 -1.88866e-15 -0.0130929
-17.0091 -2.24859e-15 -0.00666281
-17.5677 -2.62619e-15 -0.000149215
-18.1266 8.30966e-14 0.00647838
-18.6856 -3.00742e-15 0.0131955
-19.245 -1.80291e-15 0.0199687
-20.0846 2.91504e-14 0.0301945
-20.6446 -1.74648e-15 0.0370398
-21.205 -2.56345e-15 0.0439171
-21.7657 -1.49559e-15 0.0508083
-22.3266 -2.94742e-15 0.0577142
-22.8879 -2.00477e-15 0.0646229
-23.4494 -1.28079e-15 0.0715522
-24.0113 -2.09473e-15 0.0784961
-24.5734 -1.88226e-15 0.0854353
-25.1358 -1.35074e-15 0.0923682
-25.6986 -1.4415e-15 0.099292
-26.2616 -1.78475e-15 0.106214
-26.8249 -2.47772e-15 0.113116
-27.3885 -1.98002e-15 0.120003
-27.9523 -1.92377e-15 0.126883
-28.5164 -1.72294e-15 0.133746
-29.0807 -2.12334e-15 0.140561
-29.6452 -1.51566e-15 0.147363
-30.2093 -4.84123e-16 0.153651
-30.7728 -2.25718e-15 0.15943
-31.3366 -1.86444e-15 0.16479
-31.9 -1.10176e-14 0.16976
-32.4636 -6.17306e-15 0.174789
-33.0267 1.64763e-15 0.179924
-33.5895 -2.51413e-15 0.18515
-34.1525 -5.45079e-15 0.190442
-34.7156 -7.85504e-16 0.195794
-35.2786 3.26612e-15 0.201321
-35.8413 -2.86136e-15 0.207099
-36.4041 3.29793e-15 0.212937
-36.9672 9.40143e-16 0.218837
-37.5303 -1.83126e-15 0.224783
-38.0937 2.20125e-15 0.230776
-38.6571 -4.70141e-16 0.236815
-39.2208 -4.18086e-15 0.242898
-39.7845 -4.90766e-15 0.249021
-40.3484 1.40309e-15 0.255304
-40.9125 -2.24671e-15 0.261792
-41.4767 -3.90536e-16 0.268309
-42.041 2.11074e-15 0.274854
-42.6054 -9.91635e-15 0.281432
-43.17 -5.46122e-15 0.28804
-43.7346 -4.47329e-15 0.294679
-44.2994 -1.16287e-14 0.301351
-44.8642 1.82812e-15 0.308054
-45.4291 3.56394e-15 0.314787
-45.9941 2.44009e-17 0.321549
-46.5589 -7.57006e-16 0.328112
-47.1236 -1.40567e-14 0.334575
-47.6884 8.41927e-15 0.341024
-48.2532 1.88167e-15 0.347228
-48.818 1.61327e-15 0.353396
-49.3828 -5.93297e-15 0.359566
-49.9476 -1.24638e-14 0.365737
-50.5125 -5.97974e-15 0.371907
-51.0773 -8.25182e-15 0.378058
-51.6422 -9.90549e-15 0.384192
-52.207 3.26782e-15 0.390313
-52.7719 -1.2015e-14 0.3964
-53.3368 -5.79379e-16 0.40245
-53.9022 1.88189e-15 0.408355
-54.4677 -3.28195e-14 0.413986
-55.0331 7.20742e-15 0.418929
-55.5846 -1.9738e-14 0.382898
-56.1372 4.15436e-15 0.382079
-56.6896 -5.4891e-15 0.384382
-57.2419 -7.20376e-15 0.390584
-56.6887 -7.23806e-15 0.395466
-56.1355 -6.65868e-15 0.400314
-55.582 -1.36722e-16 0.405102
-55.0285 -1.3155e-14 0.409911
-54.475 -4.06217e-16 0.414659
-53.9215 -1.16444e-14 0.419558
-53.3681 -2.90715e-15 0.424187
-52.8146 -1.34659e-14 0.42847
-52.2611 7.96636e-15 0.432548
-51.7076 7.08537e-16 0.436411
-51.154 -9.43937e-15 0.440133
-50.6003 1.06967e-15 0.443795
-50.0465 -4.79782e-15 0.447447
-49.4928 2.828e-15 0.451155
-48.9391 -9.53881e-15 0.454927
-48.3853 7.03466e-16 0.458698
-47.8315 -4.06914e-16 0.462475
-47.2778 -7.15037e-15 0.466245
-46.724 -7.06573e-15 0.470082
-46.1702 -8.69808e-16 0.473889
-45.6164 -2.82295e-16 0.477496
-45.0627 -4.21868e-15 0.480751
-44.5089 -3.27588e-15 0.483821
-43.9551 -9.7302e-16 0.486859
-43.4012 -5.64464e-15 0.489865
-42.8474 -2.99246e-15 0.493194
-42.2936 -1.6918e-15 0.496673
-41.7398 -4.77984e-16 0.499953
-41.1859 -5.72582e-15 0.503467
-40.6321 -4.55673e-15 0.509211
-40.0784 3.63228e-15 0.516306
-39.5247 -3.31697e-15 0.525288
-38.9709 9.577e-15 0.534468
-38.4172 -3.41661e-16 0.544873
-37.8634 1.2273e-13 0.55627
-37.3097 -2.35249e-15 0.567398
-36.7559 -5.45988e-15 0.578212
-36.2021 -6.98123e-15 0.588697
-35.6483 -7.52464e-15 0.598878
-35.0945 4.877e-15 0.60888
-34.5406 -4.73084e-15 0.618953
-33.9868 -4.66871e-15 0.62931
-33.4329 3.68569e-15 0.63991
-32.879 -2.40651e-15 0.650575
-32.3252 1.50423e-15 0.662164
-31.7714 -5.19964e-15 0.673928
-31.2175 -1.14066e-14 0.685547
-30.6637 3.85629e-16 0.697057
-30.1098 -1.46044e-14 0.708529
-29.5559 -3.66757e-16 0.719912
-29.002 -9.51938e-15 0.731313
-28.4481 2.59721e-15 0.742706
-27.8942 4.15981e-15 0.75408
-27.3402 -1.04118e-14 0.765489
-26.7863 -6.82298e-15 0.776865
-26.2323 1.50222e-15 0.788197
-25.6782 -1.71668e-15 0.799514
-25.1242 -1.11119e-14 0.8108
-24.5701 -3.97227e-15 0.822095
-24.0159 -1.07421e-14 0.833419
-23.4617 -1.78252e-14 0.845042
-22.9074 -8.19996e-15 0.857039
-22.3531 -8.46815e-15 0.869433
-21.7986 -8.36142e-15 0.882761
-21.2441 -1.74398e-14 0.896712
-20.6895 2.40579e-15 0.911213
-20.1349 -4.75624e-15 0.926164
-19.5801 -6.56947e-15 0.941541
-19.0251 -7.64637e-15 0.957175
-18.4701 -4.67957e-15 0.973536
-17.9151 1.62508e-15 0.990103
-17.3599 -7.70276e-15 1.00712
-16.8048 -1.66992e-14 1.02476
-16.2498 -1.56358e-14 1.04256
-15.695 -1.0783e-14 1.06053
-15.1406 -1.26507e-14 1.07872
-14.5864 -1.45003e-14 1.09697
-14.0324 -2.14361e-14 1.11532
-13.4786 -1.79987e-14 1.1337
-12.925 -1.86212e-14 1.15206
-12.3714 -2.36444e-14 1.17044
-11.818 -2.49122e-14 1.18881
-11.2646 -3.2043e-14 1.2073
-10.7112 -3.27048e-14 1.22583
-10.1578 -3.65278e-14 1.24434
-9.60438 -4.25437e-14 1.26283
-9.05101 -4.51107e-14 1.28128
-8.49766 -5.08853e-14 1.29981
-7.94433 -5.29203e-14 1.31833
-7.39101 -5.76587e-14 1.33682
-6.83772 -5.68402e-14 1.35527
-6.28446 -5.92567e-14 1.37372
-5.73125 -6.29511e-14 1.39218
-5.17811 -6.36416e-14 1.41068
-4.62502 -5.70072e-14 1.42921
-4.072 -6.0793e-14 1.44775
-3.51903 -5.25003e-14 1.46631
-2.96615 -5.7581e-14 1.48495
-2.41341 -5.39147e-14 1.50377
-1.86076 -5.20553e-14 1.52269
